datasets/global_precipitation_1950_2017/rasters/precip_1953-total.asc
NCOLS 720 
NROWS 347 
XLLCORNER -180 
YLLCORNER -90 
CELLSIZE 0.5 
NODATA_value -9999 
[rows 102 to 135 of 347, columns 456 to 531 of 720]
262.2 273.1 327.9 359.5 317.6 283.1 210.1 186 308.6 616.5 516.9 262 176.7 203.6 215.5 217.3 221 229.1 240.8 242.2 239.3 236.8 230.4 220.9 201.1 175.4 156.1 155.8 153.6 142.2 142.2 143.1 148 153.4 152.2 146.1 183.7 239.1 217.5 179 162.8 195 224.4 224.9 220 225.3 244.7 277.3 312 396.9 418.7 509.1 688.1 877.4 908 1297.3 2896.1 2323.2 2400.2 1983.8 987.3 693.5 323.2 204.8 305.3 415.3 458.1 485.9 434.1 364.9 288.7 264.9 288 299.7 281.7 302
236.6 249.4 380.4 375.5 347.5 288.2 224.2 207.6 236.9 286.8 285.6 201 157.3 209.9 213.6 213 218.7 230.9 241.5 243.8 242.4 233.7 220.5 194.7 166.3 136 109.1 97.9 93.9 92.2 100.6 101 87.2 131.5 129.9 129.6 164.4 212.8 217.1 197.2 189.8 211 227.3 228.9 223.4 231.6 187.6 245.6 338.4 394.1 345.9 499.7 623.4 541.8 664.2 873.4 1656.7 1622.7 1067 2365.6 751.5 648.7 648 764.7 726 659.4 473.3 318.9 346.3 299.2 300.6 337.3 359.5 288.7 332.9 401
175.7 175 249.9 299.6 325 333.6 294.8 194.1 184.6 194.9 224.3 201.4 192.8 198.2 204.6 210.2 221.1 235.6 242.1 245.3 243.8 234.1 203.8 169.2 139 112.1 85.9 62.4 53.6 57.1 73.5 82.3 70.5 98.6 134.2 139.3 159.8 177.4 185.1 181.5 184.1 203.7 226.8 232.7 219.3 201.4 200.2 222 245 287.8 306.9 392.7 565.2 601.1 626.5 662.5 726 1296.1 1125.5 720.2 661.5 639 1508.1 1819.6 1746.3 1189.7 384.8 270.8 433.2 523.2 481.1 455.4 345.2 390.6 567.1 732
163.3 170.2 210.2 240.5 334.8 353.4 345.6 278.1 256.7 259.4 263.9 235.6 210.2 191.8 197.4 198.1 212.7 240.8 249.3 247.5 243.3 227.4 193.7 151.1 123.7 103.8 84.3 61.4 48.1 44.4 50.9 74.8 86.6 105.1 134.4 154.7 170 177.7 175.4 171.6 169.1 176.3 217.7 244.6 219 195.1 203.4 219.1 240 285.1 286.5 235.3 348.9 590.2 495 499.3 567.7 863.9 1482.1 1356.6 1753.3 1709.6 1698.8 1916.5 1651.4 934.7 328.6 405.8 622.1 877.4 893.5 632.3 472.7 859.4 1264 1495.4
133.2 158.3 197.8 274.9 331.5 355.7 350.2 350.6 366.9 362.8 355.1 357.6 288.2 210.1 206.4 195.5 207 242.2 259 250.4 241.2 227.5 189.7 146.3 117.4 94.9 73.7 57.3 45.4 37.9 40.7 58.2 68.7 73.3 96.8 131 151.5 164.7 170.4 206.8 195.8 174.2 245.6 302.8 248.2 178.4 218.7 210 199.7 262.9 240.5 182.2 236.6 295 334 535 764 938.5 1278.3 1514.4 1939.2 973.4 1242.6 1243.9 1978.6 1323.9 347.7 533.9 807.4 939.8 1002.2 826.2 1064.9 1823 2002.9 2111.9
158.5 -9999 -9999 -9999 -9999 301.4 310 349.3 405.8 431 392.3 362.1 320 254.5 227.5 224.9 239.6 250.9 252.8 247.2 236.2 218.1 181.4 143 113 92.9 70.1 51.3 41.2 34.6 38.1 50.1 58.3 64.6 75 95.4 114.8 127.8 141.6 153.1 168.4 195.5 270.5 351.8 250.1 168.1 166.4 152.8 139.7 205.9 249.4 182.3 167.1 354.5 410.6 435.8 613.6 643.2 807.9 900.5 1043.1 1701.2 1291.7 1527.1 1786.4 1687.4 1179.3 773.7 843.1 1000.3 984.9 754.4 652.1 1681.2 1987.8 2067.4
-9999 -9999 -9999 -9999 -9999 261.6 273.9 319.9 363.1 378 370.6 354.4 304.2 267 239.6 228 258.3 280.4 251.8 237.6 226.3 209.7 175.9 137.1 106 82.8 56.2 42.4 39.2 33.5 36 46.6 53.6 61.7 74 108.1 147.3 165.3 133.3 108 113.6 159.2 245.7 246.9 203.5 153.4 106.9 96.9 129 202.8 228.4 141.9 169.4 262.6 331.4 345.6 588.9 636.2 565.2 782 919.5 860.7 1582.3 1802.2 1270.5 1269 1183.1 698.3 703.6 1090.8 1002.7 669.1 733.8 1341.2 1733 1776.8
153.7 -9999 -9999 -9999 -9999 -9999 239.5 279.9 289.2 298.3 298.7 294.4 274.5 260.5 243.7 235.5 245.9 253 236.5 224.3 210.4 192.7 162.3 129.1 101.4 82.4 61.4 47.2 41.3 31.7 33.6 45.9 54.4 55.2 79.5 142.4 191.9 199.1 130.1 120.9 125.1 197.5 178 141.3 113 169.3 111.2 108.7 146.1 212.7 239 289.3 308.7 281.7 251.6 328.7 565.8 660.5 486.2 704.6 791.4 823.4 987.7 1084.4 1333.6 1494.6 1528.3 1509.2 1719.2 1867 1261.7 419.1 1399 1475 1051 823
106.1 -9999 -9999 -9999 -9999 -9999 -9999 253.1 263.9 264.8 241.3 235.8 245.7 241.4 231.1 226.8 235.6 236.2 226.9 209.9 194 175.1 150.8 122.4 103.1 100 116.8 77.5 56.3 44.3 43 51.3 56.5 64.5 110.5 189.7 246.8 273.3 193 162.6 228.1 259.5 143.1 109.7 98 134.8 145.5 161.5 211.8 228.2 224.4 265.6 316.3 369.5 329.7 262.3 426.9 552.9 582.9 558.2 582.5 768.8 928.2 1017.2 1580.5 1239.2 1262.1 1358.6 1521.3 1674.7 1795.7 1951.9 2414 1953.3 1064.9 854
111.8 83.8 -9999 -9999 -9999 -9999 -9999 -9999 225.3 223.2 223 218.7 217.4 216 210.7 211.1 219.7 225.3 216 196.2 175.4 152.4 131.6 115.3 103.5 95.2 94.3 87 79.2 66.6 63.4 70.3 77.1 79.5 126.6 188.5 216.4 295.3 243.1 163.2 141.7 97.6 106.6 137.3 179.1 207.3 237.7 239 245.3 245.5 216.8 296.3 367.1 424.8 452 487.7 412.1 583.1 547 492.2 471.6 455.6 876.9 1220.1 1101.8 993.5 1076.9 1194 1838.9 1689.2 1750.3 1826.1 2331.3 2055.2 1402.3 1796.4
93.8 79.4 80.4 -9999 -9999 -9999 -9999 -9999 -9999 -9999 195.8 199.3 199.7 196.1 186 182.9 201.6 203.7 191.6 171.3 150.4 132.8 114.8 108.3 104.3 91.7 90.7 94.9 92.5 85.5 80 73.5 78.7 77.4 112.5 157 155.1 172.1 181.7 126.7 108.3 124.9 142.3 183.9 247.2 300.5 319.5 286.9 277.1 288.9 334.2 362.5 415 460.7 545.1 547.3 453 468.1 478.3 299.9 502.1 627.3 644.9 1016.2 1281.6 1052.4 1132.2 1420.7 1559.9 1651.3 1448.4 1362.8 1893.2 1648.4 2009.4 2193.7
78.5 74.7 74.6 76.1 -9999 -9999 -9999 -9999 -9999 -9999 -9999 193.3 181.5 174.4 -9999 135.4 -9999 -9999 151.4 134.4 126.6 120.2 105 100.9 101 98.7 100.8 111.3 111.6 103.3 88.4 60.9 41.9 64.9 105.7 153 170.3 177.2 152.5 122.7 124.5 158.2 178 210.9 284.4 342.1 355.6 321.8 307.4 336.5 360.9 331.3 373.2 447.5 536.8 453.2 397.6 504.7 551.8 485.7 481.1 736.4 935.5 1072.9 1160.9 1033.4 1260.8 1617.3 1617.7 1652.2 1390.9 1727.1 1629.4 1593.5 1746.6 1578.7
87.1 80.1 74.3 72.8 -9999 -9999 -9999 -9999 -9999 -9999 -9999 -9999 -9999 -9999 -9999 -9999 -9999 -9999 112.9 112.3 114.7 110.7 102.7 94.9 97.3 102.6 111.1 132.2 137.5 120.7 112.6 88.7 73.3 82.3 127.7 179.4 208.4 205.3 181.1 181.3 226.2 224.3 227.9 254.1 301.3 338.8 359.2 309.6 348 373.4 411.9 300.6 434.1 410.4 596.5 734.8 579 548.2 566.9 529.9 816 599.9 986.5 859.2 933.5 1185.2 1322.6 1237.4 1577.9 1446.4 1575.9 1574.9 1783.4 1818 1257.9 1460.1
107.1 86.2 76.6 74.1 -9999 -9999 78.6 -9999 -9999 -9999 -9999 -9999 -9999 -9999 -9999 -9999 101.9 -9999 -9999 87.9 101.3 101.1 94 91.8 95.5 104.7 114.5 125 122.2 111.1 109.9 101.9 99.2 108 138.2 178.4 205.4 202.2 217.6 219.4 230.1 213.8 245.9 253.8 273.8 297.3 323.6 276.7 231 363.6 766.8 410.6 458.7 630.5 573.4 574.1 509.4 561.7 454.8 551.9 565.9 447 841.4 748.6 987.1 1242.2 1406.4 1205.4 1236.1 1321.5 1406.9 1528.7 1410.5 1309.4 1349.8 1151.3
113.3 93 80 76.2 75.3 -9999 79.6 -9999 -9999 -9999 -9999 -9999 -9999 -9999 -9999 113.5 156.4 -9999 -9999 -9999 -9999 -9999 -9999 -9999 -9999 -9999 119.5 129 96.7 -9999 89.3 -9999 -9999 -9999 -9999 -9999 -9999 232 253.3 240 226.7 238.8 260.4 237.9 274.6 256.7 277.9 312.5 383.2 445.6 429.6 453.4 498.4 661.1 630.9 458.8 467 571.6 537.5 531.1 545.6 761.2 700.9 638.3 984.2 1140 1067.3 1044.7 994.6 1073.2 1254.6 1194.3 1369 1427.5 955.9 1591.1
106.1 96.6 84.1 79.1 76.5 76 74.5 -9999 -9999 -9999 -9999 -9999 -9999 85.8 90.5 127.6 123 -9999 -9999 -9999 -9999 -9999 -9999 -9999 -9999 -9999 -9999 -9999 -9999 -9999 -9999 -9999 -9999 -9999 -9999 -9999 -9999 -9999 -9999 258.5 251 250.6 276.5 302.1 320.5 300.4 364.3 378.7 626 1230.1 799.4 710.8 706.7 629.3 613.1 573.5 527.3 531.1 718.9 879.1 716 727.6 652.3 591.9 889.7 996.9 983.1 911.9 972.6 1052.5 1085.7 1232.8 1225.3 1192.2 1250.3 938.3
105.1 95 86.6 81.1 77.6 74.4 71.5 71.2 -9999 -9999 -9999 -9999 -9999 109.9 100.5 118.4 97 63.7 -9999 -9999 -9999 -9999 -9999 -9999 -9999 -9999 -9999 -9999 -9999 -9999 -9999 -9999 -9999 -9999 -9999 -9999 -9999 -9999 -9999 293.3 301.7 307.9 338.9 387.4 450.3 387.7 412.8 456.5 547.4 906.4 1040.3 712.7 723.7 751.8 739.2 701.8 598.3 711.4 798.8 936.4 924.4 792.8 1037.5 776.8 932.3 1071.3 1198.9 1205.3 1194.7 1007.6 933.9 1307.6 1372.4 1370 1370.2 1473.6
102.4 94.8 87.6 81.9 78 74.1 70.2 70.3 76.6 96 131.9 147.4 136.7 123.5 108.4 99.8 81.4 93.9 104 80.4 -9999 -9999 -9999 -9999 -9999 -9999 -9999 -9999 -9999 -9999 -9999 -9999 -9999 -9999 -9999 -9999 -9999 -9999 -9999 -9999 392.6 422.6 497.7 486.5 546.8 434.2 509.7 538.9 697.4 875.3 1078.5 935.7 869 808.1 766.5 774.9 797.2 862.3 798.8 962.8 886.3 899.7 871.7 862.1 1064.3 1291.7 1319.2 1198 1311.1 1178.8 1119.2 1226.4 1497.9 1616.1 1572.3 1776.2
100.3 94.7 87.6 82.6 78.4 73.8 70.9 70.9 79.5 101 129.7 145.8 135.7 127.3 108.6 103.7 127.7 146.7 157 149.2 76.2 63 -9999 -9999 -9999 -9999 -9999 -9999 -9999 -9999 -9999 -9999 -9999 -9999 -9999 -9999 -9999 -9999 -9999 -9999 -9999 503.5 554.5 543.9 609.7 552 672.6 730.6 967.3 940.5 1162.3 814.4 824.1 762.9 570.8 1083 1047.4 912.3 903.1 1099 956.6 1049.4 1005.8 965.6 1399.2 1256.8 1152.5 1303.8 1310.9 1262.6 1259.4 1206.2 1201.4 1622.1 1578.6 1448.7
100 94 87 82.1 76.5 72.9 70.6 71.2 82.7 103.2 131.9 143.9 135 126.7 112.4 148.6 168.2 170.8 180.3 164.5 109 85.8 76.7 -9999 -9999 -9999 -9999 -9999 -9999 -9999 -9999 -9999 -9999 -9999 -9999 -9999 -9999 -9999 -9999 -9999 -9999 -9999 -9999 -9999 -9999 743.1 743.1 680.9 1028.2 1056.9 801.8 880.1 593.6 556.9 698.2 787 1070.5 1073.2 918.3 1219.5 1282.1 1410.1 1263.6 1094.5 1192.3 1221.7 1306.3 1499.4 1321.9 1423.5 1538.6 1708.6 1659.2 1607.3 1450.4 1750.7
102.5 94.3 88.1 82.1 76.5 72 71.6 73.9 88.4 109.8 137.5 142.1 134.2 125.7 147.8 178.8 187.7 186.1 155.8 127.3 105.3 100.4 107.5 181.7 -9999 -9999 -9999 -9999 -9999 -9999 -9999 -9999 -9999 -9999 -9999 -9999 -9999 -9999 -9999 -9999 -9999 -9999 461 680.6 920.2 1132.1 916.7 713.2 525.9 859.8 1011.8 1130.5 755.1 599.3 685.6 946.8 786.3 915.7 1183.6 1283.9 1556 1516.8 1045.6 1204 1307.5 1352.9 1115.1 1164.2 1362.2 1698.8 1417.9 1668.6 1643.6 1639.4 1501.9 1461.1
104.4 97.4 91.2 84.6 77 73.2 73.6 77.9 91.6 117.6 139.3 141.4 132.6 138.3 173.3 189.6 170.9 141.4 108.9 91.9 86.9 92.6 136.5 -9999 -9999 -9999 -9999 -9999 -9999 -9999 -9999 -9999 -9999 -9999 -9999 -9999 -9999 -9999 -9999 -9999 -9999 -9999 -9999 802.4 1190.9 1094.6 812.1 740.2 -9999 1051.1 1259.5 1039 729 674.3 603.2 582.2 779.8 1276.9 1404.1 1041.1 869.7 927.5 1040.5 1364.9 1311.2 1105.2 893.3 1150.8 1147 1372.5 1584.1 1670.9 1425.8 1423.5 1534.8 1535.3
107.4 101.5 95.8 89.5 80.7 74.2 74.2 81.1 93.9 120.8 139.8 138.1 136 159.6 168.5 140.9 105.6 83.9 73.1 66.8 58.7 54.6 -9999 -9999 -9999 -9999 -9999 -9999 -9999 -9999 -9999 -9999 -9999 -9999 -9999 -9999 -9999 -9999 -9999 -9999 -9999 -9999 -9999 -9999 1086.9 1026.2 754.6 764.8 -9999 1600.3 2191.7 1248.4 673.7 530.1 794.7 607.9 668.2 811 835.9 803.1 856.1 884.8 1078.6 1010.7 1245.7 1082.4 1188.4 1263.9 1269 1298.8 1468.3 1445.5 1388.4 1341 1482 1322.9
112.3 108.9 103.2 92 81.8 73.3 73.2 76.3 83.2 90.1 93.1 93.5 101.9 116.5 108.8 80.6 61.8 54 53.5 51.8 38.5 -9999 -9999 -9999 -9999 -9999 -9999 -9999 -9999 -9999 -9999 -9999 -9999 -9999 -9999 -9999 -9999 -9999 -9999 -9999 -9999 -9999 -9999 -9999 -9999 805.4 -9999 -9999 -9999 -9999 2309 1710.6 567.9 633.4 701.7 867.7 818.9 809 663.9 827.5 937.2 1204.7 1382.7 1337.6 1470.2 1524.9 1140.3 1307.8 1370.5 1367.2 1393.3 1473 1385.7 1316.5 1251.9 1265.1
113.8 111.9 107.4 98.3 87.3 78.8 78 78.6 78.4 78.9 78.4 78.5 78.7 78 69.8 46.9 35.9 35.2 42 49.3 -9999 -9999 -9999 -9999 -9999 -9999 -9999 -9999 -9999 -9999 -9999 -9999 -9999 -9999 -9999 -9999 -9999 -9999 -9999 -9999 -9999 -9999 -9999 -9999 -9999 -9999 -9999 -9999 -9999 2034.2 2353.8 1037.2 754 585.5 811.4 823.4 936 987.5 1076.4 967.3 1008.3 1128.9 1415.7 1579.7 2034.8 1668.8 1344.5 1333.9 1529.9 1301 1392.7 1615.4 1442 1359.1 1335.2 1434
112.9 108.5 102.3 94.5 87.2 82 80.2 79.9 77.7 75.2 75.2 75.1 74.4 75.4 69.2 53 43.5 46.2 59.3 -9999 -9999 -9999 -9999 -9999 -9999 -9999 -9999 -9999 -9999 -9999 -9999 -9999 -9999 -9999 -9999 -9999 -9999 -9999 -9999 -9999 -9999 -9999 -9999 -9999 -9999 -9999 -9999 -9999 -9999 2355 2867 1761.3 500.3 581.4 783.6 886 788.8 973.3 1184.6 988.2 1410 1230.2 1247.3 1631.7 1756.7 1638.6 1638.9 1772.2 1617.4 1331.2 1400.8 1450.6 1526 1397.1 1270.8 -9999
111.6 105.3 99.8 93.6 88.7 86.2 81.9 80.3 79.3 76.8 77.2 77.8 76.9 75.4 71.6 65.3 61.6 71.4 90.3 -9999 -9999 -9999 -9999 -9999 -9999 -9999 -9999 -9999 -9999 -9999 -9999 -9999 -9999 -9999 -9999 -9999 -9999 -9999 -9999 -9999 -9999 -9999 -9999 -9999 -9999 -9999 -9999 -9999 -9999 -9999 2854.5 759.5 519.2 540.4 728.9 640.3 858.4 1113.8 1088.4 1095.1 1279 1412.6 1404.3 1692.9 1805.6 1570.4 1556.7 1617.1 1676.1 1796 1398.7 1525.7 1603.1 1312.9 -9999 -9999
111.4 105.8 100.4 94.8 90.9 88.3 87 83.8 81.6 79.7 80.1 80.8 79.9 77.7 75.5 74.8 78.1 91.6 -9999 -9999 -9999 -9999 -9999 -9999 -9999 -9999 -9999 -9999 -9999 -9999 -9999 -9999 -9999 -9999 -9999 -9999 -9999 -9999 -9999 -9999 -9999 -9999 -9999 -9999 -9999 -9999 -9999 -9999 -9999 -9999 3934.7 1048.8 392.4 527.3 650.3 598.8 763.4 926.7 908 1155.2 1279.1 1182.4 1432.9 1525.2 1598.9 1684.5 1455.8 1580.3 1795.3 1925.7 1414.9 1572.4 1259.6 -9999 -9999 -9999
109.6 104.2 100.8 97.8 95.2 91.6 90.9 86.9 84.9 83.2 81.3 82.2 83.5 82.5 81.8 82.5 92.6 -9999 -9999 -9999 -9999 -9999 -9999 -9999 -9999 -9999 -9999 -9999 -9999 -9999 -9999 -9999 -9999 -9999 -9999 -9999 -9999 -9999 -9999 -9999 -9999 -9999 -9999 -9999 -9999 -9999 -9999 -9999 -9999 -9999 3484.8 1225.3 418.6 530.2 655.8 705.7 1003.3 978.4 1161 1386 1198.3 1172.1 1240.8 1397.1 837.3 1808.1 1685.9 1710.2 1568.9 1225.3 945.7 1116.5 -9999 -9999 -9999 -9999
116.9 101.9 99.6 100.9 102 99.1 95.9 92.8 86.3 83.4 81.5 83 84.9 83.5 84.1 -9999 -9999 -9999 -9999 -9999 -9999 -9999 -9999 -9999 -9999 -9999 -9999 -9999 -9999 -9999 -9999 -9999 -9999 -9999 -9999 -9999 -9999 -9999 -9999 -9999 -9999 -9999 -9999 -9999 -9999 -9999 -9999 -9999 -9999 -9999 3941.5 2532.1 788.1 493.5 628.5 808.6 916.1 877 1051.1 969.2 909.4 1260.7 1075.4 1375.1 1121.3 1292.9 1436.5 1512.4 1335.4 1128.7 887.9 -9999 -9999 -9999 -9999 -9999
107.1 94.2 103.4 104.9 107 105.4 101.5 96.5 90.9 83.4 77.6 77.6 82.7 78.9 85.5 -9999 -9999 -9999 -9999 -9999 -9999 -9999 -9999 -9999 -9999 -9999 -9999 -9999 -9999 -9999 -9999 -9999 -9999 -9999 -9999 -9999 -9999 -9999 -9999 -9999 -9999 -9999 -9999 -9999 -9999 -9999 -9999 -9999 -9999 -9999 3959.7 3076.6 738.2 583.7 631.5 687.8 743.7 909.4 1134.6 1378.9 960.7 778.2 661.5 880.4 979.6 1058 1106 1210.4 1008 -9999 -9999 -9999 -9999 -9999 -9999 -9999
95.1 95.9 104.9 110.8 115.9 114.5 109.8 103.8 96 84.9 75.9 -9999 -9999 -9999 -9999 -9999 -9999 -9999 -9999 -9999 -9999 -9999 -9999 -9999 -9999 -9999 -9999 -9999 -9999 -9999 -9999 -9999 -9999 -9999 -9999 -9999 -9999 -9999 -9999 -9999 -9999 -9999 -9999 -9999 -9999 -9999 -9999 -9999 -9999 -9999 -9999 3987.4 1312.3 685.5 516.6 702.8 651 840.2 808.7 893.3 925.2 850.2 817.5 865.4 869.3 812.5 941.2 1069.7 1287.5 -9999 -9999 -9999 -9999 -9999 -9999 -9999
94.1 95.4 95.8 114.8 126.7 128.3 123 116.9 106.3 -9999 -9999 -9999 -9999 -9999 -9999 -9999 -9999 -9999 -9999 -9999 -9999 -9999 -9999 -9999 -9999 -9999 -9999 -9999 -9999 -9999 -9999 -9999 -9999 -9999 -9999 -9999 -9999 -9999 -9999 -9999 -9999 -9999 -9999 -9999 -9999 -9999 -9999 -9999 -9999 -9999 -9999 4185.9 1738.5 849.2 661.9 655 704.2 527.9 550.5 709.2 801.8 842 790 786.2 717 838.5 -9999 -9999 -9999 -9999 -9999 -9999 -9999 -9999 -9999 -9999
91.2 85 82.7 108.6 134.5 147 143.3 132.2 -9999 -9999 -9999 -9999 -9999 -9999 -9999 -9999 -9999 -9999 -9999 -9999 -9999 -9999 -9999 -9999 -9999 -9999 -9999 -9999 -9999 -9999 -9999 -9999 -9999 -9999 -9999 -9999 -9999 -9999 -9999 -9999 -9999 -9999 -9999 -9999 -9999 -9999 -9999 -9999 -9999 -9999 -9999 3438 3180.4 1280.5 747 721.1 646.4 547.2 590.3 679.7 778.7 821 803.9 758.4 871.8 -9999 -9999 -9999 -9999 -9999 -9999 -9999 -9999 -9999 -9999 -9999
