datasets/global_precipitation_1950_2017/rasters/precip_1995-total.asc
NCOLS 720 
NROWS 347 
XLLCORNER -180 
YLLCORNER -90 
CELLSIZE 0.5 
NODATA_value -9999 
[rows 34 to 67 of 347, columns 608 to 683 of 720]
321 318.9 313.7 310.7 307.4 305.5 301 299.3 298.3 296.6 295.8 288.7 281.6 268.5 257.5 246.8 239.2 235.1 233.6 233.4 235.6 238.6 242.1 244.9 246.3 245.7 244.2 241.3 236 230.2 222.1 213.2 204.3 195.8 189.4 183.2 178.7 174.1 171.7 171.1 173.7 178.1 184.5 186.1 190 192.4 193.8 193.3 192.9 190.3 186.7 184.4 185.2 186.9 189.3 194.1 198.7 203.1 206.9 210.5 212.8 215.6 218.3 222.4 226.8 231.2 238.2 246.5 254.2 261 265.4 262.3 252.9 243.1 234.2 226.8
317.3 317.3 314.6 310.2 305.3 299.8 297.7 299.9 302 305.4 308.9 312.2 312.4 303.6 297.6 288.9 278.8 263.8 259 255.3 255.9 258.8 261.7 261.9 258.6 253.5 246.4 240.7 234.3 228 220.9 214.6 207.3 201.8 195.5 191.3 186.9 184.3 183 181.9 182.4 183.9 185.1 189.8 193.3 194.8 196.9 199.3 198 197.1 195.6 194.9 196.4 201.9 201.8 201.6 205.3 210.2 215.4 220.2 223 225.4 226.8 229.1 231.1 233.9 236.6 238.2 238.7 237.1 233.8 228.1 222 217.6 215.2 214.1
312.3 314.1 313.1 309.4 303.8 297.3 293.8 297.1 302.7 309.4 314.6 318.2 320.4 320.3 312.7 299.4 283.5 269.6 261.3 256.3 256.6 261.7 266.5 267.5 261.5 252.2 243.2 236.2 230.8 225.1 219.5 215 209.4 204.3 201.1 198.7 196.6 194.7 192.7 194 194.9 196.6 198.1 200.3 202.9 205 207.4 209.4 210.7 210.2 209.7 209.6 210.7 212.3 214.4 216.5 220.6 224.3 228 232.4 233.9 234.8 234.8 234.2 233.1 231.6 229.6 228.5 226.5 221 213.2 204.2 197.3 194.3 195.8 198.9
308.9 315.2 321 325.9 326.3 321 315.8 314.1 316.9 317.9 318.3 316.1 311.2 305.3 293.8 278 260.9 246.3 236.4 233 230.5 230.2 228.9 229.2 227.3 225.6 226.3 227 225.3 224.4 218.3 210.8 204.4 200.5 200.7 202.9 206.6 207.7 200.1 202.3 210.9 214.4 213.8 214.2 215.7 218.6 220.8 221.4 222 222 221.8 223.8 226.9 230.8 233.1 236.2 237.8 239 239.4 240 240.5 239.8 239.3 237 234.5 232.6 230.3 228.1 225.3 221.7 216.3 209.8 203.3 197.3 192.9 190.9
302.1 306.8 317.5 333.5 347.4 333.1 309.3 304.9 316 328 332.2 327.2 316 288.6 246.4 204.4 189.1 197.8 204.9 206 199.5 193.2 184.8 179.6 183.2 196.6 212.8 227 231.6 229.4 219.2 207.4 196.3 190.9 189.3 191.1 198.8 208.5 210.1 211.1 217.1 222.1 225.1 230.2 234.8 237.9 238.2 237.2 235.3 234 236.7 243 249.8 256 259.9 262.1 261.4 259.9 257.2 254.4 251.7 249.3 246 240.3 238.3 236.1 235 234.5 234.7 233.5 229.4 221.9 209.6 194 183 181.1
296.3 297.8 304.8 314.1 316.8 308.3 297.1 304.1 332.3 368.7 399.9 384 346.9 307.8 258.6 217.6 204.9 207.1 208.3 208.1 203.7 198 187.1 179.1 187.1 210.1 231.6 247 245.9 235.2 214.9 201.5 192.6 182.5 174 162.3 157.4 176 199.6 210.3 219.3 227.5 235.9 243.8 252.3 259.7 264.5 265.2 265 262.4 266.4 274.7 280.6 287.5 291.4 292.8 289.6 283.2 281.3 277.7 272.6 268.5 262.5 258.5 257 257.2 252.5 250.5 245.7 244.1 239.7 230.7 215.5 199.3 184.4 174.9
291.1 294.8 298.7 303.1 305.1 305 304.3 311.1 329.7 359.9 390.3 385.8 346.3 308 283.9 274.8 265.3 249.4 239.1 237.5 237 240.9 247.4 259 273.7 285.9 291.1 297.3 299.8 257.8 203.3 178.9 189 189 179.6 168.6 168.7 191.3 202 211.8 223.8 236.5 249.7 263.4 277 286.9 296.7 299.8 299.5 299.8 301.5 305.5 309.3 311.6 311.1 304.6 302.3 300.8 299.3 296.7 295.4 290.7 285 285.1 290.8 291.9 290.7 290.8 286.5 275.7 263.2 243.5 222.4 199.1 179 165.4
269.3 268.9 268 267.7 266.4 262.5 257.8 254 252.9 253.9 252.8 247.5 243.1 240.4 240.2 243 243.4 243.1 244.9 248.5 249.3 258.9 278.9 306.6 337.4 362 343.9 317.2 298.7 272.9 243.4 223.2 214.1 207.4 201.4 197.3 197.4 204.7 213.9 226 237.3 252.8 271.2 288.5 306.1 318.8 321.7 318.4 314.7 315.7 319.8 324.1 325.3 325 326 323.2 312 311 312.9 312.1 309.7 297.8 279.3 260.1 280.1 316.7 339.3 345 334.6 316.5 290.6 256.7 217.5 182.9 158.6 139
233.1 225.5 223.2 222.3 220.1 215.2 208.5 201.4 196.4 192.5 186 169.3 178.7 193.3 207.7 219.1 229.3 234.9 240 252.4 267.5 283.3 297.8 309.7 319 326.7 325.3 313.8 303.7 292.4 279.7 267.6 256.5 247.6 243.4 243.3 244.4 249.9 258.9 266.7 276.2 288.4 300.4 312.1 326.8 339.6 349.7 352.8 346 342 337 333.8 332.2 331.1 334.3 342.9 356.4 348.9 333.4 328.1 332.7 330 319.2 320.1 353.8 395.1 411.3 398.4 375.4 351.3 320.1 266.5 195.1 140.3 124.2 121.7
197.5 193.9 194 191.6 191.5 189.5 182.3 173.7 168.2 165.1 165.8 170.5 177.1 185.3 198.3 208.9 221.5 230.4 242.1 258 279.3 300 315.2 320.8 317.8 319.5 316.7 311 307 304.2 305.9 309.2 317.1 331.4 348 364 371 376.7 379.5 376 371.3 356.1 342.7 337.1 333.2 334.4 342.8 358.9 360 356.1 350.4 344.6 336 326.3 307.8 282 263.9 281.3 307.1 339.5 378.9 422.4 472.9 536.6 610.7 641.4 572.3 -9999 -9999 -9999 -9999 297.9 -9999 186.2 161.5 158.1
209.2 204.9 204.2 205.4 203 197.1 187.8 176.7 164.9 157.8 157.4 164.7 175 185.3 192.7 199 209.1 223.6 245.1 264.3 282.4 299.4 309.6 317.3 322.9 322.8 315.3 306.8 306.8 312 325.9 344.6 375.9 411.3 435.1 444.3 467.2 467.8 472.5 470.2 464.9 441.8 416.7 392.4 374.4 365.9 366.9 374.9 378.1 376.1 372.5 366.3 355.4 336.2 321.8 312.2 307.3 315.7 323.5 365.2 424.4 475.9 512.4 550.8 600.7 -9999 -9999 -9999 -9999 -9999 -9999 -9999 316 289.6 276.9 -9999
233.8 224.8 223.8 226.8 229.9 228.6 221.9 211 195.2 182.7 177.6 180.7 187.2 193.6 197 197.1 208.6 235.4 265.9 294.3 312.5 316.7 318.8 321.8 326.1 332.3 336.1 336.2 338.5 345.2 359.5 380.7 409.6 435.9 455.4 464.9 467.4 468.9 479.2 493.1 505.2 510.8 508.6 494.3 482.6 465.9 466 471 470.1 463.1 443.3 426.3 409.6 375.6 322.9 273.9 299 327.8 355.5 412.5 451 479.3 476.4 461.4 -9999 -9999 -9999 -9999 -9999 -9999 -9999 -9999 -9999 362.2 -9999 -9999
298.2 288 281.6 280.9 284.6 286.7 280.5 266 245.8 224.6 205.3 195.1 195.8 203.9 214.6 228.3 244.6 268.5 296.3 324.4 345.5 337.1 326.2 327.6 337.1 349.3 365.5 373.4 374.7 381.6 394.3 414.9 439.6 455.6 464.6 462.7 458.7 472.5 495.6 524.2 559.3 584.7 583.8 581.9 590.1 605.9 617 614.2 605.2 597 569.4 546.7 526.9 498.7 450 408.7 397.4 413 441.3 475.8 502.4 513.4 -9999 -9999 -9999 -9999 -9999 -9999 -9999 -9999 -9999 -9999 -9999 -9999 -9999 -9999
381.8 385.3 380.1 369.1 351.5 330.5 319.1 314.4 298.5 277.7 261.1 249.1 242.3 242.8 247.7 256.5 269.9 287 299.5 303.7 305 304.1 304.8 315.4 335.8 362.1 386.4 400.3 402.5 408.2 426.1 448.9 468.1 482 490.2 494.2 501.3 518.8 534 553.9 588.7 614.5 610.1 606.5 621.1 633.4 650.8 653.4 676.8 687.4 639 631.5 669.4 562.1 486.7 483.1 483.4 494.6 519.7 551.7 -9999 -9999 -9999 -9999 -9999 -9999 -9999 -9999 -9999 -9999 -9999 -9999 -9999 -9999 513.1 530.4
454.2 469.4 463.8 432.3 398.8 384.9 372.4 359.3 345.3 327.2 309.8 297.3 288.2 283.9 280 278.8 279.2 282.8 284.8 285.4 282.3 277.2 278.9 297.6 324.9 352.8 376.9 393.8 412.1 436.6 462 486.5 504 518.7 532.4 546 558.6 -9999 -9999 -9999 -9999 -9999 -9999 -9999 632.4 -9999 -9999 -9999 -9999 623.5 -9999 -9999 -9999 -9999 -9999 -9999 -9999 521.7 537.3 558.2 571.7 574.7 -9999 -9999 -9999 -9999 -9999 -9999 -9999 -9999 -9999 -9999 686.5 579.6 569.1 586.3
513.8 555.7 553.8 504.7 437.8 420.3 410.3 389.3 366.9 352.2 336.6 320.3 311.4 307.7 304.6 299.4 296.4 295.8 298.8 300.3 300.9 302.5 310 326.5 348.7 373.9 396.2 423 454.6 490.2 521.8 538.6 551.3 556.4 565.9 579.4 -9999 -9999 -9999 -9999 -9999 -9999 -9999 -9999 -9999 -9999 -9999 -9999 -9999 -9999 -9999 -9999 -9999 -9999 -9999 -9999 -9999 -9999 -9999 -9999 -9999 -9999 -9999 -9999 -9999 -9999 -9999 -9999 -9999 -9999 -9999 632.6 681.7 668.5 647.5 641.6
518.2 538.2 542 527.9 501.3 474.5 445.8 413.2 386.2 367.6 351.5 337.1 328.4 326.1 325.6 325.3 324.8 325.8 328.1 333.1 343.1 355.3 371.1 386.6 400.3 419.9 449.5 482.5 519 554.3 583.9 603 612.8 -9999 -9999 -9999 -9999 -9999 -9999 -9999 -9999 -9999 -9999 -9999 -9999 -9999 -9999 -9999 -9999 -9999 -9999 -9999 -9999 -9999 -9999 -9999 -9999 -9999 -9999 -9999 -9999 -9999 -9999 -9999 -9999 -9999 -9999 -9999 -9999 474.8 483.7 529 587.9 654.1 720.2 763.1
494.2 507.8 518.9 528.6 525.6 505.8 478.8 447.5 416.1 387.6 372.3 362.2 355.1 350 353.1 359.8 363.5 367 370 375.3 385.6 398.3 414.4 422.9 429.3 455.1 495.4 539.4 580.4 610.2 628.9 643.7 -9999 -9999 -9999 -9999 -9999 -9999 -9999 -9999 -9999 -9999 -9999 -9999 -9999 -9999 -9999 -9999 -9999 -9999 -9999 -9999 -9999 -9999 -9999 -9999 -9999 -9999 -9999 -9999 -9999 -9999 -9999 -9999 -9999 -9999 471 455 443.9 452.1 488 527.2 578.9 652 742 834.9
470.8 472.9 486.4 502.8 510.7 506.8 494.3 472.3 435.7 406.4 398.5 399.6 402.3 403.3 406 409 412.3 413.9 416.4 421.4 425.8 431.2 440 449.2 467 496.6 551.4 612.9 656.7 676.8 -9999 -9999 -9999 -9999 -9999 -9999 -9999 -9999 -9999 -9999 -9999 -9999 -9999 -9999 -9999 -9999 -9999 -9999 -9999 -9999 -9999 -9999 -9999 -9999 -9999 -9999 -9999 -9999 -9999 -9999 -9999 -9999 -9999 -9999 -9999 -9999 489.1 477 469.3 479.5 504 544 585.5 643.2 721.1 798.6
461.2 470.1 469.5 480.1 489.4 495.2 501 500.4 469.1 441.1 444 450.7 459.7 468.2 468.6 466.6 462.3 460.3 460.5 463.8 467.2 468 470.9 464.1 452.3 506.8 620.9 744 808.5 -9999 -9999 -9999 -9999 -9999 -9999 -9999 -9999 -9999 -9999 -9999 -9999 -9999 -9999 -9999 -9999 -9999 -9999 -9999 -9999 -9999 -9999 -9999 -9999 -9999 -9999 -9999 -9999 -9999 -9999 -9999 -9999 -9999 -9999 -9999 562.1 535.9 518.9 500.4 490.4 497.6 528.9 568.4 611.9 643.8 674.9 706.4
451 456 468.5 479.1 476.7 480.1 493.9 513.1 511.3 494 492 494.5 492.1 490.3 501.1 495.4 488.2 485.4 488 490.2 490.5 492.5 495.6 499.8 510.6 556.1 654.3 774.6 -9999 -9999 -9999 -9999 -9999 -9999 -9999 -9999 -9999 -9999 -9999 -9999 -9999 -9999 -9999 -9999 -9999 -9999 -9999 -9999 -9999 -9999 -9999 -9999 -9999 -9999 -9999 -9999 -9999 -9999 -9999 -9999 -9999 -9999 -9999 -9999 667.6 617.4 564.7 507.3 456.5 456.7 500.2 574.8 656.1 737.5 712.4 677.3
442.3 439.9 446.7 453.9 458.2 459.3 477.6 503.8 535 546.9 541.8 531.3 518.4 508.9 504.1 497.5 494.7 497.2 500.5 496.5 486.6 475.7 493.5 526 545.6 556.5 -9999 -9999 -9999 -9999 -9999 -9999 -9999 -9999 -9999 -9999 -9999 -9999 -9999 -9999 -9999 -9999 -9999 -9999 -9999 -9999 -9999 -9999 -9999 -9999 -9999 -9999 -9999 -9999 -9999 -9999 -9999 -9999 -9999 -9999 -9999 -9999 -9999 773.1 717.8 653.4 580.1 504.4 434.5 416.3 462.2 551.1 635.6 698.3 709.9 682.4
425.1 419.9 431.5 442.9 447.4 454.9 473.9 504.8 541.7 567.4 573.4 557.9 548 538.5 529.8 522.8 516.1 516.2 514.8 493.6 446.6 440.1 520 563.8 -9999 -9999 -9999 -9999 -9999 -9999 -9999 -9999 -9999 -9999 -9999 -9999 -9999 -9999 -9999 -9999 -9999 -9999 -9999 -9999 -9999 -9999 -9999 -9999 -9999 -9999 -9999 -9999 -9999 -9999 -9999 -9999 -9999 -9999 -9999 -9999 -9999 -9999 -9999 650.1 661.9 632.4 559.8 473.4 428.5 430.7 451.6 553.3 685.2 787.3 829 807.9
447.4 441.5 443.3 447.7 457 465.6 475 500.6 544.9 615.3 560.2 557 553 553.8 563.1 576.1 575.9 571.9 576 587.5 610.1 646.7 -9999 -9999 -9999 -9999 -9999 603.9 -9999 -9999 -9999 -9999 -9999 -9999 -9999 -9999 -9999 -9999 -9999 -9999 -9999 -9999 -9999 -9999 -9999 -9999 -9999 -9999 -9999 -9999 -9999 -9999 -9999 -9999 -9999 -9999 -9999 -9999 -9999 -9999 -9999 -9999 -9999 750.3 742 680.6 575.6 457.9 371.3 390.7 534.3 717.7 897.9 1024.5 1088.7 1053.2
543.2 437.3 437.9 441.7 440.5 443.7 455.6 469.7 509.2 539.4 548.4 551 552.1 561.4 583.6 603.4 622.6 634.6 638.7 646.5 656.6 662.6 670.4 645.4 616 592.2 -9999 -9999 -9999 636.6 -9999 691.2 -9999 -9999 -9999 -9999 -9999 698.3 -9999 -9999 -9999 -9999 -9999 -9999 -9999 -9999 -9999 -9999 -9999 -9999 -9999 -9999 -9999 -9999 -9999 -9999 -9999 -9999 -9999 -9999 -9999 -9999 -9999 -9999 804.5 760.6 673.3 590.7 593.7 656.4 832.9 1021.2 -9999 -9999 -9999 -9999
393.6 415.2 443.7 467.6 450.5 412.8 412.5 454.5 500.4 540.4 557.4 561.5 565.3 584.3 623.6 659.2 668.1 645.9 648 653.6 644.5 630.6 612.9 583.6 555.3 544.9 546.1 -9999 -9999 597.3 613.6 622.6 662.3 -9999 -9999 -9999 -9999 -9999 -9999 -9999 -9999 -9999 -9999 -9999 -9999 -9999 -9999 -9999 -9999 -9999 -9999 -9999 -9999 -9999 -9999 -9999 -9999 -9999 -9999 -9999 -9999 -9999 -9999 -9999 790.6 813.8 872.5 933.3 1006 1021.4 1031.6 1055.3 -9999 -9999 -9999 -9999
253.7 363.3 433.2 464.2 480 430 435.2 478.5 549.3 593.8 592.5 586.8 585.8 613.1 655.5 697.9 726.9 744.2 712.2 644.7 608.7 599.5 567.8 524.1 505.7 501.8 491.3 495.2 522.3 576.8 621.6 659.5 724.8 772.5 573.2 -9999 600.8 662.8 -9999 -9999 -9999 -9999 -9999 -9999 -9999 -9999 -9999 -9999 -9999 -9999 -9999 -9999 -9999 -9999 -9999 -9999 -9999 -9999 -9999 -9999 -9999 -9999 -9999 -9999 786.6 774.6 855.5 971.2 1313.5 1111.5 958.1 982.2 -9999 -9999 -9999 -9999
380.4 415.9 450.2 478.8 467.8 442.2 467.7 504.3 561.2 602.6 601.2 602 603.9 607.9 623.7 685.7 714 743.2 716.9 656.4 624.7 617 603.3 570.2 521.8 486.5 450.3 446.6 526.8 610.7 656.9 668.3 672.4 658.3 -9999 -9999 663.3 704.6 735.3 -9999 -9999 -9999 -9999 -9999 -9999 -9999 -9999 -9999 -9999 -9999 -9999 -9999 -9999 -9999 -9999 -9999 -9999 -9999 -9999 -9999 -9999 -9999 -9999 -9999 763.7 560.6 678.7 869.3 890.4 -9999 -9999 -9999 -9999 -9999 -9999 -9999
453.9 472.2 479.3 492.4 499.2 503.4 502.8 499.1 512.6 573.4 587 572.8 578.7 576.9 545.4 589.9 652.3 674.4 656.2 609 607.8 636.2 681.1 771.7 580.5 498.5 501.4 522.1 594.8 683 718.8 670.1 622.7 626.4 685.9 731.2 732.2 756.3 -9999 -9999 -9999 -9999 -9999 -9999 -9999 -9999 -9999 -9999 -9999 -9999 -9999 -9999 -9999 -9999 -9999 -9999 -9999 -9999 -9999 -9999 -9999 -9999 -9999 -9999 -9999 694.6 761.4 904.2 971.7 -9999 -9999 -9999 -9999 -9999 -9999 -9999
479.1 491.7 510.3 529.5 536.8 524.6 552.5 562.4 609.9 659.8 621.1 614 632.4 637.2 627.5 637.4 654.1 643.2 615.8 626.3 638.8 633.1 637.8 663.1 635.8 583.3 571.4 597 647.7 691.3 703.5 652.8 614.3 631.7 -9999 -9999 762.5 753.7 638.7 -9999 -9999 -9999 -9999 -9999 -9999 -9999 -9999 -9999 -9999 -9999 -9999 -9999 -9999 -9999 -9999 -9999 -9999 -9999 -9999 -9999 -9999 -9999 -9999 -9999 -9999 686.9 827.5 1046.4 -9999 -9999 -9999 -9999 -9999 -9999 -9999 -9999
468.8 496.9 520.3 548.1 571.9 592.7 588.6 601.3 621 643.5 644.2 634.3 695.1 698.2 667.9 667 671.4 637.4 619.1 633.1 638.6 619.4 613.1 612.1 581.7 549.1 570.4 607.5 643.1 704.7 719.3 689 657.6 -9999 -9999 -9999 824.8 943.1 810.9 -9999 -9999 -9999 -9999 -9999 -9999 -9999 -9999 -9999 -9999 -9999 -9999 -9999 -9999 -9999 -9999 -9999 -9999 -9999 -9999 -9999 -9999 -9999 -9999 -9999 -9999 571.2 986 -9999 -9999 -9999 -9999 -9999 -9999 -9999 -9999 -9999
429.5 462.3 491.3 525.6 557.2 561.6 565.1 575.5 570 573.7 561.7 582.1 619.8 638 651.6 675.2 705 672 643.5 630.6 615.3 604.7 596.8 585 577.4 587.8 611.6 628.9 665.3 688.2 708.1 702.8 702.5 -9999 -9999 -9999 735.2 713 808 -9999 -9999 -9999 -9999 -9999 -9999 -9999 -9999 -9999 -9999 -9999 -9999 -9999 -9999 -9999 -9999 -9999 -9999 -9999 -9999 -9999 -9999 -9999 -9999 -9999 1747.3 -9999 -9999 -9999 -9999 -9999 -9999 -9999 -9999 -9999 -9999 -9999
417.5 444.8 474 510 539.4 534.1 518.1 573.2 565 561.4 552.9 580 622.9 618.1 632.6 636 635.7 646.1 635 613.5 586.6 578.9 586.8 583.9 591.7 607.9 629.4 668.8 718.2 763 767.8 719.9 690.5 -9999 -9999 -9999 698.2 755 844.5 917.7 -9999 -9999 -9999 -9999 -9999 -9999 -9999 -9999 -9999 -9999 -9999 -9999 -9999 -9999 -9999 -9999 -9999 -9999 -9999 -9999 -9999 -9999 1418.8 1474.1 -9999 -9999 -9999 -9999 -9999 -9999 -9999 -9999 -9999 -9999 -9999 -9999
430.9 473.6 497.9 520.6 536.1 534.7 528.5 538.8 561.8 569.4 562.1 544.4 543.6 595.5 633.5 650.1 659 657.2 648.6 623 597.8 597.3 595.2 579.9 586 603.9 696.3 821.7 874 848.3 787.2 700.9 656.5 -9999 -9999 -9999 718.3 830.6 964.8 982.6 -9999 -9999 -9999 -9999 -9999 -9999 -9999 -9999 -9999 -9999 -9999 -9999 -9999 -9999 -9999 -9999 -9999 -9999 -9999 -9999 -9999 -9999 -9999 -9999 -9999 -9999 -9999 -9999 -9999 -9999 -9999 -9999 -9999 -9999 -9999 -9999
