datasets/global_precipitation_1950_2017/rasters/precip_1951-total.asc
NCOLS 720 
NROWS 347 
XLLCORNER -180 
YLLCORNER -90 
CELLSIZE 0.5 
NODATA_value -9999 
[rows 0 to 33 of 347, columns 228 to 303 of 720]
-9999 -9999 -9999 -9999 -9999 -9999 -9999 -9999 -9999 -9999 -9999 -9999 -9999 -9999 -9999 -9999 -9999 -9999 -9999 -9999 -9999 -9999 -9999 -9999 -9999 -9999 -9999 -9999 -9999 -9999 -9999 -9999 -9999 -9999 -9999 -9999 -9999 -9999 -9999 -9999 -9999 -9999 -9999 -9999 -9999 181 180.1 -9999 -9999 -9999 -9999 -9999 174.5 -9999 172.7 171.6 170.7 169.6 167.7 167.8 166.8 165.5 163.5 162.9 161.5 160.5 159.8 159.7 158.8 157.7 156.4 155.8 154.9 153.6 153 152.4
197.4 199.4 201.5 203.4 205.6 -9999 -9999 -9999 -9999 -9999 -9999 -9999 -9999 -9999 -9999 -9999 -9999 -9999 -9999 -9999 -9999 -9999 -9999 -9999 -9999 -9999 -9999 -9999 -9999 -9999 -9999 -9999 -9999 -9999 -9999 -9999 -9999 -9999 -9999 -9999 179.4 178.8 177.9 177.4 177.3 176.3 175.3 174 -9999 -9999 172.2 171.3 170.3 169.4 168.4 167.3 163.8 163.4 162.1 161.3 159.9 160.7 159.8 158.5 157.8 156.5 155.5 154.7 153.2 152.3 151.7 150.5 150.2 148.9 148 147
176.4 178.2 180.4 182.2 184.6 186.4 188.4 189.7 190.8 191.8 -9999 -9999 -9999 -9999 -9999 -9999 -9999 -9999 -9999 -9999 -9999 -9999 186.5 185.2 -9999 184.1 183.1 182.2 -9999 -9999 180 179.2 178.4 176.8 176.4 175.8 -9999 -9999 -9999 -9999 172.5 171.3 171.1 170.2 169.2 -9999 -9999 167.3 166.6 166.1 165.1 162.9 162.4 161.2 160.1 160.9 160 158.8 157.7 156.5 155.4 154.2 153.1 152.1 151.4 150.2 149.3 148.1 147.3 146.3 144.9 144.6 144 142.7 142.1 141.4
142 -9999 141.9 145.5 -9999 -9999 -9999 -9999 -9999 162.2 164.1 166.2 167.3 168.7 -9999 170.2 170.9 171.2 171 171.1 171.2 171 170.9 170.6 -9999 170.2 169.8 169 168.1 168.4 167.6 -9999 166.8 166.1 165.3 164.8 164.5 163.8 163.4 162.4 162.1 161.6 161.3 159.6 158.9 159.4 158.7 158 157.4 156.6 155.9 155.1 154.5 154 153.5 152.5 151.4 150.3 149.3 148.5 147.6 146.6 145.6 144.5 143.4 142.9 141.6 -9999 140 139.2 138.6 137.4 136.9 134.5 134.1 133.4
135.1 -9999 -9999 -9999 -9999 -9999 -9999 -9999 -9999 -9999 146.9 148.6 150.3 151.2 152.2 153.3 153.7 154.5 154.9 155.2 155.3 155.7 155.8 156.2 155.3 155.7 155.4 155.3 155.1 154.5 154 154.2 153.7 153.5 153 152.7 152.3 151.9 151.5 151.1 150.9 150.4 150 149.6 149.2 148.9 148.3 148.2 146.1 146.9 146.3 145.4 144.8 144.2 143.3 142.7 142.3 141.4 139.9 138.9 139 138.2 137.1 136 135.4 134.6 133.7 132.6 131.9 130.8 130.3 129.5 128.7 127.6 127.7 126.9
-9999 133.2 133.8 134 134.3 134.8 135.5 135.8 136.6 137.3 137.7 138.7 138.9 139.6 140.4 140.7 141.2 142 142 142.4 142.5 142.2 142.5 142.6 142.6 142.6 142.1 142.1 141.9 141.9 141.4 141.5 140.7 140.4 140.6 140 139.5 139.1 138.7 138.7 138.7 138.5 138.2 137.5 137.6 137 137.1 136.6 136.4 136 135.7 135.3 134.9 133 133.4 132.9 132 131.4 130.7 129.9 129.7 129 128.5 127.2 126.2 125.3 124.6 123.7 123.2 122.5 121.8 121.1 120.5 119.7 119.4 118.6
127.2 126.8 126.8 126.6 126.7 127 126.9 126.7 128.1 127 128.4 128.5 129.2 129.8 129.5 129.9 130 130.4 130.3 130.1 130.1 130.2 130.1 130.2 130.5 130 130.1 130.2 129.6 129.3 129.4 128.9 128.9 128.2 128.1 126.9 127.3 127.1 126.8 127.2 126.3 126.2 126 125.4 125.9 125.6 125.4 124.8 124.9 125.1 124.9 124.6 124.4 124.2 123.9 123.2 122.5 122 121.2 121.3 120.3 119.9 118.8 118.4 117.7 117 116.5 115.8 114.7 114.2 113.2 112.5 111.7 110.8 110.4 109.6
-9999 -9999 117.6 117.3 117.1 116.7 117.8 116.9 117 117.2 117.3 117.8 118.1 118.5 119 118.9 119.3 119.1 119 118.9 119 118.7 118.6 118.4 118.6 118.5 118.5 118.2 118.3 117.9 117.6 117.1 116.1 115.7 115.5 114.8 114 114.5 114.1 115 114.8 115 114.5 114.4 114.8 114.4 114.5 114.6 114.3 114.7 114.6 114.3 114.3 114.6 114 114.6 113.5 113.7 112.9 112.4 112.2 111.6 110.7 111.1 109.3 108.6 108 107.6 106.4 105.2 105.1 103.8 103.1 102.5 101.3 100.3
-9999 105.6 105.5 105.5 104.8 104.7 105.3 105.8 105.9 105.6 106 106 106.5 106.7 107.3 107.5 108 108.5 107.9 107.9 107.7 107.7 109.6 107.1 107.2 107.4 107 107.2 107.2 108 107.8 107.3 106.6 105.9 104.6 104.5 103.8 103.7 103.7 103.8 103.2 103.7 103.8 104.3 104.2 104.3 104.6 104.6 104.9 105 105.4 105.4 105.9 105.8 106.2 106.3 106.5 106.3 106.3 105.8 105.3 105 104.3 104.9 103.2 102.5 101.5 101.7 100.1 99.3 98.3 97.6 96.4 95.1 93.8 92.6
90.1 90.4 90.7 91.2 91.7 92.4 93.1 93.8 94.4 94.7 95.3 95.3 96 97.7 96.4 96.8 97.8 98.2 98.6 99.1 99.5 99.1 98.9 99.9 98.6 98.9 98.9 98.8 98.7 98.3 98.4 97.7 97.3 96.6 95.9 96.5 94.1 95.5 94.6 94.8 93.6 94.4 94.4 94.1 94.3 93.9 94.5 94.7 95.4 96.2 96.7 97.9 98.5 99.9 100.6 102.1 100.7 100.7 103.9 104.3 103.8 103.3 102.4 101.5 101 99.6 97.6 96.9 95.7 95.4 94.1 93.3 91.8 90.1 88.4 86
73.1 73.7 75.1 76.2 77.3 78.6 80 81.4 82.9 84.3 85.3 86.5 87.3 88.2 88.9 90.2 90.4 90.8 91.6 91.8 92.1 92.4 92.9 92.5 94.5 92.5 92.6 92.1 93.6 93.6 90.5 90.3 90.1 89.7 88.6 87.7 87.5 86.5 87.4 85.2 84.8 84.5 85.2 85 85 85.3 85.2 86.1 87.4 89.2 90.2 92.1 96.9 94.9 95.8 97.2 98 98.8 99.6 100.4 100.6 100.5 100.5 99.7 99 98.2 96.8 95 93.3 91.8 90.8 89.8 88.7 87.5 86 83.6
56.2 58 60.2 62 64.5 66.8 69.3 71.6 73.5 76.4 77.2 78.9 80.1 81.4 82.6 83.6 84.8 86.9 86.1 87.1 87.7 89 89.5 88.9 89.7 88.8 89 89 89.2 88.9 88.7 88.7 87.6 87.4 86.9 86.1 85 83.7 83.2 83.2 82.2 80.9 79.7 78.8 79.4 79.1 80 81.5 83.4 86 89.4 92.4 95.1 97.5 99.7 101.9 103.5 104.7 104.6 105.1 105.3 104.2 102.9 101.1 98.9 102.5 96.4 95.9 95 94.1 92.8 91.3 90 88.5 85.8 82.8
47.4 50.1 52.8 55.6 58.1 61.1 63.7 66.2 68.8 70.8 73 74.8 75.3 77.2 79 80.6 82 83.1 84.1 85 87 86.7 87.6 88.8 89.4 90.1 89.8 90.3 90.4 90 89.6 92 91.1 90.7 90 89.3 88.6 88.7 86.4 85.4 85.3 84.5 83.9 83.4 83.5 84.2 85.9 87.8 91.3 95.1 98.2 101.9 104.6 106.8 108.4 109.6 110.4 111.2 111.2 109.8 107.6 105.7 107.8 106.8 106.3 105.1 103.8 103.3 102.1 100.8 99.4 96.7 94.9 93 91.1 85.5
50.2 52.4 54 56.4 59 61.5 64.1 66.2 68.4 71.7 72.3 74.5 76.7 78.6 80.4 82.3 83.9 85 86 87.8 89 90.4 91.6 93.2 93.9 95.5 95.8 97 97.1 98.5 98.6 99.4 99.5 99.8 99.5 99.7 99.4 100.3 100.4 101.2 101.6 102.1 103.5 103.5 103.6 105.8 110.7 110.2 111.1 116.5 119.1 121.4 123.4 124.2 116 116.6 116 115.9 116.6 121.5 120.2 113.2 113.3 112 111.4 110.7 109.2 107.9 107.2 105.5 104.3 103.1 101.1 100 96.7 93.5
-9999 60.1 61.8 -9999 65.4 -9999 -9999 -9999 74 75.8 78.5 80.5 82.7 84.8 86.9 88 90.1 92.7 95.4 97.2 97.9 99.4 102 103.4 104.9 105.8 107.4 108.7 109.8 110.8 112 114 114.1 114.6 115.9 117.3 119.2 119.7 121.7 123.7 125.1 123.9 130.2 130.3 130.9 132 133.5 135.4 137.3 138.5 139.2 138.9 138.6 138 137.3 135.9 132.9 131.2 129.5 129.1 126.8 124.9 124.6 122 120.6 119.5 118.7 116.6 114.7 113.1 111.4 109.3 109.3 105.9 103.7 102.1
-9999 -9999 -9999 -9999 -9999 -9999 -9999 -9999 -9999 -9999 -9999 -9999 -9999 -9999 98.9 101.6 104.1 106.4 108.5 111.8 114.2 116.1 117.6 119.2 121 122.7 124.6 126.2 127.5 128.8 129.9 130 132.1 134.4 133.8 136.5 138.5 141.3 145.1 146.7 146.2 151.4 151.2 151.8 151.7 152.2 153.8 154.4 155.9 156.4 156.6 156.3 155.3 154.4 152.7 151.3 149.3 147.2 144.6 142.5 140.6 138.3 135.3 133.3 131.1 128.7 126.5 124.2 123.2 121.1 119.7 118.4 116.8 116.3 115.1 113.5
-9999 -9999 -9999 -9999 -9999 -9999 -9999 -9999 -9999 -9999 -9999 -9999 -9999 -9999 -9999 121.1 123.7 125.7 128.4 130 131.4 133.3 137.7 137.7 140.5 141.5 143.3 145.1 147 145.3 145.2 145.8 147.3 149.7 151.6 153.6 155.5 158.6 161.7 165.2 168.8 170.9 172.4 170.9 169.5 168.2 167.7 167.2 166.9 167.4 167.5 167.2 166.7 166 164 162.8 160.2 157.9 155.3 153.1 150.1 148.4 146.2 143.9 141.5 138.8 136.3 134.2 134.1 131.8 130.4 129.1 128.3 125.6 124.8 124
-9999 -9999 -9999 -9999 -9999 -9999 -9999 -9999 -9999 -9999 -9999 -9999 -9999 -9999 -9999 -9999 -9999 -9999 148.5 149 149.9 152 153.5 155.3 155.5 156.4 157.5 158.2 158.9 160.2 161.3 162.5 163.2 165.2 166.1 167.2 168.7 170.8 172.4 173.8 174 174.2 173.3 171.3 169.3 168.1 168.2 168.8 170.6 172.4 174.2 175 175.2 175.2 173.5 172.6 170.4 168.4 166 163.3 160.5 157.4 155.1 152.8 152.4 149.7 147.3 144.1 142.7 140.6 139.3 137.6 136.7 135.9 135.4 135.6
-9999 -9999 -9999 -9999 -9999 -9999 -9999 -9999 -9999 -9999 -9999 -9999 -9999 -9999 -9999 -9999 -9999 -9999 -9999 -9999 166.3 167.3 168.1 169.3 170.5 171.4 171.9 173.4 174.2 175.4 176.1 176.7 177.3 178.3 179 179.1 178.6 179 178.9 178.6 176.9 175.2 172.9 171.9 175.2 174.1 173.6 172.8 173.8 175.2 176.8 179.8 179.9 182.8 183 182.2 180.6 178.3 176 173.4 170.9 167.9 168 164.6 161.2 158.6 155.7 153.7 151.8 150.2 149.6 148 147.9 148 148 148
-9999 -9999 -9999 -9999 -9999 -9999 -9999 -9999 -9999 -9999 -9999 -9999 -9999 -9999 -9999 -9999 -9999 -9999 -9999 -9999 181.2 181.3 181.9 182.7 183.9 184.5 185.2 186.2 186.8 187.4 187.1 187.4 188.1 187.9 186.8 186.6 185.8 185.3 184.4 183.9 180.7 178.3 177.7 175.6 174.5 172 172.8 174.6 177.4 179.8 182.1 185 184.9 189.1 190.7 191.1 190.3 188.6 186.3 183.6 180.7 181.4 178 174.2 170.3 167.4 166.6 162 160.3 159.5 159.2 159.4 158.7 158.5 158.1 157.8
-9999 -9999 -9999 -9999 -9999 -9999 -9999 -9999 -9999 -9999 -9999 -9999 -9999 -9999 -9999 -9999 -9999 -9999 -9999 -9999 -9999 -9999 187.3 188.4 189 189.7 190.8 191 191.7 192 191.9 191.3 191.3 190.8 190.1 189.6 188.8 187.6 185.3 185.2 183.2 181.6 177.9 177.1 176.3 175.3 172.9 173.3 172 171.6 173.9 177 183.2 193.7 195.4 197.9 198.6 198.1 196.4 194.4 195.6 192.2 187.8 186.1 180.2 178.3 174.8 172.9 172.1 170.6 169.5 168.7 167.8 167.6 168.1 167.7
-9999 -9999 -9999 -9999 -9999 -9999 -9999 -9999 -9999 -9999 -9999 -9999 -9999 -9999 -9999 -9999 -9999 -9999 -9999 -9999 187.8 188.3 188.8 190.3 191.8 193.1 193.1 193.8 195 195.3 195.2 195.5 194.9 194.4 194.7 193.7 193 192 188.4 186.4 185.3 184.6 182 176.1 175 171.7 167.8 170.3 167.5 168.8 175.4 182.9 189.9 195.1 200.8 206.1 209.9 210.1 209.8 212.5 210.5 205.8 202.8 198.1 194.8 188.8 185.8 182.6 183.3 180.9 178.2 177 176.1 176 175.7 176.6
-9999 -9999 -9999 -9999 -9999 -9999 -9999 -9999 -9999 -9999 -9999 -9999 -9999 -9999 -9999 -9999 -9999 -9999 -9999 -9999 -9999 -9999 197.3 198.1 198.5 198.8 199.3 199.7 200.1 199.6 199.6 199.6 199.3 199.2 199.1 198.1 194 193 191.4 190.2 188.1 186.2 183.5 181.8 180.1 177.8 169.2 170.5 168.1 166.8 185.6 181.1 196.1 207 218.4 226.8 233.7 242.7 243.2 240 234.2 229.7 223.2 214.8 210.6 207.1 203.3 199.5 196.4 192.6 189.2 187 185.2 184.1 183.4 183.7
-9999 -9999 -9999 -9999 -9999 -9999 -9999 -9999 -9999 -9999 -9999 -9999 -9999 -9999 -9999 -9999 -9999 -9999 -9999 -9999 211.4 209.9 208.6 206.6 -9999 -9999 201.7 199.7 198.8 198 197.5 197.3 194 193.7 193.7 193.8 193.3 192.4 190.1 188.2 187.8 184.6 184.3 182.5 179.1 176.3 173.7 176.7 172.4 177 182.7 199.6 215.6 237.1 257.7 278.1 295.1 304.8 301.2 292.8 284.2 273.6 262.4 251.3 241.5 233 227.1 221.6 216.2 210.3 205.5 202 198.7 196 194.2 193.4
-9999 -9999 -9999 -9999 -9999 -9999 -9999 -9999 -9999 -9999 -9999 -9999 -9999 -9999 -9999 -9999 -9999 -9999 -9999 -9999 -9999 -9999 -9999 -9999 207.9 -9999 194.4 188.9 186.1 185.5 182.8 183.5 185.5 187.4 188.1 189.8 190.8 190.2 189.8 187.6 187.1 183.6 182.4 180.2 177.3 173 182.3 185.6 179.6 195.6 214.9 235.8 271 314.6 357.9 364.4 412.4 402.5 400.5 377.8 358.1 344.8 326.4 311.1 297.6 283.6 272.3 260.6 250.6 243.7 235.8 231.2 225.4 220.5 213.7 210.7
-9999 -9999 -9999 -9999 -9999 -9999 -9999 -9999 -9999 -9999 -9999 -9999 -9999 -9999 -9999 -9999 -9999 -9999 -9999 -9999 -9999 -9999 -9999 225.3 211.1 197.8 -9999 -9999 -9999 165 -9999 175.6 179.8 182.7 186.1 187.4 187.7 188.9 188.6 186.7 185.3 184.2 183.6 182.6 180.9 183.3 182.1 185.9 193.5 214.5 246.8 291.8 346.7 410.7 459.4 493 526.4 496.5 504.6 484.3 466.2 440.9 417.4 396.1 374.8 359.7 344.8 329.5 311.7 298.5 285.6 273.3 263.4 255.7 249.3 243.9
-9999 -9999 -9999 -9999 -9999 -9999 -9999 -9999 -9999 -9999 -9999 -9999 -9999 -9999 -9999 -9999 -9999 -9999 -9999 -9999 -9999 -9999 -9999 250.5 228.9 -9999 192.5 187.2 184.1 181.8 181.5 182.2 182.6 183.7 185 185.4 186 185.8 185.3 183.3 182.4 181.3 181.7 181.6 180 185.4 196.6 205.4 222.6 249 297.1 358.3 432.9 511.3 540.9 586.4 600.4 596.7 578.4 551 539.9 512.8 496.1 472.6 460.9 446.7 432.9 419.8 402.3 385.1 366.3 350.6 334.5 318.8 304 291.7
-9999 -9999 -9999 -9999 -9999 -9999 -9999 -9999 -9999 -9999 -9999 -9999 -9999 -9999 -9999 -9999 -9999 -9999 -9999 -9999 -9999 -9999 353.4 342.3 321 289.9 257.3 232.9 -9999 197.3 -9999 182.6 182.5 183.9 185.3 183.2 183.6 185.9 184.2 182.1 180.7 177.9 176.8 177.4 176.3 184.9 202.2 229.1 260.6 300.9 358.8 423.1 493.7 550 601.6 614.2 629.9 623.3 607.1 594.1 576.8 561.3 549.2 539.3 531.4 518.4 501.7 496.6 487.5 478.9 466.1 450.8 435.2 418.1 399.4 381.4
-9999 -9999 -9999 -9999 -9999 -9999 -9999 -9999 -9999 -9999 -9999 -9999 -9999 -9999 -9999 -9999 -9999 -9999 -9999 -9999 -9999 -9999 -9999 -9999 -9999 -9999 -9999 -9999 -9999 -9999 168.8 174.2 180.4 185.2 187.1 188 186.2 184 182.1 179.8 176.6 172.8 170.9 169.3 176.2 190.5 219.5 259.8 308.4 365.6 441.3 503 542 578.9 615.8 634.6 631.9 625.3 612.6 602.1 590.3 579.1 568.7 562.4 558.7 554.8 546.9 542 535.3 534.2 527.9 522.8 514 505 492.7 478.9
-9999 -9999 -9999 -9999 -9999 -9999 -9999 -9999 -9999 -9999 -9999 -9999 -9999 -9999 -9999 -9999 -9999 -9999 -9999 -9999 -9999 -9999 -9999 -9999 -9999 -9999 -9999 -9999 -9999 266.8 237.2 223 213.4 206.4 201 196 190.1 183.8 178.8 174.3 169.3 164.1 161.3 164.2 178.2 206.4 253.2 311.5 375.3 443.9 524.1 571.4 595 608.5 622.2 631.8 626.4 619.1 606.8 592.7 583.5 571.2 561.4 553.7 548 542.4 534.4 531 531.5 532.6 532.5 534.6 535.9 537 537.9 537.2
-9999 -9999 -9999 -9999 -9999 -9999 -9999 -9999 -9999 -9999 -9999 -9999 -9999 -9999 -9999 -9999 -9999 -9999 -9999 -9999 -9999 -9999 -9999 -9999 -9999 -9999 385.1 359.8 -9999 -9999 265.7 243.8 226.8 214.4 202.2 194 184.8 175.1 164.2 158.5 153.2 154 148.7 155.2 184.9 238 310 385.3 459 514.8 584.2 613.8 624.3 626.5 638.2 631.2 623.6 617.2 603.3 594.7 576.9 566.1 552.2 543.4 534.5 525.4 518.5 511.2 -9999 508.8 -9999 -9999 -9999 -9999 -9999 -9999
281.3 260.7 238.3 -9999 -9999 -9999 -9999 -9999 -9999 -9999 -9999 -9999 -9999 -9999 -9999 -9999 -9999 -9999 -9999 -9999 -9999 -9999 -9999 -9999 -9999 337.3 -9999 -9999 269.1 -9999 221.7 203.9 195.5 183.9 178.6 174 165.1 158.6 147.9 135.8 131.2 123.1 145.9 167.6 209.2 301.2 396.7 480.3 539.8 577.2 616.5 632.9 638.6 642.3 640.2 633.1 624.8 615.9 601.4 590.3 577.4 562.8 553.3 543.2 529.6 517.5 -9999 -9999 -9999 -9999 -9999 -9999 -9999 -9999 -9999 -9999
286.3 259.8 232.1 -9999 -9999 -9999 -9999 -9999 -9999 -9999 -9999 -9999 -9999 -9999 -9999 -9999 -9999 -9999 -9999 -9999 -9999 -9999 -9999 -9999 338.3 -9999 291.9 255.7 220.2 190 159.3 141.6 142.5 146.3 150 152 147 137.1 123.7 114.8 109.1 104.7 131.2 193.7 283.8 387.8 478.5 546.8 591.4 621.3 632.3 641 639.8 639.1 634.5 630.1 624.2 615.6 607.2 596.5 583.2 573 562.3 550.1 537.7 -9999 -9999 -9999 -9999 -9999 -9999 -9999 -9999 -9999 -9999 -9999
331.7 307.2 282.7 260 241.7 229.5 247.8 339.7 459.5 -9999 -9999 -9999 -9999 -9999 -9999 -9999 -9999 -9999 -9999 -9999 -9999 -9999 -9999 -9999 -9999 -9999 283.7 253.3 220.4 191.2 172.1 162.5 156.4 155.3 154.9 161.7 148.4 140.3 121.2 110.7 98.7 108.1 157.9 252.8 358.8 457.4 541.9 587 613.7 628.3 635.9 641.1 640.1 640.3 637.3 633.5 628.7 622.5 613.4 605 594.6 583.2 574 562.9 -9999 -9999 -9999 -9999 -9999 -9999 -9999 -9999 -9999 -9999 -9999 -9999
