datasets/global_precipitation_1950_2017/rasters/precip_1972-total.asc
NCOLS 720 
NROWS 347 
XLLCORNER -180 
YLLCORNER -90 
CELLSIZE 0.5 
NODATA_value -9999 
[rows 68 to 101 of 347, columns 532 to 607 of 720]
454.1 455.5 429.8 324 177 123.2 122.8 123.9 115.1 102.2 87.8 81.6 77.5 91.8 120.4 154.8 180.5 189.8 192.3 189.3 184.5 183.4 187.3 190 193.4 191 186.4 183.4 192.7 202.8 203.7 190.5 155.9 102.5 182 248.5 281 291.6 289.3 290.2 287.5 271.8 261 273.3 290 291.4 258.3 264 273.6 279.3 286.8 285.8 269.2 242 212.4 183.9 162.4 167 182.9 203.2 216.8 224.2 215.9 221 249.2 275.3 300.8 312.8 342.3 379 423.3 508.9 511.3 507.5 506.9 497.9
370.7 356.8 319.3 252.3 176 144.3 140.1 142.3 126 101.4 78.9 67.4 70.3 80.1 100.8 133.7 164.8 180.3 184.2 182.2 182.2 182.5 184.6 190.9 204.4 203.5 197.1 203 213.9 229.2 246.5 236 210 204.9 224.9 299.7 295.8 287.5 277.6 284.9 283.4 254.3 240.1 245.6 264.6 264.5 243.3 219.5 184.4 185.9 252.5 273.1 264.9 242 197.2 157.9 152.1 167.2 176.7 189.1 190 181.8 194.8 221.6 253 289.3 315.4 333.4 365.5 423.5 511.4 549.8 489.4 493.8 515.2 562.9
256.4 224.3 216.8 186.7 163.6 156.5 139.6 121.7 104.5 88 70.2 63.3 64.4 69.2 84.9 115.6 154.1 174.9 178.7 178.5 177.9 178.6 178.3 182.9 193 203 215.9 227.9 244.4 265.9 276.9 273.3 257 241.4 240.5 254.1 260 251 228 213 199.8 205.1 226.5 214.8 201.3 198.4 190.4 182.1 174 179.6 207.1 221.4 218.8 200.9 164.1 145.9 147.2 186.8 188.8 184 183.9 185.9 195.5 216.1 247.3 275.3 301.8 332.9 375.7 431.5 472.6 485.7 471.7 462.9 479 524
224.4 191.9 184.6 179.5 175.6 164.9 151 130.1 109.4 89 70.9 62.4 61.6 63.7 72.5 101.8 141.6 161.5 163.9 165.4 170.6 172.4 160.9 162.5 171.8 192.2 222.4 248.8 274 300.4 320.1 318.2 292 255.2 225.7 209.4 203.6 195.4 177.4 158.2 131.6 64.3 202.3 187.1 191.3 187.9 178.1 177.9 180.6 178.2 181.1 186.3 186.5 178.4 159.2 156.1 170.3 195.7 189.1 179.5 178.9 186.8 199.6 223.3 252.4 270.7 303 327 342.8 374.4 410.2 417.9 411.9 411.7 424 418.3
210.2 184.9 159.6 159.4 167.4 162.9 156.1 143 116.5 95.9 80.3 67.7 59.4 54.9 59 90.3 122.7 137.7 141.2 142.7 143.5 143.5 140.3 131.8 137.3 166.7 209.4 241.8 266.4 294.3 323.8 319.5 280.9 245.2 206.7 175.3 179.1 179.4 172.4 160.3 144.4 143.4 137.9 143.1 176.8 187.2 189.1 191.1 190.3 166.9 164.3 170.6 171.1 163.2 153.8 155.6 166.5 177.9 176 171.2 176.8 185.1 190.6 213.2 252.3 287.5 325.8 347 328.1 348.3 362.9 362.8 348.3 348.9 348.8 325.7
197.8 178.3 161.1 155.4 158 154.7 150 132 105.3 90 68.1 53.3 49.1 44.5 54.6 79.5 106.7 120.6 121.6 120.6 121.2 126.1 123.2 112.6 116.5 155.5 198.1 229.2 235.5 249.1 261.1 257.9 242.9 238.1 212.9 178.5 174.1 174.2 170 156.9 158.6 162.4 168.1 185.8 206 202.7 191.7 190.2 182.1 167.6 158.7 154.6 153.5 148.5 143.5 151.8 169.1 183.6 190.1 188 188.3 190.7 195.6 215.8 254.5 301.6 341.7 366.9 360 354.4 352.3 324.7 300.8 293.3 288.8 294.1
175.6 172.7 165.6 156.3 150.1 144 132.9 114.6 96.2 71.8 37.7 27.4 32.3 36.5 48.3 76 98.7 108.2 111.1 111.4 117.3 123.8 122.7 124.1 137.1 167.3 198.9 222 228.2 228.1 231 224.6 209.5 181.4 204.9 187.4 173.4 164.1 154.7 153.3 168.6 171.8 177.9 200.2 213.1 207.7 188.9 173 162.8 152.1 145 139.2 136.7 139.9 146.5 160.9 182.1 206.6 224.4 220 203.8 192.7 190.5 199.3 230.1 279.6 329.2 356.6 346.8 335.4 313.3 285.2 271 263.3 262.3 275.7
155.2 161.7 159.4 138.2 144.3 141.2 128.4 116.7 107.1 88 58.7 45.8 48.6 51.1 63 82.6 96.8 99.9 99.4 100.2 101.7 101.1 102.9 112.6 132.3 164.7 196.4 217.9 228.5 231.8 226.5 219.7 221.7 236.3 191.7 135.4 129.6 134.5 130.1 141.1 157.2 163 172.4 179.4 183.1 172.4 150.3 133.2 119 116.4 121.6 125.2 127.8 134.6 146.9 166.5 191.3 219 239.2 229.7 203 182.3 178.1 182.4 189.2 225.8 282.1 318.4 313.4 297.3 284.6 273.7 262 241.6 264.2 315.5
162.7 171.9 182.9 185.7 166.1 147.7 136.6 127.9 124.9 117.1 96.1 80.3 78.6 83.8 91.4 91.3 86.4 82.2 80.5 77.6 70.4 64.2 70 88.5 110.7 142.1 186 212.6 223.5 222.4 215.5 205.1 194.6 178.4 139.1 98.2 98.9 107.2 109.1 115.4 124.6 138.5 153.2 158.7 153.2 136.4 112.3 91.7 84.6 89.1 102.1 115 126 137 154.2 172.7 190.2 204.2 213.6 211 199.2 183.9 180.9 191.3 198.1 212.6 233.5 247.4 252.7 257.1 259.8 265.5 271.5 301.2 301.1 357.5
181.7 188.4 196.8 199.6 175 157.5 146.7 144.7 132.4 122.5 106.8 96.8 100.7 108.3 105.1 90.2 77 62.8 56.5 56 49.6 43.4 49.9 65.8 87.9 117.7 160.3 195.8 211.4 206.3 193.2 173.1 149.6 124.9 105.6 92.9 89.2 83.9 79.6 89.6 102.9 116.3 128 132.5 124.1 106.2 88.1 73.8 72.8 81 92.8 104 117.1 134.2 158.4 174.1 177.8 192 205.4 208.4 209.4 208.2 215.4 221.9 232.8 238.5 238.9 239.5 238.9 241.3 246.8 260.7 283.1 303.4 223.8 420
184.4 190 203.7 203.9 175.6 151.8 151.8 181.8 152.1 117.7 91.2 84.3 97.4 120.5 120.4 95.5 69.9 49.6 39.9 40.8 43.4 44.9 45.1 49.8 69.7 93.5 127.4 158.3 170.6 163.8 146.4 125 107.1 88.5 76.7 72.5 70.7 67.5 62.8 69.9 83.2 93.2 99.3 100.8 91.3 80.3 74 75.2 79.4 86.5 93.6 102 112.4 129.1 154.1 179.3 185.7 195.1 216.2 210.7 212.3 226.5 245.6 257.6 266.9 253.9 235.6 237.2 241.9 248.5 263.3 285.1 308.4 325.8 347.5 374.4
181.4 174.7 196 236.4 171.2 129.5 140.6 165.7 125.2 85.4 50.4 42.6 87.3 162.7 166.1 103 64 33.4 17.7 27.6 35.1 39.1 40.8 42.7 48.8 55.4 67.9 76.1 79 80.1 77.6 77.3 73.4 72 68.6 65.5 61.2 61.3 63.5 66.4 68.7 70.2 70.9 67.7 59.1 58.4 63.3 74.1 84 93 98.2 98.6 121.5 133.2 157 183.9 186.9 193.6 212.4 208 214.2 252.1 302.5 329.3 316.7 273.8 242.6 245.4 273.6 294.1 303.3 321.2 338.2 359.9 407.2 412.7
161.8 151.4 157 150.9 109.4 63 36.5 50.1 62 55.5 39.2 36.4 63.2 106.2 99.3 70.2 63.8 67.3 34.8 32.8 36.9 41.2 44.5 47 46.8 42.9 35.6 31.4 30.2 29.5 31.5 39.3 46.7 53.9 59.1 60.4 60.3 61 62.3 62.4 60.2 62.8 64.8 53.8 44.8 45.6 50.9 68.1 87.2 98.1 106.9 120.4 137.7 156.4 173.9 193.4 191.3 189.4 209.5 225.4 250 296.3 364.4 334.9 306 282.7 279 316.8 370.5 365.6 327.5 347.8 371.9 404.3 457.1 520.7
158.1 135 115.5 100.5 70.4 34.8 22.5 25.5 36.9 42.1 44.9 49.4 55.3 55.6 45.5 51 53.8 53.1 47.1 44.6 46.3 49.2 53.1 56 53.3 47.3 36 26.2 18.9 16.4 18.3 22.8 30.5 37.6 45.5 52.3 57.8 61 63.7 66 66.6 70.7 75.8 69.4 64.4 61.2 65.5 83.9 102.4 118.8 132.5 151.4 179.1 205.3 210.9 222.5 231.6 249.3 288.2 301.3 295.8 302.6 324.4 326.6 302.7 282.1 289.4 336.9 401.8 363.1 277.8 391.3 455 476.2 515 617.1
85 77.4 82.5 75.3 57.7 41.4 29.2 25 28.3 35.7 42.4 47.5 49.6 52 52 52.9 50.6 47.7 46.6 47.9 52.3 56.6 59.5 60.9 59.6 52.4 41.7 31.6 21.7 15.5 13.8 14.9 18 23.7 32.8 42.9 52.3 58 62.6 64.7 69.6 76.6 84 85 86.9 94.7 105.8 120.5 138.1 163 185.7 196.2 208 219 225.2 250.4 271.3 297.2 323.1 318.6 283.4 283.4 349.4 380 332.5 267.4 290 334.6 352 305.4 413.4 492.3 472.4 481 566.4 650.7
50.9 67 68.2 59.8 45.8 37.6 29.5 22.5 24.2 30.9 36.2 44 47 47.7 47.8 48.1 47.1 47 46.3 48.4 53.2 58.6 60.7 63.1 65.1 62.1 52.7 39.6 27.8 18.2 13.8 12.9 12.3 15.6 24.1 35.9 47 56.1 61.4 66.8 75.2 80.6 83.4 88.5 90.6 97.1 129.8 175 210.1 224.4 267.1 295.5 277.1 257.8 253.6 274.3 298.9 304.2 322.4 317.3 324.1 370.6 414.3 384.6 392.7 363.1 394.5 421.8 443.4 440.9 477.9 570.3 564.1 584.2 615.8 637.7
56.8 56.5 53.7 48.7 42.3 31.5 26.1 23.6 23.4 26.2 34.6 43.2 44.3 47.2 46.1 47 47 46.8 46.9 48.6 52.8 57.3 61.6 67.9 73 73.2 67.6 55.9 41.1 29.5 20 14.7 12.5 16.3 27.9 38.1 46.7 54.1 59.1 68.8 72.2 75.3 79.6 86.8 96.3 115.7 168.3 220 250.3 277.5 327.5 371.2 376.3 356.1 314 153.3 221.3 302.8 319.1 311.2 378.9 443.6 598.5 446.8 408.4 389.7 503.2 476.9 395.8 388.7 370.4 563 561.7 594.1 681.4 707.7
50.5 47.1 42.2 39.8 36.7 32 28.8 27.3 27.1 31.3 40.3 43.9 48.9 49 49.3 49.8 49.2 47.9 45.5 46.9 54.8 53.9 59.8 73.2 81.6 84.5 81 72.5 62 50.2 35.8 30.9 32 34.7 39.7 42.4 41.2 41.9 53.3 66.6 70.9 76.6 79 85.3 115.7 167.1 222.3 224.9 273.2 280.3 334.7 370.9 374 353.3 316.9 220.2 249 283.7 323.4 269.1 305.9 431.3 478 442.8 419.7 405.2 466.6 586.7 472.8 466.5 -9999 -9999 485.6 616.7 680.7 731.4
40.4 35.8 33.7 32.9 30.1 28.2 27.9 28.9 31.4 36.7 44.3 45.8 48.4 48.9 49 49.7 50.8 49.7 45.2 49.5 56.8 43 62.4 82.5 96.1 98 96.4 87.3 82 78 73 70.7 72.3 71.2 62.6 49.2 36.4 38.5 55.6 66.1 73.8 78.7 83.9 95 131.7 210.9 269.2 286.2 281.5 275.6 284.9 277.4 300.2 287.7 264.9 252.1 273.1 305.6 381.3 300.9 404.3 421.8 426.9 462.2 461.7 488 498.3 496.3 508.7 -9999 -9999 -9999 478 590 860.3 861
27.5 24.4 22.3 21.8 22.8 24.6 25.1 29 33.7 39.3 44.6 46.5 46.3 47.7 48.1 48 48.2 46.8 46.9 48.5 56.5 62.3 82.2 107.3 119.3 104 112.6 111.7 110.2 102.3 94.1 95.6 104 107.4 93 73.8 60.6 62.7 70.6 67.2 79.7 93.3 105 121 149.5 218 278.4 306 294.3 264.2 254.6 250.9 256.7 274.8 294.4 264 260.5 312 410.3 485.4 434.4 392.6 385.5 451.5 456.4 401.8 420.5 -9999 -9999 -9999 -9999 508.9 535.3 585.9 658 809.3
22.3 18.5 15.3 13 20.5 21.2 25.1 31.1 36.3 41.8 45.1 47.6 47 46.1 46.3 46.3 47.7 47.5 49.4 53.4 65.6 94.7 135.3 169.2 192.5 172.9 145.7 140.7 145.9 104.8 95.2 87 111.3 114.8 94.5 71.8 82.7 96.3 111.4 113.6 113.5 120.9 133.9 130.5 146.6 209.7 278.7 299.7 283.7 253.1 243.1 232.5 228.6 211.3 333.4 421.3 359.7 284 349.6 338.5 341.9 328.1 315.2 355.3 386.1 342.6 -9999 -9999 -9999 -9999 -9999 565.5 -9999 -9999 -9999 -9999
24.1 19.3 17.1 17.3 21.9 23.9 27.9 34.3 41.9 47.9 49.7 48.4 47 45.9 44.3 46 50.9 57.9 64.7 73.1 94.9 158.8 204.5 256.4 327 290.3 201.4 154.3 119.2 92.5 105 129.4 147.4 118.9 91.2 89.1 94.9 120.4 141.8 146.1 132.7 143.8 159.4 161.7 190.4 255.7 304.6 320.3 301.7 265.1 246.1 221.8 194.4 151.8 321.8 433.5 345.5 234.8 312.9 334.7 327.8 318.6 325.6 -9999 -9999 -9999 -9999 -9999 -9999 -9999 -9999 -9999 -9999 -9999 -9999 -9999
25.4 23.5 22.7 27 29.1 27.9 32.1 37.6 45.5 52.6 52 49 47.6 46.9 47.1 49.9 58.2 71.4 82.9 90.3 108.7 151.6 203.6 253.9 301.2 308.7 276 218.8 178.2 163.7 180.1 188.2 170.8 217.1 198.8 157.6 141.4 150.6 160.1 154.6 145.2 174.9 210.5 231.9 271.2 308.6 338.7 340.8 323.8 280.4 259.2 227.2 196.4 179.7 196.3 255.8 253.4 212.5 217.7 249.4 249.5 352 402.3 399.4 -9999 -9999 -9999 -9999 -9999 -9999 -9999 -9999 -9999 -9999 -9999 -9999
26.6 24.8 24.1 26.1 27.7 30.6 33.3 38.8 45.1 50.3 50.5 49.3 47 46.7 47.8 51.3 59.6 74.5 87 87.7 96.5 120.4 147.3 206.8 309.3 382.2 387.1 362.7 355.1 366.8 382.3 332.9 216.1 154.9 219.4 219.2 186.7 171.9 189 204.5 198.8 222 251.6 283.7 332.5 347.5 340.5 325.2 312.5 306.4 298.5 265.2 231.3 251.4 187 246.8 255.4 243 228.7 240 309.2 376 536.4 424.2 482.5 491.5 -9999 -9999 -9999 613.2 -9999 -9999 -9999 -9999 -9999 -9999
27.7 25.9 24.9 26.5 28.4 30.8 34.9 40.9 46.5 53.6 54.4 51.6 46.8 41.5 44.7 49.1 51.4 56.8 64.1 70 77.6 95.6 109.7 168.2 321 466.1 376.5 374.3 393.1 384.2 407.5 412.3 303.6 259.5 248.6 217 166.9 163.3 168.8 184.1 206.6 261.9 312.5 343.2 385.9 379.7 369.3 353.7 337.1 327.4 318.8 320.5 322.2 311.3 264 273.9 359.5 341.1 272.2 306.5 275.9 307.3 445.6 537.7 543.6 512.5 -9999 -9999 525.4 405.2 600.2 644.7 712.7 -9999 -9999 -9999
29.4 27.3 25.9 26.9 28.4 32.2 38.9 49.2 60.3 72.6 78.2 74.1 63.3 53.8 52.9 53.8 44.6 38.2 41.7 47.3 43.7 54.8 93.4 149.2 251.1 309.8 181.2 297.3 331.3 333.5 333.3 326.2 307.6 281.1 252.6 206.7 149.7 189.9 143.5 133.8 205 298.5 328.6 359.2 375.9 382.3 387.8 366.5 369.5 356.4 350.5 353 381.7 376.5 341.8 362.6 424.7 451.6 321.1 284.2 490.4 480 513.3 633 526.7 513.1 518.1 510 568.5 604.9 561.1 -9999 -9999 -9999 -9999 -9999
32.1 28 26.4 27.2 30.3 40.8 57.3 80.7 101.7 117.6 123.9 124 116.7 107.8 95.6 69.8 41.1 30.8 33.5 42.4 36 49.5 76.2 111.3 150.4 203.5 245.2 293 314.1 309.9 316.4 316.2 306.3 300 269.1 238 222.3 219.9 217.9 237.3 276.1 331.4 368 393.3 402.6 411.4 400.8 390.1 402.5 395 367.7 372.5 403.7 427.6 471.5 499.2 550.5 522.3 472.3 402.2 1269.4 704.2 816.8 678.6 605.4 631.6 564.7 591 635.9 -9999 -9999 -9999 -9999 -9999 -9999 -9999
38.5 30 25 24.6 38.5 71 107.4 143.3 165.8 176.1 183.3 183.7 188 195.6 180.8 124.1 62.1 44.7 51.9 59 69.1 82.1 97.7 126.4 167 202.1 278.8 354.8 388.4 423.3 378.2 360.8 367.8 358.9 340 282.5 299.6 303.2 319.7 342.5 343.3 382.6 407.8 417 447.1 500 515.7 510.2 494.2 474.8 441.7 432.1 453.6 447.6 471 525.7 541.2 544.6 548.2 536.6 570.8 630.6 700.5 677.3 756.4 869.1 642.3 659.3 -9999 -9999 -9999 -9999 -9999 -9999 -9999 -9999
62 41.8 26.4 21 88.6 148.1 195.7 219 223.2 229.8 230.2 231.2 242.3 265.6 258.4 196.1 139.3 116.3 130.4 162.9 179.4 181.8 183.4 201.4 218.4 255 327.2 393 425.1 420.8 448.1 473.2 458.8 407.6 377.7 348.5 361.3 358.8 375.8 412.5 436.9 458.7 464.7 473.1 494.9 560.2 586.2 583.3 574.9 558.7 550.8 496.7 483 487 537.9 565.1 539.9 603.6 656.8 659.7 654.1 666.4 739.1 855.6 923.1 900.1 858.4 -9999 -9999 -9999 -9999 -9999 -9999 -9999 -9999 -9999
103.6 95.3 96.5 150 240.7 263.5 261 262 261 261 257 258.3 264.3 265.7 259.8 237.4 221.4 234.3 276.7 322.2 347.3 352.3 331.1 292 275.2 312.5 367.1 419.8 445.5 470.6 540.6 584.3 506.1 441.2 434.1 446.8 452.9 522.9 481.1 457.7 472.9 524.8 559.9 564.2 525.1 502.5 510.1 624 651 537 476.2 498.4 489.3 522.5 606.4 646.2 651.8 654.1 664.2 679.8 691.7 789.1 855 877.2 892.8 990.1 1017 -9999 -9999 -9999 -9999 -9999 -9999 -9999 -9999 -9999
118.9 123.6 151.3 200.9 240.1 265.1 272.1 277.3 279.9 278.6 276.3 270.9 268.1 267.9 267.3 275.1 299.6 337.6 371.7 378.1 408.6 440.9 442 398.9 369.2 380.2 424.2 472.5 501.4 543.1 590.3 603.6 561 517 496.6 470 461.8 485.7 500.7 498.5 507.9 580.8 594.3 653.3 560.3 520 517.7 645.3 655.1 530.2 486.8 508.7 543.3 581.8 662.9 680.8 690.6 724.5 628.3 712.5 725.8 823.3 925.1 875.1 878.4 975.1 974.7 909.3 1052.4 -9999 -9999 -9999 -9999 -9999 -9999 -9999
117.8 132.5 158.1 188 227.1 252.7 267.4 277.3 283.1 286.5 286.3 280.4 275 274.8 289 319.2 367 397.5 407 406.6 434.7 483.1 517.6 461.5 427.7 431.2 477.4 518.3 548.9 614.7 669.6 661 613.4 579 561.1 513.5 456.6 441.6 521.9 764.1 428.9 525.1 638.9 696.8 718.7 621.7 594.3 536.3 557.2 534.9 514.8 572.3 637 653.6 692.5 771.6 719.9 715.4 818 1055.4 791.8 802.7 738.1 860.6 929.5 1052.9 1018.4 994.3 1201.7 -9999 -9999 -9999 -9999 -9999 -9999 -9999
123.4 147.7 176.5 204.6 222.8 243.8 259.1 272.3 288 296.3 297.5 296.4 298.9 313.5 340.7 381.9 419.3 430.1 427.3 433.7 447.1 466.8 483 474.8 459.5 470.5 501.6 528.7 568.6 615.6 641.7 618.2 611.7 600.5 608.8 592.8 499.9 418.7 476.7 491.2 283 594.3 748.5 775.3 801.3 736.8 699.5 622.4 627.4 672.3 692.4 702.4 676 629.7 671.8 757.3 708.9 730.4 885.7 958.9 939.4 965.6 1039.1 1015.3 1028.4 1057.5 1101.1 1142 1143.7 -9999 -9999 -9999 -9999 -9999 -9999 -9999
155.7 178.5 199 224.2 225.5 245.4 247.7 267.2 287.8 306.5 312.1 312.5 324.7 352.5 391.4 429.6 450.1 443.2 431.5 440.4 448.4 452 471.6 471.6 485.6 518.3 532.6 549.6 581 597.8 594.2 581.9 624.3 643 642.6 651.7 653.2 622.3 609.4 660.1 665.8 715.4 794.2 836.5 812.9 763.7 641.1 613.8 683 747.4 796.1 801.1 706 626.1 626.7 787.5 742.2 846.9 1049.3 1097.4 1076.8 1089.9 1244.1 1138.9 1165 1185.5 1321.5 1261.6 1237.9 1163.9 -9999 -9999 -9999 -9999 -9999 -9999
