datasets/global_precipitation_1950_2017/rasters/precip_2004-total.asc
NCOLS 720 
NROWS 347 
XLLCORNER -180 
YLLCORNER -90 
CELLSIZE 0.5 
NODATA_value -9999 
[rows 34 to 67 of 347, columns 608 to 683 of 720]
274.7 275.6 273.5 274.4 274.1 274 273.7 273 272.1 271 269.3 261.6 253.5 240.1 228.9 218.1 211.4 207.5 208.2 211 215.8 223.3 230.9 238 243.2 246.5 248.5 249.9 250.6 251.3 251.7 251.9 253.1 255.9 258.8 262.2 265.9 268 270.2 271.8 274.6 279 285 289.1 295.2 298.6 302.6 305.3 307.5 309.8 311 313.8 317.5 318.4 317.6 316 311.8 306.4 299.7 294.6 287.9 282.7 276.7 272 266.4 260.7 256.1 252.8 249.4 248 248.7 247.9 245 243 242 242.5
281.8 284.4 284.5 283.4 280.7 278.8 279 281.7 286 290 293.5 296.1 295.2 284.3 279 271.6 261.8 247.6 244.4 240.6 240.3 242.3 245.8 248.7 250.2 251.7 252.9 254.6 256.1 257.3 257 257.5 257.9 260.2 261.3 263.9 265.7 267.7 269.2 270 272.2 275.4 278.3 281.9 287.5 293 299.1 304 311 316.1 323.4 331.1 340.4 349.5 342.4 330 318.6 307.9 298.7 291.5 285.4 280.3 276 272.5 268.9 265.3 261.6 256.9 253.4 250.2 246.8 243.9 241.8 240.9 242.1 244.8
285.8 290.5 292.3 292.5 290.1 286.3 285.2 289.4 296.1 301.4 304.3 306.1 307.7 310.2 301.5 290.6 278 266 257.8 254.8 251.7 252.2 251.4 252.4 253.9 255.8 257.9 260.8 263.3 264.1 263.7 263.2 261.4 260 260.2 261.5 262 262.8 263.1 265 266.9 268.8 271.1 274.5 279.1 283.8 289.9 297.2 303.5 310 316.3 323.6 329.2 331.4 328.4 319.8 309.3 297.5 287.8 280.2 275.8 273.5 272.4 270.8 268.1 264.4 259.8 256.3 252.8 247.8 243.2 238.4 235.1 235.1 238.1 244
286.7 295.6 306.2 317 322.9 323.6 320.5 317.8 316.7 313 311.6 309.9 308.2 302.7 293.6 280.3 268.1 259.8 255.9 256.1 257.8 258.7 260.2 263.4 265.4 269.1 273.6 277.4 277.9 278.1 273.1 266.4 260.6 256.2 255.6 258 262.1 262.9 255.2 256.1 265 265.6 264.9 265.5 267.4 271.2 276 279.7 283.8 288.1 294.1 300.5 306.2 310.3 309.1 305.2 296.7 286.5 275.7 267.4 264.5 266 268.7 269.5 268.5 265.8 261.5 256.5 252 249 244 241 239.1 238.6 241 245.2
277.2 283.6 299.8 325.7 353.5 357.6 348.2 338.1 327.6 319.4 318.7 327.7 333.3 306.2 260.4 221.4 211.2 226.7 241.8 257.1 267.1 273.1 278.3 279.7 283.7 291.1 302 308.3 308.4 300.6 286 268.6 255 245.9 240.8 240.2 245.5 252.5 251.9 249.9 253.1 254.6 254.2 254.7 258 261.1 262.7 263.9 264.6 266.9 273.4 284.8 295.3 304.1 308.9 309.7 306.4 300.1 293.5 287.8 283.5 282.2 280.6 276.7 275.8 273.4 269.7 265.8 261.1 256.3 252.9 249.7 244.1 239.1 238.8 246.8
270.6 272.9 285.5 304 321.8 332.8 335.7 328.9 315.3 295.2 282.1 292.2 316.1 298.7 256.9 225.7 224.3 238.9 255.9 272.8 285.6 295.6 299.5 301.2 309.9 325.6 337.9 345.5 338 318.8 289.3 267.2 250.3 235.5 221 205.2 196.4 213.6 235.6 241.9 245.1 247.6 247.2 248.1 251.9 253.6 254.5 254.6 255.1 259.6 271 287.7 301.9 315.7 326 331.1 331.2 325.1 322.4 318.4 314.6 311.6 306.8 303.7 303.3 302.1 295.8 290.9 281.6 276.1 271 267.8 262 259.3 259.4 263.4
273.3 279.3 286.8 295 301.4 304.8 299.8 291.4 280.2 266 255.4 255.7 259.8 262.3 266.6 277.7 285.8 287.7 295.1 310.8 323.7 335.8 348.8 364.3 380.9 391.7 396.4 399.4 397 346.4 279.5 243.4 246.1 239.8 225.2 211.2 208.7 230.3 239.1 242.2 246.4 249.7 254 256.7 258.2 258.1 254.1 249.7 249.3 261.2 275.7 297.1 316.9 331.8 341.7 341 341.4 341.1 342.5 342.1 343.3 342.1 339.5 340.5 350.5 351.9 352.3 353.3 348.4 339.2 330.6 319.6 310 301.6 297.3 299.1
269.1 273.2 274.5 275.2 273 267.3 259.6 249.8 241.8 236.4 233.1 230 233 239.1 249.1 261.2 273.6 288.1 306 325.4 338.9 352.9 372.1 400 431.3 455.6 437.4 409.9 389.1 357.5 320 291.6 274.8 262.4 251.4 243.5 241.2 245 250.2 256.6 259.7 264.9 273.9 276.9 279.7 278.4 267.2 250.7 241.2 258.9 284.7 312 333.9 352 365.9 369.6 361 360.2 363.9 367.3 369 363.6 348.5 338.8 364.5 405.7 433.3 442.7 438.5 423.9 406.1 381.8 354.3 332.1 321.3 314
271.1 270.5 270.2 266.6 259.3 249.2 238.2 227.6 221.2 217.5 212.9 201.7 210.5 222.3 237.2 250.5 263.1 274.3 289 311.6 333.7 354.4 370.9 384.5 391.7 400.3 398.6 387.9 376.5 364.3 348.5 333.6 319.5 307.1 300 297.1 294.3 296.7 300.9 302.9 304.8 310.1 309.9 309.5 312.6 311.2 312.6 311.2 306.9 312.5 326.5 343 359.8 374.9 388 404 422.4 415.4 402 401.6 411.7 416.8 413.4 425.2 467.6 519.2 543.5 538.2 518.9 497.7 472.5 427 368.6 315.1 306 313.4
288.8 288.6 288.2 283.3 274.2 261.9 247.5 233.9 226 221.5 217.6 211.7 216.3 225.3 237.1 246.7 257.3 265.1 279.1 299.4 322.4 345.5 362.4 369.5 372.3 370.8 368 362.5 360.2 360.5 364 368.8 378.7 392.6 410.6 425.6 430.8 434.2 434.2 427 416.8 394.8 373.7 360.7 346.6 338.2 343.5 360.1 366.9 373.3 380.6 388.6 395.1 394.5 382.7 359.6 345 365 395.3 433.3 478.9 531.3 591.9 669.2 754.2 795.8 736 -9999 -9999 -9999 -9999 467.5 -9999 372.2 355.2 363.1
315.3 317.7 320 316.8 308.3 295.2 280.3 264.5 251.6 244.7 244.8 247.5 250.4 248.7 242 236.2 240.6 255 274 290.5 306.9 321.3 335.4 344.8 350.6 354.4 349.4 343.1 343.8 354 373 397.3 431.2 470.1 498.5 512.1 537.7 539.4 541.6 536.6 528.5 503.1 474.8 447.7 428.7 414.6 415.4 426.6 433.6 438.7 444.2 445.4 444.1 436.6 436.5 436.3 427.5 429.4 431.8 473.6 538.9 603.5 657.1 711.2 772.2 -9999 -9999 -9999 -9999 -9999 -9999 -9999 459.8 442.6 439.8 -9999
340.6 341.3 344.2 345.8 346 341.6 332.5 321.3 310.6 308 318.4 334.9 333.3 303.7 266.2 236.9 235.6 259.5 282.6 299.9 307.3 310.8 319.8 332.1 343.8 352.3 356.7 359.4 366.1 377.2 397.7 425.5 460.3 491.7 517.5 534.9 545.9 555.3 561 570.3 582 587.8 588.4 574.6 564.3 553.3 552.6 562 567.4 562.1 540.5 522.9 512.6 490.5 455.6 411.2 436.5 444.5 460.5 512.7 557.6 603.1 623.8 630.8 -9999 -9999 -9999 -9999 -9999 -9999 -9999 -9999 -9999 466.3 -9999 -9999
404.1 402.8 401.6 401.1 404.4 406.9 403.9 394.5 382.7 374.7 377.2 382.4 374.3 349.5 322.5 306 301.4 308.6 317.8 325.2 330.7 324.1 326.6 338.8 353.2 370 386.3 394.1 398 409.4 428.3 457.5 488.2 510.6 526.4 531.6 533.1 551.1 577.8 607.6 644.5 672.5 675.1 680.3 691.8 712.8 730.9 738.7 736.1 725.4 689.2 655 626.6 592.5 547.4 507.6 492.3 495.2 504.7 525 549.9 577.7 -9999 -9999 -9999 -9999 -9999 -9999 -9999 -9999 -9999 -9999 -9999 -9999 -9999 -9999
491.8 501.9 500.5 489.6 473.1 452.9 447.4 448.9 444.9 432.1 420.7 409.9 400.8 391.2 378.6 364.3 355.9 352.8 347.7 340.4 336.9 338.6 343.1 352 366.3 387.3 408.3 420.5 424.6 434.6 458.9 491 518.8 542.6 562.2 575.2 590.4 614.8 632.4 651.3 685.9 716 714.7 716.2 732.6 752.6 777.4 795 829.4 837.5 768.1 742.2 768.6 650.5 529 520.6 529.1 530.3 530.3 530.5 -9999 -9999 -9999 -9999 -9999 -9999 -9999 -9999 -9999 -9999 -9999 -9999 -9999 -9999 563.1 568.7
573.7 595 590.3 553.9 516 502.5 496.1 493 491.2 484.8 477 473.4 470.3 462.3 443.2 415.1 387.4 365.9 353.3 346.4 346.1 351.6 357.2 359.5 366.1 379.7 395.6 410.1 430.6 459.5 492.1 526.3 555.6 581.7 608.8 636.4 659.1 -9999 -9999 -9999 -9999 -9999 -9999 -9999 748.5 -9999 -9999 -9999 -9999 750.9 -9999 -9999 -9999 -9999 -9999 -9999 -9999 558.4 550.3 547.5 547.1 556.4 -9999 -9999 -9999 -9999 -9999 -9999 -9999 -9999 -9999 -9999 755.1 632.8 603.4 600.5
643.1 690.7 698.4 642.6 560.4 538.6 530.2 513.5 498.1 492.6 490 492.5 503.4 503.3 474.1 435.7 405.1 379.4 362.3 352.2 348.5 349.3 350.8 353.1 361 376 395.6 425 461.8 503.6 544.6 571.8 596.3 614.1 636.1 663.6 -9999 -9999 -9999 -9999 -9999 -9999 -9999 -9999 -9999 -9999 -9999 -9999 -9999 -9999 -9999 -9999 -9999 -9999 -9999 -9999 -9999 -9999 -9999 -9999 -9999 -9999 -9999 -9999 -9999 -9999 -9999 -9999 -9999 -9999 -9999 726 755.7 719.7 682 659
646 669.5 674 653.4 617.6 586.3 556 522.5 493.3 471.9 455.5 439.8 426.9 415 404 394.2 383.9 373.7 363.2 355.1 351.7 349.6 346.5 346 350.7 373.4 413.8 462.3 511.1 558.9 599.3 629.7 652.2 -9999 -9999 -9999 -9999 -9999 -9999 -9999 -9999 -9999 -9999 -9999 -9999 -9999 -9999 -9999 -9999 -9999 -9999 -9999 -9999 -9999 -9999 -9999 -9999 -9999 -9999 -9999 -9999 -9999 -9999 -9999 -9999 -9999 -9999 -9999 -9999 569.7 569 594.3 632.1 681.1 733.4 765.9
616.7 624.4 619 605.4 599.6 592.4 568 533.9 493.9 451.6 417.2 385.2 354.3 327 330.8 350.7 362.4 367.8 368.1 363 359.6 352.9 341.1 323.4 319.2 362.9 433.5 506.3 567.1 609.8 642.5 667.1 -9999 -9999 -9999 -9999 -9999 -9999 -9999 -9999 -9999 -9999 -9999 -9999 -9999 -9999 -9999 -9999 -9999 -9999 -9999 -9999 -9999 -9999 -9999 -9999 -9999 -9999 -9999 -9999 -9999 -9999 -9999 -9999 -9999 -9999 582 547.6 511.8 498.9 517.3 538.7 574.1 635.2 715.2 803
607.4 608.5 608.8 606.8 603.9 597.5 580.8 545.3 490.5 438.5 405 383.6 367 359.8 361.1 367.1 376.5 385.3 384.2 388.4 385.3 378.1 372 365.3 381.1 429.5 514.5 602.2 664.9 694.4 -9999 -9999 -9999 -9999 -9999 -9999 -9999 -9999 -9999 -9999 -9999 -9999 -9999 -9999 -9999 -9999 -9999 -9999 -9999 -9999 -9999 -9999 -9999 -9999 -9999 -9999 -9999 -9999 -9999 -9999 -9999 -9999 -9999 -9999 -9999 -9999 622.4 568.6 519.8 493.7 490.3 504.6 523.3 565.3 637.2 721.2
609.5 628.1 620.2 615.2 611.7 606.7 589.5 563.3 502.1 443.3 418 402.1 395 395.1 394 394.7 401.1 410.3 418.8 428.8 434.8 433.1 432.7 425.8 419.3 492.1 633.9 783.4 862.4 -9999 -9999 -9999 -9999 -9999 -9999 -9999 -9999 -9999 -9999 -9999 -9999 -9999 -9999 -9999 -9999 -9999 -9999 -9999 -9999 -9999 -9999 -9999 -9999 -9999 -9999 -9999 -9999 -9999 -9999 -9999 -9999 -9999 -9999 -9999 644.6 634.6 600 545.5 499.2 474.3 470.8 471.5 476.8 486.7 526.7 582.1
587.6 590.6 603.1 612 603.5 594.2 583.4 564 523.9 470.7 443.7 425.9 410.6 399.9 408 411.4 421.9 437.6 455.6 469 475.9 483 486 489.3 504.1 562.4 682.7 826.7 -9999 -9999 -9999 -9999 -9999 -9999 -9999 -9999 -9999 -9999 -9999 -9999 -9999 -9999 -9999 -9999 -9999 -9999 -9999 -9999 -9999 -9999 -9999 -9999 -9999 -9999 -9999 -9999 -9999 -9999 -9999 -9999 -9999 -9999 -9999 -9999 629.2 593.2 545.8 483.6 426.5 414.9 428.6 458.3 486.9 527 530.5 525.2
574.6 572.6 578.1 584.9 579.4 567.2 550.8 536.2 526 505.8 484.6 464.8 450.9 435.9 433.1 436.4 448.4 467.9 488.4 500.7 506 502.6 512.9 532.2 541.1 546.3 -9999 -9999 -9999 -9999 -9999 -9999 -9999 -9999 -9999 -9999 -9999 -9999 -9999 -9999 -9999 -9999 -9999 -9999 -9999 -9999 -9999 -9999 -9999 -9999 -9999 -9999 -9999 -9999 -9999 -9999 -9999 -9999 -9999 -9999 -9999 -9999 -9999 646 616.1 568.7 510.2 447.8 390.1 376.6 401 453.5 501 540.6 550.4 536.7
563.7 565.2 565.6 563.6 551.9 534 517.3 508.5 508 515.3 520 514.3 510.5 503.2 495.2 492.8 497.7 510.8 523 518.4 484 481.6 548 570.2 -9999 -9999 -9999 -9999 -9999 -9999 -9999 -9999 -9999 -9999 -9999 -9999 -9999 -9999 -9999 -9999 -9999 -9999 -9999 -9999 -9999 -9999 -9999 -9999 -9999 -9999 -9999 -9999 -9999 -9999 -9999 -9999 -9999 -9999 -9999 -9999 -9999 -9999 -9999 579.1 585.1 554.1 480.7 398.3 364.2 382.4 401 461.7 554.3 627.8 664.7 651.2
543.4 544.6 539.1 532.7 526 514.8 495.4 483.1 483.8 538.2 529.4 539 553.1 556.1 557.3 567.3 573.8 580.5 590.9 602.1 622.6 661 -9999 -9999 -9999 -9999 -9999 482.1 -9999 -9999 -9999 -9999 -9999 -9999 -9999 -9999 -9999 -9999 -9999 -9999 -9999 -9999 -9999 -9999 -9999 -9999 -9999 -9999 -9999 -9999 -9999 -9999 -9999 -9999 -9999 -9999 -9999 -9999 -9999 -9999 -9999 -9999 -9999 737.2 720.5 632.3 502 370.2 290.7 309 413.2 540.9 681.5 808.8 885.3 864.4
599.7 483.3 472.6 468.8 467.1 476.3 485.9 474 481.5 498.2 519.3 540.6 550.5 558.7 572.5 596.8 624.5 641.9 651.6 658.5 664.7 671.7 679 647.2 592.8 546.6 -9999 -9999 -9999 643.7 -9999 815 -9999 -9999 -9999 -9999 -9999 843.2 -9999 -9999 -9999 -9999 -9999 -9999 -9999 -9999 -9999 -9999 -9999 -9999 -9999 -9999 -9999 -9999 -9999 -9999 -9999 -9999 -9999 -9999 -9999 -9999 -9999 -9999 825.9 729.8 600.1 489.1 469.7 491.9 579.2 652.5 -9999 -9999 -9999 -9999
393.4 408.7 416.6 421.3 428.6 448.5 498.9 516 520.7 538 551.3 559.1 562.7 575.4 605.8 637.4 650.6 646.8 671.6 688.7 677.3 661.2 637.7 601.2 564.2 549.5 541.2 -9999 -9999 637.8 687.8 749.4 827.6 -9999 -9999 -9999 -9999 -9999 -9999 -9999 -9999 -9999 -9999 -9999 -9999 -9999 -9999 -9999 -9999 -9999 -9999 -9999 -9999 -9999 -9999 -9999 -9999 -9999 -9999 -9999 -9999 -9999 -9999 -9999 745.7 743.2 774.5 811.2 869.5 880.5 838.5 780.5 -9999 -9999 -9999 -9999
208.8 325 384.2 396.6 433.1 426.8 464.8 510.6 569.8 609.3 610.6 611.3 609.8 627.3 650.3 661.5 655.7 685.7 771.2 707.2 663.1 640.4 601.5 559.9 535 518.4 511.1 528.8 558.8 608.5 649.3 676.8 716.9 731.4 618.8 -9999 729.4 795.9 -9999 -9999 -9999 -9999 -9999 -9999 -9999 -9999 -9999 -9999 -9999 -9999 -9999 -9999 -9999 -9999 -9999 -9999 -9999 -9999 -9999 -9999 -9999 -9999 -9999 -9999 696.6 676.7 748.1 839.8 1031.9 1104 913.1 863.3 -9999 -9999 -9999 -9999
340.1 377.1 410.3 433 428 422.4 465.6 510.3 572.1 624 640.5 662.7 675.9 685.3 695.6 705.6 667.2 675.9 728.5 729.1 703.5 660.4 601.9 551.7 512.3 487.8 481.7 499.6 560.3 614.1 627.5 607.5 598.8 666.9 -9999 -9999 682.2 728.2 771.8 -9999 -9999 -9999 -9999 -9999 -9999 -9999 -9999 -9999 -9999 -9999 -9999 -9999 -9999 -9999 -9999 -9999 -9999 -9999 -9999 -9999 -9999 -9999 -9999 -9999 656.4 419.8 561.3 748.3 776.4 -9999 -9999 -9999 -9999 -9999 -9999 -9999
413.3 435.7 446.4 463.4 476.8 491.9 501.2 498.7 513.2 589.9 629.7 639.1 667.3 701.8 705 703.8 721 743.5 766.8 777.4 763.3 697.2 634.5 611 527 502.4 531.9 569.7 630.2 683.1 666.3 553 440.7 462 455.2 341.4 572.2 729.1 -9999 -9999 -9999 -9999 -9999 -9999 -9999 -9999 -9999 -9999 -9999 -9999 -9999 -9999 -9999 -9999 -9999 -9999 -9999 -9999 -9999 -9999 -9999 -9999 -9999 -9999 -9999 595 657.2 789.7 841.1 -9999 -9999 -9999 -9999 -9999 -9999 -9999
441.4 460 486.5 512.4 524.9 514.2 540.1 539.2 572.3 620.2 616.1 651.3 696.3 728.7 747.1 769.9 793.2 802.2 797.1 777 739.1 673.8 629.8 639.3 641.5 642.4 663.4 702.7 746.5 752.9 707.4 591.1 507.9 506.6 -9999 -9999 668.6 736 659.5 -9999 -9999 -9999 -9999 -9999 -9999 -9999 -9999 -9999 -9999 -9999 -9999 -9999 -9999 -9999 -9999 -9999 -9999 -9999 -9999 -9999 -9999 -9999 -9999 -9999 -9999 598.9 734.9 943 -9999 -9999 -9999 -9999 -9999 -9999 -9999 -9999
445.3 475 505.7 537.8 561.5 579.6 567.2 564.7 575.6 613.4 638.8 655.5 733.1 770.8 797.2 839.2 859.5 832.3 797.9 760.6 699.8 625 593 614.3 655.1 730.2 757.7 791.7 828.5 857.8 810.4 711.2 629.2 -9999 -9999 -9999 816.4 950.8 803.7 -9999 -9999 -9999 -9999 -9999 -9999 -9999 -9999 -9999 -9999 -9999 -9999 -9999 -9999 -9999 -9999 -9999 -9999 -9999 -9999 -9999 -9999 -9999 -9999 -9999 -9999 500.7 912.7 -9999 -9999 -9999 -9999 -9999 -9999 -9999 -9999 -9999
422.2 453.2 483.1 520.8 555.2 562.5 559.5 553.4 550.6 562.4 569.2 606.5 669.4 729.2 788.8 848.6 880.6 847.2 783.9 712.7 631.6 566.7 538.4 552.4 590.6 647.5 721.4 810.1 865 872.3 851.2 795.3 752.8 -9999 -9999 -9999 781.5 848.9 800.9 -9999 -9999 -9999 -9999 -9999 -9999 -9999 -9999 -9999 -9999 -9999 -9999 -9999 -9999 -9999 -9999 -9999 -9999 -9999 -9999 -9999 -9999 -9999 -9999 -9999 1505.5 -9999 -9999 -9999 -9999 -9999 -9999 -9999 -9999 -9999 -9999 -9999
413 433.5 460.6 502.7 544.7 564.4 597.4 545.8 526 538.5 571.3 613.7 672.1 693.3 744.9 798.5 823 794.3 721.9 619.3 502.2 437.5 455.7 491.4 544.5 592.9 664.7 755.6 830.5 885.1 892.4 841.8 796.4 -9999 -9999 -9999 744.7 724.9 734.7 680.1 -9999 -9999 -9999 -9999 -9999 -9999 -9999 -9999 -9999 -9999 -9999 -9999 -9999 -9999 -9999 -9999 -9999 -9999 -9999 -9999 -9999 -9999 1209.8 1238.8 -9999 -9999 -9999 -9999 -9999 -9999 -9999 -9999 -9999 -9999 -9999 -9999
430.6 443 450.3 483.5 513.8 521.1 506.3 473.9 470.7 467.8 543.7 591.5 619.5 658 708.7 762.7 779.1 742.1 678.7 574.7 467.2 442.4 473.2 496.5 528.9 560.1 673.8 805.2 875.1 888 878 833.8 805.5 -9999 -9999 -9999 725 771.6 859.1 843.1 -9999 -9999 -9999 -9999 -9999 -9999 -9999 -9999 -9999 -9999 -9999 -9999 -9999 -9999 -9999 -9999 -9999 -9999 -9999 -9999 -9999 -9999 -9999 -9999 -9999 -9999 -9999 -9999 -9999 -9999 -9999 -9999 -9999 -9999 -9999 -9999
