datasets/global_precipitation_1950_2017/rasters/precip_2002-total.asc
NCOLS 720 
NROWS 347 
XLLCORNER -180 
YLLCORNER -90 
CELLSIZE 0.5 
NODATA_value -9999 
[rows 306 to 339 of 347, columns 152 to 227 of 720]
-9999 -9999 -9999 -9999 -9999 -9999 -9999 -9999 -9999 -9999 -9999 -9999 -9999 -9999 -9999 -9999 -9999 -9999 -9999 -9999 -9999 -9999 -9999 -9999 -9999 -9999 -9999 -9999 -9999 -9999 -9999 -9999 -9999 -9999 -9999 -9999 -9999 -9999 -9999 -9999 -9999 -9999 -9999 -9999 -9999 -9999 -9999 -9999 -9999 -9999 -9999 -9999 -9999 -9999 -9999 -9999 -9999 885.5 -9999 -9999 -9999 -9999 -9999 -9999 -9999 779.9 766.5 751.9 743.8 -9999 -9999 716.2 718.6 721.4 724.7 719.1
-9999 -9999 -9999 -9999 -9999 -9999 -9999 -9999 -9999 -9999 -9999 -9999 -9999 -9999 -9999 -9999 -9999 -9999 -9999 -9999 -9999 -9999 -9999 -9999 -9999 -9999 -9999 -9999 -9999 -9999 -9999 -9999 -9999 -9999 -9999 -9999 -9999 -9999 -9999 -9999 -9999 -9999 -9999 -9999 -9999 -9999 -9999 -9999 -9999 -9999 -9999 -9999 -9999 -9999 -9999 -9999 -9999 -9999 -9999 -9999 -9999 -9999 -9999 -9999 -9999 -9999 741.9 -9999 717.6 706.4 -9999 -9999 694.3 695.2 700.3 704.9
-9999 -9999 -9999 -9999 -9999 -9999 -9999 -9999 -9999 -9999 -9999 -9999 -9999 -9999 -9999 -9999 -9999 -9999 -9999 -9999 -9999 -9999 -9999 -9999 -9999 -9999 -9999 -9999 -9999 -9999 -9999 -9999 -9999 -9999 -9999 -9999 -9999 -9999 -9999 -9999 -9999 -9999 -9999 -9999 -9999 -9999 -9999 -9999 -9999 -9999 -9999 -9999 -9999 -9999 -9999 -9999 -9999 -9999 -9999 -9999 -9999 -9999 -9999 -9999 -9999 -9999 724.3 708.2 697 686.9 681.2 -9999 -9999 678.4 683.1 689
-9999 -9999 -9999 -9999 -9999 -9999 -9999 -9999 -9999 -9999 -9999 -9999 -9999 -9999 -9999 -9999 -9999 -9999 -9999 -9999 -9999 -9999 -9999 -9999 -9999 -9999 -9999 -9999 -9999 -9999 -9999 -9999 -9999 -9999 -9999 -9999 -9999 -9999 -9999 -9999 -9999 -9999 -9999 -9999 -9999 -9999 -9999 -9999 -9999 -9999 -9999 -9999 -9999 -9999 -9999 -9999 -9999 -9999 -9999 -9999 -9999 -9999 766.2 749.8 735.9 722.8 710 699.4 690.1 682.1 679.2 677.6 -9999 675.7 680.3 685.7
-9999 -9999 -9999 -9999 -9999 -9999 -9999 -9999 -9999 -9999 878.3 -9999 -9999 -9999 -9999 -9999 -9999 -9999 -9999 -9999 -9999 -9999 -9999 -9999 -9999 -9999 -9999 -9999 -9999 -9999 -9999 -9999 -9999 -9999 -9999 -9999 -9999 -9999 -9999 -9999 -9999 -9999 -9999 -9999 -9999 -9999 -9999 -9999 -9999 -9999 -9999 -9999 -9999 -9999 -9999 -9999 -9999 -9999 763.1 764.6 749.9 736.7 727.5 -9999 707.5 698.2 690 683.6 679.3 675.6 674.1 673.5 -9999 -9999 681 687
-9999 -9999 -9999 -9999 -9999 -9999 -9999 857.1 862.2 864.6 866.9 864.5 868.4 868.4 871 -9999 -9999 -9999 -9999 -9999 -9999 -9999 -9999 -9999 -9999 -9999 -9999 -9999 -9999 -9999 -9999 -9999 -9999 -9999 -9999 -9999 -9999 -9999 -9999 -9999 -9999 -9999 -9999 -9999 -9999 -9999 -9999 -9999 -9999 -9999 -9999 -9999 -9999 -9999 -9999 -9999 -9999 -9999 -9999 -9999 -9999 -9999 -9999 -9999 -9999 666.9 -9999 662 660.9 661.1 -9999 -9999 -9999 -9999 676.1 679.9
-9999 824.7 -9999 -9999 -9999 -9999 -9999 -9999 849.3 852.8 -9999 -9999 -9999 -9999 -9999 -9999 -9999 -9999 -9999 -9999 -9999 -9999 -9999 -9999 -9999 788.6 -9999 -9999 -9999 -9999 755.8 754.2 -9999 -9999 -9999 -9999 -9999 -9999 -9999 -9999 -9999 -9999 -9999 -9999 -9999 -9999 -9999 -9999 -9999 -9999 -9999 678.8 675.5 -9999 -9999 -9999 -9999 -9999 -9999 -9999 -9999 -9999 -9999 -9999 -9999 -9999 -9999 -9999 -9999 -9999 -9999 -9999 -9999 656.2 662.1 666.6
-9999 818.2 820.2 821.9 824.1 825.2 826.2 822.6 821.8 822.5 820.2 820.7 817 813.6 -9999 -9999 806.8 797.4 788.3 779.2 769.8 759.7 750.5 741.1 732.2 -9999 -9999 707.6 699.6 692.9 685.2 676.7 668.4 663.6 -9999 658.9 656.1 -9999 -9999 -9999 -9999 -9999 -9999 -9999 -9999 -9999 -9999 -9999 623.3 617.1 -9999 611.2 610.4 -9999 -9999 -9999 600.6 602.8 602.5 -9999 596.5 -9999 -9999 -9999 -9999 -9999 603.3 -9999 611.7 616.4 621.4 626.7 631.8 637.3 642.6 648.7
-9999 -9999 810 811.9 811.2 -9999 -9999 805.8 802.4 796.6 792.2 786.3 779.1 771.1 762.9 754 744.9 735.2 725.7 715.9 717.6 704.3 690.1 677.2 665.5 654.4 646.1 634.9 626.8 617.5 610.6 600.6 594.4 588.7 583.4 586.6 583 579 573.3 567.8 564.3 561.4 562.8 -9999 -9999 -9999 560.7 562.3 561.8 558.4 556.7 555.2 555.7 555.2 -9999 -9999 554.7 558.7 556.2 555.4 550.2 551.9 555.7 559.2 562 566.5 571.6 576.8 581.7 586.6 592.5 597.5 603.5 609.7 616.4 622.8
-9999 -9999 -9999 -9999 -9999 788.9 783.1 776.4 768.9 761.2 752.7 743.8 734.4 724 713.1 701.7 690.6 679.4 668 655.8 643.7 631.1 624.5 613.8 615.7 599.9 587.3 575.4 565.2 556 547.3 536.6 531.1 517.4 513.8 504.5 506 499.6 493.5 491.3 491 489.7 489.4 490.6 492.7 494.2 495.6 496.6 498.7 500.9 502.5 503.7 505 506.1 507.3 509 510 510.7 513 515.5 518.5 521.4 524.5 527.5 535.7 537 542.1 547.5 552.7 558.1 564.3 571.4 578.1 585.4 592.1 599.5
-9999 -9999 -9999 -9999 -9999 -9999 -9999 -9999 732.6 721.5 709.8 697.7 686 673.8 662.5 650.8 638.5 627.6 616.2 604.7 593 580.6 566.9 554.1 541.7 528.9 517.7 509 498.2 487.1 488.4 478.5 467.5 458.3 451.7 445.7 440.7 437.4 434.5 431.5 427.7 432.1 433.5 436 439.4 444.4 450.3 456 460.2 463.8 466.7 470.2 472.9 475.4 477.4 480.5 482.3 483.9 485.7 487.6 490.9 493.6 497.7 501.9 507.1 512.2 517.1 522.6 528.4 536 540.9 547.6 554.4 563.9 564.1 575.1
728.7 725.8 721.3 718.2 -9999 -9999 -9999 -9999 -9999 676.2 663.6 650.4 637.6 625.2 613.1 601.3 590.2 579.4 567.5 556.2 544.3 531.7 519.1 506.5 493.6 480.8 468.4 456.3 443.2 433.4 423.6 413.8 405.6 397.6 390.8 383.6 390.5 385.6 383.8 382.8 383.3 385.8 389 396.9 400.8 408.5 415.5 422.7 425.6 435.1 440.4 443.7 447.9 452.8 457.4 459.4 460.9 462.5 463.6 466.4 469.3 472.8 476.7 481 484.9 489.9 494.8 500.2 503.4 513 519.3 527.4 534.7 542.2 550.1 557.6
676.7 677.7 672.2 665.6 662.7 658 653.4 646.9 637.3 624.7 611.9 599.6 587.7 576 564.6 553.6 542.6 531.6 520.7 509.6 498.3 486.5 474.8 463 451.2 437.8 423.6 410.2 399.5 389.9 380.8 372.4 364.7 354.7 346 338.7 332.7 329 327.4 329.4 333.8 340.2 347.2 366.6 374.4 381.3 389.4 397.6 404.8 410.8 416.5 421.7 425.7 429.7 432.6 435.5 437.2 439.2 441.1 443.7 448.1 450.2 455.7 460.4 465.1 470.5 475.9 482 488.9 495.3 502.2 508.4 515 524.4 530.6 537
605.7 613.4 608.5 602.8 598.7 594.2 590 587.2 579.6 569.4 559.3 549.4 539.8 529.9 519 507.8 497.9 487.4 476 465.5 452.8 441.7 430.6 419.6 413.9 399.1 390 380.7 368.2 359.4 350.6 342.4 334.6 327.8 321.9 316 311.8 309.1 308.3 310.2 314.2 319.1 325.5 333 340.4 347.6 354.7 362.6 369 376.8 378.8 -9999 -9999 -9999 411.8 415.4 418.7 423.7 424.7 428.8 432.3 435.7 439.2 445 450.1 455.5 460.1 465.8 471.8 478.2 484.5 -9999 -9999 -9999 -9999 -9999
536.8 534.5 535 534.8 530.9 526.1 521.3 515.3 511.1 508.8 504.8 499.1 491.5 481.8 472.4 464 455.3 446.6 437.8 429.4 419.4 410.4 401.8 393.9 385.8 377.6 368 356.7 347.4 348.8 332.5 327.2 322.2 318.5 315 311.9 309.1 307.3 309.3 311.2 311.1 315.2 319.9 324.6 329.4 334.4 339.9 344.8 350.5 356.8 362 368.1 373.1 -9999 -9999 -9999 -9999 -9999 -9999 -9999 -9999 -9999 -9999 -9999 -9999 -9999 -9999 -9999 -9999 -9999 -9999 -9999 -9999 -9999 -9999 -9999
433.4 435.3 436 436 437.7 436.3 435.2 432.7 431.5 431 429.3 427.3 424.9 420.3 414.8 409.5 403.6 398.7 393.5 387.9 382.5 377.6 372.5 367.6 361.6 355.6 348.9 342.3 336.7 332.7 329.3 326.3 323.4 321.2 318.3 315.8 313.4 312.3 312.1 313.5 314.9 316.3 318.9 325.8 328.6 332 334.1 338.6 342.9 347.2 351.1 352.1 356.5 360.9 364.5 -9999 -9999 -9999 -9999 -9999 -9999 -9999 -9999 -9999 -9999 -9999 -9999 -9999 -9999 -9999 -9999 -9999 -9999 -9999 -9999 -9999
333.4 336.4 339.4 342.3 345.4 346 349.6 350.5 350.7 351.2 352.1 352 351.7 350.6 349.8 347.3 347.5 345.8 343.9 341.7 340.4 338.3 336.3 334.1 330.7 327.5 329.8 322.3 320.7 319.3 318.1 317.1 314.7 312.9 311.4 310.2 310.1 310.9 311 312.6 314.9 312.3 314.2 317.1 320.2 323 326.2 328.6 333.9 333.1 337.3 339.9 343.5 346.2 351.1 354.3 358.6 361.2 365.5 369.5 373.7 377.5 -9999 -9999 -9999 -9999 -9999 -9999 -9999 -9999 -9999 -9999 -9999 -9999 -9999 -9999
248.8 253.2 257.3 260.6 263.3 266.3 268.9 274.8 274.5 277.5 280.2 282.2 283.9 285 286.9 287.2 288 288.3 289.5 290.8 292.2 293.1 294.3 294.6 296 295 294 294.1 296.7 296.5 296.2 296.2 297.5 296.9 297.8 298.4 298.9 299.9 304 303 304.9 307 306.8 311.7 313.7 315.2 317.1 318.9 321.1 323.6 326.9 -9999 -9999 -9999 -9999 -9999 -9999 -9999 -9999 -9999 -9999 -9999 -9999 -9999 -9999 -9999 -9999 -9999 -9999 -9999 -9999 -9999 -9999 -9999 -9999 -9999
179.1 185.1 190.3 195.3 197.8 200.4 203.3 206 209.7 213.8 217.8 221.7 225.6 228.3 230.4 232.4 234.4 236.6 239.2 241.8 244.9 247.8 250.5 253 255.8 258.2 260.1 260.9 263.4 265.2 267.5 269.8 272.2 273.6 275.8 277.6 281.1 282.1 284.3 287 289.6 -9999 -9999 -9999 -9999 -9999 304.1 306.2 308.4 311.6 313 315.7 -9999 -9999 -9999 -9999 -9999 -9999 -9999 -9999 -9999 -9999 -9999 -9999 -9999 -9999 -9999 -9999 -9999 358.4 360.4 361.6 364.3 -9999 -9999 -9999
126.2 128.7 140.2 138.4 143.8 149.3 152.2 160.1 163.7 163.7 167.7 169.5 171.7 175.3 180.6 185.5 188.1 193.8 197.3 198 201.8 204.6 206.7 209.4 212.6 215.9 219.3 222.5 225.8 229.1 233 235.6 238.7 241.9 244.9 247.5 250.9 254.2 257.3 260 263.1 266.1 269 271.7 274.9 -9999 -9999 284.3 286 289.6 -9999 -9999 -9999 -9999 -9999 -9999 -9999 -9999 -9999 -9999 -9999 -9999 -9999 -9999 -9999 328.8 330 332.5 334.5 -9999 -9999 -9999 -9999 -9999 -9999 -9999
86.7 90.7 102.5 106 102.2 107.5 111.1 115.2 118.3 121.7 124.3 126.3 137.2 140.7 137.3 142.3 146.8 150.2 154.2 156.1 158.8 162.2 166.2 169.9 172.8 176.3 180.7 183.4 187.3 190.5 194.2 197.5 201 204.6 208.2 211.4 215.1 218.4 222.1 225.7 229 232.4 236.1 239.1 243.3 246.9 250 253.2 256.6 259.9 263.5 265.2 269.9 272.1 276.4 279.1 -9999 -9999 -9999 -9999 -9999 -9999 -9999 -9999 -9999 -9999 -9999 -9999 -9999 -9999 -9999 -9999 -9999 -9999 -9999 -9999
60.1 64.1 68 70.9 73.9 76.3 78.5 81.5 84.6 87.7 91.1 94.9 98.2 99.7 104.9 104.7 108.4 113.5 116.8 118.6 121.5 124.6 131.7 135 135.5 139.1 142.2 145.5 148.5 151 155.4 159 162.5 165.2 168.7 172.3 176.8 180.3 183.9 187 190.7 194.2 197.8 201.3 205 208.5 211.8 215.6 218.8 222.6 226.1 229.2 233.1 237.1 239.6 243.1 -9999 -9999 -9999 -9999 -9999 -9999 -9999 -9999 -9999 -9999 -9999 -9999 -9999 -9999 -9999 -9999 -9999 -9999 -9999 -9999
42.5 45 47.7 50.1 52.1 53.9 56.8 59.6 63.6 65.6 66 69 71.9 74.5 76.6 79 83.8 83.4 86.4 90.2 92.3 95.6 98.7 101.4 104 106.9 109.5 111.6 114.8 118.3 121.1 124.4 127.8 130.6 133.5 136 139.2 142 144.7 147.8 151.1 154.7 157.6 161 164.2 167.6 170.9 174 177.2 180.8 183.8 188.6 191.9 195.7 198.9 201 204.4 -9999 -9999 -9999 -9999 -9999 -9999 -9999 -9999 -9999 -9999 -9999 -9999 -9999 -9999 -9999 -9999 -9999 -9999 -9999
35.9 37.4 39 40.7 41.8 44.6 46.4 47.9 49.6 51.2 53.1 54.7 56.2 58.3 60 62 64.2 66.2 68.2 70.1 72.3 74.5 75.9 78 80.7 82.7 84.5 86.7 88.8 91.3 93.6 96 97.9 100.5 103.2 105.5 107.7 111.6 114.1 116.8 118.3 120.8 123 125.1 127.2 129.5 131.9 133.8 136.6 139 141.7 144.2 146.9 149.8 152.5 154.9 157.9 160.7 163.6 166.8 170 173.1 176.9 179.5 181.3 183.1 185.3 186.8 188.7 191.4 193.7 196.1 198.2 -9999 -9999 -9999
27.7 26 28.1 29.3 29.5 29.8 31.1 33 35.3 36.2 36.6 40.4 39.9 40.5 40.5 45.5 43.9 46 48.1 50.5 52.7 53.3 53.8 55.4 58.1 60.3 63.3 65.5 67 67.6 68.8 69.4 70.5 72.5 74.8 77.4 80.6 83.3 85.5 86.4 87.5 88.8 90.4 94.1 95.6 97.4 96.3 97.8 99.6 101.4 102.9 104.9 106.8 108.9 110.8 112.6 114.6 116.6 119.3 122.3 125.7 128.9 132.3 134.6 136.2 137.8 140.3 141.8 144 147.1 149.9 152.6 155.4 156.9 157.8 158.4
18.6 19.5 20.6 21.4 21.5 21.8 21.9 22 23.2 23.9 24.8 26.4 27.7 28.8 29 29.2 29.5 35.4 36.3 32.7 34.3 35.8 37.8 38.9 40.6 42.5 44.6 46 47.6 48 48.4 48.9 49.6 50.7 53 55.1 57.2 59.4 60.8 61.5 61.9 62.9 63.9 64.7 65.2 66.3 67.2 68.2 69.4 70.1 75.3 77.7 78.8 80.5 81.8 83.1 84.3 85.6 88 91.1 94 97.1 100 102.2 103.5 104.2 105.4 106.7 108.9 112.1 115.2 118.2 120.9 123 124.1 124.9
12.3 13.1 13.6 14.3 14.8 15 15.8 15.9 16.3 16.3 16.4 16.8 17.9 18.4 19.3 20.3 20.6 24.2 24.5 26.4 27.4 28.7 29.8 30.4 30.6 33.4 32.5 33.4 34.8 36.1 37.1 37.7 38 39 40.6 42.3 43.9 45.9 47 47.6 47.9 48.8 49 49.6 49.9 50.5 51.3 52.1 52.6 53.2 54 54.8 55.3 56 56.8 57.6 58.4 59.1 60.7 63 65.5 68.1 70.6 72.3 73.3 74.3 75.4 76.4 78.1 81.1 83.8 86.3 89 90.8 92.1 93.2
12.9 13.1 13.5 13.6 14.1 14.2 14.7 14.9 15.6 15.6 15.8 16.1 17.8 18.6 16.8 17.2 18 18.5 19.2 19.2 20 20.8 21.5 22.2 22.3 22.7 22.7 22.5 23.1 26.9 27.1 27.2 27.2 27.8 28.7 29.6 31.2 32.2 33.4 33.5 33.9 34.2 34.6 35.1 35.2 35.7 35.8 36.4 36.6 37.3 37.8 38.1 38.6 38.8 39.6 40 40.3 47.2 48 44.1 45.6 47.5 49.4 50.8 51.6 52.1 52.9 60 61.4 57.2 59.5 61.7 63.8 65.3 66.3 67.1
9.4 9.7 9.7 9.6 10.8 11.2 11.3 11.9 12 11.9 12.2 12.2 12.3 12.6 12.8 12.8 13.3 14 14.2 14.3 14.3 14.4 16.3 14.9 15.5 16 16.5 16.8 17.5 17.4 17.8 18.6 19.2 19.7 19.9 19.9 22.3 20.5 21.2 22.3 23 23.9 24.3 24.5 24.8 25 25 25.5 25.7 26 26.4 26.7 27.1 27.2 27.6 27.9 27.9 33.2 33.4 30.3 31.9 33.2 34.8 35.5 36.3 36.5 36.9 42.4 43.4 39.8 41.6 43.3 44.9 46 46.6 47.6
6.1 6.2 6.5 6.6 6.8 7.3 7.5 7.6 7.7 8 8.1 8.2 8.6 8.8 8.8 8.7 9.7 9.2 9.6 9.8 10.2 10.3 11 11.2 11 11.4 11.9 12.1 12.1 12.2 12.3 13.6 12.7 13.1 13.6 14 14.3 14.5 14.5 14.5 14.4 16.9 15.3 15.9 16.3 17 17.3 17.6 17.8 18 18.2 18.2 18.3 18.8 19.1 19.3 19.4 23.2 23.4 21 21.8 23.1 24.1 24.8 24.9 25.2 25.4 29.6 30.3 27.4 28.5 29.9 30.9 32 32.2 32.7
3.6 3.7 3.8 4.2 4.3 4.4 4.4 4.7 5.2 5.3 5.3 5.3 5.3 5.4 5.6 6 6.1 6.5 6.7 6.6 6.8 7.1 7.3 7.4 7.3 7.4 8.3 8.1 8.2 8.3 8.7 8.9 9 9 9 9.2 10.4 9.2 9.7 9.9 10.1 10.2 10.5 10.8 10.8 10.9 12.4 11.2 11.7 12.1 12.6 12.9 13 13.1 13.4 13.5 13.8 16.2 16.3 14.8 15.5 16.2 16.8 17.2 17.3 17.6 17.9 20.5 21.1 19.2 19.7 20.4 21.3 21.9 22.4 22.6
2.1 2.3 2.3 2.4 2.5 2.9 3 3 3.1 3.2 3.3 3.4 3.6 3.5 3.7 4 4.1 4.3 4.2 4.4 4.4 4.5 4.8 4.6 4.8 5.1 5.2 5.3 5.6 5.6 5.6 5.6 6.2 5.9 5.9 6 6.2 6.3 6.3 6.5 6.5 7 7.6 6.7 7.2 7.4 7.7 7.7 7.8 8 8.1 8.1 9.2 9.3 9.3 9.2 9.3 10.8 9.9 9.9 10.4 10.5 11.1 11.3 11.4 11.8 11.8 13.7 14.1 12.8 13.2 14 14.4 14.8 14.9 15.3
1.7 1.7 1.8 2 1.6 1.7 1.8 1.9 2 2.1 2.1 2.3 2.3 2.3 2.4 2.4 2.5 2.5 2.5 2.8 2.8 2.9 2.9 3 3 3.1 3.2 3.4 3.4 3.7 3.9 3.6 3.6 3.9 3.9 3.9 3.9 3.9 3.9 4.5 4.6 4.3 4.4 4.6 4.6 4.6 4.6 5.3 5.5 5.1 5.2 5.5 5.5 5.7 6.1 6 6.2 6.2 6.5 6.6 6.7 6.8 7.5 7.8 7 7.3 7.7 7.8 8 8.7 8.8 8.8 9 9 9.2 9.4
1.8 1.8 1.8 1.9 1.9 1.9 1.9 1.7 1.5 1.5 1.5 1.6 1.6 1.6 1.6 1.7 1.7 1.8 1.9 1.9 1.9 2 2 2 2.4 2.4 2.4 2.5 2.5 2.5 2.3 2.4 2.4 2.5 2.5 2.5 2.6 2.9 3.1 3 3 3.1 3.1 3.3 3.2 3.2 3.2 3.2 3.4 3.4 3.4 3.6 3.8 3.8 3.6 3.8 3.9 4.3 4.4 4.2 4.2 4.4 4.5 4.7 4.6 4.2 4.3 4.6 4.6 4.6 4.6 4.6 4.7 4.8 4.8 5.2
