datasets/global_precipitation_1950_2017/rasters/precip_2005-total.asc
NCOLS 720 
NROWS 347 
XLLCORNER -180 
YLLCORNER -90 
CELLSIZE 0.5 
NODATA_value -9999 
[rows 306 to 339 of 347, columns 304 to 379 of 720]
-9999 -9999 -9999 -9999 -9999 -9999 -9999 -9999 -9999 -9999 -9999 -9999 -9999 -9999 -9999 -9999 -9999 -9999 -9999 -9999 -9999 -9999 -9999 -9999 -9999 -9999 -9999 -9999 -9999 -9999 -9999 -9999 -9999 -9999 -9999 -9999 -9999 -9999 -9999 -9999 -9999 -9999 -9999 -9999 -9999 -9999 -9999 -9999 -9999 -9999 -9999 -9999 -9999 -9999 -9999 -9999 -9999 -9999 -9999 -9999 -9999 -9999 -9999 -9999 -9999 -9999 -9999 -9999 -9999 -9999 -9999 -9999 -9999 -9999 -9999 -9999
-9999 -9999 -9999 -9999 -9999 -9999 -9999 -9999 -9999 -9999 -9999 -9999 -9999 -9999 -9999 -9999 -9999 -9999 -9999 -9999 -9999 -9999 -9999 -9999 -9999 -9999 -9999 -9999 -9999 -9999 -9999 -9999 -9999 -9999 -9999 -9999 -9999 -9999 -9999 -9999 -9999 -9999 -9999 -9999 -9999 -9999 -9999 -9999 -9999 -9999 -9999 -9999 -9999 -9999 -9999 -9999 -9999 -9999 -9999 -9999 -9999 -9999 -9999 -9999 -9999 -9999 -9999 -9999 -9999 -9999 -9999 -9999 -9999 -9999 -9999 -9999
-9999 -9999 -9999 -9999 -9999 -9999 -9999 -9999 -9999 -9999 -9999 -9999 -9999 -9999 -9999 -9999 -9999 -9999 -9999 -9999 -9999 -9999 -9999 -9999 -9999 -9999 -9999 -9999 -9999 -9999 -9999 -9999 -9999 -9999 -9999 -9999 -9999 -9999 -9999 -9999 -9999 -9999 -9999 456.3 -9999 -9999 -9999 -9999 -9999 -9999 -9999 -9999 -9999 -9999 -9999 -9999 -9999 -9999 -9999 -9999 -9999 -9999 -9999 -9999 -9999 308.6 302 295.5 289 283.5 279.2 274.8 270 266.2 262.5 259
-9999 -9999 -9999 -9999 -9999 -9999 -9999 -9999 -9999 -9999 -9999 -9999 -9999 -9999 -9999 -9999 -9999 -9999 -9999 -9999 -9999 -9999 -9999 -9999 -9999 -9999 -9999 -9999 -9999 -9999 -9999 -9999 -9999 -9999 -9999 508.3 501.2 494.7 -9999 -9999 -9999 470.4 464.1 460.5 -9999 -9999 -9999 -9999 -9999 -9999 -9999 -9999 -9999 -9999 -9999 -9999 -9999 349.7 343.7 338.4 334 330 325.9 321.1 315.4 311.4 307.5 303.2 301.6 298.8 298.5 297.5 297.3 296.8 299.5 303.6
-9999 -9999 -9999 -9999 -9999 -9999 -9999 -9999 -9999 -9999 -9999 -9999 -9999 -9999 -9999 -9999 -9999 -9999 -9999 -9999 -9999 -9999 -9999 -9999 -9999 -9999 -9999 -9999 -9999 -9999 -9999 -9999 -9999 -9999 518.7 511.5 504.2 497.4 491.4 486 479.5 476.2 469.6 462.3 454.2 447.1 438.3 428.3 417.3 405.1 393 386.2 379.4 372.3 365.4 359.2 353.1 346.8 340.5 335.6 331.5 328.8 326.1 323.6 319.2 316 313.1 312.3 312.1 312.1 312.7 316.6 314.9 316.9 319.5 323.9
-9999 -9999 -9999 -9999 -9999 -9999 -9999 -9999 -9999 -9999 -9999 -9999 -9999 -9999 -9999 -9999 -9999 -9999 -9999 -9999 -9999 -9999 -9999 -9999 -9999 -9999 -9999 -9999 -9999 -9999 -9999 -9999 -9999 -9999 521.9 516.2 509.1 502.2 495.3 489.1 486.6 479.8 469.8 461.6 455.5 445.8 436.4 425.4 413.8 403.9 395 387.4 380.1 372.5 366 359.5 353.4 348.2 343.4 338.1 334.5 331.7 329.4 327.9 327.2 324.3 322.6 322.6 322.9 323.9 325.1 326.1 326.6 327.6 330.3 332.4
-9999 -9999 -9999 -9999 -9999 -9999 -9999 -9999 -9999 -9999 -9999 -9999 -9999 -9999 -9999 -9999 -9999 -9999 -9999 -9999 -9999 -9999 -9999 -9999 -9999 -9999 -9999 -9999 -9999 -9999 551.8 545.2 539.6 533.5 527.4 521.2 515 508.5 505.7 499.4 491.9 484.4 477 467.7 458.8 449.2 438 430 420.1 411 401.9 394.2 386.7 379.5 372.5 365.9 359.8 354.2 349.3 344.7 340.8 338.2 336.7 335.6 334.6 334 332.5 332.6 333.3 333.8 334.5 334.3 334.7 335.2 345.4 346.6
-9999 -9999 -9999 -9999 -9999 -9999 -9999 -9999 -9999 -9999 -9999 -9999 -9999 -9999 -9999 -9999 -9999 -9999 -9999 -9999 -9999 -9999 -9999 -9999 589.4 583.3 578 576.9 566.5 561 555.6 549.9 544 538.4 532.5 526.8 525.1 519.4 512.7 507.5 500.9 493.6 485.5 477.9 468.5 459 449.5 441 431.8 422.3 413.2 405.1 397.5 389.9 383.4 376.7 369.7 364.2 358.8 354.7 351.4 348.1 346.2 344.8 344.6 343.6 342.6 342.6 341.6 341 340.7 340.3 347.7 348.7 349.9 350.9
-9999 -9999 -9999 -9999 -9999 -9999 -9999 -9999 -9999 -9999 -9999 -9999 -9999 -9999 -9999 -9999 -9999 -9999 -9999 -9999 -9999 -9999 -9999 -9999 592.1 586.8 581.2 575.7 573.4 564.3 559.1 553.9 548.4 543.2 538.3 536.8 531.2 525.5 519.9 514.6 509.4 502.8 495.9 488.2 478.2 470.2 462.4 453.7 443.3 435.1 428.3 419.3 411 403 395.9 389.4 382.6 377.3 372.8 368.6 365 361.8 359.4 357.2 355.9 353.7 360 358.6 358.4 358.2 357.5 356.2 356.8 357.2 357.9 358.3
-9999 -9999 -9999 -9999 -9999 -9999 -9999 -9999 -9999 -9999 -9999 -9999 -9999 -9999 -9999 -9999 -9999 -9999 -9999 -9999 -9999 -9999 -9999 -9999 -9999 590 584.9 579.3 574.1 571.1 563.8 558.8 553.3 552.8 547.7 542.5 537.7 532.1 527.4 521.3 515.2 509 503 496 487.7 480.4 472.7 465.2 454.6 448.2 439.9 432.1 424.8 417.9 410.3 403.8 398.4 393.2 387.8 383.2 378.9 375.7 373.1 376.6 375.2 372.4 370.2 369.3 368.6 367.9 368.7 367.3 366.6 365.9 365.9 365.1
-9999 -9999 -9999 -9999 -9999 -9999 -9999 -9999 -9999 -9999 -9999 -9999 -9999 -9999 -9999 -9999 -9999 -9999 -9999 -9999 617.4 600.3 607.2 601.9 597.1 591.7 587 582.1 577.3 572.9 572.1 567.2 562.4 557.7 552.7 547.5 542.6 537.4 533.6 527.2 521.6 516 511.7 504.7 498 489.2 484.4 476.5 469.3 461 452.9 445.4 438 431.4 425.4 420 414.2 408.7 404.4 404.7 399.3 396.7 393.5 390.9 388.7 386.4 384.3 382.2 381.3 379.9 378.6 376.7 375.5 373.5 372.1 370.3
-9999 -9999 -9999 -9999 -9999 -9999 -9999 -9999 -9999 -9999 -9999 -9999 -9999 -9999 -9999 -9999 -9999 -9999 627.9 622.6 617.4 612.1 606.9 601.7 596.4 591.8 587.2 582.1 581.7 577 574.8 569.9 565.1 560 555.2 549.8 545.4 541.1 535.5 529.9 524 518.8 513.4 510 504.3 498 492 485.5 478.9 472.2 464.7 459.2 452.4 446.5 441.3 438.4 433.3 428 423.5 419.6 416.7 412.9 409.9 406.5 403.2 399.7 397.1 393.9 391.8 389 386.8 384.4 381.1 378.2 373.8 371.8
-9999 -9999 -9999 -9999 -9999 -9999 -9999 -9999 -9999 662.2 659.1 655.9 650.8 646.6 642.3 638.1 633.9 629.2 624.1 619.3 614.5 609.2 604.3 599.8 594.7 590.2 589.3 584.5 579.5 574.4 573.5 568.7 564.2 560.2 555.4 550.9 546.4 539.3 534.7 529.9 529 519.6 515 510.7 506 500.6 495.1 490.1 484.9 479.6 474.7 470 464.7 460.3 455.5 450.4 446 441.7 437.2 434 429.5 425.9 422.2 418.1 414.1 409.7 405.9 400.6 395.6 391.5 388 383.3 378.1 372.7 366.9 361.1
-9999 694 689.1 684.9 679.9 675.2 670.7 666.2 661.1 657.2 654.2 650.4 646.4 642.3 637.9 633.2 628.8 623.9 619 614.3 609.6 604.6 599.8 598.5 593.5 589.4 584.6 580.5 576.1 571.6 568.6 564.2 560.1 555.6 551.3 546.8 542.3 542.5 532.1 527.6 522.9 518.1 512.8 509 504.7 500 495 490.7 486.5 482 478 473.8 469.9 466.2 462.1 457.5 452.5 448.9 445.4 440.5 435.7 430.7 426 421 414.1 410.6 403.8 397.2 389.4 384.2 376.5 368.8 361.8 355.6 347.5 339.2
702 696.8 691.9 686.4 681.7 677.3 672.2 668.2 663.7 659.4 654.6 650.7 646.1 641.6 636.3 631.4 626.9 622.1 617.3 612.1 609.9 604.7 599.8 595.2 590 585.3 580.3 576.7 572.2 567.1 562.3 557.5 553 548.3 541.5 537.7 533.8 529.9 525.8 521.8 517.6 513.8 508.6 506.1 501.8 497.5 493 489.1 484.8 480.4 476 471.9 468 463.3 458.7 454.2 449.5 443.8 440.4 434.2 428.2 423.4 416 409.3 402.6 393.3 385.7 378.2 371.1 362.3 352.9 343.5 334.9 326.2 317.8 309.5
707.3 701.9 696.3 690.7 685.8 680.1 674.9 663.8 665.9 660.7 655.9 651 645.8 640.8 636 631 626 622.6 617.3 612.1 606.9 601.8 596.9 591.9 587.1 581.5 576.5 571.6 569.4 562.7 562.3 549.7 545.1 540.6 536.3 532.2 527.8 523.3 519.4 515.1 511 507.4 503.3 498.9 495.1 491.1 487.4 482.9 479.1 474.6 470.1 465 459.7 453.7 447.4 440.8 434.5 429.2 422.7 416.1 409.5 400.7 392.7 384.4 375.7 366.5 358.6 347.8 338.4 328.5 318.8 311.9 299.4 290.4 281 271.8
709.6 703.8 698.5 693.1 687.3 681.4 675.9 670.2 664.6 659.5 654.9 649.6 644.1 640.6 634.3 629.4 623.7 618.7 613.7 608.5 603.7 598.6 593.4 588.2 582.9 577.6 576.1 562.5 559.5 554.4 549.3 544.8 540.2 535.5 530.7 525.8 521 516.5 515.2 507.8 503.6 499.7 495.7 491.4 486.6 480.6 476.1 470.8 465.2 459.3 453.9 450.6 444.1 436.8 429 422.7 414.5 405.9 397.3 388.7 379.8 371.2 364.2 354.4 343.7 334 323.9 313.6 304.9 295 285.2 273.7 265.8 257.3 246.8 239.1
707.7 702 694.3 689.8 683.7 677.8 671.8 666.7 661.4 655.9 650.3 644.7 639.2 633.5 627.8 624.5 617.4 612.3 607.2 601.9 596.6 592.5 581.5 577 572 567.1 561.7 556.2 555 548.9 543.9 537.7 533.1 528.1 522.4 518.3 513.9 509.1 504.7 499.8 495.6 490.9 486.2 481.2 476.4 469.9 464.3 457.7 450.7 443.1 435.2 426.9 419.2 410.7 402.7 394.2 385.1 375.7 366.5 356.8 347.5 336.8 327.9 319.1 310 301.6 281.1 270 259.9 262.2 252 231.8 224.8 218 209.9 204.1
695.2 690.5 683 678.1 672.9 666.9 661.3 655.2 649.5 645.6 640.7 636 630 624.2 618.8 612.9 608.6 598 593.6 587.1 581.8 579.9 575.8 570.1 562.9 558.1 554.3 548.6 543.6 537.9 532.7 527.3 527.9 519.9 515.8 508.1 506 501.2 496.1 490.8 485.5 480 474.3 468.1 461.6 455 446.9 439 430.3 421.7 411.9 402.3 392.2 382.1 371 359.6 353.9 338 327.9 318.5 309 299.2 275.7 266 256.5 247.6 238.9 230.6 223.3 216.1 209.4 197.1 196.7 179.9 175.3 170.6
672.6 668.7 661.8 657.7 653.3 648.8 644.2 639 634 628.5 626.2 614 610.2 606.2 600.8 597.2 591.3 585.7 580.7 575.8 570.9 565.8 560.8 555.1 551.5 546.6 542 537.4 532.5 527.2 522.3 520.7 515.8 511.3 505.2 500.6 495.2 489.8 484.5 478.8 470.8 466.1 459.2 451.8 444.4 436.5 428 419.1 409.2 399.1 387.5 379.3 363.6 351.5 339.1 326.9 314.8 302.6 291.1 279.8 269.2 259.1 249.6 240.4 231.9 223.6 215.9 203.7 191.4 179.1 188.2 163.6 159.2 154.9 151.4 147.3
645.8 642.7 635.2 631.8 623 619.2 615.4 611.2 606.8 602.7 602.4 596.4 589.7 587.1 582.8 577.9 573.3 568.6 563.3 560.4 555.7 551 543.9 539.7 535.5 531.1 526.8 522.2 517.8 512.9 508 503.5 498.3 493.4 488.2 487.1 481.5 474.4 470.5 464.9 458.3 451.4 444.6 437.1 425.7 416.4 406.6 398.6 387.3 375.3 363.2 351 338.4 326.6 314.4 302 290.4 278.9 268.2 258.4 247.9 238.6 229.8 219 206.3 193.8 182 192.5 166.1 160.2 154.7 149.2 144.4 139.9 152 147.6
606.1 600.5 596 593.5 590.8 589.7 585.1 583 579.3 575.9 573.7 570 564.8 561 557.1 553.2 549.4 544.6 541 536.7 533.8 529.9 524.6 520.5 516.5 513.5 508.4 503.8 499.6 495.5 488.9 486.1 481.8 474.7 471.3 466 460.1 457.5 452.5 445.6 439.6 432.1 423.7 414.9 405.9 396.2 385.7 375 363.7 352.2 340.9 328.6 316.3 308.2 297.1 286.7 269.8 259 248.4 238.2 228.7 216.8 210.7 196.2 187.3 179.2 172.3 166 159.5 153.8 148.2 143.1 137.7 133 128.1 123.9
567.4 566.1 564 561.8 560.1 557.3 552.4 549.6 546.1 543.4 542 538.8 535.8 532.6 530.3 527.4 523.8 520.1 516.9 512.8 509.6 505.8 502.2 498.1 494.2 490.4 486.3 482 476.3 471.5 468.6 463.3 457.6 451.7 446.1 440.4 435.2 430.4 426.5 419.5 412.9 404.6 395.3 386.3 377 367 357 347.2 337.1 326.4 315.6 304.8 294.1 283.6 272.9 261.6 251.8 240.3 231.8 220.1 211.4 202.1 193.9 185.8 178.2 170.9 164.5 158.1 152.1 146.2 140.8 135.6 130.5 125.2 121 116.5
529.5 528.3 525.2 523.2 521.2 519.2 516.9 515.1 512.9 510.8 507.9 503.9 501.2 498.6 495.4 493.6 490.7 487.7 484.2 480.9 477.4 474 470.1 466.4 461.6 456.4 453.2 448.6 445 439.9 434.7 429.6 424 417.8 410.4 405 402.5 396.1 388.3 381.2 373.5 368.9 361.2 352.8 340.9 334.4 325.1 315.4 305.9 296.6 286.7 277.1 267.3 258.4 248.5 238.7 229.5 219.8 210.9 202 196.9 187.5 180.6 170 162.8 156.1 150.4 144.9 139.4 133.5 128.2 122.7 117.3 112.8 108 103.1
483.6 482.4 480.9 479.5 477.5 475.7 473.8 471.5 468.7 466.2 463.6 461.3 458.7 456.3 453.3 450.1 447.8 443.7 440.6 436.9 433.4 429.9 426.3 421 417.6 413.6 409.1 402.9 398.8 393.7 388.6 383.1 377.8 372.6 366.4 360.4 354.6 349.3 344.2 339.6 332.7 325.4 317.9 310.6 303.4 296.5 288.3 280.4 272.1 264.1 255.5 247.3 237.8 229.5 221.2 213 205 197.1 189.3 181.5 173.7 169.5 162.7 153.2 146.9 141.3 136.2 131.1 126.2 121.4 116.9 112.5 108.5 104.1 99.8 95.9
430.7 429 428.9 427 425.2 423.4 421.3 419.2 416.9 414.9 412.5 409.9 407.4 404.3 400.5 397.4 394.3 391.1 387.5 384.6 379.7 376.9 373.4 369.5 365.4 361.1 356.9 352.7 348.1 343.4 338.6 333.8 328.8 323.8 319.2 313.8 308.3 305.2 299.4 292.8 286.9 280.7 274.8 268.5 261.9 255.7 248.6 242.4 235.6 229 222 215.2 207.4 201 194.1 187.6 181.3 174.8 168.1 162.2 156.1 150.1 144.2 138.3 132.8 127.8 122.8 118.2 113.8 108.9 108.1 103.9 100 93.5 90.2 86.5
374 373.2 371.7 369.8 367.9 366.2 363.1 361.5 359.8 357.3 355.1 353 350.6 347.4 344.7 342.4 339.7 336.9 334 330.1 326.8 323.4 319.8 316.2 312.4 308.9 305.3 301 297.2 293.2 288.7 285 280.4 276.1 271.5 267 262.2 258.9 254 249.1 244.3 239.1 233.8 228.5 223.3 217.2 212.1 206.8 201.7 196.4 190.8 185.3 178.4 173 167.8 162.3 157.2 152 146.7 143.1 137.9 132.7 127.9 123.6 119.1 115.2 111.1 106.6 102.9 98.9 95.4 91.6 88.3 84.7 81.5 78.3
313.6 313 311.9 310.2 308.8 307.5 305.6 303.2 301.9 300.5 298.5 296.5 294.6 292.3 289.5 287 284.7 282.1 279.6 276.8 273.9 271.2 268.2 265.5 262.3 259.4 255.9 253.2 249.6 246.2 242.9 239.3 235.3 231.9 228.1 224.2 220.3 216.1 212 207.9 204.4 201.3 196.2 192.4 188.4 184.6 179.8 175.7 171.2 165 160.7 156.8 151.8 147.5 143.9 140.1 135.9 131.7 127.7 123.7 119.6 115.6 111.7 108 104.1 100.5 97.2 95.4 92.1 88.7 84.6 81.3 78.6 76 73.3 70.7
255.6 254.8 252.9 251.8 251.6 250.4 249 247.6 245.1 243.6 242.1 241.4 239.2 237.4 235.5 233.8 231.2 229.4 227.7 225.6 223.4 221.4 218.4 216.2 214 211.7 209.1 206.4 203.7 201.2 198.3 195.6 192.8 190.1 187.1 184.1 181.4 178.1 175.6 172.2 168.8 165.2 161.5 158.2 155.3 154.2 148.7 145.4 142.7 139.5 136.4 133.6 129.6 122.3 119.7 116.7 113.8 111.1 108.1 105.2 102.3 99.5 96.7 93.6 91.1 88.3 85.6 82.8 80 77.2 74.5 71.6 68.6 66.3 63.5 61.5
201.3 200.3 199.5 198.8 197.6 196.7 195.2 193.7 193.3 192.4 190.7 188.8 187.6 187 185.4 183.7 182 180.7 179 177 175.4 173.7 171.7 169.8 168.1 166.1 164.2 162 160 157.8 155.8 153.6 151.3 149.4 147.1 145 142.7 140.2 142 139.7 137.4 135.1 128.7 126.3 124.1 121.9 119.6 117.2 115 112.7 110.2 107.2 105 102.2 99.7 97.5 95.4 92.9 90.1 86.9 84.2 82.3 80.4 78.3 76.1 73.7 71.1 68.7 65.8 63.4 61.3 59.4 57.8 55.9 54.2 52.8
152.8 152.3 151.5 151 150.2 148.8 147.9 146.5 147 146 145.1 143.7 143.1 142.1 140.8 139.7 138.8 138 136.5 135.5 134.3 132.9 131.2 130.3 128.9 127.3 126 124.6 122.5 121.6 120 118.4 116.9 115.3 113.8 112.2 110.5 106.2 104.6 102.9 101.3 99.7 98 96.2 94.8 93.1 91.2 89.7 87.9 86.1 84.7 82.8 81.3 79.7 78.5 76.6 74.9 73.5 72.1 70.3 68.4 66.4 64.4 62.9 62.7 60.9 59.3 57.4 55.9 52.5 51.1 49.8 48.6 47 45.3 44
111.1 111 110.7 110 109.5 108.8 108.3 107.6 106.6 106.2 105.8 105.3 104.7 103.8 103 102 101.3 100.8 99.7 98.8 97.9 96.8 95.8 94.9 94.1 93.4 92.3 91.4 89.8 89.1 88.1 87.3 85.8 85.1 83.8 82.5 81.4 80.8 79.7 78.5 77.3 76.3 75.3 73.7 72.4 71.6 70.2 69.1 67.6 66.6 65.7 64.2 63 62.9 61.2 59.8 58.3 57.1 55.9 56.1 53.1 52.2 51.1 50.1 49.1 48.1 45.7 44.4 43.2 42.2 41.4 39 38 37.3 36.2 35.2
78.7 78.7 78.5 78.2 78.2 77.7 77.6 77.2 76.9 76.7 76.2 75.6 75.1 74.5 74.7 73.6 73 72.6 72.2 71.8 71 70.3 70.1 69.4 68.7 68.1 67.8 67 66.4 65.5 65.2 64.4 63.6 62.7 62.8 62.1 61.2 60.1 59.3 58.5 57.9 57.2 56.1 55.4 54.8 53.7 52.8 51.9 50.8 49.8 48.8 47.7 46.8 45.5 44.8 43.9 42.4 43.1 40.9 40.3 39.6 38.9 38 37.2 36.7 36.2 35.5 34.4 33.5 33 32.3 31.8 31 30.6 30 29.1
54.8 54.7 54.6 54.2 53.4 53.9 53.6 53.5 52.6 52.4 53 52.8 52.6 52.4 52.1 51.9 51.5 51.2 50.2 49.9 49.4 49.1 48.9 48.4 48.2 47.8 47.7 47.2 47 46.7 46.1 45.7 45.5 45 44.4 43.9 43.3 43 42.5 42 41.5 40.3 39.7 39.1 38.4 37.7 37.9 37.2 35.9 35.1 34.7 34.3 34 33.4 33 32.4 32.2 31.7 31.4 30.7 29.9 29.5 28.8 28.5 28 27.6 27.2 26.6 26.5 25.8 25.3 24.9 24.4 23.7 23.4 22.9
