datasets/global_precipitation_1950_2017/rasters/precip_1998-total.asc
NCOLS 720 
NROWS 347 
XLLCORNER -180 
YLLCORNER -90 
CELLSIZE 0.5 
NODATA_value -9999 
[rows 34 to 67 of 347, columns 608 to 683 of 720]
380.3 380 377 376.8 375 373.2 367.6 364.7 358.6 351.4 342.1 328 312.7 291.5 272.4 253.3 238.8 225.4 217.1 210.1 204.7 202.7 199.4 198.7 198.2 198.7 200 202.3 203.6 204.7 203.7 202.1 200.5 198.8 198.3 196.9 196.5 195.6 196.3 197.8 201.9 207.8 214.4 220.9 227.6 231.4 236.3 239.9 242 242.9 243.3 244.5 246.5 246.5 246.3 247.1 246.6 245.2 243.1 241.8 241.3 241.1 242.8 243.1 244.7 245.8 246.8 247.6 246.2 245.5 247.9 247.7 248 249.3 250 250.3
384.9 387.9 387.9 386.4 381.5 379.7 376.4 374.3 373.4 371.4 368.6 365.2 359.2 342 328.1 311.4 292.6 268 253.2 239.7 229.7 223 219.7 216.4 214 212.9 211.9 211.4 211.5 211.6 210.3 209.8 207.8 207.8 206.1 206.1 206 206.9 207.6 208.9 211.3 215.1 218.5 223.3 229.2 233.9 239.1 244 247.9 251.2 253.6 258.1 263.4 269.9 264.2 255.5 249 242.8 237.1 234.6 235.7 236.5 240.8 246.4 251.7 256.8 261.6 263.7 265.2 265 264.5 263.4 262 261.4 260.4 258.7
387.4 390.5 392.2 391.3 386.7 381.2 377.1 377.7 381.1 384.1 384.7 384.3 382.3 373.3 360.7 335.9 311.7 288.3 268.4 253 239.1 231 223 219.2 216.9 215.9 216 216.6 217.9 217.4 217.8 217.3 216.3 215.3 215.5 217.5 219.4 221.3 222 224.3 226.3 228.3 229.9 232.3 235.8 240.1 243.8 247.8 251 254.2 256.8 260.3 262.9 263.2 259.4 252.3 242.9 231.1 219.5 211.8 211.2 218.5 230.8 243.8 256.3 266.8 275.5 282.4 286.8 286.2 281.8 275.1 269.2 265 261.5 257.5
385.7 395.5 403.9 412.1 415 411.7 406.5 401.1 398.7 395.5 395.5 396.2 395.3 386.4 363.4 334.7 305 278.8 259.7 247.4 236.3 228.7 223.1 222.3 221.5 222.1 225.7 228.6 229.8 230.6 227.2 222.7 219.2 218.6 221.7 227.7 235.4 239.2 234.4 237 245.3 247.2 246.1 245.3 245.9 248.7 251.1 251.7 253 253.7 255.7 258.2 261.2 262.6 259.4 252 238.7 221 200.7 184.9 185.7 202.9 226.1 248.9 270 289.8 307.5 321.2 330.3 331.7 325.7 313.8 299.4 283.9 269.1 255.4
381.4 390.4 403.9 422.6 444.2 444.3 432.2 418.9 402.6 393.3 402 429.8 452 416.8 347.8 281.3 245.4 236.7 235.7 234.6 231.3 231.4 231.3 230.3 232.4 239.8 247.8 255.4 255.4 250.3 239 225 216.1 214 216.4 224.2 237 248.9 252 252.3 257.6 259.7 258.1 258.9 260.8 262.9 263.4 262 259.8 259.4 262.2 269.1 276.3 281.6 282.6 280.2 271 259 246.3 237.3 235.7 245.1 260.1 277 299.5 323.4 348.3 373.6 395.3 404.5 395.7 373 343.1 310 279.8 257.2
372 375.3 384.1 397.4 406.1 411.1 411.2 396.6 367.7 326.1 299 332 394 383.1 321.2 264.7 238.9 231.6 229.8 231.6 234 239.1 241.7 243.4 252.3 267.9 279.8 288.3 280.5 262.4 235.1 216.7 207.7 203.3 202.3 200.6 204.6 232.4 260.1 269.1 270.9 269.3 269.9 271.1 275.4 280 280.5 280.8 279 280.8 288 300.4 309.2 318.2 324.4 325.8 322.6 313.4 308.6 304 302.4 305.4 310.5 322 339.6 360.1 378.8 400.3 418.2 430.8 424.2 399.4 362.6 328.4 293.1 264.9
356.1 360.9 364.7 366.2 363.8 360.3 347.9 328.9 302.5 268.5 241 242.9 263.4 276.6 278.7 278.7 270.6 253.4 241.1 238.6 240.1 250.6 266.1 286.8 307.4 323.3 329.4 335.3 334.3 283.6 216.9 183.6 194.6 200.8 202.7 207.5 222.8 259.7 277.3 280.4 280.6 278.7 280.2 282.7 288.4 293.6 298.5 299.7 300.5 308 319 332.5 344.8 354.9 360.5 355 350.9 349.5 349.5 348.7 348.7 348.7 348.7 357.8 376.1 391.6 406.5 420.1 430.6 427.3 410.8 386.3 360.8 325.3 294.3 270.6
320 321.1 319.1 314.1 306 296.9 284.3 270.9 257.9 248.8 242.4 238.2 238.6 238.8 238.4 237.6 234.8 232.1 232.7 234.4 233.2 245.9 273.4 310.4 349.2 379.2 366.2 341.6 323.2 292.9 255.3 227.9 214.4 208.4 208.6 214.3 225.8 239.5 250.4 259.2 262.4 268.4 276.7 287.1 298.9 310.1 313.1 310.3 307.2 319.4 335.3 352.8 368.8 383.1 398.5 404.7 395.1 391.7 389.9 382.6 373.1 358.4 337.6 322 346.6 393.2 425.2 437 431.6 419.9 394.7 361.9 320.1 284.6 256.8 232.2
266.7 262.1 261.2 259.2 255 248.8 240.7 233.7 230.7 232.1 232.7 224.5 225.6 222.1 216.8 209.2 202.9 202.4 213.2 231.5 250.5 268.7 286.7 302.2 319.1 330.1 330.4 320 308.3 292.9 273.7 254 236.2 222.1 215.4 215.6 216.8 224.2 233 238.9 245 252.3 262.1 271.6 287.5 300.8 319.7 332.3 335.1 338.6 345.5 358.6 375 393.7 419.6 451.6 480.6 462 425 399.1 386 370.9 350.8 346.9 378.5 421.3 442.5 436.2 420.9 402.5 376 326.7 256.2 196.4 183.6 186.5
216.1 217.2 217.9 221.5 225.8 228.5 224.5 221.4 221.2 223.1 224.3 223 222.1 216.2 209.7 201.8 198 199.1 212.1 233.1 256.2 280.1 297.2 304.7 307.6 312.1 310.5 301.5 290.9 279.7 271.8 264.2 263.3 266.9 274.7 282.7 283.4 285.7 287.6 284.6 280 266.2 255.7 251.2 249.9 253 263.8 289.2 302.6 311.2 320.9 328.5 343.1 352.8 353.7 339.5 325.5 337 352.4 366.5 387.1 412.2 449.2 505.2 575.9 608.1 541.2 -9999 -9999 -9999 -9999 295.3 -9999 191.6 180.9 193.9
219.1 218.7 222.1 227.5 231.8 233.1 233 229.3 225.7 227.1 227.4 223.4 218.4 211.3 199.7 189.9 190.7 202.7 221.2 238.3 255.6 271.7 286.9 299.4 309.1 317.8 311.2 295.1 279.5 270 269.3 274.6 290.1 309.6 317.5 312.4 324.4 319.4 321.8 323.4 324.5 305.2 285.4 265.3 253.3 249.4 255.5 268.6 280.4 291.9 302.6 309.4 315.3 315.4 320.1 324.6 316.8 312.9 301.7 325.5 364.7 396.6 418 449.1 499.3 -9999 -9999 -9999 -9999 -9999 -9999 -9999 239.5 224.1 225.2 -9999
241.3 234.9 235.6 242.5 253.3 262.2 264.8 261.2 253 245.6 243.1 245 239.9 224.7 203.2 182.5 184.8 210 237.2 260.8 274.2 279.4 287.6 301.7 316.8 330.7 334.6 328.8 318.5 304.1 297.1 299 306.9 313.3 314.6 309 298.5 292.6 302.3 320.4 338.2 347.3 348.8 335.1 323.5 311.6 312.5 322.1 330.1 331.3 323.9 319.4 319.1 306.8 282.9 249.7 270.1 275.5 283.5 316.5 335 343.2 322.9 299.7 -9999 -9999 -9999 -9999 -9999 -9999 -9999 -9999 -9999 240.9 -9999 -9999
306.1 301.8 299.4 301.3 308.5 317.9 318.1 311.2 297.8 282.8 269.3 260.6 254.3 246.2 237.4 233.5 237.7 251.8 269.7 288.3 302.9 295.8 294.2 307.8 330.5 356.4 380 389.2 379.4 360.9 345.2 340 341.2 339 331.6 319.9 310.4 315.1 329.8 353.2 385.4 410.2 409.1 406.3 411.4 426.4 426.8 420.7 410.4 407.4 393.9 385.5 377.6 362.1 330.7 302.6 292.6 300.7 314.8 333.6 346.2 347.5 -9999 -9999 -9999 -9999 -9999 -9999 -9999 -9999 -9999 -9999 -9999 -9999 -9999 -9999
395.1 404.6 403.2 394.3 379 360.2 352.6 352 341.6 326 312.1 299.3 289.6 282.4 276.8 272.6 273.5 280 282.6 279.5 276 275.8 280.4 299.4 330.7 371.5 410.9 434.7 423.4 398.7 387.2 379.9 375.3 371.4 366.8 361.1 360.5 367.3 371.1 382.8 413.6 436.2 428.4 424.3 432.1 439.2 445.3 437.6 446.8 456.4 429.8 445.4 497.1 393.9 315.6 313 317.6 328.8 348 373.5 -9999 -9999 -9999 -9999 -9999 -9999 -9999 -9999 -9999 -9999 -9999 -9999 -9999 -9999 429.7 459.3
473.5 497 495.7 462.4 424.7 410.8 400.6 392.6 381.9 368.3 353.4 343 334.4 327.7 317 303.7 291.3 281.7 272.2 264.8 258.3 253.6 257.7 277.5 308.3 343.5 374.3 394.5 404.9 407.1 410 410.6 405.5 403.7 403.5 404.4 403.5 -9999 -9999 -9999 -9999 -9999 -9999 -9999 442.4 -9999 -9999 -9999 -9999 418.6 -9999 -9999 -9999 -9999 -9999 -9999 -9999 337 350.1 368.5 382.3 387.8 -9999 -9999 -9999 -9999 -9999 -9999 -9999 -9999 -9999 -9999 617 511.4 504.9 528.3
536.4 583.6 607.9 563.4 478.7 454.3 441.2 420.9 399 386.3 371.8 358.8 352.6 348.7 340.1 324.7 309.3 293.5 282.4 272.9 266.5 263.7 267.8 280 299.6 324.9 349.5 374.5 398.5 422.3 438.9 437.2 435.7 429.3 426.1 428.8 -9999 -9999 -9999 -9999 -9999 -9999 -9999 -9999 -9999 -9999 -9999 -9999 -9999 -9999 -9999 -9999 -9999 -9999 -9999 -9999 -9999 -9999 -9999 -9999 -9999 -9999 -9999 -9999 -9999 -9999 -9999 -9999 -9999 -9999 -9999 587.1 630.1 611.1 596.1 596.2
545.3 571.5 585.2 572.6 539 507.9 475.6 442 411.2 389.3 371.9 356.3 346.3 341.1 336.7 328.7 317.5 305.4 294.2 287.2 284.8 285.8 289 295.1 303.3 322.6 352.6 384.5 418 447.2 467.6 476.6 477.4 -9999 -9999 -9999 -9999 -9999 -9999 -9999 -9999 -9999 -9999 -9999 -9999 -9999 -9999 -9999 -9999 -9999 -9999 -9999 -9999 -9999 -9999 -9999 -9999 -9999 -9999 -9999 -9999 -9999 -9999 -9999 -9999 -9999 -9999 -9999 -9999 415.5 424.4 462.1 514.8 580.4 651.1 702.2
527.9 539.9 538.7 528.7 523 513.8 492.8 458.7 422.8 384 357.7 339.4 327.2 318.2 316.5 317.8 315.8 311.1 306.8 301.3 299.7 298 298.7 294.3 294.6 319.4 359.9 403.4 439.8 464.9 482.1 493.1 -9999 -9999 -9999 -9999 -9999 -9999 -9999 -9999 -9999 -9999 -9999 -9999 -9999 -9999 -9999 -9999 -9999 -9999 -9999 -9999 -9999 -9999 -9999 -9999 -9999 -9999 -9999 -9999 -9999 -9999 -9999 -9999 -9999 -9999 380.1 365.2 348 351.8 385.7 423.1 476.3 554.9 648.5 745.2
524.7 527.7 529.7 528.9 525.7 519.9 504.6 473 421.6 373.8 345.3 331.5 321.9 317.2 316.5 317.7 321 325.4 323.3 325.9 322.3 319.5 317 314.6 322.8 345.9 391.8 440.7 478.7 497.3 -9999 -9999 -9999 -9999 -9999 -9999 -9999 -9999 -9999 -9999 -9999 -9999 -9999 -9999 -9999 -9999 -9999 -9999 -9999 -9999 -9999 -9999 -9999 -9999 -9999 -9999 -9999 -9999 -9999 -9999 -9999 -9999 -9999 -9999 -9999 -9999 388.5 365.9 349.5 353.1 376.4 416.8 458.5 518.1 597.7 682.1
530 544.5 538.7 537.2 534.2 526 516.2 495.5 438.3 383.4 359.8 342.4 327.7 323 319.4 321.1 331.1 343.9 353.5 361.7 366.1 362 356.2 347.5 338.3 372.4 444 531.9 580.5 -9999 -9999 -9999 -9999 -9999 -9999 -9999 -9999 -9999 -9999 -9999 -9999 -9999 -9999 -9999 -9999 -9999 -9999 -9999 -9999 -9999 -9999 -9999 -9999 -9999 -9999 -9999 -9999 -9999 -9999 -9999 -9999 -9999 -9999 -9999 406.1 398.5 381.7 356.3 342 347.7 379.1 419.6 462.6 491.6 529.4 569.6
525.3 534.7 545.5 547.7 534.6 527.4 519.9 512.7 479.3 430.4 400 373.8 346.7 324.3 326.4 334.4 351 372.3 391.8 405.8 409.7 412.5 407.2 404.1 407.1 431.9 487.5 568.3 -9999 -9999 -9999 -9999 -9999 -9999 -9999 -9999 -9999 -9999 -9999 -9999 -9999 -9999 -9999 -9999 -9999 -9999 -9999 -9999 -9999 -9999 -9999 -9999 -9999 -9999 -9999 -9999 -9999 -9999 -9999 -9999 -9999 -9999 -9999 -9999 417.2 392.2 364.3 321.8 280.9 285.3 336.4 418.1 496.1 571.5 558.6 533.2
509.8 514.6 521 525.5 521.6 516.7 513.3 513.2 508.5 487.6 459.7 433.5 407.9 384.2 374.9 375.7 388.8 409.6 430 438.6 441.1 439.4 453.8 471.7 473.9 479.1 -9999 -9999 -9999 -9999 -9999 -9999 -9999 -9999 -9999 -9999 -9999 -9999 -9999 -9999 -9999 -9999 -9999 -9999 -9999 -9999 -9999 -9999 -9999 -9999 -9999 -9999 -9999 -9999 -9999 -9999 -9999 -9999 -9999 -9999 -9999 -9999 -9999 436.9 422 391.1 352.9 308.9 261.6 257.2 314.2 410.8 494.6 557.3 569.2 552.8
467.7 459.2 478.6 497.7 501.7 500.5 501 505.6 513 516.3 512.3 497.4 485 470.3 458.5 449.7 450.4 463 476.5 469.6 428.5 431.5 514.7 549.8 -9999 -9999 -9999 -9999 -9999 -9999 -9999 -9999 -9999 -9999 -9999 -9999 -9999 -9999 -9999 -9999 -9999 -9999 -9999 -9999 -9999 -9999 -9999 -9999 -9999 -9999 -9999 -9999 -9999 -9999 -9999 -9999 -9999 -9999 -9999 -9999 -9999 -9999 -9999 401.7 409.4 393.4 346.1 296.8 297.9 348.7 383.6 454.1 559.8 649.2 694.8 677.2
496.3 487.4 488.3 496.2 499.2 495.5 488.1 485.5 497.1 542.4 529.7 523 520.5 522.9 522.2 523.6 527.9 537.1 560 590.5 627.6 667.5 -9999 -9999 -9999 -9999 -9999 584.1 -9999 -9999 -9999 -9999 -9999 -9999 -9999 -9999 -9999 -9999 -9999 -9999 -9999 -9999 -9999 -9999 -9999 -9999 -9999 -9999 -9999 -9999 -9999 -9999 -9999 -9999 -9999 -9999 -9999 -9999 -9999 -9999 -9999 -9999 -9999 514.9 512.2 464.2 382.2 310.5 273.3 313 429.6 578.1 733.4 866.2 939.8 911.1
627.2 498.1 484.4 480 470.3 463.8 462.3 459 477.6 496.5 510.1 515.7 514.4 515.1 519.7 530.9 548.8 566.7 592.4 630.9 670.1 678.6 671.2 636.1 598.2 573.3 -9999 -9999 -9999 524.5 -9999 532.4 -9999 -9999 -9999 -9999 -9999 482.3 -9999 -9999 -9999 -9999 -9999 -9999 -9999 -9999 -9999 -9999 -9999 -9999 -9999 -9999 -9999 -9999 -9999 -9999 -9999 -9999 -9999 -9999 -9999 -9999 -9999 -9999 581.9 558.4 498.9 451.4 475.6 529.7 656.9 786.5 -9999 -9999 -9999 -9999
432.9 449.6 472.2 491.4 470.9 434.5 441 465.2 483.1 503.3 507.9 503.7 497.4 502.1 520.8 537.9 536.6 518.2 539.1 568.3 577.8 572.7 555.6 527.7 502.4 494 493.7 -9999 -9999 455 434.2 427.4 465.7 -9999 -9999 -9999 -9999 -9999 -9999 -9999 -9999 -9999 -9999 -9999 -9999 -9999 -9999 -9999 -9999 -9999 -9999 -9999 -9999 -9999 -9999 -9999 -9999 -9999 -9999 -9999 -9999 -9999 -9999 -9999 610.6 649.1 720.7 787.8 877.4 915.5 908.5 888.5 -9999 -9999 -9999 -9999
254.9 365.7 433.6 458.1 472.1 425.3 432.6 464.3 513.5 537.4 520.6 504.1 493 506.7 530.3 546 545.1 551.4 564.8 516.2 492.8 488.9 467.2 446.4 433.5 420 411.3 403.3 392.1 394.9 392.8 393.6 423.1 443.6 297.4 -9999 364.7 430.9 -9999 -9999 -9999 -9999 -9999 -9999 -9999 -9999 -9999 -9999 -9999 -9999 -9999 -9999 -9999 -9999 -9999 -9999 -9999 -9999 -9999 -9999 -9999 -9999 -9999 -9999 646.9 636.2 706.2 800.8 1075.9 1136.3 956.5 924.3 -9999 -9999 -9999 -9999
367 397 420.3 432.7 419.2 401.6 429.6 459 499.6 522.2 506.9 504 506.5 519 539.9 574.5 555 558.6 562.2 533.7 507.5 476.2 442.8 423.1 405.9 387.8 361.8 348 375.5 398.2 395.2 370.7 357.1 360.5 -9999 -9999 377.8 417.2 448.1 -9999 -9999 -9999 -9999 -9999 -9999 -9999 -9999 -9999 -9999 -9999 -9999 -9999 -9999 -9999 -9999 -9999 -9999 -9999 -9999 -9999 -9999 -9999 -9999 -9999 625.7 392.6 536 753.9 842.7 -9999 -9999 -9999 -9999 -9999 -9999 -9999
421.2 431.2 428 431 430.6 438.4 458.9 463.9 445.3 473.4 479.1 467.8 479.8 502.5 507 529 562.9 584.8 581.9 555.7 533.6 483.1 433.3 421.7 395 382.5 369.2 366.8 401.5 443.4 435.9 352.1 287.7 293.2 334.5 337.2 394.9 437.2 -9999 -9999 -9999 -9999 -9999 -9999 -9999 -9999 -9999 -9999 -9999 -9999 -9999 -9999 -9999 -9999 -9999 -9999 -9999 -9999 -9999 -9999 -9999 -9999 -9999 -9999 -9999 557 629.4 784.2 866.2 -9999 -9999 -9999 -9999 -9999 -9999 -9999
433.6 431.9 440.4 445.5 427.6 407.8 485.4 516 502.2 457.9 449.7 476.8 499.1 516.7 529.6 551.3 588.1 631.8 661.1 599.9 521.1 432.2 395.1 421.8 415.9 384.9 372.7 387.4 420 437.4 421.6 344.6 293.7 308.9 -9999 -9999 447.6 453 350.1 -9999 -9999 -9999 -9999 -9999 -9999 -9999 -9999 -9999 -9999 -9999 -9999 -9999 -9999 -9999 -9999 -9999 -9999 -9999 -9999 -9999 -9999 -9999 -9999 -9999 -9999 592.3 686 886.1 -9999 -9999 -9999 -9999 -9999 -9999 -9999 -9999
459.2 464.6 480.4 502.6 516.7 539.2 551.3 575.2 575.7 537.5 520.7 502.2 532.4 550.1 549.7 545.2 544.3 563.3 589.7 570.6 493.9 385.6 346.8 375.2 359.5 336 345.4 367.2 392.1 443.8 445 401.3 361.5 -9999 -9999 -9999 547.1 659.2 515.8 -9999 -9999 -9999 -9999 -9999 -9999 -9999 -9999 -9999 -9999 -9999 -9999 -9999 -9999 -9999 -9999 -9999 -9999 -9999 -9999 -9999 -9999 -9999 -9999 -9999 -9999 338.7 725.3 -9999 -9999 -9999 -9999 -9999 -9999 -9999 -9999 -9999
507.2 518.6 530.9 559.8 592.1 601.9 605.5 604.1 601.8 575.4 526.1 521.7 544.7 567 575.1 551.6 521.2 538.8 559.3 552.1 516.7 470 427.9 393.3 360 344.4 354.2 372.9 404.5 420.4 433.5 425.6 429.7 -9999 -9999 -9999 475.3 449 504 -9999 -9999 -9999 -9999 -9999 -9999 -9999 -9999 -9999 -9999 -9999 -9999 -9999 -9999 -9999 -9999 -9999 -9999 -9999 -9999 -9999 -9999 -9999 -9999 -9999 1209.1 -9999 -9999 -9999 -9999 -9999 -9999 -9999 -9999 -9999 -9999 -9999
561.8 570.4 582.2 608.3 636.7 647 662.3 617.2 594.5 563.9 531.5 551.3 597.3 587.2 598.4 615.9 627.1 603.8 585.9 577 573 564.1 519.9 457.1 413.2 383.5 379.6 404.7 439.9 472.8 471.4 433.4 421.8 -9999 -9999 -9999 466 443.4 517.3 527.5 -9999 -9999 -9999 -9999 -9999 -9999 -9999 -9999 -9999 -9999 -9999 -9999 -9999 -9999 -9999 -9999 -9999 -9999 -9999 -9999 -9999 -9999 975.1 984.2 -9999 -9999 -9999 -9999 -9999 -9999 -9999 -9999 -9999 -9999 -9999 -9999
620.9 624.2 616.1 634.1 652.3 649.8 636.1 613 601.3 547.5 552.8 556.9 570.3 604.1 632.1 649.7 649.9 612.8 578.4 587.4 615.6 640.2 585.3 502.5 456.5 423.4 468.3 540.1 562.4 529.4 469.6 389.1 364.3 -9999 -9999 -9999 526 582.5 682.9 686.2 -9999 -9999 -9999 -9999 -9999 -9999 -9999 -9999 -9999 -9999 -9999 -9999 -9999 -9999 -9999 -9999 -9999 -9999 -9999 -9999 -9999 -9999 -9999 -9999 -9999 -9999 -9999 -9999 -9999 -9999 -9999 -9999 -9999 -9999 -9999 -9999
