datasets/global_precipitation_1950_2017/rasters/precip_1993-total.asc
NCOLS 720 
NROWS 347 
XLLCORNER -180 
YLLCORNER -90 
CELLSIZE 0.5 
NODATA_value -9999 
[rows 102 to 135 of 347, columns 532 to 607 of 720]
305.6 351.5 369.4 379.5 373.2 358.4 371.2 380 393.7 405.5 402.4 403.5 457.6 533.4 610.2 651.4 647.9 631.4 612.5 587.9 567.6 562.5 570.2 617.5 695.9 742 732.6 739.9 779.8 789.4 843.3 944 977.5 861.4 863.5 906 934.9 953.5 968.8 1003.1 1107.9 1127.1 1161.6 1217.3 1186.6 978 805.9 802 892.4 963.2 873.3 837.9 818.5 737.8 761.6 872.6 842.3 951.4 1058.2 1031.5 1143.7 1049.4 1048.8 1077 1151 1194.4 1267.8 1306.4 1343.4 1325.6 1358.4 -9999 -9999 -9999 -9999 -9999
487.9 509.1 480.5 415.4 378.7 366.3 362.6 359.5 372.6 399.8 421.7 441 476.2 556.6 637.2 674.6 672.5 667.6 671.7 656.3 605.2 582.2 586.1 644.8 746.5 777.1 745.8 714.2 744.2 797.8 876.3 991 1043.8 749.2 851.1 920.6 930.9 948 1068.6 1293.6 1337.1 1293 1309.1 1321.3 1290.8 1194 1080.5 1068.1 1048.1 1005.5 932.3 865.8 847.4 808.5 627.1 952.5 1076.5 1200.5 1258.8 1295.7 1397.8 1223.1 1161.6 1166.7 1138.8 1436.1 1384.4 1362.8 1320.7 1322.2 1370.6 1369.8 -9999 -9999 -9999 -9999
964.2 875.9 654.6 454.9 364.3 355.4 364.4 352.1 356.8 400.4 437.2 466.6 501.9 601.1 686.6 704.4 706.8 708 715.2 704.1 637.8 583.5 560.5 618.4 702.2 747.5 743.5 741.3 779.3 839.2 897.5 905.4 809.1 781.2 922.5 980.2 883.4 916.6 1064 1280.1 1339.4 1329 1289.5 1485.4 1419.4 1381.1 1303.1 1315.4 1256.8 1136.9 1087.4 1031.8 1009.6 1107.7 1078.5 1287.3 1452.3 1493.8 1463.4 1524.1 1796.7 1596.6 1423.7 1328 1306.8 1405.1 1485 1457.9 1337.5 1363.8 1453 -9999 -9999 -9999 -9999 -9999
1775.1 1389.5 873 514.6 387.7 368.3 385.9 395.1 400.5 426.2 457.3 488.3 544.7 651.4 750.9 750.3 754 767.2 771.5 749.7 694.7 622.6 590.2 613.1 674 728.2 740.3 764.4 820.9 879.1 937.4 931.5 824.5 851.7 925 794.2 768.1 897.2 1076.3 1271.5 1362 1333.9 1420.9 1491.9 1440.3 1500.5 1534.5 1512.7 1388.4 1199.9 1114.2 1094 1091.6 1167 1325.5 1511.8 1729.7 1587.8 1558.6 1569.6 1588.2 1572.5 1525 1633.6 1671.9 1582.3 1578.2 1539.4 1481 1439 1426.2 -9999 -9999 -9999 -9999 -9999
2202.8 1802.7 1077.5 567.2 459 454.8 457.4 453.9 450 462.2 478.4 489.3 525 608 697.5 752.8 786.5 827.1 874.7 896.3 821.8 722.4 644.3 636.4 677.9 738.2 729.1 759.1 849.6 892.2 966.3 1051 1060 1186.8 1221.6 942.1 857.8 885.4 989 1149.4 1225 1270.9 1366.4 1564.1 1567.3 1654.1 1883.7 1798.4 1536 1298.3 1186.4 1120.7 1151.4 1281.8 1484 1619.9 1624.7 1591 1539.1 1588.2 1634 1579.3 1595 1840.5 2185.6 1893.3 1829.3 1686.6 1765.5 -9999 1556.8 -9999 -9999 -9999 -9999 -9999
2069.1 1671.1 1069.4 594.4 559.8 513.2 527.7 512.9 486 490.8 519.6 458.7 455 507.6 625 749.3 779.8 838.3 940 1004.4 983 861.4 700.5 635.9 659.8 676.8 679.8 735.6 826.2 884.8 963.7 1005.8 1028.8 1212.5 1430.3 1213.3 1086.8 957 928.9 1057.6 1124.2 1250.7 1163.1 1246.8 1390 1556.2 1691.1 1659.5 1567.1 1477 1397.6 1321.2 1334.3 1507.6 1653.1 1850.7 1819.3 1695.1 1616.7 1603.7 1626.4 1784 1849.1 1769.5 1763.4 1781.6 1731.1 1665.7 1697.7 1711.3 1574.5 1509.5 1443.7 -9999 -9999 -9999
1676.9 1013.8 419.4 524.2 768.8 458.6 563.3 408.1 456.2 469.1 456 398.7 375 372.3 502.7 807.6 1112.1 1215.4 1509.1 1573.8 1522 1344.6 960.2 645.1 587.5 568.2 602.7 693.8 763.3 849.5 951.2 935.3 953.6 866.8 1315.4 1315.1 1029.9 939.2 999.5 1055.3 1099.3 1064.9 989 1105.1 1223.1 1421.4 1509.9 1538.7 1557.2 1577.7 1647.3 1652.7 1576.7 1668.3 1695.2 1779.6 1911.4 1915.5 1893.3 1911.4 1930.3 1872.8 2119.6 1966.5 1926.9 1950.5 1800.5 1557 1278.3 1632.1 1611.5 1489.1 -9999 -9999 -9999 -9999
633.3 277.8 190.4 783.2 1286.2 1777.4 1017 318.9 405.1 410.5 400.6 358.3 307.2 274.1 376.6 1488.9 2856.2 3580.4 3933 3374.1 2926 2688.7 1972.6 959.3 654.2 501.8 529.1 643.9 734.8 847.8 937.2 927.1 992.7 1037.5 1042 954.6 818.7 792.4 1114.3 1096.5 1029.4 942.1 924.9 1082.9 1283.7 1413 1430 1444.2 1484.7 1582 1726.7 1786.6 1706.8 1679.4 1682.6 1753.2 1896.1 1936.3 1927.7 2017.7 1967.4 1834.7 1935.9 1962.9 1965.6 2007.1 1797.2 1506.2 1513 1761.5 1529.3 -9999 -9999 -9999 -9999 -9999
807.2 757 1095.6 1611.6 1660.8 1323.6 911.9 672.2 479.6 462.9 600 436.3 296.5 265.2 549.3 3612.3 5098.3 5281.1 4654.9 3513 3057.7 2966 2902.9 1758.2 1017.5 606.1 572.4 674.7 768.4 874.6 989 1082.3 1162.2 1119.2 984.5 799.4 893.4 961.2 1048.8 1047.8 974.7 886.9 974.9 1105.6 1226.1 1307.7 1363.1 1378.2 1443 1516.8 1599.7 1698.4 1762.6 1698.6 1639.9 1721.7 1756.7 1767 1720.8 1778.6 1857.8 1888.3 1897.1 1913.3 1878.7 1854 1681 1496.7 1577.8 1663.3 -9999 -9999 -9999 -9999 -9999 -9999
1646.9 1365.6 2348.2 1633.1 1907.5 1130.4 483.6 1425.9 2938.8 3144.5 2716.2 1962.7 1004.7 929.2 2097.7 3726.2 4307.4 5119.5 3629.7 2999.7 2951.5 3154.9 3512.5 2950.3 1857.4 1042.1 759.4 796.4 874.2 936.6 1025.9 1140.6 1221.6 1159.3 1026 934.5 923.9 940.6 943.4 969 993.8 949.6 1044.4 1145.3 1219.1 1286.7 1356.8 1356.4 1379.6 1410.2 1466.4 1591.5 1802.5 1889.4 1790 1717.7 1672.4 1668 1618.1 1631.1 1707.4 1746.6 1770.1 1933 1903.7 1806.4 1660.5 1553.8 1569.7 -9999 -9999 -9999 -9999 -9999 -9999 -9999
1014.1 1551.8 1077.4 1158.9 2269.1 2299.6 2175.4 4458.7 4455.2 3183.4 2929.3 2759.9 2544 2378.1 2370.9 2957.8 3413 2854.9 2931.1 3040.5 2975.7 3378.6 3726.7 3584.7 2883 1637.5 978.3 967.2 906.2 938.3 986.8 1031.3 1039.4 1017.3 958 915 981 948.9 898.1 1018.5 1134.7 1141.8 1165.1 1213.3 1241.4 1209.1 1337.4 1332.2 1348.2 1397.3 1380.5 1447.4 1736.4 2060 1804.6 1690.4 1619.1 1580.1 1580.8 1547.6 1519.5 1436.3 1684.7 1725.8 1638.8 1632.8 1510.1 1458.8 1430.3 -9999 -9999 -9999 -9999 -9999 -9999 -9999
892.6 1095.8 1501.4 1655 2494.7 2848.3 3604.3 4478.5 4150.4 3098.4 3215.4 2624.3 2190.8 2309 2324.2 2191 2281 2749.6 2920.4 2951.6 3019.1 3559.7 3712.1 3588.7 3157.5 2026.1 1103.2 1113.6 1013.6 958.3 954.6 995.2 1037.1 927.2 861.8 914.6 993.5 1031.7 1095.2 1245.8 1298.7 1290.1 1317.6 1335 1292.8 1214.9 1428.2 1517.9 1466 1433.6 1507.5 1566.2 1548.9 1497 1631.3 1574 1545.3 1516.9 1508.2 1519.8 1436.8 1472.5 1548 1561.4 1397.3 1455.4 1354 1469.4 -9999 -9999 -9999 -9999 -9999 -9999 -9999 -9999
720.4 895.1 1098.6 1549.4 1842.3 2531.9 2796.2 3187.9 2615.7 2827.4 2689.3 2260.9 1971.8 1696.3 1907.4 1675.2 2504.7 2677.3 2910.4 3020.9 2886.6 3081.7 3264 3157.2 2628.3 1992.7 1287.8 1133.3 1102.6 1012.9 882 865.5 931.5 810 708 848.3 1026 1218.6 1396.8 1476 1418.9 1368.7 1432.9 1484.9 1489.6 1515.3 1662.5 1766.6 1804.9 1713.5 1697.7 1746.8 1640.7 1589.7 1581.5 1573.1 1542.4 1538.3 1541 1606.9 1625.1 1558.1 1426.3 1519.4 1562.1 1390.1 1191 -9999 -9999 -9999 -9999 -9999 -9999 -9999 -9999 -9999
587 783.9 895.1 917.4 1094.3 1343.8 1704.8 2303.6 2733.9 2463.4 2456.2 2498.1 2277.7 1448.3 1114.2 1407.3 1809.8 2126.4 2411.5 2376.7 2354.7 2551.4 2622.1 2484.5 2211 1704.6 1301.7 1181.6 1176.8 1045 802 658.6 736.9 770.6 797.2 944.6 1142.9 1389.6 1615.3 1574 1486.4 1448.1 1546.4 1607.6 1591.6 1649.8 1960.6 2198.5 2341.2 2162.3 1842.9 1720.6 1679.4 1583.2 1564.4 1642 1627.5 1579.3 1577.3 1680.3 1788.9 1631.6 1419.2 1576.9 1760.7 1352.2 1101.3 -9999 -9999 -9999 -9999 -9999 -9999 -9999 -9999 -9999
888 831 712.7 833.5 805.1 1099.8 1218.1 1672.2 2457.6 2755.2 9762.3 10583.2 3427.2 2714.3 2264 1818.4 1586.7 1692.7 1994.7 1990.7 2137.9 2385.2 2488.3 2254.6 1806.9 1584.6 1250.5 1180.9 1084.5 963.7 749.9 707.5 757.8 787.9 879.3 983.3 1174.7 1465.9 1615 1575.1 1493.6 1451.5 1559.4 1722.3 1809.8 1913.9 2189.2 2573.8 2645.8 2400.1 2054.6 1833 1809.2 1682.7 1692 1787.2 1771.8 1679.9 1652.9 1700.7 1718.6 1681.5 1593.1 1408.8 1241.4 993.8 835.7 -9999 -9999 -9999 -9999 -9999 -9999 -9999 -9999 -9999
983.5 894.9 735.4 893.3 630.3 715.8 929.7 1266.3 1841.5 2160.5 4170 3200.6 2788.8 2669 2807.8 1167.4 1200.8 1752.5 1889.2 1801.4 1894.3 2083 2142.4 1918.9 1731.1 1631.3 1365.5 1224.2 1138.9 974 769.5 734.1 760.5 805.2 914.5 1053.2 1105.6 1354.5 1517.1 1461.7 1391 1415.4 1603.5 1878.8 1977.5 2017.1 1918.7 2227.2 2277.7 2125.3 1946 1855.1 1947.6 1893.4 1895.7 1933.7 1858.4 1825.6 1760 1669.5 1593.8 1603.6 1472.2 1222.7 904.4 825.4 -9999 -9999 -9999 -9999 1162.4 667.5 -9999 -9999 -9999 -9999
1172 1117.2 1178.7 1060.3 819.6 535.1 647.9 1124.7 1531.8 2030.7 2548.6 2298.8 2305.4 2388.6 2481.3 1044.3 1206.9 1594.4 1703.8 1627.3 1754.8 1873.6 1918.8 1582 1626.6 1639.4 1454.8 1282.2 1213.7 1114.7 902.3 793.4 775.6 782.8 885.4 1039.2 1101.4 1156.7 1253.1 1233.2 1285.8 1312.1 1457.3 1821.7 1954.1 1887 1786.8 1783.6 1679.1 1782.3 1659.9 1715.4 1904.3 2068.8 2228.3 2195 1956.5 1993 1896.5 1669.8 1496.2 1485.2 1323.6 1206.4 -9999 -9999 -9999 -9999 -9999 1402.2 2050.8 -9999 -9999 -9999 -9999 -9999
1202.7 1201.3 1269.8 1136.4 997.4 832.9 865.3 -9999 -9999 2014.4 2756.7 2201.5 2184 1712.4 1731.7 1476.5 1442.7 1470.7 1358.3 1369.8 1552.2 1640 1642.2 1494.4 1527.6 1534.4 1432.7 1262.6 1213.7 1237.1 1159.7 912.8 830.9 785.9 723.6 1145.1 1115.5 1062.4 1159 1215.5 1235.2 1238.4 1323.6 1673 1840.1 1854.4 1644.5 1578.4 1695 1583.3 1327 1530.1 1904.5 2187.2 2433.3 2493.4 2337.1 2537.4 2130.8 1788.8 1599.6 1550.1 1240 -9999 -9999 -9999 -9999 -9999 440.1 826.2 578.9 -9999 -9999 -9999 -9999 -9999
1182.1 1211.3 1357.3 1536.4 1423 1268.2 1025 1339 1477 2227.3 2434 2056.4 2609.8 3471.4 1911.8 1417.3 1302.4 1082.2 820.3 951.8 1441.4 1220.5 1562.7 1565.7 1515.1 1476.9 1406.6 1347.9 1347.4 1435.4 1527.3 1418 1237.3 856.6 763.3 1037.1 912.7 1430.5 1448.9 1261.3 1181.2 1179.4 1320.5 1509.3 1590 1675.8 1526.3 1587 1649.8 1577.2 1486.3 1618.3 1848.5 2046.3 2266.1 2229 2235.7 2255.6 2149.6 1862.4 1650.5 1614.8 -9999 -9999 -9999 -9999 -9999 -9999 901.9 1585.1 754.1 -9999 -9999 -9999 -9999 -9999
1100.6 1296.2 1657.9 1765.1 1964.9 1759.1 1551.9 1559 1794.9 -9999 -9999 1933 1961.6 2760.5 2046.5 1445.1 1024.2 772.2 590.6 684.1 1367.8 1524.5 1289.9 1419.8 1424.3 1267.8 1307.8 1494.8 1478.6 1448.9 1596.1 2129.5 1873.7 1202.9 1110.8 1192.9 1144.7 1600.4 1570.7 968.9 560.5 1153.5 1201.6 1274.1 1266 1384.6 1428.6 1288.6 1459.8 1663.7 1752.9 1863.1 1965.9 2002.4 2142.5 -9999 2261.3 2213.3 -9999 -9999 -9999 -9999 -9999 -9999 -9999 -9999 -9999 -9999 791.2 2975.2 -9999 -9999 -9999 -9999 -9999 -9999
1409.1 1480.4 1667.6 1877.2 2158.6 2029.3 1814.9 1985.9 2353.9 2078.4 -9999 -9999 1718.6 2348.6 2149.4 1445.7 744.3 558.2 541.2 565.6 720.5 1100.3 1176.8 1288.5 1322.9 1279.5 1300 1415.7 1367 1215.4 1497.8 1584.6 1698.1 1475 1499.3 1817.6 1092 1421.9 1197.4 1018.5 963.8 1122.7 1037.3 1487.1 1612.7 1815.7 1532.5 1045.3 1391.3 1712 1998.7 2420.2 2480.2 2323.4 2116.4 -9999 -9999 -9999 -9999 -9999 -9999 -9999 -9999 -9999 -9999 -9999 -9999 -9999 -9999 1755.1 -9999 -9999 -9999 -9999 -9999 -9999
1520.4 1501.4 1520 1962.5 2145.2 2099.3 1937.7 -9999 -9999 -9999 -9999 -9999 2138.7 2481.8 2397.5 1510.6 860.2 600.4 431.9 509.9 619.3 1008.8 1492.1 1409.7 1313.2 1164.1 1116.3 1153.4 1239.2 1161.9 1425.7 1828.2 1563 1589.4 1483.9 1203.1 983.6 1306.3 1015.7 1262 940.2 267.9 955 2349.8 2495.2 2137.5 1820.2 1672.3 1499 1618.2 2042 -9999 2737.6 -9999 -9999 -9999 -9999 -9999 -9999 -9999 -9999 -9999 -9999 -9999 -9999 -9999 -9999 -9999 -9999 -9999 -9999 -9999 -9999 -9999 -9999 -9999
1460.1 1687.6 -9999 -9999 -9999 -9999 -9999 -9999 -9999 -9999 -9999 -9999 3005.9 3543.5 3258 2207.3 1212.9 676.3 567.7 563.5 565.9 1901.2 1740.9 1570 1441.5 1098.2 960.4 936.6 1148.7 1407.2 1583.2 1428.9 1477.1 1545.7 1347.6 895.9 765.2 855.2 1027.8 1054.1 993.9 988 1941.3 -9999 -9999 -9999 -9999 -9999 1535.1 -9999 -9999 -9999 -9999 -9999 -9999 -9999 -9999 -9999 -9999 -9999 -9999 -9999 -9999 -9999 -9999 -9999 -9999 -9999 -9999 -9999 -9999 -9999 -9999 -9999 -9999 -9999
1498 1646.7 -9999 -9999 -9999 -9999 -9999 -9999 -9999 -9999 -9999 -9999 -9999 4051.4 3893.1 2661 1257.2 825.8 653.3 679.3 792.6 1555.9 1599.9 1500.5 1483.5 1204.7 1094.5 1122.2 1214.9 1318.1 1221.7 1212.5 1269.7 1328.6 1166.4 863.4 782.7 882.2 1345.6 1159.7 965.7 923.7 -9999 -9999 -9999 -9999 -9999 -9999 1449.9 -9999 -9999 -9999 -9999 -9999 -9999 -9999 -9999 -9999 -9999 -9999 -9999 -9999 -9999 -9999 -9999 -9999 -9999 -9999 -9999 -9999 -9999 -9999 -9999 -9999 -9999 -9999
1856.9 -9999 -9999 -9999 -9999 -9999 -9999 -9999 -9999 -9999 -9999 -9999 -9999 -9999 -9999 3567.2 1500.9 1044.3 843.7 891.6 881.3 1263.7 1479.9 1486.2 1377.3 1340.1 1342.9 1364 1278 1243.3 1132.1 1061.1 1023.3 1024 1014.1 804.9 691.9 723 968.5 993.7 641 -9999 -9999 -9999 -9999 -9999 -9999 -9999 -9999 -9999 -9999 -9999 -9999 -9999 -9999 -9999 -9999 -9999 -9999 -9999 -9999 -9999 -9999 -9999 -9999 -9999 -9999 -9999 -9999 -9999 -9999 -9999 -9999 -9999 -9999 -9999
-9999 -9999 -9999 -9999 -9999 -9999 -9999 -9999 -9999 -9999 -9999 -9999 -9999 -9999 -9999 4136.1 2851.6 1156.4 992 1027.5 1373.5 1318.3 1274.3 1349.9 1272.6 1204.8 1290.8 1358.8 1310.1 1214.3 1039.4 946 855.4 1076 1089.7 873.1 577.8 543.1 748.6 353.7 -9999 -9999 -9999 -9999 -9999 -9999 -9999 1677 1631.2 1666.3 -9999 -9999 -9999 -9999 -9999 -9999 -9999 -9999 -9999 -9999 -9999 -9999 -9999 -9999 -9999 -9999 -9999 -9999 -9999 -9999 -9999 -9999 -9999 -9999 -9999 -9999
-9999 -9999 -9999 -9999 -9999 -9999 -9999 -9999 -9999 -9999 -9999 -9999 -9999 -9999 -9999 -9999 3665.4 1573.8 1155.1 990.9 1592.4 1747.4 1502.2 1385.3 1278.3 1051.9 1032.9 967.9 1117 1310.3 1064.9 755.7 1430.9 1624.7 1046.7 960.3 573.3 689.5 594.1 534.5 -9999 -9999 -9999 -9999 -9999 569.8 1356.9 1729.3 1827.5 -9999 -9999 -9999 -9999 -9999 -9999 -9999 -9999 -9999 -9999 -9999 -9999 -9999 -9999 -9999 -9999 -9999 -9999 -9999 -9999 -9999 -9999 -9999 -9999 -9999 -9999 -9999
-9999 -9999 -9999 -9999 -9999 -9999 -9999 -9999 -9999 -9999 -9999 -9999 -9999 -9999 -9999 -9999 3675.3 2704.9 1344.9 1400 2218.3 2565.9 2239.4 1538.5 1157.9 942 904.4 952.8 1084 1420.3 1196.2 1200.5 1891.7 1994.4 1750 2431.9 1803.8 1281.8 878.7 -9999 -9999 -9999 -9999 -9999 -9999 723.4 1068.6 1317.1 1580.4 -9999 -9999 -9999 -9999 -9999 -9999 -9999 -9999 -9999 -9999 -9999 -9999 -9999 -9999 -9999 -9999 -9999 -9999 -9999 -9999 -9999 -9999 -9999 -9999 -9999 -9999 -9999
-9999 -9999 -9999 -9999 -9999 -9999 -9999 -9999 -9999 -9999 -9999 -9999 -9999 -9999 -9999 -9999 -9999 2992.1 1439.1 1578 2561.9 3107.3 2746.8 1455.9 1027.7 937.8 916.6 940.2 935.1 1120.2 1226 1190.8 1287.9 1424.7 1966.1 2696.9 2658.9 2047.2 1414.6 1774.9 -9999 -9999 -9999 -9999 -9999 -9999 -9999 -9999 -9999 -9999 -9999 -9999 -9999 -9999 -9999 -9999 -9999 -9999 -9999 -9999 -9999 -9999 -9999 -9999 -9999 -9999 -9999 -9999 -9999 1649.3 1660.4 889.1 1253.5 -9999 -9999 -9999
-9999 -9999 -9999 -9999 -9999 -9999 -9999 -9999 -9999 -9999 -9999 -9999 -9999 -9999 -9999 -9999 -9999 3663.4 1986.5 2049.2 2448.5 3286 3122.4 2057.7 1335.3 1116.5 985.4 1035.5 1110.6 1085.3 1054.5 1033.1 1009.3 1115.4 1403.6 2007.9 2146.6 2177.4 2245.7 2328.4 2318.9 -9999 -9999 -9999 -9999 -9999 -9999 -9999 -9999 -9999 -9999 -9999 -9999 -9999 -9999 -9999 -9999 -9999 -9999 -9999 -9999 -9999 -9999 -9999 -9999 -9999 -9999 -9999 -9999 2257.7 1863.7 1823.8 -9999 -9999 -9999 -9999
-9999 -9999 -9999 -9999 -9999 -9999 -9999 -9999 -9999 -9999 -9999 -9999 -9999 -9999 -9999 -9999 -9999 3113.1 2373.9 2281.9 2649.1 3598.7 4091.1 1766.2 1864.9 1306.4 915.2 1068.1 1228.3 1093.7 916.8 973.1 1051.4 1015.9 1121.4 1412.7 1583.6 1956.2 2373.2 2201.8 1800.3 1715.1 -9999 -9999 -9999 -9999 -9999 -9999 -9999 -9999 -9999 -9999 -9999 -9999 -9999 -9999 -9999 -9999 -9999 -9999 -9999 -9999 -9999 -9999 -9999 -9999 -9999 -9999 -9999 2231.7 2408.6 1863.9 1936.3 -9999 -9999 -9999
-9999 -9999 -9999 -9999 -9999 -9999 -9999 -9999 -9999 -9999 -9999 -9999 -9999 -9999 -9999 -9999 -9999 2742.5 2360.9 2172.5 2567.1 3121 4788.6 4045.2 3133.1 1383.4 738.8 998.2 1364.1 1024.9 684.4 847 1025 1115.8 1094.1 1201.5 1339.6 1195.5 1393.8 1543.7 1489.5 1262.7 1066.8 -9999 -9999 -9999 -9999 -9999 -9999 -9999 -9999 -9999 -9999 -9999 -9999 -9999 -9999 -9999 -9999 -9999 -9999 -9999 -9999 -9999 -9999 -9999 -9999 -9999 -9999 1857.7 2130.5 1889.3 2741.6 -9999 -9999 -9999
-9999 -9999 -9999 -9999 -9999 -9999 -9999 -9999 -9999 -9999 -9999 -9999 -9999 -9999 -9999 -9999 3002.3 2856.1 2481.8 2369.6 -9999 -9999 -9999 4571.8 3490.9 1741.2 976.2 960.6 1118.4 967.2 771 928 1054.5 1089.9 955.1 987.6 1132.6 1220.1 1173.9 1398.1 1425.1 1381.8 886.3 848.9 -9999 -9999 -9999 -9999 -9999 -9999 -9999 -9999 -9999 -9999 -9999 -9999 -9999 -9999 -9999 -9999 -9999 -9999 -9999 -9999 -9999 -9999 -9999 -9999 -9999 1904.2 1892.9 3005.1 -9999 -9999 -9999 -9999
-9999 -9999 -9999 -9999 -9999 -9999 -9999 -9999 -9999 -9999 -9999 -9999 -9999 -9999 -9999 -9999 -9999 -9999 -9999 -9999 -9999 -9999 -9999 4628.1 3370.1 1882.7 1160.8 1000.2 1026.1 1012.3 1066.8 1109.3 1126.6 1161.5 1079 994.2 1120.5 1321.6 1515.8 1483.2 1211.1 1868.2 1808.4 1468.8 1627 -9999 -9999 -9999 -9999 -9999 -9999 -9999 -9999 -9999 -9999 -9999 -9999 -9999 -9999 -9999 -9999 -9999 -9999 -9999 -9999 -9999 -9999 -9999 1777.7 1899.1 2228.5 -9999 -9999 -9999 -9999 -9999
