datasets/global_precipitation_1950_2017/rasters/precip_1955-total.asc
NCOLS 720 
NROWS 347 
XLLCORNER -180 
YLLCORNER -90 
CELLSIZE 0.5 
NODATA_value -9999 
[rows 34 to 67 of 347, columns 76 to 151 of 720]
297.7 305.4 317.8 330.6 340.7 345.8 350.7 355.2 360.4 367.2 370.3 366.2 355.1 343.7 335 326.9 321 314.9 311.8 310.2 312.4 314.7 318.5 322.9 327.5 331.3 333.7 333.5 331.9 330.6 327.9 322.9 315.9 307.2 297 285.6 274.4 263 251.3 238.7 225.2 213.1 200 188.4 180.8 175.7 172 169.5 167.9 166.8 165.7 165 166.5 167.7 167.5 169.9 175.2 180.1 185.7 190.8 199.4 202.8 210.6 220.3 234.9 248.6 264.4 277.1 284.1 283.7 278.2 266.9 258.8 251.5 239 225.9
313.2 320.7 332.9 343.8 349.1 351 349.7 347.9 347.8 350.6 352.7 353.7 353.1 352.6 350.6 347.1 341.6 336 330.1 321.5 318.5 323.2 324.7 331.1 334.1 334.4 333.5 333.8 335 337.2 334.5 328.6 318 306.6 293.2 278.2 262.7 250.3 243 236.5 227.5 217.9 207.5 197.2 187.9 180.8 176.6 174.5 174.7 174.8 175.6 177 179 180.8 183.2 186.1 189.4 192.3 195.6 198.9 201.6 202.4 200.9 202 208.5 220.6 232.5 240.9 245.8 245.9 244.5 240 235.9 229.4 220.3 212.2
320.1 321.1 329.6 339 345.1 344.3 337.1 330 331.4 338 343.2 346.1 347.9 351.3 356.4 364.4 368.1 375.9 375.1 369.6 363.2 364.4 361.1 358.2 351.6 345.2 339.8 335.5 331.2 328.3 324.2 320.4 311 304.7 292.8 270.1 245.1 227.9 229.5 231.9 230.5 227.3 218.1 205.7 195.3 188.5 183.8 183.2 184.4 185 186.8 189.1 191.4 193.2 196.1 198 199.4 201 202.3 202.6 201.6 200.4 197.7 197.3 201.7 208.2 214.8 219.5 221.6 221.6 218.4 216.2 212.5 207.3 201 194.6
317.6 311.5 316.3 328.9 340 351.1 368.3 381.6 371.7 356.1 346.3 344.5 347.5 349.6 364.2 369.8 378.2 395.9 428.5 470.8 482.8 487.9 463.2 439.7 421 395.4 373.1 353.8 336.6 324.6 316.2 309.3 306.1 310.2 303.8 288.6 271.3 259.7 252.5 249.6 245.8 239.1 230.3 219.5 209.9 202.3 198.1 196.5 197.4 199.7 201.9 203.8 205.5 206.3 207.2 206.8 206.4 205.7 204.7 204.2 203.4 203 202.9 203.1 204.4 205 205.2 205.4 204.3 203.1 200.5 198 194.5 192.6 191.3 188.1
347.2 369.2 360.7 324.7 292.5 280.3 318.1 368.7 363.8 340.9 331.4 340.1 361.5 370.7 371.6 362.9 360.7 382.5 428.9 495.2 557.3 617.4 593.2 579.5 568.3 516 473.8 426.2 385.6 357.4 334.1 319.9 313.1 308.4 302.2 296.2 287.7 280.4 272.5 265.7 260.5 256.1 248.6 239.6 230.5 223.6 218.6 215.4 215.9 218.9 222.5 224.6 225.2 222.4 218.7 214.9 211.7 208.8 206.9 205.9 205.1 203.8 203.6 204.1 204 203.3 201.3 199.5 196.5 193 190.2 187.7 186.7 186.9 187.1 189.6
299.4 319.7 322.3 303.3 281.7 273.2 282.3 295.2 298.2 289.9 275.3 261.3 285.9 335.3 333.3 325.1 327 352 400.2 459.8 545.3 614.2 657.9 685.6 679.4 651.2 610.1 555.9 485.8 421 373 338 317.8 305.7 298.6 290.9 284.1 277.6 271.1 266.2 265.8 264.1 264.1 258.2 250 239.6 231.1 227 228 232.9 240.6 246.8 244.6 234.6 223.6 215.4 210.1 207.3 206.5 205.5 205.1 204.9 204.3 203.6 202.9 201.6 199.5 196.5 193.3 189.6 186.4 184.5 182.6 182.9 185.3 189.1
200.4 222.6 248.2 269.2 282.1 287.3 286.3 281 274.9 265.9 254.7 243.4 235.3 249.4 266.7 280.5 294.4 316.2 354.5 421.9 478.9 562.7 632.5 678 690.9 680.4 647.9 613.9 565.8 504.7 442.9 378.4 329.3 304 288.2 277.4 267.1 260.5 258.7 259.2 259.7 263 262.4 261.9 255 244.1 233.7 227.7 225 228.4 233.6 236 231 220.5 209.6 203.7 200.9 200.6 201.4 203 204.6 206.3 208 209 208 205.5 203 200.8 197.5 194.2 190.6 187.9 187.3 187.6 189.7 193.5
221 230.4 263 302.8 309.6 300.4 283.2 265 251.9 246.5 244.6 242.2 243.8 252.9 263.9 274.4 292.1 297.1 298.5 319.6 369.6 434.8 503.2 559.8 588 597.8 605 597.6 586.8 543.3 487.6 416.8 351.4 307.3 276.4 263.7 256.7 253.8 253.7 254.1 254.8 259.7 260.9 260.8 256.9 248.3 238.2 226 220.2 216.8 212.9 207.9 199 187.8 182.1 198 194.8 196.6 199.6 202.4 205.7 208.4 212.1 215.4 219.2 220.8 211.8 210.9 207.7 204.7 200.1 198 197.9 197.4 198.6 202
311.2 333.8 360.8 368.7 343.7 310 278 248.6 235.5 230 225 220.3 227.1 245.1 270.5 276.2 253.5 226.8 218 201 225.5 291.6 363.9 421.1 464.1 511.9 547.5 567.5 564.3 539.2 483.3 429.3 358.3 296.8 262.5 249.1 248.8 252.7 255.4 254.7 251.8 259.8 265.1 266.7 263.1 255.4 244.7 231.2 223.2 218 212.2 205.2 196.5 187 181.5 190 196.1 199.8 204.3 207.6 211 213.5 216.6 219.4 221.9 225.1 222.7 219.7 216.5 213.1 213.3 212.5 212 210 211.6 212.9
458.4 407.1 362.1 321.1 288.9 260.1 239 221.5 210.2 208 210.7 208.5 208.9 217.1 229 231.6 221.9 204.4 178.6 163 179.1 245 315.6 362.8 397.1 442.2 496.4 529 529.4 507.4 472.3 407.5 340.4 287.5 244.5 223.4 228 251.4 273.5 276.7 276.4 295.2 290.2 281.7 270.2 257.9 243.8 231.8 225.2 224.1 224.9 223.3 218.1 210.9 204.8 201.5 201.9 205.1 210.7 217.9 224.6 229.3 231.5 230.6 234.4 234.6 235.2 234.5 233.8 234.7 235.9 235.2 233.5 230.2 226.8 222.5
609.1 553.1 434.9 338.9 258.8 224.7 201.8 188.3 184 183.9 186.5 185.4 185.6 196 208.3 213.3 217.2 217.1 213.6 213.2 239.8 301.8 343.1 360.7 352.4 387.1 447.5 455.2 459.4 454.6 430 377.3 314.1 257.9 221.3 183.4 166.5 274.1 362 342.1 320.6 312.3 306.2 289.6 274.8 258.5 240.4 225.8 219.7 228.7 241.3 248.4 247.4 239.1 223.5 206.5 193.6 201 222.4 243.7 260.6 271.9 274.4 274.6 272.3 270.4 269.7 272.8 273.3 276.7 279.4 278.2 272.6 263.1 251.7 239.8
1411.7 1353.2 1200.6 932.2 622.5 367.8 248.3 166.1 138.1 185.4 188.5 186.7 171 213.6 199.6 209.5 235 261.1 264 284.4 324 371.4 392.8 400.9 409.9 416.7 419.1 421.6 421.5 417.5 401.7 373.3 336 303.7 288.7 288.5 303.8 339.1 364 363.3 351.2 341.1 327.6 310.9 290.6 272.5 257.4 254.2 255.4 261.7 272.8 281.6 275.4 265.7 250.7 236.9 235.6 250.5 274.4 297.8 313.9 323.3 324 325.5 322.3 319.4 319 317.3 316.2 316.3 319.7 322.8 318.3 308 288.4 268.1
2414 2429.4 2516.7 2399.7 2075.8 1602.1 1052.9 537.2 333.8 369.3 427.2 448.2 361.2 267.8 181.3 191.8 236.8 256.4 245.4 287 365.4 429.1 442.7 431.6 412.9 383.5 364 380.8 393.9 398.6 395.3 391.1 383.6 376.6 374.3 382.5 394.7 402.1 401.2 398.3 393.5 386.5 373 350.6 318.7 299.8 284.6 293.4 298.4 305.2 310.9 314 310.9 300.8 294.9 293.7 303.4 317.9 339.9 358.7 366.5 362 354.8 349.6 347.7 344.7 345.2 341.4 336.6 334.3 334.5 337.3 342.6 341.4 329.2 309.8
-9999 -9999 2853 3078.4 -9999 2852.9 2343.4 1460.2 836.5 690 644 808.1 869.5 880.7 648 298.1 192.4 172.5 204.9 269.5 365.3 449.2 478.4 486.7 464.4 418.8 395.9 394.9 398.8 399.1 399.4 406.3 419.4 432.6 443.8 451.1 454.2 458.3 459.8 459.8 456.5 452.9 446.9 439.1 406.2 374 368.4 372.6 375.9 377.9 377.6 374.2 369.2 362.3 353.9 349.2 349.1 355.6 366.8 375.3 377.4 373.1 369.1 365.2 362.1 358.3 355.2 349 336.3 327 332.8 345.5 358.2 363.2 362.8 357.6
-9999 -9999 -9999 -9999 -9999 -9999 2673.3 1869 1179.1 971.9 986 942.6 1122.4 1209.3 808.1 397.2 262 216.8 215.6 253.4 360.9 454.6 533.9 602.4 600.7 365.4 388.2 403.8 410.8 418.8 428.5 441.4 458.7 486.6 520 542.4 537.5 518 501.6 495.6 491.1 487.2 481.3 471.7 461.7 452.1 456.3 460.3 465.5 464.8 461.8 456.1 447 431.3 415.7 403.9 394.3 388.3 384.4 381.9 381.7 381.3 381.7 380 376.9 370 362.5 349.2 325.2 298.7 322 359.7 372.1 375.8 378 386.7
-9999 -9999 -9999 -9999 -9999 -9999 -9999 -9999 1758.7 1697.4 1589.6 -9999 1202.3 1067.5 1268.8 1499 1367.1 1503.1 1640.3 1274.1 681.6 381.8 391.3 418.9 423.8 414.6 402.7 408.4 416.2 429.6 445 459.9 480.5 527.6 605.6 672.9 632.1 558.4 505.8 485.5 489.9 485.3 474.8 465.7 458 462.3 475.8 486.6 494.9 505.6 513.7 514.3 504 486.3 465.7 447.8 433.6 418.8 405.1 392.2 380.2 367.9 379.8 397 413.4 412.5 397.6 380.4 365 359.1 366.1 377.6 383.5 389.2 395.1 406.1
-9999 -9999 -9999 -9999 -9999 -9999 -9999 -9999 -9999 -9999 -9999 -9999 1652 1435.3 1536.8 2213.5 3080.8 2814.3 2361.1 1279.1 490.2 299.3 302.5 348.5 366.3 383.1 390.9 393 399.9 413.8 433.6 459.2 489.9 530.1 577.3 612.9 607.6 571.2 533.2 502.7 480.2 462.5 450.3 441.2 439.7 450.4 466.2 475.9 482.7 486.5 484.7 482.2 489.4 487.5 475 461.5 452 439.6 425.7 416.9 420.4 421.8 413.5 429.3 452.3 457.7 445.9 435.8 427.1 421.2 417.6 416.3 413.4 411.2 405.4 414
-9999 -9999 -9999 -9999 -9999 -9999 -9999 -9999 -9999 -9999 -9999 -9999 2689.4 -9999 -9999 2144.8 -9999 2756.8 2193.8 960 457.8 317.1 343.1 373.4 381.6 400 410.6 387.8 377.2 375.1 385.1 399.4 419.8 452.8 487 515.9 536.4 541.1 520.9 485.3 447.7 421.7 417.6 419.3 418 427 446.1 458.6 444.6 486.8 470 458 463 465.4 461.8 459.6 464.1 467.2 458.8 451.2 449.7 449.7 453.9 460.8 469.8 476.9 485.2 485.8 485.4 475.6 460.9 444 429.4 423.8 424.4 441.7
-9999 -9999 -9999 -9999 -9999 -9999 -9999 -9999 -9999 -9999 -9999 -9999 2529.3 2465.8 -9999 1774.2 -9999 1603.4 1880 1630.1 1110.9 858.6 705.5 609.2 609.7 628.1 619.4 565.1 439.5 353.2 324.7 325.3 339.2 365.4 397.3 428.9 466.1 501.9 517.2 485.8 433.5 409.4 410.2 404.8 398 397.8 413.5 428.2 435.4 443.1 441.3 439.5 435 431.5 440.1 466.2 494.1 506 503.7 493.4 478.9 484.4 499 505.9 510.4 514.1 520 520.2 516.8 503.2 479.1 454.1 427.2 425.8 436.4 445.8
-9999 -9999 -9999 -9999 -9999 -9999 -9999 -9999 -9999 -9999 -9999 -9999 -9999 3030.9 3197.8 2391.3 1863.4 -9999 -9999 2218.2 2065.6 1741 1591.7 1344.9 1195.1 1228.5 1215 1142.2 747.1 396.4 350.1 343.4 338.9 344.6 359.6 378.8 406.7 434.3 448.8 453.6 474.8 420.5 393.1 392.1 379.7 362.2 366.4 369.2 352.9 332.1 365.1 371.1 366.4 378.8 433.8 498.1 531.2 544.3 548.8 544.6 534.6 523.4 546.4 551.1 547.5 543.8 538.6 534.4 525 514.2 497.3 483.2 479.8 474.7 464.4 461.4
-9999 -9999 -9999 -9999 -9999 -9999 -9999 -9999 -9999 -9999 -9999 -9999 -9999 -9999 4401.5 3394.9 -9999 2461.6 -9999 2528.5 2501.2 2385.4 2100.7 1925.5 1821 1713.7 1507.8 1104.8 647.1 485.6 449.3 412.2 386.5 375.9 375.1 372.3 370.9 399 420.3 413.4 395.8 410.2 435.8 447.5 366.7 390.8 369.4 375.6 343.1 325.3 370.5 398.2 400 405.7 452.5 503.9 539.2 569 580 588.4 611.6 650 621.7 591.7 568.7 552.4 536.8 517.1 502.7 501.3 504 507.6 505.6 499.7 492.9 482.6
-9999 -9999 -9999 -9999 -9999 -9999 -9999 -9999 -9999 -9999 -9999 -9999 -9999 -9999 -9999 -9999 -9999 2278.3 2190.6 2419.8 -9999 3277.8 -9999 2024 1763.6 1719.6 1277.7 729.9 528.1 489.6 451 420.3 415 413.4 414.3 411.8 419 472.7 530.6 497.3 405.5 434.4 499 434.5 453.9 445.3 432.1 396.2 408.9 498.8 461.3 474 511.5 467.5 472.4 547 649.9 647.1 605.1 593.2 602.6 589.5 593.7 579.9 550.3 521.3 491.4 438.3 445.6 469.2 500.2 519.8 529.2 531.4 525.6 513.5
-9999 -9999 -9999 -9999 -9999 -9999 -9999 -9999 -9999 -9999 -9999 -9999 -9999 -9999 -9999 -9999 -9999 2784.2 1630.4 -9999 -9999 3692.8 3157 2192.4 1990.2 1318 1057.5 724.2 542.4 613 418.3 362.4 413.2 466.1 532.9 582.7 589.4 590.3 633.7 636.9 612.1 591 525 444.8 413.1 450.8 475.9 490.5 507.8 511.8 526.8 472.1 486.8 437.1 467.2 552.5 603.8 583 591.7 581.5 605.2 632.5 581.1 534 486.3 447.6 411.6 403.2 419.2 447.8 489.5 516.5 527.8 545.7 545.1 535.6
-9999 -9999 -9999 -9999 -9999 -9999 -9999 -9999 -9999 -9999 -9999 -9999 -9999 -9999 -9999 -9999 -9999 -9999 -9999 2804.6 -9999 -9999 -9999 2195.6 2125.7 1349.7 805.5 967.1 585.8 411.5 370.2 448.5 434.8 455.5 513.5 573.2 555.5 606.4 693.9 744 712.7 643.3 586.8 533.5 544.4 628.5 648.7 640.7 613.2 606.9 624.6 563.2 556.6 590.2 645.9 604.1 564.1 597.9 593.7 612.7 604.4 581.8 510.9 466.3 421.3 400.8 387.8 381.8 383 402.7 451.9 496.8 520.4 536 544.3 551.8
-9999 -9999 -9999 -9999 -9999 -9999 -9999 -9999 -9999 -9999 -9999 -9999 -9999 -9999 -9999 -9999 -9999 -9999 -9999 -9999 -9999 -9999 -9999 2313.4 2496 2108.3 1759.3 1725.6 1402.4 430.5 450.5 557.8 482.9 471.6 480.7 469.4 502.9 629 736 878.8 910.3 866.4 846.5 769.8 680.6 680.5 712 710.9 722.3 714.8 729.9 624.4 601.7 539.1 529.6 515.7 492.7 495.9 496 540.2 521.6 485.8 492.8 448.9 394.9 394.3 392.2 371.4 370.8 392.4 434.6 481.1 499.2 516.8 537 545.1
-9999 -9999 -9999 -9999 -9999 -9999 -9999 -9999 -9999 -9999 -9999 -9999 -9999 -9999 -9999 -9999 -9999 -9999 1426 -9999 -9999 -9999 -9999 2099.7 3007.1 3039.1 2477.7 2706 1999.8 1414.8 523.2 341.8 411.1 450.3 491.9 517 559.3 650.7 675.5 756.4 854.1 840.7 896.5 821.5 730.2 664.9 685.1 645.8 630.1 627.5 621.1 548.5 509.6 461 480.7 493.9 487.1 503.7 578.9 497.7 458 451.9 445.2 456.7 428.2 392.2 392.9 404.9 408.6 395.4 422.5 491.9 486.3 499.5 557.2 545.2
-9999 -9999 -9999 -9999 -9999 -9999 -9999 -9999 -9999 -9999 -9999 -9999 -9999 -9999 -9999 -9999 -9999 -9999 -9999 1935.3 -9999 -9999 -9999 -9999 -9999 4002.6 3967 3445.8 2468 1818.3 855.1 462.3 361.3 367.4 437.7 517.8 590.5 647.9 696.5 756.6 997.8 972.1 840.5 672.2 699.5 706.4 637.8 555 677 610.5 586.5 525.3 480.4 434.2 476.5 513 533.2 513.8 471.8 452 415 421 412.8 457.5 475.7 440.4 427.3 407.8 421.1 468.1 515 498.2 455.2 478.9 522.3 529.3
-9999 -9999 -9999 -9999 -9999 -9999 -9999 -9999 -9999 -9999 -9999 -9999 -9999 -9999 -9999 -9999 -9999 -9999 -9999 -9999 3762.7 -9999 -9999 -9999 -9999 3619.5 4339.5 4254.2 3497.9 2446.9 1397.5 893.5 652.8 450.1 274 360.9 495.4 583.7 631.1 668.9 809.6 898.7 838.1 767.2 872.7 702.3 673.9 554.9 541.6 559.4 560.6 537.7 528.3 518.4 519.6 502.9 507.6 551 466.1 458.7 372.1 360.4 365.4 299.9 342.3 410.8 418.2 454.3 429.3 392 483.7 409.3 418.7 430.9 445.5 536
-9999 -9999 -9999 -9999 -9999 -9999 -9999 -9999 -9999 -9999 -9999 -9999 -9999 -9999 -9999 -9999 -9999 -9999 -9999 -9999 -9999 2584.1 -9999 -9999 -9999 -9999 -9999 -9999 -9999 2233.9 1308.6 613.2 503.9 285.4 277.3 319.9 394.4 400 496.1 497.6 607.1 699 987.8 940.2 935.9 1121.8 1227.2 1108.7 764 597.5 563.4 513 515.8 501.9 445.6 477.5 463.6 445 425.7 404.7 406.4 404.3 365.4 332 344.4 375.7 422.8 450 481.5 420.8 425.2 423.7 387.5 377.4 365.5 454
-9999 -9999 -9999 -9999 -9999 -9999 -9999 -9999 -9999 -9999 -9999 -9999 -9999 -9999 -9999 -9999 -9999 -9999 -9999 -9999 -9999 -9999 -9999 -9999 -9999 -9999 -9999 -9999 2840.1 2599.5 1992.8 1122.7 505.3 364.8 362.3 375.1 398.7 403.4 415.1 479.1 505.2 549.8 564.2 501.1 433.7 782.9 1211.8 1315.2 1430.4 1071 772.6 764.5 656.5 551.7 412.7 515.4 425.8 440.5 350.7 377 366.4 350.1 327.6 248.7 268.9 359.8 372.6 359.3 379.7 400.3 430 437.9 417.3 349.3 405.6 434.5
-9999 -9999 -9999 -9999 -9999 -9999 -9999 -9999 -9999 -9999 -9999 -9999 -9999 -9999 -9999 -9999 -9999 -9999 -9999 -9999 -9999 -9999 -9999 -9999 -9999 -9999 -9999 -9999 2204.4 1892.8 1895.2 2100.6 1538 813.7 479.6 443.9 490.6 526.8 527.7 465.2 440.8 413.9 473.8 451.1 460.3 824 997 1349.8 2265.9 1259.5 613.4 702 532.5 514.2 506.7 419.9 372.9 361.4 294.8 261.6 234 279.6 318.2 290 293.2 347.3 356.9 376.4 376 449.5 434.7 428.3 380.7 367.4 415.9 490.3
-9999 -9999 -9999 -9999 -9999 -9999 -9999 -9999 -9999 -9999 -9999 -9999 -9999 -9999 -9999 -9999 -9999 -9999 -9999 -9999 -9999 -9999 -9999 -9999 -9999 -9999 -9999 2171.8 1673.7 -9999 -9999 1537.7 1778.5 1850.5 1816.9 2190.3 1296 934.2 819.1 587.4 378.7 211.6 311.9 304.5 445.3 490 673.2 1020 1298.3 1187.5 970.7 463.7 554.4 558.5 561.5 447.7 403.1 401.8 368.9 278.6 256.2 285 324 380.5 352.7 354.8 316.9 375.9 392 378.9 469.4 459.4 387.3 394.2 467.3 491.1
-9999 -9999 -9999 -9999 -9999 -9999 -9999 -9999 -9999 -9999 -9999 -9999 -9999 -9999 -9999 -9999 -9999 -9999 -9999 -9999 -9999 -9999 -9999 -9999 -9999 -9999 -9999 -9999 -9999 2466.8 2811.6 1764.6 1542.8 1569.5 1290.5 1897.9 2322.3 1583 1091.6 807.8 514.9 444 367.2 318.1 350 344.2 469.4 633.5 854.4 884.4 828.4 459.2 426.8 578.4 609.9 572.8 505.4 423.5 410.3 293.2 283.9 309.2 352.6 380.2 363.5 370.1 443.3 446.7 439 393.6 387.6 425.7 444 448.7 444.8 469.5
-9999 -9999 -9999 -9999 -9999 -9999 -9999 -9999 -9999 -9999 -9999 -9999 -9999 -9999 -9999 -9999 -9999 -9999 -9999 -9999 -9999 -9999 -9999 -9999 -9999 -9999 -9999 -9999 -9999 -9999 2693.2 2496.4 1864.9 1285.2 -9999 -9999 1354.5 2138.4 2276.2 3416 1236.3 1152.1 498.6 461.3 407.5 622.8 639 691.3 759.9 911.5 851.2 552.8 370.5 604.9 663.5 467.8 472.8 441.6 452.5 330.1 327.7 352.8 374.9 457.2 470.1 510.4 477.1 547.9 420.9 398.4 371.5 406.7 452.3 429.3 428.4 424.6
