datasets/global_precipitation_1950_2017/rasters/precip_1953-total.asc
NCOLS 720 
NROWS 347 
XLLCORNER -180 
YLLCORNER -90 
CELLSIZE 0.5 
NODATA_value -9999 
[rows 102 to 135 of 347, columns 304 to 379 of 720]
-9999 -9999 -9999 -9999 -9999 -9999 -9999 -9999 -9999 -9999 -9999 -9999 -9999 -9999 -9999 -9999 -9999 -9999 -9999 -9999 -9999 -9999 -9999 -9999 -9999 -9999 -9999 -9999 -9999 -9999 -9999 -9999 -9999 -9999 -9999 -9999 -9999 390.2 329.3 265.8 240.3 288.2 369.6 339 350.5 249.7 232.1 258.2 306.4 456 322.8 234.9 246.2 258.9 246.2 222 197.9 170.9 139.6 93.8 68.8 51.7 56.4 65.9 64 55.3 47.3 59.7 80 102.6 129.2 148 136.2 113.4 110.7 127
-9999 -9999 -9999 -9999 -9999 -9999 -9999 -9999 -9999 -9999 -9999 -9999 -9999 -9999 -9999 -9999 -9999 -9999 -9999 -9999 -9999 -9999 -9999 -9999 -9999 -9999 -9999 -9999 -9999 -9999 -9999 -9999 -9999 -9999 -9999 -9999 -9999 351.5 306.2 241.6 257.9 430.6 469.2 351.7 244.3 192.2 215.2 197.3 198.5 224.2 176.9 136.6 200.3 245.8 243.5 231.1 211.7 182.3 127.3 75.3 52.6 44.4 49.9 58.5 59.5 56.1 59.7 60.6 62.3 79.6 97.2 123.5 118.7 95.6 94.1 111.5
-9999 -9999 -9999 -9999 -9999 -9999 -9999 -9999 -9999 -9999 -9999 -9999 -9999 -9999 -9999 -9999 -9999 -9999 -9999 -9999 -9999 -9999 -9999 -9999 -9999 -9999 -9999 -9999 -9999 -9999 -9999 -9999 -9999 -9999 -9999 -9999 364.3 387.7 378.5 491.6 313.2 289.9 242.3 168.8 126.8 148.2 129 79.1 122.1 145.8 142.6 143.5 169.5 199.2 218.9 224.3 209.7 163.6 95.9 65.2 54.5 52.4 54.1 57 58.6 59.1 59.6 60.5 60.7 67.1 78.4 93.9 98.3 93.8 93.6 103.9
-9999 -9999 -9999 -9999 -9999 -9999 -9999 -9999 -9999 -9999 -9999 -9999 -9999 -9999 -9999 -9999 -9999 -9999 -9999 -9999 -9999 -9999 -9999 -9999 -9999 -9999 -9999 -9999 -9999 -9999 -9999 -9999 -9999 -9999 -9999 -9999 428.1 553.5 435.3 414.5 349.1 303.9 166.5 138.1 111.7 116.3 111.4 101.6 100.3 111.8 108.1 113.7 124.2 143.5 158.9 141.7 102.5 79 67.9 63.2 61.6 61.7 60.7 59.6 59.4 59.7 59.8 59.8 60.6 62.1 70 81.2 87.1 87.7 88.1 88.1
-9999 -9999 -9999 -9999 -9999 -9999 -9999 -9999 -9999 -9999 -9999 -9999 -9999 -9999 -9999 -9999 -9999 -9999 -9999 -9999 -9999 -9999 -9999 -9999 -9999 -9999 -9999 -9999 -9999 -9999 -9999 -9999 -9999 -9999 -9999 -9999 -9999 497.1 388.2 379.1 361.8 383.1 229 127.4 90 106.6 106.8 103.7 97 91.5 86.2 82.7 91.9 97.5 85.9 71.4 62.6 58.5 60.2 61.9 63.4 63.9 64.7 62.1 59.8 59.4 57.5 55.9 53.9 54 61.7 72 80.2 84.4 84.4 77.3
-9999 -9999 -9999 -9999 -9999 -9999 -9999 -9999 -9999 -9999 -9999 -9999 -9999 -9999 -9999 -9999 -9999 -9999 -9999 -9999 -9999 -9999 -9999 -9999 -9999 -9999 -9999 -9999 -9999 -9999 -9999 -9999 -9999 -9999 -9999 -9999 90.6 282.2 337.3 316.6 342.4 336.5 225.4 149 110.7 108.6 106.5 98 87.2 84.7 82 80.4 81.6 77.5 66.6 56.4 56.8 58.4 59.4 61.2 64.3 67 65.7 63.4 60.2 56.2 49.4 43.5 40.4 41.6 48.4 58.4 68.3 76.8 81.7 79.5
-9999 -9999 -9999 -9999 -9999 -9999 -9999 -9999 -9999 -9999 -9999 -9999 -9999 -9999 -9999 -9999 -9999 -9999 -9999 -9999 -9999 -9999 -9999 -9999 -9999 -9999 -9999 -9999 -9999 -9999 -9999 -9999 -9999 -9999 -9999 198.3 197.3 219.7 241.3 232 258.6 282.8 213.1 155 124.6 105.1 104.1 93.1 83.9 80.2 79.3 76.7 72.8 66 57.4 52.9 57.4 59.2 57 57.6 59.1 61.5 61.8 59.1 53.9 48 40.3 34.4 32 34.5 40.3 49.1 56.3 64.1 70.1 72.7
-9999 -9999 -9999 -9999 -9999 -9999 -9999 -9999 -9999 -9999 -9999 -9999 -9999 -9999 -9999 -9999 -9999 -9999 -9999 -9999 678.4 -9999 -9999 -9999 -9999 -9999 -9999 -9999 -9999 -9999 -9999 -9999 -9999 -9999 188 180.3 163.7 154.1 147.6 126.7 125.3 134.2 140.7 138.5 129.2 115 102.4 89.8 80.1 77 73.9 69.7 64.7 58.9 55.1 53.3 53.8 53.8 51.9 50.5 51.3 52.2 52.4 50 45.3 38.8 33.8 29.1 28.6 30.7 34.6 42.6 48.5 54.1 58.9 63.8
-9999 -9999 -9999 -9999 -9999 -9999 -9999 -9999 -9999 -9999 -9999 -9999 -9999 -9999 -9999 -9999 -9999 -9999 -9999 -9999 -9999 -9999 667.3 -9999 -9999 -9999 -9999 -9999 -9999 -9999 -9999 -9999 -9999 175.1 171.8 163 143.1 130.3 126.3 130.5 132.2 125.6 124.4 126.1 125.5 119.9 106.4 87.8 77.4 71.1 66.5 61.8 57 52.7 50.3 50.1 49.2 47 44.3 43.1 43.3 43.9 44 41.5 37.9 34.1 29.3 25.7 24.3 28.6 30.3 36.9 43.6 48.7 53.8 55.6
-9999 -9999 -9999 -9999 -9999 -9999 -9999 -9999 -9999 -9999 -9999 -9999 -9999 -9999 -9999 -9999 -9999 -9999 -9999 -9999 -9999 -9999 -9999 -9999 -9999 -9999 -9999 -9999 -9999 -9999 170.4 170.7 155.7 143.9 143.2 143.6 134.5 122.7 116.8 113.6 119.8 118.2 118 116.3 118.6 115.4 108.4 87.5 72.2 64.7 59.3 55 50.9 48.5 47.7 49.2 45.7 39.8 36.7 37 38.3 38.9 38 35.7 33.2 30.2 28 23.8 22.5 23.6 29.4 35.8 42.3 46.8 50.3 54.3
-9999 -9999 -9999 -9999 -9999 -9999 -9999 -9999 -9999 -9999 -9999 -9999 -9999 -9999 -9999 -9999 -9999 -9999 -9999 -9999 -9999 -9999 -9999 -9999 -9999 -9999 -9999 -9999 -9999 193.6 154.2 135.6 119.6 109.2 111.4 114.9 116.6 112.6 106.8 103.2 106.2 107.9 110.6 111.1 112.4 112.2 107.6 88 65.9 57.5 53.4 51.1 47.4 45.9 45.4 44.4 39.7 32.4 29 33.4 35.2 36.1 35.6 33.7 30.5 28.6 27.8 27 27.5 29.4 33.8 39.6 44.8 47.6 47.9 48
-9999 -9999 -9999 -9999 -9999 -9999 -9999 -9999 -9999 -9999 -9999 -9999 -9999 -9999 -9999 -9999 -9999 -9999 -9999 -9999 -9999 -9999 -9999 -9999 -9999 -9999 -9999 -9999 -9999 152.6 127.2 110.4 96.2 89.6 92.2 99.1 102 105.4 105.3 105.9 103 104.2 106.6 108.9 111.5 109.3 104.9 87.7 59.5 52.8 49.9 46.5 44.1 43.2 41.9 39.7 36.1 31.3 30 32.2 34.6 34.9 33.3 31.6 30.3 29.2 29.5 31.6 32.1 34.4 38 43.6 48.8 51 45.9 42.6
-9999 -9999 -9999 -9999 -9999 -9999 -9999 -9999 -9999 -9999 -9999 -9999 -9999 -9999 -9999 -9999 -9999 -9999 -9999 -9999 -9999 -9999 -9999 -9999 -9999 -9999 -9999 307.7 193.3 135.3 99.3 88 82.8 81.6 83.4 87.5 92.9 97.9 100.1 102.8 100 101.5 104 105.5 109.5 107.2 101.7 85.8 58.8 49.9 46.3 43.7 42.2 40.1 38.5 37 34.5 32.3 31.6 32 32.6 32.4 31.7 31 30.8 32.5 33.7 35.2 36.5 37.7 40.2 43.7 47.9 46 41.2 35.8
-9999 -9999 -9999 -9999 -9999 -9999 -9999 -9999 -9999 -9999 -9999 -9999 -9999 -9999 -9999 -9999 -9999 -9999 -9999 -9999 -9999 -9999 -9999 -9999 -9999 -9999 -9999 218.4 130.2 92.1 80.7 75.4 74.6 73.5 76.3 80.8 86.5 91.2 96.2 98.3 97.7 100.1 102 105 106.4 105 100.7 85.9 57.6 47.2 43.1 40.8 39.4 37.8 36.2 34.2 32.7 31.4 31.5 31.1 31.6 30.8 31.1 32.8 37.5 41.8 45.8 45.3 40.7 40.3 40.1 40.6 40.7 38.5 34.5 30.1
-9999 -9999 -9999 -9999 -9999 -9999 -9999 -9999 -9999 -9999 -9999 -9999 -9999 -9999 -9999 -9999 -9999 -9999 -9999 -9999 -9999 -9999 -9999 -9999 -9999 -9999 112.1 98.7 85.9 74.5 71.5 71.4 71.7 72.3 73.6 77.2 81.3 85.4 90.6 95.1 99.9 101.6 105.1 103.7 104.6 102.7 101.8 83.9 57.7 43.6 40.3 38.5 36.7 35.4 33.8 32.4 30.8 29.6 29.8 29.8 30.4 32 34.7 39.8 48.2 54.6 64.5 61.5 54.7 47.1 41.9 39 37.4 33.6 29 24.4
-9999 -9999 -9999 -9999 -9999 -9999 -9999 -9999 -9999 -9999 -9999 -9999 -9999 -9999 -9999 -9999 -9999 -9999 -9999 -9999 -9999 -9999 -9999 -9999 -9999 -9999 61.3 65.2 66.2 67.8 69.4 71.6 72.9 76 72.8 74.6 76.6 81.7 85.1 90.4 95.2 99.7 102.6 102.6 101.5 100.9 98.8 79.8 55.1 42.1 38.6 36.5 34.8 33.3 31.9 30.2 27.3 25.9 28.7 28.1 30 33.8 40.8 49.3 58.1 64.5 71.2 67.7 63.5 54.7 46.9 41 35.9 34.4 28 21.2
-9999 -9999 -9999 -9999 -9999 -9999 -9999 -9999 -9999 -9999 -9999 -9999 -9999 -9999 -9999 -9999 -9999 -9999 -9999 -9999 -9999 -9999 -9999 -9999 -9999 44.9 48.6 54.7 58.7 62.2 65.6 68.9 69.3 69.6 70.6 70.2 72.5 76.5 81.3 85.4 90.8 96.5 101.1 105.6 104.1 102.7 95.7 74.6 52.3 40.4 36.9 34.9 33.1 32.9 31.6 29.6 26.4 23.6 22.9 26.4 30.9 38 45.7 54.6 65.8 71.6 75.4 72.1 68 62.1 53.4 45.8 38.9 34.6 28.8 23.7
-9999 -9999 -9999 -9999 -9999 -9999 -9999 -9999 -9999 -9999 -9999 -9999 -9999 -9999 -9999 -9999 -9999 -9999 -9999 -9999 -9999 -9999 -9999 -9999 39.6 41.6 46 50.7 55.6 58.5 60.5 62.8 65.1 67.7 68.5 69.6 71.3 73 76.9 81.1 86.2 91.8 96.9 101.3 105.6 104.7 95.5 75.7 56 44.7 38.7 36.7 35 34.1 32.3 31.2 28.8 26.6 26.3 29.3 36 42.9 51.7 61.5 69.3 74.8 77.6 77.5 74.5 67.8 58.5 49.6 42 36.5 31.2 27.6
-9999 -9999 -9999 -9999 -9999 -9999 -9999 -9999 -9999 -9999 -9999 -9999 -9999 -9999 -9999 -9999 -9999 -9999 -9999 -9999 -9999 -9999 -9999 -9999 47 46.2 49.8 54.8 55.6 52 51.3 56.3 63.1 66.9 68.1 68.2 69.3 70.4 73.6 77 82 88 92.5 99.3 108.7 112.5 101.4 79.6 61.9 53.7 48.3 45.7 42.7 41.8 39.6 41.1 38.6 38.2 38.3 41 45.5 50.5 56.7 63.8 71 75.7 79 80.6 78.1 71.7 64.5 56.4 48.4 41 35.7 32.9
-9999 -9999 -9999 -9999 -9999 -9999 -9999 -9999 -9999 -9999 -9999 -9999 -9999 -9999 -9999 -9999 -9999 -9999 -9999 -9999 -9999 -9999 -9999 67.3 60.7 59 60.1 61.4 58.3 49.2 40.7 52.4 63.4 70.9 73.6 73.8 74.8 74.9 73.8 75.1 81.8 90.1 95.1 96.7 104 110.1 96 75.3 68.4 65.4 61.7 57.7 55.1 53.8 54 53 52.7 53.8 54.9 56.2 58.7 61 63.6 66.9 70.9 73.4 72.9 81.3 79.9 75.3 69.3 62.9 56.2 48.2 44.7 39.4
-9999 -9999 -9999 -9999 -9999 -9999 -9999 -9999 -9999 -9999 -9999 -9999 -9999 -9999 -9999 -9999 -9999 -9999 -9999 -9999 -9999 -9999 -9999 79.6 73.6 72.9 76.8 76.4 69.8 61.8 55.7 61.4 71.9 77.6 80.7 82 84.6 86.1 87 89.2 94 93.5 86.8 81.2 91.5 98.4 96.9 81.4 77.4 75.8 74.9 73.4 72.9 71 71.6 73.3 72.6 73.5 73.8 74.4 74.9 74.6 73.7 72.4 70.6 71.4 73.5 80.3 83.3 83 78.3 73.2 65.4 60.1 55 50.2
-9999 -9999 -9999 -9999 -9999 -9999 -9999 -9999 -9999 -9999 -9999 -9999 -9999 -9999 -9999 -9999 -9999 -9999 -9999 -9999 -9999 -9999 93.4 89.2 86.5 91.7 99.6 96.7 89.4 82.5 79.1 80.7 84.3 86.8 89.5 92.4 94.8 95.2 97.1 97.1 94.5 99.1 97.2 100.3 113.4 124.3 113.2 95.4 85.3 83.1 83.5 86.7 91.2 93.3 93.8 94.7 95 94.8 95.2 95.2 92.2 88.2 82 77 71.6 70.5 73.4 79.8 86 89.2 86.4 86.7 82.4 77.6 71.8 65.3
-9999 -9999 -9999 -9999 -9999 -9999 -9999 -9999 -9999 -9999 -9999 -9999 -9999 -9999 -9999 -9999 -9999 -9999 -9999 -9999 -9999 -9999 96.2 97.3 99.6 113.9 127.2 119 108.3 101 98.9 98.2 96.8 97.1 98.9 102.5 103 102.5 98.9 94.2 95.7 115 125 131.1 140.8 137.7 121.3 100.9 89.2 85.7 85.6 89.8 97.3 106.3 110.3 113.2 112.9 112.5 113.4 113.7 110.3 104.2 94.6 84.3 76.7 73.8 77.3 86.1 94.7 99.4 104.1 108 104.9 100.8 94.3 87.3
-9999 -9999 -9999 -9999 -9999 -9999 -9999 -9999 -9999 -9999 -9999 -9999 -9999 -9999 -9999 -9999 -9999 -9999 -9999 -9999 -9999 -9999 -9999 105.6 115.1 137 149.5 140.2 120.2 105.9 108.8 107.9 105.7 106.8 105.2 108.2 108.9 103 93.6 97.3 110.9 133.8 145.6 159.3 160 148.9 126.6 104.7 92.4 89.8 84.9 89.3 98.2 108.7 117.3 120.2 121.1 116.1 118.3 125.3 127.3 121.4 110 96.4 86.4 83.5 90.5 101.5 110 121.3 128 130.6 129.3 125.2 119.1 109.2
-9999 -9999 -9999 -9999 -9999 -9999 -9999 -9999 -9999 -9999 -9999 -9999 -9999 -9999 -9999 -9999 -9999 -9999 -9999 -9999 -9999 -9999 -9999 -9999 130.6 155.1 173.7 166.9 136.8 107 109.7 111.2 110.6 112.7 112.4 113.5 107.1 94.9 95.2 96.1 123.5 158.9 176.1 187.4 180.3 158.4 129.9 108.6 96.6 91 85.2 88.6 95.4 109.2 121.9 128.5 126.4 121 123.7 133.6 141 140.6 132 116.4 103.4 102.6 112.8 125.2 139.3 148.9 152 149.2 143.5 140.8 142.9 131.2
-9999 -9999 -9999 -9999 -9999 -9999 -9999 -9999 -9999 -9999 -9999 -9999 -9999 -9999 -9999 -9999 -9999 -9999 -9999 -9999 -9999 -9999 -9999 125.4 145.4 171.2 190.1 192.3 158.2 125.7 121.6 121.7 122.8 125.6 124.7 116.3 102.9 93.9 92.7 115.2 144.6 183.9 210.1 221.1 206.6 164.6 132.2 110.5 97.8 92.5 87.4 90 94.2 110.2 130.2 138.8 139.1 137 139.1 146.1 153.7 156.4 154.9 146.3 138.9 139.2 153.8 170.4 183.7 185 179.3 161.8 149.3 147.1 148.7 141.7
-9999 -9999 -9999 -9999 -9999 -9999 -9999 -9999 -9999 -9999 -9999 -9999 -9999 -9999 -9999 -9999 -9999 -9999 -9999 -9999 -9999 -9999 -9999 135.2 150 164.3 177.9 182.3 157 143.9 145.5 146 142.6 137.3 131.2 120.3 102.1 94.8 107.4 136.7 181.5 218.7 252.3 260.2 230.9 172.2 133.4 111.2 100.1 93.9 94 92.2 101.4 126.4 151.5 154.4 157.1 157.4 160.7 163.8 167.7 170.5 174.5 178.8 187.7 210.8 233.6 235.3 232.3 224.5 205.3 176.5 149.8 149.4 160.7 157.4
-9999 -9999 -9999 -9999 -9999 -9999 -9999 -9999 -9999 -9999 -9999 -9999 -9999 -9999 -9999 -9999 -9999 -9999 -9999 -9999 -9999 -9999 -9999 -9999 138.8 144.8 151.9 150.8 145 186.3 186.6 177.3 162.3 137.6 141.6 127.6 101.1 87.4 112.6 169.9 218.2 256.4 288.3 292.2 249.6 178.6 135.8 115.4 105 98.7 103 119.5 138.5 174.3 179.3 174.2 176.2 176.9 175.6 175.4 182.5 189.9 194.5 204.8 225.5 267.2 288.6 280.5 269.6 255.5 234.8 205.8 181.6 177.9 185.4 182.9
-9999 -9999 -9999 -9999 -9999 -9999 -9999 -9999 -9999 -9999 -9999 -9999 -9999 -9999 -9999 -9999 -9999 -9999 -9999 -9999 -9999 -9999 -9999 -9999 132.5 131.1 144.9 160.3 170.7 181.8 186.2 179.5 181 180.7 186.8 168.3 112.5 93.5 145.2 215.4 265.8 297.7 321.4 322.4 277.4 193.3 135 133.4 129.5 127.8 141.7 161.1 181.3 186.3 186.4 191.1 193.4 188.5 178.7 182.4 199.6 217.9 224.4 241.7 265.4 300.8 314.3 310.2 299.4 287.2 271.9 249 229.3 222.1 222.1 214.1
-9999 -9999 -9999 -9999 -9999 -9999 -9999 -9999 -9999 -9999 -9999 -9999 -9999 -9999 -9999 -9999 -9999 -9999 -9999 -9999 -9999 -9999 -9999 -9999 146.1 147.7 142.4 163.8 177.3 183.2 184.8 183.9 205.1 237.8 290.7 271.7 228.8 199.4 232.3 287.4 320.9 323.8 334.3 337.4 296.2 236.4 243.7 222 212.3 222.1 220.3 202.8 189.5 183 185 197 212.9 211.9 206.7 215.7 236.1 256.6 277.8 300.5 330.1 340.5 336.2 330.3 323.9 319.5 309.9 288.4 271 263 262 254.1
-9999 -9999 -9999 -9999 -9999 -9999 -9999 -9999 -9999 -9999 -9999 -9999 -9999 -9999 -9999 -9999 -9999 -9999 -9999 -9999 -9999 -9999 -9999 -9999 213.8 222.1 178.5 189.3 184.5 212.7 208.8 217.9 258.9 302.4 372 353.8 368.8 359 375.2 397.4 387.1 339.3 332.5 348.6 310.4 295.8 331.7 312.7 293.1 266.8 238.4 205.3 178.5 170.1 175.4 171.3 242.6 263.7 268.2 280.4 299.7 322.5 344.5 373.8 406.8 385 361.7 343.7 336.7 342.9 343.6 299.7 286.8 292.3 301.7 306
-9999 -9999 -9999 -9999 -9999 -9999 378.2 -9999 -9999 -9999 -9999 -9999 -9999 -9999 -9999 -9999 -9999 -9999 -9999 -9999 -9999 -9999 -9999 315.6 282 309.5 320.8 303.2 237 295.9 317.5 302.9 301.9 309.6 341.5 372.3 418.9 426.4 441.2 457.8 449.6 473.4 413.4 379.6 324.3 351 339.5 329.8 325.1 277.4 240.1 202.2 173.4 186.8 218.4 240.5 326.7 342.8 354.6 362.1 370.4 379.2 398 423.6 460.8 455.6 397.5 372.3 343.3 334.4 376.6 311.7 300 325.3 347.9 367.7
-9999 -9999 -9999 -9999 -9999 -9999 -9999 -9999 -9999 -9999 -9999 -9999 -9999 -9999 -9999 -9999 -9999 -9999 -9999 -9999 -9999 -9999 -9999 326.5 377.5 370.6 373.2 345.8 334.9 366.9 365.5 364.1 348.8 353.3 408.8 435.2 430.3 452.4 456.1 463.1 462.8 483.6 470.8 442.1 422.7 390.6 356.3 344.5 334.8 349 297.7 272.6 286.1 303 339.9 421.3 390.6 395.5 406.3 400.5 392.4 398.1 432.2 469 505.3 507.9 467.6 417.9 380 364.8 373.8 355.3 354.4 379.3 402 433.9
-9999 -9999 -9999 -9999 -9999 -9999 -9999 -9999 -9999 -9999 -9999 -9999 -9999 -9999 -9999 -9999 -9999 -9999 -9999 -9999 -9999 -9999 -9999 543.2 560.9 655.9 582.6 441.5 397.4 433 426.6 457.3 467.7 519.3 626.6 647.6 598.3 577.8 538.4 463.3 474 490.3 514.8 567.6 600.6 458.1 388 345.2 346 363.9 404.4 465.1 525.3 528.4 444.6 433 455.1 459.6 443.5 418.3 409.9 437.6 502.9 554.8 552.3 520 501.1 488.7 454.1 423.7 396.8 404.5 429.4 453.5 476 497.6
