datasets/global_precipitation_1950_2017/rasters/precip_2002-total.asc
NCOLS 720 
NROWS 347 
XLLCORNER -180 
YLLCORNER -90 
CELLSIZE 0.5 
NODATA_value -9999 
[rows 306 to 339 of 347, columns 608 to 683 of 720]
558.1 561.7 567.6 570.9 574.4 577 579.4 582 584.5 586.1 588.6 588.1 589.2 589.3 588.8 588.5 587.3 586.8 587.4 588 588.7 588.2 588.4 589.1 588.3 587 585.9 593.4 592.3 587.3 588.5 589.6 589.2 588.9 587.7 587.4 586.9 586.5 585.9 587 587.6 589.7 590.9 592 593 593.4 594.7 594.8 595.8 597 597.2 598.3 600 601.4 599.5 600.8 601.5 602.6 604.4 604.6 605 604.4 606.5 610 614.1 618.9 624 628.4 634 637.6 637.2 630.2 -9999 -9999 -9999 -9999
551.9 555.6 560.3 566.1 571.2 573.4 576.5 578.1 579.9 581.1 582.2 583.9 584.9 585.1 585.1 584.9 584.7 584.8 584.9 585.6 586.2 586.6 586.1 585.8 585.3 583.2 582.4 582.7 583.9 584.5 585.7 586 586.3 585.7 585.6 585.4 586.3 586.8 587.7 590.8 591.6 592.9 594.1 595.3 594.7 596.6 596.7 597.4 597.7 598.9 599.5 600.6 600.9 602 600.1 599.9 596 595.6 595.9 595.2 594.4 594.9 594.7 595.8 595.2 598.4 601.7 604.3 606 605.3 601.6 594.6 581.5 568.8 -9999 -9999
539.8 545.9 553.1 559.7 566.4 569.3 570.8 575.5 576.6 578.6 580.1 580.3 581.4 582.3 582.4 583 583.3 583.3 583 583 583.2 582.9 582.9 582.3 582.1 581.8 581.9 582.2 582.5 581.5 581.5 582.5 582.2 584.2 585.3 586.3 587.7 588.9 591.7 592.8 594.4 596 597 598.5 598.7 599.2 600.7 597.8 601 599.2 599 597.5 597.5 598 598.6 586.9 583.9 595.7 593.8 591.7 589.7 588 586.2 584.4 580.1 579.5 577.4 573.8 571.1 566.4 560.5 552.1 541.8 529.4 515.4 500.6
519.2 529.7 539.7 533.7 552.5 556.2 556.9 561.2 566.6 571 574.2 576.8 578.7 579.9 580.1 580.4 580.3 580.7 580.4 580.3 580.3 579.9 579.7 579 578.7 579.1 579.1 579.2 579.7 580.1 581.5 583.3 584.8 586.1 586.5 588.1 589.3 591.8 593.8 594.9 595.5 596.6 597.4 597 595.4 594.3 593.2 591.6 589.5 587.3 587.3 587.2 587.4 587.1 586.5 586.1 585.3 583.9 582.4 580.5 578.4 577.1 570.4 563.6 561.3 558 554.5 550.2 542.9 534.5 522.4 518.6 508.4 497 484.8 471.4
479.9 492.1 479.7 508.5 512.3 516.3 522.5 534.3 543.9 542.8 556.1 558.5 562.2 567.5 572.4 573.4 576 576.9 576.8 577.4 577.8 577 576.2 576 576 576.3 576.8 577.6 580.1 580.6 581.8 580.7 584.8 585.7 586.5 587.4 588 587.8 589.6 588.2 587.2 585.6 583.9 583.9 578.4 578.6 572.2 572.2 572 571.7 571.5 571.3 570.8 569.6 568.9 567.8 566.4 564.8 562.7 560.8 558 551.3 544 539.9 535.2 530.7 524 515.7 508 500.3 493.2 477.9 476 464.5 453.7 443.5
411.7 421 428.2 433.9 441.2 453.9 467 478.6 484.9 489.7 495.8 506.2 517.3 528.2 536.7 545.9 544 557.9 560.3 563 567.1 566.6 566.9 569 570.3 572.5 574.6 575.9 575.3 576 575.5 575.4 574.5 573.1 572.7 570.6 571.8 569.6 563.1 561.3 561.5 563.1 564.6 554.9 557.1 554.6 555.3 555.1 555.2 554.7 554.8 554.3 553.6 553.2 552.3 551.1 549.8 547.4 546.2 535.8 523.7 512.8 505.7 501.9 497.4 492.8 488.7 479.4 472.4 467.8 460.5 452.9 443.7 434.8 426.1 418.1
325.2 332 338.7 347 355.3 362.6 371.9 380.1 389.4 401.5 411.1 419.6 430.3 440.7 453.4 463.9 477.2 492.7 503.3 506.9 513.6 516.9 527.7 529.6 539.5 548.2 554.8 555.5 555.6 558.7 561.2 563.5 536.7 559.3 552 534.9 534.6 530.9 526.6 526.7 526.7 527 523.9 523.8 523.4 523.2 523.5 523.6 523.3 523.7 523.7 523.8 497.1 495.2 493.3 516.7 512.7 505 493.5 483.2 478 474.3 470.5 466.9 462.1 456.2 447.1 441.1 440.6 432.7 426.5 418.5 411.8 405 397.9 390.7
241.1 247.1 252.1 256.4 261.3 271 277.9 284.9 291.3 295.9 304.7 309.7 317.8 325.4 335.6 347.7 361.2 375 387.4 401.6 417.8 428.5 437.7 448.4 463.7 478 485 495 502.7 508.7 512.3 512.7 512.4 511.4 492.8 486.1 483.8 481.8 471.2 469.2 467.8 463 460.8 460.4 459.9 454.2 453.6 452.4 459.7 458.7 457.3 457.1 456.2 455.1 454.4 444.6 445.8 440.9 437.3 435.2 431.9 429 423.4 417 413.7 410.6 407 402.6 398.2 393.1 388.2 383.3 378.8 374.5 367.5 362.8
176.4 180.3 183.7 186.2 189.1 192.6 192.1 196.7 201.4 203.5 204.5 205.2 207 209.4 212.7 217.2 224 235.9 248.5 263.5 282.4 300.7 314.9 330.5 346.4 362.5 374.7 388.6 400.7 411.3 412.1 417.1 418 417.6 416.4 414.2 411.8 409.6 397.3 394.6 390.5 388.4 387.1 386.1 385.5 385.5 385.9 386.5 387.6 388.7 390.1 390.9 378.6 388.1 383.6 380.1 377.2 375 373.6 372.5 371.2 369.6 367.1 365.4 361.9 359.9 357.3 355 352.4 349.9 348 346 344.1 342.6 341 339.9
122.5 119.7 117.1 114.2 115.9 121.2 126.9 128 125.6 122.8 120.2 118 115.9 114.3 112.8 115.3 121 138.9 142.1 157.3 166.4 174.1 201.9 204.6 225.7 239.6 252.8 267.9 281.5 288.8 293 303.5 316.5 319.6 307.2 312.2 316.5 318 316.3 314.7 314.4 321.2 317.4 318.7 318.2 318.4 318.3 318.7 320 319.8 320.2 321.1 321.2 321.3 322.5 322.3 321.2 320.1 319.6 317.9 317.1 319.2 317.8 315.8 315.7 313.8 315.7 315.1 312.3 312.8 312.4 312.1 310.7 309.8 309.7 314.9
72.5 69.1 65.9 63 60.1 80.4 58.6 62.8 67.5 67.2 64.4 61.7 59.1 57 58.9 68.6 76.4 77.2 84 88 93.2 95.3 102.4 110.9 121.4 132.6 145.2 162.5 180.5 191.6 201.9 211.3 231.3 231.7 242 246.5 249 250.4 251.3 251 251.4 260.5 260.5 261.1 263.8 267.2 266.9 266.7 266.5 267.7 270.7 273.8 274.7 273.3 276.4 274.5 276.6 277.8 278.3 278.2 278.9 279 279.6 277.9 279.2 280.7 280.9 279.8 279 278.1 278 278 278.6 278.4 279.1 280.8
48.6 46.2 43.5 41.2 39.1 37 35.1 33.5 31.9 35.6 33.3 31.8 32.7 31.5 33.9 32.1 34.2 34.8 55.8 46.9 57.6 69.1 78.8 84.9 93.9 103.1 112.9 125.8 134.6 145.5 156.7 167.3 177.9 189.3 192.5 198.4 203.6 206.7 208.9 210.9 211.7 212.3 223.7 217.4 221.3 225.2 230.5 239.4 236.3 236.4 240.6 240.1 249 241.1 242.4 248.5 251.6 253 252.4 251.2 251.5 253 252.7 251.8 251 250.2 249.5 249 248.6 248.7 248.7 249.3 250 251.4 258.5 260
29.2 27.6 26 24.8 23.6 22.4 21.2 20.6 19.9 20.6 19.9 20 22.6 23.6 24.8 26.2 27.8 31.1 37.5 44.9 49.8 55.4 61.2 67.3 75.7 86.7 93.9 102 110.6 125.3 131.2 142.5 152.5 161.2 161.8 169.3 175.6 181.5 186.1 190.2 194 205.3 206.8 205 207.3 211.5 211.4 211.3 213.8 215.8 218.1 221 226.8 227.3 229 231.2 230.9 231.1 230 229.9 229.4 228.8 228.6 227.9 226.9 226.7 226.9 226.6 227.1 227.2 228.3 228.8 229.9 231 232.3 233.8
21.5 16.8 16.2 15.9 15.3 15.6 15.5 16.1 17.4 17.8 18.8 19.9 21.3 22.2 23.7 26.3 28.9 33.3 37.6 41.9 46.5 51.3 57.5 64.6 70.5 78.8 83 91.5 101.2 110.8 115.6 124.1 132.3 141 148.7 156.2 162.2 167.4 175 178 183.4 188.1 192.4 193.4 196.8 197.6 197.8 197.3 197.4 197.2 196.8 196.8 207.8 207.2 215.2 210.7 212.4 211.3 210.7 210.2 209.5 209.2 208.5 208.5 207.7 207.4 207.1 207 206.7 206.8 206.8 207 207 213.9 213.6 214.3
16 15.7 15.6 15.5 15.7 16 16.5 16.9 17.6 18.4 19.8 21.2 22.1 24.2 26.4 27.2 29.6 33.2 37.6 42.4 47.4 51.6 57 63.1 68.6 75.1 80.7 87.2 93.8 100.8 110.9 115 122.6 129.9 137.6 146.7 152.6 160.4 163.5 169.4 174.9 179.1 182.4 184.6 186.7 188.2 188.8 189.5 190.1 190.1 190.2 190 189.9 189.6 201.5 192.4 196.6 198.3 197.7 197.3 196.7 196.4 195.7 194.7 194 193.3 192.6 192.5 191.2 191.1 190.2 192.5 191.8 188.4 188.1 187.7
15.1 15.3 15.4 15.5 15.6 16.5 17.1 17.7 18.9 21 22 23.4 25.3 27 29.5 32.1 35.2 38.3 41.1 44.7 47.4 52.5 57.7 62.8 67.5 73.4 83 85.4 92 98.3 105.5 112.2 118.8 124.8 131.1 136.8 142.6 148.2 153.4 157.9 162.1 165.7 168.5 171 173.2 174.8 175.9 176.6 177.3 177.3 177.6 177.8 177.5 177.6 188.4 188.2 187.8 191.2 188.6 186.4 186.2 185.9 185.5 185 183.7 183.2 181.9 181.2 181.8 181 180 178.3 176.9 175.1 173.3 165.1
15.2 15.5 15.9 16.5 17.2 18.4 19 20 21.7 22.6 23.8 25.2 27.1 29.1 31.6 34.2 36.7 39.9 43.1 46.8 50.7 55 59.2 63.5 68.5 73.2 78.1 83.5 89.8 95 100.6 106.2 111.9 117.4 123.2 128.9 134.5 142.6 147.5 152.5 156.8 160.9 164.5 162.5 165 166.8 168.1 169.2 170.3 170.9 171.4 172 172.1 172.4 172.8 173.3 177.4 185 179 181.5 180.7 179.9 178.8 177.8 176.5 175.2 174.2 172.4 170.7 175.1 173.4 171.4 163 161 159 156.9
15.8 16.5 17.1 17.5 18.2 20 19.7 21.3 23.3 25.2 26.6 30 30.2 31.3 33.4 35.3 37.8 43.8 43.1 46.8 50.6 54.4 58.7 62.2 66.4 70.4 74.9 79.4 84.5 92.1 96.8 102.1 107.3 113.3 119.1 124.3 129.7 134.7 139.3 144 148.4 152.1 155.7 159.1 161.6 163.7 165.7 167.1 168.2 168.9 169.3 169.4 169.7 169.5 169.4 169.3 169 175.9 176 175.7 177.4 175.6 179.5 181.4 182.1 171.7 170.9 170.1 168.5 174 171.9 165.3 164.1 161.9 159.9 157.4
16.4 17.4 17.8 19.1 20.1 21.4 23.9 24.4 26.1 27.4 29.2 30.7 32.1 34.1 36.2 38.5 40.5 43 45.6 48.3 51.4 53.9 57.2 60.9 64.5 69.1 73.1 78 82.3 87.3 92.4 98.9 103 109.1 114.1 119 124.3 129.5 134.3 139.5 144.1 148.9 153.4 157.8 161 164.2 166.8 161.4 162.9 172.9 174.5 176.2 176.8 177.8 178.7 171.6 172.8 173.8 174.5 175.3 176.1 176.7 179 174.9 176.6 176.1 175.1 180.6 178.9 177 174.4 173.4 172 169.7 169.1 167.5
17.4 18.2 18.9 21.3 22.5 23.8 25.1 26.6 27.9 29.2 29.1 30.9 32.4 34.5 36.5 38.8 41.1 43.5 46.1 48.8 51.4 54.3 58.2 61.5 65.2 68.9 73 77.4 82.1 86.4 91.3 96.2 101 106.3 111.9 116.3 120.8 126 130.6 135.7 139.9 144.7 148.5 152.3 155.7 158 165.9 163.4 166.8 169.3 172.2 174.7 175.2 177 178.3 180 181 181 183 184.1 181.1 181.4 182.2 182.5 182.5 182.6 188.1 187.6 187.2 186.4 185 184.1 183.5 -9999 -9999 -9999
19.5 20.5 21.6 21.7 22.9 24.1 24.9 26.6 27.7 29.4 31 32.3 34.1 35.9 38.1 40.1 42.7 44.7 46.9 49.4 52.1 55.2 58.5 61.7 65.4 68.6 72.6 76.7 80.6 85.1 89.6 94 98.5 103.3 111.4 113.5 119.1 124.5 129.4 133.8 137.9 141.9 145.7 153.7 157.6 156.8 160.3 163.9 167.2 170 172.7 175.1 177.9 180.3 181.7 182.7 183 183.3 189.2 184.8 186.6 188.3 190 191.3 192.2 193.3 194.5 195.5 195.1 194.9 196.8 196.9 -9999 -9999 -9999 -9999
19.1 20.1 20.9 22.1 23.2 24.6 25.6 26.8 28 29.3 30.7 32.4 33.9 35.7 37.6 39.8 41.1 50.5 53 55.8 58.5 61.5 64.4 67 70.6 74.2 77.3 81.2 85.5 89.2 93.5 97.7 101.7 106.3 110.7 114.9 115.9 121.2 126.4 131.5 136.7 140.8 144.7 148.9 151.7 155.1 158 160.6 162.9 164.8 166.6 179 170.4 172.6 174.7 176.9 178.8 180.3 182.9 184.4 186.2 188.1 188.6 188.8 188.8 194.9 196.4 191.7 193.9 -9999 -9999 -9999 -9999 -9999 -9999 -9999
18.8 19.8 21 21.9 23.9 24.8 25.3 27.4 28.7 30 31.3 33 34.5 36.4 37.8 39.7 41.6 44 46.4 53.9 56.9 60.2 63.5 67.2 70.9 73.9 77.5 81.2 84.8 88.8 92.7 92.3 96.5 101.1 105.4 110 114.8 119.4 123.8 131.4 133.5 138.5 143.1 147.9 151.7 155.2 158.1 161.3 164.2 166.4 168.9 171 172.4 173.8 174.9 176.1 176.9 177.5 178.4 178.6 179.1 194 182.2 184.3 186.1 188.3 189.7 191.8 197.4 198.2 200.3 203.3 206.7 209.9 -9999 -9999
19.4 20.7 21.6 22.7 23.5 24.8 25.9 27.3 28.4 29.8 31.6 32.9 34 35.7 37.8 39.6 41.8 44.1 47.6 49.8 52.4 55.4 58.4 61.5 64.6 68 71.6 75.5 79.2 83.3 87.3 91.6 95.9 100.5 105.1 109.5 113.8 118.5 122.8 127.6 131.8 136.1 140.2 145.5 148.7 153 156.9 160.7 164 167 169.6 172.3 174.8 176.8 178.6 180.1 181.7 183.2 193.6 195.6 197 188.9 189.9 191 192.5 194.1 195.7 196.8 198.6 200.2 206.6 207.9 209.3 211.9 -9999 -9999
17.4 19.1 20.9 22.5 23.6 24.5 25.4 26.9 28.2 29.6 30.2 32.1 33.6 35.3 37.1 39 41.2 43.2 45.5 47.9 50.6 53.2 55.7 58.5 61.6 64.6 67.9 71.5 74.9 78.8 82.5 86.7 90.8 95 101.3 105.4 109.8 112.7 117.6 121.8 126.5 130.7 134.9 139.2 143.3 147.5 151.2 156 159 163 166.2 169.5 172.6 175.4 178 180.5 182.6 184.6 188.2 190.7 192.6 194.8 196.6 195.9 197.6 199.5 201 202.3 204.2 205.7 207.3 208.9 215 217.3 218.6 221.2
19.7 16.5 18.1 19.6 21.6 23.3 25.1 25.5 26.7 28.2 29.3 30.7 32.1 33.6 35.5 37.4 39.3 41.3 43.4 45.6 47.8 50.2 52.7 55.5 58.2 60.8 63.6 66.9 70 73.1 76.3 80.2 83.8 87.6 91.6 95.5 99.1 103.5 107.7 111.8 115.7 120.2 124.1 128.2 132.4 136.3 140 144 147.9 152.7 155.3 158.8 162.6 166.1 169.7 172.4 175.4 177.9 180.9 183.1 185.2 187.9 190.3 192.3 194.4 196.6 198.3 200.6 202.8 204.4 206.3 208.3 210.3 212.4 218.6 220.6
14.5 15.1 15.9 20.7 17.4 19 20.5 22.3 24.5 26.1 27 28.6 29.8 31.1 32.5 34.1 35.7 37.8 39.6 41.5 43.4 45.6 47.6 49.8 52 54.5 57 59.5 62.2 65.1 67.9 70.5 73.8 76.8 80 82.9 86.3 89.8 92.8 96.7 100.2 103.8 107.5 110.8 114.7 118.1 121.9 125.6 129.1 132.7 135.8 139.1 142.7 148.1 149.6 153 156.5 160.1 162.9 166.2 168.7 171.6 174.6 177 179.4 182.1 184.7 187.1 189.6 192 194.4 197.2 199.7 202.2 204.8 207.4
13.6 13.8 14.5 15.1 15.7 16.4 17.3 22.6 19.6 21.4 23.3 25.3 27.3 28.5 29.9 31.2 32.3 33.7 35.2 36.8 38.2 39.8 41.7 43.6 45.3 47.1 49.4 51.6 53.5 55.6 57.7 60 62.3 64.8 67.3 69.8 72.4 75.1 77.8 80.4 82.9 85.8 88.6 91.3 94 96.8 99.8 102.7 105.4 108.1 110.8 113.5 116.2 119.1 122.1 124.6 127.6 130.3 132.8 139.2 139.5 142.6 146 149.3 152 154.4 157 159.7 162.2 164.7 167 169.3 172.3 174.5 177.2 179.5
12.6 13 13.5 14.2 14.5 15.3 16 16.6 17.2 17.9 18.8 24.1 21.3 22.9 24.7 26.6 28.7 30.1 31.4 32.5 33.6 34.7 36.2 37.5 38.7 40 41.7 43.1 44.6 46.1 47.7 49.4 50.9 52.7 54.6 56.5 58.1 59.9 61.8 63.6 65.7 67.7 69.8 71.7 73.9 75.8 78 80 82.3 84.2 86.4 88.3 90.7 92.7 95 97 99.4 101.3 103.4 105.8 107.8 109.7 111.9 114.3 116 118.3 125.1 123.8 126.9 130.1 133.1 135.3 137.1 139.1 141.3 143.1
11.6 12.3 12.5 13.2 13.6 14.1 14.5 15.2 15.7 16.2 16.8 17.4 18 18.6 19.3 20.1 25.2 22 23.7 25.7 27.5 29.5 30.8 31.6 32.7 33.7 34.7 35.7 36.7 37.9 39.2 40.4 41.6 42.5 43.8 45.1 46.4 47.9 49 50.3 52 53 54.3 55.8 57.1 58.8 60.1 61.5 63 64.3 65.8 67.5 69.1 70.5 71.9 73.3 74.9 76.5 78 79.4 81 82.6 84 85.7 86.8 88.1 89.4 90.5 92 93.1 94.5 95.5 97.3 99 101.8 104.2
9.9 10.4 10.7 11.1 11.7 12.2 12.6 13 13.4 14 14.4 15.1 15.6 16 16.4 17.1 17.7 18.2 18.9 19.7 20.4 20.6 21.8 26.5 24.2 25.8 27.5 29.1 30.1 31 31.6 32.7 33.4 34.3 35.1 35.8 36.8 37.9 38.6 39.5 35.5 36.4 37.2 38.4 39.3 40.3 41.4 42.3 43.3 44.4 45.5 46.4 47.4 48.5 49.6 50.5 51.6 52.7 53.8 54.9 52.1 53.1 54.2 55.4 56.6 58.1 59.3 60.4 61.6 62.7 64.1 65.1 66.5 67.6 68.9 70
7.5 7.5 8 8.2 8.4 8.9 9 9.3 9.8 9.9 10.3 10.6 10.7 11.2 11.6 11.8 12.3 12.7 13 13.3 13.6 14.1 14.3 13.3 14.4 15.3 16.5 16.9 17.3 17.7 18.2 18.7 19.4 20.1 20.2 21 21.6 22.3 22.9 23.4 24.2 24.7 25.2 25.9 26.6 27.3 28.1 28.6 29.3 30 30.7 31.6 32.3 33 33.6 34.4 35.2 36 36.9 37.5 38.2 39 39.9 40.8 41.6 42.1 43 43.7 44.6 45.5 46.4 47.1 47.9 48.6 49.4 50.2
6.9 7.1 7.1 7.5 7.8 7.8 7.9 8.3 8.6 8.8 9 9.3 9.5 9.7 10.1 10.4 10.5 10.8 10.9 11.4 11.6 12 6 6.7 7.1 7.8 8.3 9.1 9.9 10.7 11.7 12.4 13.4 14.4 15.3 16.2 17.1 17.8 18.1 18.6 19 19.5 19.7 20.3 20.7 21 21.5 22.1 22.6 23.2 23.4 24.1 24.6 24.8 25.7 25.8 26.5 27.1 27.5 27.9 28.5 29 29.6 30.2 30.5 31.2 31.5 32.1 32.3 33 33.6 34.1 34.8 35.3 35.8 36.3
6.1 6 6.3 6.6 6.7 6.7 6.8 6.8 7.2 7.5 7.7 7.6 7.7 8.1 8.2 8.4 8.6 8.9 9 9.2 9.3 2.9 3 3 3.2 3.4 3.6 3.9 4.5 4.7 5 5.2 5.8 6.1 6.8 7.2 7.7 8.3 9 9.8 10.2 10.9 11.3 12.1 12.8 13.7 14.4 14.9 15.7 16.5 17.2 17.9 18.5 18.5 19 19.4 19.8 20.1 20.7 20.9 21.2 21.7 21.7 22.2 22.5 23 23.4 23.6 24.1 24.3 24.5 25.1 25.3 25.6 26 26.1
