datasets/global_precipitation_1950_2017/rasters/precip_1987-total.asc
NCOLS 720 
NROWS 347 
XLLCORNER -180 
YLLCORNER -90 
CELLSIZE 0.5 
NODATA_value -9999 
[rows 102 to 135 of 347, columns 304 to 379 of 720]
-9999 -9999 -9999 -9999 -9999 -9999 -9999 -9999 -9999 -9999 -9999 -9999 -9999 -9999 -9999 -9999 -9999 -9999 -9999 -9999 -9999 -9999 -9999 -9999 -9999 -9999 -9999 -9999 -9999 -9999 -9999 -9999 -9999 -9999 -9999 -9999 -9999 401.8 392.1 308 265.7 327.8 450.8 455.3 410 214 124.8 128.8 212.8 377.4 240.2 132.1 109.7 91 91.5 86.9 84.9 85.2 85.2 66.2 50.9 35.2 41.1 47.1 43.7 37.2 29.9 27 26.5 28.3 31.4 32.6 27.9 35.2 51.8 71.3
-9999 -9999 -9999 -9999 -9999 -9999 -9999 -9999 -9999 -9999 -9999 -9999 -9999 -9999 -9999 -9999 -9999 -9999 -9999 -9999 -9999 -9999 -9999 -9999 -9999 -9999 -9999 -9999 -9999 -9999 -9999 -9999 -9999 -9999 -9999 -9999 -9999 357 316.8 248.3 282.6 434.8 502.3 415.7 264.8 141.5 98.8 89.8 120.3 155.8 123.5 75.8 102.9 115 104.8 98 84.3 86.2 66.3 41.6 25.5 12.2 21.4 36.1 38.9 35.4 34.7 24.4 13.9 18.9 18.7 19.2 23.4 35.2 47.6 71
-9999 -9999 -9999 -9999 -9999 -9999 -9999 -9999 -9999 -9999 -9999 -9999 -9999 -9999 -9999 -9999 -9999 -9999 -9999 -9999 -9999 -9999 -9999 -9999 -9999 -9999 -9999 -9999 -9999 -9999 -9999 -9999 -9999 -9999 -9999 -9999 338.4 367.8 349.1 459.5 304.6 294.3 252.6 184.8 126.2 106.2 65.5 44.1 73.9 94.3 102 107.3 101.1 103 111.7 113.2 106.8 82.9 44.2 33.9 29.7 26.7 29.2 33.7 36.4 34.8 30.2 22.8 17.5 16 14.7 14.9 18 28.6 40.9 60.2
-9999 -9999 -9999 -9999 -9999 -9999 -9999 -9999 -9999 -9999 -9999 -9999 -9999 -9999 -9999 -9999 -9999 -9999 -9999 -9999 -9999 -9999 -9999 -9999 -9999 -9999 -9999 -9999 -9999 -9999 -9999 -9999 -9999 -9999 -9999 -9999 403.8 533.1 399.1 385.8 336.3 292.9 160.3 138.3 100.8 78.9 61.6 54.1 53.2 64.6 60.1 57 57.1 63.8 73.3 61.1 31.1 24.1 29.2 33 38.5 47.6 38.8 34.4 34.4 33.7 30.6 25 20.1 15.9 11.8 9.3 9.1 14.8 21.5 29.3
-9999 -9999 -9999 -9999 -9999 -9999 -9999 -9999 -9999 -9999 -9999 -9999 -9999 -9999 -9999 -9999 -9999 -9999 -9999 -9999 -9999 -9999 -9999 -9999 -9999 -9999 -9999 -9999 -9999 -9999 -9999 -9999 -9999 -9999 -9999 -9999 -9999 490.3 373.5 381.3 371 382.9 226 121.8 83.1 79 64.8 58.9 52.9 44.9 39.6 29.4 25.2 31.4 23.6 15.3 12.6 15.6 22.2 26.9 29.9 23 26.6 29.7 30.1 31.5 29.7 25.1 18.9 12.7 8.4 5.7 6 7.4 6.5 4.8
-9999 -9999 -9999 -9999 -9999 -9999 -9999 -9999 -9999 -9999 -9999 -9999 -9999 -9999 -9999 -9999 -9999 -9999 -9999 -9999 -9999 -9999 -9999 -9999 -9999 -9999 -9999 -9999 -9999 -9999 -9999 -9999 -9999 -9999 -9999 -9999 187.8 309.5 348.8 353.7 379.3 346.2 222.9 142.9 103 85.2 68.9 58.4 44.7 39.1 35.5 27.6 22.5 21.2 17.3 12.9 14 14.7 18.5 22.6 25.6 24.9 24.6 26.5 27.4 27.5 24.2 17.5 11.3 7 4.3 4.9 5.8 6.6 6 5.4
-9999 -9999 -9999 -9999 -9999 -9999 -9999 -9999 -9999 -9999 -9999 -9999 -9999 -9999 -9999 -9999 -9999 -9999 -9999 -9999 -9999 -9999 -9999 -9999 -9999 -9999 -9999 -9999 -9999 -9999 -9999 -9999 -9999 -9999 -9999 192.6 213.2 236.5 243.5 237.2 262.3 271.2 194.7 141.5 111.6 89.2 71 54.1 43.1 36.9 32.7 26.9 22.7 18.4 13.9 14.4 16.5 15 15.6 18.2 19.7 21.4 21.6 22.6 22.1 21.8 19.6 14.3 8.2 5.9 6.6 6.9 6.2 6.1 5.5 6.6
-9999 -9999 -9999 -9999 -9999 -9999 -9999 -9999 -9999 -9999 -9999 -9999 -9999 -9999 -9999 -9999 -9999 -9999 -9999 -9999 756.3 -9999 -9999 -9999 -9999 -9999 -9999 -9999 -9999 -9999 -9999 -9999 -9999 -9999 177.6 176.3 160.4 144.2 124.2 104.8 100.4 104.8 109.3 109.1 102 87.5 70.1 49.5 36.5 32.1 29.1 23.5 20 16.7 14.4 14.1 13.9 13.4 13.5 13.6 14.1 14.5 16 15.7 16.3 16.9 15.5 12.5 9.8 10.2 9.8 9.4 7.6 6.7 5.9 5.5
-9999 -9999 -9999 -9999 -9999 -9999 -9999 -9999 -9999 -9999 -9999 -9999 -9999 -9999 -9999 -9999 -9999 -9999 -9999 -9999 -9999 -9999 405.8 -9999 -9999 -9999 -9999 -9999 -9999 -9999 -9999 -9999 -9999 147 151.4 146.3 122.1 97.2 81.3 76 77.9 77.8 79.8 81.4 82.7 78.3 66.7 45.5 33.2 27.7 23.6 19.6 16.8 13.8 12.9 12.5 11.5 10.6 10.9 10.9 10.3 10.3 11.7 11.9 12.5 13.9 13.6 12.2 10.7 13.2 11.5 10.4 9.2 8.1 7.8 5.5
-9999 -9999 -9999 -9999 -9999 -9999 -9999 -9999 -9999 -9999 -9999 -9999 -9999 -9999 -9999 -9999 -9999 -9999 -9999 -9999 -9999 -9999 -9999 -9999 -9999 -9999 -9999 -9999 -9999 -9999 96.1 110.2 111.6 112.5 112.7 110.5 95.4 75 59.5 49.6 61.6 65.4 68.3 69.3 70.4 67.8 60.7 42.4 29.6 22.7 18.2 16 13.5 11.5 10.9 7.7 9.1 8.6 9.6 9.7 9.7 9.8 9.8 10.2 11.7 12.7 13.7 12.3 10.9 10.7 11.2 10.8 10.4 9.4 9.3 11.1
-9999 -9999 -9999 -9999 -9999 -9999 -9999 -9999 -9999 -9999 -9999 -9999 -9999 -9999 -9999 -9999 -9999 -9999 -9999 -9999 -9999 -9999 -9999 -9999 -9999 -9999 -9999 -9999 -9999 111.3 97.2 91.4 83.3 77.8 76.9 74.3 69.8 59.9 49.8 45.4 52.5 56.6 61.4 63 63.6 62.2 56.4 41 24.3 17.9 14.9 13.5 11.5 10.2 8.8 8.1 8.5 9.2 9.4 9.9 9.3 8.7 9.5 9.7 10.8 12.7 13.9 12.7 11.7 11.4 11.7 12.2 12.4 11.8 11.2 11.1
-9999 -9999 -9999 -9999 -9999 -9999 -9999 -9999 -9999 -9999 -9999 -9999 -9999 -9999 -9999 -9999 -9999 -9999 -9999 -9999 -9999 -9999 -9999 -9999 -9999 -9999 -9999 -9999 -9999 95.2 85.4 77.4 66.8 61.5 59.8 60.6 55.4 55.4 51.4 49.9 50.2 53.5 57.3 59.9 60.6 58.8 52.7 38.3 18.2 14.9 13.1 11.2 10.4 9.3 8.9 8.6 9.1 10.8 11.6 10.5 11.3 10.7 8.7 9.1 10 11.8 13.3 13.4 12.4 12.2 12.4 13.2 14.4 15.2 12.8 11.9
-9999 -9999 -9999 -9999 -9999 -9999 -9999 -9999 -9999 -9999 -9999 -9999 -9999 -9999 -9999 -9999 -9999 -9999 -9999 -9999 -9999 -9999 -9999 -9999 -9999 -9999 -9999 225 130.2 89.5 69 63.9 60.2 56.6 52.7 50.4 50 49.5 47.9 49.3 47.9 50.2 53.9 55.6 57.5 56.4 49.7 35.6 16.4 12.5 11.2 10.4 9.8 8.5 8.5 8.9 9.8 10.5 11.3 10.6 10.4 10.3 9.6 9.1 9.8 12.6 13.7 14.5 13.9 13.4 13.5 13.5 15.2 14.4 13.6 12.5
-9999 -9999 -9999 -9999 -9999 -9999 -9999 -9999 -9999 -9999 -9999 -9999 -9999 -9999 -9999 -9999 -9999 -9999 -9999 -9999 -9999 -9999 -9999 -9999 -9999 -9999 -9999 160 88.4 58.1 52 54.4 55.6 51.2 46.1 44.9 44.5 45.4 46.5 47 45.8 47.7 50.5 53.7 55.2 53.5 48.2 35.9 14.9 11 10.4 9.4 9.1 9.1 9.2 9.7 10.6 11.3 12.3 12.2 12.8 12.2 12 11.8 15.4 18.7 21.6 21.1 16.8 15.6 14.6 14.1 14.6 14.6 14.6 14.5
-9999 -9999 -9999 -9999 -9999 -9999 -9999 -9999 -9999 -9999 -9999 -9999 -9999 -9999 -9999 -9999 -9999 -9999 -9999 -9999 -9999 -9999 -9999 -9999 -9999 -9999 97.6 74.9 61.5 50.8 46.4 45.7 46.2 42.6 41.9 40.2 40.3 40.8 41.6 44 46.1 48 50.7 50.4 52.3 50.4 48.8 34.8 16.2 10.3 9.5 9.3 9.2 9.2 9.3 10.2 11.5 12.5 13.9 14.1 13.9 14 15.2 17.7 23.3 28.4 37.2 34.7 27.9 20.9 16.5 14.7 14.6 15.5 16.2 16.8
-9999 -9999 -9999 -9999 -9999 -9999 -9999 -9999 -9999 -9999 -9999 -9999 -9999 -9999 -9999 -9999 -9999 -9999 -9999 -9999 -9999 -9999 -9999 -9999 -9999 -9999 63.5 47.4 48.3 46.4 45.2 44.8 44.4 45.3 43.4 41.1 38.9 39.2 39.2 40.2 42.5 45.7 48.5 48.1 49.7 48.2 47.2 33.5 16.6 10.1 9 8 6.8 6.9 7.7 8.9 9.3 11 16 15.1 16.2 14.9 18 24 30.1 35.6 41.3 38.5 35.1 27.2 20.9 16.4 15.1 15.7 18.7 17.1
-9999 -9999 -9999 -9999 -9999 -9999 -9999 -9999 -9999 -9999 -9999 -9999 -9999 -9999 -9999 -9999 -9999 -9999 -9999 -9999 -9999 -9999 -9999 -9999 -9999 38.9 43.1 42.1 39.9 39.7 41 41.6 40.3 39.9 40.3 40.1 38.9 37.2 38.4 38.3 39.8 42.4 45.6 49 50.6 51.6 45.9 31.4 15.4 8.3 7.2 6.3 6 5.5 5.8 6.2 6.7 7.7 8.3 10.3 13.3 17 21.9 27.7 35.1 38.2 42 40 38.3 32.7 25.3 19.1 15 13.5 9.1 9.9
-9999 -9999 -9999 -9999 -9999 -9999 -9999 -9999 -9999 -9999 -9999 -9999 -9999 -9999 -9999 -9999 -9999 -9999 -9999 -9999 -9999 -9999 -9999 -9999 10 18.3 23.6 26.8 30.2 32.8 35.4 36.9 37.6 37.8 37.5 36.8 36 36.1 34.3 33.9 35.1 39.7 43 46.9 49 53.3 48.4 35.2 18.6 7.9 5.8 5.4 5.1 5.1 4.9 4.9 4.8 4.4 4.4 7 10.7 16.5 23.1 29.1 34.5 39.1 41.7 42.7 40.7 35.8 28.2 21.5 16.3 13.1 11 10.6
-9999 -9999 -9999 -9999 -9999 -9999 -9999 -9999 -9999 -9999 -9999 -9999 -9999 -9999 -9999 -9999 -9999 -9999 -9999 -9999 -9999 -9999 -9999 -9999 6.5 11.2 17 20.6 23.8 27.3 29.5 32.8 34.4 34.3 33.3 32 31.9 32 30.6 29.7 34.1 35 38.4 41.8 49.8 55.3 48 35.7 21.2 12 8.4 6.4 6.2 6.2 5.4 5.6 5.1 5 4.7 8.3 10.4 16.3 22.6 27.8 33.2 36.7 41.8 44.5 43.3 38.3 30.8 25 19.1 14.2 12.3 11.8
-9999 -9999 -9999 -9999 -9999 -9999 -9999 -9999 -9999 -9999 -9999 -9999 -9999 -9999 -9999 -9999 -9999 -9999 -9999 -9999 -9999 -9999 -9999 12.6 11.1 14.6 17.1 19.5 21.7 21.4 21.2 27.9 29.1 28.7 27.9 28.7 28.6 26.2 25.9 25.2 29.8 36 34.3 33.6 33 34.5 26.4 11.2 9 7.5 5.9 6 6.4 7.1 7.5 6.9 6.6 6.3 6.5 9.4 13.5 16.1 22 27.3 33.2 36.3 35.6 45.7 44.2 39.6 33.5 27.4 21.2 15.7 13.8 11.9
-9999 -9999 -9999 -9999 -9999 -9999 -9999 -9999 -9999 -9999 -9999 -9999 -9999 -9999 -9999 -9999 -9999 -9999 -9999 -9999 -9999 -9999 -9999 13.2 13.1 16.9 23.3 26.7 24.8 21.7 19.1 21.9 23.2 22.7 21.8 22 23 24.8 28.5 34.6 43.3 44.8 32.5 19.1 13.8 8.8 12.1 10.2 7.5 6.3 4.9 6.5 9.5 10.4 12 12 11.1 10.2 11.9 14.3 17.5 22.1 25.1 28.3 32.1 34.6 37.8 43.2 44.9 42.6 35.7 29.1 22.4 17.4 13.7 11.8
-9999 -9999 -9999 -9999 -9999 -9999 -9999 -9999 -9999 -9999 -9999 -9999 -9999 -9999 -9999 -9999 -9999 -9999 -9999 -9999 -9999 -9999 11.5 9.9 13.1 21.4 34.9 38.3 35.3 29.8 25.1 22.4 20.1 18 15.9 17.7 19.8 24.7 32 40.3 44.4 39 28 20 9.6 10.9 14.8 14.1 10.7 8.6 7.4 7.8 10.8 15.3 17.9 18.7 18.9 19.8 20.7 22.6 24.8 27.2 28.4 29 30.5 33 36.9 41.1 43.4 39.6 34.7 30.1 24.5 19.4 16.5 12.6
-9999 -9999 -9999 -9999 -9999 -9999 -9999 -9999 -9999 -9999 -9999 -9999 -9999 -9999 -9999 -9999 -9999 -9999 -9999 -9999 -9999 -9999 5.9 8.7 15.4 33.2 51.8 50.7 46.5 41.1 33.1 23.6 18.4 16.7 15.1 17.3 22.5 29.4 38.3 42.7 39.8 36.3 26.5 17 8.9 14.5 17.2 16.7 13.5 10.5 7.9 6.4 9.4 17.8 23.9 27.3 27.5 28.9 30.1 32 32.5 33.8 33.5 33 31.1 32.4 34.8 39 42.1 41.4 36.2 33.6 27.7 23.9 21.1 18.4
-9999 -9999 -9999 -9999 -9999 -9999 -9999 -9999 -9999 -9999 -9999 -9999 -9999 -9999 -9999 -9999 -9999 -9999 -9999 -9999 -9999 -9999 -9999 13.7 24.2 47.8 63.2 61.1 54.3 50.2 38.6 17.2 13.9 14.8 15.1 19.7 29.4 36.5 41.9 40 36.6 33.3 26.4 17.2 12.1 17.3 19.3 18.5 16.3 13.3 9.7 7.4 9.1 16.6 25.4 31.3 33.5 34.1 35.3 37.4 40.7 40.3 38.3 36 33.7 32.7 36.9 42.7 41.7 44.1 39.2 36.1 32.3 29.5 26.9 23.2
-9999 -9999 -9999 -9999 -9999 -9999 -9999 -9999 -9999 -9999 -9999 -9999 -9999 -9999 -9999 -9999 -9999 -9999 -9999 -9999 -9999 -9999 -9999 -9999 39.9 60.2 73.7 70.5 59.8 50.4 35.1 11.8 12.1 15.3 19.9 29.3 35.6 40.7 41.1 39.3 34.7 30.6 28.6 18.6 16 20.3 21 20 17.3 14.5 11.5 9.2 8.6 15.2 28.5 36 37.5 38.8 39.8 41.4 44.8 47.3 46.3 41.9 37.2 37.6 43 46.7 46.1 45.8 42.1 36 32.3 29.3 33.4 28.5
-9999 -9999 -9999 -9999 -9999 -9999 -9999 -9999 -9999 -9999 -9999 -9999 -9999 -9999 -9999 -9999 -9999 -9999 -9999 -9999 -9999 -9999 -9999 43.4 59 72 77.5 78.1 65.6 51.1 40.6 28.9 25.6 27.8 32.6 38.4 41.8 45.6 41.3 37.2 30.5 29.9 32.8 22.5 18.3 22.9 22.9 21 18.9 15.8 13.1 10.3 9.2 17.1 32.5 38.7 41.7 42.8 43.9 45.2 49.4 53 54.2 52.6 51.6 50 52.6 57 59.2 54.6 48.9 37.7 32.2 30.1 30.9 27.2
-9999 -9999 -9999 -9999 -9999 -9999 -9999 -9999 -9999 -9999 -9999 -9999 -9999 -9999 -9999 -9999 -9999 -9999 -9999 -9999 -9999 -9999 -9999 58.1 70.8 73.8 74.6 73.5 63.9 64.7 64.1 56.8 46.2 41.8 41.8 44.7 45.7 44.3 41.7 43.3 36.4 34.4 39.3 31.2 25 24.8 24.5 22.5 20 15.6 14.2 12.1 14.3 29.4 47.1 46.2 46.7 44.5 46.7 51.2 56.9 60.1 60.7 64.2 74.6 87.1 95.6 85.2 76.4 68.8 57 41.3 30.3 30.5 34.1 32
-9999 -9999 -9999 -9999 -9999 -9999 -9999 -9999 -9999 -9999 -9999 -9999 -9999 -9999 -9999 -9999 -9999 -9999 -9999 -9999 -9999 -9999 -9999 -9999 65.7 67.2 63 59.5 65.5 115 112.9 95.2 64.6 42.3 48 49.3 50.2 46 42.2 44 34.2 39.9 44.1 38.9 29.2 27.2 26.4 23.6 21 16.1 15.4 25.4 35.5 73 73 60.2 54.6 48.3 44.4 60.3 67.8 72.8 74.5 82.2 92 112.5 114.8 100.1 89.7 79.3 67.4 51.2 38.8 37.2 40.3 41.1
-9999 -9999 -9999 -9999 -9999 -9999 -9999 -9999 -9999 -9999 -9999 -9999 -9999 -9999 -9999 -9999 -9999 -9999 -9999 -9999 -9999 -9999 -9999 -9999 74.9 60.9 55.4 73.3 102.6 127.6 125.9 117.1 91.9 76.3 79 72.1 57.2 43 43.5 42.8 42 45 48.7 42.5 33.6 30.3 26.2 24.7 22.5 19.6 29.5 49.6 74.2 84.8 82.8 75.1 65.6 56.3 57.1 75.2 80.5 88.8 91.1 104.1 117.7 130 124.3 113.4 103.6 93.6 82.5 68 55.4 51.3 51.4 48.2
-9999 -9999 -9999 -9999 -9999 -9999 -9999 -9999 -9999 -9999 -9999 -9999 -9999 -9999 -9999 -9999 -9999 -9999 -9999 -9999 -9999 -9999 -9999 -9999 75.5 52 37.4 72.9 119.6 136 131.1 129.7 121.2 122.7 145.7 120.4 92.5 67.7 64.7 60 51.5 48.8 48.2 44.2 39.7 36.1 69.5 61.8 61.6 81.8 94.1 91.5 84.9 81.9 91 95.7 82.3 70.5 73 85.8 96.5 109.1 121.9 138.5 158.8 153.1 137.7 126.4 116 109.9 97.3 78.3 69.3 65.5 62.9 60
-9999 -9999 -9999 -9999 -9999 -9999 -9999 -9999 -9999 -9999 -9999 -9999 -9999 -9999 -9999 -9999 -9999 -9999 -9999 -9999 -9999 -9999 -9999 -9999 116.4 97.9 62.3 118.4 159 170.7 153.8 143.7 156.1 170.1 198 146.8 137.3 125.1 119.6 107.3 66.2 48.4 38.3 47.4 44.2 84.7 160.8 147.2 133.3 124.6 113.2 93.4 78.9 73.9 103.5 136.7 105.2 87.8 96.2 110.5 126.6 143 157.7 176 203.4 185.7 164.6 142 126.8 127.2 117.4 66.9 69.3 73.1 75 75.7
-9999 -9999 -9999 -9999 -9999 -9999 206.5 -9999 -9999 -9999 -9999 -9999 -9999 -9999 -9999 -9999 -9999 -9999 -9999 -9999 -9999 -9999 -9999 227.2 161.2 141.4 180.5 177.7 195.3 250.2 266.7 216.2 181 182.7 160.4 131.2 136.3 129.7 135.5 136.6 103.4 118.7 83 70 57.7 157.7 174.8 159.7 147.7 124.9 111.4 88.1 70.9 70 103.1 123.6 86.4 93.6 121.5 140.8 155.9 166.9 175.6 195.8 239.8 254.2 207.5 178.6 137.7 122.2 148.7 62.7 57.8 78.3 88 95.8
-9999 -9999 -9999 -9999 -9999 -9999 -9999 -9999 -9999 -9999 -9999 -9999 -9999 -9999 -9999 -9999 -9999 -9999 -9999 -9999 -9999 -9999 -9999 285.7 210.2 198.3 222.4 212.1 263.3 320.4 342.7 298.9 212.5 181 184.2 157.8 128.1 141.6 143.4 145.8 138.4 151.5 157.3 144.2 164.1 202 192.7 186.5 157.4 175.5 135.4 113.7 119.2 110.7 91.7 67.1 74.1 99.7 134.8 150.5 165.5 178.6 185.7 216.6 265.6 296.1 281 234.9 182.8 150.1 136.6 96.5 87.8 99.6 111.1 126.6
-9999 -9999 -9999 -9999 -9999 -9999 -9999 -9999 -9999 -9999 -9999 -9999 -9999 -9999 -9999 -9999 -9999 -9999 -9999 -9999 -9999 -9999 -9999 367 390.3 492.5 395.5 335.3 360.1 415.5 431.7 412.7 337.4 294.6 325.3 320.1 278.8 255.1 224.3 169.5 201.1 230.3 254.2 308.5 353.7 252.6 195.8 177 171.7 176 199.1 224.6 245.1 243.7 138.6 91.1 114.1 132.5 151 160.2 180.3 182.9 189 233 282.3 298 319.4 308.9 270 212.4 148.2 122 125.9 141.3 150 162.5
