datasets/global_precipitation_1950_2017/rasters/precip_1976-total.asc
NCOLS 720 
NROWS 347 
XLLCORNER -180 
YLLCORNER -90 
CELLSIZE 0.5 
NODATA_value -9999 
[rows 306 to 339 of 347, columns 456 to 531 of 720]
895.9 896.9 895.3 892.2 883.4 870 855.5 839.8 825.8 813.1 801.2 786.3 769.3 748.9 725.9 702.7 679.2 655.2 631.4 609.8 591.2 574.9 559.2 540.9 525.6 514.7 499.8 486 475.8 464.4 459.3 454.9 450.9 446 441.2 436.5 430.2 423.2 414.2 404.9 396.5 389.3 -9999 -9999 -9999 -9999 -9999 -9999 -9999 -9999 -9999 -9999 248.5 -9999 -9999 199.8 176.6 165.7 157.8 152.5 150.6 152.1 167.1 171.6 189.7 210.4 226.3 243.1 259.9 279.8 302.1 323.7 345 365.1 381.9 402.3
883.4 880.9 877 872.9 866.1 855.3 844 836 827.4 814.5 808.9 789.8 774.7 756 733.7 710.6 689.4 667.4 645.2 624.1 604.9 585.8 564 543.8 528.3 516.7 504.4 490 474.8 461.5 453.1 445.9 437.4 429.5 422.8 415.7 408.2 399.7 390.5 381 371.7 361.4 -9999 -9999 -9999 -9999 -9999 -9999 -9999 273.4 262.5 250.5 233 215.7 218.5 193 185.3 179.4 175.5 172.4 170 170.4 173.3 196.4 189.7 206.5 225 238.1 250.9 267 286.1 304.9 323.5 341.8 356.8 369.1
878.3 874.8 869.6 862.7 857.6 854.2 848.8 841.8 834.6 821.3 808.3 785.8 776.3 755.7 736.4 717.6 696.5 675.9 655.1 634.7 613.7 595.5 569.5 559.8 542.6 517.4 508.5 490.1 475.6 459.1 446.2 437.4 425.1 419.4 410 395.6 389.3 378.5 369.2 358.6 347.9 340 -9999 -9999 -9999 -9999 -9999 -9999 272.3 261.5 250.9 246.3 224.8 231.9 223.5 197.7 192.8 189.9 188.4 187.4 185.1 184.1 185.8 209.3 216.8 205.4 229.7 234 246.8 259.8 275.9 292 308.2 324.4 334.6 345.5
861.7 857.5 851.9 848.1 851 852.1 846.5 843.1 826.2 814.3 806.1 793.1 776.1 758.5 740.9 722.5 702.9 682.1 661.3 640.6 618.5 596.6 575.9 555.8 536.3 519.7 501 486 472.5 455.9 440.2 426 412.6 400.8 389.6 378.1 367.3 358 347 336.3 322.9 -9999 -9999 -9999 -9999 -9999 -9999 260 255.8 246.7 232.5 222.1 215.6 210 203.7 196.5 190.4 185.3 195.3 193.5 180.1 182.6 186.5 192.6 197.9 202.7 208.3 218.5 231.6 237.1 258 257.4 271.3 285.2 292.7 307.6
832.8 834.8 837.7 817.6 841.4 837.7 832.8 825.8 812.4 802.5 794.3 780.6 766.1 750 734.3 718.1 700.7 681.9 661.1 641 620.8 600 579 557.9 537.7 518.4 499.9 481.9 465.3 447.3 429.4 414 399.7 386.4 373.9 362.3 351 338.9 326.3 317.3 304.7 -9999 -9999 -9999 -9999 257.2 247.4 233 241.4 235 224.6 218.6 213.4 208.8 203.7 197.9 192.8 189.2 190.6 185.5 185.3 204.4 205.8 208.7 212.4 217.8 209 224.2 238.4 246.8 254.9 263.2 272.7 282.5 293.3 305.2
798.7 799.3 799.9 796.3 803.1 799.2 793.7 787.4 787.4 779.1 762.8 752.6 741.3 728.9 714.9 699.9 683.8 666.5 651.3 631.6 609.6 590.3 570.7 551 531.3 511.8 492.7 474.2 453.9 435.7 420.1 404 388.6 373.9 360.6 348.2 336.4 325.1 311.1 300.7 293.2 279.7 265.5 253 243.9 237.6 230.8 225.5 217 215.4 196.8 226.7 221.6 217 212.8 209.8 207.5 206.2 206.2 205.8 205.3 206.3 207.8 161.6 171.6 182.4 193.9 206.2 220.6 233.8 247.5 254.7 263 269.9 279 287.4
721.3 730.3 724.1 723.9 722.9 720.5 724.2 727.6 729.4 723.9 710 695.5 680.9 671.2 660.4 648.2 640 629.5 617.1 599.3 578.8 558.3 538.7 521.4 503.8 486.1 468.3 449.5 430.4 411.9 396.1 381.9 369.3 354.8 341.4 329.1 314.3 300.3 286.3 276 268 254.9 240.8 228.2 214 202.6 198.5 194.9 189 210 194.2 188.7 178.1 167.8 158.4 192.2 193.9 196 199.1 124.1 128.8 134.6 141.1 148.2 157 167.5 176.9 186.8 197.9 208.5 219.7 230.8 241.6 246.9 253.2 257.9
625.3 624 622.3 619.7 619.8 622.8 626 627.9 629.4 626.3 617.3 607.5 597.2 585.4 577.2 571 564.4 555.8 545.7 531.5 514.2 497.4 481.1 465.2 450.4 435.6 419.3 402.6 385.3 368.5 354.1 341.4 329.9 319.7 307.2 293.1 279.7 266.2 253.2 242.9 231.3 220.1 207.6 197 185.2 175.3 188.9 187 185.9 185.6 148.7 146.2 145.2 144.6 142.9 134.8 127.5 120.9 114.6 113.2 116 119.8 124.2 129.8 136.9 143.9 152.1 160.1 168.8 178.3 187.3 196.2 204.9 212.9 214.3 214.1
495.5 498.2 500.2 501.3 502.1 502.7 502.2 502 501 498.4 495.1 490 484.5 478.4 472.1 465.6 458.2 449.7 440.2 429.6 418.7 407.6 396.9 386.5 375 361.3 347.2 332.2 317.2 303.6 293.5 282.3 268.7 255.4 242.6 230.9 234.2 213.3 208.1 200.2 189.7 179.2 158.3 154.8 147.5 142.9 134.7 154.5 154.1 154.1 152.6 144.5 137 127.5 100.6 100.1 100.1 100.4 98.1 96.5 98.5 101.6 105.1 109.6 114.4 119.8 125.4 131.6 137.9 144.7 151.2 158.5 164 169.8 171 169.6
372.1 377 380.9 383.9 384.7 382.5 379.9 376.4 372.2 370.1 370.3 369.3 367.9 366 361.1 353.8 345.6 336.7 326.9 319.1 314.5 309.1 303.8 295.3 283.8 271.9 259.6 247.3 236.5 227 214.6 203.1 191.8 181.1 171.8 162.7 154.2 146 138 132 128.7 125.2 121.7 119.3 114.6 106.8 104.1 119.4 119.3 119.8 120.6 115.9 110.2 104.2 98.7 78.8 78.9 79.1 79.3 78.1 75.8 82.4 74.1 75.2 76.5 78.5 81.3 84.6 88.6 92.8 97 101.9 106 110.6 116.5 121.4
271.3 266.9 271.8 276.8 281 280.2 275.9 271.3 265.9 264.1 265.7 266.7 267.3 267.2 263.7 256.2 248.1 239.5 230.4 225.2 219.6 209.7 200.2 190.4 180 174.2 172.6 170.8 168.8 162.9 128.7 127.9 126.7 125.4 121.7 115.4 109.5 103.7 99.1 95.5 94.6 92.8 91.9 91 88 82.9 79.6 88.6 89.4 89.8 91.2 90.9 86.2 81.8 63.9 64 63 63.5 63.8 62.8 61 59.6 58.2 57.4 57.2 57.4 58.3 59.1 60.7 63.1 65.9 68.5 71.9 74.9 79 82.5
185.6 182.2 184.8 188.8 192.7 196.5 197 191.9 186.7 185.4 187 188.7 183.9 177.4 170.4 163.5 174.3 154.5 155.3 152 144.1 136.5 116.9 117.5 114.1 107.1 100.3 93.9 88.2 86 86.4 86.9 87.7 88.1 86.2 82.2 78.8 75.8 72.1 70.7 70.5 70.2 70.2 69.7 67.8 64.3 61.3 69.8 65.9 66.6 67.6 68.8 67 63.9 51.2 51.1 51.3 51.9 51.8 51.5 50.1 49.2 48.3 47.5 47.5 47.9 48.6 49.9 51.4 53.3 54.7 56.9 58.6 60.7 62.9 65.3
131.2 127.9 124.5 122.9 126.1 129.5 132.2 131.3 130.3 125.6 120.5 115.4 110 101.3 99.1 94 88.3 82.8 78 76 76.6 77.3 78 79.4 77.3 72.6 67.7 64 60.8 60.2 61 62.1 63.1 63.8 62.7 60.6 58.3 56.1 54.5 53.7 54.1 54.3 54.3 54.7 53.8 51 49 47.8 49.8 50.3 51.1 52 52.6 43.3 43.1 43.1 43.5 43.7 44.2 43.9 43.2 42.7 42.3 42 42.1 42.7 43.5 44.3 45.4 46.2 47.5 48.9 50 51.4 53.2 54.7
78.1 79.3 80.7 82.1 83.2 82.3 84 86.1 88 86.8 67.4 68 68.9 69.8 68.3 64.6 61.1 57.9 54.7 53.7 54.2 54.7 55.6 56.4 55.4 53.1 51.4 49.7 48.4 48.4 48.8 49.1 49.8 50.4 50 47.9 47 45.7 44.7 44.4 44.6 44.8 45.1 45.1 44.5 43.3 42.7 40.3 46 41.8 39.9 39.5 38.8 38.5 38.1 38 38.4 38.5 38.8 39 38.5 38.4 38.2 37.8 38.1 38.5 39 40 40.4 41.3 42.4 43.1 44.4 45.4 46.8 47.9
53 51.6 49.5 55.8 48.8 50.3 51.8 49.9 47.6 47 47.8 48.2 48.9 49.8 49 46.8 45.5 44.3 43.3 42.7 43.2 43.9 44.3 44.9 44.5 43.3 42.3 41.3 40.6 40.6 40.8 41.5 42 42 41.6 40.7 40 39.1 38.6 38 38.5 38.6 38.7 38.7 38.3 37.6 37 36.5 36.6 36.9 35.9 35.6 35.2 34.8 34.8 34.7 35.1 35.5 35.5 35.6 35.4 35.2 35.2 35.1 35.2 35.6 35.8 36.4 36.8 37.5 38.3 38.9 39.7 40.6 41 41.6
35.5 35.3 33.3 34 34.6 34.8 35.6 35.9 36.7 36.4 36.1 35.4 35 34.3 34.2 34.5 35.2 35.3 35.5 35.4 35 34.5 34 33.7 33.5 33.9 34.1 34.6 35 34.9 34.6 34.3 33.4 33.3 33.2 33.3 33.3 33.6 33.9 33.6 33.5 33 32.9 32.8 32.4 32.3 33.3 32.9 32.8 32.9 33 32.7 32.8 31.8 31.9 31.7 31.9 31.8 32.5 32.6 31.8 32.1 32.3 32.6 32.8 32.8 32.8 33.1 34 34.4 33.9 34.4 34.9 35.6 36.2 37.1
26.8 27.3 26.7 26.9 27 27.4 28 28.2 29.3 29.8 28.4 28.9 29.3 29.7 29.7 29.5 29.4 29.4 31.4 31.2 29.4 29.6 29.8 30.1 30.1 30.1 30.1 29.8 31.4 31.5 30 30 29.9 29.9 30 29.8 29.6 29.7 29.6 30.6 30.4 30.1 29.3 29.3 29.2 29.7 29.6 29.8 29.7 30 29.8 29.9 29.9 29.8 30 30.1 29.5 29.5 29.4 29.7 29.5 29.9 30 29.9 30.2 30.3 30.6 30.7 30.7 31 31.4 31.7 32 32.3 32.5 32.8
22.9 23.5 23.2 23.4 23.6 23.7 24.1 24.5 24.8 25 25.3 25.4 26 26.2 26.3 26.1 26.2 26.3 27.7 28 26.8 27.2 27.3 27.4 27.4 27.6 27.3 27.3 28.2 28.5 27.5 27.4 28 27.9 27.4 27.5 27.3 27.4 27.4 27.2 27.2 27.2 27.3 27.7 27.4 27.4 27.5 27.3 27.7 27.5 27.5 27.7 27.5 27.9 27.8 27.7 27.8 28.1 28.1 27.4 27.8 27.8 28 28.3 28.3 28.4 28.5 28.6 29 28.9 29.1 29.4 29.8 30.1 30.2 30.5
20.5 20.8 20.8 21 21.1 21.4 21.5 21.8 22.3 22.5 22.7 22.9 23 23.2 23.6 23.8 23.7 23.9 24.8 24.9 24.1 24.5 24.7 24.9 25 25.1 24.9 25.2 25.8 25.9 25.5 25.5 25.6 25.8 25.8 25.7 25.4 25.3 25.5 25.4 25.5 25.6 25.6 25.7 25.6 25.6 25.7 25.8 25.7 25.9 25.8 25.7 25.9 25.9 26 26.2 26.3 26.5 26.6 26.6 26.7 26.7 26.9 26.2 26.9 26.9 27.1 27.1 27.4 27.5 27.8 27.8 28 28.4 28.5 28.8
19.6 19.9 19.9 20 20.2 20.2 20.5 20.6 20.9 20.8 20.8 21 21.1 21.3 21.8 21.9 21.9 22.2 22.4 22.5 22.7 22.7 22.8 23.1 23.2 23.2 23.4 23.5 23.9 23.9 23.8 23.9 24 24 24.1 24.3 24.3 24.2 24.2 24 24.2 24.1 24.3 24.2 24.1 24.3 24.3 24.4 24.3 24.4 24.5 24.4 24.6 24.6 24.5 24.6 24.7 24.9 25.1 25.1 25.2 25.5 25.5 25.9 25.9 26 26.1 25.5 26.1 26.3 26.5 26.7 26.9 27.1 27.6 27.8
18.9 19 19.3 19.2 19.4 19.6 19.7 19.8 19.9 20 20.2 20.2 20.4 20.5 20.7 20.7 20.8 21.1 21.2 21.2 21.4 21.6 21.7 21.7 21.9 21.9 21.8 22 22.3 22.3 22.4 22.4 22.4 22.6 22.7 22.7 22.9 22.9 22.8 23 23 23 22.8 23 22.9 23 23 22.8 22.9 23 23.1 23.2 23.4 23.5 23.6 23.7 23.9 23.8 24.1 24.4 24.4 24.6 24.7 25 25.1 25.4 25.5 25.7 26 26.1 26.3 26.7 25.9 26.7 26.8 27
18.4 18.7 18.7 18.9 19 19.1 19.2 19.3 19.3 19.6 19.5 19.6 19.8 19.8 20 20.1 20.2 20.4 20.5 20.6 20.7 20.8 20.9 20.9 21 21.2 21.2 21.3 21.6 21.6 21.6 21.8 21.7 21.8 21.9 21.9 22 22.1 22.1 22.2 22.4 22.2 22.2 22.4 22.4 22.3 22.4 22.5 22.6 22.7 22.8 22.8 23 23 23.2 23.2 23.4 23.4 23.6 23.6 23.9 24 24.2 24.4 24.5 24.7 25 25 25.4 25.6 25.7 26 26.2 26.3 26.6 26.9
18.2 18.2 18.2 18.3 18.3 18.6 18.6 18.7 18.9 18.9 19.1 19.2 19.3 19.4 19.5 19.5 19.6 19.7 19.9 19.9 20 20.1 20.2 20.3 20.4 20.6 20.6 20.7 20.9 20.9 20.9 21 21 21.1 21.2 21.3 21.4 21.5 21.6 21.6 21.7 21.7 21.8 21.9 22 22 22.1 22.3 22.3 22.3 22.3 22.5 22.5 22.7 22.7 22.9 22.9 23.1 23.1 23.3 23.4 23.6 23.8 24 24.2 24.3 24.3 24.6 24.7 24.8 25.3 25.3 24.8 25.1 25.2 25.3
17.5 17.7 17.7 17.8 18 18 18.1 18.3 18.4 18.6 18.6 18.8 18.8 18.9 19.1 19 19.1 19.3 19.3 19.4 19.5 19.6 19.6 19.7 19.8 19.9 19.9 20.1 20.1 20.3 20.4 20.4 20.5 20.6 20.7 20.7 20.8 20.9 21 21.1 21.2 21.4 21.5 21.5 21.6 21.6 21.7 21.7 21.9 21.9 22 22.1 22 22.2 22.2 22.4 22.5 22.7 22.8 23 23.1 23.1 23.4 23.4 23.7 23.8 23.9 24 24.2 24.3 24.6 24.7 24.9 25.1 25.2 24.9
17.2 17.4 17.3 17.3 17.4 17.6 17.7 17.7 17.9 18 18 18.3 18.3 18.4 18.4 18.6 18.7 18.7 18.9 18.9 19 19.1 19.2 19.3 19.3 19.5 19.5 19.6 19.8 19.8 19.9 19.9 20.1 20.1 20.2 20.3 20.4 20.5 20.6 20.7 20.7 20.8 20.9 21 20.9 21.1 21.2 21.2 21.3 21.5 21.5 21.6 21.7 21.9 22 22.1 22.2 22.3 22.3 22.5 22.6 22.8 22.9 23.1 23.2 23.3 23.4 23.6 23.8 24 24.1 24.3 24.4 24.5 24.9 24.9
16.9 16.9 17 17.1 17.2 17.2 17.3 17.4 17.5 17.4 17.6 17.6 17.7 17.9 18 18.1 18.1 18.3 18.3 18.4 18.4 18.6 18.6 18.7 18.8 18.9 19 19 19.2 19.2 19.3 19.4 19.5 19.5 19.7 19.9 19.9 20 20.1 20.2 20.2 20.3 20.4 20.5 20.5 20.5 20.6 20.7 20.9 20.9 21 21 21.1 21.3 21.4 21.4 21.5 21.6 21.7 22 22.2 22.4 22.6 22.6 22.8 22.9 23 23.2 23.3 23.5 23.5 23.8 24 24.1 24.3 24.4
16.3 16.4 16.5 16.6 16.6 16.7 16.7 16.8 16.9 17 17.1 17.2 17.2 17.3 17.4 17.5 17.5 17.7 17.7 17.8 17.8 18 18 18.1 18.1 18.3 18.3 18.4 18.5 18.6 18.7 18.7 19 19 19.2 19.2 19.4 19.4 19.5 19.6 19.7 19.7 19.8 19.8 20 20 20.1 20.2 20.3 20.3 20.6 20.6 20.7 20.9 21 21.2 21.3 21.4 21.4 21.5 21.6 21.7 21.9 22.1 22.2 22.2 22.3 22.5 22.7 22.9 23 23.2 23.2 23.5 23.5 23.8
15.8 15.8 15.9 16 16.1 16.1 16.2 16.3 16.4 16.4 16.4 16.6 16.6 16.7 16.7 16.9 16.9 17 17 17.2 17.2 17.3 17.3 17.5 17.5 17.6 17.6 17.7 17.9 17.9 18.1 18.2 18.5 18.5 18.7 18.7 18.8 18.9 19 19 19.1 19.2 19.3 19.3 19.5 19.5 19.6 19.7 19.9 20 20.1 20.2 20.3 20.3 20.5 20.5 20.6 20.6 20.8 20.9 21 21.1 21.1 21.3 21.4 21.5 21.6 21.8 21.9 22 22.2 22.3 22.4 22.4 22.6 22.9
15.2 15.2 15.3 15.3 15.4 15.4 15.6 15.6 15.6 15.7 15.8 15.9 15.9 15.9 16.1 16.1 16.2 16.2 16.3 16.4 16.4 16.5 16.9 17.1 17.1 17.2 17.2 17.4 17.5 17.5 17.6 17.6 17.8 17.9 18.1 18.1 18.2 18.2 18.2 18.3 18.4 18.5 18.5 18.6 18.6 18.9 18.9 19.1 19.1 19.3 19.3 19.5 19.5 19.5 19.6 19.7 19.8 19.8 19.9 20.1 20.2 20.3 20.3 20.4 20.5 20.7 20.7 20.8 20.9 21.1 21.1 21.3 21.5 21.6 21.8 21.8
15 15 15.1 15.1 14.7 14.7 14.8 14.8 14.9 15 15.5 15.5 15.5 15.7 15.7 15.8 15.8 15.8 16 16 16 16.2 16.3 16.4 16.4 16.5 16.7 16.7 16.8 16.9 16.9 17 17.1 17.2 17.2 17.3 17.3 17.3 17.5 17.5 17.6 17.6 17.6 17.7 17.8 17.9 17.9 18.1 18.2 18.3 18.4 18.5 18.6 18.6 18.8 18.8 18.9 18.9 19 19.1 19.2 19.2 19.3 19.4 19.6 19.7 19.8 19.8 19.9 20 20.2 20.2 20.3 20.5 20.5 20.8
14.2 14.2 14.4 14.4 14.3 14.5 14.5 14.6 14.7 14.7 14.8 14.8 14.8 14.9 15 15 15.1 15.1 15.1 15.2 15.3 15.4 15.5 15.5 15.5 15.6 15.7 15.9 15.9 15.9 16 16 16 16.2 16.2 16.4 16.4 16.4 16.5 16.6 16.6 16.7 16.7 16.8 16.8 16.9 17 17 17.1 17.1 17.2 17.3 17.3 17.5 17.6 17.6 17.8 17.8 18 18 18.1 18.2 18.3 18.3 18.3 18.4 18.5 18.6 18.7 18.8 18.8 19.1 19.2 19.4 19.4 19.5
13.4 13.4 13.5 13.6 13.6 13.7 13.7 13.7 13.7 13.9 13.9 13.9 14 14 14.1 14.2 14.3 14.3 14.4 14.4 14.4 14.5 14.5 14.6 14.6 14.7 14.7 14.7 14.8 14.8 14.9 15 15 15 15.1 15.1 15.1 15.3 15.3 15.3 15.4 15.5 15.5 15.7 15.7 15.8 15.8 15.8 16 16.1 16.1 16.2 16.2 16.2 16.3 16.4 16.5 16.5 16.5 16.6 16.6 16.9 17 17 17.1 17.1 17.2 17.3 17.6 17.6 17.6 17.7 17.8 17.9 17.9 17.9
12.6 12.6 12.6 12.6 12.7 12.7 12.8 12.9 13 13 13 13.1 13.1 13.1 13.1 13.3 13.3 13.3 13.3 13.4 13.4 13.4 13.5 13.6 13.6 13.6 13.7 13.7 13.7 13.8 13.9 13.9 13.9 14 14 14 14.1 14.1 14.2 14.2 14.3 14.3 14.3 14.4 14.4 14.5 14.6 14.6 14.6 14.7 14.7 14.8 14.9 15 15.1 15.1 15.2 15.3 15.4 15.4 15.5 15.6 15.5 15.7 15.8 15.8 15.9 15.9 15.9 16 16.1 16.1 16.3 16.3 16.4 16.4
11.6 11.6 11.6 11.7 11.7 11.7 11.7 11.7 11.9 11.9 11.9 11.8 11.9 11.9 11.9 11.9 11.9 12 12 12.1 12.1 12.2 12.2 12.2 12.2 12.3 12.3 12.4 12.4 12.5 12.5 12.5 12.5 12.6 12.6 12.8 12.8 12.9 12.9 12.9 12.9 13.1 13.1 13.3 13.3 13.3 13.3 13.4 13.5 13.5 13.6 13.7 13.7 13.7 13.8 13.8 13.8 13.8 13.9 14 14 14.1 14.1 14.1 14.2 14.2 14.3 14.3 14.4 14.4 14.4 14.5 14.5 14.6 14.7 14.7
