datasets/global_precipitation_1950_2017/rasters/precip_1960-total.asc
NCOLS 720 
NROWS 347 
XLLCORNER -180 
YLLCORNER -90 
CELLSIZE 0.5 
NODATA_value -9999 
[rows 170 to 203 of 347, columns 228 to 303 of 720]
2830 2737.4 3272.1 3281.6 2622.3 2658.2 2875 2857.2 2722.7 2838.9 2928.1 2998.4 3011.2 2886.1 2700.1 2571.9 2523.9 2548.6 2445.4 2339.8 2224.5 1937 1834.8 1651.5 1783.2 1885.5 2078.8 2417.1 2251.7 2148.5 2258.5 2214 2127.5 -9999 1773.8 1933.1 1930.7 2216.7 2221.5 2286.5 2696.9 2407.8 1944.3 -9999 -9999 -9999 -9999 -9999 -9999 -9999 -9999 -9999 -9999 -9999 -9999 -9999 -9999 -9999 -9999 -9999 -9999 -9999 -9999 -9999 -9999 -9999 -9999 -9999 -9999 -9999 -9999 -9999 -9999 -9999 -9999 -9999
2942.9 3865.2 3790.4 3554.6 3046.5 2917.2 3017.9 2975.8 3002.8 3022.4 3001.5 3001.8 2918.8 2691.1 2700.6 2542.9 2393.1 2475.8 2513.7 2285.6 2165.1 1922 1799.4 1726.9 1865 2019 2126.3 2257.1 2339.8 2469.4 2396.9 2379.6 2119.4 1996.5 1716.1 1855.5 1905.4 1850.1 1993 2140.3 2222.1 2062.9 1895.7 -9999 -9999 -9999 -9999 -9999 -9999 -9999 -9999 -9999 -9999 -9999 -9999 -9999 -9999 -9999 -9999 -9999 -9999 -9999 -9999 -9999 -9999 -9999 -9999 -9999 -9999 -9999 -9999 -9999 -9999 -9999 -9999 -9999
2861 3338.8 3208.8 2938.6 2627.3 2722.8 2959.2 3038.8 2942.4 2943.3 3155.3 2825.1 2644.5 2741.1 2732.6 2613.3 2414.7 2593.3 2441.7 2398.3 2214.3 1966.9 1988.8 1548 2089.8 2133 2079.4 2103.2 2212.3 2324.4 2328.4 2212.9 2181.3 1929.3 1756 1720.7 1748.9 1607.1 1794.6 1972.5 2099.7 1906.9 1753.3 -9999 1670.3 1505 1496.4 -9999 -9999 -9999 -9999 -9999 -9999 -9999 -9999 -9999 -9999 -9999 -9999 -9999 -9999 -9999 -9999 -9999 -9999 -9999 -9999 -9999 -9999 -9999 -9999 -9999 -9999 -9999 -9999 -9999
2756.4 2679.1 2386.4 2321.4 2264.6 2529.2 2957.1 2999.7 2871.8 2673.2 2872 2626.5 2332.2 2697.3 2765.8 2707.7 2457.2 2554.5 2393.1 2376.4 2271.2 2108.8 1937 1795.9 1832.3 1885.8 1954.9 2011.5 2014.4 2021.7 2038.3 2011.3 1996.4 1742.1 1622.3 1366.6 1437.5 1460.7 1664.1 1845.8 1835.2 1814.5 1476.8 1632.7 1635.8 1600.9 1410.5 1313.7 1164 991.7 990.3 774.5 868.8 798.5 -9999 -9999 -9999 -9999 -9999 -9999 -9999 -9999 -9999 -9999 -9999 -9999 -9999 -9999 -9999 -9999 -9999 -9999 -9999 -9999 -9999 -9999
2665 2422.1 2168.1 2038 1879.2 2350.8 2710.9 2864.2 2977.5 3028.5 2847.2 2638.3 2549.1 2796.2 2765 2731.1 2601.1 2734.9 2607.8 2492.7 2407 2261.5 1976 1948.5 1813.2 1741.3 1767.4 1949.9 1966.9 1960.3 1802.8 1699 2021.6 1695.9 1591 1398.3 1294.5 1333.5 1467.2 1613 1739.4 1620.5 1493.5 1640.4 1662.9 1591 1706 1373.6 1154.9 992.9 900.7 515.6 437.7 571.4 885.3 -9999 -9999 -9999 -9999 -9999 -9999 -9999 -9999 -9999 -9999 -9999 -9999 -9999 -9999 -9999 -9999 -9999 -9999 -9999 -9999 -9999
2446.5 2307.6 2065.8 2013.9 2021.5 2278.2 2510.8 2740.3 2914.6 3033.2 2913.5 2684.2 2540.8 2656.2 2713.6 2661.2 2672.2 2694.8 2645.6 2661.5 2582.7 2380.8 2101.3 2010.3 1883.5 1734.1 1694.2 1794.8 1877.3 1856.5 1750.7 1695.5 1781.6 1726.3 1624.6 1537 1525.7 1494.6 1354.8 1464.2 1601.5 1601.1 1572 1500.1 1604.4 1657.1 1644.8 1296.1 1409.1 1318.2 888.3 635.2 614.6 885.8 906.8 788.6 -9999 -9999 -9999 -9999 -9999 -9999 -9999 -9999 -9999 -9999 -9999 -9999 -9999 -9999 -9999 -9999 -9999 -9999 -9999 -9999
2271.3 2252.2 2166.1 2228 2307.9 2342.3 2513.7 2692.2 2787.8 2918.2 2929 2822.8 2622.6 2590.9 2713 2739.6 2699.8 2633.6 2671.5 2573.3 2700.6 2457.2 2134.7 2077.2 1946.2 1797 1714.4 1727.8 1733.8 1714.7 1686.8 1626.7 1553.5 1409.2 1398.3 1641.2 1535.5 1379.1 1240.6 1283.3 1395.2 1408.8 1549.6 1438 1500.3 1433.1 1519.3 1544.9 1402.2 1250.1 836.5 537.4 746.2 745.1 647.4 738.7 338.5 -9999 -9999 -9999 -9999 -9999 -9999 -9999 -9999 -9999 -9999 -9999 -9999 -9999 -9999 -9999 -9999 -9999 -9999 -9999
2248.9 2266.6 2193.6 2264.2 2404.7 2358.1 2411.3 2428.4 2539.1 2736.5 2854.9 2873.3 2778.2 2702 2694.3 2690.9 2634.6 2551.8 2525.4 2675.6 2742.9 2504.2 2238.8 2164.6 2062.2 1940.2 1882.7 1801.7 1737.5 1652.2 1605.8 1593.7 1544.2 1389.9 1291.1 1377.2 1294 1201.7 1099.5 1029.1 1220.4 1217.8 1256.6 1315.3 1414.7 1550.8 1321.7 1475.9 1164.3 985.2 721 712.1 831 864.3 698 637 791.9 815.4 627.3 488.8 629.7 -9999 -9999 -9999 -9999 -9999 -9999 -9999 -9999 -9999 -9999 -9999 -9999 -9999 -9999 -9999
2389.4 2448.7 2273.9 2063.7 2242.9 2297.9 2111.1 2052.6 2206.5 2857.9 2753.8 2792.9 2797 2753.8 2688 2604.8 2542.5 2504.5 2531.9 2585.9 2555.6 2439.8 2262.4 2204.5 2121.6 2012.3 1945.5 1902.1 1844.4 1793.4 1771.7 1702.6 1611.2 1513.8 1374.5 1312.6 1256.7 1218.5 1091.4 1165.6 1228.6 1160.1 1173.3 1184 1266.5 1352.1 1397.5 1267.4 1192.4 899.5 624 583.7 712.1 688.4 637.6 743.2 817.3 1283.2 692 478.6 752.7 1473.4 -9999 -9999 -9999 -9999 -9999 -9999 -9999 -9999 -9999 -9999 -9999 -9999 -9999 -9999
2610.4 2679.6 2736.7 2155.6 2162.9 2087.7 1908.4 1827.3 1919.6 2411.3 2585.4 2700.4 2685.1 2669 2677.6 2593.2 2479.5 2572.6 2571.7 2508.8 2466.6 2413.2 2293.6 2218.1 2131.9 2039.1 1950.7 1917 1870.5 1857.2 1861.8 1812.3 1674.1 1531.3 1483.7 1444.5 1371.2 1268.3 1134.6 1128.7 1193.2 1164.8 1138.6 1161.4 1215.3 1269.3 1330.4 1287.4 1215.6 947.6 710.7 630.7 795.2 695.7 732.7 796.3 1015.5 943.9 617.9 682.2 530.6 1315.2 -9999 -9999 -9999 -9999 -9999 -9999 -9999 -9999 -9999 -9999 -9999 -9999 -9999 -9999
2088.1 2255.1 2285.1 2133.4 2119.1 2032.5 1949.7 1989.8 2259.6 2353.2 2489.1 2508.7 2442.3 2557.6 2681 2643 2680.2 2761.1 2745.3 2563.9 2427.3 2385.5 2321.2 2237.5 2140.7 2053.8 1983.2 1931.4 1815.3 1958.8 1900.6 1874 1738 1605.2 1564.1 1586.3 1551.7 1369.9 1198.6 1110.4 1151.6 1155 1171.5 1183.9 1130.7 1080.3 1154.5 1139.6 1167.6 1109.3 771 713.9 878.4 839.6 752 712.2 480.9 546.2 678.2 474.7 1176.1 964.3 -9999 -9999 -9999 -9999 -9999 -9999 -9999 -9999 -9999 -9999 -9999 -9999 -9999 -9999
1921.2 1742.2 2159.9 2191.2 2105.4 1997.1 2039.3 2047.4 2167.1 2373.5 2519.2 2516.3 2068.5 2478.3 2580.2 2568.7 2800.4 2898.1 2799.5 2606.7 2411.4 2363.2 2325.8 2265.1 2153 2057.6 1971.2 1891.7 1838.6 1827.1 1643.9 1669.6 1689.2 1628.7 1616.7 1620.7 1594.6 1467.2 1288.4 1127.1 1117.3 1082.9 1064.9 1039.9 978.8 983.1 993.5 980.8 1045.6 953 674.9 699.6 822.2 1025.4 797.7 775.6 812 358 475.5 720.7 790.4 961.9 -9999 -9999 -9999 -9999 -9999 -9999 -9999 -9999 -9999 -9999 -9999 -9999 -9999 -9999
2087.2 1514 1956.2 2117 2078.2 2031.8 2078.3 2108.8 2193.2 2407.2 2625.9 2897.2 2532.3 2496.2 2555.7 2609.5 2776.1 2853.8 2780.8 2621 2441.4 2376.8 2378.1 2343.3 2220.8 2067.4 1964.3 1880.5 1836.7 1786.2 1693.8 1644.5 1631.6 1608.6 1609.7 1624.4 1579.5 1493.7 1356.3 1155.5 1086.7 968.6 994.9 976.8 904.3 843.1 751.4 765 830.9 756.8 671.6 765.8 936.9 1004.5 922.6 930.4 731.9 584.4 621.2 417.5 669.7 1206.4 -9999 -9999 -9999 -9999 -9999 -9999 -9999 -9999 -9999 -9999 -9999 -9999 -9999 -9999
2149.4 1890.4 1926.7 2016.9 2117 2086.7 2091.4 2095.5 2162.4 2373.3 2590.8 2694.3 2593.4 2506.1 2544.5 2640.1 2735 2784.9 2725 2623.2 2545.2 2513.1 2519.2 2492.9 2371.8 2151.7 1965.2 1873.1 1822.2 1778.3 1701.5 1641 1615.2 1607.8 1600.3 1614.6 1582.7 1516.1 1323.3 1172 1119.6 1022.4 1204.6 1135.3 948.4 916.4 640.1 255.5 537.5 580.1 591.7 1005.8 824.2 893 845.7 820.9 737 538.4 718.5 597.7 570 1518.9 -9999 -9999 -9999 -9999 -9999 -9999 -9999 -9999 -9999 -9999 -9999 -9999 -9999 -9999
2029 1898.4 1975.8 2035.9 2061.2 2150.8 2124.3 2112.9 2189.3 2283.4 2449.5 2483.8 2432.3 2376.2 2420 2561.5 2693.6 2692.6 2632.9 2589.2 2594.5 2640.1 2648.3 2596.4 2488.9 2316.3 2056.9 1893.2 1819.3 1757.9 1681.1 1659.1 1646.2 1627.4 1624.1 1608.4 1593.6 1512.5 1360.6 1228 1254.4 1254.5 1217.2 1174.4 1140.8 1015.5 988.3 557 584.3 551.3 536.1 907.8 732.3 656.8 566.2 543.5 658.8 1079.4 773.8 861.6 1552.1 2157.6 -9999 -9999 -9999 -9999 -9999 -9999 -9999 -9999 -9999 -9999 -9999 -9999 -9999 -9999
1820 1828.8 1949.5 2055.8 2126.4 2189 2151.4 2147.4 2186.5 2199.5 2232.5 2228.6 2223.9 2203.9 2227.4 2335.6 2469.1 2515.3 2509.5 2497.9 2569 2706.9 2759.9 2671.3 2573.1 2437.5 2269.7 1949.6 1768.2 1686.5 1713.4 1737.3 1739 1737.7 1712.6 1638 1634.3 1620.8 1489.6 1297.9 1391.4 1326.4 1379 1304.3 1215.1 1065.8 1040.3 922.1 770.3 621.4 606.3 838.6 672.3 482.9 792.4 657.2 1131 731.1 532 1299.5 1627.1 -9999 -9999 -9999 -9999 -9999 -9999 -9999 -9999 -9999 -9999 -9999 -9999 -9999 -9999 -9999
1835.2 1803.7 1964.3 2032.8 2131.9 2099.1 2071 2055.7 2052.9 2064.5 2042.8 2082.4 2143.3 2144.3 2162.5 2203.9 2288.5 2360.6 2391.8 2388.9 2483.3 2636.1 2718.7 2678.4 2571.8 2442.7 2220.7 1820.3 1730.6 1767.8 1815.7 1861.5 1901.5 1932.6 1876.1 1738.1 1639 1666.3 1507.9 1377.9 1298.8 1260.1 1328.2 1303.7 1186.5 1051 1128.9 968.9 826.4 766.9 701.7 746.8 632.1 519.1 732.4 787.3 552.7 527.7 747.5 967.5 -9999 -9999 -9999 -9999 -9999 -9999 -9999 -9999 -9999 -9999 -9999 -9999 -9999 -9999 -9999 -9999
1841.3 1903.8 1899.3 2061.1 2152.6 2087.1 1992.5 1929.2 1887.6 1872.2 1910.8 2017.9 2130.9 2106.8 2136.9 2179.2 2217.2 2273.5 2321.6 2345.3 2420.5 2542 2612.9 2602 2477.2 2245.8 1954.2 1730.4 1719.3 1753.3 1803.9 1870.8 1946.3 1995.4 1992.7 1895.4 1728.9 1720.3 1589.1 1330.1 1230.9 1253.2 1198.6 1183.6 1139.3 944.1 858.6 785.7 792.1 612.4 862.1 850.8 815.3 744.3 781 950 607.7 780.5 848.1 -9999 -9999 -9999 -9999 -9999 -9999 -9999 -9999 -9999 -9999 -9999 -9999 -9999 -9999 -9999 -9999 -9999
1767.7 1835.5 1837.2 2005.5 2149.8 2070.1 1947.9 1841.9 1760.1 1794.7 1823.8 1910.7 2043.6 2112.1 2124.6 2136.1 2166.7 2209.4 2250.7 2298.1 2374.3 2470.9 2539.4 2556.3 2395.2 2120.1 1833.6 1744 1743.7 1762.8 1786 1806.9 1866.4 1935.7 1939.7 1813 1825.3 1728.7 1678 1222.3 1138.6 1175.9 1139.2 1144.6 1170.3 839 825.7 781 771.8 729.6 1074 1201.7 1004.1 754.2 810 799.1 1469.8 1163.7 -9999 -9999 -9999 -9999 -9999 -9999 -9999 -9999 -9999 -9999 -9999 -9999 -9999 -9999 -9999 -9999 -9999 -9999
1694.8 1683.7 1700.3 1885.9 2063.4 1999 1874.5 1782.8 1740.1 1756.2 1764.3 1805.9 1925.9 2027.9 2046.8 2049 2117.8 2162.2 2178.1 2221.3 2294.9 2396.1 2460.7 2405.6 2263.2 2040.5 1925 1819.5 1779.7 1770.7 1812.3 1764.2 1733.2 1772.1 1751.2 1682.1 1664.4 1645 1672.9 1520.1 1149.5 1138.8 1329.2 1165.8 1135.1 976.1 859.2 861.5 951.5 1060 987.3 914.8 809.6 729.3 866.2 975.5 1282.2 1337 -9999 -9999 -9999 -9999 -9999 -9999 -9999 -9999 -9999 -9999 -9999 -9999 -9999 -9999 -9999 -9999 -9999 -9999
1649.2 1651.3 1593.9 1573 1645.6 1743 1739.4 1694.3 1665.8 1650.2 1707.2 1697 1857.9 1942.9 1958.4 1985.1 2053.1 2102.5 2111.9 2151.3 2207.6 2306.1 2309.5 2140.5 2084.1 2122.3 2073.2 1990.5 1863.4 1766.2 1770.1 1688.4 1650.6 1516.9 1524.3 1525.3 1634.3 1556.7 1682 1840 1450.2 1190.3 1365.6 1302.8 1199 1103.7 716.2 930.6 1026.5 1093.6 1108 1110.4 1082.5 1015.4 1257.2 1129.8 1355.1 -9999 -9999 -9999 -9999 -9999 -9999 -9999 -9999 -9999 -9999 -9999 -9999 -9999 -9999 -9999 -9999 -9999 -9999 -9999
1603.9 1552 1480.7 1375.2 1295.9 1319.9 1490.2 1589.8 1599 1569.6 1597.5 1667.9 1903.6 1932.8 1936.9 1953.7 1985.8 2026 2051.6 2064.5 2089.6 2124.7 1916.2 1939.7 2065.5 2198.4 2213.2 2180.2 2034.2 1768.2 1629.5 1598.7 1519.3 1470.4 1342.6 1407.5 1305.5 1283.3 1864.7 1903 1622.4 1260.3 1289 1139 1112.9 974 785.8 920.8 1297.2 992.1 1135.8 1017.1 1166.6 1330.6 1659.5 1605.5 -9999 -9999 -9999 -9999 -9999 -9999 -9999 -9999 -9999 -9999 -9999 -9999 -9999 -9999 -9999 -9999 -9999 -9999 -9999 -9999
1686 1581.3 1512.3 1250.8 1178.8 1192.8 1300.4 1507.1 1588.5 1641.4 1708 1803.7 1926.8 1940.9 1936.2 1927.5 1947.4 1951.1 1934.8 1932.1 1934.9 1951.9 1889.7 1953.4 2082.3 2199.2 2287.5 2278.5 2103.7 1887.8 1680.8 1568.6 1507.4 1462.5 1372.3 1332.4 1213 1434.6 1740 1871.8 1578.1 1406.6 1512.6 1315.8 1078.8 907 967 867.1 911.3 1188.7 906.3 715.5 1055.8 1741.2 -9999 2002.6 -9999 -9999 -9999 -9999 -9999 -9999 -9999 -9999 -9999 -9999 -9999 -9999 -9999 -9999 -9999 -9999 -9999 -9999 -9999 -9999
1783.5 1663 1556.3 1158.5 1148.2 1181.8 1186 1395.7 1635.1 1719.3 1794.6 1907 1992.6 1954.2 1948.1 1936.7 1931.9 1888.6 1836.4 1824.5 1868.1 1926.5 1945.4 1966.4 2102.1 2239.1 2290.9 2315.3 2204.6 2001.4 1831.4 1755.8 1581.5 1578.5 1464.8 1326.1 1301.2 1350.2 1540.9 1585.7 1621.8 1503.3 1545.3 1585.1 1071 1004.3 1054.7 892.9 1279.3 903.9 801.8 846.4 1009.2 2133.1 -9999 -9999 -9999 -9999 -9999 -9999 -9999 -9999 -9999 -9999 -9999 -9999 -9999 -9999 -9999 -9999 -9999 -9999 -9999 -9999 -9999 -9999
1940.7 1710.5 1553.5 1327.3 1228.3 1198.5 1132 1179.1 1672.2 1687.1 1729.3 1773.9 1833.1 1871.2 1947.4 1966.1 1905.6 1848.6 1805.4 1804.5 1834.1 1909.9 2078 2026.7 2121.5 2233.4 2303.4 2305.6 2228.7 2081.2 1963.3 1756.1 1707.7 1625.8 1759 1403.9 1444.3 1459.4 1243.1 1451.3 1522.9 1292.4 1208.9 1109.9 1515.6 1522.8 759.2 768.5 712.5 929.1 694.3 851.9 1965.3 2089.4 -9999 -9999 -9999 -9999 -9999 -9999 -9999 -9999 -9999 -9999 -9999 -9999 -9999 -9999 -9999 -9999 -9999 -9999 -9999 -9999 -9999 -9999
1804.1 1734.8 1692.2 1605.1 1435.5 1181.1 1029.3 984.1 1104.4 1381.5 1464.9 1506.4 1549.5 1602.4 1782.7 1868.6 1855.3 1837.2 1783.2 1736.2 1746.8 1915.4 2236.1 2216.5 2212.6 2262.7 2281.4 2272.8 2211.9 2101.5 1977.4 1896.6 1893.6 1763.7 1635.9 1361.9 1399.2 1302 1220.3 1344.9 1415.5 1210.7 1122.3 1179.3 1355.2 1388 1531.6 973.9 698 929.7 814.4 802.7 1447.3 1894.7 -9999 -9999 -9999 -9999 -9999 -9999 -9999 -9999 -9999 -9999 -9999 -9999 -9999 -9999 -9999 -9999 -9999 -9999 -9999 -9999 -9999 -9999
1559.7 1622.1 1924 1716.6 1452.3 1106.9 988.3 974.4 1045.1 1199.9 1303.3 1337.5 1363.4 1472.9 1547.4 1667.7 1757.6 1764.4 1729.2 1548.6 1658.5 1948.8 2269 2372 2421.9 2378.1 2330.4 2256.2 2186.6 2098 2067.8 2001.7 2101 1831.2 1546.6 1368.3 1346.7 1345.7 1252.3 1266.9 1363.2 1386.5 1240.6 1220.5 1339.2 1344.4 1065.1 927.5 798.3 970.1 847 823.6 1274.5 1611.2 -9999 -9999 -9999 -9999 -9999 -9999 -9999 -9999 -9999 -9999 -9999 -9999 -9999 -9999 -9999 -9999 -9999 -9999 -9999 -9999 -9999 -9999
1460.3 1621.5 1698 1595.4 1273.3 1129.3 955.9 959.4 1041.5 1146.7 1277 1331.7 1388.8 1533.3 1457.7 1479.2 1509.8 1278.7 1397.8 1404.4 1797.7 2012.1 2280.6 2522 2627.4 2499.3 2414.8 2311.5 2193.7 2016.5 1994.1 2029.8 1915.8 1732.6 1511.5 1258.5 1240.3 1481.7 1317 1208.3 1224.6 1221.3 1064.8 1039 1140.3 1209.8 1098.2 931.8 910.2 957.8 694.5 1055.8 1004.2 1523.3 -9999 -9999 -9999 -9999 -9999 -9999 -9999 -9999 -9999 -9999 -9999 -9999 -9999 -9999 -9999 -9999 -9999 -9999 -9999 -9999 -9999 -9999
2055.5 2329.6 2466.3 1983.6 1107.3 1080.5 865.3 942.9 1072.3 1143.3 1236 1314.4 1403.2 1420.3 1330.3 1273.5 1277.1 1295 1372.2 1434.5 1786.7 2053.1 2206.3 2537.6 2709 2554.7 2462.1 2346.6 2263.5 2103.8 1978.3 2094.8 2016.9 1882.6 1576.4 1211.4 1094.2 1327.6 1280 1170.2 1204.6 1122.4 857.2 936.3 1024.7 1062.1 1150.2 1121 1162.2 1082.4 1333.1 982.4 1145.7 1721.5 -9999 -9999 -9999 -9999 -9999 -9999 -9999 -9999 -9999 -9999 -9999 -9999 -9999 -9999 -9999 -9999 -9999 -9999 -9999 -9999 -9999 -9999
3001 3565.3 3786.9 3110.3 1351.3 823 656.9 887.2 1124.4 1183.3 1231.3 1236.1 1318.1 1342.5 1248.7 1201.4 1188.6 1276.8 1370.9 1510.5 1687.8 1908.9 2024.1 2358.9 2588.6 2546.1 2290.4 2381.7 2278.3 2103.6 2017.7 2005.3 1973.3 1878.1 1549.5 1019.3 1002.3 1189.2 1316.7 1233.5 1251.4 1409 1080 1093.6 1019.3 1171.5 1281.1 1152.8 1190.6 1127.1 1034.6 1068 1262.2 1668.2 -9999 -9999 -9999 -9999 -9999 -9999 -9999 -9999 -9999 -9999 -9999 -9999 -9999 -9999 -9999 -9999 -9999 -9999 -9999 -9999 -9999 -9999
2404.8 3301.8 4092.2 2716.1 1559.7 968.2 800.9 953.3 1080.3 1130.6 1145.2 1093.9 1115.5 1193.8 1171.7 1131.9 1088.9 1207.4 1341.6 1471.3 1624.7 1781.6 1931.1 2249.1 2439 2506.9 2439.3 2361.8 2288.7 2053 1836.1 1779.9 1680.5 1452 1691.9 1527 1252.8 1416.3 1570.1 1312 1280.1 1187 1613.9 1239.8 1202.7 1275.8 1365.2 1160.7 1063.1 1038.3 1131.7 1221 1600.7 1751.9 -9999 -9999 -9999 -9999 -9999 -9999 -9999 -9999 -9999 -9999 -9999 -9999 -9999 -9999 -9999 -9999 -9999 -9999 -9999 -9999 -9999 -9999
1216.3 2676.5 2487.7 1832.1 1371.1 931.7 865.2 921.1 956.7 921.1 877.1 898.5 933.6 1009.4 1073.9 1076.9 1093.8 1121.8 1217.4 1364.6 1524.9 1642.4 1908.7 2274.5 2401.2 2558.9 2483.2 2365.3 2252.5 1910.5 1691 1616.9 1615.7 1716.7 1562.8 1594.4 1496.3 1830.5 2484.2 1565 1421.5 1355.6 1331 1404.7 1323.7 1367.6 1481.8 1184 1245.5 1252.2 998.5 1180.4 1482.9 1662.1 -9999 -9999 -9999 -9999 -9999 -9999 -9999 -9999 -9999 -9999 -9999 -9999 -9999 -9999 -9999 -9999 -9999 -9999 -9999 -9999 -9999 -9999
573.1 508 907.3 864.1 872.5 932.4 882.1 908.8 792 706.2 626.6 788.3 913.2 970.2 983.6 982.6 998.4 1042 1154.7 1306.3 1475.9 1583.4 1797.9 2078 2251.4 2450 2427.2 2306.9 2293.7 1837.8 1565.4 1596.4 1689.3 1679.5 1478.9 1490.1 1609 1883.9 1914.4 1652.3 1537.7 1519.2 1620.1 1456.1 1487.8 1396.9 1403.1 1460.1 1412 1426.2 1294.2 1280.6 1718.7 1826.2 -9999 -9999 -9999 -9999 -9999 -9999 -9999 -9999 -9999 -9999 -9999 -9999 -9999 -9999 -9999 -9999 -9999 -9999 -9999 -9999 -9999 -9999
614.6 563.9 589.5 561.1 649.3 847 908.6 880.8 716.7 688.6 725.1 858.7 980 966.8 937.5 919.8 951.5 983.2 1096.9 1305.8 1499.7 1530.3 1614.3 1765.4 1948.6 2141.8 2076.7 1749.6 1521.9 1531.6 1563.4 1563.3 1566.6 1490 1403.1 1583.8 1641 1692.8 1891.8 1819.6 1607.9 1501.2 1393.1 1346.9 1615.5 1497.1 1266.4 1432.8 1835.3 1479.3 1420.2 1363.8 1577.8 -9999 -9999 -9999 -9999 -9999 -9999 -9999 -9999 -9999 -9999 -9999 -9999 -9999 -9999 -9999 -9999 -9999 -9999 -9999 -9999 -9999 -9999 -9999
