datasets/global_precipitation_1950_2017/rasters/precip_1994-total.asc
NCOLS 720 
NROWS 347 
XLLCORNER -180 
YLLCORNER -90 
CELLSIZE 0.5 
NODATA_value -9999 
[rows 34 to 67 of 347, columns 152 to 227 of 720]
183.1 172.7 162.6 155 148.5 146.1 141.5 140.7 142.3 144.9 149.5 154.4 159.7 164 167 170.5 178.6 181.2 185.2 188.2 193.9 200.1 208.3 218.2 225.1 232.1 239.8 247.9 254.7 264.8 273.9 284.4 299.6 312.2 322.2 327.1 -9999 -9999 303.4 -9999 279.2 -9999 -9999 -9999 -9999 -9999 -9999 -9999 -9999 -9999 -9999 -9999 -9999 -9999 -9999 -9999 -9999 -9999 -9999 -9999 295.4 297.6 300.8 305.6 310.3 315.5 321 324.8 326.7 326 323.2 320 -9999 -9999 -9999 350.3
161.4 152.4 144.4 140.9 140.1 141.1 144.1 148.1 153.5 160.2 168.9 173.9 184.8 189.4 194.2 199.2 204 208.1 208 211.5 216.4 221.7 227.4 233.6 235.5 237.5 238.9 243.7 -9999 -9999 260.2 270.8 280.1 287.6 293.4 -9999 294.5 290.6 285.2 -9999 -9999 -9999 -9999 -9999 -9999 -9999 -9999 -9999 -9999 -9999 -9999 -9999 -9999 -9999 -9999 -9999 -9999 -9999 -9999 -9999 -9999 335.5 336.8 340.1 342.8 343.5 344.8 344.4 344 345.1 345.9 344 -9999 -9999 -9999 -9999
137.1 131 126.4 125.4 130 137.6 145.4 155.2 163.5 173.8 183.4 194.6 202 210.7 219.3 226.4 226.8 229 230.4 233.1 233.6 236 237.6 239.7 241.8 241.7 241.7 243.2 248.4 250.4 255.6 259.4 263.8 268.5 -9999 -9999 271.7 269.4 -9999 263.1 -9999 -9999 -9999 -9999 -9999 -9999 -9999 -9999 -9999 -9999 -9999 -9999 -9999 335.2 346.4 352.7 353.4 -9999 352.2 351.9 350.7 352.9 352.9 355.3 357 358 357.9 358.8 358.6 358.9 359.3 359.8 359.7 359.7 -9999 -9999
128 125.5 125.5 126.7 132.8 139.9 149.3 159.3 170.8 181.8 195.5 207.5 217.5 227.2 234.9 239.5 240.7 240.8 240.5 239.9 239.1 238 237 235.9 236.4 237 237.5 238.4 240.5 244.2 246.9 250.2 252.2 -9999 -9999 257.4 255.2 254.3 251.6 249.5 245.5 239.1 233.6 -9999 -9999 -9999 -9999 -9999 -9999 -9999 -9999 -9999 330 343.6 352.5 359 357.1 357.5 355.4 354.9 354.8 355.5 356.6 359 361.6 363.8 364.7 366 366.2 366 366.4 367.7 369.1 371.7 371.3 375.6
131.6 132.3 134.5 136.8 141.7 148.5 157.6 167.1 179.4 191.2 203.1 215.2 225.6 234.7 242.7 246.6 245.7 245.1 243.8 242.2 239.9 237.2 234.3 231.5 229.1 226.6 226.1 227.1 230.5 233.7 238.4 241.8 -9999 -9999 -9999 244.9 243.8 242.9 242.1 241.5 243.7 222.6 204.8 210 219 -9999 -9999 -9999 -9999 -9999 -9999 -9999 -9999 -9999 354.3 -9999 -9999 -9999 -9999 -9999 -9999 -9999 356.7 359 362.3 364.9 367.4 369 370.2 370.2 370.5 371.8 375.6 382.4 391.6 402.1
132.4 139.7 144 148.4 156.6 161.7 169.1 176.5 187.3 198.6 210.5 219 227.6 234.6 239.7 244.1 246.2 246.9 246.4 244.6 241.2 237.3 232.5 -9999 221 214.2 209.4 210.1 -9999 -9999 -9999 -9999 -9999 -9999 237.3 237.4 236.4 233.5 230.1 224.3 -9999 -9999 -9999 204 213.6 225.9 238.5 251.6 -9999 -9999 -9999 -9999 -9999 -9999 -9999 -9999 -9999 -9999 -9999 -9999 -9999 -9999 354.2 -9999 -9999 363.2 366.1 368.9 370.5 370 368.3 369.5 376 385.8 399.1 417
125.1 137.3 148.8 156.1 162.6 168.8 174.7 181.5 190.6 201.6 211.6 221.6 228.6 235.6 240.8 245.2 248.5 250.8 252 251.1 248.2 241.9 233.7 226.9 221.1 213.3 204.8 -9999 -9999 -9999 -9999 -9999 -9999 -9999 -9999 -9999 -9999 229.1 226.2 -9999 -9999 -9999 -9999 -9999 -9999 -9999 -9999 -9999 -9999 -9999 -9999 -9999 287.3 -9999 -9999 -9999 -9999 -9999 -9999 -9999 -9999 -9999 -9999 -9999 -9999 359.2 363.2 368.5 374.9 377.4 375 375.2 -9999 -9999 391.5 406.6
96.4 112.7 129.3 143.6 155.8 165.1 173.6 185.8 195.5 203.4 212.8 220.3 230.1 237.1 243.5 249.1 254.6 260.5 265.7 270.9 273.7 271.2 258.4 -9999 -9999 -9999 -9999 -9999 -9999 -9999 -9999 -9999 -9999 -9999 -9999 -9999 -9999 -9999 -9999 -9999 -9999 227 229 233.3 -9999 -9999 -9999 -9999 -9999 -9999 -9999 -9999 -9999 -9999 -9999 -9999 -9999 -9999 -9999 -9999 -9999 -9999 -9999 -9999 -9999 -9999 -9999 -9999 -9999 382.3 377.5 373.7 371.8 371.7 -9999 -9999
78.8 88.3 100.9 118.3 137 154.2 168.4 182.1 189.7 199.7 209.1 219 228.8 237.5 243.9 250.5 256.7 263.7 272.4 285.6 304.8 329.1 -9999 -9999 -9999 -9999 -9999 -9999 -9999 -9999 -9999 -9999 -9999 -9999 -9999 -9999 -9999 -9999 -9999 -9999 -9999 238 -9999 -9999 -9999 -9999 -9999 -9999 285.6 -9999 -9999 -9999 304.2 308.3 313.6 319.5 326 332.9 -9999 343 347.7 351.8 -9999 -9999 -9999 -9999 -9999 -9999 -9999 -9999 -9999 358.5 358.1 357.6 356 354.3
89.8 90.4 92.3 97.7 106.8 123.9 145.2 162.3 179.3 190.1 201.4 213.6 224.8 233.4 241.6 245.8 249.5 252.2 255 262.5 275.1 -9999 -9999 -9999 -9999 -9999 -9999 -9999 -9999 -9999 -9999 -9999 -9999 -9999 -9999 -9999 -9999 -9999 -9999 -9999 -9999 -9999 -9999 -9999 -9999 -9999 -9999 -9999 318.5 -9999 -9999 -9999 334.4 336.7 337.8 339.2 340.9 346.5 348.8 351.2 355 357.4 358.2 358 -9999 -9999 -9999 -9999 -9999 -9999 -9999 -9999 -9999 -9999 -9999 -9999
117.1 110 102.6 96.9 95 99.8 125.4 139.1 155.4 170.7 187.7 204.5 220.7 230.4 240.6 243.9 242.4 237 229.7 226.3 -9999 -9999 -9999 -9999 -9999 -9999 -9999 -9999 -9999 -9999 -9999 -9999 -9999 -9999 -9999 -9999 -9999 -9999 -9999 -9999 -9999 -9999 -9999 -9999 -9999 -9999 -9999 -9999 -9999 -9999 -9999 -9999 -9999 367.6 366.5 366.1 365 362.4 362.8 364.9 364 363.3 362.2 359.8 357.3 -9999 -9999 -9999 -9999 -9999 -9999 -9999 -9999 -9999 -9999 -9999
152.5 146.3 132.9 120.3 113.4 109.1 108.9 117.2 138.3 163.7 187.4 210.7 230.2 244.4 254.3 258.2 255 248.2 239.5 -9999 -9999 -9999 -9999 -9999 -9999 -9999 -9999 -9999 -9999 -9999 -9999 -9999 -9999 -9999 -9999 -9999 -9999 -9999 -9999 -9999 -9999 -9999 -9999 -9999 -9999 -9999 -9999 -9999 -9999 -9999 -9999 -9999 -9999 395.4 394.6 392.4 390.5 387.5 384.5 380.8 377.1 374 369.9 366.3 361.5 357 357.7 354.7 351.7 -9999 -9999 -9999 -9999 -9999 -9999 -9999
199.6 184.4 174.4 160.1 149.3 144.9 146.6 156.5 172.7 203.7 233.4 261.1 279.1 293.7 297.8 297 291.8 284.2 278.4 -9999 -9999 -9999 -9999 -9999 -9999 -9999 -9999 -9999 -9999 -9999 -9999 -9999 -9999 -9999 -9999 -9999 -9999 -9999 -9999 -9999 -9999 -9999 -9999 -9999 -9999 -9999 -9999 -9999 -9999 -9999 -9999 -9999 -9999 421.4 416.6 413.5 410 405.8 400.7 396.6 391.3 385.3 379.1 374.4 371.3 367.3 363.1 360.4 357.1 -9999 -9999 356.1 -9999 -9999 -9999 -9999
271.2 250.3 232.1 217.2 208.9 210 215.7 227.1 250.4 280.4 317.3 348.8 370.7 375.5 367.9 348.9 331.9 319.1 -9999 -9999 -9999 -9999 -9999 -9999 -9999 -9999 -9999 -9999 -9999 -9999 -9999 -9999 -9999 -9999 -9999 -9999 -9999 -9999 -9999 -9999 -9999 -9999 -9999 -9999 -9999 -9999 -9999 -9999 -9999 -9999 -9999 -9999 -9999 442.9 437.7 433 427.2 421.2 412.8 406.2 402.5 398.6 393.6 390.9 389.9 387.3 385.6 382 382.2 -9999 -9999 -9999 -9999 -9999 -9999 -9999
333.8 337 329.2 319.6 306.5 312.2 321.6 341.9 368.4 397.9 430.6 454.6 460.4 443 419.8 387.5 359.7 339.7 -9999 -9999 -9999 -9999 -9999 -9999 -9999 -9999 -9999 -9999 -9999 -9999 -9999 -9999 -9999 -9999 -9999 -9999 -9999 -9999 -9999 -9999 -9999 -9999 -9999 -9999 -9999 -9999 -9999 -9999 -9999 -9999 -9999 -9999 462.5 461.4 454.8 449.5 441.2 432.2 423.8 419 415.4 413.6 414 415.5 415.4 415.1 416.3 415.7 418 420 -9999 -9999 -9999 -9999 -9999 -9999
352.2 356.1 357.8 358.1 360.5 366.9 383.7 405.7 431.8 453.1 474.7 486.3 480.3 462.3 434.1 402 371.1 347.8 334.9 325.1 352.3 350.5 -9999 -9999 -9999 -9999 -9999 -9999 -9999 -9999 -9999 -9999 -9999 -9999 -9999 -9999 -9999 -9999 -9999 -9999 -9999 -9999 -9999 -9999 -9999 -9999 -9999 -9999 -9999 -9999 -9999 469.6 470.8 469.1 462.2 453.8 444.9 436.4 430.9 427.5 426.3 427.4 431.9 436.7 443.8 447.5 451 451.4 -9999 457.3 461.2 -9999 -9999 -9999 -9999 495.5
336.9 345.1 353.4 349.1 342.4 349.4 370.9 397.1 419.1 439.1 453.3 460.4 464.5 448.6 429.6 403 379.9 366 358.6 358.8 361.3 363 -9999 -9999 -9999 -9999 -9999 -9999 -9999 -9999 -9999 -9999 -9999 -9999 -9999 -9999 -9999 -9999 -9999 -9999 -9999 -9999 -9999 -9999 -9999 -9999 -9999 -9999 -9999 -9999 -9999 -9999 466 463.5 456.8 449.5 441.8 435.4 430.4 428.1 429.1 432.6 442.5 454.8 463.2 466.4 469.5 471.1 472.9 476.1 477.1 -9999 478.4 483.2 492.7 505.3
420.2 388.7 368.5 349.5 334.9 342.4 361.4 380.5 396.2 409.7 420.9 425.3 437.4 434.1 418.1 399.8 388 386.2 381.2 380.1 377.2 377.2 377 -9999 -9999 -9999 -9999 -9999 -9999 -9999 -9999 -9999 -9999 -9999 -9999 -9999 -9999 -9999 -9999 -9999 -9999 -9999 -9999 -9999 -9999 -9999 -9999 -9999 -9999 -9999 -9999 -9999 -9999 -9999 445.5 440.4 437.3 430.2 429.8 429.7 432.4 439 448.3 456.5 465 468.3 469.8 469.3 469.4 468.6 467.2 467.4 472.1 479.6 487.2 498.2
399 390.7 382.2 376.8 375.9 379.4 384 384.9 388.5 393.8 397.1 401.8 407.2 406.5 400.9 399.3 401.1 407.2 411 407.7 397.5 387.1 379.8 -9999 -9999 -9999 379.1 -9999 -9999 -9999 -9999 -9999 -9999 -9999 -9999 -9999 -9999 -9999 -9999 -9999 -9999 -9999 -9999 -9999 -9999 -9999 -9999 -9999 -9999 -9999 -9999 -9999 -9999 -9999 435.2 433.6 431.8 435.7 432.4 437 440.3 447 456.4 461.5 463.4 463.3 460.7 459.5 456 453.7 453 456.3 462.9 472.1 483.4 495.9
387.6 382.5 391.4 397.2 399.1 403.6 400.5 391.9 381.7 387.9 392.5 391 393.7 395.1 395.1 402.8 418.2 436.1 451.5 456.3 434.8 405.5 389.7 393 391.7 392.5 393.3 392.6 386.4 388.7 390.2 -9999 -9999 -9999 -9999 -9999 -9999 -9999 -9999 -9999 -9999 -9999 -9999 -9999 -9999 -9999 -9999 -9999 -9999 -9999 -9999 -9999 -9999 -9999 -9999 433.1 437.9 449.5 455.4 461.9 469.1 477.5 480.3 476.4 470.2 460.3 450.3 443 435.5 429.8 430 442.5 456.5 472.1 479.8 492.2
401.8 417.4 435.3 424.7 415.2 404.7 396.3 389.6 378 378.4 386.2 385.8 387.8 393.1 400.6 408.4 419.4 435.7 459.3 468.7 454.1 430.5 410.4 401.2 394.7 395.6 397.3 399.9 397.5 397.3 386.7 379.2 374.7 -9999 -9999 -9999 -9999 -9999 -9999 -9999 -9999 -9999 -9999 -9999 -9999 -9999 -9999 -9999 -9999 422.2 425.3 -9999 -9999 -9999 -9999 450.1 462.5 476.1 492.4 508.1 520.9 528.9 526.1 518 503.1 480.6 469 452.3 437.6 428.8 428.1 439.7 451.9 463.9 473.7 481
476.4 456.5 458.5 462.5 437 410.4 393.5 386.5 391.7 397.7 392.7 386.3 388.8 391.9 391 395.3 401.6 419.2 430.4 433.8 428.8 418.3 404.8 395 396 399 405 408.6 405.5 398.9 387.2 371 358 345.4 341.5 -9999 -9999 -9999 -9999 -9999 -9999 -9999 -9999 -9999 -9999 -9999 -9999 -9999 -9999 -9999 -9999 -9999 -9999 -9999 464.9 478.2 496.2 517.7 539.8 562 580 590.2 585.9 568.1 553.1 533 510.2 498.4 476.6 461.6 451.4 450.6 452.6 453.7 458.3 465
479.9 450.8 439.4 430.6 403.4 379.2 384.7 408.7 415.4 411.3 410.4 398.2 386.7 381.3 379.2 386.6 402.8 410.4 413 413.3 412.1 408.5 402.6 401.4 404.8 410.1 411.1 411.1 401.4 389.2 371.9 346.9 329 322.5 317.8 313.3 317.9 324.7 -9999 341.6 361.4 -9999 -9999 -9999 -9999 -9999 -9999 -9999 -9999 -9999 -9999 -9999 456 465.2 479.5 502 528.8 558.9 591.5 616.6 638.4 650.6 647.4 636.8 621.2 601.3 576 554.8 534.5 510.8 491.1 471.3 451 431 427.2 446
455.9 406.2 380.4 379.7 307.4 281.8 359.7 426.3 435.8 414.4 411.8 380.2 362.1 365.3 370.2 384.4 396 395.2 389.5 390 396.1 399 400.8 401.8 406.6 406.5 400.5 383.5 363.8 348.2 330.5 313.2 298 291.8 294.8 298.1 303.7 312.8 324.2 344.9 366.2 381.1 396.3 413 -9999 -9999 -9999 -9999 -9999 427.8 436.1 447.6 459.8 474.3 494.8 522.5 556.9 593.6 627.8 660.6 686 704.2 709.6 702.3 689.5 671.9 651.6 628.3 604.1 574.8 548.1 515.3 478.6 442.5 422.6 451.2
407.5 357.7 325.3 306.2 310.2 354.4 370.9 381.1 392.8 392.3 382 373.9 385.2 382.8 375.2 388.4 397.8 399.8 393.8 392.1 393.1 392.9 396.9 401.1 401.8 392.3 365.7 334.1 314.5 307.2 301.5 287.5 280.2 277.7 278 280.3 285.4 297.4 315.9 341.3 372.7 400.4 428.8 -9999 -9999 -9999 -9999 -9999 -9999 401.8 413.4 442.5 475.1 498.3 519.1 547.2 585.4 625.9 664.9 700.5 727.6 745.2 751.9 747.1 738.2 728.1 714.2 694.8 670.8 651.6 628.5 600.6 572.3 549 542.1 566.2
411.2 376.4 340.4 299.4 242.9 293.6 365.8 374.5 385.1 386.9 385.5 382.1 381.9 386.9 388.6 399.4 409.4 413 418 411.3 401.8 397.9 402.7 410.8 414.7 401.5 372.6 336.4 308.5 298.7 283.5 271.7 266 262.7 257.3 259.3 265.9 279.1 304.4 344.9 391.4 439.2 487 514.9 -9999 -9999 -9999 -9999 -9999 -9999 409.3 467.6 531.4 544.6 547.6 567.9 602.9 647.5 688.9 722.4 751.7 764.9 771.1 773.9 775.3 775.2 768.4 755.2 740.2 726.5 715.1 703.4 693.4 683.1 682.2 692.3
431 375.3 369.1 341.1 339.9 370.1 400 413.9 416.3 386 399.3 398.8 400.4 407.4 410.8 414.4 415.2 413.2 408.6 406.7 406.4 410.6 424.8 450.5 464.2 450 420.9 386.7 353.2 311.1 269.6 242.4 230.1 231.6 229.7 229.4 232.7 252.3 288.7 340.2 418.9 516.9 600 624.4 -9999 -9999 -9999 -9999 -9999 -9999 470.6 495.4 525.2 538 551.5 577.7 614.5 654.9 695.2 728.2 753 772.9 787.6 800.6 809.9 814.5 815.2 813.3 814.5 814.5 813.7 813.1 804.3 783.9 756.9 754.7
429.7 383.8 414.2 283.9 458.4 516.7 497.1 469.9 445.6 441.7 431.2 430.4 439.2 448.4 449.6 440.5 425 409.3 405 412.4 422.1 434 483.3 547.8 563.9 534.3 490.3 437 380.1 315.8 245.7 200.3 184.7 172.7 160.9 156.5 162 188.7 233.7 332.9 446.9 609.9 730.9 750.2 -9999 -9999 656.8 -9999 -9999 -9999 547.6 531.5 523.9 528.6 548.7 581 622.2 663.9 706.2 739 770.2 794.8 816.5 836.3 853.8 865.5 875.8 887.9 902.5 914.6 922.6 923.5 905.6 891.9 821.2 805.2
423.6 404 401.5 466.2 454.2 411 467.8 447.3 399 367.6 376 415.3 442.4 454 455.8 451.6 427.3 410.6 421.4 450.2 481.2 520.3 585.4 639.4 649.9 629 586.4 544.6 464.9 359.1 241 160.5 175.6 138 116.6 101.8 100.1 124.3 169.1 299 472 650.1 770.8 805.8 804.3 -9999 -9999 -9999 -9999 -9999 -9999 580.1 549.5 534.7 542.5 580.9 646.1 710.6 755.9 786.3 808.2 838.7 865 889.2 911.3 933 951.8 966.2 988.8 1015.6 1041.4 1048.7 1016.6 949.6 900.4 878.1
378.9 411.5 459.1 483.4 505.6 468.2 497.8 526.8 343.5 387.5 364 376 422.5 489.8 548.1 487.7 445.7 435.7 461.6 505.9 548.8 586.1 614.5 647.2 663.2 661.1 652.3 656.3 593.4 454.6 279.2 136.2 124.3 130.6 116.8 102.1 109.2 190.9 266.7 397 526.3 708.4 769 784.1 811.1 836.5 851.6 -9999 -9999 -9999 681.6 627.8 574.7 539 547 613.8 724.4 790.3 822.4 839.3 864.8 896.7 931.3 955 973.6 983.6 995.4 1013.4 1037.4 1070.1 1102.1 1123 1094.5 1037.8 978 924.1
446.2 454 460.8 483.4 489.3 512.6 524.2 507.5 468.7 452.7 414.9 391.6 394.7 431.7 461 476.9 473.7 470.1 506.6 555.7 577.1 606.7 623.1 630.3 655.3 663.3 647.3 628.4 594 548.4 433 317 289 291.9 278.7 299.2 341.6 432.2 541.9 627.6 707.9 754.7 754.6 761.5 782.3 810.8 841.6 747.1 -9999 720.4 676.4 625.9 578.1 559.8 620.2 743.9 808.4 828 827.5 827.2 846.9 896.2 952.3 992.7 1001.3 998.5 1002.9 1014.7 1037.6 1073.8 1115.7 1170.3 1188.1 1178.6 1144.8 1088.8
398 428.4 452.7 477.3 449.8 406 477.6 489.8 506.4 467 465.1 419.9 388.9 418.5 442.3 504.3 481.1 480.1 519.6 595.4 624.9 671.2 648.1 618.4 636.8 662 664.7 649.9 646.9 655.9 643.8 645.6 636.9 622.1 640.7 670.6 711.9 740.2 740.4 725 721.8 732.1 740.8 743 746.7 755.1 749 725.4 702.5 679 666.6 648.1 630.2 636.8 722 812.8 853.1 856.8 833.7 797 803.2 860.9 936.3 1006.7 1026.1 989.9 995.2 1014.4 1015 1011.7 1083 1230 1297.9 1320.5 1326.2 1310.7
440.8 474.4 448.1 451.6 429.2 418.3 424.4 448.4 526.2 497.7 465.5 432.1 461.9 499.3 544.3 515.2 504.1 562.8 598.6 637.2 662.1 656.4 608.3 552.8 745.4 700.8 696 719.9 737.6 742.4 703.8 719.4 730 746 773.8 760.1 775.9 775.4 733.9 731.2 730.9 725.2 710.8 701.4 713.2 739.1 748.4 731.8 706.2 733.6 713.5 652.1 616.5 648 727.7 837 899.3 911.2 879.2 821 798.4 847 922.2 1096.9 1159.6 1165.6 1108.5 1074.3 1034.9 1005.3 1059.7 1164.9 1259.1 1314.4 1313.4 1387.1
303.3 376.8 388.7 403.6 399.9 414.6 391.2 440.5 440.4 470.1 498.6 478.1 543.2 694.6 664.8 661.8 621.1 601.7 600.2 641.4 724.5 712.6 686.1 636.2 713.3 718.8 731.7 785.4 785.7 767.3 752.7 755.3 766.1 748.3 746.2 719.3 739.4 716.3 706.8 760.7 745.3 733.3 707.3 749.8 788.4 790.5 768 750.7 763.2 781.8 780.2 701.9 513 660.9 771.8 859.6 927.3 970.1 907 789.6 782.7 743.1 798.2 1041.4 1176.7 1153.7 1141.2 1107.9 1014 956.6 1002.1 1076.2 1178.8 1369 -9999 -9999
