datasets/global_precipitation_1950_2017/rasters/precip_1971-total.asc
NCOLS 720 
NROWS 347 
XLLCORNER -180 
YLLCORNER -90 
CELLSIZE 0.5 
NODATA_value -9999 
[rows 68 to 101 of 347, columns 152 to 227 of 720]
363.6 408.7 416 421.9 560 560.6 548.9 589.4 563.1 640.7 635.8 628.4 460.4 451.2 468.9 516 561.3 529.1 547.2 604 655.6 734.5 784.1 808.8 867.7 830.5 864.9 827.2 794.2 805.5 834.1 914.1 843.4 830 826.5 836.7 835.8 830.1 874.4 820.8 798.2 808 816.6 864.8 872 865 854.2 811.9 779.1 790.5 794.9 805.2 811 829.3 840.3 865.1 906.1 920.2 916.8 881.6 618.2 405.5 775.2 938.2 943.8 1046.8 1125.1 992.8 881.2 888.8 901 1002.6 -9999 -9999 -9999 -9999
327.1 347.4 423.7 592.3 506.2 508.3 526.6 581.1 568.6 562.6 503.8 470.2 454.8 411.9 423.3 476.1 515.8 540.9 594.6 684.4 682.5 700.7 809.7 806.4 824.4 794.9 790.2 765.9 750.5 785.8 782.7 797.6 862.6 863.5 858.5 991.5 869.6 883.1 920.5 914.4 885 835.6 822.3 841.5 866.4 859.6 833.5 813.4 718.1 752.3 752.5 804.1 843.5 877 888.6 919.1 957.7 967.8 935.4 883.8 789.6 747 737.1 831.5 1110.6 1160.7 1196.8 1176.1 1025.9 1010.1 -9999 -9999 1007.1 1030.5 1055.4 979.6
437.4 430.9 431.7 517 555.3 623.6 532.4 514.8 532.7 554.7 476.5 532.9 501.4 459.9 458 594.6 602.6 575.3 676.7 702.7 700.7 691.8 721.4 733.9 758 759.2 738 850.7 979.2 891.1 823.1 793.4 811.4 810.8 837.4 891.6 957.2 1032.7 1116.3 1025 956.1 861.1 789.2 770.9 853.2 877.5 838.2 835.1 823.8 789.2 702.1 807.7 857.6 900 931.4 970 1038.6 1092.6 970.9 909.3 908.6 938.2 921.8 986.7 1223.9 1075.4 1084.6 1123.5 1058.5 -9999 1007.6 1134.8 1048.3 1002 1104.1 991.9
460 442.2 478 455.1 427 402.7 429 435.5 488.9 570.5 493.6 525.5 606.3 569.9 619.1 603.5 663.7 730.8 629.5 673.2 708.2 751 799.1 869.4 801.1 905.8 957.8 862.9 894.9 906.8 864.5 758.1 663.3 643.1 739.9 927.9 1055 1117.6 1111.6 1067 961.6 929.5 855.1 816 822.7 804.3 760 763.1 699.2 863.2 793.1 788.7 883 940.5 926 946.7 1008.4 1008.8 906.8 845.3 930.4 1059 1104.8 1150.1 1429.4 1595 1046.9 920.2 -9999 1013.8 1051.4 1067.4 1111.3 1045.5 957.6 1000.1
458.2 508.6 508.4 470.8 406.2 455.8 476.6 422.2 434.3 450 466.3 503.3 559.4 587.3 630.2 675 683.7 734.8 681.2 587.6 734.6 809.4 800.1 821.6 791.7 884.6 900.8 863.2 831.6 869.7 881.7 810.7 709.6 710 820.5 867.4 905 1019.8 1187.6 1289.9 1076 886.2 824.2 825.8 817.7 767.1 724.7 740.8 830.2 758.5 875 875.9 872.9 894.1 894.2 882.2 944 1035.2 974.3 854.8 961.8 1131.7 1081.4 1182.4 1397.1 1399.1 1080 -9999 1066.7 1007.3 999.5 992.5 941.7 1089.9 954.7 950.4
528.7 490.5 481.5 495.8 425.9 434.7 392.4 423.9 457.3 419.3 477.4 545.4 565 510.4 633.9 688.6 679.7 744.4 750.4 712.1 772.5 824.1 839.1 841.2 813.1 784.3 770 768.8 788.2 792.5 925.9 949.8 709 843.1 905.7 911.4 925 946 939 997.6 962.5 919.7 859.1 860.9 826.9 792.3 771.2 747.3 758.9 754.6 762.5 715.1 643.1 705.6 874.7 882.8 890.3 937.2 904.3 921.2 933.4 1027.2 1084.4 1179.2 1157.1 1192.9 1191 1192.7 1055.6 929.2 851 781.6 953 899.7 856.1 866.5
519.6 481.7 497.6 474.5 445.4 502.6 503.8 534.3 476.3 498.9 540.2 567.6 597.4 619.2 623.9 677.6 734 824.4 796.3 777.4 790.1 855.6 908.8 889.2 909.7 856.7 872.7 904.4 867.5 724.5 817.3 773.8 873.2 935.1 938.9 921.8 893.9 921 932.3 910.3 934.2 857.4 811.4 881.6 853.8 817.1 714.7 771.5 779.3 773.8 764.9 635.5 600.9 702.2 816.9 901 908.4 917.6 959 1071.4 1132.5 978.8 956.9 1074.3 1155.4 1218.6 1073 1144.8 1029.4 805.5 855.9 828.3 801.5 901.3 887.3 914.9
574.7 528 499.1 440.8 487.6 489.2 553.7 524.7 499.3 501.2 498.7 482.6 539.2 634.2 607.3 657.7 786 830.6 827 787 843.2 809.6 760.2 827.2 831.8 918.7 885.1 832.7 841.8 827.4 821.4 750.8 824 728.2 827.2 867.1 851.7 803.4 987.8 856.6 846.3 873.7 920.3 868 913.5 886.7 852.6 951.4 906.7 985.3 829.8 759.1 739.4 785.1 823.6 956.8 992.6 1025.4 924.7 1027.5 858 942.6 1019.2 1085.3 1164.4 1161.6 922.5 891.5 847.5 836.3 847.7 827.2 898.2 952.6 984.6 969.4
557.1 543.1 535.8 426.9 487.1 476 466 459.8 538.4 535.3 537.8 531.9 609.9 651.5 644.8 680.5 781.5 826.3 876.6 818 810.4 768.6 846.1 867.8 880.7 878 825.3 824.9 801.8 849.1 845.3 860 871.9 788.3 739.1 822.3 855.5 812.5 840.6 831.2 835.1 864.3 855.1 879.3 889.7 978.7 1031.1 1114.8 1090.4 973.5 920.1 829.1 754.7 779 749.2 771.9 870.2 842.5 902.6 851.8 854.8 1004.4 1210.2 1140.1 1013.2 1205.8 966.9 866 874.2 1026.5 863 914.9 1003.9 975.3 1095 1137.3
512.4 476.8 487.1 517.6 490.1 465 417.7 499.3 538 563.4 529.8 546.6 591.8 615.2 653.8 678.2 703.1 687.7 692.9 833.9 803.8 826.4 761.4 817 796.7 847 828.5 818.1 821.4 922.4 870 818.2 762.5 750 774.8 816.1 811 719.1 811.7 766 758.4 831.4 844.7 858.1 899.3 912 1050.4 888.6 795.9 841.5 784.4 833.2 847.3 869.2 775.7 730.2 816.8 887.9 897.6 1109 915.8 777.1 1156.7 1138.7 928.8 912.8 954.1 993.6 863.2 884.2 819.8 915.4 1082.2 1071.7 -9999 -9999
702.9 528.4 477.8 499.9 548.2 450.6 406 470.6 502.5 487.2 523.1 516.3 547.7 574 509.4 658.9 594 604.6 647.1 740.1 718.7 702.9 855.7 735.2 760 741.5 845.9 812.7 865.2 801.1 756.1 780.9 727.3 715.2 713.7 623.5 707.4 649.1 639.7 777.7 685.3 708.7 763.7 830.3 878.9 970.6 948.5 829.9 617.1 686.7 771.5 727.7 744.2 712.3 801.9 841.1 955.2 1121.3 1058 1039.2 918.1 864 1002.5 868.5 981.8 2544.1 1061.7 1197.4 958.3 1095.1 -9999 -9999 -9999 -9999 -9999 -9999
528.3 472.1 496.4 501.5 495.3 457.1 479.6 449.5 482.6 518.5 568.5 543.8 562.3 599.3 619.4 623.1 619.8 641.9 714.6 722 633 738.3 778.6 738.8 786.8 760.8 756.3 862.7 864.6 752.4 793.7 788 781.7 742.6 688.9 692.3 631.8 632.1 585.5 601 570.1 619.5 774.4 798.3 848.1 801.6 830.7 827.6 735.7 730.8 827.9 723.3 744.2 789.3 836 993.9 1158.9 1004.1 1208.1 940.4 1000.9 872.1 963.1 890.7 889.5 967.1 1002.4 1075.2 -9999 -9999 -9999 -9999 -9999 -9999 -9999 -9999
471.3 485.5 460.3 449.6 467.3 454.9 478.4 478.7 557.5 672.5 616 615.6 661 611.6 631.2 625.2 669.1 673.1 812.7 743.5 765.8 856.4 787.1 702.6 741.9 747.7 798.5 768.4 862.9 768.3 753.8 770.8 787.2 740.5 604 595.2 633.2 812.6 667.9 590.3 687.9 583.3 552.3 671.4 800.7 693 738.9 718.9 621 612.8 764.4 786.6 715.8 919.3 923.9 949.2 1188 1430.7 1281.5 1182.4 1227.5 1066.7 953 847.6 929.1 927.9 1024.8 -9999 -9999 -9999 -9999 -9999 -9999 -9999 -9999 -9999
512.2 556.8 504.4 422.3 449.5 515 530.4 512.5 547.3 606.4 586.3 652.1 649.1 615.6 602.5 648 658 737.6 817.4 741.5 856.9 827.9 684.4 802.1 808.6 870.6 844.1 836.7 805.5 778.2 752.4 745.7 612 670.4 664.2 629.4 741 748.6 797.1 680.9 581.4 592 571.6 597.5 657.6 758.3 682.2 729.5 696.9 773.1 865 879.8 623.5 764.9 776.6 955.5 896.2 921.6 977.3 923.1 969.3 1009.2 1278 1051 1052.1 965.3 -9999 -9999 -9999 -9999 -9999 -9999 -9999 -9999 -9999 -9999
441.9 506 482.1 438.2 519.1 546.8 514 596.7 628.1 559.3 602.5 735.3 691.7 660.1 683.8 608.5 592.1 689.8 612.7 695.3 701 719 745.5 713.6 829.9 917.5 874.6 808 772.1 697.6 729.1 697.3 791.4 814.9 795.8 804.4 785.2 681.1 689.8 689.8 634.4 517.6 703.9 632.4 656.5 682.4 752.9 856.6 956.1 1109.6 1174.2 756.9 758.6 702.6 744.3 816.5 918.7 981.3 975.2 1003 1198.6 1082.2 1067 1045.1 1002.7 961.6 -9999 -9999 -9999 -9999 -9999 -9999 -9999 -9999 -9999 -9999
431 407.6 458.8 460.6 567.3 622.4 650.8 677.7 617.9 504.1 509.1 600.1 651.4 714 685.6 752.7 715.1 752.6 840.2 851.2 746.9 666 836.9 799.3 792.2 968.6 850.6 792.5 674.7 782 709.9 710.3 665.2 791.7 778.8 760.3 650 670.6 749.5 752.3 638.7 630.1 663.4 706.9 743.4 735.3 724.7 1152.4 948.2 904.7 922.5 820.6 888.3 785 733.5 835.8 1129.5 1080.9 950.8 1250.2 1162.9 1120.3 1134.4 1091.7 1003.3 979.3 953.9 -9999 -9999 -9999 -9999 -9999 -9999 -9999 -9999 -9999
363.6 414.9 480.9 492.7 610.3 613.1 652.9 671.8 648.7 658.8 604 730.6 695 680.5 853.8 698.7 743.8 764.1 876.7 774 691.3 698.7 681.6 767.2 833.3 751.1 717.2 794.8 699.5 554.3 610.4 747.6 694.3 955.4 952.4 746.6 718 767.9 752.1 712.2 841.6 761.4 704.1 802.8 849.1 949.3 755.5 981.9 942.4 983.6 928.2 858.8 880.2 860.4 993.4 1094.5 959.4 1166.4 1161.5 1237.1 1213.9 1207.5 -9999 -9999 -9999 -9999 -9999 -9999 -9999 -9999 -9999 -9999 -9999 -9999 -9999 -9999
347.4 404 457.7 528.8 646 642.6 626.6 600.7 577.1 609.6 642.5 634.6 585 610.8 799.1 701.3 763 641.5 755.1 757.3 735.9 672.2 644.8 741.2 682.6 677.8 768.2 678.3 656.7 784.5 706.2 690.9 955.1 938.8 889 991.3 948.9 977.9 949.1 920.2 801 782.6 1022 753 710.7 719.4 801.3 898.1 883.8 948.5 1036.8 1017.3 858.6 909.4 1017.1 1135.2 1315.2 1404.3 1548 1288.7 953.3 1093.6 -9999 -9999 -9999 -9999 -9999 -9999 -9999 -9999 -9999 -9999 -9999 -9999 -9999 -9999
247.4 295.4 376.1 464.7 506.6 622.8 574.5 642.2 680.4 623.6 631.1 684.2 648.5 731.3 676.4 732.7 719.9 691 742.6 727.2 709.8 697.7 763 773 749.1 748.7 804.7 759.3 676.7 833.7 924.3 959 983.5 919.3 949.5 972.9 1036.5 957.3 888.5 799.9 926.6 783.3 860.1 745.1 774 843.3 840.9 840.7 867.9 1392.9 1259.5 965.8 983.4 1046.1 1090.7 1171.3 1212.6 1334 1249.3 1475.7 -9999 -9999 -9999 -9999 -9999 -9999 -9999 -9999 -9999 -9999 -9999 -9999 -9999 -9999 -9999 -9999
323.9 342.1 432.4 458.9 416.7 536.5 537.5 590.9 586.9 553.5 625.4 680 780.6 772 676.1 662.4 641.7 674.8 801.2 806.9 745.3 811.7 862 882.3 777 772.9 824.9 704.3 697.9 946.9 1040.1 970.1 898.5 1160.7 1065.6 951.4 1042.8 1012.4 912.6 969.4 1004.1 897.6 815.3 797.1 822 881.9 967.5 1013.4 1141.2 1348.9 960.4 945.5 974.5 1117.5 1312 1317.9 1358.3 1320.7 1262.1 1164.3 -9999 -9999 -9999 -9999 -9999 -9999 -9999 -9999 -9999 -9999 -9999 -9999 -9999 -9999 -9999 -9999
285.5 344.4 424.7 320.5 459.9 429.7 520.2 536.4 546.4 622 613.7 787.1 820.9 834.6 824 778.6 713.9 726.8 686.9 845.5 834.3 857.1 783.8 779.1 817.9 688.8 747.9 831.8 903.7 943.6 939 970.6 944.7 943.1 973.1 992.5 942.9 994.8 985.9 946 1122.4 1026.3 980.1 870.5 884.6 934.5 1076.2 1106.3 1275.3 1083.8 853.2 1077.5 1126.3 1439.9 1607.7 -9999 1470.7 -9999 1241.2 -9999 -9999 -9999 -9999 -9999 -9999 -9999 -9999 -9999 -9999 -9999 -9999 -9999 -9999 -9999 -9999 -9999
241.5 285.5 359.6 385.1 398.7 397.5 455 609.3 584.1 613.5 752.4 863.5 842.1 986.2 983.2 720 808.7 880.7 873.5 902.3 780.6 739.6 740.2 711.1 817.8 868.4 779.7 863.5 928.9 919.5 907.2 874.6 864.7 803.4 1009.2 1026.6 903.5 1107.4 1115.1 1070.4 1078.3 1046 988.5 1009.7 1084.2 997.6 1167.8 1361.3 1203.3 736.1 900.2 1041.7 999.7 1166.5 1303.4 -9999 1225.2 1119.1 -9999 -9999 -9999 -9999 -9999 -9999 -9999 -9999 -9999 -9999 -9999 -9999 -9999 -9999 -9999 -9999 -9999 -9999
285.5 349 356.4 353.1 377.6 473.9 469.3 539.4 619.2 717.3 693.4 731.3 845.4 916 918.3 1001.5 870.2 1034.1 910 917.4 859.6 882.9 1018.5 834.4 757.2 915 835.1 764 813 860.4 766.5 897.1 1005.7 1014.9 1053.7 1126.5 1079.8 1085.8 1000.6 1111.5 1134.3 1134.1 991.8 979.5 1075.7 958.8 1155.5 1178.8 1173.1 1014.5 1024.6 1194.4 1322 1281.4 1124.8 -9999 1167.8 1131.3 -9999 -9999 -9999 -9999 -9999 -9999 -9999 -9999 -9999 -9999 -9999 -9999 -9999 -9999 -9999 -9999 -9999 -9999
349.9 397.9 365.3 357.4 415.4 464.1 549.9 601.3 683.4 705 630.8 705.6 848 796.4 854.1 911.5 1001.5 1077.9 1056.7 1023.5 1001.5 937.5 975.5 884.3 829.7 830 784.6 840.3 830.1 857.3 925.1 969.8 1074.7 1073.8 1108.7 1082.3 990.7 1076 967.7 959.8 1079.7 1138.3 1112.3 1137.1 1293.4 1048.2 976.4 1010 945.6 1079.3 1338 1330.5 1319.3 1127.1 1141.7 -9999 969 -9999 -9999 -9999 -9999 -9999 -9999 -9999 -9999 -9999 -9999 -9999 -9999 -9999 -9999 -9999 -9999 -9999 -9999 -9999
381.5 379.2 382.9 421.1 458.5 532.6 491 581.2 553.4 726.9 677.8 678.7 769.8 766.1 831.2 958.6 1037.3 1080.6 1128 1062.6 1026.8 934.1 967.2 934.3 862.3 869.4 852.8 926.3 1004 1048.8 1015.1 1017.5 833 1126.2 1161.6 1124.5 1140.9 1168.3 1179.6 1221.3 1048.5 1259.6 1190.5 1265.1 1211.8 1060.8 938.8 1011.4 1198.7 1133.2 1333.3 1282.5 1221.5 1208.2 1300.1 -9999 -9999 -9999 -9999 -9999 -9999 -9999 -9999 -9999 -9999 -9999 -9999 -9999 -9999 -9999 -9999 -9999 -9999 -9999 -9999 -9999
436.1 420.2 483.9 519.4 501.8 471.6 465.9 521.1 659.5 619.3 544.5 561.3 851.7 872 908.6 917.8 966.3 1077.9 879 926.4 953.7 903 878.7 963.5 998.6 902.2 856.3 883.1 1074.1 1130.6 1141.9 1134.5 1093.1 1088.5 1149.9 1026.2 1241.7 1249.5 1275.7 1182.2 1235.9 1337.1 1365.3 1219.4 1209.1 1121.5 1161.6 1499 1201.9 1259.8 1375.3 1233.5 1149.5 1272.3 1397.7 1263.3 -9999 -9999 -9999 -9999 -9999 -9999 -9999 -9999 -9999 -9999 -9999 -9999 -9999 -9999 -9999 -9999 -9999 -9999 -9999 -9999
392.6 415.7 466.3 575.9 515.1 514.2 541.6 648.4 572.2 631.4 614.3 641.3 630 877.4 901.6 1063.9 1115.9 1038.7 1035.9 979.5 984 929.8 910.9 854.2 862.2 927.5 885.1 913.4 992.7 1208.7 1313.9 1069.2 1259.1 1064.2 1048 1242.1 1327.2 1438.7 1442.9 1330.6 1193.2 1192 1120.3 1280.7 1111.2 1479.9 1363.6 1249.8 1220.5 1301 1299.6 1241.2 1317.2 1413.6 1443.1 1498.4 -9999 -9999 -9999 -9999 -9999 -9999 -9999 -9999 -9999 -9999 -9999 -9999 -9999 -9999 -9999 -9999 -9999 -9999 -9999 -9999
358.9 478.6 531.5 463.3 506.2 528.6 672 596 576.1 543.9 744.2 710 776.5 767.9 855.5 1156.9 1227.9 1108.2 1122.6 1261.5 1237.7 1188.9 1028.3 1023.8 878.6 906.3 844.6 964.4 1184.6 1116 1203.9 1132.4 1180.9 1165.5 1150.8 1264 1301.9 1230.7 1360.1 1409 1411.2 1605.3 1145.1 1854.8 1341.2 1368.5 1271.6 1243.9 1241.3 1351.3 1245.1 1240.8 1312.2 1443.2 1555.5 1566.4 1521.3 -9999 -9999 -9999 -9999 -9999 -9999 -9999 -9999 -9999 -9999 -9999 -9999 -9999 -9999 -9999 -9999 -9999 -9999 -9999
452.7 375.2 473.5 510.1 572.4 598.5 543.5 493.8 518.4 629.3 639.4 739.8 807.5 869.7 877.3 1057.5 1191.2 987.6 1192.1 1073.2 1008.8 1040.1 1138.5 1051.7 1093.3 1110.3 1193.4 1181.6 1363 1280.4 1295.2 1353.5 1247 1342.3 1411.1 1408.4 1376.7 1481.5 1366.8 1539.3 1831.2 1404.6 1716 1820.7 1390.9 1391.1 1263.8 1392.4 1361 1318.3 1129.2 1375.8 1462.8 1660.7 1763.5 -9999 -9999 -9999 -9999 -9999 -9999 -9999 -9999 -9999 -9999 -9999 -9999 -9999 -9999 -9999 -9999 -9999 -9999 -9999 -9999 -9999
413.5 426.3 498.2 574.8 581.5 545.2 542.9 499.7 616 629.4 694.5 781.7 877.2 770 969.1 1228.7 1332.2 1289.9 1399.1 1398.6 1223.7 1099.1 1071.3 1197.8 1140.3 1046.3 1070.5 1030.9 1072 1232.4 1291.8 1446 1458.2 1318.7 1593.1 1520.7 1318 1337 1409.5 1664.8 2125.7 1431.8 1464.8 1428.5 1539.8 1507.9 1425.5 1563.3 1415.4 1304.6 1341.4 1545.8 1446.3 1583.2 -9999 -9999 -9999 -9999 -9999 -9999 -9999 -9999 -9999 -9999 -9999 -9999 -9999 -9999 -9999 -9999 -9999 -9999 -9999 -9999 -9999 -9999
367.6 410.5 461.7 524.3 512.2 551.2 555 642 515.3 571 766.1 728.4 775.5 778.7 931.4 1181.3 1267.7 1372.6 1577.5 1384.2 1251.4 1069.2 1094.3 1037.7 1038.2 1115.1 1162 1215.2 1171.5 1297.8 1318.8 1461.4 1477.1 1481.9 1534.5 1641.3 1424.4 1341.6 1469.1 1507.9 1454.7 1480.6 1455.3 1408 1624.7 1322.7 1267.7 1395.7 1334.4 1612.9 1388 1499.2 -9999 -9999 -9999 -9999 -9999 -9999 -9999 -9999 -9999 -9999 -9999 -9999 -9999 -9999 -9999 -9999 -9999 -9999 -9999 -9999 -9999 -9999 -9999 -9999
357.9 367.5 520.3 560.6 529.3 630.4 578.6 647.7 582.4 642.8 665.2 774.4 781.9 874.7 990.9 1087.6 1309.4 1191.9 1130.4 1054.2 1101.6 1231 1127.8 1118.9 1136.8 1070.8 1354.7 1235.4 1248.6 1324.4 1508.2 1552.6 1531.1 1429.1 1487.9 1411.2 1390.4 1415.8 1390.2 1345.8 1333.1 1368.7 1443.8 1349.3 1539.3 1585.1 1338.7 1340.1 1600.7 1565.7 -9999 -9999 -9999 -9999 -9999 -9999 -9999 -9999 -9999 -9999 -9999 -9999 -9999 -9999 -9999 -9999 -9999 -9999 -9999 -9999 -9999 -9999 -9999 -9999 -9999 -9999
413.4 401.1 422.7 461.5 537.1 581 666.8 736.6 634.3 594.7 697.4 635.5 737 898.3 1005.2 1013.1 1125.8 1136.4 1185.1 972.4 960.1 1114.8 969.3 1037.8 1105.2 1238.7 1350.8 1500.5 1515.4 1624.3 1590.8 1094.4 1663.9 1378.4 1649.1 1581.8 1519.1 1511.4 1437.3 1726.4 1406.6 1429.3 1473.7 1392 1454 1499.7 1476.1 1453 1604.4 1740.2 -9999 -9999 -9999 -9999 -9999 -9999 -9999 -9999 -9999 -9999 -9999 -9999 -9999 -9999 -9999 -9999 -9999 -9999 -9999 -9999 -9999 -9999 -9999 -9999 -9999 -9999
461.7 469.6 466.8 427.5 489.3 551.7 677.9 749.6 745.9 627.8 636 700.4 738.1 889.3 930.8 897.8 1148.6 977.6 889.4 940.1 1006 1063.8 1146.1 1017.8 1195.8 1369 1438.2 1468.1 1382.4 1586.3 1637.2 1533.5 1445.7 1613.9 1800.9 1565.6 1657.9 1495.5 1472.9 1503.4 1326.4 1401.3 1419.8 1606.9 1390.9 1559 1497.3 1522.9 -9999 -9999 -9999 -9999 -9999 -9999 -9999 -9999 -9999 -9999 -9999 -9999 -9999 -9999 -9999 -9999 -9999 -9999 -9999 -9999 -9999 -9999 -9999 -9999 -9999 -9999 -9999 -9999
