datasets/global_precipitation_1950_2017/rasters/precip_1984-total.asc
NCOLS 720 
NROWS 347 
XLLCORNER -180 
YLLCORNER -90 
CELLSIZE 0.5 
NODATA_value -9999 
[rows 68 to 101 of 347, columns 152 to 227 of 720]
281 352.9 339.8 406.1 452.5 443.6 451.8 513.9 450.8 499.7 493.4 527.8 568.6 491.4 522 523.1 548.4 555.3 556.6 554 561.4 619.8 664.1 685.8 726.5 626 696.2 638.7 675.6 749.1 799.3 869 779.6 738.9 757.9 817 844.3 697 595.9 608.2 706.4 819 840.7 880.9 866.5 832.6 804.6 762.9 752.6 775.3 817.6 831.5 823.7 818.4 824.8 861.2 869.7 853 840.6 781.4 550 394.5 773.1 845.4 876.2 1030 1050.6 885.8 766.2 794.5 844.2 892.9 -9999 -9999 -9999 -9999
224.1 256 287.7 361.4 414.8 441.8 402.3 377.4 418.9 393.9 387.1 406.7 403.3 435.7 486.5 485.3 484.3 572.9 551.7 656.2 682 659 654.5 712 737 653.3 643.3 613.1 671.9 711.8 717.8 733.1 738.3 668.6 740.6 872 814.5 790 777.5 758.6 758.2 760.8 784.2 816.6 833 831.3 830.4 742.4 746.5 853.1 917.6 918.7 831.6 867 875.4 886 871.6 843.4 848.3 900.1 839.4 742.3 677.7 780.1 934.9 1000.7 1014.3 943 846 879.9 -9999 -9999 896.4 1009.3 986.7 908.6
262.4 344 335.1 393.8 433.2 394.9 395 386.3 387.2 375.7 308.6 379.8 433.4 451.8 408 404.7 478.9 561.7 602 625.2 623.1 615.7 613.2 617.1 632.3 613.9 548.6 619.3 736 665.6 698.3 720.6 776.9 792.7 802.4 824.4 871.4 936.6 1013.6 902.2 777.8 663.3 674.4 725.7 832.8 876.9 826.9 839.1 877.9 911.4 948.7 882.6 896.9 939 943.4 922.4 861.1 781.5 745.8 783.4 826.9 855.4 825.4 936.8 1065.6 930.6 899.3 828.5 775.2 -9999 806.3 1017.4 967.8 1032.8 1063 889
287.2 286.5 307.2 317.7 378.3 444.5 417.5 386.4 383.4 385 354.8 336.7 431.6 478.4 470.1 488.5 510.1 610.3 579.3 648 686.2 635 608.4 611 596 654.8 566.3 308.5 614.4 722.7 792.5 807.1 756.3 700.5 692.2 759.5 881.9 1002.3 1036.4 964 735.3 624.6 685.7 753.3 805.2 835 844.5 867 840.3 1012.1 981.1 911.5 920 919.7 945 966.3 944.5 836.2 724.8 634.2 743.6 899.2 921.5 878.7 1048.7 1160.1 781.8 684.1 -9999 828.1 951.1 991.5 974.6 997.9 898.2 942.8
267.9 320.2 356.4 356.7 383.4 406.8 385.3 401.6 410.9 404.3 413.9 399.6 389.9 458.2 484.2 515.1 573.1 774.1 639 658 661.2 641.1 621.7 667.2 728.9 821.4 791.3 647.2 659.3 811.2 853.1 810 687.1 646.8 662.9 593.3 621.9 853.3 1119.5 1253.6 1001.7 797.3 782.2 835.5 839.6 855.6 889.1 942.4 1070.8 1062.3 1063.8 1047.2 969.2 974.7 1024.4 1043 1096.8 1153.1 997.4 802.4 884.6 962.6 861.2 1001.2 1235.9 1247.7 968.4 -9999 957 875.8 876.4 888.5 981.8 1176.4 1060 1015.3
271.5 352.3 435.3 393 353 371.8 422.7 440.9 476.8 420.8 429.2 479.7 454.2 439.2 527.6 542.2 600 610.5 635.4 656.1 653.2 650.6 693.6 711.7 786.9 843.5 913.9 687 723.1 751.5 705.2 699.4 691.3 701 748.5 662.5 655.6 737 814.7 992.2 993.7 994.8 941 951.3 934.5 919.7 957.9 964.6 1044.5 1093.7 1071 957.7 845.2 912.7 1019.2 984.1 1028.6 1139.5 1060.1 934.6 909.3 991.1 995.2 1023.9 1073.7 1088.8 1034.4 1131.2 1039.7 916.3 903.4 895.9 1135.8 1158.3 1144.6 1184.4
314.4 320.4 363.7 402.8 394.2 423.7 450.6 480.1 521.4 508.9 475.7 488 523.7 519.7 572.2 621.5 654.2 716.1 709.1 671.3 727 840.7 853.4 851.4 818.7 922.4 853.4 746 706.9 698.5 774.7 738.1 725.4 793.2 814.9 792.9 799 762.1 793.5 919.1 901.6 876.6 846.3 900 961.2 962.2 948.9 1069.7 1049.9 1054.1 1009.7 796.2 815.4 886.4 953.1 1009.4 1031.9 1005.1 1025.5 1064.8 923.2 902.9 824.4 866.1 1064.3 1176.4 1074.5 1175.5 1054.6 941.2 1027.5 1015.8 1004.7 1131.3 1077.7 1090
409.3 394.8 386.6 393.6 424.5 406.4 371.5 406.5 455.5 476.2 494.7 561.7 559 645.2 636 693.8 767.4 784.4 798.2 794.9 939.7 877.9 910.3 870.2 869.3 834.3 756.1 736.1 716.2 754.1 709.4 707.9 813.8 832.4 769.8 649.2 749 780.7 844.1 839.9 799.7 786.6 671 821.4 1025.4 1020.8 1026.5 1092.1 1045.3 1155.8 948.9 854.5 861 962.6 860.6 951.3 984.4 1039.2 884.4 1107.7 859.3 855.5 814.6 851.4 1095.3 1093.7 911.3 936 1058.5 1006.5 1012.4 1054 1187.3 1223.9 1194.5 1283.1
425.9 480.4 474.4 392.3 418.8 392.2 387.5 404.8 477.3 522.1 636.9 664.3 658.4 635.2 712.1 722.9 832.9 842.8 863.1 834.5 848.5 887.4 875 710.5 846.5 722.6 801.5 816.7 825 742.9 809.5 853 866.2 845.8 820.5 830.6 827.8 850.2 857 809.8 821.7 785.5 799.4 933 957.3 1056.3 1007.2 1027.4 1125.7 1076.5 1050.5 929.5 866.3 739.5 753.9 803.5 862.1 862.9 800.5 833.1 819.6 927 1108.1 1076.2 1046.6 1166.7 986.9 1053.3 1089 1240.3 1084.4 1116.3 1201.9 975 1324.4 1175.6
489.7 433.9 428 397.2 430.3 437 452.2 526.1 506.4 537.2 576.3 637.6 648.1 733.2 762.8 859.6 785.5 775.2 744.4 781.1 870.5 950.8 809.9 795.2 805.3 836 869.5 928.9 951.6 993.2 970.9 956.6 944.4 928.3 957 973.2 829.2 858.5 912.6 754.4 716 804.4 785.3 933 974.5 1034.2 1026.5 917.8 881.7 943.6 905.2 1019.5 931.6 892.6 919.9 749.4 749.2 827 780.1 978.8 897.9 809.6 1213.5 1001.8 983.8 959.5 1018.7 1129.9 1071.9 1092.2 1021.7 1120.1 1272.4 1207.5 -9999 -9999
604.8 460.7 405.2 426.1 433.7 448.4 397.9 519.5 468.8 492.4 538.8 627.5 699.9 778.2 758.3 745.3 745.9 801.5 765.8 786.5 783.3 827 857.2 813.7 814 931.7 985.6 880.9 968 976.1 982 957 913.9 919.6 951.5 847 984.4 783.1 724.4 739.6 727.7 748.9 827.5 938.9 970.7 1018.5 985.6 801.6 703.1 778.8 906.5 852.5 894.2 878.4 895.1 813.8 832.2 1015.2 991.7 898.7 886 927.4 974 974.4 1107.3 2858.5 1178.6 1415.9 1103.3 1331 -9999 -9999 -9999 -9999 -9999 -9999
509.9 383.4 350.2 349 381.9 420.2 446.2 494.5 571.6 635.3 685.2 692.8 740.6 788.9 769.4 878.6 822.8 792.3 780.3 830.9 760.1 833.7 738.5 778.6 933.5 910.4 934.2 988.3 890.9 937.5 879.9 962.1 879 905.4 890.8 896.7 930 922 754.3 740.9 786 889.4 904.8 915.7 1024.2 940.3 925.6 806.7 697.8 803.9 787 735.2 845.8 764.5 861.1 1146 1261.8 970.9 1079.1 950 1018.4 929 1091.8 1041.1 1102.4 1310.4 1358.2 1239.5 -9999 -9999 -9999 -9999 -9999 -9999 -9999 -9999
400.5 365 359.1 336 352.3 415.2 406.1 506 647.2 703.3 691.3 783.5 799.3 823.8 741.2 800.9 859.8 779.9 797 868.3 855.1 974 861 814.4 767.3 822.9 877.4 738.3 897.8 921.2 909.4 1023.1 1033.4 972 793.9 798.4 838.2 851.9 797.7 870.6 935 867.1 860.2 1013.9 1035.3 960 935.3 905.4 1067.2 571.1 751.5 824.6 765.4 881 1016.8 1149.1 1262.8 1484.9 1253.4 1179.7 1173.8 1123.1 1243.2 1066.9 1222.7 1156.3 1256 -9999 -9999 -9999 -9999 -9999 -9999 -9999 -9999 -9999
428.4 432.9 397 338.5 379.9 431.1 532.2 516.2 595.6 719.3 804 787.8 817.4 808.2 890.7 914.5 915.5 957.2 965.1 991.1 963 910.8 877.9 882.7 874.7 836.4 919.6 983.2 1005.4 1009.4 947.6 948.4 906.8 931.9 745.4 706.9 755.6 734.1 710.8 725.1 736.7 732.5 787.4 976 1009 1154.5 1012.2 950.3 905.1 986.8 1076.5 1021.3 873 961.5 930.9 1136.2 1182.1 994.1 992.6 941.2 1036.6 1212.4 1429.5 1255.7 1282.1 1238.9 -9999 -9999 -9999 -9999 -9999 -9999 -9999 -9999 -9999 -9999
352 360.1 308.5 428.9 447.8 598.1 535.1 619.6 642.3 683.7 693.8 775.7 835.6 927.4 1027.1 1012.2 954.1 962 916.7 953.4 924.2 851.3 945.7 934.7 939.8 889.9 870.6 967.6 930.4 861.1 880.5 817.6 901.2 833.5 623.2 765 862.3 756.1 827.5 636.7 800.6 619.3 768.3 842.1 948.2 984.8 930 991.1 1154.5 1403.6 1385 1119.6 1131.7 974.3 1025.2 1136.4 1013.6 1048.2 1004.1 1059.3 1220 1190.5 1229.7 1163.5 1190.1 1325 -9999 -9999 -9999 -9999 -9999 -9999 -9999 -9999 -9999 -9999
376.8 355.3 331.3 346 395.1 423.9 506.8 615.7 672.6 708.6 766.8 816.5 857.3 1008.9 1079.1 1094.2 994.1 975.7 1040.3 1062.9 1066 1090.2 1037.6 901.5 930.9 886.5 929.6 835 756.5 871.4 869.6 895.7 938.3 830.2 959.2 947 896.1 926.8 886.8 1043.3 813.4 756.3 774.7 869.9 1218.5 912 925 1310.2 1197.3 1229.5 1324.1 1225.7 1203.6 1034.1 1053 1055.9 1032 1118 1101.8 1195.4 1140.7 1320.7 1071.5 1405.3 1250.2 1215.3 1226.1 -9999 -9999 -9999 -9999 -9999 -9999 -9999 -9999 -9999
410.5 392.8 379.9 362.6 419.8 497.5 575.8 640.5 629.7 801.5 862.6 948.2 822.6 862.6 1011.4 881.7 922.8 968.6 943.3 975.3 885.6 984.2 1139.6 1026.1 845.9 976.9 769.1 996.9 841.1 803.8 938 888.7 883.5 940.7 992.9 1032.5 819.9 888.2 832.7 740.4 821.7 824.2 865.8 936.5 1107.3 1010 975.2 1111.2 1241.5 1290 1221.5 1240.3 1273 1145.8 1122.9 1201.8 1023.6 1168 1234.4 1273.6 1440.3 1299.5 -9999 -9999 -9999 -9999 -9999 -9999 -9999 -9999 -9999 -9999 -9999 -9999 -9999 -9999
355.2 379 373.3 382.1 492.1 580.3 690.4 643.3 651.7 717.2 665.2 757.3 879.5 940.6 1038 958.9 996.6 861.5 908.9 873.4 891.9 831.8 943.3 1038.5 985.7 775.9 1013.3 1014.6 1034.6 1050.7 801.3 697 957 923.8 978.3 889.5 882.7 896.9 854 869.1 876.9 861 987.3 986.8 943.7 918.7 1021.4 1010.5 975.4 1156 1180 1004.8 1069.6 1205.5 1058.8 1265.6 1231.4 1247.8 1570.7 1375.1 1351.7 1375.9 -9999 -9999 -9999 -9999 -9999 -9999 -9999 -9999 -9999 -9999 -9999 -9999 -9999 -9999
336.3 454.7 362.1 380.1 469.8 597.4 622.6 581.3 639.7 612.8 651.9 727.2 782.2 802.2 850.4 932.6 883.7 866.2 836.4 883 890.9 978.7 1055.1 1055.8 1073.2 1161.8 1165.6 1092.9 970.4 944.3 914.6 992.4 1048.8 915 889.5 954.9 928.1 820.3 890 881.3 923 822.6 969.4 871.8 914.9 924.9 933.1 852.9 869.2 1241.1 1226.8 1048.2 1064.1 1151.5 928.9 1216.3 1234.3 1305.9 1227.8 1405.3 -9999 -9999 -9999 -9999 -9999 -9999 -9999 -9999 -9999 -9999 -9999 -9999 -9999 -9999 -9999 -9999
462 428.7 473.6 510 455.9 577.1 606.6 492.9 540.5 547.8 465.7 641.2 722.7 820.4 862.5 876 943.6 944.5 1047.5 1084.8 1000.8 996.7 1063.8 1063 1066.8 1008.6 1020.2 1217.7 1078.3 968.8 933 975.4 985.7 1169.7 1010.4 1070.2 1194.7 1001.4 964.8 950.6 982.3 861.2 833.1 927.5 904.5 915.5 935.8 1033.8 1253.7 1280.5 1030.9 1005.3 1111.1 1273.8 1242 1212.9 1195.2 1111.8 1168.9 1205.9 -9999 -9999 -9999 -9999 -9999 -9999 -9999 -9999 -9999 -9999 -9999 -9999 -9999 -9999 -9999 -9999
447.5 454.5 426.7 300.6 545.8 554.6 574.3 603.7 520.7 617.8 612.4 695.2 693.3 821 926.7 859.9 943.7 935.9 994.9 1078.1 1069.9 992.2 1090.9 1114.2 1138.4 986.3 1001 1078.5 1151.5 1078.8 1018.6 1133.4 1107.5 1069.8 1103.8 1094 1108.8 1112.8 1170.8 1109.8 1006.2 824.6 870.7 888.4 884.5 996.7 1082 1048.4 1464.6 1073.1 950 1123.2 1151.7 1102.9 1182.3 -9999 1104 -9999 1025.3 -9999 -9999 -9999 -9999 -9999 -9999 -9999 -9999 -9999 -9999 -9999 -9999 -9999 -9999 -9999 -9999 -9999
403.1 382.3 364.1 394.6 507.9 518.6 523.6 584.7 544.9 598.4 663.2 806 791.5 863.6 869.1 874.8 947.3 1035.8 1135.5 1201.4 1208 1028.7 1164.3 1196.7 1102.1 1109.7 1131.5 1188.5 1185.7 1185.5 1202.5 1210.6 1314.1 1151.9 1257.5 1180.4 1113.1 1171.3 1087.1 924.4 1161.2 1027.5 986.3 990.6 937.9 1050.4 1169.4 1499.9 1425.7 833.8 964.7 1141.6 1126.6 1025.8 1030.1 -9999 1096.3 1140.8 -9999 -9999 -9999 -9999 -9999 -9999 -9999 -9999 -9999 -9999 -9999 -9999 -9999 -9999 -9999 -9999 -9999 -9999
227.5 319.1 318.2 399.4 497.9 522.8 505.4 492.8 580.1 600.5 594.5 624.9 724.8 732 832.1 825 854.8 1042.2 1116.5 1035.3 1110.7 1139.6 1322.1 1128.4 1057.9 1144.4 1090.1 1232 1298.8 1216.7 1194.4 1213 1186.3 1126.4 1183.6 1158.5 1081.7 1207.7 1055.1 1134.1 1127.6 1161.2 1028.1 1051.3 1143.3 1070.3 1235 1406.3 1215.9 1143.3 1038.9 1269 1274.2 1156.1 1211.1 -9999 1180 1094 -9999 -9999 -9999 -9999 -9999 -9999 -9999 -9999 -9999 -9999 -9999 -9999 -9999 -9999 -9999 -9999 -9999 -9999
394.8 361.4 346.6 399 477.6 468.5 516.7 529.9 525.1 588.2 736.7 806.4 810.3 845.2 962.6 948.8 1051.3 1105.8 1028.1 1089.3 1247.3 1186.5 1160.2 1131 1218.7 1256 1364 1307.4 1327.1 1231.8 1354.8 1312.6 1395.9 1379.1 1376.6 1306.8 1225.1 1270.4 1316 1437.3 1208.8 1124.8 1106.4 1192.9 1243.5 1081.1 1120.5 1195.8 1111.9 1255.2 1342.2 1102.6 1238.8 1176.8 1124.4 -9999 1020.6 -9999 -9999 -9999 -9999 -9999 -9999 -9999 -9999 -9999 -9999 -9999 -9999 -9999 -9999 -9999 -9999 -9999 -9999 -9999
440.1 430.9 383.9 439.9 599.8 483.7 559.9 651.5 552 597.8 714.8 807.1 752.1 840.4 845.2 1053.8 1263 1111.7 1011.7 1053.6 1226.8 1200.8 1276.9 1207.7 1356.1 1451.1 1402.7 1437.8 1416.3 1443.4 1410.6 1406.2 1332.8 1541.7 1569.3 1510.7 1418.9 1427.7 1450.1 1357.6 1277.2 1280.5 1158.3 1119.6 1083.6 910.5 944 821.2 1132.5 1239 1135.9 1147.6 1206.6 1159.3 1111.7 -9999 -9999 -9999 -9999 -9999 -9999 -9999 -9999 -9999 -9999 -9999 -9999 -9999 -9999 -9999 -9999 -9999 -9999 -9999 -9999 -9999
492.1 445.1 450.1 457.2 448.2 430.4 482 554.6 563.1 548.3 558.8 623 670.1 748.3 857.1 1024.6 1023.7 1082.3 1098.1 1246.7 1313.9 1334.1 1273.1 1272.6 1362.5 1328.9 1389 1468 1477.6 1514.4 1461.5 1581.7 1511 1548.8 1557.4 1582.9 1478.3 1452.1 1360.4 1404.9 1324.7 1252.1 1316.1 1067.1 1021.6 985.1 1005.7 1051 1095.9 1130.9 1186.4 1257.3 1323.6 1176.6 1202.1 1214.4 -9999 -9999 -9999 -9999 -9999 -9999 -9999 -9999 -9999 -9999 -9999 -9999 -9999 -9999 -9999 -9999 -9999 -9999 -9999 -9999
505.2 412 378.4 474.2 397.7 422.8 441.1 501.4 434 566.2 527.3 567.1 626.2 687 883.5 934.2 1113.1 1088.1 1277.6 1410.7 1471.3 1256.3 1324.3 1307.3 1291.6 1536.3 1477.8 1436.4 1364.5 1562 1576 1436.8 1525.9 1364.2 1441.9 1500.6 1467 1561.4 1425.3 1253.4 1146.2 1089.6 1103.9 1037.8 909.9 1251.9 1210.1 1148.1 1268.3 1252.5 1253 1240.7 1322.7 1285.5 1266.9 658 -9999 -9999 -9999 -9999 -9999 -9999 -9999 -9999 -9999 -9999 -9999 -9999 -9999 -9999 -9999 -9999 -9999 -9999 -9999 -9999
485.4 439.2 501.8 447 415.3 446.8 474.3 394.6 507.7 544.6 577.7 482.9 733.3 854.6 938.3 999.2 1038.7 1082.9 1500.4 1550.3 1652.5 1680.2 1563.6 1561.1 1549.2 1522.4 1295.8 1305.2 1304.9 1420 1395 1273.1 1385.3 1552.6 1571.9 1537.3 1593.5 1457.1 1487.5 1256.8 1258.7 1422.6 1074.8 1604.2 1111.4 1126.9 1165.8 1162.4 1209.9 1349.2 1224.5 1347.7 1370.9 1307.4 1344.7 1285 1254.3 -9999 -9999 -9999 -9999 -9999 -9999 -9999 -9999 -9999 -9999 -9999 -9999 -9999 -9999 -9999 -9999 -9999 -9999 -9999
525.3 494.8 499.9 467 515 463.8 508.9 369.6 450.5 403 420.9 596 844.3 1018.8 973.2 1041.5 1084.3 1213 1367.6 1353.5 1447.6 1392.7 1555.6 1641.5 1410.4 1446.1 1397.2 1466.8 1461.2 1464.3 1437.1 1503.2 1384.8 1404.3 1439.4 1479.8 1426.3 1468 1391.9 1482 1667 1392.8 1316.4 1588.8 1462.4 1179.1 1172 1226.4 1313.3 1342 1353.4 1360.5 1375.4 1469.7 1556.1 -9999 -9999 -9999 -9999 -9999 -9999 -9999 -9999 -9999 -9999 -9999 -9999 -9999 -9999 -9999 -9999 -9999 -9999 -9999 -9999 -9999
558.1 638.1 580.1 532.1 491.6 450.5 460.5 440.4 377.4 405.8 669.9 698.5 872.4 850.4 885.2 1083.9 1307.7 1508.7 1736.2 1885.1 1633.9 1591.2 1627.4 1597.3 1484.9 1557.2 1601 1583.3 1549.3 1439 1344.7 1294.7 1180.2 1265.6 1457.8 1410.9 1363.8 1267.9 1399 1551.9 1980.2 1357.8 1321.8 1383.6 1263.4 1198 1202.4 1056.8 1074.3 1096.2 1152.9 1247.7 1331.4 1520.2 -9999 -9999 -9999 -9999 -9999 -9999 -9999 -9999 -9999 -9999 -9999 -9999 -9999 -9999 -9999 -9999 -9999 -9999 -9999 -9999 -9999 -9999
603.5 633.5 407.8 434.2 434.6 432.2 388.3 462.4 417.6 491.8 624.9 691.9 851.5 914.6 951.4 1061.8 1254 1485.2 1767.5 1864.8 1616.7 1574 1593.5 1553.4 1431.8 1509.7 1464.5 1342.7 1442.2 1320 1152.3 1269.9 1399.8 1378.3 1356.7 1307.7 1361.7 1415.4 1203.3 1428.9 1283.1 1312 1233.8 1158.1 1307.9 1124.2 1042.4 1082.8 1096.9 1274.8 1151 1203.2 -9999 -9999 -9999 -9999 -9999 -9999 -9999 -9999 -9999 -9999 -9999 -9999 -9999 -9999 -9999 -9999 -9999 -9999 -9999 -9999 -9999 -9999 -9999 -9999
480.4 491 461.2 466.8 400.3 502.6 457.2 486 483 533.9 600.7 767.7 849.5 858.7 940.1 1105.9 1263.1 1367.8 1431.7 1425.7 1441.1 1506.6 1583.6 1676.4 1608.2 1399.3 1342.4 1318.7 1209.8 1267.5 1343.4 1377.4 1359.5 1225.7 1233.6 1262.4 1250 1278.8 1240.5 1322 1331.4 1205.9 1100.1 989 1163.6 1209.2 1108.1 1103.9 1196.7 1197.4 -9999 -9999 -9999 -9999 -9999 -9999 -9999 -9999 -9999 -9999 -9999 -9999 -9999 -9999 -9999 -9999 -9999 -9999 -9999 -9999 -9999 -9999 -9999 -9999 -9999 -9999
577.2 606.1 554.3 496.6 460.2 468.1 477.7 524 513.9 554.6 778.5 756.3 705.9 772 887.7 1021.5 1067.7 1125.9 1256.6 1269 1275.1 1398.3 1458.2 1627.8 1785.7 1526.9 1411.3 1360.8 1301.6 1310.8 1433.1 1090.2 1126.9 1191 1258.7 1326.4 1461.1 1184.3 1137.9 996.5 1093.5 1062.2 1123.7 1034.9 1214 1200.9 1076 1236 1221.2 1428.2 -9999 -9999 -9999 -9999 -9999 -9999 -9999 -9999 -9999 -9999 -9999 -9999 -9999 -9999 -9999 -9999 -9999 -9999 -9999 -9999 -9999 -9999 -9999 -9999 -9999 -9999
514.5 444.8 546.2 590 578.6 414.5 498.8 541.5 474.4 629.6 784.1 896.4 849.1 809 937.3 874.8 981 1044.5 984.3 1217.9 1299.5 1432.9 1489.9 1710.9 1624.3 1641.3 1537.5 1288.6 1346.1 1248.2 1369.8 1269.9 1422 1194.4 1305 1325.3 1224.7 1025.4 1027.5 985.6 1118.4 1035.7 1047.9 974.9 1064.3 1226.2 1232.1 1206.4 -9999 -9999 -9999 -9999 -9999 -9999 -9999 -9999 -9999 -9999 -9999 -9999 -9999 -9999 -9999 -9999 -9999 -9999 -9999 -9999 -9999 -9999 -9999 -9999 -9999 -9999 -9999 -9999
