datasets/global_precipitation_1950_2017/rasters/precip_1975-total.asc
NCOLS 720 
NROWS 347 
XLLCORNER -180 
YLLCORNER -90 
CELLSIZE 0.5 
NODATA_value -9999 
[rows 102 to 135 of 347, columns 532 to 607 of 720]
457.2 447.5 409.1 373.9 347.7 320.1 326 333.7 357.1 394.4 432.1 467.1 510.6 570.5 628.8 648.1 617 575.9 538.3 494.1 458.3 467.6 477.5 510.2 564.2 600.9 607 618.7 648.6 670 737.7 832.4 892.6 922 906.5 863.1 841.3 849 920.8 1022.2 1092.3 1120.4 1154 1200.8 1163.2 938.9 738.2 724.6 827.6 906.1 953.1 979 823.7 813.5 885.4 1102.2 1184.3 1093.8 1011.6 1107.7 1212.1 1168.4 1212.7 1195.3 1359.7 1260.8 1293.8 1246.7 1213.1 1237.9 1199.1 -9999 -9999 -9999 -9999 -9999
631.2 595.4 508.2 406.2 349 327 312.4 296.4 313.2 369.3 428.8 476.3 515.5 587.6 653.2 672.8 631.5 575.5 534.1 506.6 474.5 456.1 456 500.1 576.1 601.4 594.1 589.7 618.6 640.5 702.7 815.9 901.3 976.9 952.3 950.9 922.8 931.3 955.2 1000.6 1074.8 1210.4 1214.3 1226.2 1201.6 1071.6 937.5 919.9 935.1 938.6 950.5 916.1 849.8 806.9 667.6 1074.3 1226.8 1175.2 1163.5 1225.8 1391.7 1347.1 1292.1 1256.4 1133.1 1270.7 1248.8 1312.9 1270 1245.2 1228.5 1164.6 -9999 -9999 -9999 -9999
1088.2 940.4 674.9 447.9 338 317.3 317.9 286.2 285.8 349.5 416 471 517.5 608.3 673.2 666.6 621.3 576.2 541.6 519.1 480.9 435.4 410.2 456.7 521.4 558.3 564.3 582.4 607.4 605.6 630.1 685.8 666 782 1022.7 1110.4 929.9 882.7 958 1097 1168.3 1168.5 1092.2 1265.7 1214.2 1176.1 1096.8 1064.5 1084.8 1079.2 1085.5 1042.5 996.9 892.6 922.5 1099.4 1203.5 1206.1 1259.3 1439.8 1679.7 1629.3 1536.3 1399.1 1303.7 1397.3 1297 1244.7 1105.4 1126.8 1141.8 -9999 -9999 -9999 -9999 -9999
1867.3 1445.2 902.4 521.3 372.3 341.2 353.1 346.7 336.7 357.1 396.5 445 509.6 612 688.3 648.9 617.3 597.6 602.5 578.8 534.8 462.8 429.9 428.7 465 490.2 497.7 530.9 577.4 592.8 624.3 665.2 654 836.7 1043.8 925.2 856 900.3 982.8 1156.1 1198.2 1167.8 1192.9 1129.8 1227.3 1265.4 1239 1190 1194.3 1166.1 1167.9 1126.1 1126.7 1065.9 1125.2 1195.9 1219.5 1326.4 1488.3 1689.7 1674.7 1635 1698.6 1782.1 1768.3 1613.6 1540.9 1389 1209.1 1141.4 1121.2 -9999 -9999 -9999 -9999 -9999
2288.9 1872.7 1133.1 604.6 482.3 464 453.9 426.1 386.1 355.5 355.7 388.1 443 523.6 615.1 653.4 642.2 683.3 773.8 854.5 792.1 595.3 489.5 446.4 449.3 446.8 415.6 486.5 585.7 608.6 665.6 675.8 789 1250.6 1402.9 1106.3 976.4 909.9 915.3 1005 1077.5 1129.3 1210.9 1370.3 1390.9 1445 1670.1 1573.6 1329.4 1202.2 1179.3 1172.5 1291.5 1233.7 1289.8 1379.2 1401.9 1566.4 1731.8 1747.7 1827.1 1787.4 1867 2060.9 2435.4 2002.6 1909.8 1594.9 1476.3 -9999 1368.2 -9999 -9999 -9999 -9999 -9999
2138.4 1748.2 1150 673.9 622.3 544 553.9 512.9 424.6 336.3 324.7 327.8 354.4 432.7 570 686.7 536.4 676.2 1154.2 1487 1495.6 1149.4 757.2 552 512.7 435.9 397.5 484.4 575.2 617 678.7 696.7 834.5 1334.7 1699.5 1830.2 1396.8 929.1 840.4 966.9 985.2 1134.1 1129.4 1261.2 1438 1496.5 1516.5 1424 1265.7 1230.8 1227 1209.3 1239.5 1303.1 1376.5 1613.6 1647.2 1651.5 1728.6 1936.2 1965.8 1943 1950.4 1900.3 1874.9 1882.8 1787.1 1601.6 1542.6 1592.4 1512.8 1519.1 1515.4 -9999 -9999 -9999
1734.3 1100.3 519.9 637.3 873.2 492.5 622.2 437.2 424.7 362.3 323.6 290 304.2 346.9 586.1 937.9 1173.4 1516.8 2398.1 2857.2 2880.9 2366.6 1435.1 725.6 597 525 512.5 527.2 540 611.8 706.6 735 838.8 937.6 1565.8 1766.5 1378.9 1054 962.5 1021.6 1095.9 1185.8 1305.7 1386.1 1549.1 1468 1434.2 1346.2 1189.5 1251.6 1367.9 1371.5 1323.7 1367.3 1368 1526.6 1705.5 1754.1 1917.6 2058.8 2105.7 1953.8 2041.3 2074.9 2031.9 2072.7 1903.5 1575.8 1346.2 1707.7 1712.4 1458.3 -9999 -9999 -9999 -9999
649.6 366.6 306.5 909.3 1464 2086.8 1181.9 354.9 407.6 361.4 329 313 324.3 349.8 609.7 1979.6 3623 4833.1 5871.1 5542.1 5007.8 4346.5 2825.3 1158.5 740.4 690.3 608.8 571.4 553.4 629.8 713.8 735.6 803.3 949.6 1113 1150.8 1174.9 1173.1 1162.2 1107.6 1132 1225.7 1365.2 1309 1376 1463.7 1402.6 1300.3 1295.3 1360.1 1464.7 1507.1 1456.5 1449.1 1466.1 1580.1 1725.4 1785.9 1931.4 2065.2 2075.7 2073.6 2276.8 2372.7 2209.7 2112.6 1991.4 1775.2 1815.3 2106.3 1868.3 -9999 -9999 -9999 -9999 -9999
737.7 747.1 1148.7 1699.3 1811.1 1479.2 1025.2 741.8 496.8 429.2 549.8 429.7 376.2 416 876.8 4272.5 6072.1 7015 7861.1 6558.9 5454 4900.5 3999.1 1964.2 925.7 505 611.1 657 675.4 701 749.1 783.7 818.1 811.9 826.1 756.5 992.8 1104.5 1118 1104.9 1081.2 1056.5 1105.6 1091.1 1085.1 1221.2 1271.5 1242.2 1330.4 1398 1459 1533.7 1595.6 1509.7 1470.5 1667.7 1781.9 1811.7 1821.6 1964.2 2088.9 2294.4 2621.7 2652.1 2519.4 2249.8 2040.1 1871.9 1978.7 2103.1 -9999 -9999 -9999 -9999 -9999 -9999
1815.2 1435.9 2489.3 1751.6 2072.5 1217.2 496 1436.1 2885.8 3026.1 2578.4 1879.5 1003.4 1095.5 2522.6 4381 4958 5682.9 5690.2 5499.7 5269.1 5077.4 4714.4 2961.7 1670.8 986.6 759.1 802.9 852.6 840.6 813.7 806.7 826.3 788.3 744.3 715.3 776.7 878.7 931.2 960.8 1012 1025.7 1069.8 1035.6 942.8 1112.2 1205.8 1182.2 1236 1367 1509.7 1652.7 1831.6 1910.8 1791.4 1796.8 1833 1840.5 1833 1899.4 1989.2 1953.7 2312.1 2699.9 2515.1 2265.2 2068.2 1929.5 1965.9 -9999 -9999 -9999 -9999 -9999 -9999 -9999
1088.1 1880.5 1630.2 1600.2 2551.4 2484 2217.5 4372.8 4231.6 2829.5 2557 2484 2378.3 2441.7 2770.1 3619.3 3978.2 3210 4790 5037 4945 5230 4773.6 3372.8 2691.9 1578.9 944.7 933.2 914.6 896 825.2 725.6 663.5 678.6 662.4 628 659 761.8 863.7 910.1 989.7 1013.9 1024.1 1037.6 1096.9 1132.1 1184.4 1160.7 1229.8 1406.4 1527.2 1694.6 1925 2495.3 2029.6 1896.6 1868.3 1923.2 1962.1 1977.7 2017.6 1853.4 2194.5 2238.4 2100.9 2127.4 1915.9 1829.3 1746.7 -9999 -9999 -9999 -9999 -9999 -9999 -9999
1749.1 2044.8 2476.1 2352.8 2840.3 3077.2 3643.5 4319.3 3785 2607 2681.3 2137.8 1932 2277.3 2649.8 2861 3138.4 3856.8 4500.6 4610.6 4520.4 4657.6 3772.1 3268.2 2988.7 1915.7 999.4 984.4 919.4 942 823.9 682.9 550.5 614.6 644.1 637.1 579.8 728 869.6 986.2 1011.2 980.5 995.4 1042.1 1088.2 1123.4 1197.1 1254.2 1358.1 1460.6 1540.9 1621.6 1648.6 1663.6 1896.6 1872.1 1886.3 1912.4 1935.4 2061.1 2185.7 2115.5 2116.9 2079 2039 1960.5 1797.8 1883.2 -9999 -9999 -9999 -9999 -9999 -9999 -9999 -9999
1500.1 1904.2 2219.3 2381.2 2274.7 2795.4 2893.8 3025.2 2190.8 2380.6 2019 1558.2 1667.6 1639.3 2177.9 2306.2 3496.1 3994.2 4396.1 4270.3 3724.2 3297.5 2770.8 2767.5 2384.2 1823.9 1140.6 992.8 977 927.5 775.4 670.3 655.5 630.2 584.3 658.2 781.2 927.9 1024.6 1092.8 1038.5 972.5 1020.7 1075.2 1100.9 1140.6 1240.5 1241 1481.8 1557.3 1576.8 1570.3 1713.7 1872.8 1939.6 1929.3 1955.3 1935.2 1960.9 2140.1 2267.9 2261.8 2226.5 2111.5 2025.8 1840.8 1630.5 -9999 -9999 -9999 -9999 -9999 -9999 -9999 -9999 -9999
1217.5 1652.5 1906.1 1770.8 1623.8 1672.1 1898.8 2273 2522.1 2272.6 2207.5 2139.3 2136.6 1559.8 1430.3 1933.1 2719.9 3387.3 3633.7 3212 2555.3 2114.1 1979.3 2008.4 1959.8 1515.8 1115 1001.9 969.9 943.2 754.1 563 651.2 701.7 693.8 792.7 963.2 1111.4 1017.1 1063.2 1025.5 988.4 1083.1 1144.2 1153 1199.5 1471.7 1661.4 1848.4 1809.9 1659 1640.6 1820.2 1991 2015.9 2003.9 1954.3 1816.1 1962.1 2189.7 2423.7 2345.2 2276.3 2153.6 2121.6 1734.9 1455.2 -9999 -9999 -9999 -9999 -9999 -9999 -9999 -9999 -9999
1351.7 1250.2 1249.3 1434.6 1320.1 1531.3 1567.7 1931.8 2614.4 2894.5 10171.6 11807.4 3900.8 3076.5 2641.6 2290.1 2308.6 2643.1 2756.7 2232.5 1905.9 1823.4 1822.8 1776.4 1632 1402.3 960.6 991.8 944.1 935.5 874.4 817.4 837.7 850.8 788.9 817.9 927.9 1006.5 1041.1 1062.1 1008 964.8 1094.1 1268.5 1363.6 1451.1 1673.3 1887.1 2026.9 1957 1826.7 1817.2 1997.9 1983.9 2008.6 2097.9 2070 1987.5 2042.9 2169.9 2281.2 2330.7 2236.4 1929.2 1640.7 1332.5 1118.9 -9999 -9999 -9999 -9999 -9999 -9999 -9999 -9999 -9999
1581 1140.8 907.6 1279.8 1150.6 1231.9 1382.1 1684.7 2162.4 2292.1 4388.9 3764.3 3363.6 3089.7 3203.8 1612.4 1660.7 2198.4 2089.3 1675 1556.9 1646.1 1724.7 1600.6 1480.4 1379.6 1129.2 1053.3 1045.6 993.2 929.9 897.8 873.2 802.9 798.9 751.7 845.3 1054.1 1157.2 1074.3 964.3 966.4 1159.1 1435 1531.3 1586.1 1505.7 1753.5 1830.1 1810.8 1790.1 1931.8 2196.9 2099.5 2041 2085.9 2169.8 2196.2 2131.8 2103.8 2077 2116.5 2006.4 1727.8 1285.1 1132.8 -9999 -9999 -9999 -9999 2336.2 1816.1 -9999 -9999 -9999 -9999
1879 1323.8 1125.1 1327.4 1262.3 1195.9 1549.4 1656.9 1911.8 1960.7 1933.3 1688.1 2346.7 2560.4 2729 1293.9 1500.9 1881.7 1794.5 1508.7 1514.2 1562.5 1609.6 1284.1 1364.1 1386.7 1273.6 1156.2 1135.9 1107.7 970.4 889 855.3 856.5 879.7 873.4 989 1012.1 1060.1 989.4 929.4 881.3 1068 1436.5 1573.1 1533.9 1459.3 1476.4 1466 1636 1633.8 1815.6 2047.9 2103.7 2129.3 2146.9 2325.1 2299.4 2083.6 1947.8 1991.9 1860.3 1694.5 1610.4 -9999 -9999 -9999 -9999 -9999 2046.4 3081.4 -9999 -9999 -9999 -9999 -9999
1764.5 1458.1 1534.9 1512.9 1374.8 1414.6 1575.3 -9999 -9999 1843.4 1645.6 1471.1 1934.8 1703.5 1837.9 1607.9 1704 1849.9 1635.6 1470.1 1508.9 1478.7 1397.9 1202.1 1266.9 1310.9 1284 1181.4 1134.3 1204.6 1174.6 995.2 929.2 934.8 950.5 1355.5 1244.3 1053.2 1076.7 1117.4 983.6 860.6 1069.9 1445.5 1601.2 1605.1 1400 1371.9 1547.2 1581.8 1549.7 1698.2 1916.7 2045.7 2176.1 2309.4 2291.9 2234.3 2105.6 1948.6 1771.3 1604.8 1365.7 -9999 -9999 -9999 -9999 -9999 1321.4 2607.2 2006.3 -9999 -9999 -9999 -9999 -9999
1521.7 1415.1 1590.5 1659.2 1460.1 1508.3 1556.4 1683.8 1509.9 1312.9 1914.4 1755 2535.5 3546.8 2077.6 1633.9 1689.1 1572.7 1239.6 1235.9 1610.7 1269.9 1468.8 1350.5 1256.3 1270 1256.1 1239.5 1266.2 1399.5 1482.3 1383.7 1277.4 1030.3 1069.9 1323.7 1205.9 1621.2 1536.9 1194.7 1170.7 1225.2 1318.1 1437.5 1467.2 1528.7 1398.9 1482 1568.7 1646.1 1735.1 1780.8 1882.7 1971.1 2182.6 2310 2194.3 2243.9 2230.2 1970.8 1633.1 1439.9 -9999 -9999 -9999 -9999 -9999 -9999 1934 3242.9 1944.2 -9999 -9999 -9999 -9999 -9999
1497.9 1437.5 1547.4 1486.7 1587.4 1590.9 1635.6 1620.5 1779.4 -9999 -9999 2212.6 2268.4 3093.9 2395.1 1816.5 1518.6 1333.4 1124.2 1125.8 1725.1 1793.1 1411.1 1363.5 1242.5 1073.2 1132.5 1299.6 1334.6 1457.7 1548.7 1800.7 1791.9 1333.1 1407.9 1658.1 1625.2 1983.5 1898.7 1348.5 1320.6 1498.2 1374.8 1268.4 1200.5 1272.2 1361.2 1398.4 1722.8 1813.3 1923 2028.8 1990.1 2053 2380.8 -9999 2796.1 2689.2 -9999 -9999 -9999 -9999 -9999 -9999 -9999 -9999 -9999 -9999 1996 4166.2 -9999 -9999 -9999 -9999 -9999 -9999
1609.1 1517.4 1450.2 1466.5 1552.8 1637.1 1605.4 1901.8 2456.5 2428.3 -9999 -9999 2430.5 2915.6 2549.2 1797.6 1127.5 1084.1 1116.8 1126.5 1203.1 1521.5 1487.2 1405 1225.3 1097.8 1115.3 1227.2 1218.4 1123.4 1388.8 1444.2 1645.8 1589.1 1818.2 2335.6 1681.7 2001.8 1784 1654.4 1627.5 1426.3 1374.2 1546 1485.7 1604 1418.8 1112.2 1606.6 1955.3 2165.8 2384.2 2425.6 2470 2597.3 -9999 -9999 -9999 -9999 -9999 -9999 -9999 -9999 -9999 -9999 -9999 -9999 -9999 -9999 3049.9 -9999 -9999 -9999 -9999 -9999 -9999
1699 1755.2 1583.7 1684.3 1704.4 1669.8 1629.7 -9999 -9999 -9999 -9999 -9999 3121.4 3089.6 2648.5 1501.5 967.1 853.2 846 1012.5 1145.2 1495.4 1898.1 1685.2 1347.9 1055.6 1000.7 1043 1141.9 1057 1296.1 1696.2 1506.7 1683 1776.2 1702.4 1643.1 2060.1 1788.5 2091.9 1799.4 1419.7 1582.3 2509.3 2314.5 1847.5 1602.9 1601.7 1559.4 1746 2146.9 -9999 2643 -9999 -9999 -9999 -9999 -9999 -9999 -9999 -9999 -9999 -9999 -9999 -9999 -9999 -9999 -9999 -9999 -9999 -9999 -9999 -9999 -9999 -9999 -9999
1607.6 1958.2 -9999 -9999 -9999 -9999 -9999 -9999 -9999 -9999 -9999 -9999 3906.6 3822.6 3126.4 1939.8 976.6 612.9 763.9 908.1 979.2 2309.6 2088.1 1823.6 1600.3 1253.3 1125.4 1057.9 1186 1361.1 1452.8 1299.8 1451.8 1648.8 1654.4 1443.2 1497.4 1655.4 1874 1963.7 1830.4 1841.5 2607.8 -9999 -9999 -9999 -9999 -9999 1517.1 -9999 -9999 -9999 -9999 -9999 -9999 -9999 -9999 -9999 -9999 -9999 -9999 -9999 -9999 -9999 -9999 -9999 -9999 -9999 -9999 -9999 -9999 -9999 -9999 -9999 -9999 -9999
1594.2 1713.5 -9999 -9999 -9999 -9999 -9999 -9999 -9999 -9999 -9999 -9999 -9999 3592.5 3083.7 1910.4 751.9 534.8 583.7 806.1 1060.5 1844.8 1832.2 1681.6 1685.1 1560.7 1564.3 1566.1 1525.8 1489 1295.8 1300.4 1419.1 1509.4 1475.5 1404.7 1534.1 1704.2 2241 2019.6 1983.6 1869.3 -9999 -9999 -9999 -9999 -9999 -9999 1478 -9999 -9999 -9999 -9999 -9999 -9999 -9999 -9999 -9999 -9999 -9999 -9999 -9999 -9999 -9999 -9999 -9999 -9999 -9999 -9999 -9999 -9999 -9999 -9999 -9999 -9999 -9999
1690.5 -9999 -9999 -9999 -9999 -9999 -9999 -9999 -9999 -9999 -9999 -9999 -9999 -9999 -9999 2377.3 778.2 580.5 530.2 760.7 1018.7 1424 1594.6 1575.9 1579.1 1743.9 1916.5 2016.7 1838 1638.8 1429.4 1369.1 1348.8 1364.6 1426.2 1424.4 1518.3 1655.1 2030.7 2225.6 1964 -9999 -9999 -9999 -9999 -9999 -9999 -9999 -9999 -9999 -9999 -9999 -9999 -9999 -9999 -9999 -9999 -9999 -9999 -9999 -9999 -9999 -9999 -9999 -9999 -9999 -9999 -9999 -9999 -9999 -9999 -9999 -9999 -9999 -9999 -9999
-9999 -9999 -9999 -9999 -9999 -9999 -9999 -9999 -9999 -9999 -9999 -9999 -9999 -9999 -9999 2871.2 1729.7 630.5 520.2 735.6 1381 1367 1310.9 1359.3 1395.4 1598.4 1873.1 2037 1896.8 1660.4 1470.1 1402 1313.2 1585 1655.9 1560 1431.3 1512.7 1911.2 1711.3 -9999 -9999 -9999 -9999 -9999 -9999 -9999 1575.2 1556.1 1631.5 -9999 -9999 -9999 -9999 -9999 -9999 -9999 -9999 -9999 -9999 -9999 -9999 -9999 -9999 -9999 -9999 -9999 -9999 -9999 -9999 -9999 -9999 -9999 -9999 -9999 -9999
-9999 -9999 -9999 -9999 -9999 -9999 -9999 -9999 -9999 -9999 -9999 -9999 -9999 -9999 -9999 -9999 2550 780.8 566 664.2 1531.5 1785.7 1540.8 1346.1 1340 1494.3 1592.5 1552.6 1588.6 1593.8 1507.9 1368.8 2016 2244 1686.6 1613.7 1317 1554.4 1558.5 1538.9 -9999 -9999 -9999 -9999 -9999 985.6 1450.1 1712.8 1709.2 -9999 -9999 -9999 -9999 -9999 -9999 -9999 -9999 -9999 -9999 -9999 -9999 -9999 -9999 -9999 -9999 -9999 -9999 -9999 -9999 -9999 -9999 -9999 -9999 -9999 -9999 -9999
-9999 -9999 -9999 -9999 -9999 -9999 -9999 -9999 -9999 -9999 -9999 -9999 -9999 -9999 -9999 -9999 2611.6 1669.2 726.3 1135.3 2167.6 2624.5 2350.4 1676.9 1433.8 1498.5 1478.1 1470.5 1458.9 1463.9 1512.9 1765.9 2550.1 2712.5 2448.6 3047.3 2388.7 1938.4 1606.5 -9999 -9999 -9999 -9999 -9999 -9999 1144.9 1309.6 1440.6 1577.4 -9999 -9999 -9999 -9999 -9999 -9999 -9999 -9999 -9999 -9999 -9999 -9999 -9999 -9999 -9999 -9999 -9999 -9999 -9999 -9999 -9999 -9999 -9999 -9999 -9999 -9999 -9999
-9999 -9999 -9999 -9999 -9999 -9999 -9999 -9999 -9999 -9999 -9999 -9999 -9999 -9999 -9999 -9999 -9999 2146.4 955.2 1376.7 2512 3163.7 2911.2 1730.2 1348.1 1378.8 1438.7 1445.8 1368.5 1445.5 1567.8 1715.6 2080.3 2280.1 2695.2 3235.1 3089.3 2441.6 1932 2347 -9999 -9999 -9999 -9999 -9999 -9999 -9999 -9999 -9999 -9999 -9999 -9999 -9999 -9999 -9999 -9999 -9999 -9999 -9999 -9999 -9999 -9999 -9999 -9999 -9999 -9999 -9999 -9999 -9999 1948.1 2132.8 1444.6 1433.6 -9999 -9999 -9999
-9999 -9999 -9999 -9999 -9999 -9999 -9999 -9999 -9999 -9999 -9999 -9999 -9999 -9999 -9999 -9999 -9999 3006.6 1616.2 1857 2337.5 3253.3 3222.1 2266 1580.9 1453.7 1414 1514.4 1604.7 1455.9 1387.3 1413.2 1750.7 1901.9 2071.4 2456.5 2454.3 2427.8 2570.7 2730 2747.7 -9999 -9999 -9999 -9999 -9999 -9999 -9999 -9999 -9999 -9999 -9999 -9999 -9999 -9999 -9999 -9999 -9999 -9999 -9999 -9999 -9999 -9999 -9999 -9999 -9999 -9999 -9999 -9999 2439.1 1996.5 1221.4 -9999 -9999 -9999 -9999
-9999 -9999 -9999 -9999 -9999 -9999 -9999 -9999 -9999 -9999 -9999 -9999 -9999 -9999 -9999 -9999 -9999 2631 2063.3 2044.2 2459.2 3470.1 4071.3 1822.8 1949.6 1497.4 1249.2 1450 1554.6 1408.8 1230.7 1264.6 1577.3 1694.7 1687.7 1752.3 1777.8 2182.4 2632.9 2557.9 2248.9 2289.6 -9999 -9999 -9999 -9999 -9999 -9999 -9999 -9999 -9999 -9999 -9999 -9999 -9999 -9999 -9999 -9999 -9999 -9999 -9999 -9999 -9999 -9999 -9999 -9999 -9999 -9999 -9999 2105.6 2197.4 1473.9 1511.8 -9999 -9999 -9999
-9999 -9999 -9999 -9999 -9999 -9999 -9999 -9999 -9999 -9999 -9999 -9999 -9999 -9999 -9999 -9999 -9999 2412.9 2046.6 1922.4 2310.1 2916.6 4653.7 3970.8 2985.9 1368.5 1192.8 1350.1 1527.4 1301 932.7 1183.5 1405.1 1491.3 1549.9 1608.2 1652.9 1611.6 1825.3 1889.5 2011.2 2037.1 2558.9 -9999 -9999 -9999 -9999 -9999 -9999 -9999 -9999 -9999 -9999 -9999 -9999 -9999 -9999 -9999 -9999 -9999 -9999 -9999 -9999 -9999 -9999 -9999 -9999 -9999 -9999 1320.2 1562.2 1437.9 2216 -9999 -9999 -9999
-9999 -9999 -9999 -9999 -9999 -9999 -9999 -9999 -9999 -9999 -9999 -9999 -9999 -9999 -9999 -9999 3095 2804.5 2260.7 2123.3 -9999 -9999 -9999 4458.9 3390.3 1766 1262.2 1289 1358.8 1239.7 1109.5 1192.2 1336.9 1446.4 1438.2 1614.8 1561.2 1528.4 1553.5 1819.7 2018 2397.3 2499.5 2714.2 -9999 -9999 -9999 -9999 -9999 -9999 -9999 -9999 -9999 -9999 -9999 -9999 -9999 -9999 -9999 -9999 -9999 -9999 -9999 -9999 -9999 -9999 -9999 -9999 -9999 1872 1450.7 2490 -9999 -9999 -9999 -9999
-9999 -9999 -9999 -9999 -9999 -9999 -9999 -9999 -9999 -9999 -9999 -9999 -9999 -9999 -9999 -9999 -9999 -9999 -9999 -9999 -9999 -9999 -9999 4588.1 3395.9 2007.2 1375.4 1209.6 1224 1226.3 1266.7 1252.1 1300.2 1474.1 1648.9 1627 1552.3 1576 1840.3 2001.1 1830.1 2606 2826.6 2294.6 1936.2 -9999 -9999 -9999 -9999 -9999 -9999 -9999 -9999 -9999 -9999 -9999 -9999 -9999 -9999 -9999 -9999 -9999 -9999 -9999 -9999 -9999 -9999 -9999 1702.1 1568.3 1859.5 -9999 -9999 -9999 -9999 -9999
