datasets/global_precipitation_1950_2017/rasters/precip_1956-total.asc
NCOLS 720 
NROWS 347 
XLLCORNER -180 
YLLCORNER -90 
CELLSIZE 0.5 
NODATA_value -9999 
[rows 34 to 67 of 347, columns 456 to 531 of 720]
535.4 542.7 536.6 536.4 528.4 522.9 519 512.4 507.4 500.5 492.7 489.4 491.8 496.8 502.5 509.1 512.3 517.9 515 510.4 504.4 495.8 486.6 483.8 482.9 484.3 495.1 516.2 541.4 567.5 592.6 615.4 635.6 651.1 655.6 638.7 612.5 607.9 606.9 586.5 563.2 539.8 514.4 485.8 465.1 440.1 413.3 385.1 360.1 342.8 343.9 353.2 366 378.1 385.6 392.9 400.5 407.3 411.7 412.7 408.7 403.4 398.2 394.2 389.5 386.9 383.8 380.8 378.1 376.6 380.7 392.8 400.8 404.9 407.6 412
582.5 596.9 607 603.4 591.8 578.8 568.6 553.9 531.2 513.2 506.6 509.8 517.5 526.4 533.4 540.4 539 536.3 536.6 535.9 532.3 528.2 521 517.8 516.7 517.1 519.2 519.8 522.3 532.3 530.1 530.7 522.8 529.9 571.3 589.3 593.9 594.2 585.2 572.3 561.1 545.7 526.3 507.5 493.9 476 462.9 452.5 448.2 446.1 439.4 432.9 431 434.8 444.6 456.9 467 475.7 484.2 485.1 476.7 465.7 453.7 440.9 427.6 414.1 400.4 388.8 378.6 377.8 387.6 402.5 413.5 417.6 422.9 435.7
584.2 611.3 642 653.2 634.2 610.4 589.8 573.8 545.4 524.6 519 530.4 544.9 559.8 571.8 574.2 567.1 557.8 554 558.4 564 567.5 569.3 571.5 570.3 565.1 558.5 551 541.7 539.2 543.4 551 565.9 579.7 581.2 578.8 580.5 578.5 573 566 550.8 540.8 532.7 526.9 515.4 499.8 489.7 483.6 477.8 480.7 478.8 476.6 475.5 480.4 489.8 502.7 516.2 527.6 536.4 538.9 533.9 521.6 504.6 487.1 470.9 454.4 437.9 424.4 414.6 408.7 409.9 411.2 419.8 431.1 447.5 459.7
560.2 575.1 592.8 602.4 599 586.1 572.3 557.3 544.9 543.3 545.7 560.1 582 612.2 635 629.6 607.7 589.2 584.4 587.6 591.6 596.7 604.9 615.6 623.1 628.8 621.1 600.7 578.7 562.9 556.3 555.2 557.5 560.7 563.5 564.6 564.5 565.2 564.9 563.2 561 554.8 549.6 543.5 529.4 516.8 500.1 491 483.1 480.6 486.4 490.2 497.3 506.2 516.3 527.6 537.5 548.4 555.6 557.1 551.1 541.6 529.4 517.1 504.9 494.6 484.3 476.2 469 462.8 458.4 456.1 459 470.1 489.2 491.5
526.2 535.3 548.8 563.8 575.4 569.5 561.4 552.2 542.7 544.7 550.3 562.2 582.5 608 631 634.5 623.8 612.8 605.7 602.9 605.9 609 615.8 629.2 650.5 668.4 645 604.2 569 547.5 539.1 535.5 532.5 531.4 536.9 540.5 542.1 543.9 546.9 548.8 549.5 549.2 545.7 539.7 530.4 519.7 504.3 495.5 489.1 488.5 493.9 502.6 512.3 520.3 528.3 533.4 537.6 541.7 545 544.8 541.9 538.1 533.6 527.3 520.2 514.7 509.1 503.9 497 495.1 495.1 496.3 496.8 503.8 509.3 509.8
470.6 510.3 541.1 550.3 558.9 564.6 564.9 554.1 541.5 530.2 519.9 518 529.9 549 568.2 582.7 592.4 597.2 600.9 603.1 606 607.3 607 606.6 601.4 587.4 556 514.5 490.8 495.2 506.9 517.4 520 513.7 511.5 519.3 524.1 525.9 527.5 529.7 530 529 526.4 522.9 517.6 512.6 505.3 493.1 484 483.5 488.7 495.8 506 511.6 517.1 521.9 525.1 526.4 527 527 524.3 523.6 522 521.9 522.5 523 524.4 524 521.5 518 514.1 511.3 504.9 500.6 497.7 495.7
491.4 535.8 557.5 553.4 554.2 556.3 553.1 542.9 530.8 520.5 511.8 507.7 514.2 526.6 540.7 552.8 562.4 573.4 584.9 595.4 602.5 604.8 605.9 597.3 593 582.8 561.3 537.6 517.8 504.7 507.1 525.1 539.8 537.7 526.9 520.9 520 520.1 521.6 523.1 523.6 522.9 519.7 516.3 509.6 499.4 486.6 479.2 475.1 473.2 477.8 481.5 491 497.3 504.4 508.1 507.9 508.7 509.1 506.3 504 505.8 508.4 511.9 516.6 522 527.8 532.1 533.2 527.1 517.7 506.9 496.9 487 479.3 475.4
554.2 565.6 570.3 564.5 551.2 538 526.7 516.9 508.7 506.5 508 510.3 515.7 525.3 534.8 541 544.9 561.5 585 605.2 618.8 625.2 629.2 635.3 642.4 646.1 645.3 629.6 601.7 576.7 555.5 541 529.9 518.3 509.9 520 536 537.5 537.4 538.5 539.7 540.6 543.6 542.1 533.4 519.6 505.5 492.5 482.2 472.3 469.9 476.5 486.2 495.9 496 496.9 495.4 492.5 491.7 490.8 492.9 496.4 501.6 506.5 511 515 519.6 521.5 520.7 517.2 508.2 497.3 482.1 467.6 452.5 444.4
603.4 622.9 622 578.2 522.5 491.9 486.3 483.4 488.1 488.8 493.3 500.6 507.5 522.1 540.4 556.5 577.8 602.1 632.1 656.3 665.3 663.1 664.2 672.1 686.1 720.7 729.7 698.6 659.6 623.2 587.2 556.2 534.8 513.1 484.9 457.3 516.2 532.7 540.1 549.7 565.4 580.7 597 616.9 613.6 587.4 562.7 536.9 511.9 485.4 475.1 482 492.6 497.9 501 500.9 495.9 494.3 490.7 492.1 496.6 500 503.7 507.1 508.8 510.6 511.7 513.9 513.9 510.8 504.7 493.9 480.8 463.3 448.9 436.5
586 586.3 564.6 516.5 457.7 458.5 435.1 455.6 471 477.2 476.7 481.6 495.4 517.6 550.2 580.9 611.7 646 679.4 700.4 702.7 692.8 684.3 685.3 690.5 696.6 702.8 691.1 671.5 639.2 600.3 562 541.5 524.7 516.2 510.8 513.9 526.9 541.5 557 572.1 588.7 605.8 627.8 653.1 656.6 606.6 566.1 540.6 526.8 518.5 499.1 493.7 500.7 501.8 498.9 498.7 495 496.5 501.5 506.4 509.1 509.7 509.8 507.1 506 507 509.8 512.6 513.7 510.1 504.9 496.7 486.7 470.2 456.2
550.1 539.5 524.6 500 470.3 452.7 452.5 465.4 478.2 484.9 493.1 501.7 516 538.5 568 601.2 633 662.4 689.4 692.5 696.5 693.8 686.6 681.6 676.1 675.8 677.3 663.6 643.6 611.9 582.6 554.4 542.7 539.2 536.2 528.8 534.5 545 557.6 572.1 586 594.1 591.5 600.1 604.7 592.8 565 546.8 528.8 503.2 447.2 477 499.2 504.8 501.8 490.5 479.5 482 494.6 507.7 518.9 520.3 510 501.7 489.3 483.7 490.7 499.9 507.1 515 520.4 527.3 530.7 525.7 517.5 500.5
514.9 527.1 540.8 542.9 540.3 540.2 536.2 524.4 516.6 515.4 519.9 533.7 551.2 573.1 599.5 622.5 649.6 666.2 678.5 684.9 683.4 674.4 675.3 681.2 679 673.7 661.6 638.6 607.3 571 537 516.8 515.6 534.1 535.8 527.1 526.9 539.6 554.8 567.7 581 595.8 597.7 586.8 575.6 565.2 555.4 546.6 529.9 515.9 515.8 532.9 541 532.3 517.5 500.8 485.9 489.6 502.2 511.3 519.3 523.9 507.2 488 477.5 476.2 483.7 492.7 504.3 518.4 537 554.3 564.3 565.1 554.9 536.3
473.1 557.5 560.6 557.6 571 580.6 582.2 574 562 552.8 548.9 549.2 541.4 610.2 617.7 634.3 655.2 659.9 666.4 678.9 671.9 651.3 651.6 673.2 694.4 668.6 635.5 605.7 575 539.4 504.2 472.9 457.9 467.2 476.8 489.9 502.1 509 514.6 524.7 536.7 552.9 549.6 540.5 538.1 540 536.5 530.7 526.1 525 532.9 551.1 558 549.8 535.1 523.1 517.9 509.5 506 493.1 490.9 499.3 499.9 495.7 489.9 482.9 481.2 484.3 489 500.8 528 557.3 573.2 570.9 564 547.2
638.7 635.4 621.3 611.4 605.1 596.1 586 579.2 571 572.8 580 588 598.3 615.1 625.5 634.2 641.5 648.8 665.5 696.9 701.6 669.9 626.9 605.1 568.8 526.8 552 559.9 552.6 534.9 503.8 480.2 457.1 430.2 444.9 499.9 519.2 494.8 462.2 458.2 468.7 465.5 455.1 478.9 520.1 537.8 532.5 518.1 511 501.7 506.5 520.7 532.4 539.5 539.1 536.9 533.1 532.8 534.4 538.8 540.3 534.7 517.7 495.6 477.9 467.5 463.1 472 459.1 441.7 457.5 486.8 509.5 525.5 534.9 538.5
655.2 668 666.7 661.7 649.3 625.5 598.5 573.3 562.3 582.6 605.7 630.7 650.9 667.2 660.6 645.6 631.1 615.1 738.6 787.4 757.4 709.9 649.2 598.1 557.2 548 552.2 551.6 552.3 538.9 510.9 484.2 473.1 465 470.7 493.2 507.9 502.2 489.3 483.8 485.2 481.6 470.2 483.1 514 536 537.2 547.6 545.6 535.8 530.8 540.7 549 551.4 550.3 546.3 542.5 542.4 556.6 585 607.6 583.7 542.8 506.2 487.4 480.6 456.1 436 419 398.1 409 428.8 439.2 465.4 492.2 517.9
678.7 695.5 684.6 680.2 646.4 632 622.8 619.3 624.9 628.4 637.4 657.3 693.2 712.7 673 628 591 681.9 762.9 771.5 753 691 638.9 617.4 562.7 524.5 536.2 526.4 514.4 503.4 492 483.7 480.6 483.9 492 504.7 516.8 521.3 525.2 524.1 515.5 503.5 499.4 504.5 522.9 540 566.3 588.1 601.9 605.3 603.6 593.3 588.6 582.5 580.8 576.6 557.8 546.5 558.7 570.4 577.4 559.4 521.5 485 464.9 453.8 427.1 415.7 425.1 429.4 435.2 439.1 438.9 452.4 480 516.9
638 663.8 653.2 622.1 625.5 638.4 641.1 642.3 619.1 609.3 638.2 646.4 649.4 621.8 634.9 656.9 670.7 667.2 635.5 586.1 652.8 704.7 656.1 541.1 548.7 519 486 465.9 461.9 460.6 453.8 444.2 462 480.1 492.8 496.9 507.3 525 548.4 563.6 520.7 499.8 511.2 524.5 545.2 572.3 593.4 610.2 612.7 606.6 597.2 590.6 592.4 594.6 601.8 627.7 670.9 626.5 575.1 557 544.3 523.7 496 462.7 425.4 406.1 416.7 426.1 428.3 420.1 454.8 455.7 450.7 452.9 469 496.5
561.8 592.9 629.5 678.2 682.6 660.5 667.8 676.9 669.2 664.8 653.5 651.4 642.1 628.1 604.6 651.8 668.7 632 595.9 554.9 653 689.8 614.1 558.4 525.7 499.2 453.7 433.3 437.7 425.4 426.5 449.7 451.3 457.6 463.2 465.7 484.4 515.6 534.7 538.2 534.8 538.1 551 555.9 573.9 604.7 640 626.1 616.2 605.5 590.3 575.9 568.2 564.9 563.9 566.6 568.6 549.7 530.3 531.3 524.1 513.5 501.4 490 462.2 437.7 432.7 436.9 447.5 460 477.1 486.4 479 455.8 442.7 466.9
511.4 524.9 559.9 566.5 578.9 615.9 635.9 651.7 651.5 637.9 623.1 612.7 609.7 618.2 605.8 601 594.2 567.7 594.6 668.9 744.4 682.1 606 538.1 502.5 485.1 470.9 451.2 445.8 439.7 430.7 421.7 411 404.3 398.9 377.1 429.8 474.9 500.5 517.2 529.4 538.2 544.3 552.4 563 571.7 581.1 594.8 594.2 585.7 566.7 543.2 530.5 530.7 514.5 506.3 505.5 504.2 500.6 496.2 491.2 494.4 505.2 501.2 479 457.5 441.4 436 442 457.5 477.9 492.3 498.2 497.8 497.4 495.6
591.5 548.8 550.4 548.1 557.8 582.7 608.2 638.6 650.4 627.9 609.3 567.6 535.3 549.4 551.7 548.5 556.4 608 658.9 660.3 656.9 636.3 579.9 514.3 479.9 482.9 503 470.9 456.7 456.4 427 422 394.5 381 394.4 389.8 388.3 427.8 474.5 494.2 492.8 485.9 489.9 509.1 529.3 541.2 554 564.5 571.6 563.3 537.9 507.4 490.3 482.6 476.5 469.9 465 457.4 438.3 412.5 397.9 409.6 427.6 438.1 432.8 430.4 433.4 440.9 447.7 462 478.9 496.4 518 538.8 539 519.3
583.4 571.8 566.4 559.4 557.1 553.7 566.3 618.5 657.6 621.9 595 567.9 534.3 490 530.4 560.2 603 663.6 670.4 666.2 652.2 650 661.3 646.9 583.9 519.8 482 442.4 427.8 400.5 358.4 353.9 360.1 355.7 357.1 364.5 388 423.6 459.2 451.9 432.7 434.1 447.7 459.7 474.9 492.5 505.1 514.9 522 513.9 490.7 469 448.3 434.3 440 429.7 423.5 413.6 389.1 358.4 333.7 345.3 361.2 360 360.9 382.4 417.8 450.5 477.6 493 481.8 454.9 473 548.7 551.1 483.8
543.2 530.5 555.2 550.4 557.7 566.9 571.8 563.3 567.9 589.4 601.5 587.4 569.7 578.4 598.5 624.9 658.9 666.6 619.5 543.3 568.9 628.9 661.8 654.3 595 520.5 453.7 422 413 392 352.2 340.1 345.5 342.6 338.7 353.6 374.5 391.6 396 379.3 354.4 382.2 408.5 413.6 415.4 422.3 429 440.7 450.2 435.8 423.7 415.7 403.9 390.5 370 347.8 338.3 334.5 338.5 346.2 354.7 367.1 372.9 353.5 341.3 365.7 393.5 421.3 453 470.2 453.1 451.7 440.8 459.8 481.6 473.8
515.4 514.2 525.6 545.5 562.8 581.6 589.3 595.2 605 616.1 614.5 603.2 604.5 629.7 635.3 663.2 708.5 703.2 673.8 631.9 630.1 662.6 668.7 641.7 574.9 492 426.9 384.2 398.7 394.6 390.4 380.4 369.7 359.8 341.3 360.8 381.2 384.5 390.9 375.7 362.3 364.6 369.2 367 367.6 373.6 385.2 388.6 386.1 380.1 370.2 375.1 374.7 362 332.5 281.9 297.5 310.8 324.5 330.1 322.1 355.1 429.7 481.7 397.7 378.4 385.7 403.5 408.9 377.4 432.2 448 452.7 451.6 444.8 405.5
497.6 502.2 522.6 544.5 556.9 571.3 591.9 616.3 650.7 709.7 657.3 602.2 620.5 672.1 748.3 823.6 827.8 749.2 715.6 664.4 641.8 654.2 642.3 551.5 453.4 437.3 426.9 408.7 395.6 388.7 384.4 385.3 395.5 389 396.8 434.4 422 366.5 343.2 332.5 320.3 342.3 364.5 345.7 342.7 339.1 358.4 356.7 354.6 368.2 394.6 387 367.2 361.8 354.1 332.7 334.9 361.8 355.2 344.5 315.5 281.3 344.7 375 371.2 351.2 346.6 396.3 414.6 450.7 449.1 448 457.2 464.5 481 532.8
479.6 454.8 526.9 570.7 551 566.6 586.3 602.6 613.7 616.7 606.6 604.6 620.8 575.3 637.7 749.1 764.1 749.6 738.5 681.7 602.5 550.1 500.7 459.6 419.1 405.7 385.7 371.4 369.3 363.5 359.3 365.9 372.2 372.7 388.9 398.1 370.1 317.8 309.8 312.5 283.7 289.2 295.6 289.2 291.8 279.8 292.2 321.1 323.7 315.8 322.6 343.6 338.8 325 325.8 327.2 328.4 347.6 366.9 349.2 338.5 344.2 359.7 369.1 368.4 365.8 383 411.1 408.3 431.3 441.2 463.9 474 478.6 485.5 502
493 477.2 506.4 554.4 567.5 570.1 586.3 584.5 597.3 526.2 523.2 584.4 614.3 580.5 589.8 607.7 627.7 685.9 755.2 683.2 568.5 487.2 430.6 431.4 430.4 421.4 401.2 380.1 370.5 357.4 350.1 353.6 352.9 376.9 414.4 391.8 366.5 350.9 347.9 344.4 336.3 319 291.5 253.2 278.7 296.7 297.3 297.8 295.3 299.8 303.4 354.3 338.4 308.9 301.1 302.8 323.4 335.1 328.8 330.7 331.3 355.7 387.7 407.5 390.8 381.2 372 383.4 397.7 416.6 443.7 462.3 464.4 488.5 490.5 486.7
599.3 550 505.3 533.5 553.1 542.9 506.7 591.8 606 547.1 518.1 515 519.2 519.8 551 576.6 589.8 618.9 639.3 604.3 513.8 411.6 382.3 427.9 469.8 488.3 450.7 414.8 388.5 363.2 338.8 349.6 346.8 355.7 361.7 358.9 349.2 339.3 336.8 348.6 339.3 337.8 326.7 333.8 354.6 333.7 311.8 291.5 285 286.2 289.2 288.8 281.2 288.2 284.7 280 276.4 287.7 298.8 303.2 323.5 337.4 361.1 377.9 381.6 392.4 382.8 385.5 387.1 389.6 438 456.6 488.9 521.2 528.7 519.8
552.9 511.8 477.8 484 497.7 491.4 463.4 499.4 383.8 447.9 462.3 471 480.3 488.2 525.8 564.6 584.6 624.4 655 638.2 570.9 495.5 450.3 450.3 464.3 471 448.3 440.1 412.6 385.8 346.5 335.2 339.3 343.9 322.2 316.2 323.8 333.3 337.3 338.1 335.2 321.5 321.7 325.4 327.5 328.8 309.7 285.1 269.4 256.1 243.6 240.9 249.6 250.8 248 243 244.4 250.6 264 285.2 303.8 316.8 321.9 327.8 335.1 350.1 359.4 386.5 422.1 451.1 474.5 525.9 578.5 592.3 575.4 605.3
594 551 515.3 453.3 425.6 443.3 446.2 443 435.4 437.6 444 457.8 477 494.3 510.4 538.1 583.9 662.7 740.5 700.1 585.6 514 465.1 448.9 448.4 448 462.4 454 408 377.9 345.8 321.7 309.9 307.8 305.7 291.7 279.5 289.7 305.9 299.3 294.8 306.9 323 316 306.9 304.9 299.2 289.7 271.1 252.4 237.9 227.8 216.8 205.6 195.7 191.1 205.9 215.1 232.6 262.6 280.5 286.7 279.3 302 314.4 323.2 342.2 380.3 431.8 468.4 503.5 571 632.1 717.1 746.6 641
852.5 630.5 516.9 447.1 445.5 438.5 416.2 397.5 382.5 399.3 423.7 440.7 459.1 486.5 505.6 519.7 523.8 568.8 607 551.7 460.1 456.5 450.9 462.4 465.3 449.1 433.9 418 393.3 354.3 313.6 288.6 268 258.8 258 249.3 232.6 244.8 271.4 257.1 228.6 300.4 428.9 278.4 278.8 288.7 284.3 268.6 258.8 264.3 266.7 245.8 216.7 191.9 181.9 182.8 195.7 204.6 211.6 231.4 252.7 268.4 271.8 287.2 305.6 308.3 307.1 364.1 422.4 423.3 497.5 571.9 578.6 611.6 605.5 651.7
405.1 428.4 424.9 406.7 400.8 408.9 424.2 413.5 374.1 372.9 382.6 385.8 390 433.4 458.6 471.4 473.3 478.4 482.9 461.3 408 389.2 422.5 449.7 452.7 430 400.6 373.7 341.4 271.8 247.9 229.6 224.2 223.8 230.7 234.3 226.3 201.9 166.2 207.7 255.5 293.5 291.2 267.5 259.4 244.4 265.6 238.4 241.5 242.1 242.4 232.3 217.5 205.3 212.3 208.7 204.3 197.9 195.7 202.4 210.9 226.4 243.6 250.8 269.7 289.9 315.4 447 561.3 518.7 533 573.3 586.5 531.5 510.2 510.3
387.1 388.4 361.6 373.8 384.5 383.3 383.6 376.4 355.1 345 350.7 375 403.9 393.4 404.7 436 447.4 452.4 467.9 459.5 428.8 391.9 397 419.6 391.9 374.5 353 314.6 273.9 233.5 206 189.4 186.8 203.2 220.7 230.6 230.3 219.7 207.4 207.1 223.3 236.8 233.3 226.5 226.9 235 237.8 235.9 240.9 228.6 211 207.9 217.7 225.6 228.9 225.2 229.6 225.7 214.9 202.7 188.6 199 216.2 213 209.9 238.3 297.5 348.8 438.7 526 568.9 576 519.5 435.6 443.3 439.5
407.4 403.8 373 349.4 339.7 339.6 339.8 330.3 304.5 301.7 318.8 340.3 361.2 370.5 368.4 366.7 379.6 378.3 366 370.4 362.9 330.6 318.9 334.1 330.6 320.3 283.6 243.6 213.5 190.4 176.5 172.4 181.1 211.4 236.3 223.5 241.3 261.3 243.8 222 204.4 193.4 190.1 195.4 207 219 226.8 229.6 231.9 219.6 220.9 232.2 261.6 314.5 345.5 345.8 332 294.9 267.7 234.7 213.2 203.4 206.5 206 205.3 219.8 280.7 286.2 429.2 586.3 590.4 632.1 577.4 528.7 509.9 512.9
358.3 355.4 310.3 289.5 291 293.9 296.7 288.3 282.9 284.1 291.9 300 313.5 327.4 336 338.5 335.4 334.8 325.6 287.3 299.4 298.7 298.9 304.9 300.9 273.3 225.6 192.5 173.7 158.6 146.8 149.7 172.4 197.9 215.8 219.4 222.3 235.9 234.1 212.4 187.3 175.3 174.5 183.8 219.3 259.9 270.4 267.6 256.2 229.5 240.2 263.8 294.2 386.9 455.6 461.7 458.4 383.7 315.3 249.6 209.3 189.2 193.6 210 225.2 236.4 263.8 306.2 381.9 423.7 510.6 508 623.7 551.8 512.3 526.3
