datasets/global_precipitation_1950_2017/rasters/precip_1978-total.asc
NCOLS 720 
NROWS 347 
XLLCORNER -180 
YLLCORNER -90 
CELLSIZE 0.5 
NODATA_value -9999 
[rows 0 to 33 of 347, columns 228 to 303 of 720]
-9999 -9999 -9999 -9999 -9999 -9999 -9999 -9999 -9999 -9999 -9999 -9999 -9999 -9999 -9999 -9999 -9999 -9999 -9999 -9999 -9999 -9999 -9999 -9999 -9999 -9999 -9999 -9999 -9999 -9999 -9999 -9999 -9999 -9999 -9999 -9999 -9999 -9999 -9999 -9999 -9999 -9999 -9999 -9999 -9999 134.9 135 -9999 -9999 -9999 -9999 -9999 136.9 -9999 137.7 137.9 137.9 138.4 138.6 139.1 139.3 139.4 139.6 139.8 139.9 140.4 141 141.7 141.7 142.8 142.8 143.4 144.2 144.5 145 145.3
138.8 138.7 138.7 138.4 138.6 -9999 -9999 -9999 -9999 -9999 -9999 -9999 -9999 -9999 -9999 -9999 -9999 -9999 -9999 -9999 -9999 -9999 -9999 -9999 -9999 -9999 -9999 -9999 -9999 -9999 -9999 -9999 -9999 -9999 -9999 -9999 -9999 -9999 -9999 -9999 130.1 130.4 130.6 131.5 131.6 132.1 132.3 133 -9999 -9999 134 134.3 134.8 135.4 135.2 135.6 135.8 136.4 136.5 136.8 136.8 137.4 137.8 138.2 138.8 139.9 139.6 140.3 140.8 140.9 143 142.2 143.2 144.4 144.4 145
123.1 123 123.2 123.4 123.9 124.1 124.5 124.8 124.8 124.8 -9999 -9999 -9999 -9999 -9999 -9999 -9999 -9999 -9999 -9999 -9999 -9999 122.8 122.7 -9999 123.1 122.9 123.1 -9999 -9999 123.1 123.2 123.7 123.9 124.4 124.6 -9999 -9999 -9999 -9999 126.4 127.2 127.2 127.9 128.5 -9999 -9999 130.3 130.9 131.2 131.5 132.2 132.9 133 133.4 134.1 134.6 135.1 135.2 135.6 135.8 136.4 136.9 137.3 137.8 138.2 138.8 139.2 140.5 141.5 142.1 143.2 143.6 142 144.6 143.4
104.4 -9999 102.3 103.6 -9999 -9999 -9999 -9999 -9999 109.5 110.4 111.4 112.3 113.2 -9999 114.3 115 115.2 115.5 115.6 116.1 116.5 116.8 116.8 -9999 117.9 117.8 118.2 118.2 118.9 118.9 -9999 119.8 119.6 120 120.6 121 121.2 122 122.1 122.6 123.1 123.6 124.3 124.7 125.3 125.8 126.3 127.4 127.7 128.3 128.7 129.7 130 130.6 131 131.6 131.7 132.1 132.5 133.4 133.7 134.3 135 135.2 135.8 136.2 -9999 137.4 138.4 139.1 139.7 140.9 141.3 142.3 142.7
107.3 -9999 -9999 -9999 -9999 -9999 -9999 -9999 -9999 -9999 107.2 107.9 108.9 109.3 109.7 110.5 110.8 111.4 111.5 111.5 111.9 112.1 112.7 113.2 113.3 113.4 113.7 113.9 114.6 114.7 115.1 115 115.3 115.8 116.2 116.2 116.6 117.1 118.2 118.6 118.9 119.2 119.8 120.3 120.8 121.7 122 122.8 123.2 123.4 125.6 124.7 125.4 125.9 126.4 127.1 127.8 128.5 128.2 128.9 131.3 130.8 131.4 132.1 132.8 133.5 133.8 133.9 134.5 134.8 135.7 135.7 136.1 137.3 137.4 138.3
-9999 114.6 113.9 112.9 112.2 111.4 111.1 110.8 110.5 109.9 109.8 109.6 109.4 109.6 109.7 109.8 109.7 110.2 109.8 109.8 109.8 109.8 110.1 110.3 110.3 110.5 110.5 110.5 110.8 111.3 111.2 111.2 111.5 111.6 111.9 112.4 112.3 112.7 112.9 113.8 114.7 115.2 115.4 116 116.5 117.3 118.1 118.4 119.2 120.5 120.6 121.3 121.9 122.6 124 124.2 124.8 125.6 126.4 126.4 127.5 128.1 128.7 129.1 129.3 130 129.9 130.6 130.9 131.8 132.7 132.9 133.3 133.9 134.3 134.8
122 120.4 118.9 117.6 116.4 115.5 114.5 113.5 113.9 111.8 111.5 111.2 110.7 110.5 109.4 109.1 108.8 108.4 108.2 107.9 107.6 107.6 107.2 107.5 107.6 107.6 107.3 108.1 107.8 107.4 107.5 107.4 107.4 107.3 107.6 107.9 107.7 107.8 108.2 109.3 109.2 109.9 110.8 111.3 112 112.6 113.2 113.8 114.6 116 117 117.6 119.1 120.3 121 121.9 122.7 123.2 123.7 124.8 125.5 125.6 126.2 126.7 127.3 127.8 128.2 128.6 128.6 129.2 129.3 129.8 130 130.1 130.5 131.3
-9999 -9999 119.7 118.3 116.9 115.6 115.5 113.7 112.9 112.1 111.6 111.1 110.2 109.7 109.6 108.5 108 106.9 106.3 106.4 105 104.2 104.4 104.4 104.6 104.4 104.1 103.6 103.8 103.9 103.9 103.1 102.7 102.5 102.5 102.8 102.6 103.4 103.4 104 104.7 105 105.3 106 107 107.9 109.1 110.1 110.8 112.1 112.5 113.5 115 116.2 117.5 118.8 119.5 120.6 121.9 122.2 123.4 122.1 123 125.8 126.7 126.9 127.7 128.5 127.1 128 128.3 128.6 128.8 129.2 130.4 129.2
-9999 116.6 115.3 114.4 112.4 111.3 111 110.4 109.8 108.3 108.1 107.2 106.6 106.1 106 105.5 105.5 104.8 103.7 103.3 102.3 101.7 103.3 100.9 101 100.8 100.5 100.6 100.8 101.5 101.2 100.7 99.8 99.4 98.7 98.4 98 98.2 99.2 99.1 99.4 100.1 101.1 102.5 103.2 103.8 105.1 105.6 106.6 108.2 109.5 111.2 111.4 112.7 114.3 116.2 116.8 118.3 119.4 120.8 121.4 122.5 123.5 124.4 125.6 125.1 126.2 127.5 127.2 129.9 128.7 129.8 129.5 130.1 130 130
108.3 107.5 106.5 106.1 105.4 105.2 105.1 104.7 104.3 103.8 103.3 103 102.7 104.3 102.2 102.1 101.5 101.2 100.7 100.7 100.9 99.1 98.1 98.8 98.6 97.7 98.2 98.4 98.4 98.5 98.1 98.2 97.8 96.9 95.9 97.6 95.5 96.2 96.2 96.5 95.9 97 98.3 99.4 100.4 100.7 102 102.6 104 105.7 107.1 108.8 110.9 112.4 114.3 117.6 117.2 117.6 122.4 123.9 125 125.6 126.1 126.7 127.2 127.7 127.8 128.6 128 130 130.5 131.1 131.6 131.5 131.6 130.8
96.7 96.8 96.9 97.2 97.5 97.3 98.5 98.4 98.6 99.2 99.5 100.2 99.8 100.4 100.3 100.5 100.1 99.9 99.3 99.1 98.6 98.2 97.8 97.5 99.1 97.3 97.3 97.3 99.2 99.4 97.2 96.9 97.2 96.9 95.9 95.3 95.5 95 96.4 94.5 94.9 95.4 96.6 97.3 97.4 98.2 99.3 101 102.8 105.1 107 109.8 115 113.8 115.8 117.9 119.5 121.7 123.3 125.3 126.8 128 128.8 129.9 131 131.8 132.5 132.6 132.4 132.4 132.6 133.1 133.6 133.9 134 133.5
86.4 87.4 88.6 89.9 91.3 92.8 94.5 95.1 95.5 97 97.3 98.1 98.5 98.7 99.5 100.2 100.4 102 100.7 100.9 101.3 102 102.1 101.7 102.6 101.4 101.8 102 102.3 102.4 102.5 102.6 102 101.9 101.6 101.2 99.9 99.1 99.3 99.6 99 98.8 98 98.2 98.9 99.7 100.6 102.3 104.6 108.5 111 114.8 118.4 122.5 125.9 128.5 130.5 131.4 133.4 135 136.1 136.4 135.3 135.4 135.2 140.2 135.8 136.6 137.4 138.5 139.5 139.7 140.5 140.7 140.2 139.2
87.6 89.7 91.3 93.2 94.5 96 97.2 97.6 98.9 99.7 100.6 101.3 100.5 101.4 102.4 103.6 104.5 105.2 105.8 106.3 108 107.2 108 109.2 109.9 110.5 110.3 111.1 111.1 111.2 111.3 113.4 113.2 113.6 112.7 112.8 111.8 112.1 110.2 109.9 110.8 109.9 109.8 109.5 109.7 110.7 112.1 115.1 117.9 122.2 126.1 130.1 133.3 136.4 138.1 140.5 143.2 144.4 145.6 145.4 145.1 144.1 147.2 147 147.3 148 148.5 149.2 149.7 150.1 149.9 149.8 149 149.5 148.9 146.2
102.8 102.7 102.4 102.9 103.5 104.2 105.2 105 105.9 107.8 106.9 107.9 109.2 110.4 111.3 112.4 113.2 113.9 115 116.5 117.7 118.8 119.8 121.1 122.1 123.6 124.6 125.6 126 128 128.4 129.5 130.4 131.1 131.1 131.4 131.3 131.7 132.6 132.7 133.7 135.1 135.9 135.5 135.1 135.8 140.4 140.5 141.8 147 150.5 153.2 156.4 157.8 150.5 152.6 154 154.3 157.2 162.2 163.2 157.5 157.6 157.7 158.3 158.6 158.8 158.4 160 158.7 159.6 159.6 159.2 159.7 159 156.3
-9999 115.8 115.5 -9999 115.1 -9999 -9999 -9999 116.6 116.8 118 119 120.3 121.8 123.7 124.2 125.5 127.7 129.9 131.5 132.4 134 136.6 138.4 139.7 141.5 142.5 144.6 145.9 147.5 149.1 150.8 152.3 153 154.6 156.1 158.4 159.1 161.3 163.5 163.8 162.4 168 168.1 167.5 167.6 168.3 169.8 171.1 172.2 172.8 173.1 172.8 174.1 173 173.1 171.8 172.2 171.9 172.8 173.1 173.2 174.1 173 173.3 173.5 173 172.1 171.4 171 169.9 170.1 170.7 168.5 168.3 167.1
-9999 -9999 -9999 -9999 -9999 -9999 -9999 -9999 -9999 -9999 -9999 -9999 -9999 -9999 138 140.4 142.9 144.9 147.3 150.4 152.1 154.4 156.8 158.5 160.5 162.6 164.6 167.1 168.7 170.7 172 172.8 175.2 178 178.3 180.6 183.5 187 190.8 192.6 190.2 195.5 194.4 193.5 192.8 192.1 191.7 191.7 192 192.2 192.9 192.9 191.4 190.4 190.3 189.9 189.3 189.3 187.9 187.7 187.6 187.3 185.6 184.7 183.9 184.9 184.5 184.5 184 183.6 183.5 183 182.4 180.9 181.5 180.3
-9999 -9999 -9999 -9999 -9999 -9999 -9999 -9999 -9999 -9999 -9999 -9999 -9999 -9999 -9999 161.6 164.4 166.2 169.5 171.3 173.3 175.8 178.2 180.2 183.4 184.6 186.6 189.1 191.5 189.9 191.3 192.5 194.1 197.4 200.2 202.6 205.3 207.3 211.6 215 218 219.9 219.2 216.2 214.1 211.4 209.3 207.8 206.3 205.8 205.2 204.3 203.3 202.9 202.6 201.8 198.7 198.3 197.4 197.2 196.7 197.7 197 194.8 192.6 192.4 194.1 194.1 198.3 195.9 196.5 195.8 195.4 193.7 193.3 193
-9999 -9999 -9999 -9999 -9999 -9999 -9999 -9999 -9999 -9999 -9999 -9999 -9999 -9999 -9999 -9999 -9999 -9999 192 193.4 194.9 197.3 199.2 200.6 201.6 202.9 204 204.7 205.9 207.8 209.9 211.8 213.3 215.5 217.8 219.8 220.6 222.8 224.4 225.9 226.3 225.7 223.7 220.7 217 214.2 212.4 210.8 210.3 210.4 215.4 211.1 212 213 211.1 209.1 207.6 207.1 206.2 206.5 206.5 206.9 206.6 202.8 203.9 207.4 207.2 205.5 205.4 203.7 203.5 202.9 202.7 202.6 202.5 200.5
-9999 -9999 -9999 -9999 -9999 -9999 -9999 -9999 -9999 -9999 -9999 -9999 -9999 -9999 -9999 -9999 -9999 -9999 -9999 -9999 214.3 215.8 217.1 218.3 219.6 220.4 220.8 222.1 223.2 225.3 227 228.2 229.5 231.2 232.4 232.4 232.5 233.4 234 233.4 231.9 229.8 227.6 224.8 226.2 223.5 221.1 218.9 217.9 217.6 217.7 223.2 219.5 224.6 219.4 219.1 219.9 219.8 217.5 215.4 220.7 219.8 222.5 221.1 220.1 223.7 218.1 217.3 216.4 216.7 211.9 211.9 212.3 211.5 210.6 209.7
-9999 -9999 -9999 -9999 -9999 -9999 -9999 -9999 -9999 -9999 -9999 -9999 -9999 -9999 -9999 -9999 -9999 -9999 -9999 -9999 233.2 233.9 234.4 235.4 236.6 237.1 237.9 238.5 239 239.2 240.5 241.5 242.1 240.5 240.7 241.2 241.1 241.3 241.3 240.4 238.9 236.8 236.3 233 232.1 228.2 227.4 227 227.5 228.2 229.4 235.5 226.2 230.8 233.8 236.8 238.6 238.4 238.2 235.1 233.8 237.3 236.5 236.1 235.6 237.5 234.1 230.8 225.4 224.3 223.3 222.8 221.1 217.1 214.3 205
-9999 -9999 -9999 -9999 -9999 -9999 -9999 -9999 -9999 -9999 -9999 -9999 -9999 -9999 -9999 -9999 -9999 -9999 -9999 -9999 -9999 -9999 243.1 243.6 243.8 244.1 244.9 244.8 244.9 245.2 245.5 245.2 246.3 244 244.9 244.8 244.8 244.7 244.5 244.9 244.5 244.7 241.8 240.4 240 239.2 235.2 233.3 230.9 230.9 229.3 233.1 239.6 252.4 256 260.4 264.1 265.2 265.4 261.9 264.9 266.2 262.4 261.4 256.4 257.1 251.4 245 244.8 239.2 235.1 230.7 225.3 221.5 218.6 215.1
-9999 -9999 -9999 -9999 -9999 -9999 -9999 -9999 -9999 -9999 -9999 -9999 -9999 -9999 -9999 -9999 -9999 -9999 -9999 -9999 244.5 244.7 245.3 245.7 246.5 247.3 246.5 247.2 248 248.5 249 249.7 250.2 250.9 249.4 250.5 251.7 252.4 250.8 249.6 250.6 251.2 251.1 247.1 247.5 245.3 242.6 246.7 245.5 247.8 255.1 264.1 272.8 280.7 289.1 296.1 301.7 305.7 305.4 308 304.7 303.1 298 292.8 290.9 285.9 280.1 270.9 269.6 262.7 252.4 246.1 239.1 231.8 225 217.3
-9999 -9999 -9999 -9999 -9999 -9999 -9999 -9999 -9999 -9999 -9999 -9999 -9999 -9999 -9999 -9999 -9999 -9999 -9999 -9999 -9999 -9999 249.4 249.6 250.1 250.4 250.8 251.7 252.3 253.4 254.4 255.5 256.6 257.9 256.7 257.8 255.5 256.6 256 257.8 259.2 260.3 261.3 264.1 266.8 268.6 267.7 272.4 273.6 274.9 296.8 294.6 310.8 326.9 339.8 350.5 362.3 373.7 376.2 373.8 370.4 366.6 357.3 348.8 343 336.4 326.1 323.8 312.3 299.4 288.8 278.6 267.6 257.2 244.3 233.5
-9999 -9999 -9999 -9999 -9999 -9999 -9999 -9999 -9999 -9999 -9999 -9999 -9999 -9999 -9999 -9999 -9999 -9999 -9999 -9999 255 254.6 253.8 252.9 -9999 -9999 251.7 251 251.8 252.9 253.9 255.9 254.2 252.7 254.9 257.3 257.1 259 259.4 261.7 265 266 271.4 277 282.2 288.2 293.4 305.8 308.4 320.8 332.8 355.1 376.9 402.6 429.5 455.1 476 486.4 486.6 481.7 474.7 464.8 453.4 441.1 427.2 414.1 403.2 391.7 378 365.9 350.7 335.1 319.4 305.4 291.5 263.6
-9999 -9999 -9999 -9999 -9999 -9999 -9999 -9999 -9999 -9999 -9999 -9999 -9999 -9999 -9999 -9999 -9999 -9999 -9999 -9999 -9999 -9999 -9999 -9999 252.8 -9999 244.2 242.2 241.9 244.2 244.4 245.4 249.7 254.4 257.6 258.6 261.2 262.7 264.9 266.1 270.5 273.7 278.8 285.2 293.4 302.2 324.3 340.9 347.5 376.2 408.2 442.4 489.7 545.6 599.9 613.3 668.4 663 666.5 648.6 632.2 620.5 600.1 582 564 545.4 524.7 505.8 485.7 466.6 448.8 428.9 410.4 381.2 359.9 343.2
-9999 -9999 -9999 -9999 -9999 -9999 -9999 -9999 -9999 -9999 -9999 -9999 -9999 -9999 -9999 -9999 -9999 -9999 -9999 -9999 -9999 -9999 -9999 263.1 254 245 -9999 -9999 -9999 232.6 -9999 251.1 258.2 258.6 263.2 266.7 267.9 269.3 271.4 271.9 275.3 281.5 288.1 298.7 311.1 327.3 345.1 368.9 394 436.1 487.8 553.4 627.9 711.4 774 822 870.4 850.1 866.3 861.5 847.1 824.1 801.1 774.9 742.8 722.4 695.4 662.2 638.4 610.4 584.3 557.8 525.8 501.7 479 457.7
-9999 -9999 -9999 -9999 -9999 -9999 -9999 -9999 -9999 -9999 -9999 -9999 -9999 -9999 -9999 -9999 -9999 -9999 -9999 -9999 -9999 -9999 -9999 280.8 266 -9999 248.6 252.7 259 264.5 268.7 273.4 276.8 275.9 276.8 277.5 277.6 277.6 278.3 280.6 281.7 287.2 294.4 309.4 321.3 347.7 380.4 414.4 459.7 518 595.4 685.5 792.4 897.5 942.1 1012.5 1049.5 1061.6 1055.2 1036 1032.9 1007.2 989.7 967 947.6 924.9 900.3 872.3 835 799.8 761 726 693.3 656.2 625.2 595.9
-9999 -9999 -9999 -9999 -9999 -9999 -9999 -9999 -9999 -9999 -9999 -9999 -9999 -9999 -9999 -9999 -9999 -9999 -9999 -9999 -9999 -9999 358.2 350.1 337.5 320.1 306.9 303.2 -9999 302.4 -9999 297.5 292.6 290.2 288.2 285.6 284.1 283.4 283.1 282.5 284.1 287.9 297.4 310.3 325.2 357.8 402.2 462.1 530.5 611.6 711.1 817.9 927.4 1013.7 1108.9 1148.9 1193.6 1209.2 1197.5 1201.2 1193.6 1174.4 1159.2 1159.4 1139.7 1112.5 1086.4 1066.4 1039.4 1006.8 971.7 931.3 897 854.4 814.1 774.6
-9999 -9999 -9999 -9999 -9999 -9999 -9999 -9999 -9999 -9999 -9999 -9999 -9999 -9999 -9999 -9999 -9999 -9999 -9999 -9999 -9999 -9999 -9999 -9999 -9999 -9999 -9999 -9999 -9999 -9999 297.5 296.6 295.2 293.6 290.7 288.3 282.9 278.9 277 276.8 279.2 283 289.6 304.7 332.6 372.9 432.7 508.5 598.2 708.3 837.2 950.4 1024.2 1122 1200.9 1244 1285 1289.8 1309.8 1313.7 1315.6 1317 1315.3 1310.4 1283.4 1285.1 1266.2 1248.4 1223.5 1194.6 1162.3 1130.5 1081.9 1049.6 1000.2 951.4
-9999 -9999 -9999 -9999 -9999 -9999 -9999 -9999 -9999 -9999 -9999 -9999 -9999 -9999 -9999 -9999 -9999 -9999 -9999 -9999 -9999 -9999 -9999 -9999 -9999 -9999 -9999 -9999 -9999 300.5 291.8 291.4 290.2 288.3 283.6 277.8 270.8 264.2 260.8 259.6 261.1 271.4 278.5 302.1 340.6 400.3 481.1 578.2 686.5 804.9 937.7 1022 1128.4 1190.4 1243.9 1274 1312.7 1336.5 1351.3 1361 1382 1392.6 1397.5 1399.3 1397.4 1389.7 1379.7 1365.5 1344.8 1320.3 1296.2 1264 1233.8 1202.1 1167.9 1132.3
-9999 -9999 -9999 -9999 -9999 -9999 -9999 -9999 -9999 -9999 -9999 -9999 -9999 -9999 -9999 -9999 -9999 -9999 -9999 -9999 -9999 -9999 -9999 -9999 -9999 -9999 337.3 327.8 -9999 -9999 293.5 284.3 274.1 267.4 258.4 249.9 243.4 233.1 226.3 226.4 230.6 249.6 258.3 289.6 352.4 444.3 555.6 673 791.4 896.9 1017.6 1101.5 1155.4 1216.4 1272.2 1302.3 1326.5 1351 1367 1381.4 1395.7 1408.8 1419.3 1431.2 1444.4 1451.6 1453 1444.8 -9999 1407.2 -9999 -9999 -9999 -9999 -9999 -9999
285.5 288.2 285.5 -9999 -9999 -9999 -9999 -9999 -9999 -9999 -9999 -9999 -9999 -9999 -9999 -9999 -9999 -9999 -9999 -9999 -9999 -9999 -9999 -9999 -9999 353.6 -9999 -9999 301.6 -9999 255.8 230.7 214.8 201.6 198.1 192.9 189.4 192.4 186.6 189.9 196.8 206.9 252.7 305 387.6 523.6 663.5 794.7 899.9 986.7 1071.4 1137.2 1188.3 1235.2 1274.3 1301.8 1324.4 1342.7 1355.9 1369.5 1381.4 1393.8 1407.5 1421.1 1434.9 1449.2 -9999 -9999 -9999 -9999 -9999 -9999 -9999 -9999 -9999 -9999
389.9 373.7 352.6 -9999 -9999 -9999 -9999 -9999 -9999 -9999 -9999 -9999 -9999 -9999 -9999 -9999 -9999 -9999 -9999 -9999 -9999 -9999 -9999 -9999 401 -9999 363 337.9 311.8 280 206.1 119.1 111.5 121.2 134.9 149.1 156.5 156.5 158.5 166.3 174.7 196.7 252 352.5 489.6 644.2 786.9 905.6 996.8 1068.4 1119.8 1166.7 1199.5 1232.1 1257.7 1282.7 1301.9 1318.3 1332.8 1345.9 1356.3 1369.5 1382.4 1394.5 1406.8 -9999 -9999 -9999 -9999 -9999 -9999 -9999 -9999 -9999 -9999 -9999
558.5 535.2 498.4 457.3 420.8 396.4 408.8 490.5 623.5 -9999 -9999 -9999 -9999 -9999 -9999 -9999 -9999 -9999 -9999 -9999 -9999 -9999 -9999 -9999 -9999 -9999 394.5 376.4 355.7 326.6 238.2 155.7 132.1 137 145.6 163.3 162.4 166.3 158.2 172.1 176.1 216.3 305.9 457.1 619.9 776.8 912.7 1004.4 1071 1120.4 1160.6 1190.6 1210.3 1227.7 1242.5 1256.3 1270.1 1283.5 1296 1310.5 1323.9 1336.5 1350.9 1362.2 -9999 -9999 -9999 -9999 -9999 -9999 -9999 -9999 -9999 -9999 -9999 -9999
