datasets/global_precipitation_1950_2017/rasters/precip_1975-total.asc
NCOLS 720 
NROWS 347 
XLLCORNER -180 
YLLCORNER -90 
CELLSIZE 0.5 
NODATA_value -9999 
[rows 306 to 339 of 347, columns 76 to 151 of 720]
-9999 -9999 -9999 -9999 -9999 -9999 -9999 -9999 -9999 -9999 -9999 -9999 -9999 -9999 -9999 -9999 -9999 -9999 -9999 -9999 -9999 -9999 -9999 -9999 -9999 -9999 -9999 -9999 -9999 -9999 -9999 -9999 -9999 -9999 -9999 -9999 -9999 -9999 -9999 -9999 -9999 -9999 -9999 -9999 -9999 -9999 -9999 -9999 -9999 -9999 -9999 -9999 -9999 -9999 -9999 -9999 -9999 -9999 -9999 -9999 -9999 -9999 -9999 -9999 -9999 -9999 -9999 -9999 -9999 -9999 -9999 -9999 -9999 -9999 -9999 -9999
-9999 -9999 -9999 -9999 -9999 -9999 -9999 -9999 -9999 -9999 -9999 -9999 -9999 -9999 -9999 -9999 -9999 -9999 -9999 -9999 -9999 -9999 -9999 -9999 -9999 -9999 -9999 -9999 -9999 -9999 -9999 -9999 -9999 -9999 -9999 -9999 -9999 -9999 -9999 -9999 -9999 -9999 -9999 -9999 -9999 -9999 -9999 -9999 -9999 -9999 -9999 -9999 -9999 -9999 -9999 -9999 -9999 -9999 -9999 -9999 -9999 -9999 -9999 -9999 -9999 -9999 -9999 -9999 -9999 -9999 -9999 -9999 -9999 -9999 -9999 -9999
-9999 -9999 -9999 -9999 -9999 -9999 -9999 -9999 -9999 -9999 -9999 -9999 -9999 -9999 -9999 -9999 -9999 -9999 -9999 -9999 -9999 -9999 -9999 -9999 -9999 -9999 -9999 -9999 -9999 -9999 -9999 -9999 -9999 -9999 -9999 -9999 -9999 -9999 -9999 -9999 -9999 -9999 -9999 -9999 -9999 -9999 -9999 -9999 -9999 -9999 -9999 -9999 -9999 -9999 -9999 -9999 -9999 -9999 -9999 -9999 -9999 -9999 -9999 -9999 -9999 -9999 -9999 -9999 -9999 -9999 -9999 -9999 -9999 -9999 -9999 -9999
-9999 -9999 -9999 -9999 -9999 -9999 -9999 -9999 -9999 -9999 -9999 -9999 -9999 -9999 -9999 -9999 -9999 -9999 -9999 -9999 -9999 -9999 -9999 -9999 -9999 -9999 -9999 -9999 -9999 -9999 -9999 -9999 -9999 -9999 -9999 -9999 -9999 -9999 -9999 -9999 -9999 -9999 -9999 -9999 -9999 -9999 -9999 -9999 -9999 -9999 -9999 -9999 -9999 -9999 -9999 -9999 -9999 -9999 -9999 -9999 -9999 -9999 -9999 -9999 -9999 -9999 -9999 -9999 -9999 -9999 -9999 -9999 -9999 -9999 -9999 -9999
-9999 -9999 -9999 -9999 -9999 -9999 -9999 -9999 -9999 -9999 -9999 -9999 -9999 -9999 -9999 -9999 -9999 -9999 -9999 -9999 -9999 -9999 -9999 -9999 -9999 -9999 -9999 -9999 -9999 -9999 -9999 -9999 -9999 -9999 -9999 -9999 -9999 -9999 -9999 -9999 -9999 -9999 -9999 -9999 -9999 -9999 -9999 -9999 -9999 -9999 -9999 -9999 -9999 -9999 -9999 -9999 -9999 -9999 -9999 -9999 -9999 -9999 -9999 -9999 -9999 -9999 -9999 -9999 -9999 -9999 -9999 -9999 -9999 -9999 -9999 -9999
-9999 -9999 -9999 -9999 -9999 -9999 -9999 -9999 -9999 -9999 -9999 -9999 -9999 -9999 -9999 -9999 -9999 -9999 -9999 -9999 -9999 -9999 -9999 -9999 -9999 -9999 -9999 -9999 -9999 -9999 -9999 -9999 -9999 -9999 -9999 -9999 -9999 -9999 -9999 -9999 -9999 -9999 -9999 -9999 -9999 -9999 -9999 -9999 -9999 -9999 -9999 -9999 -9999 -9999 -9999 -9999 -9999 -9999 -9999 -9999 -9999 -9999 -9999 -9999 -9999 -9999 -9999 -9999 -9999 -9999 -9999 -9999 -9999 -9999 -9999 -9999
-9999 -9999 -9999 -9999 -9999 -9999 -9999 -9999 -9999 -9999 -9999 -9999 -9999 -9999 -9999 -9999 -9999 -9999 -9999 -9999 -9999 -9999 -9999 -9999 -9999 -9999 -9999 -9999 -9999 -9999 -9999 -9999 -9999 -9999 -9999 -9999 -9999 -9999 -9999 -9999 -9999 -9999 -9999 -9999 -9999 -9999 -9999 -9999 -9999 -9999 -9999 -9999 -9999 -9999 -9999 -9999 -9999 -9999 -9999 -9999 -9999 -9999 -9999 -9999 -9999 -9999 -9999 -9999 -9999 -9999 -9999 -9999 -9999 -9999 -9999 -9999
-9999 -9999 -9999 -9999 -9999 -9999 -9999 -9999 -9999 -9999 -9999 -9999 -9999 -9999 -9999 -9999 -9999 -9999 -9999 -9999 -9999 -9999 -9999 -9999 -9999 -9999 -9999 -9999 -9999 -9999 -9999 -9999 -9999 -9999 -9999 -9999 -9999 -9999 -9999 -9999 -9999 -9999 -9999 -9999 -9999 -9999 -9999 -9999 -9999 -9999 -9999 -9999 -9999 -9999 -9999 -9999 -9999 -9999 -9999 -9999 -9999 -9999 -9999 -9999 -9999 -9999 -9999 -9999 -9999 -9999 -9999 -9999 -9999 -9999 -9999 -9999
-9999 -9999 -9999 -9999 -9999 -9999 -9999 -9999 -9999 -9999 -9999 -9999 -9999 -9999 -9999 -9999 -9999 -9999 -9999 -9999 -9999 -9999 -9999 -9999 -9999 -9999 -9999 -9999 -9999 -9999 -9999 460.5 462.5 -9999 -9999 -9999 -9999 -9999 483.3 488.8 -9999 -9999 -9999 -9999 -9999 -9999 -9999 -9999 -9999 -9999 -9999 -9999 -9999 -9999 -9999 -9999 -9999 -9999 -9999 -9999 -9999 -9999 -9999 -9999 -9999 -9999 -9999 -9999 -9999 -9999 -9999 -9999 -9999 -9999 -9999 -9999
-9999 -9999 -9999 -9999 -9999 -9999 -9999 -9999 -9999 -9999 -9999 -9999 -9999 -9999 -9999 -9999 -9999 -9999 -9999 -9999 -9999 -9999 -9999 -9999 -9999 -9999 -9999 -9999 -9999 -9999 -9999 -9999 -9999 -9999 -9999 472.1 476.6 -9999 487.5 493.7 500.1 506.5 512.9 -9999 -9999 -9999 -9999 -9999 -9999 -9999 -9999 -9999 -9999 -9999 589.6 592.7 -9999 -9999 -9999 -9999 607.5 610.2 -9999 -9999 -9999 -9999 -9999 -9999 -9999 -9999 -9999 -9999 -9999 -9999 -9999 -9999
-9999 -9999 -9999 -9999 -9999 -9999 -9999 -9999 -9999 -9999 -9999 447.5 447.5 447.3 447.8 449 -9999 -9999 -9999 -9999 -9999 -9999 -9999 -9999 -9999 -9999 -9999 -9999 455.5 456.5 457.5 -9999 -9999 462.9 465.3 468.7 471.8 475.8 481.5 489.4 492.5 497.8 502.9 508 514.7 523.9 533.4 542.8 548.3 552.5 556.8 561 565.4 573.6 579.4 586.1 592.4 598.4 -9999 -9999 -9999 610.4 613.8 619 -9999 -9999 -9999 -9999 -9999 -9999 -9999 -9999 -9999 -9999 -9999 -9999
-9999 -9999 -9999 -9999 448.9 448 448.2 448.2 447.8 447.9 448.2 448.3 447.9 447.5 447.7 447.5 447 446.5 447.3 446.2 446.3 447.2 447.9 448.4 448.3 447.9 446.9 445.7 443.6 443.2 444 445 446.3 448.5 450 451.2 453.1 455.7 457.3 462 465.5 469.1 473.2 477.3 483.3 492.2 501.3 510.4 520.1 509.4 519 530.3 540.8 544.5 551.1 560 568.8 577.2 585.3 571.7 579.7 -9999 599.9 603.4 607.9 611.3 618.3 -9999 -9999 -9999 -9999 -9999 -9999 647.3 648.2 647
451.2 450.7 450.2 449.9 449.3 448.7 448.4 448.4 446.9 446.9 445.8 445.8 444.9 444.9 444.3 442.3 440.5 439.9 439.7 436.4 434.2 431 431.6 428.6 427 425.8 418.2 421.5 417 413.4 410.4 409.2 409 408.8 408.8 408 408.6 409.5 411.1 414.1 415.8 422.3 425.1 428.9 432.4 437.9 445.4 453.6 462.1 469.2 473.9 481.8 489.6 493.6 498.2 504.8 514.3 524.3 534.1 540.5 544.8 549.3 553.4 558.2 565 570.4 581.8 590 598.4 603.1 604.6 605.8 606.7 605.9 607.2 608.6
449.4 448.8 448 446.9 445.3 444.5 442.2 440.2 438.3 436.4 435.3 434.2 433.7 431.9 429.4 425.4 420.9 416.4 411.2 407.8 405.3 397.6 399.3 393.1 387.4 381.5 377 374.2 366.5 365.3 360.5 356.8 353.4 351.6 349.4 348.2 347.5 347.5 348.6 349.6 351.6 354.1 357.4 361.1 365.1 369.5 373.9 380 386.3 393.3 400.2 408.6 416.6 421.9 427.5 432.7 437.7 447 456.7 463.9 469.6 474.4 481.8 491.8 490.8 505.3 509.5 518.6 527.7 533.5 535.6 537.2 537.7 538 540.4 545.3
436.7 436.7 435.9 429.3 427.5 425.9 425.4 422 415.6 414.6 409.8 406 401.4 395.3 390.3 386.1 381.4 375.7 367.9 363.2 357.5 349.8 344.1 338.7 332.9 327.1 320.6 315 310.2 305.4 300 296.4 292.9 290.8 288.1 284.8 282.3 281 279.9 279.3 279.2 280.2 284.3 285.4 288.6 292.8 297.1 300.6 308.2 310.3 316.5 323.2 330.1 337 344 350.8 357.3 364.1 370.3 377.7 386 394.8 403.6 412.9 420.1 425.7 431 435.6 439.9 446 454.2 462.8 470.5 452.9 456.1 479.8
405.6 406 403.1 393.8 393.6 390.2 385.3 379.6 373.8 368.4 362.8 357.1 350.8 341.8 336.9 329.9 322.5 316.2 310 304.5 296.9 290.8 284.4 278.1 272 266.6 260.3 256.1 251.8 249 243.3 235.5 232.2 230.6 228.8 221.3 220.5 220.4 217 215.5 216 217.2 219 221.5 221.1 221.3 223.9 225.4 227.2 231.4 236.8 243 249.6 255.9 261.8 266.7 273.1 280.3 286.9 293.1 299.3 305.6 311.4 318 324.6 331.8 338.1 343.1 348 352.2 358.2 364.4 371 377.2 381.8 384
361.5 357.5 354.4 349.1 343.6 337.9 331.3 324.8 319.2 312.4 305.9 299.1 292.3 285.5 279.1 271.7 265 259.1 252.5 249.3 241.8 236.5 230.8 227.7 224.4 214.4 209.6 205.2 201 195.9 191.1 187.4 184.9 182.6 179.7 176.4 174.4 171.9 170.4 168 164.5 166 161.9 158 166.1 167 166.8 165 167.3 169.3 173.1 177.4 182.2 186.6 191.1 194.8 198.5 202.6 207.6 213.4 216.4 222.4 228.7 234.5 239.5 243.8 248.3 253.1 258.5 264 269.1 274 278.5 283 286.9 290.4
310.3 305.4 300.5 295.3 289.9 282.9 274.7 267.3 258.1 253.5 248.6 243.9 239.4 235.1 232 225.9 221 215.1 209.9 204.8 200.5 194.4 189.7 184.8 182.7 177.8 175 170.5 167.1 162 157.4 152.9 147.8 148.2 144 138.7 132.1 129.1 128.4 123.6 122.5 116.7 114.9 113.2 111.6 109.5 111.8 110.1 111.7 113.7 115.7 117 120.4 123.2 124.2 125.4 130.2 130.2 135.3 139.8 145.8 150.1 156.4 161.8 166.7 170.3 174.2 177.8 188 192.1 190.3 198.6 201.5 204.5 207.9 212.3
252.2 247.9 243.3 238.8 234.2 229.7 224.7 215.7 206.7 203.3 200.2 197 194.8 191.8 186.8 179.3 185.8 173.5 171.1 169 166.2 164.1 161.6 157.9 153.6 149.7 145.9 141.9 141.2 135.9 132.7 127.6 122.4 122.5 115.9 111.5 107.6 103.7 100 94.9 91.6 86.9 82.4 81.5 76.3 74 71.8 69.3 69.6 68.6 67.3 66.8 66 65.5 65.5 67.6 70.2 73.7 77.5 81.1 84 86.9 95.4 95.9 101.6 107.8 111.9 115.6 125.4 130.8 128.3 133.4 137.9 143 146.4 152.1
201.2 197.1 192.7 188.5 184.9 181.1 177.9 174.9 169.5 168.2 165.7 163.3 161.2 158.8 154.7 148.6 142.7 137.1 137.2 135.9 134.6 131.9 130.5 129.3 127.7 125.6 124 121.8 120.2 118.2 115 111.6 109 106 102 99.2 96.2 92.6 88.6 86.2 80.4 75.6 70.4 64.6 59.3 54 49.7 45.6 42.3 39.8 37.4 34.6 33.3 33.7 33.1 34.3 35.1 35.7 38.9 40.5 40.6 44 47.6 53.5 58.5 58.3 65.8 68.9 72.8 78.4 81 86 91 95.3 99.3 102.3
173.9 168.8 163.7 159.4 155.3 151.7 148.6 145.6 142.8 138.5 138.9 136.9 135.1 133.5 132 127.6 122.7 118 113.7 114.6 113.5 113.6 111.2 110.4 109.4 108.2 107.1 106.1 105.5 104.9 103.7 103.3 101.7 100.7 99.2 97.9 96.5 94.3 91.7 89 85.3 79.4 72 61.8 50.1 38.8 29.8 25.6 23.6 22.9 23.1 22.3 22.1 22.4 22.3 22.6 23.2 23.6 24.3 25.1 25.4 26.1 26.9 28.9 30.8 32.8 34.8 39.4 41.5 46 49.4 53.4 57.3 60.4 63.8 67
157.1 151.8 147 142.5 138.6 134.8 131.6 128.4 125.9 121.8 116.3 111.3 112.7 111.3 109.8 108.5 107.1 103.6 100.4 101.6 100.7 100 99.4 98.4 97.9 97.7 96.9 96.2 95.9 95.4 94.7 93.6 92.3 91.1 90 89.1 87.8 85.8 83.9 81 77.1 71.9 64.2 54.8 43.1 32.6 26.5 22.7 21.1 20.5 20.2 20.3 20.1 20.2 20.1 20.4 20.6 20.9 21.4 21.5 22.3 22.7 23.1 23.3 23.9 24.8 26.1 26.7 27.9 29.4 31.3 34.3 35.5 38.7 41.3 44.6
142 137.1 132.7 128.4 124.9 121.2 117.9 115.1 112.2 108.4 103.7 99.4 95.2 92.2 102 98.1 94.5 91.7 89.3 90.3 89.3 88.5 87.4 86.6 85.9 84.9 83.9 82.7 81.5 80.7 79.6 78.6 77.1 75.9 74.1 72.2 69.7 67.6 64.6 61.4 58.1 54.3 50.1 46 41.6 37.2 33.3 29.3 26.9 24.9 23.7 22.9 22.4 22 21.4 21.3 21.2 21.3 21 21.2 21.3 21.7 22 22.3 23 23.8 24.3 25.1 25.8 26.7 27.8 29 28.9 30.6 31.9 35.2
127.5 123.2 118.8 113.8 109.2 104.9 100.8 97.3 93.5 90.1 87.5 87.7 84.6 80.9 78.9 81.4 80.2 78.5 77.3 73.7 73 71.7 70.2 69 69.4 68.8 67.9 66.9 66 65 64.2 63 62.2 60.3 58.9 57.3 55.4 53.8 52.1 49.9 47.7 45.2 43 40.4 37.9 35.5 34 31.7 29.3 27.7 26.3 24.5 23.9 23.3 22.9 22.4 22.2 21.6 21.6 21.6 21.5 21.4 21.7 21.8 22.2 22.4 23 23.5 24 24.9 25.9 27.8 28.3 29.3 30.3 31.9
104.9 101.1 97.3 93.6 90.3 87.4 84.3 81.7 79.5 77.4 75.2 72.8 70.5 68.7 66.6 65.1 63.2 61.9 62.6 60.9 59.7 58.2 57.8 56.6 55.8 54.3 55.6 54.5 52.5 51.6 50.8 51.1 50.3 48.9 47.5 46 46 43.3 42.1 41 39.5 38.2 36.8 35.5 34 32.8 31.7 30.2 29.1 27.9 26.5 25.4 24.5 23.5 23 22.4 22.3 21.9 21.8 21.5 21.4 21.2 21.2 21.4 21.3 21.4 21.6 21.7 21.8 22.2 22.7 23.2 23.9 24.8 25.8 25.9
84.4 81.4 77.8 75 72.1 70 67.8 65.9 64.4 62.2 60.7 59.1 57.5 56 55 53.8 52.7 51.7 50.6 49.5 47.9 46.6 45.4 47.2 44.8 44.8 43.5 42.6 42.7 42.2 40.8 40.1 39.5 38.7 38 37 36 35.6 34.3 33.5 32.5 31.7 30.9 30.1 29.5 28.6 27.9 27.3 26.5 25.8 25.2 24.6 23.8 22.5 22.2 21.6 21.4 21.2 20.9 20.7 20.6 20.4 20.4 20.3 20.2 20.1 20.1 20.2 20.6 20.6 22.7 22.5 22.4 22.2 25.6 22.7
71.5 68.9 66.3 63.6 62 59.6 58 56.5 54.7 53.2 51.8 50.4 49 47.7 46.7 45.6 44.5 43.5 42.4 41.4 39.9 38.6 37.8 38.8 37.6 35.4 35.2 34 33.5 33 32.9 32.1 31.3 31.1 30.4 29.9 29.2 29.2 28 27.5 27.3 26.6 25.8 25.5 25.2 24.5 24.6 24 23.5 23 22.8 22.1 21.8 21.5 21.1 20.8 20.3 20.1 20.1 19.9 19.8 19.5 19.6 19.5 19.3 19.4 19.5 19.4 19.3 19.5 19.7 19.9 19.8 19.5 20.5 19.7
60.2 57.6 56 53.6 52 50.4 48.8 47.2 45.8 44.7 43.4 42.3 41.1 39.9 38.9 37.9 36.9 35.8 34.9 34 33 31.6 31.1 31.4 30.5 28.8 28.3 28.2 27 26.6 26.2 25.4 25 24.6 24.2 23.8 23.4 23.3 22.9 22.6 22.4 21.9 21.9 21.6 20.9 20.8 20.6 20.4 20.1 19.8 19.8 19.6 19.1 19.2 19.1 18.7 18.7 18.6 18.4 18.3 18.2 18.1 18 18.2 17.9 17.7 17.7 18 18 18 18 17.9 17.7 18.6 17.8 18
47.8 44.1 42.9 41.5 40.2 41 38 37.3 36.6 35.6 34.5 33.8 33.3 32.5 31.9 31.1 30.3 29.6 28.8 27.9 26.7 26 25.5 25.7 24.8 23.7 23.1 22.6 22.5 21.6 20.9 20.7 20.4 20 19.5 19.3 18.9 18.6 18.6 18.3 18.1 17.6 17.5 17.1 17.1 17 16.8 16.8 16.5 16.5 16.4 16.1 16 16.1 16 16 16.1 16 15.8 15.8 15.9 15.9 15.9 15.9 15.7 15.8 15.8 16.1 16.2 16.1 16.2 16.2 16.2 16.3 16.3 16.3
38 35.9 35.1 34 33 31.8 30.6 30.1 29.5 28.6 27.7 26.3 25.2 25.5 24.8 24.2 23.3 22.7 22.2 21.5 21.5 21.2 20.7 20.3 19.8 19.4 18.7 18.6 18.4 17.6 16.9 16.7 16.3 16.1 15.6 15.2 15.1 14.9 14.9 14.4 14.2 14.2 13.9 13.5 13.4 13.4 13.4 13.3 13.3 12.9 12.7 12.7 12.8 12.7 12.8 12.7 12.6 12.7 12.8 12.8 12.8 13 12.8 13 13.1 13.2 13.4 13.5 13.5 13.4 13.3 13.7 13.7 13.7 13.7 13.9
30.6 29.6 28.5 27.7 26.6 25.9 25.4 24.9 24.1 23.5 22.8 22.3 21.1 20.5 20 19.5 19.2 18.7 18.3 17.7 17.5 17.1 16.8 16.6 16 15.7 15.5 15 14.8 14.4 14 13.8 13.5 13 12.8 12.4 12.3 11.9 11.8 11.7 11.2 11.2 11.2 11 10.8 10.6 10.6 10.6 10.6 10.6 10.6 10.6 10.4 10.5 10.5 10.4 10.4 10.3 10.2 10.2 10.1 10.2 10.4 10.3 10.5 10.6 10.8 10.9 10.9 10.9 11.1 11 11.1 11.2 11.6 11.8
25.1 24.5 23.6 22.8 22.3 21.7 21.4 21.1 20.3 19.7 19.3 18.7 18.1 17.6 17.3 17.2 16.7 16.2 15.8 15.6 15.5 14.8 15 14.7 14.1 13.8 13.4 13.3 13 12.8 12.7 12.2 12 11.7 11.6 11.5 11.2 10.7 10.5 10.4 10.1 10.1 10.1 10 10.1 9.8 9.6 9.6 9.5 9.6 9.6 9.6 9.6 9.6 9.4 9.4 9.4 9.3 9.4 9.4 9.5 9.4 9.4 9.4 9.3 9.3 9.2 9.6 9.6 9.8 10 10 10 9.9 10 10
21 20.4 19.8 19.3 19 18.6 18.6 18.3 18.1 17.6 17.1 16.7 16.3 15.9 15.6 15.5 15 14.6 14.5 14.3 13.8 13.5 13.3 13.1 13.1 12.8 12.6 12.3 11.9 11.9 11.8 11.5 11.4 11.2 10.8 10.7 10.7 10.5 10.4 10.1 10.1 10 9.9 9.9 9.9 9.9 9.7 9.5 9.4 9.3 9.2 9.3 9.1 9.1 9.2 9.2 9.1 9 9 9 8.9 8.9 8.9 9 9 9.1 9 9 9 8.9 9.1 9.1 9.1 9 9.1 9.1
18.3 17.9 17.4 17.3 16.8 16.5 16.4 16.1 15.9 15.7 15.5 15.2 15.1 14.4 14.1 14 13.8 13.6 13.3 13.2 12.9 12.8 12.5 12.3 12.1 11.9 11.7 11.7 11.5 11.4 11.2 11 10.9 10.7 10.6 10.4 10.2 10.1 10 10 9.9 9.7 9.6 9.5 9.5 9.4 9.4 9.4 9.3 9.3 9.2 9.2 9.2 9.1 9 8.9 8.8 8.8 8.8 8.8 8.8 8.9 8.8 8.8 8.8 8.7 8.6 8.6 8.7 8.7 8.7 8.7 8.8 8.8 8.8 8.9
