datasets/global_precipitation_1950_2017/rasters/precip_1970-total.asc
NCOLS 720 
NROWS 347 
XLLCORNER -180 
YLLCORNER -90 
CELLSIZE 0.5 
NODATA_value -9999 
[rows 306 to 339 of 347, columns 76 to 151 of 720]
-9999 -9999 -9999 -9999 -9999 -9999 -9999 -9999 -9999 -9999 -9999 -9999 -9999 -9999 -9999 -9999 -9999 -9999 -9999 -9999 -9999 -9999 -9999 -9999 -9999 -9999 -9999 -9999 -9999 -9999 -9999 -9999 -9999 -9999 -9999 -9999 -9999 -9999 -9999 -9999 -9999 -9999 -9999 -9999 -9999 -9999 -9999 -9999 -9999 -9999 -9999 -9999 -9999 -9999 -9999 -9999 -9999 -9999 -9999 -9999 -9999 -9999 -9999 -9999 -9999 -9999 -9999 -9999 -9999 -9999 -9999 -9999 -9999 -9999 -9999 -9999
-9999 -9999 -9999 -9999 -9999 -9999 -9999 -9999 -9999 -9999 -9999 -9999 -9999 -9999 -9999 -9999 -9999 -9999 -9999 -9999 -9999 -9999 -9999 -9999 -9999 -9999 -9999 -9999 -9999 -9999 -9999 -9999 -9999 -9999 -9999 -9999 -9999 -9999 -9999 -9999 -9999 -9999 -9999 -9999 -9999 -9999 -9999 -9999 -9999 -9999 -9999 -9999 -9999 -9999 -9999 -9999 -9999 -9999 -9999 -9999 -9999 -9999 -9999 -9999 -9999 -9999 -9999 -9999 -9999 -9999 -9999 -9999 -9999 -9999 -9999 -9999
-9999 -9999 -9999 -9999 -9999 -9999 -9999 -9999 -9999 -9999 -9999 -9999 -9999 -9999 -9999 -9999 -9999 -9999 -9999 -9999 -9999 -9999 -9999 -9999 -9999 -9999 -9999 -9999 -9999 -9999 -9999 -9999 -9999 -9999 -9999 -9999 -9999 -9999 -9999 -9999 -9999 -9999 -9999 -9999 -9999 -9999 -9999 -9999 -9999 -9999 -9999 -9999 -9999 -9999 -9999 -9999 -9999 -9999 -9999 -9999 -9999 -9999 -9999 -9999 -9999 -9999 -9999 -9999 -9999 -9999 -9999 -9999 -9999 -9999 -9999 -9999
-9999 -9999 -9999 -9999 -9999 -9999 -9999 -9999 -9999 -9999 -9999 -9999 -9999 -9999 -9999 -9999 -9999 -9999 -9999 -9999 -9999 -9999 -9999 -9999 -9999 -9999 -9999 -9999 -9999 -9999 -9999 -9999 -9999 -9999 -9999 -9999 -9999 -9999 -9999 -9999 -9999 -9999 -9999 -9999 -9999 -9999 -9999 -9999 -9999 -9999 -9999 -9999 -9999 -9999 -9999 -9999 -9999 -9999 -9999 -9999 -9999 -9999 -9999 -9999 -9999 -9999 -9999 -9999 -9999 -9999 -9999 -9999 -9999 -9999 -9999 -9999
-9999 -9999 -9999 -9999 -9999 -9999 -9999 -9999 -9999 -9999 -9999 -9999 -9999 -9999 -9999 -9999 -9999 -9999 -9999 -9999 -9999 -9999 -9999 -9999 -9999 -9999 -9999 -9999 -9999 -9999 -9999 -9999 -9999 -9999 -9999 -9999 -9999 -9999 -9999 -9999 -9999 -9999 -9999 -9999 -9999 -9999 -9999 -9999 -9999 -9999 -9999 -9999 -9999 -9999 -9999 -9999 -9999 -9999 -9999 -9999 -9999 -9999 -9999 -9999 -9999 -9999 -9999 -9999 -9999 -9999 -9999 -9999 -9999 -9999 -9999 -9999
-9999 -9999 -9999 -9999 -9999 -9999 -9999 -9999 -9999 -9999 -9999 -9999 -9999 -9999 -9999 -9999 -9999 -9999 -9999 -9999 -9999 -9999 -9999 -9999 -9999 -9999 -9999 -9999 -9999 -9999 -9999 -9999 -9999 -9999 -9999 -9999 -9999 -9999 -9999 -9999 -9999 -9999 -9999 -9999 -9999 -9999 -9999 -9999 -9999 -9999 -9999 -9999 -9999 -9999 -9999 -9999 -9999 -9999 -9999 -9999 -9999 -9999 -9999 -9999 -9999 -9999 -9999 -9999 -9999 -9999 -9999 -9999 -9999 -9999 -9999 -9999
-9999 -9999 -9999 -9999 -9999 -9999 -9999 -9999 -9999 -9999 -9999 -9999 -9999 -9999 -9999 -9999 -9999 -9999 -9999 -9999 -9999 -9999 -9999 -9999 -9999 -9999 -9999 -9999 -9999 -9999 -9999 -9999 -9999 -9999 -9999 -9999 -9999 -9999 -9999 -9999 -9999 -9999 -9999 -9999 -9999 -9999 -9999 -9999 -9999 -9999 -9999 -9999 -9999 -9999 -9999 -9999 -9999 -9999 -9999 -9999 -9999 -9999 -9999 -9999 -9999 -9999 -9999 -9999 -9999 -9999 -9999 -9999 -9999 -9999 -9999 -9999
-9999 -9999 -9999 -9999 -9999 -9999 -9999 -9999 -9999 -9999 -9999 -9999 -9999 -9999 -9999 -9999 -9999 -9999 -9999 -9999 -9999 -9999 -9999 -9999 -9999 -9999 -9999 -9999 -9999 -9999 -9999 -9999 -9999 -9999 -9999 -9999 -9999 -9999 -9999 -9999 -9999 -9999 -9999 -9999 -9999 -9999 -9999 -9999 -9999 -9999 -9999 -9999 -9999 -9999 -9999 -9999 -9999 -9999 -9999 -9999 -9999 -9999 -9999 -9999 -9999 -9999 -9999 -9999 -9999 -9999 -9999 -9999 -9999 -9999 -9999 -9999
-9999 -9999 -9999 -9999 -9999 -9999 -9999 -9999 -9999 -9999 -9999 -9999 -9999 -9999 -9999 -9999 -9999 -9999 -9999 -9999 -9999 -9999 -9999 -9999 -9999 -9999 -9999 -9999 -9999 -9999 -9999 471.8 472.3 -9999 -9999 -9999 -9999 -9999 488.1 493.1 -9999 -9999 -9999 -9999 -9999 -9999 -9999 -9999 -9999 -9999 -9999 -9999 -9999 -9999 -9999 -9999 -9999 -9999 -9999 -9999 -9999 -9999 -9999 -9999 -9999 -9999 -9999 -9999 -9999 -9999 -9999 -9999 -9999 -9999 -9999 -9999
-9999 -9999 -9999 -9999 -9999 -9999 -9999 -9999 -9999 -9999 -9999 -9999 -9999 -9999 -9999 -9999 -9999 -9999 -9999 -9999 -9999 -9999 -9999 -9999 -9999 -9999 -9999 -9999 -9999 -9999 -9999 -9999 -9999 -9999 -9999 478.5 482.2 -9999 492.1 497.9 502.8 508.6 514.8 -9999 -9999 -9999 -9999 -9999 -9999 -9999 -9999 -9999 -9999 -9999 582.5 584.8 -9999 -9999 -9999 -9999 594.6 596.2 -9999 -9999 -9999 -9999 -9999 -9999 -9999 -9999 -9999 -9999 -9999 -9999 -9999 -9999
-9999 -9999 -9999 -9999 -9999 -9999 -9999 -9999 -9999 -9999 -9999 470.8 470.5 470.1 469.8 469.6 -9999 -9999 -9999 -9999 -9999 -9999 -9999 -9999 -9999 -9999 -9999 -9999 469.5 468.6 468.4 -9999 -9999 471.1 472.4 474.5 476.6 480.1 485 490.2 495 500.1 504.8 509.4 515.7 524.2 533.2 541.8 546.9 550.7 554.2 557.6 561.3 568.5 573.6 579.2 584.8 589.8 -9999 -9999 -9999 598 600.1 604.2 -9999 -9999 -9999 -9999 -9999 -9999 -9999 -9999 -9999 -9999 -9999 -9999
-9999 -9999 -9999 -9999 475 474.1 473.7 473 471.4 471.3 470.4 469.9 469.4 469.4 468 467.7 466.9 466 464.6 464.1 463.7 463.6 463.3 463 462 460.8 460.9 458.4 455.9 453.9 453.5 453.5 453.8 454.9 455.6 455.8 457.5 459 460 464.3 467.1 470.6 474.1 477.9 483.4 491.8 500.6 509.2 518.7 507.4 516.2 525.5 535.3 540.8 546.7 554.9 562.7 570 577.1 562.7 569.9 -9999 588.1 590.6 594.6 597.1 602.8 -9999 -9999 -9999 -9999 -9999 -9999 623.2 622.9 620.3
477.5 476.7 475.5 474.7 473.9 472.9 471.5 470 469 468 466.6 466.1 465 464.5 463.6 461.8 459.4 456.9 455.7 452.8 450 446.2 445.5 441.7 439 437.4 429.4 432.3 427.3 422.3 417.7 415.8 414.6 413.7 412.4 411.1 411 411.5 412.4 415 416.1 422.7 425.1 428.5 431.5 436.7 443.8 451.6 459.9 466.5 470.7 478.2 485.6 489.2 493.1 499.3 509 518 527.2 532 535.5 539 542.1 546.8 553 557.2 567.9 575.1 582.3 586.2 586.6 586.4 585.5 583.7 583.9 582.7
473.6 472.9 471.2 469.6 467.7 465.4 462.3 460 457.4 455.3 454 452.6 451.4 449.3 446.4 442 436.8 431.8 426.7 422.6 418.3 410.5 411.3 404.2 397.6 391 385.8 383 374 372.3 366.3 361.3 357.2 354.4 351.3 349.3 348.1 347.9 348.6 349.2 350.8 353.1 356.1 359.5 363.4 367.9 372.1 377.9 383.9 389.2 396 404 411.4 416.3 422.8 427.5 432.1 440.8 449.9 456.6 461.2 465.4 471.6 481.3 479.6 493.4 496.2 504.4 512.5 517.6 518.4 519.2 518.3 517.3 518.3 522
457.9 457.6 456.4 449.3 446.7 445 444 439.7 432.4 431 425.7 422 415.9 410 404.5 399.8 394.5 388.2 379.9 373.5 368.1 360.2 353.7 346.6 340.6 333.8 327 320.2 315.1 309 303.3 298.7 294.4 291.5 288.1 284.1 281.6 279.8 278.3 277.2 276.9 277 282.1 283.2 285.9 290.1 294.2 297.2 304.9 306.9 312.6 318.8 325.4 332.1 338.6 345.2 351.3 357.8 363.3 370.2 377.9 386 394 402.9 409.3 414.2 418.7 422.3 425.9 431 438.5 446 453 433.7 435.9 458.8
423.3 423.2 419.8 410.2 409.8 406.2 400.4 394.2 388 382.3 376.1 370 362.5 352.7 347.6 339.7 332 324.8 318.1 311.2 304 297 290 283 276.6 270.5 263.6 258.3 254 250 243.9 235.7 232 229.6 227.3 219.5 218.6 217.8 214 212.4 212.8 213.9 215.8 218 217.6 217.5 220.2 221.3 223.4 227.3 232.6 238.6 244.4 250.8 256.2 260.9 267.1 274 280.2 285.7 291.4 297.4 302.7 308.6 314.7 321.3 326.7 331.4 335.4 338.7 344 349.4 355 360.4 363.7 364.8
375.8 371.5 366.6 361.7 355.4 349.4 342.7 335.8 329.7 322.4 315.5 308.2 301.3 293.9 286.6 279 271.7 264.8 257 253.8 245.6 239.8 233.2 229.9 225.8 215.1 209.8 205.3 200.3 194.8 189.6 184.7 182.7 180.1 177 173.4 171.1 168.6 166.8 164 160.5 162 157.4 153.5 161.6 162.5 162.2 160.4 162.5 164.2 167.9 172.1 176.8 181.1 185.4 188.8 192.3 196 200.9 206.4 209 214.7 220 225.6 230.3 233.9 238.1 242.2 247.3 252.1 256.3 260.2 264 267.6 270.8 273.3
321.3 316.2 310.9 305.3 299.7 292.2 283.6 274.5 265.5 260.4 255.1 249.7 245.1 240.3 236.6 229.8 224.4 218.4 212.8 207 201.3 195.9 190.5 185 181.6 176.3 173.2 168.2 164.2 159.1 153.4 148.3 143.5 143.7 139.5 134.4 127.8 124.9 124.4 119.6 118.2 112.3 110.3 109.2 107.4 105.2 107.4 105.5 106.7 108.6 110.5 111.7 115 117.3 118.3 119.2 123.8 123.5 128.4 132.2 138.3 142.3 148.2 153.5 157.8 161 164.7 167.9 177.4 180.6 178.5 186 188.4 190.6 193 196.7
262 256.6 251.6 246.5 241.3 236.6 231.1 221.8 212.2 208.8 205.2 201.9 197.4 195 189.4 181.4 187.2 174.5 171.8 169.3 166.1 163.3 160.5 156.3 151.4 146.7 142.6 138 136.7 131.6 127.8 123.4 117.2 116.9 110.3 105.5 101.5 97.8 93.9 88.3 86.1 81.6 77.3 76.6 71.8 69.6 67.4 64.7 65.8 64.6 63.1 62.3 61.7 60.7 60.5 62.4 64.9 67.4 71.2 74.7 77.2 80.2 88 88.2 93.8 99.5 103.2 106.5 115.9 120.8 117.6 122.1 125.9 130.1 133 137.9
209.6 205.2 200.1 195.4 191.3 186.9 183 179.7 173.4 171.8 169 166.2 163.9 161 156.6 150.2 143.8 137.9 136.2 133.5 131.9 130.2 128.4 125.9 123.8 121.5 119 116.8 114 112.1 108.9 105.2 102.6 98.9 94.6 91.4 87.4 83.5 79.4 75.7 70.5 65.6 60.5 55.3 50.5 45.5 41.5 37.7 35.9 33 31 27.8 26.8 27.1 26.5 27.7 28.6 29.9 31.7 33.9 33.9 37.9 41.1 46.6 51 50.8 58.3 61.6 64.4 69.6 72.2 77.1 81.6 85.3 88.7 91.1
181.9 176.2 170.6 165.6 160.8 156.6 153.2 149.4 146 141.1 141.4 139 136.7 134.9 132.7 128.1 122.8 117.9 113.4 113.6 111.1 109.6 108.2 106.8 105.2 103.7 102 100.8 99.3 97 96.3 94.6 92.2 90.7 89 87 85.1 82.2 79.7 76.2 72.4 66.9 59.5 49.9 39.6 29.9 21 16.9 14.3 13.5 12.9 12.6 12.2 12.7 13 13.9 13 13.4 14.7 14.7 15.3 16.1 17.1 19.5 21.5 23.8 26.1 31.5 33.1 37.7 41.1 45.2 48.7 51.8 55 58
164.6 158.9 153.4 148.4 144 139.7 136 132.4 129.4 124.7 118.9 113.4 114.4 112.5 110.8 109 107.6 103.7 100.1 100.5 99.6 98.2 96.9 95.3 94.2 92.9 91.8 90.5 89.3 87.8 86.7 85.1 82.9 81.4 80.3 78.5 76.7 74.6 72.5 69.2 65.2 59.7 52.4 43.3 33.7 24.2 18.2 13.8 12.4 11.8 11.7 11.4 11.3 11.3 11.3 11.6 11.9 12.2 12.6 12.9 12.3 12.9 13.4 14.7 15.6 15.7 16 16.6 18.5 20.4 22.1 25.5 26.9 30.9 33.7 37.4
150.1 144.7 139.7 134.8 130.7 126.4 122.8 119.1 115.9 112 106.8 102.2 97.6 93.4 103.5 99.2 95.5 92.2 88.7 88.1 87.7 86.2 85.1 83.6 82.3 80.8 78.9 77.4 75.4 73.9 72.3 70.8 69 67.2 65.3 63.3 60.8 58.3 55.5 52.1 48.5 44.6 41 36.9 33.2 28.9 25.1 21.6 19.3 17 15.5 14.7 14.1 13.6 13.2 12.9 12.8 12.8 12.8 13.1 13.5 13.6 14.1 15.1 16.1 17.2 17.8 18.7 19.4 20.3 21.1 22.5 19.7 21.8 23.6 27
135.4 130.6 125.7 120.2 115.5 110.5 106 101.8 97.7 94 90.4 90.7 86.9 82.2 79.7 81.7 80.1 78 76.3 72 72 70.5 68.3 66.2 66.1 65.1 63.7 62.7 61.3 60.1 58.7 57.5 56 54.3 52.2 50.3 48.5 46.6 44.5 42.5 40.4 38 35.7 33.2 30.9 28.6 27.4 25.1 22.6 20.8 19.4 17.6 17 15.9 15.6 14.8 14.7 14.4 14.2 14.2 14.2 14.2 14.7 14.7 15.6 15.9 16.8 17.5 18.2 19.3 20.2 21.6 22.3 23.4 24.4 25.8
113.7 109.4 105 100.8 97.3 93.9 90.6 87.6 84.5 82 79.2 76 73.3 70.9 68.2 65.9 63.9 62 62.7 60.6 59.6 58.3 56.9 55.6 54.3 52.5 53.3 52 49.1 48.1 46.8 47.3 46 44.2 42.5 41 40.9 38 36.6 35.4 33.9 32.6 31.4 30 28.6 27.4 26.1 24.7 23.5 22.3 20.9 19.4 19 17.5 17 16.4 16.1 15.7 15.3 15.2 15.2 14.9 15 15 15 15 15.5 15.9 16 16.5 16.9 17.4 18.4 19.4 20.1 20.1
93.9 90.7 86.8 83.4 80.3 77.3 74.8 71.9 70 67.1 65.1 63.2 61.2 60 58.6 56.9 55.2 53.9 52.3 50.2 48.9 47.6 45.8 48 44.9 44 43.1 42 41.6 41 39.2 37.7 37.3 36.1 35 34.1 32.9 32.4 30.7 29.9 29 27.8 26.8 26.3 25.4 24.4 23.6 23 22.3 21.4 20.5 20 19.3 17.9 17.3 16.8 16.5 16.1 15.9 15.4 15.5 15.3 15 15 14.7 14.7 14.5 14.6 14.9 15 17.9 17.4 17.2 16.9 20.6 17.1
82.5 79.9 76.9 74 71.7 68.9 66.6 64.4 62.4 60.2 58.5 56.6 54.8 52.9 51.6 50.3 48.9 47.3 46.2 44.2 43 41.5 40.1 41.3 39.9 37 36.1 35.2 34.7 33.4 33 31.7 30.6 30.4 29.4 28.7 27.6 27.3 25.9 25.4 24.8 24 23.2 22.6 22.3 21.5 21.8 21 20.3 19.8 19.3 18.7 18.2 17.9 17.4 17 16.8 16.3 16.2 15.9 15.9 15.7 15.4 15.1 15.2 15.2 15.1 14.9 15 15.2 14.4 14.6 14.4 15.1 15.9 14.9
71.9 69.1 67.2 64.9 62.6 60.4 58.3 56.3 54.2 52.6 51.2 49.6 48.3 46.7 45.3 44 42.8 41.3 40.1 39 37.4 36.1 34.7 35.4 34.1 31.8 30.9 30.2 29.6 28.5 27.7 26.8 25.6 25.4 24.6 24 23.3 22.9 22.1 21.8 21.5 20.7 20.5 20.1 19.7 19.1 18.9 18.5 18.2 17.9 17.7 17.5 17 17 17 16.5 16.4 16.2 15.9 15.8 15.4 15.2 15.2 15.2 14.8 14.9 14.7 14.9 14.9 14.7 14.6 14.4 14 14.8 13.8 14
60.5 56.5 54.4 52.6 50.9 51.8 48 46.6 45.5 44.5 43 41.8 40.9 39.8 39 37.9 36.8 35.7 34.7 33.6 31.6 30.8 29.8 30.2 29.2 27.3 26.6 25.7 24.9 24.2 23.2 22.6 22.2 21 20.8 20.2 19.9 19.1 19.1 18.7 18.2 17.6 17.5 17.3 17.1 16.6 16.6 16.3 15.9 15.7 15.4 15.1 15 14.8 14.8 14.7 14.6 14.4 14.2 14 14 13.9 13.7 13.5 13.5 13.6 13.5 13.5 13.4 13.4 13.3 13.1 13.2 13.1 13.1 13
50.7 47.9 46.5 44.9 43.7 41.9 40.5 40 38.7 37.6 36.3 34.4 32.9 33.1 32.4 31.2 29.7 29.1 28.4 27.5 26.5 26.1 25.5 24.9 24.3 23.3 22.2 22 21.4 20.7 19.6 19.1 18.5 18.2 17.5 17 16.7 16.2 16.1 15.8 15.1 14.6 14.4 14.1 14.2 13.7 13.4 13.3 13.2 12.7 12.8 12.6 12.5 12.4 12.3 12.2 12.1 12.1 12 11.9 11.9 11.9 11.8 11.7 11.6 11.4 11.7 11.7 11.6 11.6 11.6 11.5 11.6 11.6 11.5 11.7
42.5 41.4 39.8 38.3 37.2 36 35.2 34.5 33.4 32.6 31.5 30.8 28.9 28.1 27.4 26.7 25.8 25.2 24.4 23.6 22.4 22.2 21.5 21.1 20.5 19.8 19.4 18.6 18.2 17.6 17.1 16.6 15.9 15.7 15.1 14.5 14.3 13.9 13.6 13.3 12.8 12.8 12.7 12.1 11.8 11.7 11.7 11.4 11.4 11.2 11.3 11.2 11.1 10.9 10.9 10.7 10.7 10.7 10.6 10.5 10.3 10.3 10.2 10.2 10.3 10.3 10.4 10.4 10.5 10.4 10.4 10.3 10.2 10.1 10.3 10.2
36.1 35.1 33.8 33 32 31.3 30.7 30 29.1 28.3 27.8 27 25.9 25 24.3 23.6 23.1 22.5 21.9 21.4 20.5 19.8 19.6 19.4 18.3 17.9 17.4 17 16.5 16.1 16 15.5 15.1 14.8 14.3 14 13.5 13.1 12.9 12.6 12.5 12.4 12.1 11.9 11.8 11.5 11.3 11.2 11.1 11 10.9 11 11 10.7 10.7 10.7 10.5 10.5 10.4 10.2 10.2 10.2 10.1 10 9.9 10 10 10 10 9.9 10.2 10.1 10 10.1 10.1 9.9
30.8 30.2 29.4 28.7 28.2 27.5 26.9 26.3 25.9 25.3 24.9 24.3 23.8 22.9 22.3 21.8 21.3 20.8 20.5 19.8 18.9 18.5 18.5 18 17.6 17.3 16.8 16.5 16.1 15.7 15.5 15.3 14.7 14.6 14.2 14 13.7 13.4 13.2 13.1 12.7 12.5 12.3 12.2 12 12 11.8 11.6 11.4 11.3 11.1 11.1 11 10.9 10.9 10.8 10.8 10.7 10.6 10.4 10.4 10.4 10.4 10.3 10.2 10.1 10 10.1 10 10 9.9 9.9 9.9 9.8 9.6 9.6
26.7 26.1 25.7 25 24.5 24.2 23.8 23.4 23 22.6 22.3 21.9 21.7 20.7 20.4 19.9 19.6 19.2 18.9 18.7 18.3 18 17.7 17.1 16.9 16.6 16 15.9 15.7 15.4 15.3 14.9 14.7 14.5 14.3 13.9 13.6 13.3 13 12.9 12.8 12.6 12.3 12.2 12.1 11.9 11.8 11.5 11.3 11.3 11.3 11.1 11 11 11 10.9 10.8 10.6 10.4 10.4 10.4 10.4 10.2 10.2 10.1 10.1 10 9.9 9.8 9.7 9.7 9.7 9.7 9.7 9.7 9.7
