datasets/global_precipitation_1950_2017/rasters/precip_1990-total.asc
NCOLS 720 
NROWS 347 
XLLCORNER -180 
YLLCORNER -90 
CELLSIZE 0.5 
NODATA_value -9999 
[rows 306 to 339 of 347, columns 76 to 151 of 720]
-9999 -9999 -9999 -9999 -9999 -9999 -9999 -9999 -9999 -9999 -9999 -9999 -9999 -9999 -9999 -9999 -9999 -9999 -9999 -9999 -9999 -9999 -9999 -9999 -9999 -9999 -9999 -9999 -9999 -9999 -9999 -9999 -9999 -9999 -9999 -9999 -9999 -9999 -9999 -9999 -9999 -9999 -9999 -9999 -9999 -9999 -9999 -9999 -9999 -9999 -9999 -9999 -9999 -9999 -9999 -9999 -9999 -9999 -9999 -9999 -9999 -9999 -9999 -9999 -9999 -9999 -9999 -9999 -9999 -9999 -9999 -9999 -9999 -9999 -9999 -9999
-9999 -9999 -9999 -9999 -9999 -9999 -9999 -9999 -9999 -9999 -9999 -9999 -9999 -9999 -9999 -9999 -9999 -9999 -9999 -9999 -9999 -9999 -9999 -9999 -9999 -9999 -9999 -9999 -9999 -9999 -9999 -9999 -9999 -9999 -9999 -9999 -9999 -9999 -9999 -9999 -9999 -9999 -9999 -9999 -9999 -9999 -9999 -9999 -9999 -9999 -9999 -9999 -9999 -9999 -9999 -9999 -9999 -9999 -9999 -9999 -9999 -9999 -9999 -9999 -9999 -9999 -9999 -9999 -9999 -9999 -9999 -9999 -9999 -9999 -9999 -9999
-9999 -9999 -9999 -9999 -9999 -9999 -9999 -9999 -9999 -9999 -9999 -9999 -9999 -9999 -9999 -9999 -9999 -9999 -9999 -9999 -9999 -9999 -9999 -9999 -9999 -9999 -9999 -9999 -9999 -9999 -9999 -9999 -9999 -9999 -9999 -9999 -9999 -9999 -9999 -9999 -9999 -9999 -9999 -9999 -9999 -9999 -9999 -9999 -9999 -9999 -9999 -9999 -9999 -9999 -9999 -9999 -9999 -9999 -9999 -9999 -9999 -9999 -9999 -9999 -9999 -9999 -9999 -9999 -9999 -9999 -9999 -9999 -9999 -9999 -9999 -9999
-9999 -9999 -9999 -9999 -9999 -9999 -9999 -9999 -9999 -9999 -9999 -9999 -9999 -9999 -9999 -9999 -9999 -9999 -9999 -9999 -9999 -9999 -9999 -9999 -9999 -9999 -9999 -9999 -9999 -9999 -9999 -9999 -9999 -9999 -9999 -9999 -9999 -9999 -9999 -9999 -9999 -9999 -9999 -9999 -9999 -9999 -9999 -9999 -9999 -9999 -9999 -9999 -9999 -9999 -9999 -9999 -9999 -9999 -9999 -9999 -9999 -9999 -9999 -9999 -9999 -9999 -9999 -9999 -9999 -9999 -9999 -9999 -9999 -9999 -9999 -9999
-9999 -9999 -9999 -9999 -9999 -9999 -9999 -9999 -9999 -9999 -9999 -9999 -9999 -9999 -9999 -9999 -9999 -9999 -9999 -9999 -9999 -9999 -9999 -9999 -9999 -9999 -9999 -9999 -9999 -9999 -9999 -9999 -9999 -9999 -9999 -9999 -9999 -9999 -9999 -9999 -9999 -9999 -9999 -9999 -9999 -9999 -9999 -9999 -9999 -9999 -9999 -9999 -9999 -9999 -9999 -9999 -9999 -9999 -9999 -9999 -9999 -9999 -9999 -9999 -9999 -9999 -9999 -9999 -9999 -9999 -9999 -9999 -9999 -9999 -9999 -9999
-9999 -9999 -9999 -9999 -9999 -9999 -9999 -9999 -9999 -9999 -9999 -9999 -9999 -9999 -9999 -9999 -9999 -9999 -9999 -9999 -9999 -9999 -9999 -9999 -9999 -9999 -9999 -9999 -9999 -9999 -9999 -9999 -9999 -9999 -9999 -9999 -9999 -9999 -9999 -9999 -9999 -9999 -9999 -9999 -9999 -9999 -9999 -9999 -9999 -9999 -9999 -9999 -9999 -9999 -9999 -9999 -9999 -9999 -9999 -9999 -9999 -9999 -9999 -9999 -9999 -9999 -9999 -9999 -9999 -9999 -9999 -9999 -9999 -9999 -9999 -9999
-9999 -9999 -9999 -9999 -9999 -9999 -9999 -9999 -9999 -9999 -9999 -9999 -9999 -9999 -9999 -9999 -9999 -9999 -9999 -9999 -9999 -9999 -9999 -9999 -9999 -9999 -9999 -9999 -9999 -9999 -9999 -9999 -9999 -9999 -9999 -9999 -9999 -9999 -9999 -9999 -9999 -9999 -9999 -9999 -9999 -9999 -9999 -9999 -9999 -9999 -9999 -9999 -9999 -9999 -9999 -9999 -9999 -9999 -9999 -9999 -9999 -9999 -9999 -9999 -9999 -9999 -9999 -9999 -9999 -9999 -9999 -9999 -9999 -9999 -9999 -9999
-9999 -9999 -9999 -9999 -9999 -9999 -9999 -9999 -9999 -9999 -9999 -9999 -9999 -9999 -9999 -9999 -9999 -9999 -9999 -9999 -9999 -9999 -9999 -9999 -9999 -9999 -9999 -9999 -9999 -9999 -9999 -9999 -9999 -9999 -9999 -9999 -9999 -9999 -9999 -9999 -9999 -9999 -9999 -9999 -9999 -9999 -9999 -9999 -9999 -9999 -9999 -9999 -9999 -9999 -9999 -9999 -9999 -9999 -9999 -9999 -9999 -9999 -9999 -9999 -9999 -9999 -9999 -9999 -9999 -9999 -9999 -9999 -9999 -9999 -9999 -9999
-9999 -9999 -9999 -9999 -9999 -9999 -9999 -9999 -9999 -9999 -9999 -9999 -9999 -9999 -9999 -9999 -9999 -9999 -9999 -9999 -9999 -9999 -9999 -9999 -9999 -9999 -9999 -9999 -9999 -9999 -9999 424.9 426.8 -9999 -9999 -9999 -9999 -9999 448.6 455.2 -9999 -9999 -9999 -9999 -9999 -9999 -9999 -9999 -9999 -9999 -9999 -9999 -9999 -9999 -9999 -9999 -9999 -9999 -9999 -9999 -9999 -9999 -9999 -9999 -9999 -9999 -9999 -9999 -9999 -9999 -9999 -9999 -9999 -9999 -9999 -9999
-9999 -9999 -9999 -9999 -9999 -9999 -9999 -9999 -9999 -9999 -9999 -9999 -9999 -9999 -9999 -9999 -9999 -9999 -9999 -9999 -9999 -9999 -9999 -9999 -9999 -9999 -9999 -9999 -9999 -9999 -9999 -9999 -9999 -9999 -9999 436.9 442 -9999 453.4 460.5 467.6 474.4 481.5 -9999 -9999 -9999 -9999 -9999 -9999 -9999 -9999 -9999 -9999 -9999 564.4 568 -9999 -9999 -9999 -9999 585.4 588.6 -9999 -9999 -9999 -9999 -9999 -9999 -9999 -9999 -9999 -9999 -9999 -9999 -9999 -9999
-9999 -9999 -9999 -9999 -9999 -9999 -9999 -9999 -9999 -9999 -9999 401.9 402.2 403.4 404.4 405 -9999 -9999 -9999 -9999 -9999 -9999 -9999 -9999 -9999 -9999 -9999 -9999 418.6 420.2 421.7 -9999 -9999 429.6 431.5 434.1 437.6 442.3 448.4 455.8 461.4 466.4 471.9 477.6 485.3 494.7 504.6 514.5 520.2 525 529.6 534.3 539.2 547.7 554.1 560.9 567.9 573.9 -9999 -9999 -9999 588.2 592.8 598.4 -9999 -9999 -9999 -9999 -9999 -9999 -9999 -9999 -9999 -9999 -9999 -9999
-9999 -9999 -9999 -9999 402.1 402.3 402.4 402.7 402.5 402.9 402.9 403.3 403.6 403.6 403.9 403.8 403.8 404.6 404.8 405.3 406.5 408 408.7 409.9 410.2 409.6 408.5 407.7 406.6 406.6 408 409.3 411.2 413.7 415.5 416.7 418.8 421.9 423.9 429.2 433.2 437.7 442.3 446.6 453.5 462.8 472.6 482.1 492.6 482.2 491.9 503 514 519.2 526.3 535.5 544.4 553.2 561.5 548.3 556.8 -9999 577.7 581.6 586.8 590.9 598 -9999 -9999 -9999 -9999 -9999 -9999 630 631.3 630.6
403 403.8 402.8 402.8 402.8 403.1 403.4 403.9 403.3 402.9 402.3 402.5 401.9 402 401.9 400.5 398.7 398.7 398.2 396.1 393.9 391.9 392.6 390 388.8 388.4 381.8 383.6 379.4 376.2 373.4 372.8 373.1 373.5 373.6 372.4 373.1 374.7 376.8 380.6 382.4 389.6 393.1 397.3 401.2 407.2 415.7 424.3 433.4 440.9 446.3 454.8 463 468 473 480 490.2 500.2 510.8 517.9 522.5 527.4 531.8 536.3 543.8 549.6 561.4 569.8 578.6 583.8 585.7 587.1 588.1 587.7 589.5 591.2
402.2 402.6 401.7 400.9 399.9 399.3 397.7 396 394.3 393.1 392.4 391.7 391.5 390.2 388.1 384.6 380.2 376.3 369.6 366.7 365.7 358.5 360.9 354.6 349.2 343.7 339.6 336.9 328.9 328.6 324 320.2 316.9 315.1 313.4 312.1 310.9 312 313.3 314.8 317.4 320.2 324.5 328.3 332.8 337.9 343 349.5 356.6 364.1 372.1 381.2 389.5 395.5 401.4 406.9 412.7 422.2 432.5 440.4 446.2 451.4 459 469.4 469.1 484.5 488.2 497.9 507.2 513.5 516 517.8 518.8 519.1 521.7 526.8
389 389.7 389.5 383 381.2 380.6 380.8 377.7 371.1 370.8 366.4 363.2 358.3 352.9 348.4 344.5 340.2 335.1 325.8 320.4 317.3 309.5 304.3 298.7 293.4 287.6 281.7 276.3 271.2 266.3 262.5 259 255.6 253.4 251.1 248.4 246.1 245.3 244.6 244.6 245.2 246.4 251.1 252.8 256.3 261.1 265.7 269.7 277.3 280 286.7 293.9 301.6 309 316.6 324.2 331.4 338.6 345.3 353.1 362 371.3 380.5 390.2 398.1 403.9 409.5 414.7 419.4 425.7 434.3 443.1 451.4 433.2 436.7 460.9
355.9 356.9 354.5 345.5 346.1 343.3 338.2 334.1 327.8 323.1 317.8 312.5 306.8 297.9 293.3 286.5 279.6 273.3 267.3 260.9 255.1 249.1 242.8 237.2 231.3 227 220.4 216.5 212.3 209.3 204.3 196.7 194.1 192.7 191.4 184.5 184.2 184.5 181.9 180.8 181.9 183.8 186.2 189.1 189 189.9 192.5 194.6 197.1 202.2 207.9 214.6 221.7 228.6 234.7 240.3 247.4 255.1 262.4 269 275.6 282.7 289.5 296.4 303.6 310.6 317.2 322.7 327.9 332.4 339.1 344.5 351.3 357.6 361.9 364.2
309.9 306.5 304.1 299.1 293.9 288.7 282.4 276.4 271.1 264.8 258.6 252.4 246.2 240 233.9 227.3 221.7 216.1 209 206.4 200.2 194.7 188.9 186.2 183 173.4 169.6 165.3 162.2 157.1 152.4 148.8 147.9 145.5 143.2 140.4 139.2 137.4 136.7 134.2 131.4 133.5 129.7 126.2 134.6 136 136.3 134.9 137.7 139.6 144 148.8 153.8 159.1 163.8 168.1 172.2 177 182.6 189.6 193.1 199.6 206.1 212.4 218.3 222.8 227.8 233.1 238.9 244.5 250 254.8 259.6 264 268.3 271.6
259.9 255.2 250.5 245.5 240.3 233.9 226 219 210 206 201.5 197.1 194.4 189.4 187.6 181.2 176.9 171.6 166.9 161.9 157.6 152 147.9 143.3 142.7 137.7 135.5 131.4 128.4 124.2 120.2 116.1 110.9 111.9 108.2 103.8 98 96.5 95.5 91.6 90.6 85.3 83.9 82.8 81.4 79.7 82.1 80.7 82.6 84.9 87.3 88.8 92.7 95.7 97.2 98.7 104.6 105.1 111 115.4 122.2 127.1 133.7 139.9 145 148.9 153.4 157.5 167.6 171.9 170.5 178.8 182.2 185 188.5 192.8
205 200.2 194.6 190.1 185.9 182 177 168.8 160.2 157.4 154.6 151.9 149.8 147.4 142.9 136.1 142.6 130.9 129.3 128.2 125.2 123.3 121.6 118.2 114 110.5 107.4 104 103.6 100 96.9 92.9 87.6 88.1 81.8 77.6 74.5 71.1 67.8 63.5 60.1 56.1 52.6 52.8 46.9 45.1 43.3 40.8 42.5 41.5 40.5 40.8 40.4 39.6 39.8 42 45 48.6 52.8 56.9 60.5 64.2 73.1 73.5 79.9 86.3 91 95.2 105.2 110.8 108.4 113.3 118 123 126.7 132.1
156.1 152.1 147.5 143.8 139.9 136.4 133.4 130.4 125.7 124.6 122.2 120 118.4 117 113.5 107.9 102.3 97.3 97.5 97.2 95.7 94.4 93.4 91.3 90.5 89 87.9 86.2 84.6 82.5 79.9 77.2 75.3 72.9 68.8 66.4 62.8 59.2 55.3 52 46.9 42.5 37.9 33.2 28.8 24.2 20.9 17.9 15.9 14.1 13.4 10.5 9.6 11.1 10.8 12.4 13.3 14.6 18.9 21.4 21.9 25.3 28.3 33.5 37.8 38.2 44.7 48.2 52.3 58.3 61 66.4 71.5 75.8 80 83
130.6 125.6 121.1 116.4 112.3 109 106.2 103.4 100.9 96.7 97 95.6 94 93.4 91.8 87.6 83.6 79.4 75.6 76.8 76.3 75.5 74.6 74.1 73.3 72.9 72.6 71.1 71 70.5 69.7 68.6 67.3 66 64.8 63.6 62.2 59.8 57.6 54.8 51.1 45.9 39.5 29.7 19.6 11.3 5.3 3.8 3.3 3.2 3 3.3 3.3 3.7 4.1 4.7 5.5 6 7.1 8 8.6 9.3 10.4 12 13.9 16.2 18.4 22.8 24.6 28.2 31 34.4 38 40.8 44.4 47.4
115.1 109.8 104.8 101.1 97.2 93.2 90.3 87.3 84.8 81.3 76.4 71.7 73.6 72.6 71.4 70.6 69.7 66.7 64 65.3 64.5 63.9 63.3 62.5 61.9 61.1 60.7 60.4 59.6 59.2 58.7 57.7 56.7 55.9 54.9 55 54.7 51.6 49.9 46.1 43.7 38.2 31.5 22.9 14.4 7.6 5.1 3 2.6 2.4 2.5 2.4 2.4 2.6 2.7 2.9 3.2 3.7 4.2 5 5.7 6 6.9 7.4 8.1 9 9.6 10.5 11.5 13.2 15 18.3 19.5 23.2 25.4 28.3
99.4 94.9 90.4 86 82.7 79.2 78 75.2 72.7 69.4 65.4 61.4 57.5 53.9 64.9 61.4 58.2 55.4 52.6 54 53 52.3 51.3 50.8 50.1 48.7 47.7 46.6 45 44 43 41.9 41.2 39.9 38.4 36.7 34.6 32.8 30.3 27.3 24.4 21.7 18.6 15.4 13.8 10 7.8 6.7 5.7 4 3.5 3.4 3.2 2.9 2.9 2.9 2.8 2.9 3.2 4 3.6 4.1 4.6 5.2 5.9 6.5 7 7.6 8.1 8.7 9.5 10.7 11.8 13.3 15.2 18.1
86.3 82 77.6 73 68.7 64.5 61 57.5 54.1 51.1 48.5 49.5 46 43.5 41.3 44 43.3 41.8 40.7 37.5 36.3 35.6 33.8 32.5 32.8 32.4 31.5 30.8 30 29.1 28.4 27.3 26.8 25.5 24.1 23 21.6 20.5 19.2 17.5 16 14.5 13.1 11.5 9.7 8.6 7.7 6.7 6 5.3 4.9 3.3 3.3 3 2.9 2.7 2.6 2.5 2.3 2.8 2.9 3.4 3.1 3.6 4.1 4.4 4.9 5.4 5.9 6.5 7.3 8.3 9.4 10.1 11.2 12.8
65.5 61.5 57.6 54.4 51.1 48.4 45.9 43.6 41 38.9 36.9 34.6 32.5 30.7 28.8 27 25.5 24.1 25.1 23.9 22.5 21.9 22.9 22 21 20 21 20.3 18.2 17.8 17.1 17.4 16.9 15.8 14.7 13.9 13.8 12.2 11.3 10.2 9.4 8.7 8 6.9 6.3 6 5.5 5.1 4.9 4.4 4 3.5 2.8 2.5 2.4 2.4 2.3 2.1 2 1.9 2 2.5 2 2.1 2.4 2.7 3.1 3.6 3.7 4.1 4.7 4.8 5.5 6.3 7 7.3
46.1 43.6 40.1 37.5 34.7 32.2 30.4 28.1 26.5 24.5 23.2 21.8 20.3 18.9 18.1 17.5 16.6 16.1 15.2 14.4 13.5 12.9 11.7 13.6 12 11.8 11.3 10.7 10.7 10.4 9.5 9.1 9.1 9.1 8.2 7.6 7 6.7 5.7 5.3 5 4.8 4.4 4.3 4.1 4 3.8 3.5 3.3 3.2 3.1 2.9 2.4 2 1.9 1.7 1.5 1.6 1.5 1.3 1.2 1.3 1.3 1.3 1.3 1.5 1.7 1.8 2.1 2.4 3.8 4.1 4.3 5 7.3 5
35.6 33.4 31.1 28.9 27.1 24.9 23 21.4 19.7 18.3 16.8 15.5 14.7 13.7 13 12.2 11.6 10.7 10.1 9.7 9.2 8.3 7.8 8.9 8.2 7.3 6.8 6.5 6.3 5.8 5.6 5.1 4.9 4.7 4.5 4.2 3.9 3.8 3.4 3.3 3.3 3.1 3 3 2.7 2.6 2.7 2.6 2.4 2.3 2.3 2 2 1.9 1.9 1.9 1.8 1.8 1.7 1.7 1.6 1.6 1.6 1.6 1.5 1.6 1.7 1.8 1.9 2.1 2.2 2.3 2.3 2.4 3.1 2.6
27.6 25.1 23.6 21.5 20 18.2 16.7 15.1 14.1 12.7 11.9 11 10.2 9.6 9 8.4 8 7.7 7 6.7 6.1 5.7 5 5.5 5.1 4.3 4 3.8 3.7 3.5 3.3 3.2 2.8 2.7 2.6 2.6 2.5 2.5 2.3 2.3 2.3 2.2 2.2 2.2 2.1 2.1 2.1 2 2 1.9 1.9 1.9 1.8 1.8 1.8 1.8 1.8 1.7 1.7 1.7 1.6 1.6 1.6 1.6 1.6 1.6 1.6 1.6 1.6 1.6 1.6 1.5 1.5 2 1.6 1.9
18.9 15.2 14 12.7 11.5 12.4 9.7 9.3 8.9 8.3 7.6 7.1 6.9 6.4 6.2 5.7 5.4 5 4.7 4.3 4 3.8 3.4 3.6 3.4 2.9 2.9 2.6 2.5 2.4 2.3 2.2 2.2 2 2 1.9 1.9 1.8 1.9 1.8 1.7 1.7 1.7 1.6 1.6 1.6 1.6 1.6 1.5 1.5 1.5 1.4 1.4 1.4 1.4 1.4 1.4 1.4 1.4 1.4 1.4 1.3 1.3 1.3 1.3 1.3 1.3 1.3 1.3 1.3 1.3 1.2 1.3 1.3 1.3 1.3
12.9 11 10 9.2 8.4 7.6 6.9 6.8 6.1 5.7 5.3 4.5 4 4.2 3.7 3.5 3.2 3 3 2.9 2.8 2.6 2.5 2.3 2.2 2.1 2 2 1.9 1.8 1.7 1.7 1.6 1.6 1.5 1.4 1.3 1.3 1.3 1.3 1.2 1.2 1.2 1.1 1.1 1.1 1 1 1 1 1 1 1 1 1 0.9 0.9 0.9 0.9 0.9 0.9 0.9 0.9 0.9 0.9 0.9 0.9 0.9 0.9 0.9 0.9 0.9 0.9 0.9 0.9 1
9.7 8.8 7.5 6.8 6.3 5.6 5.4 4.8 4.5 4.2 3.8 3.6 3 2.8 2.7 2.6 2.3 2.2 2.1 2 2 1.9 1.8 1.7 1.6 1.5 1.5 1.4 1.4 1.3 1.3 1.2 1.2 1.2 1.1 1.1 1 1 0.9 0.9 0.8 0.8 0.8 0.8 0.7 0.7 0.7 0.6 0.6 0.6 0.6 0.6 0.6 0.6 0.6 0.6 0.6 0.6 0.6 0.6 0.6 0.5 0.5 0.5 0.5 0.6 0.6 0.6 0.6 0.6 0.6 0.6 0.6 0.5 0.6 0.6
6.9 6.4 5.6 5.2 4.7 4.3 4.2 3.8 3.5 3.2 3 2.7 2.4 2.2 2.1 1.9 1.9 1.8 1.7 1.7 1.6 1.5 1.5 1.5 1.4 1.3 1.2 1.1 1.1 1 1 1 1 0.9 0.9 0.8 0.8 0.8 0.8 0.7 0.7 0.7 0.7 0.6 0.6 0.6 0.5 0.5 0.5 0.5 0.5 0.5 0.5 0.5 0.5 0.4 0.4 0.4 0.4 0.4 0.4 0.4 0.4 0.4 0.4 0.4 0.4 0.5 0.5 0.5 0.4 0.4 0.4 0.4 0.4 0.4
5.4 5.1 4.7 4.2 4.1 3.7 3.4 3 3 2.9 2.7 2.4 2.3 1.9 1.8 1.6 1.6 1.5 1.5 1.4 1.4 1.3 1.3 1.2 1.2 1.2 1.1 1.1 1.1 1 1 1 0.8 0.8 0.9 0.9 0.8 0.8 0.8 0.7 0.7 0.6 0.6 0.6 0.6 0.6 0.6 0.5 0.5 0.5 0.5 0.5 0.4 0.4 0.4 0.4 0.4 0.4 0.4 0.4 0.4 0.4 0.4 0.4 0.4 0.4 0.4 0.4 0.3 0.3 0.3 0.3 0.3 0.3 0.3 0.3
4.5 4.2 4 3.8 3.5 3.2 3 2.9 2.8 2.5 2.5 2.3 2.3 1.9 1.8 1.6 1.6 1.4 1.4 1.4 1.3 1.3 1.3 1.2 1.2 1.1 1 1 1 0.9 0.9 0.9 0.9 0.9 0.8 0.8 0.8 0.8 0.7 0.7 0.7 0.7 0.6 0.6 0.6 0.6 0.6 0.5 0.5 0.5 0.5 0.4 0.4 0.4 0.4 0.4 0.4 0.4 0.4 0.4 0.4 0.4 0.4 0.4 0.4 0.4 0.4 0.3 0.3 0.3 0.3 0.3 0.3 0.3 0.3 0.3
