datasets/global_precipitation_1950_2017/rasters/precip_2006-total.asc
NCOLS 720 
NROWS 347 
XLLCORNER -180 
YLLCORNER -90 
CELLSIZE 0.5 
NODATA_value -9999 
[rows 306 to 339 of 347, columns 76 to 151 of 720]
-9999 -9999 -9999 -9999 -9999 -9999 -9999 -9999 -9999 -9999 -9999 -9999 -9999 -9999 -9999 -9999 -9999 -9999 -9999 -9999 -9999 -9999 -9999 -9999 -9999 -9999 -9999 -9999 -9999 -9999 -9999 -9999 -9999 -9999 -9999 -9999 -9999 -9999 -9999 -9999 -9999 -9999 -9999 -9999 -9999 -9999 -9999 -9999 -9999 -9999 -9999 -9999 -9999 -9999 -9999 -9999 -9999 -9999 -9999 -9999 -9999 -9999 -9999 -9999 -9999 -9999 -9999 -9999 -9999 -9999 -9999 -9999 -9999 -9999 -9999 -9999
-9999 -9999 -9999 -9999 -9999 -9999 -9999 -9999 -9999 -9999 -9999 -9999 -9999 -9999 -9999 -9999 -9999 -9999 -9999 -9999 -9999 -9999 -9999 -9999 -9999 -9999 -9999 -9999 -9999 -9999 -9999 -9999 -9999 -9999 -9999 -9999 -9999 -9999 -9999 -9999 -9999 -9999 -9999 -9999 -9999 -9999 -9999 -9999 -9999 -9999 -9999 -9999 -9999 -9999 -9999 -9999 -9999 -9999 -9999 -9999 -9999 -9999 -9999 -9999 -9999 -9999 -9999 -9999 -9999 -9999 -9999 -9999 -9999 -9999 -9999 -9999
-9999 -9999 -9999 -9999 -9999 -9999 -9999 -9999 -9999 -9999 -9999 -9999 -9999 -9999 -9999 -9999 -9999 -9999 -9999 -9999 -9999 -9999 -9999 -9999 -9999 -9999 -9999 -9999 -9999 -9999 -9999 -9999 -9999 -9999 -9999 -9999 -9999 -9999 -9999 -9999 -9999 -9999 -9999 -9999 -9999 -9999 -9999 -9999 -9999 -9999 -9999 -9999 -9999 -9999 -9999 -9999 -9999 -9999 -9999 -9999 -9999 -9999 -9999 -9999 -9999 -9999 -9999 -9999 -9999 -9999 -9999 -9999 -9999 -9999 -9999 -9999
-9999 -9999 -9999 -9999 -9999 -9999 -9999 -9999 -9999 -9999 -9999 -9999 -9999 -9999 -9999 -9999 -9999 -9999 -9999 -9999 -9999 -9999 -9999 -9999 -9999 -9999 -9999 -9999 -9999 -9999 -9999 -9999 -9999 -9999 -9999 -9999 -9999 -9999 -9999 -9999 -9999 -9999 -9999 -9999 -9999 -9999 -9999 -9999 -9999 -9999 -9999 -9999 -9999 -9999 -9999 -9999 -9999 -9999 -9999 -9999 -9999 -9999 -9999 -9999 -9999 -9999 -9999 -9999 -9999 -9999 -9999 -9999 -9999 -9999 -9999 -9999
-9999 -9999 -9999 -9999 -9999 -9999 -9999 -9999 -9999 -9999 -9999 -9999 -9999 -9999 -9999 -9999 -9999 -9999 -9999 -9999 -9999 -9999 -9999 -9999 -9999 -9999 -9999 -9999 -9999 -9999 -9999 -9999 -9999 -9999 -9999 -9999 -9999 -9999 -9999 -9999 -9999 -9999 -9999 -9999 -9999 -9999 -9999 -9999 -9999 -9999 -9999 -9999 -9999 -9999 -9999 -9999 -9999 -9999 -9999 -9999 -9999 -9999 -9999 -9999 -9999 -9999 -9999 -9999 -9999 -9999 -9999 -9999 -9999 -9999 -9999 -9999
-9999 -9999 -9999 -9999 -9999 -9999 -9999 -9999 -9999 -9999 -9999 -9999 -9999 -9999 -9999 -9999 -9999 -9999 -9999 -9999 -9999 -9999 -9999 -9999 -9999 -9999 -9999 -9999 -9999 -9999 -9999 -9999 -9999 -9999 -9999 -9999 -9999 -9999 -9999 -9999 -9999 -9999 -9999 -9999 -9999 -9999 -9999 -9999 -9999 -9999 -9999 -9999 -9999 -9999 -9999 -9999 -9999 -9999 -9999 -9999 -9999 -9999 -9999 -9999 -9999 -9999 -9999 -9999 -9999 -9999 -9999 -9999 -9999 -9999 -9999 -9999
-9999 -9999 -9999 -9999 -9999 -9999 -9999 -9999 -9999 -9999 -9999 -9999 -9999 -9999 -9999 -9999 -9999 -9999 -9999 -9999 -9999 -9999 -9999 -9999 -9999 -9999 -9999 -9999 -9999 -9999 -9999 -9999 -9999 -9999 -9999 -9999 -9999 -9999 -9999 -9999 -9999 -9999 -9999 -9999 -9999 -9999 -9999 -9999 -9999 -9999 -9999 -9999 -9999 -9999 -9999 -9999 -9999 -9999 -9999 -9999 -9999 -9999 -9999 -9999 -9999 -9999 -9999 -9999 -9999 -9999 -9999 -9999 -9999 -9999 -9999 -9999
-9999 -9999 -9999 -9999 -9999 -9999 -9999 -9999 -9999 -9999 -9999 -9999 -9999 -9999 -9999 -9999 -9999 -9999 -9999 -9999 -9999 -9999 -9999 -9999 -9999 -9999 -9999 -9999 -9999 -9999 -9999 -9999 -9999 -9999 -9999 -9999 -9999 -9999 -9999 -9999 -9999 -9999 -9999 -9999 -9999 -9999 -9999 -9999 -9999 -9999 -9999 -9999 -9999 -9999 -9999 -9999 -9999 -9999 -9999 -9999 -9999 -9999 -9999 -9999 -9999 -9999 -9999 -9999 -9999 -9999 -9999 -9999 -9999 -9999 -9999 -9999
-9999 -9999 -9999 -9999 -9999 -9999 -9999 -9999 -9999 -9999 -9999 -9999 -9999 -9999 -9999 -9999 -9999 -9999 -9999 -9999 -9999 -9999 -9999 -9999 -9999 -9999 -9999 -9999 -9999 -9999 -9999 553.4 555.7 -9999 -9999 -9999 -9999 -9999 579.8 586.1 -9999 -9999 -9999 -9999 -9999 -9999 -9999 -9999 -9999 -9999 -9999 -9999 -9999 -9999 -9999 -9999 -9999 -9999 -9999 -9999 -9999 -9999 -9999 -9999 -9999 -9999 -9999 -9999 -9999 -9999 -9999 -9999 -9999 -9999 -9999 -9999
-9999 -9999 -9999 -9999 -9999 -9999 -9999 -9999 -9999 -9999 -9999 -9999 -9999 -9999 -9999 -9999 -9999 -9999 -9999 -9999 -9999 -9999 -9999 -9999 -9999 -9999 -9999 -9999 -9999 -9999 -9999 -9999 -9999 -9999 -9999 566 571.1 -9999 582.3 589.8 596.5 603.2 610.4 -9999 -9999 -9999 -9999 -9999 -9999 -9999 -9999 -9999 -9999 -9999 690.4 693.6 -9999 -9999 -9999 -9999 709.5 712.3 -9999 -9999 -9999 -9999 -9999 -9999 -9999 -9999 -9999 -9999 -9999 -9999 -9999 -9999
-9999 -9999 -9999 -9999 -9999 -9999 -9999 -9999 -9999 -9999 -9999 512.4 512.8 514.5 515.8 517.6 -9999 -9999 -9999 -9999 -9999 -9999 -9999 -9999 -9999 -9999 -9999 -9999 540.1 541.8 543.9 -9999 -9999 552.3 556.2 560 564.3 568.9 575.3 581.6 587.5 593.1 598.7 606 613.8 623.1 632.1 641.6 648.3 652.6 657 661.2 665.7 674 680 686.6 692.9 698.7 -9999 -9999 -9999 710.9 714.4 719.8 -9999 -9999 -9999 -9999 -9999 -9999 -9999 -9999 -9999 -9999 -9999 -9999
-9999 -9999 -9999 -9999 506.6 506.9 507.8 508.1 508.5 509.5 510.3 510.9 511.4 512.6 513.8 514.8 514.8 516 517 517.8 519.6 521.7 523.3 525 525.9 526.4 526.2 525.6 525.2 525.3 527 528.9 531.3 534.7 537.6 539.8 542.8 545.8 548.3 553.9 556.9 562 566.6 571.2 578.3 587 598.3 607.8 618.1 607.6 617.1 627.3 638 643.5 650.6 659.7 668.4 676.8 684.6 671.3 679.5 -9999 699.6 703.2 708 711.6 718.6 -9999 -9999 -9999 -9999 -9999 -9999 747.9 747.3 746.3
503.6 504.4 504.7 505.3 505.4 505.7 506.2 506.5 506.5 506.8 506.3 506.8 506.6 507.5 508.3 507.7 506.5 506.9 506.9 505.8 504.4 502.5 504.1 502 501.2 501.2 495 498 495 491.9 489.2 489.4 490.4 491.7 492.4 492.7 494 495.9 498.2 502.2 504.5 511.8 515.5 519.9 523.9 529.2 537.8 546.3 555.3 563.5 569.2 577.8 585.7 590.4 595.2 602 612.2 622.3 632.3 639.4 643.7 648.5 652.6 656.8 663.9 669.6 681.2 689.4 697.9 702.9 704.7 706.1 706.7 705.9 707.5 707.2
500.2 501 501.8 501.7 501 499.4 497.7 496.6 495.3 494.3 493.8 493.8 493.5 493 490.8 488 484 480.7 476.6 474.3 472.7 465.7 468.3 463.2 458 453 449.6 447.4 440 440 435.6 432.6 430.6 429.9 428.9 428.6 428.9 429.7 431.7 433.6 436.3 439.6 443.5 447.9 452.6 457.7 462.9 469.4 476.5 483.8 491.9 500.3 509.9 515.6 521.5 526.8 532.7 542.1 552.1 559.5 565.6 569 576 586.5 585.7 600.7 604.5 613.7 622.9 629.2 631.7 633.3 634.3 634.8 637 641.9
485 485.8 485.8 479.8 478.9 477.9 479 476.3 470.4 470.7 466.3 463.9 459.7 454.9 450.1 446.8 442.8 438 431.3 426.6 423.4 415.6 410.6 405.8 400.6 395.1 388.9 386.2 381.8 377.2 373.1 370.3 367.7 366.1 364.7 362.2 360.7 360.2 359.6 359.7 360.7 362.1 367 368.9 372.3 377.1 382.1 386.3 394.6 397.5 404.3 411.4 419 426.5 433.8 441.3 446.8 454.9 460.7 468.6 477.4 486.5 495.2 505.2 512.7 518.4 523.8 528.6 532.9 539.3 547.8 556.2 564.1 546.4 549.6 574.5
450.2 451.6 449.7 441.2 442.3 440.1 436 431.1 426.3 422 416.4 412.3 406.8 398.8 394.7 388.1 381.7 375.2 369.6 364.2 358.5 353.1 347.8 342.5 337.4 333 327.4 324 320.6 318.2 313.1 305.6 303.3 303 302.4 293.9 296.4 296.9 294.3 293.8 295 296.9 299.8 302.6 302.8 303.8 307 309.1 311.7 316.3 322.5 329.2 336.3 343.1 349.1 354.6 362 369 376 382.6 389.1 394 401.1 407.9 414.6 423.2 428.2 433.6 438.7 443.3 449.1 455.5 461.9 468.6 473 475.4
403.4 400.7 397.7 393.6 389 384.3 378.4 373 368.1 361.3 356.5 350.9 344.9 339.1 333.5 327.1 321.4 315.8 309.5 307.2 300.5 296.9 290.4 288.5 285.9 276.6 273.1 269.7 266.5 262.4 257.6 254.3 253.4 252.1 249.6 247.3 246.3 244.6 244.1 242.7 240.1 242.5 239.6 236.6 245.5 247.4 247.9 246.7 247 252.2 256.6 261.9 267.2 272.5 277.4 281.6 285.7 290.4 296 302.8 306.9 312.7 319.1 325.4 330.7 335.6 337.8 344.3 349.6 355 359.9 364.5 368.7 373.4 377.5 381.7
350 346.2 342.2 338.3 334 328 320.5 313.1 303.7 301.1 297.2 293.1 289.3 285.7 283.2 278.9 274 269.3 265.1 260.5 256.3 251.9 247.3 243.1 241.6 237.2 235.4 231.8 229.4 225.6 221.8 217.6 213.4 214.8 211.4 207.2 201.1 199.5 199.2 195.4 194.8 189.9 189 188.5 187.2 186.1 189.3 188.2 191 193.6 196.5 198.8 203.2 206.1 208.1 209.8 216.3 217.1 222.9 227.9 234.5 239.6 246.5 252.6 257.7 262.2 266.3 270.3 280.4 285 279.8 284.3 290.8 293.3 296.4 304
290.6 287 283.2 279.8 275.9 272.4 267.2 260.2 251.6 249.5 247.2 244.9 242.7 240.6 236 229.3 236.6 226.1 223.7 222.5 220.8 219.1 217.6 214.4 211.1 207.4 203.8 200.4 200.5 196.3 194 190.4 185.7 187 181.2 177.4 174.1 171.3 168.1 163.9 161.1 157.5 154.2 154.1 149.3 148 146.6 144.6 146.7 146.3 145.8 145.9 146.3 146.8 147.2 150.1 153.4 157.8 162.3 166.6 170.3 174.1 183.1 183.9 190.4 197 201.9 206 216 221.9 219.6 224.3 229.4 234.5 238.6 244.5
237.9 234.6 231.2 227.9 225.3 221.4 219.7 217.7 213 212.7 210.9 209.5 208.2 207 203.6 198.1 192.8 187.6 187.7 187 187.6 185.6 184.4 183.5 182.7 181.5 180.3 178.9 177.5 176.3 175.3 171.1 169.4 167.1 163.8 161.2 158.5 155.6 152.2 149.6 145 140.7 136.1 131.2 126.9 122.1 118.6 115.1 112.7 110.8 109.2 107.5 107.3 108.9 108.9 111.5 113.4 115.4 119 121.9 122.6 127.5 131.3 138.6 144.4 145 152.3 156.4 160.8 166.9 170 175.2 180.6 185.5 189.9 193.6
209.7 205.5 201.3 196.6 194 191.7 189.2 187 185.1 181.5 182.7 181.6 181 180 179.3 175.7 171.6 167.8 164.1 165.6 164.9 164.3 163.8 164.6 162.8 162.7 163.3 162.9 162.5 160.7 160.1 159.7 158.5 157.9 156.8 155.5 154.3 152.3 150.7 147.9 144.7 140 133.2 124.1 113.5 104.3 97.4 94.4 93.1 92.7 92.8 93.1 93.5 94.1 95.1 96 96.4 97.3 99.6 101.3 102.4 104.3 106.2 108.7 111.4 114.2 117.3 123.6 125.8 131.1 134.9 139.8 144.6 148.6 152.6 156.3
191.1 186.5 181.8 179 175.9 173.1 170.7 168.5 166.9 163.7 159.2 154.7 157.1 156.4 155.8 155.3 154.8 152.3 149.8 151.5 151.2 150.9 150.5 149.6 149.5 149.3 149.4 149.4 149.4 149.1 148.9 148.3 147.4 146.9 146.4 145.8 145.1 143.7 142.1 139.3 135.8 130.7 123.9 114.8 105.3 96.8 92.3 89.8 88.9 88.8 89.3 89.7 90.4 91.2 92 92.8 93.8 94.7 96.1 97.5 97.5 98.7 100.4 101.7 103.5 104.8 105.6 107.2 109.3 111.9 114.7 119.1 121.5 126.1 129.7 134.5
174.3 170.1 167.1 163.5 160.4 157.6 155.2 153.9 152 149.2 145.5 142.1 138.8 135.7 147.2 144.2 141.5 139 136.5 137.2 136.8 136.7 137.3 137.1 136.8 135.8 134.9 134.1 133.6 133.3 132.2 132.2 131.6 130.8 129.7 128.5 127.1 125.5 123.5 120.9 118.2 114.9 111.7 108 104.3 100.6 97.4 95.1 93.5 92.7 91.7 91.3 91.3 91.4 91.7 92.2 92.7 93.3 93.8 94.8 96 97.2 98.5 100 101.7 103.2 104.7 106.9 108.5 110.8 112.7 115.5 113.7 116.8 119.6 123.8
158 155 151.5 147.1 144.1 140.3 136.9 133.8 130.8 127.8 125.3 126.7 123.2 119.7 117 123.6 123.1 122.1 122.7 119.4 119.3 118.9 117.6 116.8 118.2 118.2 118.1 117.8 117.2 116.9 116.8 116.4 116.2 115.4 113.8 113.4 112.4 111.3 110.5 109.1 107.7 105.9 104.3 102.5 100.7 99.3 98.6 97.5 96.1 95.7 95.1 94.9 94.6 94.5 94.6 94.5 94.5 94.7 94.9 95.4 95.9 97.1 97.5 98.2 99.4 100.2 101.6 103.4 105.4 107.3 109.4 112.1 114 116.2 118.4 120.6
135.2 132 128.7 125.8 124 121.4 119.4 117.5 115.3 113.4 111.4 109.2 107.2 105.9 104 102.4 101.2 100.1 101.4 100.2 99.1 98.6 98.1 97.1 96.5 95.5 104.9 104.5 102.6 102.6 102.4 103.7 103.4 102.8 102.3 101.8 103.1 101.2 100.7 99.8 100.1 99.5 99.2 98.8 98.3 97.9 97.7 97 96.9 96.2 95.9 95.8 96.4 95.8 96 96.1 96.3 96.5 96.5 96.8 97.4 97.8 98.4 98.8 99.3 100.1 101.4 102.6 103.8 105.5 106.7 107.9 109.4 111.3 112.7 114.4
115.2 112.7 109.5 107.1 104.8 102.4 100.8 98.7 98.3 96.8 95.4 94.4 93.4 92.2 91.6 90.7 89.9 89.3 88.7 88.2 87.4 87 86.3 88.6 86.8 86.8 86.5 86.2 86.3 86.1 85.2 84.9 84.3 83.8 83.5 83 82.8 82.6 81.8 81.3 81 80.7 94.8 95 94.1 94.1 95.1 95.4 95.5 95.3 95.3 95.4 96.3 95.5 95.9 96.2 96.4 96.8 97.2 97.5 97.8 98.3 98.7 99.3 99.8 100.5 101.5 102.5 103.6 104.7 107.9 108.5 109.2 110 113.9 111.8
102.4 100.5 98.5 96.6 94 93.2 91.2 89.8 88.3 87.3 87.1 86.1 84.9 85.1 84.4 84 83.7 83.1 82.9 82.4 81.7 81.1 80.5 82.4 81.8 80.3 80 79.8 79.8 79.5 79.7 78.9 78.9 78.8 78.4 77.9 77.5 77.7 77 77 77 76.8 76.7 76.4 76.4 76.3 76.8 76.6 76.5 76.3 76.2 75 76.3 76.5 76.9 77.2 77.5 77.9 78.3 78.6 79.3 79.6 80.2 80.8 81.3 82 82.7 83.6 84.7 85.8 87.1 88.1 89 89.9 91.4 110.2
92 90.1 88.8 87.6 86.2 84.9 83.8 82.8 82 79.7 79.8 79.1 78.8 78.4 78 77.6 77.1 76.1 77.8 77.3 76.8 76.2 75.9 76.9 76.7 75.4 75.2 75.1 74.9 74.6 74.4 74.3 74.1 74.1 73.8 73.9 73.6 73.6 73.5 73.3 73.6 73.2 73.5 73.4 73.5 73.5 73.7 73.8 74 74.1 74.1 74.2 74.2 74.3 74.8 74.7 75.1 75.2 75.2 74.2 74.5 76.3 77 77.6 78 78.7 79.5 80.4 81.2 82.2 82.9 83.8 84.1 86 86.2 87.3
81.5 78.4 77.5 76.4 75.3 76.7 73.8 73.4 73.1 72.7 72.4 72.3 72.2 72 70.1 71.5 71.5 71.3 71 70.6 70.3 69.8 69.4 70.2 69.5 70.9 70.7 70.5 70.6 70.5 70.1 70.1 70.3 70.3 70.2 70.2 70.3 70.1 70.3 70.4 70.5 70.6 70.6 70.7 70.8 70.7 70.9 70.9 71.1 71.3 71.6 71.5 71.8 72 72.4 72.8 73 73.1 73.3 73.6 73.9 74.1 74.2 74.6 75.2 75.7 76.2 76.5 77.3 76.4 77.1 79.2 80.3 80.9 81.7 82.6
73.3 71 70.1 69.1 68 67 66.6 66.9 66.6 66.5 66.2 65.2 65 65.5 65.5 65.3 64.8 64.9 63.1 64.6 64.5 64.5 65.1 65.4 65.1 64.9 64.6 64.7 64.9 64.6 64.3 64.4 64 66.5 66.7 66.6 66.7 66.7 67.1 67.1 67.1 67.3 67.4 67.6 67.6 67.8 67.9 68.1 68.2 68.2 68.4 68.6 68.7 68.9 69.3 69.7 69.8 70.1 70.3 70.6 71 71.6 71.9 72.3 72.9 73.3 73.7 74.2 74.6 75.2 75.6 76.4 77.2 77.6 78.1 78.8
66.4 65.3 64 63.4 62.8 62.3 62.3 61.9 61.5 61.2 61 60.9 60.4 60.3 60.3 60.1 60.1 60.2 60.2 60.1 60.1 60.1 58.7 60.1 59.9 59.9 59.9 59.8 59.8 59.7 59.6 61.2 61.2 61.2 61.4 61.3 61.5 61.5 61.5 61.7 61.5 61.8 61.8 61.7 64.2 64.3 64.7 64.8 65.1 65.3 65.4 65.7 66 66.2 66.6 66.7 66.9 67.3 67.8 68.1 68.5 68.8 69.2 69.5 70.2 70.6 71.3 71.7 72 72.6 73.4 73.7 74.2 74.7 75.5 75.9
60.5 59.9 59.3 58.9 58.5 58.1 58.4 58.2 57.9 57.5 57.5 57.4 56.7 56.4 56.5 56.3 56.5 56.3 56.5 56.6 56.8 56.6 56.7 56.8 56.8 56.9 56.8 55.7 57 56.8 57 57 57.1 57.1 56.9 57.1 57 57 56.9 56.9 56.9 57.1 59.8 60 60.2 60.1 60.1 60.4 60.7 60.8 61 61.2 61.4 61.5 62 62 62.5 62.7 65.6 66 66.4 66.7 67.1 67.4 67.9 68.5 68.8 69.4 69.8 70.4 71 71.6 71.9 72.5 73.1 73.7
56.2 55.9 55.7 55.6 55.4 55.1 55.2 54.9 54.9 54.6 54.6 54.7 54.4 54.2 54.2 54.1 54.1 54.2 54 54 53.7 53.8 53.7 53.8 53.9 54 54.2 54.5 54.6 54.8 55 55.1 55.1 55.3 54.5 55.4 55.4 55.4 55.6 55.6 55.6 55.7 55.8 56 56.1 56.2 56.1 56.1 56.3 56.3 56.4 56.4 56.4 56.5 56.8 56.9 57 61 61.3 61.6 61.9 62.3 62.7 63.2 63.7 64.1 64.4 64.8 65.4 65.7 66.2 66.5 66.9 67.3 67.8 68.3
53.2 53 52.8 52.6 52.6 52.4 52.4 52.1 52.5 52.3 52.4 52.6 52.6 52.1 52.1 52 52.1 52.2 52.2 52.3 52.3 52.4 52.3 52.3 52.1 52.4 52.4 52.7 52.7 52.6 53 53 53.1 53 53.1 53.2 53.4 53.6 53.6 53.9 54.1 54.1 53.6 53.7 54.5 54.4 54.7 54.8 54.7 54.7 54.9 55.1 55.2 55.2 55.5 55.6 55.7 55.8 56 56.3 56.7 56.9 57.1 57.3 57.7 57.9 58.2 58.4 58.8 59.2 59.5 59.8 60.2 60.4 60.7 60.9
