datasets/global_precipitation_1950_2017/rasters/precip_2017-total.asc
NCOLS 720 
NROWS 347 
XLLCORNER -180 
YLLCORNER -90 
CELLSIZE 0.5 
NODATA_value -9999 
[rows 306 to 339 of 347, columns 456 to 531 of 720]
840.1 843.7 844.4 843.4 835.9 824.9 812.1 798 785.7 774.4 763.4 749.7 733.8 714.6 692.4 670.3 647.5 624.4 601.4 580.9 563.1 547.8 532.9 516 501.8 492.3 478.5 466 457.1 446.7 443.4 440.8 439.1 436.5 434.3 431.2 427.8 423.4 418.4 412.6 407.4 404.3 -9999 -9999 -9999 -9999 -9999 -9999 -9999 -9999 -9999 -9999 319.9 -9999 -9999 285.1 261.1 243.8 226.4 210.3 197.2 189.1 194.8 193 206 222.6 236.2 251.2 267.1 286.4 308.4 329.9 351.5 372.3 386.3 407.3
830.9 831.2 829.4 827.4 822.5 813.3 804.4 798.1 791 779.1 775.1 757.7 742.6 725.8 704.8 682.7 662.4 640.7 620 600 581.8 564 543.1 523.9 509.7 498.1 487.7 474.9 461.1 449.4 443.7 438.4 431.7 426.2 421.7 416.4 411.7 405.7 399.3 392.8 386.7 380.2 -9999 -9999 -9999 -9999 -9999 -9999 -9999 326.8 321 313.9 301.1 287.4 292.7 267.3 258.6 249.4 240.7 231.3 222.3 216.1 212.8 230 218 231.2 246.2 256.6 267.2 281.6 299.5 317.6 336 353.6 368.7 381.5
829.8 828.3 824.2 819.5 817 815.4 812 806.7 801.3 789.3 777.6 756.5 748 728.8 710.6 693.2 673.1 653.9 634.1 614.5 594.2 577.2 552.4 543.6 527.8 503.5 496 479.2 466.4 451.9 440.2 433.5 423.2 419.1 411.8 399.6 395.6 387.2 380.3 372.6 364.8 359.7 -9999 -9999 -9999 -9999 -9999 -9999 317.9 310.6 302.6 301.1 282.4 291.3 284.1 258.5 253.4 248.5 244.5 239.3 233.2 228.3 226 245.3 248.6 234 255.4 256.8 267.6 279.1 293.4 308.3 323.5 339.1 349.1 360
815.4 813.5 809.8 808.2 812.9 815.8 812.2 810.6 795.4 783.6 778.4 766.4 750.8 734 716.4 700 681.5 662 642.4 622.6 602 581.4 561.5 542.8 524.9 510.1 492.7 479.2 467.2 451.8 437.8 425.2 413.3 403.3 393.6 384.3 375.1 367.8 358.9 350.3 339.4 -9999 -9999 -9999 -9999 -9999 -9999 295.1 293.8 286.9 275.2 266.8 262.2 257.5 251.5 244.3 237.8 231.6 240.1 237.1 220.7 220.9 222.2 225.3 228 230.4 233.7 241.5 253 257.3 276.2 274.8 287.1 300.7 307.5 321.8
789.9 793.6 798 779.8 805.6 804.2 800.9 795.3 783.3 775.1 766.7 756.2 742.4 728 713.6 698.9 682.3 664.8 644.9 626.2 607.5 587.5 567.5 548.2 529.2 511.1 493.9 477.1 461.6 445.3 428.2 414.1 401.4 389.5 378.4 367.9 357.9 347.7 336.9 329.5 318.4 -9999 -9999 -9999 -9999 281 273.4 261.3 271.5 266.8 257.4 252.7 248.7 244.9 240.4 234.6 229.2 224.6 225.5 219.3 217.8 235.3 235.5 236.6 238.9 242.2 232 244.3 257.4 264.9 271.5 279.3 287.8 297 307.2 318.5
757.1 759.9 761.8 760.5 769.3 766.9 763.3 758.7 760.7 754 739.2 729.1 720.9 709.3 696.6 683 667.7 651.6 637.7 619.1 598.4 580.4 561.7 543.2 524.4 506 488 470.5 451.4 434.1 419.5 404.5 390.2 376.8 364.5 353.1 342.2 332.3 319.5 310.1 304 291.8 279.2 267.7 259.9 254.7 250.2 246.1 238.5 238.3 220.7 251.2 246.7 242.8 239.2 236.3 233.7 232.8 231.6 230.5 229.5 229.1 229.8 182.8 191.8 201.5 212.1 224 236.4 248.9 262.2 268.6 275.6 283.4 291.8 300.6
681.6 692.6 688.4 689.3 690.2 689.9 695.3 700.3 703.7 700.6 688.2 675.3 661.2 653.1 643.2 632.3 624.6 615.5 604.4 587.7 568.5 549.3 530.8 514.1 497.5 480.6 463.8 445.9 427.3 409.9 394.9 381.5 369.7 356.2 343.7 332.2 318 304.7 291.7 282.2 275 262.4 249.8 237.3 224.2 213.8 210.6 207.9 202.6 225.1 209.6 204.6 194.3 184.6 175.3 209.1 210.8 213.1 215.8 140.9 145.3 150.5 156.2 163.7 171.6 180.6 190 200.1 211 221.7 232.8 244.1 254.4 259.8 265.9 270.5
587.9 588.8 588.5 586.8 588.9 593.8 598.3 602.4 605.1 603.7 596.3 587.9 578.9 568.4 560.4 556.7 550.8 543.4 534 520.9 504.6 488.6 472.9 457.7 443.9 429.6 414.1 398.3 381.6 365.4 351.5 339.6 328.6 319.1 307 293.6 280.5 267.7 255.4 245.3 234.3 223.3 212.3 201.2 190.2 181 195 193.5 192.8 192.8 156.1 154.8 153.6 153.1 151.5 143.9 136.5 129.9 123.9 122.8 125.6 129.8 135.2 140.5 147.5 154.8 162.5 170.7 179.1 188 196.8 205.8 214.4 222.4 223.7 223.7
459.4 463.8 468 470.7 472.2 474.4 475.8 476.8 477.2 476.5 474.6 471.3 467 462.2 456.9 451.6 445.3 437.5 428.6 419.1 409 398.4 388.5 378.7 367.9 354.7 341 326.8 312.3 299.2 289.4 278.6 265.3 252.6 240.3 228.7 232.5 211.8 206.6 199 188.6 178.2 158.5 154.3 147.5 143.3 135.2 155.2 155.1 155.4 153.6 146.2 138.4 131 105.2 104.8 104.8 105.2 102.9 101.7 103.3 106.3 109.8 114.5 119 124.5 130.4 137.3 143.4 150.1 157 163.8 169.5 175.6 176.7 175.4
337 343.8 349 354.3 356 355.2 353.9 351.9 349.4 349.1 350.4 350.6 350.7 349.7 345.9 339.8 332.4 323.8 315.4 308.5 304.2 299.8 294.8 287.1 275.9 264.2 252.5 240.8 230.5 221.5 209.2 197.7 186.7 176.3 167 158 149.5 141.2 133.3 127.4 123.9 120.8 118.3 116 111.3 103.7 100.9 116.4 116.2 116.5 117.4 112.7 106.9 100.9 95.4 77 77.1 77.4 77.4 76.5 75 81 73.3 74.5 76.2 77.9 81.2 85.2 89.3 93.7 98.4 103.5 108.2 113.1 118.6 121.9
237.7 235 241.3 248.1 253.9 253.6 250.8 247.6 243.9 243.6 245.8 248.1 249.7 250.9 248.4 241.8 234.5 226.9 218.5 213.9 208.8 199.5 190.5 180.8 171.2 165.5 164.5 162.9 161.1 155.6 121.5 120.6 119.5 118.4 114.7 108.4 102.3 96.4 91 87.8 86.8 85.3 84.6 83.7 80.7 74.9 71 81.3 81.9 82.4 83.4 82.9 77.9 73.6 55.4 55.3 55.4 55.7 55.8 55.2 53.7 52.4 51.4 50.9 51 51.7 53.1 54.8 57 59.6 63.1 66.1 70.3 74 76.7 80.8
153.1 151.4 155.1 160.3 165.8 170.6 172.3 168.6 164.6 164.3 167 169.8 166.1 160.6 154.5 148.3 160.2 141.1 142.9 139.9 132.6 125.4 106.5 107.3 104.1 97.5 91.1 84.8 79.4 77.2 77.7 78.3 78.9 79.2 77.2 72.7 68.5 64.8 61.2 59.7 59.3 59 58.9 58.5 56.4 52.8 49.3 58.1 55 55.3 56.1 57.1 54.9 51.7 37.8 37.8 37.7 38.7 39 38.9 37.6 36.5 35.9 35.6 36.1 37.3 38.6 40.8 42.9 45.2 47.6 50 52.7 54.7 57.1 60.1
100.5 98.6 96.8 96.5 100.7 104.9 108.6 108.5 108.4 104.8 101.1 97 92.5 85.1 83.8 79.1 74.5 69.8 65.3 64 65.1 66 67.2 68.5 66.6 62.4 57.9 54.3 50.6 49.4 50.3 51 52 52.3 51.1 48.2 45.6 42.9 40.8 39.9 40.2 40.4 40.4 40.4 39.2 36.6 34 32.3 35.9 36.4 36.7 37.4 37.9 26.2 25.8 26.2 26.5 27.1 27.8 27.2 26.5 26.3 25.8 25.7 26.4 27.8 29.4 30.9 32.7 34.1 36.4 37.7 39.6 41.6 43.7 45.7
47.6 50.1 52.2 55 57 57.7 60.1 63.7 66.4 66.2 47.2 48.9 50.5 52.1 51.3 48.4 45.5 42.8 40.2 39.4 40.4 41.3 42.5 43.6 42.7 39.9 37.3 35 32.7 32.5 33.1 33.4 34.2 34.9 34.1 32.1 30.1 28.7 26.8 26.6 26.7 27.1 27.4 27.4 26.3 24.3 23.2 21.2 28.5 23.6 20.4 19.2 18.1 17.5 17.2 17.4 18.1 18.7 19.5 19.4 18.9 19.3 19.3 19.3 20.5 21.4 22.6 24.1 25.3 27 28.5 29.7 31.4 32.7 34.7 36.5
24.1 23.6 22.8 28.9 23.6 25.7 27.8 26.5 25.3 25.2 26.8 28.1 29.5 31.2 30.8 28.8 27.1 25.6 24.3 24 24.8 25.7 26.3 27.5 26.9 25.4 24.1 22.8 21.6 21.7 21.6 22.3 22.6 23.3 22.7 21.6 20.4 19.3 18.5 17.9 18.4 18.2 18.6 18.7 17.9 16.4 15.7 14.7 14.5 15.2 14.3 13.6 13 12.8 12.5 13.1 13.8 14.6 14.9 15.1 15.1 15.2 15.4 15.7 16.4 17.3 18.2 19.6 20.4 21.8 23.3 24.2 25.4 26.6 27.4 28.7
9.2 9.4 8.2 8.9 9.8 10.3 11.4 12.1 13.3 13.3 13.3 13.1 12.9 12.7 12.8 13.2 13.9 14.5 14.7 14.7 14.2 14 13.7 13.4 13 13.4 13.9 14.2 14.3 14.1 13.8 13.1 12.8 12.4 12.3 12.4 12.4 12.2 12.5 12.1 11.5 11.3 10.5 10.1 9.6 9.4 10.7 10 9.9 10.1 10.4 10.3 9.8 9.6 9.7 9.7 9.9 10.1 11.9 12.3 11.1 11.6 12.3 13.1 13.8 14.1 14.5 15.3 17.2 18 17.4 18.8 19.3 20.8 21.1 22.4
2.9 3.5 3.5 4 4.3 4.9 5.5 5.9 6.7 7.2 6.6 7 7.4 8 8.2 8.1 8.2 8.3 9.9 10 8.4 8.6 9 9.3 9.1 8.8 8.8 8.5 9.9 9.8 8.4 8.4 8.6 8.5 8.5 8.6 7.9 7.7 7.6 8.5 8.5 8 6.8 6.7 6.6 7.1 6.6 6.7 6.9 7.1 7 7.3 7.3 7.5 7.5 7.8 8 8.2 8.4 8.9 9.2 9.8 9.8 10.2 10.8 11.3 12.2 12.8 13.2 13.8 14.6 15.2 15.6 16.1 16.7 17.2
1.1 1.3 1.5 1.6 1.9 2.1 2.6 3.1 3.5 3.8 4.1 4.4 4.8 5 5.3 5.3 5.3 5.4 6.3 6.5 5.7 6 6.1 6.3 6.2 6.2 6.2 6.3 6.8 6.8 6.1 6.1 6 6.1 6 5.9 5.8 5.5 5.5 5.4 5.4 5.2 5 5.6 5.4 5.2 5.1 5.1 5.6 5.2 5.1 5.3 5 5.9 6 5.5 6.3 6.2 6.2 6.7 7.2 7.2 7.5 8.5 8.8 8.9 9.2 9.7 10.3 10.7 11.1 11.2 12.1 13 13.2 13.6
0.1 0.2 0.4 0.5 0.6 0.8 0.9 1.1 1.5 1.8 2.1 2.4 2.6 2.8 3.2 3.3 3.4 3.4 4.1 4.2 3.7 4 4.1 4.2 4.3 4.3 4.2 4.1 4.6 4.7 4.3 4.3 4.3 4.2 4.4 4.1 3.9 3.9 3.9 3.8 3.9 4 3.8 4 3.8 3.6 3.5 3.6 3.6 3.6 3.7 3.7 3.8 3.7 3.7 4.2 4.1 4.2 4.4 4.7 5.2 5.3 5.2 6 6.2 6.4 7 7.2 7.6 8 8.3 8.6 9 9.7 10.1 10.7
0 0 0 0 0.1 0.2 0.3 0.4 0.5 0.6 0.6 0.7 0.9 1.1 1.6 1.7 1.8 2 2.2 2.2 2.4 2.4 2.5 2.5 2.6 2.6 2.8 2.7 3.1 3 2.9 2.9 3 3 3 3.1 3 2.7 2.6 2.6 2.4 2.3 2.3 2.3 2.2 2.3 2.2 2.1 2.2 2.3 2.4 2.3 2.3 2.4 2.6 2.5 2.4 2.6 2.7 2.9 2.9 3.5 3.7 4.1 4.4 4.5 4.8 5.3 5.3 5.8 6.1 6.6 7 7.5 8 8.1
0 0 0 0 0 0 0 0 0.1 0.1 0.2 0.3 0.3 0.4 0.4 0.5 0.6 0.6 0.8 0.8 0.9 1.1 1.5 1.5 1.5 1.6 1.3 1.3 1.7 1.8 1.6 1.5 1.5 1.6 1.6 1.7 1.6 1.4 1.4 1.4 1.4 1.3 1.3 1.3 1.3 1.3 1.2 0.9 0.8 0.8 0.7 0.8 0.8 0.7 0.8 0.8 1 1.2 1.1 1.3 1.4 1.8 2.1 2.6 2.6 2.9 3.4 3.7 4.1 4.2 4.7 5.1 5.5 5.8 6.1 6.1
0 0 0 0 0 0 0 0 0 0 0 0 0 0 0 0.1 0.1 0.2 0.2 0.2 0.3 0.3 0.4 0.4 0.4 0.4 0.6 0.6 0.7 0.7 0.6 0.7 0.8 0.8 0.8 0.8 0.8 0.8 0.8 0.7 0.7 0.6 0.5 0.5 0.5 0.3 0.3 0.2 0.2 0.2 0.2 0.2 0.1 0.1 0 0 0 0 0 0 0.5 0.9 1.2 1.7 1.8 2.2 2.5 2.5 2.9 3.6 3.7 4 4.1 4.5 5 5.5
0 0 0 0 0 0 0 0 0 0 0 0 0 0 0 0 0 0 0 0 0 0 0 0 0.1 0.1 0.1 0.2 0.1 0.2 0.2 0.3 0.2 0.3 0.3 0.3 0.3 0.3 0.3 0.4 0.2 0.1 0.1 0.1 0.1 0.1 0.1 0.1 0 0 0 0 0 0 0 0 0 0 0 0 0 0.3 0.9 1 1.3 1.4 1.6 2.1 2.3 2.5 3 3.3 3.6 3.9 4.2 4.4
0 0 0 0 0 0 0 0 0 0 0 0 0 0 0 0 0 0 0 0 0 0 0 0 0 0 0 0 0 0 0 0 0 0.1 0.1 0.1 0.1 0.1 0.1 0.1 0.1 0.1 0 0 0 0 0 0 0 0 0 0 0 0 0 0 0 0 0 0.2 0.4 0.5 0.7 0.8 1 1.1 1.5 1.5 2 2.1 2.5 2.7 3.4 3.6 3.8 4
0 0 0 0 0 0 0 0 0 0 0 0 0 0 0 0 0 0 0 0 0 0 0 0 0 0 0 0 0 0 0 0 0 0 0 0 0 0 0 0 0.1 0.1 0.1 0.1 0.1 0.1 0.1 0.1 0.1 0.2 0.2 0.2 0.2 0.2 0.3 0.5 0.5 0.5 0.6 0.6 0.7 0.8 0.9 1 1.3 1.3 1.5 1.9 2 2.3 2.6 2.8 2.9 3.2 3.6 4.1
0 0 0 0 0 0 0 0 0 0 0 0 0 0 0 0 0 0 0 0 0 0 0 0 0 0 0 0 0 0 0 0 0 0 0 0 0 0 0 0 0.1 0.1 0.1 0.1 0.1 0.2 0.1 0.1 0.1 0.3 0.3 0.4 0.4 0.4 0.4 0.6 0.7 0.8 0.9 0.9 1.2 1.3 1.5 1.6 1.8 1.8 1.8 2 2.3 2.3 2.3 2.5 2.7 2.9 3.3 3.7
0 0 0 0 0 0 0 0 0 0 0 0 0 0 0 0 0 0 0 0 0 0 0 0 0 0 0 0 0 0 0 0 0 0 0 0 0 0 0 0 0.1 0.1 0.1 0.2 0.2 0.2 0.3 0.3 0.3 0.2 0.4 0.4 0.4 0.5 0.8 0.9 1 1 1.2 1.2 1.2 1.2 1.4 1.6 1.8 1.9 2 2.1 2.1 2.3 2.5 2.7 2.9 3.1 3.1 3.2
0 0 0 0 0 0 0 0 0 0 0 0 0 0 0 0 0 0 0 0 0 0 0 0 0 0 0 0 0 0 0 0 0 0 0 0 0 0 0 0 0.1 0.1 0.1 0.2 0.2 0.2 0.3 0.4 0.4 0.3 0.4 0.5 0.5 0.5 0.7 0.7 0.9 1 1 1.2 1.3 1.3 1.3 1.6 1.9 1.9 2 2.2 2.5 2.5 2.8 2.9 2.9 3 3.2 3.4
0 0 0 0 0 0 0 0 0 0 0 0 0 0 0 0 0 0 0 0 0 0 0 0 0 0 0 0 0 0 0 0 0 0 0 0 0 0 0 0 0.1 0.2 0.3 0.3 0.4 0.4 0.3 0.3 0.3 0.4 0.4 0.4 0.4 0.6 0.6 0.6 0.7 0.7 0.7 0.9 1.1 1.2 1.3 1.5 1.5 1.5 1.6 1.7 1.9 2.2 2.3 2.3 2.4 2.5 2.5 2.8
0 0 0 0 0 0 0 0 0 0 0 0 0 0 0 0 0 0 0 0 0 0 0 0 0 0 0 0 0 0.1 0.1 0.1 0 0 0 0.1 0.1 0.1 0.1 0.1 0.1 0.1 0.1 0.1 0.1 0.1 0.2 0.2 0.3 0.4 0.4 0.4 0.5 0.5 0.5 0.6 0.6 0.7 0.8 0.9 0.9 0.9 1 1 1.1 1.2 1.2 1.4 1.6 1.5 1.7 1.7 1.9 2 2.2 2.4
0 0 0 0 0 0 0 0 0 0 0 0 0 0 0 0.1 0.1 0.1 0.1 0.1 0.1 0.1 0.1 0.1 0.1 0.1 0.1 0.1 0.1 0.1 0.1 0.1 0.1 0.1 0.1 0.1 0.1 0.1 0.1 0.1 0.1 0.2 0.2 0.2 0.2 0.2 0.2 0.2 0.2 0.3 0.3 0.3 0.4 0.4 0.5 0.6 0.6 0.6 0.6 0.8 0.8 0.8 0.9 0.9 0.9 1.1 1.1 1.1 1.3 1.3 1.4 1.4 1.5 1.6 1.6 1.9
0.2 0.2 0.2 0.2 0.2 0.2 0.2 0.2 0.2 0.1 0.1 0.1 0.1 0.1 0.1 0.1 0.1 0.1 0.1 0.2 0.2 0.2 0.2 0.2 0.2 0.2 0.2 0.2 0.2 0.2 0.2 0.2 0.2 0.2 0.2 0.2 0.2 0.2 0.2 0.2 0.2 0.2 0.2 0.2 0.2 0.2 0.2 0.2 0.3 0.3 0.3 0.3 0.3 0.3 0.3 0.3 0.3 0.4 0.5 0.5 0.6 0.6 0.8 0.7 0.8 0.8 0.8 0.9 1 1 1.1 1.1 1.2 1.2 1.3 1.3
0.3 0.3 0.3 0.3 0.3 0.3 0.3 0.2 0.2 0.2 0.2 0.2 0.2 0.2 0.2 0.2 0.2 0.2 0.2 0.2 0.2 0.2 0.2 0.3 0.3 0.3 0.3 0.3 0.3 0.3 0.3 0.3 0.2 0.2 0.2 0.2 0.2 0.2 0.2 0.2 0.3 0.3 0.3 0.3 0.3 0.3 0.3 0.3 0.3 0.3 0.3 0.3 0.3 0.3 0.3 0.3 0.3 0.3 0.4 0.4 0.4 0.4 0.4 0.5 0.5 0.5 0.5 0.6 0.7 0.7 0.7 0.8 0.8 0.9 0.9 1
0.3 0.3 0.4 0.3 0.3 0.3 0.3 0.3 0.3 0.3 0.3 0.3 0.3 0.3 0.3 0.3 0.3 0.3 0.3 0.3 0.3 0.3 0.3 0.3 0.3 0.3 0.3 0.3 0.3 0.3 0.4 0.4 0.3 0.3 0.3 0.3 0.3 0.3 0.3 0.3 0.3 0.3 0.3 0.3 0.3 0.3 0.3 0.3 0.3 0.3 0.3 0.4 0.4 0.4 0.4 0.4 0.4 0.4 0.4 0.4 0.4 0.4 0.4 0.4 0.4 0.4 0.4 0.4 0.4 0.4 0.5 0.5 0.5 0.6 0.6 0.6
