datasets/global_precipitation_1950_2017/rasters/precip_1972-total.asc
NCOLS 720 
NROWS 347 
XLLCORNER -180 
YLLCORNER -90 
CELLSIZE 0.5 
NODATA_value -9999 
[rows 102 to 135 of 347, columns 304 to 379 of 720]
-9999 -9999 -9999 -9999 -9999 -9999 -9999 -9999 -9999 -9999 -9999 -9999 -9999 -9999 -9999 -9999 -9999 -9999 -9999 -9999 -9999 -9999 -9999 -9999 -9999 -9999 -9999 -9999 -9999 -9999 -9999 -9999 -9999 -9999 -9999 -9999 -9999 451.9 392.4 333.8 310.4 397.5 555.5 577.9 521.8 306.8 201.2 186.3 245.1 399.5 267.2 184.3 215.1 236.9 220.1 200.1 196.3 178.3 149.3 112.4 88.3 71.5 77.2 88.3 87.4 79.6 72.8 79.2 86.8 92.4 98.5 102.8 100.8 102.1 108.6 131.7
-9999 -9999 -9999 -9999 -9999 -9999 -9999 -9999 -9999 -9999 -9999 -9999 -9999 -9999 -9999 -9999 -9999 -9999 -9999 -9999 -9999 -9999 -9999 -9999 -9999 -9999 -9999 -9999 -9999 -9999 -9999 -9999 -9999 -9999 -9999 -9999 -9999 367 345.7 308.3 335.8 540.9 625.5 545.9 380.9 231.3 167.5 141.8 154.1 171.1 112.2 66.2 161.3 233.7 230.8 218.5 202.3 176.3 121.3 73.9 51 39.9 53.2 71.1 78.4 79.4 88.1 86.7 79.7 84.8 86 85.2 83.5 80.5 81.3 103.1
-9999 -9999 -9999 -9999 -9999 -9999 -9999 -9999 -9999 -9999 -9999 -9999 -9999 -9999 -9999 -9999 -9999 -9999 -9999 -9999 -9999 -9999 -9999 -9999 -9999 -9999 -9999 -9999 -9999 -9999 -9999 -9999 -9999 -9999 -9999 -9999 307.8 341 356.2 513.2 364.4 350.7 311.6 272.1 213.8 176.2 118.2 79.4 99.9 99.8 81.2 77.2 122.2 172.2 198.6 203.7 190.5 143.9 78.4 50.5 43.1 41.1 46.7 57.1 66.9 74.6 80.8 82.8 80.5 82 75.2 64.1 53.8 50.7 56 73.4
-9999 -9999 -9999 -9999 -9999 -9999 -9999 -9999 -9999 -9999 -9999 -9999 -9999 -9999 -9999 -9999 -9999 -9999 -9999 -9999 -9999 -9999 -9999 -9999 -9999 -9999 -9999 -9999 -9999 -9999 -9999 -9999 -9999 -9999 -9999 -9999 296.7 441.7 347.7 361.9 335 321.7 205 198.4 163.7 134.6 102.4 82 65.8 64.1 52.6 57.9 75.8 103.5 124.5 112.8 74.1 52 44.6 40.1 41.1 43.2 42.4 48.5 58.2 66.4 72.7 76.6 78.2 74.9 60.5 44 32.8 28.5 30.9 36.5
-9999 -9999 -9999 -9999 -9999 -9999 -9999 -9999 -9999 -9999 -9999 -9999 -9999 -9999 -9999 -9999 -9999 -9999 -9999 -9999 -9999 -9999 -9999 -9999 -9999 -9999 -9999 -9999 -9999 -9999 -9999 -9999 -9999 -9999 -9999 -9999 -9999 377.5 282.3 274.5 271.6 339.1 227.2 149.9 113.5 114.5 95.1 74.6 54 39.5 27.1 20.8 37 53.4 50.1 37.9 29.8 26.3 29.4 31.7 35.2 34.9 37.6 42 50.1 58.7 65.4 68.5 68.9 62.6 44.8 32.5 25.1 19.4 14.7 13.2
-9999 -9999 -9999 -9999 -9999 -9999 -9999 -9999 -9999 -9999 -9999 -9999 -9999 -9999 -9999 -9999 -9999 -9999 -9999 -9999 -9999 -9999 -9999 -9999 -9999 -9999 -9999 -9999 -9999 -9999 -9999 -9999 -9999 -9999 -9999 -9999 155 234.4 238.2 171.6 188.5 235.6 172.7 128.9 103.9 97 84.7 61 40.4 29.6 20.6 17.4 25.4 30.7 26.9 19.2 16.5 18.8 21.8 26.4 31 34.4 36 38.8 44.3 50.4 54.2 53.9 53.8 47 35.8 29.6 29.1 24.4 19.8 19
-9999 -9999 -9999 -9999 -9999 -9999 -9999 -9999 -9999 -9999 -9999 -9999 -9999 -9999 -9999 -9999 -9999 -9999 -9999 -9999 -9999 -9999 -9999 -9999 -9999 -9999 -9999 -9999 -9999 -9999 -9999 -9999 -9999 -9999 -9999 178.3 178.7 169.9 148.2 110.8 124.6 168.8 127.3 93.4 79.2 71.8 68.7 49.7 33.7 24.1 22.3 20.7 21.3 20 15.5 11.2 13 15.6 16.9 20.5 23.9 28 29.5 33.3 36.1 39.7 40.6 41.5 41.1 38.8 35.1 34.1 33.1 33.8 32.6 33.8
-9999 -9999 -9999 -9999 -9999 -9999 -9999 -9999 -9999 -9999 -9999 -9999 -9999 -9999 -9999 -9999 -9999 -9999 -9999 -9999 518.3 -9999 -9999 -9999 -9999 -9999 -9999 -9999 -9999 -9999 -9999 -9999 -9999 -9999 154.3 142.3 113.6 87.6 62.9 32.8 22.5 28.8 40 48.2 52.3 51.9 49.3 37 25.6 21.1 19 16.5 14.8 12.4 10.4 9.6 10.5 12.2 12.6 14.1 15.6 16.9 20.1 22.1 24.7 27.2 30.2 32.6 34.6 36.1 35.4 36.1 36.5 43.4 45.1 44.5
-9999 -9999 -9999 -9999 -9999 -9999 -9999 -9999 -9999 -9999 -9999 -9999 -9999 -9999 -9999 -9999 -9999 -9999 -9999 -9999 -9999 -9999 483.3 -9999 -9999 -9999 -9999 -9999 -9999 -9999 -9999 -9999 -9999 125 121.7 106.8 80.3 56.6 37.3 33.6 30.4 24.6 23.3 27.1 30.9 34.7 33.1 26.2 19.5 14.7 12.1 9.7 7.9 5.6 4.3 4.7 5.8 7 7.9 9 9.2 9.6 11.7 14.1 16.8 19.4 22 25.1 28.1 34.1 32.9 34.2 36.8 45.6 50 45.3
-9999 -9999 -9999 -9999 -9999 -9999 -9999 -9999 -9999 -9999 -9999 -9999 -9999 -9999 -9999 -9999 -9999 -9999 -9999 -9999 -9999 -9999 -9999 -9999 -9999 -9999 -9999 -9999 -9999 -9999 95.7 106 101.9 95 90.1 83.3 63.9 42.4 25.7 20.1 22.5 20.7 19.6 18.3 19.2 20.3 23.9 18.2 13.7 9.9 6.7 4.2 2.6 2.4 1.6 3.1 3.7 4 4.8 5.5 5.7 5.9 6.7 8.8 10.8 12.2 17.9 19.7 22.6 25.4 28.6 30.2 32.8 38.4 40.1 39
-9999 -9999 -9999 -9999 -9999 -9999 -9999 -9999 -9999 -9999 -9999 -9999 -9999 -9999 -9999 -9999 -9999 -9999 -9999 -9999 -9999 -9999 -9999 -9999 -9999 -9999 -9999 -9999 -9999 114 89.2 82.1 73.1 66.1 62.2 56.9 44.5 31.1 21.9 19.2 19.4 18.9 17.8 17.6 17.7 18.2 20.8 15.2 6.9 4.1 2.3 2.5 1.8 1.9 1.8 2.2 2.1 2 3.4 4.5 5 5.3 5.5 6.6 7.8 10 12.5 16.8 20.7 23 24.4 24.7 26.2 29 29.3 32.5
-9999 -9999 -9999 -9999 -9999 -9999 -9999 -9999 -9999 -9999 -9999 -9999 -9999 -9999 -9999 -9999 -9999 -9999 -9999 -9999 -9999 -9999 -9999 -9999 -9999 -9999 -9999 -9999 -9999 84 71.6 62.9 56.4 52 48.2 45.2 36 28.1 22.1 20.2 19.1 18.6 18.1 18.4 18.1 18.1 18.2 13.5 3.6 1.4 0.9 1.6 1.6 2.1 2.1 2.4 2.2 2.7 3.8 4.5 5.6 5.7 4.9 5.1 6.5 8.6 11.4 15.9 18.3 20 20.1 19.2 18.9 22.2 22.8 25.9
-9999 -9999 -9999 -9999 -9999 -9999 -9999 -9999 -9999 -9999 -9999 -9999 -9999 -9999 -9999 -9999 -9999 -9999 -9999 -9999 -9999 -9999 -9999 -9999 -9999 -9999 -9999 223 121.2 77.2 56.2 50.1 46.6 44.7 42.2 38.7 33.9 27.8 22.4 19.9 17.7 17.8 18.3 19 19.3 18.9 16.9 12.7 3.6 0.9 0.9 1.5 1.9 2.4 2.6 3.2 3.4 3.5 4.2 4.7 5 4.8 4.4 4.1 5.2 8 10.8 14.1 16.6 18 17.6 16.4 15.7 17.3 18.9 21.5
-9999 -9999 -9999 -9999 -9999 -9999 -9999 -9999 -9999 -9999 -9999 -9999 -9999 -9999 -9999 -9999 -9999 -9999 -9999 -9999 -9999 -9999 -9999 -9999 -9999 -9999 -9999 152.1 75.1 51.8 45.4 41.7 41.8 40.2 37.9 36.2 32.7 29.1 25.2 20.3 17.1 17.2 18 18.8 18.9 18.5 17.6 14.7 4 1.2 1 1.9 2.5 3.1 3.5 3.7 4.1 5 5.7 5.8 5.3 4.5 3.8 4.4 6.8 10.2 14.7 15.9 15.6 16.6 16 15.6 15.8 17.6 18 20
-9999 -9999 -9999 -9999 -9999 -9999 -9999 -9999 -9999 -9999 -9999 -9999 -9999 -9999 -9999 -9999 -9999 -9999 -9999 -9999 -9999 -9999 -9999 -9999 -9999 -9999 62.8 53.5 47.7 42.2 39 37.8 36.6 35.8 35.9 35.8 33 30.1 26.9 23.3 19.8 18.3 18.8 18.3 18.5 17.5 20.6 15.1 4.6 1.3 1.4 2.4 3.2 3.5 3.7 4.2 4.9 5.5 6.3 5.9 4.7 4.2 5.1 7.4 12.6 17.5 26.3 26 22 17.5 15.4 15.2 16.1 18 19.8 20.6
-9999 -9999 -9999 -9999 -9999 -9999 -9999 -9999 -9999 -9999 -9999 -9999 -9999 -9999 -9999 -9999 -9999 -9999 -9999 -9999 -9999 -9999 -9999 -9999 -9999 -9999 28.3 31.8 36 38.5 39.2 39.2 38.9 39.7 37.8 37.1 34.2 32.4 29.4 25.8 22.7 20.1 18.2 17.4 15.4 16.8 20.2 14.4 4.4 1.6 1.5 2.3 2.5 2.4 2.4 2.7 2.8 3.5 6.1 4.2 3 4 7.3 11.8 17.5 22.8 28.4 27.2 26 21.1 17.4 15.4 15.7 17.4 19.3 20
-9999 -9999 -9999 -9999 -9999 -9999 -9999 -9999 -9999 -9999 -9999 -9999 -9999 -9999 -9999 -9999 -9999 -9999 -9999 -9999 -9999 -9999 -9999 -9999 -9999 15.8 20.3 27.1 33.7 38.5 40.9 41.1 39.4 38 37.8 37.2 35.9 34 31.3 28.7 26.2 23.7 21.1 19.7 19.4 21.3 20.6 15.1 4.8 1.1 1.3 1.7 1.9 1.9 1.9 1.7 1.3 1.5 1.8 1.9 3.2 5.4 9.4 14.4 21.5 24.8 27.9 26.3 25.8 21.6 18.5 16.8 16.4 16.5 17.6 20.6
-9999 -9999 -9999 -9999 -9999 -9999 -9999 -9999 -9999 -9999 -9999 -9999 -9999 -9999 -9999 -9999 -9999 -9999 -9999 -9999 -9999 -9999 -9999 -9999 11.1 14 20.2 27.8 34.6 39.5 42.9 43.7 42.3 41 40.2 39.1 37.8 36.4 34 30.6 28 26.6 25 24.4 25.3 28.4 30.4 22.8 11.5 4.4 2.5 2.3 1.6 1.3 0.8 1.1 1.3 1.3 1.3 2.5 4.4 8.1 13.1 20.9 25.6 29.1 28.7 26.2 24.7 22.5 19.6 17.3 16 15.1 16.3 18.2
-9999 -9999 -9999 -9999 -9999 -9999 -9999 -9999 -9999 -9999 -9999 -9999 -9999 -9999 -9999 -9999 -9999 -9999 -9999 -9999 -9999 -9999 -9999 -9999 12 14.8 20.2 28.4 36 43.3 47.6 48.4 45.7 43.3 41.8 39.9 39.5 37.9 35.6 33.7 31.5 28.7 25.6 26.6 32.3 38.9 37.4 26.6 15.4 8.3 3.8 3 1.7 1.2 1.4 1.7 1.8 1.7 1.7 3.4 8 10.2 17.6 21.5 24.5 27 28.7 26.6 25.1 23.8 20.7 18.3 16.5 15.8 16.1 16.4
-9999 -9999 -9999 -9999 -9999 -9999 -9999 -9999 -9999 -9999 -9999 -9999 -9999 -9999 -9999 -9999 -9999 -9999 -9999 -9999 -9999 -9999 -9999 15.4 13.4 16.2 21.7 29.4 36.8 44.1 49.9 52.7 48.3 44 43.6 42.6 42.5 39.1 37.6 35.7 38.3 41.5 36.8 33.8 34.3 35.1 26.1 9.5 5.6 4 2.2 1.6 2.2 2.6 2.6 2.6 2.4 2.7 2.5 4.5 9.5 12.7 19.4 21.9 25.3 25.3 22.6 25.5 26.8 24.5 21.5 18.3 17.4 14.9 14.7 15.4
-9999 -9999 -9999 -9999 -9999 -9999 -9999 -9999 -9999 -9999 -9999 -9999 -9999 -9999 -9999 -9999 -9999 -9999 -9999 -9999 -9999 -9999 -9999 12 11 14.9 23 30.3 37.1 41.6 45 47.6 45.1 42 40.5 40.5 41.3 41.9 44.7 48.6 55.4 55.5 44.7 32.1 23.2 18.5 13 4.6 5.7 5.7 5.5 4.2 3.8 3.2 3 3.5 3.8 4.8 6 9.2 12.9 16.4 21.1 22.3 23.6 23.2 21.9 24 24.6 23.5 20.9 18.3 16.3 13.5 12.5 12.2
-9999 -9999 -9999 -9999 -9999 -9999 -9999 -9999 -9999 -9999 -9999 -9999 -9999 -9999 -9999 -9999 -9999 -9999 -9999 -9999 -9999 -9999 6.8 6.9 7.8 13.3 25.3 32 35.1 37.9 40.1 41.5 40.4 39.2 38.7 39.5 40.9 44 48.7 53.9 54.6 49.8 42.5 32.9 24.6 22.7 17 9.9 6.1 6 8.2 9.7 10 9.4 10.5 11 11 11.6 13.6 16.4 18.2 20.5 21.7 21.9 21.2 20.3 19.8 20.4 21.5 21.4 19.1 16.5 14.4 11.6 10.1 10.4
-9999 -9999 -9999 -9999 -9999 -9999 -9999 -9999 -9999 -9999 -9999 -9999 -9999 -9999 -9999 -9999 -9999 -9999 -9999 -9999 -9999 -9999 1.2 3.1 6 15.4 30.1 32.8 34.3 36 38.1 38 37.2 36.4 35.7 38.2 42.1 44.8 49.5 50 48.1 50.2 46.3 34.6 27.2 23.4 18.2 13.1 8.7 7 6.9 8.9 12.9 16.2 18.8 18.9 18.8 18.3 20.5 25.2 27.6 28.5 26.5 23.9 21.9 20 17.8 17.7 18.6 18 15.6 14.8 11.9 11.5 12.8 15.5
-9999 -9999 -9999 -9999 -9999 -9999 -9999 -9999 -9999 -9999 -9999 -9999 -9999 -9999 -9999 -9999 -9999 -9999 -9999 -9999 -9999 -9999 -9999 4.8 8.6 21 31.4 33 33.4 34.8 39.2 36.1 34.2 33.7 34.1 39 44.6 46.5 46.2 45.2 46.7 53.6 51.2 38.4 29.5 24.3 18.9 14.3 11.3 9.3 7.8 8.1 13 18.6 20.6 23.9 21.4 18.1 20.5 29.5 37.5 38.3 35 29.6 25.6 20.5 17.7 18.8 18.7 19.9 15.2 12.7 11.9 14.1 16.1 18.6
-9999 -9999 -9999 -9999 -9999 -9999 -9999 -9999 -9999 -9999 -9999 -9999 -9999 -9999 -9999 -9999 -9999 -9999 -9999 -9999 -9999 -9999 -9999 -9999 20.9 27.4 31.9 32.4 32.7 33.1 36.6 35.4 33.3 34.9 38.8 45.3 45.2 46.1 45 45.3 48.1 59.7 61.9 47.6 32.4 24.6 18.8 15.3 12.7 11.1 9.3 9.1 12.2 19.3 24.2 29.5 26.7 19.7 23.1 34.4 44.7 49.1 47.4 39.7 30 23.3 21 21 20.4 19.3 15.6 11.9 10.7 11.9 17.5 21.4
-9999 -9999 -9999 -9999 -9999 -9999 -9999 -9999 -9999 -9999 -9999 -9999 -9999 -9999 -9999 -9999 -9999 -9999 -9999 -9999 -9999 -9999 -9999 39.5 43.2 41 34.1 34 33.8 35.2 40.8 42.5 45.9 50.2 50 47.5 45.9 46 45 47.3 51.8 67.8 75.2 58 36.9 24.3 18.4 15.1 13.5 12.2 11 10.4 11.9 20.4 32.1 40 40.2 37.6 39.9 47.4 54.2 58.2 60.3 56.7 48.1 34.5 29.4 27.9 27.1 22.7 15.5 9.9 10 10.1 12.7 19.7
-9999 -9999 -9999 -9999 -9999 -9999 -9999 -9999 -9999 -9999 -9999 -9999 -9999 -9999 -9999 -9999 -9999 -9999 -9999 -9999 -9999 -9999 -9999 77.5 75.8 58.1 41.9 35.4 33.2 48.8 67.8 72.1 66.4 58.2 50.6 46.8 45.5 45.8 47.3 55.6 69.8 81.9 91.3 77.3 44.5 24.2 18.2 14.9 13.6 12.2 12.1 12 15.9 32.1 50.6 54.7 58.2 61 65.4 66.8 67.2 67.5 69.6 75 73.7 66.6 59 38.4 34.1 28.6 16.9 9.8 9.5 9.9 12.3 21.3
-9999 -9999 -9999 -9999 -9999 -9999 -9999 -9999 -9999 -9999 -9999 -9999 -9999 -9999 -9999 -9999 -9999 -9999 -9999 -9999 -9999 -9999 -9999 -9999 91.4 71.8 52.7 40.3 47.5 104.7 109.4 95.5 71.9 54.7 54.1 48.5 46.7 46.8 49.6 66.2 82 96.9 104.7 93.3 53.7 24 16.8 15.2 13.8 12.1 16.8 25.8 40.1 77.3 77.8 73.2 76.9 83.4 87.2 79.4 79.4 81.7 83.4 91 87.8 81.9 60.7 39.1 37.3 34.2 26.6 13.9 10.5 10.8 17.8 27.2
-9999 -9999 -9999 -9999 -9999 -9999 -9999 -9999 -9999 -9999 -9999 -9999 -9999 -9999 -9999 -9999 -9999 -9999 -9999 -9999 -9999 -9999 -9999 -9999 100.9 69.1 60.6 75.1 94 101.7 88.9 82.5 79.3 75.4 70.1 61.6 48.7 47 54.7 81.7 105.2 114.4 117 105 72.2 29.5 15.7 17.1 20.2 23.3 33 57.8 81.2 88 83.3 85.5 88.1 90 85.8 80.4 88.6 96 98.5 110.8 105 86.6 59.3 50.7 52 50.6 48 39.8 30.5 27.7 31.2 35.4
-9999 -9999 -9999 -9999 -9999 -9999 -9999 -9999 -9999 -9999 -9999 -9999 -9999 -9999 -9999 -9999 -9999 -9999 -9999 -9999 -9999 -9999 -9999 -9999 80.7 56.3 55.3 71.4 80.5 83.5 81.8 74.8 79.5 81 92.1 87 75 65.3 88.1 123.2 136 121.6 116.4 111.7 85.4 58.9 81.1 70.9 72.1 91 103.6 100.5 94.4 86.9 82.5 88.4 95.8 94.3 91.7 96 103.8 116.6 127.5 142 142.3 103.8 73.8 60.7 61.3 65.1 71 67.4 58.8 51.5 47.5 47.2
-9999 -9999 -9999 -9999 -9999 -9999 -9999 -9999 -9999 -9999 -9999 -9999 -9999 -9999 -9999 -9999 -9999 -9999 -9999 -9999 -9999 -9999 -9999 -9999 78.8 73.8 58.5 82.8 84.6 89.3 79 79.7 91.7 89.8 80.1 95.8 117.9 134 174.7 206.1 185.3 126.1 111.4 124.1 97.3 107.9 163.8 154.2 146.9 133.8 120 103.4 91.7 86.5 77.9 79.7 105.7 111.8 115.7 123.5 136.4 153.3 168.3 185.4 189.6 141.5 102.1 74 58 60.2 86.1 77.9 72.1 69.5 65.6 65.2
-9999 -9999 -9999 -9999 -9999 -9999 94.3 -9999 -9999 -9999 -9999 -9999 -9999 -9999 -9999 -9999 -9999 -9999 -9999 -9999 -9999 -9999 -9999 93.1 77.6 90.3 124.7 154.6 103.8 122 127.7 113.2 115.9 115.3 90.7 98.5 133.5 161 227.5 281.1 248.9 243.2 188.1 159.4 108.1 162.9 166.4 162.1 171.4 141.9 118.7 99.1 82.8 88.5 94.8 102.5 126.4 135.2 150.2 157.1 169.1 182.5 194.2 210.1 229.3 213.8 151.9 113.7 61.8 25 97.8 84.6 76.6 81.2 83.3 88.6
-9999 -9999 -9999 -9999 -9999 -9999 -9999 -9999 -9999 -9999 -9999 -9999 -9999 -9999 -9999 -9999 -9999 -9999 -9999 -9999 -9999 -9999 -9999 116.5 91.9 112.7 147.7 150.2 133.4 154.6 141.1 155.2 159.5 148.2 143.8 147.2 152.5 199.5 265.2 339.8 296.3 277.9 266.7 240.1 216.1 186.1 164.6 158.5 165.5 193.8 152.9 136.4 147 144.9 144 162.8 137.1 154.6 169.7 159.7 172.6 196.8 210.9 235 259.3 265.9 230.6 177.7 120 81.5 94.8 94.2 91 94.6 102 115.6
-9999 -9999 -9999 -9999 -9999 -9999 -9999 -9999 -9999 -9999 -9999 -9999 -9999 -9999 -9999 -9999 -9999 -9999 -9999 -9999 -9999 -9999 -9999 165.2 194.3 292.2 236.8 180.9 155.6 152.7 201.2 262.4 261.7 238.6 283.9 313.7 328.7 349.9 350.7 317.9 334.9 344.2 348.8 383 394.6 242.7 176.2 139.2 134.4 174.5 221.3 267.8 305.1 305.1 208.8 175.5 194.4 203.4 199.3 172.4 189.3 219.3 233.8 263.2 280 273.9 276.7 261.3 217.5 160.5 113.7 102.5 111 120.7 130.2 143.3
