datasets/global_precipitation_1950_2017/rasters/precip_1975-total.asc
NCOLS 720 
NROWS 347 
XLLCORNER -180 
YLLCORNER -90 
CELLSIZE 0.5 
NODATA_value -9999 
[rows 306 to 339 of 347, columns 532 to 607 of 720]
387.1 404.2 419.9 432.6 443.1 453.3 462.8 472.5 481.5 488.8 496 503.9 512.1 519.3 524.5 529.3 532.4 537.6 541 541.3 543.2 544.6 545.6 543.4 540.5 537 532 527.3 521.7 514.9 508 502.8 497.5 492.2 485 479.2 475.4 468.2 462.8 461.1 454.1 450.9 448.3 446.4 445.5 445.3 445.5 446.8 445.1 447.6 453.1 455.9 462.8 468.5 473.7 484 484.3 491.8 504 509.4 515.8 522.1 528.9 536 542.8 549.9 556 562 567.8 574.2 581.2 582.2 586.9 591.9 597.4 602.5
363.8 371.1 388.2 403.5 415.6 426.4 435.6 446.6 455 464.9 473.6 481.6 491 499.6 506.2 513 520.1 527 531.8 533.9 535.3 536.6 537.1 535.6 534.4 531.9 527.5 521.1 515.2 509.4 502.3 494.6 487.8 480 475.2 469.6 462.2 453.9 449.1 448.1 447.5 444 440.3 438.2 438.7 440.1 442.1 444.4 446.3 447.6 452 452.8 458.9 465.3 471.2 475.5 480.4 486.1 492.3 499.9 507 514 521 527.4 533.8 539.8 545.9 551.4 557.4 564.2 570.7 577.7 585 590.4 594.1 597.8
327.9 340.3 353.5 368.4 381 395.9 403.5 415.8 428.3 438.7 449.2 460.2 468.1 477.5 490 498.5 505.5 511.2 516.2 521.3 524.9 527.6 522.2 521.9 526.6 523.6 518.5 513.2 507.5 501.5 494.7 486.8 477.2 471.2 464.8 458.4 452.2 451.7 448.5 439.1 440.7 436.1 434.7 432.9 433.3 434 435.6 439.3 441.2 442.9 445.2 448.5 449.9 455.4 460.9 466.2 471.7 477.4 483.5 489.8 496.1 503.2 508.5 515 521.1 526.1 530.8 536.7 543.1 548.2 555.4 563.2 570.6 576.6 580.3 584.1
292.8 308.5 321.8 339.5 351.4 363.7 382.9 395.8 408.1 420.4 423.6 434 443.1 452.4 464.6 472.8 491.1 498 503.4 507.6 499.2 501.5 495.7 494.9 500.3 496.7 502.2 495.8 489.6 482.3 468.1 458.9 449.6 444.1 438.5 432.5 426.5 421.9 418.5 414.6 412.2 410.5 409.3 409.9 410 411 412.3 414.1 416.1 419 422.2 425.6 430.3 430.4 436.7 441.7 446.6 452.6 458.4 464.2 471.9 480.9 480.4 487 495 495.2 506.5 511.9 518.4 521.6 527 535.6 544.1 550.9 554.3 557.9
286.5 297.7 300.8 320.9 332.3 344.3 356.7 367.8 372.1 386.8 399 409.5 417.4 425.3 435.1 445.3 453.6 457.3 459.4 460.2 459.9 457.6 445.2 440.1 448.1 443.1 437.3 431.1 424.5 418 411.7 402.9 391.8 385.9 384.7 379.7 375.4 371.6 364.5 362.6 360.6 360.1 359.8 359.6 360.7 361.2 363.6 366.1 368.4 370.6 373.8 377.5 381.7 383.7 388.8 393.8 398 404.1 409.6 415 424.3 431.9 439.7 447.9 444.2 452.5 460.7 466.4 473.3 476.6 479.8 484.8 493.6 501 505.1 513.5
267.8 275.3 280.5 288.5 295 305.9 318.6 329.3 329.7 341.4 351 359 364.8 370.7 376.9 382.4 387.8 391.8 392.2 388.3 383.5 378.4 373 368.8 364.8 359.8 352.9 345.2 336.9 329.6 326.6 315.4 313 307.7 303.3 300.6 298.5 297.3 296.7 295.1 294.2 290.1 290.3 293.8 295.5 295.6 297.5 301.9 306.5 309.1 311.2 313.9 316.9 319.1 324 328.9 334 338.7 344.1 349.2 354.7 360.6 366.8 374 379.8 386 391.6 397.5 403 408.4 411 417.3 422.6 429.3 437.1 439.3
235.3 237.6 239.9 245.4 249.4 254.9 265 263.8 270.4 279.2 285.9 291.3 295.1 297.2 298.3 298.5 298.2 296.7 294.6 291.9 289.1 286.1 283.3 278.6 271.6 263.5 254.6 245 238.8 236.6 235.2 233.6 233.2 228.9 220.9 212.7 205 234.3 232.6 231.6 231 231 231.2 231.6 231.9 232.8 234.8 243.6 242 242.6 245.9 249.7 253.7 256.7 259.2 265.2 266.8 269.2 273.5 279.9 285.1 289 297.7 302 303.8 309 313.2 319.6 324.7 330.3 335.4 340.9 346.2 351.6 356.9 363.2
192.9 193.3 194.6 196.8 197.2 197.9 199.1 200.2 203.3 209.6 215.2 219.5 223.1 223.7 221.5 218.5 214.9 210.3 208.2 208.5 208.4 208.4 208.4 205.1 198 190.4 182.8 175 170.7 170.5 170.9 171.5 172.7 169.5 163.3 157 151.3 146.2 186.8 186.4 185.8 185.8 185.7 186 186.2 186.3 187.1 193.3 193.6 197.3 200 202.7 205.7 207.7 209.1 210.6 212.6 213.8 217 221.1 225 228.8 233 236.2 238.7 241.5 244.6 250.5 255.6 261 264.3 268.6 273.2 277.3 279.7 285.6
149.8 149 151.1 150.4 149.1 148.3 147.5 145.8 146.8 150.9 155.1 158.5 161.5 161.5 158.6 155 151.9 148.7 148.2 150.4 152.1 153.1 154.2 152.2 147 141.8 136.6 130.7 129 130.3 131.5 133.2 134.8 133.2 128.9 124.4 120.6 116.9 116.3 118.7 121 123.5 126.5 129.7 133 136.7 154.1 154.8 155.9 157.1 163.6 166.3 169.9 171.3 173.2 171.1 173.3 175.7 177.4 179 180.3 186.3 187.7 190.1 193 191.2 193.8 195.3 199.2 194.5 202.5 206.9 211.4 214 215.7 219.7
111.4 111.7 113.3 112 110.5 109.2 107.9 106.4 106.9 110.6 113.6 116.7 119.8 120.3 118.2 116.1 114.3 113.1 113.1 114.4 116.1 117.2 118.7 117.9 114.3 111.5 107.6 104 102.5 104 105 106.5 107.9 107.2 104.1 101.2 98.7 96.5 96 98 100 102 104.3 106.6 109.2 111.7 114.4 117 120 123 126.4 129.7 133.6 135.9 143.5 144 145.3 147.1 148.1 148.4 149.7 144.9 144.8 146 144.6 142.7 140.8 138.6 154.3 155.4 157 158.9 160.8 162 163.3 164.7
78.5 81.5 83.7 82.8 83.4 82.4 81.4 80.4 80.8 83.4 86.3 89.3 91.7 92.8 91.8 91.2 90.6 88.9 89.1 90.4 92 93.2 94.5 94 91.6 89.3 87.6 85.1 84.6 85.5 86.7 88.1 89.1 88.9 86.8 85.2 83.6 82 82 83 84.5 85.6 87.3 88.8 90.5 92.5 94.5 96.5 98.7 101.3 103.6 106.2 108.9 109.3 111.3 112.5 115.7 117.5 118.5 105.7 108.5 111.6 114.7 115.3 113.3 111.1 108.9 106.4 126.3 125 122.2 119.2 123.6 124.3 128.4 115.9
60.8 63 64.6 63.9 63 62.2 61.4 62.9 63.9 65.3 67.7 70.2 72.7 74.5 74.2 73.3 72.7 72 72.1 73.3 74.5 75.7 76.8 76.8 75.6 74.4 73.3 72.2 71.7 72.6 73.3 74.4 75.3 75.3 74.2 73.1 72.2 71.5 71.4 71.8 72.8 73.7 74.5 75.5 76.7 77.6 78.7 80 81.4 82.9 84.3 85.3 83.8 83.9 85.9 85.2 84 82.4 82.8 84.6 86.7 88.8 91.2 91.4 89.3 87.5 85.5 83.4 95.8 93 90.7 90.5 92.2 93.9 91.7 88.9
48.3 49.8 50.9 50.4 49.9 49.7 49.8 51.2 51 51.7 52 52.2 53.5 54.9 56.5 57.7 59 59.5 59.8 60.8 61.9 62.9 63.6 63.7 63.6 62.9 62.5 62.5 61.8 62.7 63.3 64.1 64.9 64.8 64.3 64 63.5 63.2 63.2 63.7 63.9 64.4 64.7 65.1 65.7 66.1 66.9 67.4 67.5 66.7 65.9 65.5 66.3 67.6 68.7 70.1 69 67.7 67.7 68.7 70.2 71.4 73.3 73.2 71.7 70.4 68.8 67.2 67.3 68.7 70.5 70.6 70.1 67.7 65.9 64.4
38.6 39.9 40.5 40.7 40.6 40.9 40.9 41.7 42 42.9 43.1 43.3 43.7 45 45.9 47.3 48.1 49 49.9 49.9 49.7 50.5 51.4 52.2 53.1 54.1 54.3 54.5 54.9 55 55.7 56.5 57.1 57.3 57.1 57.2 57.1 57.1 57.1 57.5 57.6 57.8 58.1 58.1 58.3 58.2 57.2 56.7 55.9 55.5 55.6 55.6 55.9 56.1 56.5 56.6 56.4 56.1 56.1 55.8 55.7 55.3 55.2 55.3 55.2 55.3 54.1 54 54.5 52.3 51.2 49.7 48.2 47 53.6 51.8
30.7 31.2 31.9 32.3 32.9 33 34.2 34.4 34.5 35.2 35.4 36.2 36.3 37.4 38.4 39.4 40.3 41.2 41.8 42.2 42.6 43.1 43.8 44.4 45.1 45.9 46.5 47.5 48.1 48.5 48.7 49.3 49.9 50.7 51.1 51.8 52.7 53 53 53.3 53.2 53.2 53 52.7 52.3 52 51.3 50.8 50.2 49.7 49.3 48.8 48.2 47.8 47.6 47.5 47.3 47 46.7 46 45.2 44.2 43.9 43.4 43.7 43.4 42.3 42.5 43 42.6 41.7 41.1 40.6 40.1 41.4 40.5
25.4 25.5 25.9 26.4 26.8 27.4 27.9 28.1 28.4 29 29.7 30.2 30.6 30.9 31.5 32.2 32.6 33.2 34.3 35.2 35.8 36.4 37 37.7 38.6 39.2 39.8 40.7 41.6 42.7 43.3 44.1 45.3 46 46.9 47.7 48.5 49.1 49.4 49.6 49.5 49.2 49.2 48.7 48 47.6 46.6 45.7 45 44.1 43 42.4 41.6 41 40.2 39.6 38.9 39.6 39 38 37.4 37.2 37.1 36.7 36.1 35.8 35.6 36.6 36.6 35.1 35.3 35.4 35.5 35.8 35.8 35.5
21.5 21.3 21.6 21.8 21.5 21.9 22.4 22.6 23.1 23.7 24.2 24.9 25.3 25.7 26.2 26.6 27.4 27.4 27.9 28.5 29.2 29.9 31.2 31.6 32 32.7 33.6 34.4 35.4 36.4 37.2 38.1 38.7 39.9 40.8 42.1 42.7 43.7 44.2 44.6 45 44.9 44.4 43.9 42.7 41.6 40.6 39.5 38.3 37.2 36.5 35.4 34.7 33.9 33.1 32.9 32.2 31.9 32 31.6 31.1 30.7 30.6 30.6 30.8 30.6 30.5 30.6 30.8 30.7 30.7 31.1 31.2 31.6 32.7 32.3
18.1 18.2 18.1 18.1 18.3 18.5 18.4 18.5 18.6 18.8 19.4 20.2 20.3 20.8 21.3 21.5 22 22.4 22.6 22.9 23.3 23.9 24.6 24.8 25.5 25.9 26.4 27 27.7 28.2 28.6 29.1 29.8 30.4 30.9 31.6 32.4 33.4 34.3 35.4 36.3 36.5 35.6 34 32.2 30.7 29.8 28.8 28 27.4 26.9 26.5 26 25.8 25.8 25.6 25.3 24.9 25.3 24.9 25 25 25.1 25.2 25.2 25.5 25.6 25.6 26 26.5 26.8 27.4 28.4 28.9 29.5 30.2
15.7 15.8 15.7 15.5 15.8 15.7 15.5 15.5 15.5 15.6 15.5 15.9 16.1 16.4 16.6 17.2 17.2 17.3 17.7 17.9 17.9 17.9 18 18.4 18.3 18.8 19.3 19.3 19.7 20.1 20.1 20.1 19.6 19.5 19.2 18.9 18.9 19 18.9 19.1 19.1 19 19.2 19.3 19.4 19.3 19.4 19.3 19.5 19.1 19.1 19 19.1 18.9 18.8 18.8 19 19.4 19.4 19.3 19.5 20.2 20.8 21.2 21.2 21.6 22.1 23 23.7 24.6 25.1 25.9 27.1 28 29 30.5
13.9 13.8 13.7 13.7 13.4 13.6 13.5 13.5 13.3 13.5 13.2 13.1 12.9 13.2 13.3 13.3 13.4 13.2 13.4 13.3 13.3 13.6 13.7 13.8 13.9 14.4 14.5 14.7 15.3 15.6 16.1 16.6 17.2 17.4 18.1 18.4 18.9 19.2 19.3 19.7 20 20.2 20.5 20.4 19.7 19.8 19.8 19.6 19.4 19.3 19.2 18.5 18.3 18.4 18.1 18.2 18.4 18.6 18.6 18.8 19.1 19.5 19.8 19.8 20 20.5 21.2 22 22.7 23.5 24.7 25.5 26.8 28.2 29.2 29.8
11.8 11.9 11.8 12.3 12.2 12 12 11.9 11.8 11.6 11.7 11.6 11.5 11.3 11.3 11.1 10.9 11.1 11 10.9 11.4 11.7 12 12.6 13.1 13.6 14.1 14.5 15.3 15.9 16.3 16.8 17 17.1 17.5 17.7 17.9 18.1 18.5 18.9 19 19.1 19.6 19.7 19.7 19.8 18.7 18.5 18.6 18.5 18.4 18.3 18.3 18.2 18.2 18.2 18.3 18.5 18.8 18.8 19.3 19.8 20.3 20.8 21.2 22.1 22.8 23.4 24.2 25.2 26.1 26.7 28.2 29.2 30.4 31.3
10.8 10.9 10.7 10.7 10.7 10.6 10.4 10.9 10.7 10.6 10.7 10.5 10.3 10.5 10.4 10.3 10.4 10.3 10.4 10.3 10.9 11.3 11.5 11.9 12.3 12.7 13.3 13.8 14.4 14.6 14.8 15.2 15.5 16.1 16.4 16.5 16.9 17.2 17.5 17.7 17.8 18 18.2 18.2 17 17.2 17.2 17.5 17.5 17.5 17.6 17.7 17.7 17.9 17.9 18.2 18.3 18.3 18.5 18.7 19.4 19.6 20.2 20.5 20.9 21.5 22 22.7 23.2 24.9 25.8 25.8 26.8 28.1 29.4 30.4
10.2 10 10.1 10.1 9.9 9.9 9.8 9.7 9.7 9.8 9.9 9.9 10.2 10 9.9 9.9 9.8 9.8 9.8 10 10.1 10.2 10.8 11.1 12 12.3 12.7 13 13 13.6 13.8 14 14.3 14.6 14.8 15.3 15.4 15.9 16.1 15.9 14.9 14.9 15.1 15.4 15.4 15.5 15.7 15.8 16.1 16.3 16.5 16.5 16.7 16.7 17 17.2 17.4 17.7 18 18.4 18.8 19.1 19.5 20 20.5 20.9 21.3 21.9 22.3 22.9 23.6 25.5 25.7 26.9 28.1 29.3
9.5 9.5 10 10.1 10.1 10 9.8 10.2 10.2 10 9.6 9.6 10.1 10 10.2 10 10.4 10.3 10.4 10.3 10.4 10.5 10.8 10.8 11.1 11.2 11.6 11.7 12 12.2 12.5 12.7 13 13.3 13.6 12.5 12.6 12.8 13 13.1 13.3 13.6 13.6 14.2 14.3 14.3 14.5 14.9 15.3 15.3 15.6 15.6 15.7 15.9 16 16.5 16.7 17.1 17.3 19.4 19.6 20.3 20.5 21.1 21.3 21.9 22.2 22.8 23.3 21.8 22.2 23 23.8 25.2 26.8 28.5
9.8 9.8 9.7 9.7 9.9 9.8 9.7 9.9 10 9.9 9.8 9.7 9.8 9.9 9.9 9.8 9.9 9.9 9.9 9.8 9.9 10 10.4 10.2 10.4 10.3 10.6 10.6 10.6 10.6 10.4 10.6 10.9 10.8 11.1 11.2 11.5 11.5 11.6 12.4 12.2 12.6 12.8 13.1 13.7 13.8 13.8 13.9 14.4 14.6 14.6 14.9 15.3 15.6 15.9 16.1 16.3 16.8 17.1 17.2 17.7 18 18 18.5 19 19.4 20 20.3 20.5 21.3 21.8 22.3 23.1 23.7 24.6 25.9
9.8 9.8 9.6 9.9 9.8 9.8 9.7 9.8 9.8 9.8 9.7 9.7 9.6 9.8 9.9 10 9.9 9.8 9.9 9.9 10 9.9 9.9 10.2 10.1 10.2 10.3 10.2 10.5 10.4 10.3 10.4 10.8 10.8 10.7 10.8 11 11.4 11.6 11.8 12 12.1 12.3 12.6 12.7 12.9 13.1 13.4 13.7 13.9 14.2 14.4 14.5 14.9 14.9 15.1 15.6 15.8 16.1 16.6 16.6 17.1 17.6 17.9 18.5 18.6 19 19.8 20 20.7 21 21.8 22.3 22.9 23.8 24.3
9.6 9.6 9.6 9.7 9.7 9.6 9.6 9.7 9.5 9.6 9.7 9.7 9.7 9.7 9.7 9.9 9.9 9.9 9.9 9.8 9.8 9.8 10 10.3 10.3 10.3 10.4 10.5 10.5 10.8 10.4 10.5 10.7 10.8 11 11.3 11.5 11.7 11.8 12.2 12.3 12.2 12.2 12.3 12.5 13 13 13.1 13.1 13.4 13.7 13.8 14.2 14.2 14.6 14.8 15.2 15.2 15.6 16 16.3 16.9 16.9 17.5 17.8 18.3 18.6 18.9 19.4 19.7 20.2 21 21.4 21.9 22.8 23.3
9.7 9.6 9.7 9.6 9.8 9.8 9.7 9.7 9.8 9.8 9.7 9.6 9.6 10 10 10 10.1 10 10 10.2 10.3 10.2 10.2 10.5 10.7 10.2 10.3 10.5 10.9 10.8 11.1 11.1 11.1 11.1 11.2 11.3 11.7 11.7 11.6 11.6 11.8 12 12.4 12.4 12.3 12.4 12.5 13.1 13.3 13.3 13.5 13.6 13.9 14.2 14.2 14.4 14.6 14.8 15.4 15.6 15.7 16.1 16.4 16.7 17.1 17.4 17.8 18.1 18.7 18.9 19.3 19.9 20.5 21 21.6 22.3
9.6 9.6 9.7 9.8 9.6 9.7 9.8 9.8 9.7 9.8 9.9 9.9 9.8 9.9 10 10 10 10.2 10.1 10.3 10.3 10.5 10.5 10.6 10.5 10.4 10.6 10.7 10.7 10.7 10.8 11 11.1 11.2 11.3 11.4 11.7 11.8 11.7 11.7 11.8 11.9 12 12.3 12.3 12.4 12.3 12.6 12.8 12.8 13.2 13.2 13.3 13.5 13.7 13.8 14.1 14.4 14.3 14.8 15 15.3 15.6 15.9 16.1 16.4 16.8 17.5 17.6 18.1 18.4 18.9 19.2 19.7 20.1 20.6
9.4 9.5 9.5 9.5 9.5 9.6 9.7 9.8 9.9 9.9 9.8 9.8 9.8 9.9 10 10.1 10.1 10.2 10.3 10.3 10.3 10.2 10.3 10.4 10.5 10.4 10.5 10.5 10.6 10.5 10.7 11.3 11.4 11.4 11.4 10.7 11 11.1 11.2 11.2 11.2 11.4 11.6 11.4 11.7 11.8 12 12 12.3 12.4 12.6 12.6 12.8 13.1 13.2 13.5 13.7 13.9 14.1 14.3 14.3 14.6 15 15 15.4 15.5 15.7 16.1 16.2 16.8 16.9 17.2 17.7 18.2 18.5 19
9 9 9 9.2 9.4 9.4 9.4 9.5 9.6 9.8 9.8 9.7 9.7 9.7 9.7 9.7 9.9 9.9 10 10.1 10.1 10.1 10.1 10.3 10.3 10.3 10.3 10.4 10.5 10.5 10.5 10.6 10.6 10.5 10.6 10.6 10.6 10.7 10.9 10.8 10.9 11 11.1 11 11.1 11.2 11.2 11.3 11.4 11.7 11.8 11.8 11.8 12.9 12.9 13 13.1 13.2 12.3 12.6 12.7 12.7 12.8 13 13.3 13.6 13.7 14.1 14.3 14.5 14.7 15.1 15.6 15.8 16 16.4
8.4 8.5 8.6 8.6 8.7 8.8 8.9 8.9 9.1 9 9 9 9.2 9.3 9.5 9.5 9.5 9.6 9.6 9.7 9.7 9.8 10.1 10.1 10.1 10.1 10.1 10.1 10.1 10 9.9 9.9 10 10.1 10.3 10.4 10.4 10.8 10.7 10.6 10.6 10.6 10.7 10.8 10.9 10.8 10.8 10.9 11 11.1 11.2 11.3 11.4 11.5 11.5 11.6 11.7 12 12 12.1 12.1 12.1 12.2 12.3 12.6 12.8 12.9 13 13 13.3 13.4 13.5 13.5 13.9 14 14.2
7.9 7.9 7.9 7.8 7.8 7.8 7.9 8 8 8 8.1 8.3 8.2 8.3 8.5 8.6 8.7 8.8 8.9 9.1 9.1 9.2 9.2 9.2 9.2 9.2 9.2 9.4 9.6 9.7 9.7 9.7 9.8 9.7 9.7 9.7 9.7 9.9 10 9.9 10 10.1 10.4 10.4 10.4 10.4 10.5 10.5 10.5 10.5 10.6 10.7 10.8 10.9 11 11 11 11.2 11.4 11.4 11.4 11.5 11.5 11.5 11.5 11.9 12 12.1 12.2 12.3 12.4 12.4 12.4 12.8 12.8 13
6.8 6.9 6.9 6.9 6.9 7 7 7.2 7.2 7.3 7.5 7.5 7.5 7.6 7.5 7.5 7.5 7.5 7.5 7.6 7.9 8 8 8.1 8.1 8.2 8.5 8.7 8.7 8.7 8.7 8.8 8.8 8.9 9 9 9 9.2 9.2 9.2 9.2 9.2 9.3 9.4 9.5 9.6 9.5 9.5 9.7 9.7 9.8 9.8 9.9 9.9 9.9 10 10 10.1 10.1 10.3 10.4 10.4 10.4 10.6 10.6 10.8 10.8 11 11 11 11.2 11.3 11.3 11.4 11.5 11.7
