datasets/global_precipitation_1950_2017/rasters/precip_2011-total.asc
NCOLS 720 
NROWS 347 
XLLCORNER -180 
YLLCORNER -90 
CELLSIZE 0.5 
NODATA_value -9999 
[rows 306 to 339 of 347, columns 380 to 455 of 720]
-9999 -9999 -9999 -9999 -9999 -9999 -9999 -9999 -9999 -9999 -9999 193.2 201.6 -9999 -9999 -9999 -9999 -9999 -9999 -9999 -9999 -9999 -9999 -9999 -9999 -9999 -9999 -9999 -9999 -9999 -9999 -9999 -9999 -9999 -9999 -9999 -9999 -9999 -9999 -9999 -9999 -9999 -9999 -9999 -9999 -9999 497.1 508.3 519.6 530.3 541.8 550.7 561.5 570.7 578.7 589.6 -9999 -9999 622.5 634.2 644.3 653.2 662.8 672.4 683.1 694.7 709.1 723.1 737.6 751.5 763.6 771.6 778.5 783.6 786.4 788.8
-9999 -9999 -9999 -9999 -9999 -9999 -9999 -9999 -9999 -9999 -9999 -9999 193.6 -9999 -9999 -9999 -9999 -9999 -9999 -9999 -9999 -9999 -9999 -9999 -9999 -9999 -9999 -9999 -9999 -9999 -9999 -9999 -9999 -9999 -9999 -9999 -9999 -9999 -9999 -9999 -9999 448.1 461.4 473.9 486.4 499 511.4 523 534.9 546.1 557.6 568.9 578.6 589.4 600.3 610.5 619.7 627.4 636.8 645 655.5 667.2 669.4 686.2 692.9 703 717.1 720.3 732.5 747.7 756.9 760.3 774.1 767.6 779.5 782.4
175.8 171.8 165 114.2 157.9 169.3 174.8 179.7 183.2 189.2 194.3 196.2 203.4 207.4 212.4 219 223.8 230 -9999 -9999 -9999 -9999 -9999 258.9 265.9 -9999 -9999 288.6 292 -9999 -9999 -9999 -9999 -9999 -9999 362.5 374.6 388.2 402.3 416.7 432.3 447.8 462.3 476.9 491.2 506 520.9 535.3 548.9 554.5 566.3 585.1 590.9 604.5 614.8 622.9 633.9 639.6 660.3 666.4 672.7 677.9 688.5 699.8 707.2 716.1 728.2 734.5 740.4 745.4 752.5 761.7 770.4 777.7 779.3 781.7
228.4 236.5 245.1 250.3 247.4 239.8 231.9 226.2 222.5 221.5 221.4 220.1 221.3 223.4 226.2 228.9 231.4 238.6 240.6 244.6 247 255.3 258.2 261.7 269.1 273.6 277.1 282.1 288.7 295.9 303.3 310.8 319.1 329.6 342.7 354.6 365.3 378.2 393.7 409.9 426.1 443 460.3 477 490.9 505.4 521.5 538.3 553.7 555.3 568 593 603.5 613.4 623.7 636 650.7 663.7 671.9 680.8 690.3 700.9 702.6 702 713.3 722.3 727.8 732.8 736.9 740.5 746.3 754.6 762.1 769 775.2 776.7
246.7 249.5 252.3 253.4 255.9 252.7 249.9 246.9 251.8 248.8 246.6 244.9 244.1 243.4 244.5 244.7 245.6 247.1 249.3 264.7 264.3 266.6 268.6 271.3 276.7 280.2 281.7 286.3 290.8 298.6 304.7 311 318.2 326.2 336.6 347.3 357.4 370.2 384.3 398.6 414 429.7 446.6 463.6 476.1 495.5 506.6 522.6 539.1 538.8 554.8 579.8 591 601.6 619.1 629.5 645.1 653.8 662.2 670.1 679 689 699.1 708.6 711.4 708.4 718.6 720.7 719.3 719.6 724.9 734.5 745.9 746.6 755.2 757.1
253.2 264.5 266.2 266.7 266.7 264.5 263.8 262.6 261.2 259.8 258.4 257.5 259.3 258.6 255.8 256 258.9 279.5 279.2 279.3 277.3 278.8 280.6 282.3 282.7 285.3 288.9 291.8 294.6 298.6 303.2 308.2 315.9 321.5 327.6 335.6 345.5 354.9 366.1 378 390 402.8 416.3 430.9 441.9 455.4 474.1 486.4 497.5 507.4 517.3 540.8 554.5 567.6 583.3 594.4 600.7 609.5 618.1 625.9 634.5 644.5 654.1 663.2 674.9 682.5 684.7 690.6 695.3 684.1 695.8 701.6 707.2 708 711.3 718
267.2 268.7 269.7 270.9 271.1 269.3 269.6 269.3 269.1 268.4 267.5 266.9 266 264.8 264.6 264.5 294.8 292.6 291.4 290.5 289.5 287.6 287.3 287.3 287.4 287.8 288.7 291 293.5 295.1 297.9 300.6 302.5 304.8 308.4 314.6 321.7 328.3 336.4 344.1 352.5 361.2 370.5 381.3 391.5 401.8 412.6 424.4 435.3 446.2 456.4 468.1 483.1 494.1 504.4 515 525.2 535.3 539.1 547.3 555.8 564.3 577.7 585.1 591.8 599.2 609.2 612.8 619.3 624.9 631 635.7 634.6 634.2 642 649.2
269.3 270.4 271.4 272.1 273 273.2 272.9 273.1 272.5 272.3 271.4 270.6 270 268.8 267.9 266.9 300.2 297.5 294.9 292.6 290.3 289 287.6 286 284.5 282.2 280.8 279.9 279.7 281 280.6 280 278.8 277.4 276 276.7 280.5 285.4 291.9 298.3 306 310 315.5 325.3 331.9 336.9 342.7 350.2 358.3 366.8 375.3 384.3 392.5 401.6 410.4 418.6 427.4 436 444.9 452.7 460.7 469 477.7 486.3 495.2 502.5 507.8 513 517.4 520.6 526.4 533.7 541.4 541.5 546.5 546.6
272.6 273.8 273.9 274.3 274.4 274.5 274.4 273.5 272.8 271.7 270.2 268.8 267.2 266.2 265.2 262.3 298.4 294.2 289.8 285.5 281.8 284.7 279.9 275.2 270.4 266.4 261.9 258.1 255.1 253.2 251.8 248.2 244.2 239.6 234.3 230.2 230.2 232.3 235.1 239.2 244.3 250.1 257.5 261.3 261.4 270.2 262.1 264 279 275.6 282.3 284.4 287 290.3 293.7 301.7 313.9 325.5 336.4 346.8 354 358.1 362.6 367.3 371.7 378.5 387.4 395.1 402.7 409.2 414.2 417.5 421.3 425 431.8 433.3
274.2 274.3 273.7 274.2 273.2 272 271 269.8 269.1 264.5 265.5 262.5 259.4 255.9 253.3 288.3 282.7 281.4 275.8 269.2 270.8 264 257 250.2 244.2 238.5 232.3 226 220.4 216 212.4 209 202.8 195.4 187.4 181.7 180 180.1 181.8 183.7 179.1 178.5 184.1 191.1 192.1 187.5 183.6 206.9 187.3 197.3 201.8 201.5 200.8 200.7 200.9 207.4 219 230.2 241.5 252.4 258 259.4 261.3 263 264.4 269.9 278.9 288.1 296.6 303.8 308 308.7 309 308.9 308.7 312.3
271.9 270.5 270.1 266.2 267.8 265.2 262.2 258.6 256.5 254.5 250.4 246.4 242 237.3 232.4 265.4 261.1 256.5 252 246.5 239.6 231.5 223.9 216.4 209 202.1 195.2 187.3 179.5 173.5 168.6 165 160.9 152.6 144.1 137.5 132.6 124.7 116.7 113 115.2 118.6 122.8 127.8 133.6 128.5 122.7 121.4 129.8 137.9 140.8 139.1 137.5 136.3 135.4 140 149.8 159.5 168.9 178.4 182.9 182.9 183 183.3 183.4 187.5 196.1 203.4 210.9 217.6 216 214.7 212.7 211 212.6 214.3
265.6 262.8 259.5 257 254.2 249.1 245.9 240.2 235.3 230.6 225.6 220.3 214.6 208.8 204.1 199.6 195 221.7 215.8 208.4 200.5 192.6 185.2 177.7 171 163.7 156.1 148.4 140.2 133 127.1 120.1 112.8 108.4 104.5 98.6 90.5 82.6 74.8 70.6 71.8 73.7 76.8 80.2 84.7 85.4 96.6 83.5 89.4 95.3 97.8 95.7 94.6 93.5 92.6 95.9 102.9 110.7 117.7 124.9 128.1 127.6 126.9 126.8 126.5 129.3 135.4 141.4 147.6 147.2 145.4 143.1 140.4 139.3 143.8 145.1
246.7 243.6 236.8 231.9 226.8 222.1 218.7 211.8 206.2 199.4 193.2 188.4 181 177.2 170.7 164.5 158.8 153.6 175.1 167.6 160.7 153.2 146.7 139.9 132.5 125.1 117.4 109.9 102.5 96.9 92.1 87.1 83.2 79.8 76.7 72.7 65.5 59.5 53.7 48 73.8 74.8 70.3 48.6 51.4 55.2 54.2 58.1 61.7 65.8 66.8 65.1 63.9 62.9 62.5 65.2 70.1 75.1 80.1 84.9 87.3 86.3 85.8 85 84.5 86.5 90.3 95.2 96.4 94.6 92.6 90.3 101.4 91.3 94.1 94.8
215.9 211.2 206.6 201.6 192.3 189.4 182.7 176.2 170.2 165.8 157.8 152.2 145.7 139.7 133.7 127.2 121.6 115.7 135.1 128.7 122.1 116.2 109.3 103 96.2 89.6 84.5 80.1 75.6 71.7 66.9 64.7 57.9 55.5 53.9 52.8 49.1 44.5 40.2 36.1 34.1 33.2 33.5 33.9 34.8 35.8 36.9 36.8 39.3 42.4 43.9 42.3 41.4 40.6 39.9 41.5 44.5 47.8 51.2 54.5 56.1 55.4 54.5 53.8 53 53.8 56.5 57.7 56.3 54.5 53.3 64.7 52.8 55.1 57.3 57.6
178.7 171.3 164.7 159.8 153.7 147 140.9 136.3 130.4 124.4 117.7 112.2 107.1 102 96.5 91.9 86.5 81.2 75.9 72.1 76 80.9 76.5 73 68.8 65.5 61.6 58.7 55.8 53 49.6 44.9 40.7 37.7 36.2 35.2 34 32.3 28.9 26.4 24.6 24.1 24 23.8 24 22.9 21.2 20.9 21.6 21.2 20.7 20.5 21.2 24.1 23.3 23.8 25.4 22.7 23.3 23.4 24.1 24.3 24.7 29.7 27.3 27.6 30.3 28.7 25.9 25.4 26.3 24.7 25.7 24.1 22.3 17.3
134.6 127.9 123.4 116.6 112 106.4 99.7 94.1 89.2 85.3 81.3 74.8 71.5 67.1 65.4 62.3 56.6 54.9 51.8 48.4 60 55.5 50.9 46.7 49.2 46 42.1 36.6 35.3 32.6 30.8 28.1 25.8 25.6 22.9 21.1 19.7 18.7 17.7 17 15.6 13.6 12.3 11 12.5 9.8 10.1 10.3 9.2 9.2 9.1 8.8 8.6 8.4 7.9 7.6 7.2 7 7.1 7.3 6.8 6.6 6.5 6.1 6.2 5.7 5.9 5.1 5.1 5.6 4.8 3.8 2.8 2.1 1.8 1.4
97.3 90.8 84.1 78.1 74.5 66.2 62.5 59 55.2 52.3 48.7 45.2 44.7 42.2 39.5 36.9 32.6 31.8 30.7 28.4 27 29.7 32.6 28.6 26.3 23.8 22 19.6 18.4 16.2 14.7 15.4 12.2 12 10.6 10.2 9.6 8.5 7.1 5.9 5 4.4 3.9 3.7 3.2 2.6 2.3 1.7 1.7 1 0.7 0.2 1.5 0.1 0.1 0.2 0.2 0.3 0.4 0.4 0.4 0.3 0.3 0.4 0.3 0.3 0.3 0.3 0.1 0.2 0.2 0.2 0.2 0.3 0.3 0.3
60 55.3 50.9 46.5 42.7 39.3 36.3 33.5 30.9 29.8 31.4 25.8 24.1 22.4 21.2 19.4 17.3 15.6 13.6 15.4 13.9 12.5 13.8 15.5 13.7 12.8 9.7 8.9 7.9 7.2 6.2 5.2 4.9 4.1 3.5 2.8 2.1 1.8 1.4 1 0.6 0.4 0.4 0.1 0 0 0 0 0 0 0 0 0 0 0 0 0 0 0 0 0 0 0 0 0 0 0 0 0 0 0 0 0 0 0 0
29.2 28.4 27.6 26.7 26 25.8 23.5 21.3 19.3 17.2 15.4 13.9 12.8 11.9 11.9 10.5 8.6 8.2 8.6 7.8 6.9 5.4 4.1 6.3 5.4 4.7 4 3.5 3.4 2.8 2.2 1.5 1.2 0.9 0.8 0.4 0.3 0.1 0 0 0 0 0 0 0 0 0 0 0 0 0 0 0 0 0 0 0 0 0 0 0 0 0 0 0 0 0 0 0 0 0 0 0 0 0 0
11.1 11 10.5 10.2 10.2 9.8 9.7 9.5 9.5 9.4 9.1 9.1 7.9 7.1 6.2 5.1 5.4 4.4 3.5 3 2.4 1.8 3.3 2.8 2.4 2 1.9 1.3 0.9 0.7 0.5 0.3 0.1 0 0 0 0 0 0 0 0 0 0 0 0 0 0 0 0 0 0 0 0 0 0 0 0 0 0 0 0 0 0 0 0 0 0 0 0 0 0 0 0 0 0 0
12.8 12.3 11.7 11.2 2.5 2.6 2.4 2.4 2.4 2.4 2.4 2.2 2.1 2.3 2.1 2.3 2.2 2.2 1.7 1.4 1.9 1.3 1 0.8 0.6 0.2 0.2 0.1 0 0 0 0 0 0 0 0 0 0 0 0 0 0 0 0 0 0 0 0 0 0 0 0 0 0 0 0 0 0 0 0 0 0 0 0 0 0 0 0 0 0 0 0 0 0 0 0
2.4 2 1.8 1.6 1.4 1.2 1.1 1 0.8 0.7 0.6 0.5 0.4 0.3 0.4 0.3 0.3 0.1 0.1 0.1 0 0.3 0.2 0.1 0.1 0 0 0 0 0 0 0 0 0 0 0 0 0 0 0 0 0 0 0 0 0 0 0 0 0 0 0 0 0 0 0 0 0 0 0 0 0 0 0 0 0 0 0 0 0 0 0 0 0 0 0
2.1 1.9 1.6 1.5 1.3 1.1 1 0.8 0.7 0.5 0.3 0.1 0 0 0 0 0 0 0 0 0 0 0 0 0 0 0 0 0 0 0 0 0 0 0 0 0 0 0 0 0 0 0 0 0 0 0 0 0 0 0 0 0 0 0 0 0 0 0 0 0 0 0 0 0 0 0 0 0 0 0 0 0 0 0 0
1 1.8 1.7 1.5 1.3 0.1 0 0 0 0 0 0 0.4 0.2 0.2 0.1 0.1 0 0 0 0 0 0 0 0 0 0 0 0 0 0 0 0 0 0 0 0 0 0 0 0 0 0 0 0 0 0 0 0 0 0 0 0 0 0 0 0 0 0 0 0 0 0 0 0 0 0 0 0 0 0 0 0.1 0 0 0
1.3 1.1 0.9 0.8 0.6 0.5 0.3 0.3 0.2 0 0 0 0 0 0 0 0 0 0 0 0 0 0 0 0 0 0 0 0 0 0 0 0 0 0 0 0 0 0 0 0 0 0 0 0 0 0 0 0 0 0 0 0 0 0 0 0 0 0 0 0 0 0 0 0 0 0 0 0.1 0.1 0.1 0.1 0.1 0.1 0.1 0.1
1.2 1.2 1.1 0.9 0.8 0.7 0.6 0.6 0.5 0.4 0.3 0.3 0.2 0 0 0 0 0 0 0 0 0 0 0 0 0 0 0 0 0 0 0 0 0 0 0 0 0 0 0 0 0 0 0 0 0 0 0 0 0 0 0 0 0 0 0 0 0 0 0 0 0 0 0 0 0 0.1 0.1 0.1 0.1 0.1 0.1 0.1 0.1 0.1 0.1
1.3 1.2 1.1 0.9 0.8 1.1 1 0.8 0.6 0.4 0.4 0.2 0.2 0.1 0.1 0 0 0 0 0 0 0 0 0 0 0 0 0 0 0 0 0 0 0 0 0 0 0 0 0 0 0 0 0 0 0 0 0 0 0 0 0 0 0 0 0 0 0 0.1 0.1 0.1 0.1 0.1 0.1 0.1 0.1 0.1 0.1 0.1 0.1 0.1 0.1 0.1 0.1 0.1 0.1
1.6 1.4 1.2 1 0.8 0.7 0.6 0.5 0.5 0.4 0.3 0.2 0.2 0.1 0.2 0.1 0 0 0 0 0 0 0 0 0 0 0 0 0 0 0 0 0 0 0 0 0 0 0 0 0 0 0 0 0 0 0 0 0 0 0.1 0.1 0.1 0 0.1 0.1 0.1 0.1 0.1 0.1 0.1 0.1 0.1 0.1 0.1 0.2 0.2 0.2 0.2 0.2 0.1 0.1 0.1 0.1 0.1 0.1
1.3 1.3 1.3 1.1 0.6 0.5 0.5 0.5 0.4 0.4 0.3 0.3 0.3 0.3 0.3 0.2 0.2 0.2 0.2 0.1 0.1 0.1 0 0.1 0.1 0.1 0 0 0 0 0 0 0 0 0 0 0 0 0 0 0 0 0.1 0.1 0.1 0 0 0 0 0 0.1 0.1 0.1 0.1 0.1 0.1 0.2 0.2 0.2 0.1 0.1 0.1 0.1 0.1 0.1 0.2 0.2 0.2 0.2 0.2 0.2 0.2 0.2 0.1 0.1 0.1
0.6 0.6 0.6 0.6 0.5 0.5 0.5 0.4 0.4 0.4 0.3 0.3 0.3 0.3 0.2 0.2 0.3 0.2 0.2 0.2 0.2 0.2 0.1 0.1 0.1 0.1 0.1 0.1 0.1 0.1 0.1 0.1 0.2 0.1 0.1 0.1 0 0 0.1 0.1 0.1 0.1 0 0 0 0.2 0.2 0.2 0.1 0.1 0.1 0.1 0.1 0.1 0 0.1 0.1 0.1 0.1 0.1 0.1 0.1 0.1 0.1 0.1 0.1 0.1 0.1 0.1 0.2 0.1 0.1 0.1 0.1 0.1 0.1
1.2 1 0.7 0.6 0.5 0.6 0.5 0.4 0.4 0.3 0.3 0.5 0.3 0.3 0.4 0.4 0.2 0.3 0.3 0.1 0.1 0.2 0.2 0.2 0 0.1 0.1 0.1 0 0.1 0.1 0 0.3 0 0 0 0 0 0 0 0 0 0 0.1 0.1 0.1 0.1 0.1 0.1 0 0 0 0 0 0.1 0.1 0.1 0.1 0.1 0.1 0.1 0.1 0.1 0.1 0.1 0.1 0.1 0 0 0 0 0 0.1 0.1 0.1 0.1
0.7 0.6 0.6 0.6 0.5 0.6 0.5 0.5 0.5 0.4 0.3 0.3 0.5 0.5 0.5 0.5 0.5 0.3 0.4 0.4 0.4 0.2 0.2 0.2 0.2 0.2 0.2 0.1 0.1 0.3 0.3 0.1 0.1 0.1 0 0 0 0.1 0.1 0.1 0.1 0.1 0.1 0.1 0.1 0.1 0.1 0.1 0.1 0.1 0 0.1 0.1 0 0.1 0.1 0.1 0.1 0.1 0.1 0.1 0.1 0 0 0.1 0.1 0 0 0.1 0.1 0 0 0 0 0 0.1
0.6 0.6 0.5 0.5 0.5 0.6 0.6 0.3 0.3 0.3 0.2 0.2 0.3 0.3 0.5 0.5 0.4 0.3 0.3 0.2 0.2 0.3 0.4 0.4 0.5 0.4 0.4 0.4 0.4 0.3 0.3 0.2 0.2 0.2 0.2 0.1 0.2 0.2 0.2 0.2 0.2 0.1 0.1 0.1 0.1 0.1 0.1 0.1 0 0.1 0.1 0.1 0.1 0.1 0.1 0.1 0.1 0.1 0.1 0.1 0.1 0.1 0.1 0 0 0 0 0 0 0 0 0 0 0 0 0
0.5 0.5 0.6 0.6 0.5 0.5 0.5 0.4 0.4 0.4 0.4 0.3 0.3 0.3 0.3 0.2 0.2 0.3 0.3 0.3 0.3 0.2 0.3 0.3 0.3 0.3 0.3 0.3 0.4 0.3 0.3 0.3 0.3 0.3 0.2 0.1 0.1 0.1 0.1 0.1 0 0 0 0.1 0.1 0.1 0.1 0.1 0.1 0.1 0.1 0.1 0.1 0.1 0.1 0 0 0 0 0 0 0 0 0 0 0 0 0 0 0 0 0 0 0 0 0
