datasets/global_precipitation_1950_2017/rasters/precip_1974-total.asc
NCOLS 720 
NROWS 347 
XLLCORNER -180 
YLLCORNER -90 
CELLSIZE 0.5 
NODATA_value -9999 
[rows 306 to 339 of 347, columns 532 to 607 of 720]
361.6 380.5 398.4 412.5 425 437.5 450.4 463.9 477.7 488 498.7 508.6 520.2 528 532.9 537.6 541.2 546.4 549.7 550.5 551.6 552.9 553.4 552.1 549.2 545.7 540.8 536.2 530.6 523.9 517 510.3 503.3 496 488.4 481.2 476 467.6 461.4 458.7 451.3 447.1 444.2 442.1 440.9 440.7 440.9 442.2 440.6 443.7 449 452.4 458.9 464.6 468.6 478.5 479.7 486.9 498.4 504 510.3 516.7 523.2 530.2 537.3 544 550.4 556.2 561.9 568.5 575.9 577.7 582.8 587.9 593.4 598.4
339.9 348 367.2 384.2 397.6 410.3 422.8 437.2 451 466.1 477.2 487.8 498.1 506.9 513.6 521 528.3 534.6 539.1 541.6 542.8 544.2 544.9 544.5 543.4 540.9 536.4 530.3 524.4 517.3 510.4 502.8 495.5 488.7 482.1 474.8 466.3 456.6 450.4 448.5 447 443 438.6 436.4 436.6 437.9 439.8 442.3 444.2 445.4 449.9 449.4 455.7 461.8 467.8 472.4 477.5 482.9 489.2 496.8 503.7 510.6 517.5 523.5 530.1 536.3 542.1 547.7 553.8 560.5 566.8 574.3 581.3 587 591 594.9
305.4 318.2 332.8 348.4 365.4 382.1 393.2 409.2 424.8 438.7 452.6 465.7 474.2 483.5 496.2 504.6 511.6 517.8 522.9 528 531.9 534.6 529.3 529.6 534.2 531.4 526.6 521.1 515.6 509.7 503.1 495.2 487.8 480.9 473.3 466.6 458.9 456.8 452.6 442 442.7 437.5 435.4 433.3 433.3 433.9 435.2 437.5 439.2 441.1 443.4 446.9 448.1 453.7 459.1 464.5 470.1 476 482.1 488.4 494.6 501.7 506.8 513.3 519.7 524.4 529.3 535.2 541.4 547 553.8 561.3 569.2 575.2 579.4 583.1
272.5 289 303.3 323 335.5 349.2 371 387.6 403.3 418.3 423.7 436.4 446.2 456.6 469.4 478 496.6 503.8 509.3 513.8 505.7 508.2 502.7 502 507.8 504.3 509.9 503.9 497.6 490.6 476.4 469.3 459.3 452.7 447 440.1 433.3 427.7 423.2 418.2 415.2 412.4 410.7 409.1 409.2 409.7 410.7 412.6 414.6 417.6 420.8 424.7 429.3 428.5 435.9 440.5 445.3 451.9 457.7 463.6 471.5 480.6 479.9 486.5 494.6 494.8 506.4 511.9 518.3 521.8 527.3 535.6 544.1 551.1 555.1 558.9
266 278.3 281.9 303.7 316.3 328.9 342.5 357 366 383.2 397.4 409.4 418.6 427.5 439.1 449.8 458.3 462.3 464.7 465.9 465.6 463.8 451.6 446.7 455 450.5 444.7 438.9 432.2 425.3 418 410.5 398.1 391.8 390.1 384.4 379.1 374.5 364.9 362.4 359.3 358.4 357.5 357 358 358.2 360.7 362.9 365.1 367.9 371.3 375 379.7 382 387.1 392.1 396.4 402.8 408.6 414 423.8 431.7 439.6 448 444.4 452.7 461.1 467 474 477.5 481 486.2 495 502.5 506.8 515.5
246.7 255.1 260.8 269.2 277.6 289.1 303.2 315.4 320.4 334.6 346.5 355.5 362.4 369.2 376.8 384 390.7 396 397 393 387.8 382.3 377 372.5 369.2 364 357.4 349.2 340.1 332.2 329.7 318.1 313.2 306.7 301.3 297.8 295 293.1 292.1 290 288.9 284.3 284.4 288.1 290 289.8 291.7 296.4 301.3 303.9 306.5 309.3 312.5 315.1 320.6 325.5 331.3 336.3 341.7 347.4 353.2 359.4 365.9 373.3 379.4 385.8 392 397.7 403.5 409.4 412.4 419.1 424.6 431.8 439.6 442.3
213.1 216.7 220.1 226.4 230.8 236.3 247.8 247.7 255.7 266.1 274.8 281.4 286.3 289.8 292.8 293.7 294.5 293.7 291.8 289.3 286.5 283.8 281 275.9 268.8 261.1 251.5 241.2 234.1 232.1 229.7 227.8 226.4 221.5 212.4 203.4 194.9 226.3 224.4 223.1 222.5 222.2 222.8 223.2 223.5 224.6 226.7 236.2 234.9 235.7 239.4 243.4 247.6 251.4 254.1 260.6 262.5 265.2 270.1 277 282.8 286.7 296.1 300.8 302.8 308.9 313 320 325.5 331.7 336.4 342.4 348.2 354.2 359.8 366.4
169.8 171.1 173.5 176.3 177.9 179.4 180.8 181.7 185.1 192.1 198.1 203 207.3 208.4 207.3 204.9 202.2 198 196.8 197 197.2 197.5 197.9 194.7 187.5 179.7 171.6 163.4 159.7 159.9 160.2 161 162.2 159.2 152.8 146.3 140.2 134.7 177.4 177 176.3 176.5 176.5 177.3 177.3 177.8 178.8 185.5 186.1 190.3 193.1 196.6 199.8 202.1 204.1 205.8 208.2 210 213.6 217.9 222.4 226.9 231.3 235.3 238.2 241.5 244.7 251.3 256.8 262.6 266.1 270.3 275.1 279.7 282.3 288.3
125.6 125.5 128.3 128.3 127.8 127.5 126.9 125.8 127.1 132 136.7 140.7 144.2 144.6 142.3 139.1 136.2 133.2 133.1 135.7 137.7 139.2 140.6 138.8 133.3 128 122.8 117.8 115.9 117.3 119.3 121.4 123.3 121.9 117.6 113.5 109.9 106.4 106 107.9 110.7 113.3 116.6 120.2 123.8 127.9 146.4 147.3 149 150.2 157.7 160.9 164.7 166.6 169 166.8 169.4 172.3 174.5 176.4 178 184.8 186.7 189.4 192.5 190.8 193.9 195.6 200 195.3 204 208 212.8 215.9 218.1 224.5
85.9 87 89.2 88.6 87.8 86.8 85.7 84.6 85.6 89.9 93.7 97.1 100.8 101.6 99.7 97.9 96.7 96.1 96.4 98.1 99.8 101.1 102.6 102.5 99.7 97.4 95.1 92.8 92.2 93.6 94.9 96.5 98.1 97.8 95.2 92.5 90.4 88.2 88 89.6 91.9 93.8 95.9 98.4 101.1 104.1 107.4 110.4 113.8 117.2 120.9 124.6 128.7 131.2 139.3 140.1 142 143.9 145.2 146.1 147.5 142.8 143.1 144.9 143.4 141.9 140.5 138.5 154.8 156.2 158.3 160.3 163.9 166 167.7 169.2
51.3 55.1 58.3 58 59.4 59.6 59.6 60.2 61.6 64.6 67.6 70.5 73.5 75.1 75.2 75.3 75.6 74.7 75.1 76.9 78.5 79.8 81.3 81.5 80.1 78.4 76.9 75.7 75.8 76.6 77.9 79.7 81 81.2 79.5 78.1 76.8 75.5 75.5 76.8 78.2 79.6 81.1 82.7 84.3 86.4 88.2 90.7 93.3 96.2 98.7 101.9 105 105.6 107.9 109.6 113.1 115.2 116.4 103.6 106.7 110 113.9 114.7 113 111 109.1 107 127.6 126.6 124 121.2 127.4 128.5 133.2 120.7
35.7 38.7 40.8 41 41.5 41.5 42 45.2 47.1 49.3 51.9 54.6 57.4 59.1 59.5 59.4 59.2 58.9 59.4 60.8 62.4 63.8 65.3 65.7 64.8 64.3 63.6 63.3 63.3 64.7 65.6 67.2 68.4 68.8 67.7 67.4 66.6 66.3 66.4 67 68.2 69.1 70.2 71.3 72.5 73.4 74.9 76.2 77.4 78.7 80.6 81.5 80.4 80.6 83.2 82.7 81.7 80.5 81.1 83.4 85.5 88.2 90.9 91.4 89.8 88.1 86.2 84.3 97.4 94.9 92.8 93.8 96.1 98.1 95.9 93.7
26.9 28.8 30.2 30.8 31.3 32.3 33.2 35 36.8 38.1 39.3 39.7 41.2 42.6 44.1 45.2 46.6 47.3 48.1 49.3 50.4 51.5 52.7 53.4 53.5 53.3 53.5 53.9 54.7 55.9 56.8 58 59.3 59.4 59.5 59.7 59.5 59.8 60.2 60.8 61.2 61.7 62.2 62.7 63.3 63.9 64.6 65.3 65.5 64.6 64.1 63.7 64.7 65.9 67 68.2 67.1 66.2 66.3 67.5 69.1 70.8 72.8 73.1 71.9 70.7 69.2 68 68.2 70 73.8 73.7 73.6 71.6 70.1 69
20.5 22.1 23.4 24.3 24.9 26.2 27.3 28.8 29.7 30.9 31.4 32.1 32.9 34.2 35.3 36.7 37.6 38.7 39.6 40 40.6 41.3 42.4 43.3 44.3 45.4 46.2 46.9 47.9 49.5 50.3 51.7 52.5 53.4 53.7 54.2 54.5 54.7 55.2 55.8 56 56.3 56.6 56.8 57.1 56.9 56.1 55.8 55.1 54.6 54.8 54.6 54.8 54.9 55.2 55.4 55.3 55 55.2 55 54.9 54.7 54.9 54.9 54.9 55.2 54.2 54.4 55.1 52.6 51.7 50.9 50.2 49.5 57.8 56.4
15.1 15.9 17.3 18.3 19.5 20.3 21.7 22.4 23.3 24.2 25 25.6 26.3 27.5 28.6 29.6 30.5 31.5 32.6 33.2 33.9 34.8 35.5 36.3 37.5 38.5 39.5 40.9 42.2 43.3 44.6 45.6 46.7 47.7 48.4 49.3 50.3 50.9 51.4 51.7 51.7 51.9 51.8 51.7 51.4 50.9 50.4 50 49.3 48.8 48.4 47.8 47.4 46.8 46.4 46.4 46 45.7 45.6 45.2 44.4 43.9 43.6 43.2 43.7 42.9 41.3 42 42.9 42.8 42.5 42.7 42.5 42.3 45.1 44.6
10.6 11.6 12.4 13.5 14.4 15.3 16.1 16.9 17.9 18.5 19.2 19.9 20.5 21.3 22 22.9 23.5 24.3 25.4 26.5 27.3 28 29.1 30.1 31.1 32.2 33.6 34.7 36 37.5 38.7 40.1 41.6 42.5 43.7 44.9 45.9 46.8 47.1 47.8 47.9 47.8 47.8 47.4 46.7 46.3 45.4 44.5 43.6 42.6 41.6 40.8 40.1 39.3 38.4 37.9 37.2 37.5 36.9 36.1 35.7 35.8 35.1 34.7 33.8 33.9 33.9 35.5 36.1 35.1 35.9 36.5 37.5 37.9 38.5 39
7.8 8.4 8.8 9.4 9.7 10.3 11.2 11.9 12.8 13.4 14 14.7 15.4 15.9 16.7 17.2 18 18.2 19.1 19.5 20.3 21.2 22.7 23.3 24.1 25.3 26.4 27.5 28.9 30.1 31.4 32.7 33.9 35.5 36.8 38.1 39.4 40.5 41.5 42.2 42.7 42.8 42.3 41.5 40.3 38.9 37.7 36.3 35.2 33.8 32.9 31.6 30.9 30.1 29.5 28.9 28.5 28.2 27.8 27.8 27.5 27 27.2 27.7 28.2 28.7 29.1 29.7 30.2 30.8 31.3 32.3 32.9 33.7 35.4 35.9
5.8 6 6.3 6.6 7 7.4 8.1 8.4 8.4 9 9.2 9.7 10.4 10.9 11.7 11.8 12.5 12.8 13.2 13.5 14.2 14.7 15.5 15.9 16.4 16.7 17.4 18 19 19.7 20.2 21.1 22.2 22.7 23.8 24.8 25.8 26.9 27.9 29.4 30.4 30.8 29.5 27.3 25.1 23.5 22 20.8 20 19.6 19 18.8 18.2 18.5 18.5 18.6 18.7 19 19.6 19.8 20.3 20.7 21.4 22.2 22.4 23.3 24 24.4 25.6 26.4 27.7 28.9 30.3 31.5 32.7 34
4.9 5.1 5.3 5.4 5.7 5.9 5.9 6.1 6.2 6.6 6.7 6.9 7.1 7.3 7.3 7.7 7.7 7.8 8.1 8.2 8.4 8.3 8.4 8.6 8.7 8.8 8.9 8.9 9.1 9.2 9 9.1 8.6 8.3 8.1 7.9 7.5 7.2 6.7 6.9 6.8 6.8 7.2 7.4 7.6 7.9 8.1 8.6 8.8 8.9 9.3 9.7 10.3 10.4 10.8 11.6 12 12.7 13.4 13.9 14.6 15.7 16.7 17.7 18 19.3 20.4 21.6 23.1 24.4 25.3 26.9 28.8 30.2 31.7 33.6
4.5 4.5 4.5 4.6 4.6 4.6 4.6 5.1 5 5.1 5.1 5.1 5.3 5.4 5.6 5.5 5.7 5.5 5.6 5.6 5.7 5.6 5.5 5.4 5.2 5.4 5.2 5.2 5.4 5.4 5.4 5.7 5.7 5.9 6.4 6.8 7.4 7.6 7.9 8.4 8.6 8.8 9 9.4 9 9.1 9.2 9.2 9.3 9.6 9.5 8.7 8.7 9 9.1 9.7 10.2 10.7 11.2 11.8 13 13.8 14.7 15.1 16.3 17.3 18.5 20.1 21.7 23.1 24.9 26.5 28.1 30 31.9 33.1
4.3 4.3 4.2 4.2 4.1 4.1 4.1 4 4.1 4.1 4.1 4.1 4 3.9 3.8 3.9 3.9 3.7 3.6 3.4 3.5 3.4 3.4 3.2 3.4 3.4 3.9 4 4.6 5 5.4 5.9 6.4 6.3 6.7 7.7 8.1 8.3 8.4 8.8 9.1 9 9.2 9.3 9.4 9.5 8.6 8.8 8.8 9 9.1 9.2 9.2 9.6 9.8 10.2 10.2 11 11.6 12.2 12.7 14.3 15.4 16.3 17.6 19.3 20.6 21.7 23.4 24.9 26.4 27.6 29.6 31.3 33 34.3
4 4 4 4.1 4 3.9 3.9 3.8 3.7 3.7 3.6 3.6 3.3 3.4 3.2 3.2 2.9 3 2.8 2.7 2.7 2.8 3.2 3.3 3.4 3.8 4.1 4.4 5.4 5.8 6 6.1 6.6 6.9 7.3 7.5 7.8 8.1 8.3 8.5 8.9 9 9 9.3 8.1 8 8.3 8.5 8.7 8.8 9 9.5 9.7 10.5 10.8 11.1 11.3 11.4 12.2 12.8 13.5 14.1 15.2 16.1 17.3 18.5 19.6 21 22.5 24.8 26.3 26.7 28.3 30.1 31.9 34
4 3.9 3.9 3.8 3.9 3.8 3.7 3.7 3.6 3.5 3.5 3.3 3.2 4.1 3.8 3.8 3.6 3.6 3.5 3.3 3.3 3.2 3.2 3.3 4.1 4.3 4.5 5 5 5.3 5.3 5.8 6.2 6.5 6.7 7 7.2 7.6 8 7.6 6.5 6.1 6.3 6.6 6.6 6.8 7.4 7.4 8.7 9 9.4 8.8 9.1 9.5 10 10.6 11 11.8 12.3 12.6 13.6 13.8 14.9 15.8 17.1 18.2 19.2 20.5 21.8 22.8 24.2 27.1 27.2 29.3 31.3 32.6
4.2 4.2 4.3 4.2 4.2 4.1 4.1 4.3 4.3 4.4 4.1 4.1 4.3 4.2 4.2 4.4 4.2 4.1 4 4.1 4 3.9 4 4 3.9 4.1 4.3 4.5 4.7 4.9 5.1 5.4 5.7 5.9 6.2 4.8 5 5.5 5.5 5.7 6 6.2 6.5 6.9 7 7.3 7.8 8.1 8.7 8.6 9.3 9.3 9.6 9.8 10.3 11.1 11.7 12.1 12.5 15.1 15.7 16.8 17.6 18.6 19.7 20.8 21.7 22.7 24 22.1 23.4 24.7 26 27.9 30.1 32.4
4.4 4.3 4.3 4.4 4.3 4.4 4.4 4.3 4.3 4.3 4.3 4.2 4.2 4.2 4.2 4.1 4.3 4.1 4.2 4.2 4.2 4.2 4.1 4.1 4 4 4.2 4.2 4.2 4.4 4.4 4.7 4.8 4.9 4.9 5.1 5.4 5.6 5.7 6.3 6.1 6.6 6.9 7.2 7.5 7.9 8.1 8.2 8.8 8.9 9.2 9.7 10.3 10.8 11.1 11.6 12.3 12.9 13.3 14.1 14.8 15.6 16.3 17 18 18.8 19.9 20.5 21.5 22.6 23.5 24.5 26 27 28.4 30.1
4.5 4.7 4.6 4.6 4.6 4.6 4.5 4.5 4.6 4.6 4.5 4.5 4.5 4.5 4.5 4.5 4.5 4.5 4.5 4.5 4.6 4.5 4.5 4.6 4.6 4.5 4.6 4.6 4.6 4.7 4.8 5.1 5.1 5.2 5.1 5.3 5.6 5.9 5.9 6.6 6.9 7 7.3 7.9 8.1 8.5 8.7 9.1 9.6 10 10.2 10.6 10.8 11.4 11.8 12.5 13 13.5 14.2 15 15.4 16 16.9 17.6 18.5 19.4 19.7 20.9 21.8 22.7 23.5 24.7 25.5 26.7 27.8 28.8
4.8 4.8 4.8 4.8 4.7 4.7 4.7 4.7 4.8 4.8 4.7 4.7 4.7 4.7 4.7 4.6 4.6 4.7 4.7 4.8 4.9 5.1 5.1 5.1 5 5.1 5.3 5.3 5.3 5.6 5.2 5.5 5.7 5.9 6.1 6.6 6.6 6.8 7.1 7.4 7.7 7.9 8.1 8.1 8.4 9.1 9.5 9.8 10 10 10.6 11 11.5 11.9 12.4 12.7 13.7 13.9 14.5 15.2 15.7 16.4 16.9 17.7 18.5 19.1 20 20.5 21.2 22.4 23.1 24.1 24.9 25.6 27.1 28
4.9 4.9 4.9 4.9 4.9 4.8 4.7 4.7 4.7 4.7 4.9 4.9 4.9 5.3 5.3 5.3 5.3 5.3 5.4 5.4 5.3 5.3 5.4 5.5 6 5.7 5.7 5.8 6 6 6.4 6.7 6.7 6.8 6.9 7 7.3 7.5 7.7 7.9 8.3 8.5 8.8 8.9 9.1 9.2 9.6 10.1 10.4 10.5 11 11.2 11.7 12.2 12.5 13 13.7 14.2 14.5 15.4 15.6 16.2 16.8 17.4 18.3 18.6 19.7 20.2 20.8 21.6 22.3 23.2 23.9 24.8 25.7 26.4
5 4.9 4.9 4.9 4.9 4.9 5 5.1 5.1 5.1 5.1 5.2 5.3 5.3 5.5 5.6 5.6 5.6 5.6 5.6 5.7 5.9 5.8 5.8 5.9 6.1 6.1 6.3 6.4 6.5 6.5 6.6 6.9 7.3 7.4 7.6 7.9 8 8.3 8.4 8.7 8.9 9 9.4 9.4 9.8 9.9 10.5 10.8 11 11.3 11.5 11.8 12.3 12.6 13 13.5 13.8 14.2 14.9 15.4 15.7 16.3 17.2 17.5 18 18.8 19.2 19.9 20.5 21.2 21.9 22.5 23.3 23.9 24.9
5 5 5 5 5.2 5.2 5.3 5.4 5.4 5.5 5.6 5.6 5.5 5.6 5.7 5.7 5.7 5.7 5.7 5.8 5.8 5.8 6 6.2 6.2 6.3 6.3 6.3 6.5 6.5 6.4 7.1 7.2 7.5 7.8 7.2 7.4 7.6 7.9 8.1 8.2 8.5 8.8 9 9.1 9.3 9.6 9.9 10.2 10.7 11.3 11.5 11.9 12.5 12.7 13 13.1 13.4 14.2 14.4 14.9 15.3 15.6 16.4 16.9 17.1 17.8 18.2 18.6 19.3 19.8 20.4 21.1 21.6 22.3 23.1
5 5 5 5.2 5.2 5.2 5.2 5.3 5.5 5.5 5.6 5.6 5.6 5.7 5.7 5.7 5.8 5.8 5.9 6.1 6 6.2 6.2 6.3 6.3 6.3 6.3 6.4 6.4 6.5 6.5 6.7 6.8 7.1 7.2 7.3 7.4 7.7 7.7 7.8 7.8 8 8.2 8.5 8.8 8.9 9.1 9.3 9.5 9.7 10.1 10.4 10.5 12 12.4 12.4 12.8 13.1 12.2 12.3 12.6 13 13.4 14 14.6 14.7 15.3 16 16.3 16.7 17.3 17.8 18.5 19 19.4 20.1
4.6 4.6 4.8 4.9 5 5 5 5 5.2 5.3 5.2 5.2 5.3 5.6 5.8 5.8 5.8 5.8 5.8 5.8 5.9 6.1 6.3 6.3 6.3 6.3 6.4 6.4 6.4 6.4 6.4 6.6 6.6 6.8 7.1 7.2 7.4 7.6 7.7 7.7 7.9 8.1 8.3 8.5 8.5 8.5 8.8 9 9.2 9.5 9.7 9.9 10.1 10.4 10.4 10.7 10.9 11.4 11.3 11.7 11.8 12 12.3 12.7 12.9 13.1 13.7 14 14.2 14.5 15 15.4 15.6 15.9 16.4 16.7
4.4 4.5 4.5 4.5 4.6 4.6 4.6 4.7 4.7 4.7 4.9 5 5 5 5.2 5.3 5.5 5.5 5.7 5.8 5.8 5.9 6 6.1 6.1 6.1 6.2 6.4 6.6 6.7 6.7 6.7 6.8 6.9 6.9 7.1 7.1 7.2 7.3 7.3 7.3 7.8 8 8.1 8.1 8.2 8.6 8.8 8.9 9 9.1 9.3 9.6 9.6 9.8 9.9 10 10.5 10.7 10.8 11.1 11.4 11.7 11.7 11.7 12.4 12.4 12.7 12.9 13.1 13.6 13.7 13.9 14.6 14.9 15.1
4 4.1 4.1 4.1 4.1 4.1 4.2 4.2 4.2 4.2 4.4 4.4 4.4 4.6 4.7 4.8 4.8 4.8 4.8 4.7 4.9 5.2 5.2 5.4 5.4 5.5 5.7 5.8 6 6.1 6.1 6.2 6.4 6.5 6.6 6.8 6.8 6.8 7 7.1 7.1 7.2 7.3 7.4 7.5 7.6 7.6 7.8 8 8.2 8.4 8.6 8.8 8.9 9 9.3 9.4 9.4 9.5 9.7 9.7 9.7 10.1 10.3 10.6 10.8 11.1 11.3 11.5 11.5 12 12.1 12.2 12.6 12.7 13
