datasets/global_precipitation_1950_2017/rasters/precip_1990-total.asc
NCOLS 720 
NROWS 347 
XLLCORNER -180 
YLLCORNER -90 
CELLSIZE 0.5 
NODATA_value -9999 
[rows 68 to 101 of 347, columns 456 to 531 of 720]
350.2 324.9 320.1 293.2 251.6 265.8 279.8 289.6 285.3 275.3 281 299 319.9 331.8 324 312.4 303.5 314.9 317.4 289.5 255.3 250.9 255.2 252.4 222.6 196.5 180.9 170 165.6 168 171.5 177.3 181.3 181.7 186.5 192.1 212.9 264.5 283.1 254 229.6 215.1 198 193.4 222.6 322 367.6 346.6 333 330.5 340.2 310.3 240.8 180.5 110.9 294.1 249.7 256.7 260.5 259.1 248.9 253.1 247.6 272 315.3 333.5 315.3 343.3 367.3 378.2 388 391.7 393 390.6 406.8 413.6
310.5 289.9 275 263.7 254 250.2 250.7 249.2 248.2 220.4 236 275.8 295.5 307.1 298.5 267.2 226 269.2 275.4 246 230 247.9 248.2 238.3 215.5 203.1 207.6 171.9 156.3 160.2 167 177.8 183 184.3 200.2 217.7 292.3 424 418.1 274 216.5 188.8 150 135.1 179.9 315.9 385.2 337.7 331.1 314.4 314.1 338.1 280.1 265.4 264.7 267.7 263.7 235.7 228.3 233 245.9 256.8 252.8 267.1 316.1 380.1 364 345.7 358.9 324.1 305.4 281.6 314.6 337.8 349.2 351.1
253.2 219.3 212.9 212 212.3 210.1 215.1 216.6 207.7 187.9 197.8 229.6 251.4 260.2 257.6 245.5 242.3 256.1 261.3 245.8 246.9 255.3 225.3 204.1 188.5 181.5 174 142.8 133.6 144.8 151.4 157.2 164.8 178.5 208.6 245.4 286 329.6 324.5 268.2 225.5 177.3 133.3 103.2 144.9 227 302.1 337.3 319 249.9 257.5 270 275.6 309.8 259.9 222.5 193.4 176.4 186.7 218.9 271.3 274.6 274.3 292.5 317.8 330.3 338.4 328.2 298.4 254.3 232.8 221.3 221 224.3 226 268.2
215 187.3 176 169.1 174.4 183.9 192.1 193.8 186 184.1 183.4 186 196.2 209.6 211.1 212.9 224.9 234.9 229.2 207.3 172 170.4 176.1 167.8 156.6 138.8 129 124.8 125.9 129.7 135.1 134.1 132.6 155.2 194.2 229.6 254.6 259.5 245 217.5 203.5 175.4 153.3 152 179.3 220.8 285 338.8 363.6 286.4 246.6 238.5 235.8 232.7 220.3 201.2 189 181.5 190.9 216.2 247.9 263.9 274.9 287.8 287.2 309.1 357.1 360.2 309.6 263.4 245.4 211.2 190.1 216.5 203.7 213.8
204.2 186.3 166.3 155.3 163.7 177.3 184.5 170.3 165.8 162.2 149.8 140.5 144.8 159.1 168.2 172.1 182.8 194.2 191.7 177.8 161.4 152.3 147 140.8 121.8 95.1 82.4 97.2 109.2 119.5 129.6 139.3 152.7 172.5 189.1 206.2 222.5 223.3 210.2 190.7 171.9 153.4 152.3 168.3 196.2 212.3 246.8 282.6 281.9 240.3 203.9 200.2 199.1 199.3 184.2 176.3 171.1 168.9 173.1 187.3 214.9 242 256.4 275.2 322.4 375.7 442.4 475.5 400 345.6 305.6 265.3 241.2 238.4 206.5 179.1
197.6 190.6 179.5 148.8 126.3 162.4 183.5 189.2 171.4 156.4 138.1 121.6 125.8 143.2 153.2 156.7 165.5 177.7 184.4 169.7 150.1 133.7 132.5 115.8 100.5 88.7 86.4 94.4 110.9 120.9 129.1 149.9 179.9 196.9 192.2 189.6 187.9 181.7 170.5 158.3 150.2 123.3 129.2 149.2 174.3 193.9 217.4 236.1 227.6 200.8 185.4 177.9 166.2 150.8 148.3 153.7 150.7 145.1 157.2 179.9 218.6 259.6 271.2 290.7 359.9 406.5 433.1 429.1 396 379 352.3 313.4 259.9 188.1 144.4 121.5
217.8 199.7 180.7 158.4 149.5 163 172.3 175.7 171.1 158.5 143.5 134 131.4 133.9 145.8 154.6 157 168.3 176.9 168.4 149.7 128.8 112.6 99.1 92 89.7 91.7 100.5 110.4 116 123.4 138 155.3 166.7 173.3 171.1 168.9 166.6 162.9 151.7 136.3 122.8 125.2 129.1 162.2 179.5 183.8 182.6 175.2 173.8 173.1 170.1 166.3 157.9 153.1 152 153.3 151.2 165.9 207.1 270.9 326.9 374.6 436.1 476.9 466 407 333.5 301.8 294.9 288 264.9 234.9 179.6 149.9 141.2
202.3 199.4 179.2 158.1 153 158.6 166.2 174.8 178.8 172.4 157.4 145.3 139.4 141.7 147.6 152.5 160.9 167.3 166.2 159.2 140.3 114.9 95.5 79.9 82 91.8 100.2 112.9 120.3 118.4 123.1 126.1 129.7 147.3 161.2 165.8 165.9 164.5 163.4 153.7 143.4 135.5 131.7 129 147.7 162.1 165.7 170.8 180.6 191.3 195.5 194.7 181 167 159.1 157.8 171.9 188.1 187.3 243 319.3 354.5 455.6 568.2 655.7 643.8 411.6 241.4 151.7 184.6 215 218.1 203.3 189 176.3 164.1
188.9 185.8 163.6 153.5 154.9 154 159.6 170.3 183.3 184.7 171.9 153.5 145.5 152.7 154.3 154.4 168.4 161.1 159 153.5 134.7 115.2 101.3 91.3 90.1 95 100.5 109.3 117.8 124.1 128.9 129.6 134.9 156.3 177.1 184 172.2 149.3 139.5 148.5 155.1 152.6 150.5 158 164.6 169.2 171.3 174 184.9 203.4 228.1 248.6 218.5 181.1 160.9 170.8 188.2 214 238.2 270.9 340.5 447.4 468.6 566.8 658.3 696.8 436.4 235.2 162.1 144.4 147.7 163.8 176.3 182.3 185 185.6
221.9 191.4 166.4 157.4 156 154.2 152.1 160.6 176.1 184.8 167.6 142.8 123.1 125.6 140.6 149.8 159 142.8 152.6 151.8 141.4 131.3 121.9 110.3 103.2 98.3 86.9 103.3 123 136.1 140 143.7 155 172.8 191.8 202.8 188.3 172.8 167.4 174.2 181.2 157.5 138.8 175.6 183.8 184 181.2 172.9 163.4 199.1 235.4 250.2 219.9 185.8 200.1 205 188.6 219.7 257.8 334.3 434.9 652.9 742.2 488.4 416.1 380.2 306.7 220.2 165.6 108.2 119.6 135.2 159.3 179.7 187.5 197.3
296.4 234.6 194.6 180.2 174.6 158.1 150.4 155 158.6 161.3 152.5 128.7 94.2 82.7 116.7 141.8 155.6 163.1 165.2 157.4 148.7 144 137.1 124.5 113.1 102.9 96.4 111.3 134 156.2 156.3 149.2 154.1 165.7 177.1 180.7 178.8 174.6 192.2 218.1 212.8 216.6 237.9 232.5 224.2 220.6 214.4 195.9 183.8 204.6 227.4 263.6 245.3 229.2 261.7 244.4 253.4 237.5 295.4 350.7 410.6 501.4 419.4 231.8 202.1 256.6 276.3 251.8 175.2 109.7 103.7 132.5 164.7 183.4 184.6 186.5
473.2 417.8 260 219.7 207.3 197.8 178.3 165.4 165.5 163.6 156.1 143.3 129.9 122.7 129.5 144.6 158.6 168.7 168.2 157.7 153.3 171.8 142.1 129.9 123 117.5 118.8 125.3 133.8 145.7 143.4 133.8 131.9 138.5 145.5 147.1 160.2 183 203.5 237.5 298.5 381.8 248.2 252.9 252 254.9 260.2 257.4 244.9 240.8 243.2 238.6 330.1 347.7 311.8 310.8 365 449.4 406.2 346 275 343.7 328 271.5 259.9 269.1 277.3 285.6 239.5 176.9 151.9 168 184.7 187.1 177.5 174.1
523.7 506.1 422.5 255 227.3 211.3 181.7 175.7 174.9 172.4 167.8 169.5 166.7 156 149.4 152.3 160.2 156.8 144.6 138.3 129.2 111.8 116 128.8 123 119.8 121.7 125.7 124.4 117.7 111.9 109.5 109.5 111 120.1 132.5 157.4 186.3 209 261.9 312 379 398.6 336.4 279.5 315.7 312.8 290.1 280.7 310.4 365.8 394.9 416.9 420.2 386.6 388.4 465.3 665.4 762.7 620.4 505.6 445.4 398.9 389.1 367.4 385.2 415.7 362.2 334.8 241.3 202.5 217.6 216.7 207.6 182.5 158.6
465.8 467.6 455.5 367.3 237.1 194.3 182.9 181.2 177.3 174.5 173.3 178.1 179.7 172.1 162.9 157.4 148.6 131.1 121.6 114.2 109.6 103.8 109.3 116.3 112 108.4 107.2 104.6 98.8 86.7 76.7 87.4 99.9 105.3 117.3 149.2 188.8 205.6 193 234.5 254 295.6 368.8 505.8 579.5 451.1 354.7 312.9 325.9 339.2 387.7 527.4 505.6 446.2 374.8 423.3 393.2 535.5 600.9 550 644.3 626.3 481.5 412.2 395.6 409.8 426.6 377.8 242.7 159.4 152.9 184.8 202.8 177.4 142.6 136.7
468.1 460 433.5 406.2 348.7 215.9 171.9 178.4 176.9 174 170 168.1 167.9 162.1 155.4 145.1 128.1 111.1 104 101.4 101.2 98.4 113.4 98.6 99.4 99.3 94.4 82.8 74.4 70.6 70.9 83.2 94.5 101.7 123.6 179.5 243.9 262.6 253.8 248.5 242.6 270.5 425.7 524.7 826.1 733.3 553.1 420.1 402.5 555.1 532.9 544.5 474.1 469.6 367.3 236.8 247.5 276 277.9 291.5 364.7 398.2 408.9 416.9 382.9 367.4 358.9 201.3 127.2 98.1 95.3 109 119.6 117 112.3 107.5
419.4 404.1 377.6 344.6 309.3 259.1 176.1 172.7 185.7 184.5 162.9 153.9 149.5 144.8 139.8 131.4 117.3 102.8 95.5 94.2 96.7 99.5 93.2 74.3 91.4 98.8 96.1 82.6 64.2 63.9 78 94.8 108.7 97.1 126 183 259.2 293.9 284.6 277.3 269.5 338.8 426.4 785.5 800.2 667.1 504.6 723.9 554.6 418.7 516.9 479.4 375.2 348.1 309.4 363.1 310.5 282.3 266.8 280.2 280.1 234.7 301.5 260.9 188.4 170.5 131.2 93.3 81.3 71.6 58.8 67.4 80 89.7 92.8 89.8
433.4 393.9 282.8 307.3 260.9 215.6 173.2 161.1 162.4 140.2 128.2 139.1 138.6 133.4 131 127.3 116.2 103 89.6 83.5 90.2 94.4 88 80.6 68.2 92.5 104.9 86.9 80.2 77 78.1 95.8 115 123.6 125.7 174.9 240.3 282.5 299.8 302 310.7 353.8 505.8 680.2 964.6 449.9 334.3 368.6 431.1 951.9 823.6 894.2 575.6 296.2 247.8 225.3 241.7 251.9 256.9 264.4 263.9 257.2 211.8 121.2 75.5 65.9 65.4 64.5 65.9 62.7 57.3 62.3 70.3 79.3 86.6 87.8
505.1 465.8 379.9 300.2 214.1 179 161 148.8 142.5 134 136.8 145.7 143.1 129.6 123.1 126.7 115.8 107.1 94 87.9 91.8 94.9 90.3 85.2 83.9 89.9 99.8 106.6 117.4 100.5 77.2 90.8 114.8 125.3 147.3 197.1 260.5 305.1 323 311.1 297.1 306.9 363.2 412.4 472.4 158.8 175.7 181.2 278.2 384.5 564.6 728.2 505.7 225 195.4 210.7 222.3 226.2 224.9 217.3 231.6 225.5 171.3 107.8 66.7 48.2 41.9 49.3 54.4 55.1 55.7 58.3 65.2 71.8 78.5 79.8
300.6 314.1 252.1 197 181.1 130 125.7 143.4 149.2 156.7 163.1 155 152.3 131.4 125.3 125.3 120.6 112.5 103.1 100.4 103 100.7 93.2 89.4 88.6 93.2 107.8 123.2 137 118.4 104.8 108 117.2 126.7 140.1 203.9 307.3 346.1 349.9 369.4 344.6 319.6 253.8 164.4 169.7 171.2 272.7 256.8 305.4 387.8 440.1 438 309.2 238.8 161.1 141.6 145.9 151.4 128.8 113.9 121.9 122.8 113.8 92.2 63 41.5 35.6 42.1 46.4 47.3 49.1 51.1 53.9 56.5 65.2 67.7
315.2 388 228 209 190.8 150.7 133.8 137.4 143.2 153.1 151.4 141 137.8 131 128.7 130.3 138.6 130 110.7 99.7 98 96.6 92.1 85.9 85.7 92.9 103.8 113.5 114.8 113.5 112.7 118 122 98.5 145.9 251.2 352.5 399.6 409 403.4 395.7 367 361.2 314.4 241.7 273.1 494.3 428.6 395.7 334.6 422.6 258.5 232.1 168.6 111.2 87.2 164.8 109.1 86.5 73.9 74.1 79.6 84.9 77.5 59.6 46 38.9 38.8 39.6 40.4 41 41.9 41.2 39.2 41 42.9
459.4 468.7 391.5 350.2 279.8 199.8 139.2 126.4 123.4 113.8 109.2 122.4 132.1 136.7 126.2 129.9 133.2 150 148 118.5 104.9 101.8 97.6 89.6 90.3 94.7 97.1 99.2 110.6 111.7 108.6 117.2 113 121.5 140.9 237.9 353.7 420.1 456.5 448.9 432.4 531.2 511.4 402.7 558 652.7 600.2 548.3 187.9 462.6 277.8 166.2 157.3 113.1 79 71.8 77.7 80.8 72.1 66.4 68.1 71.9 72.6 69.2 60.7 50.6 42.6 38.4 36.9 36.5 37.3 37 34.5 31 30 29.4
793.6 1125 1011.5 865.3 723.4 490.9 147.5 110.9 107.6 102.9 101.2 114.5 130.8 144.5 152.8 151.5 150.8 216.4 159 133 127.8 124.1 115.6 102.5 98.1 102.5 101.7 102.3 116.1 113.1 107.5 103.8 101.7 123.4 170.8 176.6 333.6 455.5 488.2 516.8 696.4 775.6 715.4 770.2 829.2 744.4 654.2 831.2 1562 686.5 247.5 98.9 91.7 79.6 74.5 71.1 69 60.1 52.2 50.4 52.9 55.4 57.7 59 57.5 52.7 45.3 39.4 36.5 36.2 36.8 36.2 32.5 27.5 23.6 22.2
419.2 1145.5 1177.5 1154.5 1161.9 1190.5 1132.1 445.3 164 135.1 141.3 147.8 162 166.4 171.7 182.8 186.5 226.4 140.8 154.3 149.7 158.6 165.3 156.7 131.2 122 118.8 115.7 112 85.8 104.3 107.3 100.8 130.7 187.7 253.9 332.2 375.1 405.3 372.4 433.4 529.7 773.1 678.2 679.8 485.4 206.7 351.2 360.1 180.6 161.2 93.4 86 95.4 101.3 91.3 62.1 49.5 44.1 44.4 43.3 44.9 50 53.6 55.4 51.1 46 41.2 37.7 36.5 36.3 35.7 31.5 26.2 21.5 18.4
510.8 782.8 1168.4 1176.6 1164.4 1171 1135.6 1046.4 651.4 341.2 218.9 148.3 153.5 153.7 219 236.7 206.8 168.1 143.4 180.4 183.5 192.3 207.6 196.9 157.4 140.5 130.3 120.8 143 117.3 116.4 122.2 129.2 159 179.4 183.4 218.1 264.1 264.2 278.1 294.9 258.5 404.5 400.4 417.7 379.8 245.7 207.2 181.4 109.5 104.5 97.4 110.6 150 151.8 133.9 91.4 57.3 45.5 44.4 40.1 47.4 50.1 56.1 58.6 52.9 46.1 41.4 37.6 35.6 34.8 34.3 31.6 26.7 23.6 21.4
451.3 633.2 1015.4 1086.5 1156.8 1094.3 1119.7 1028.3 834.5 595 386.1 234.4 225.9 260.9 348.5 305.1 237.5 141.4 130.4 170.8 209.4 214.6 230.1 230.6 165 147.5 155.2 130.3 160.3 170.7 161.8 186.1 197.9 188.8 180 169.2 174.6 201.1 195.9 172.9 155.9 206 252.9 350.2 412.5 412.9 267.6 186.4 146.6 131.8 119 113.2 129.9 156.3 157.2 146 116.6 70 53.7 51.4 57.6 53.5 47.3 51 63.5 51 44 40.9 38.2 35.7 35.3 34.1 31.3 27.8 24.6 22.9
418.6 545.5 465.9 630.8 818.2 1258.9 1092.3 1033.5 844.8 752.2 612.4 442.4 343.4 254.1 295 359.9 329.8 146.1 132.2 164 199.1 212.5 222.6 218.5 198.4 179.9 178.2 167.7 169.8 197.2 235.8 276.7 292 271.6 230.5 215.3 207 198.5 205.3 184.3 202.2 284.8 278.8 317.8 382.7 318.6 151.8 87.9 148.9 134.2 132.9 131.6 120.8 113.4 140.7 160.1 160.8 120 83.4 69.4 55.5 48.9 41.8 39.4 44.3 45.7 42.4 44.5 40.2 36.6 35.6 34.4 32.5 29.6 27.2 25.2
509.5 463 410.2 355.3 354.9 585.8 661.5 716.8 695 630.2 662.2 538.8 333 219 771.4 504.2 366.2 168.1 110.8 147.8 172.4 206.1 216.4 222.8 222.1 211.4 203.5 206.8 222.3 239.2 269.5 297.9 334.4 354.2 304 255 225.7 208.6 204.2 221.7 270.1 237.1 345.8 390.3 361.2 298 264.4 260.9 285.1 222.9 138 121.1 106.1 119.9 168.2 207.3 220.8 211.4 152.5 100.9 69.3 50.3 44.8 39.9 40.8 42.4 42.2 41.1 39.7 37.8 36 34.4 33.3 31 28.5 26.9
488.7 408.6 364.6 332.1 300.3 282.2 272.3 221.5 358.6 537.3 655.8 586.2 413 405.5 492.6 477.3 363.2 189 114.8 131 157.5 187.2 212.4 265.2 253.7 247.1 248.8 247.6 257.3 251.1 264.9 302.7 348.6 386.8 347.3 299.6 261.5 211.9 182.4 289.4 493.7 628.9 706.6 645.1 550.9 479.3 425.4 310.9 472.4 432.4 230.2 160 113.7 87.5 245.2 276.5 278.2 263.3 241.2 178.7 112.5 73.1 51.4 41.4 41.4 42.1 42.1 41.7 40.9 40.3 39.3 39.4 38.6 38.6 35.6 32
407.3 345.5 319.9 283.2 254.5 202.9 159.3 124.9 148.6 256.8 494.1 543.2 465.2 456.5 485.9 464.5 367.8 223.3 143.9 141.9 132.4 152.3 189.8 222.7 243.8 253.4 258.2 266.3 278.5 259.9 280.5 299.5 312.2 316.6 305.3 294.3 277.1 242.6 181.4 210.7 470.1 813.3 727.7 560 476.2 541.6 730.6 1361.6 920.2 935.4 926.9 541.2 317 500.5 363 306.9 360.9 329.4 263.7 199.7 147 106.1 77.1 54.9 47.5 46.2 44.6 44.5 46.5 50.5 53.2 57.2 60.3 61.9 61.7 60.3
442 330.8 327.5 275.9 218.9 118.2 112.5 113.8 117.3 133 226.9 401.7 490.2 507 523 474.2 363.6 228.4 169.1 158.5 149.7 154.5 176.9 204.3 229.6 254.6 265 269.9 271.7 275.9 301.6 299.9 293.1 284.6 294.7 278 269.1 279.1 232.7 130.9 285.4 467.2 396.8 414.4 412.4 388.9 691.1 917.1 864.9 1173.8 1475.8 1263.1 1132.1 1155.7 1099.9 590.9 385.2 368 263.7 205.4 153.6 115.9 97 80.4 65.7 54.5 50.1 52.8 61.8 73.2 82.4 87.2 93 99.3 103.6 107.2
416.5 334.2 355.4 290.3 213.1 124.9 97.8 95.5 98.4 116.3 174.3 332.5 531.5 501.9 507.8 466.2 342 225.5 190.2 171.1 155.5 146.4 146.6 158 191.1 240.6 259.1 265.2 267.7 273.7 285 290.7 293.1 282.5 269 272.6 269.2 311.6 308 240.9 283.7 354.6 349.9 452.3 419.3 364 463.5 585.2 594.1 984 1195.8 1151.3 1050.8 802.6 1483.6 802.9 524.3 366.7 241 188.4 148.4 130.7 107.4 87.8 76.8 68.9 64.8 75.1 93 104.3 111.5 117.9 121.2 130.5 134.9 144.1
488.9 509 415.2 301.1 203.1 145.2 95.7 89.5 115.5 211.8 343.1 412.4 361.2 303.9 282.8 270 235.4 208.1 190.3 169 143.7 126.3 117.4 123.3 143.2 187.7 223.9 237.9 246.4 258.9 273.4 287.7 288.7 281 273.8 278.6 282.3 284.9 260 231.8 256.5 302.9 331.6 539.3 669.8 499 505.5 588.9 553.2 734.8 1079.4 1028.2 1283.3 787 811.5 1002.9 905 469.6 284.7 231.7 221.9 160 104.4 82.4 75.2 71.1 74.3 93.1 116.8 126.1 127.9 133.3 137.4 144 156.6 176.3
420.9 440.9 374.5 308.3 152.6 137.5 102.5 97.3 164.8 304.5 426.2 364.1 296.4 256.7 220.7 195.2 180.7 178.6 167.6 146.1 122 101.4 93.6 103.8 118.9 142.2 164.6 182.7 192.3 205.7 229.8 247.1 252.1 262.1 277.3 295.3 305.3 283.8 241.7 213.4 238.6 275.3 329.4 432.4 389.6 376.9 494.9 475.5 571.4 631.9 684.9 807.1 1074 1654.7 1297.1 1026.1 1157.6 1102.8 939.2 821.9 668.6 283.9 91.2 74.2 57.5 49.1 72.6 102.2 124.4 133.3 133.4 135 138.4 148.8 172.4 198.5
334.1 330.7 321.8 289.9 220 159.3 106.8 73.3 204.6 522.9 497.2 323.8 234.8 211.9 196.2 178.3 164.4 154 141 124.3 104.9 86.7 83 89.4 96.9 109 130.5 146.5 157.6 169.5 184.9 210 236.4 262.4 283 305.9 330.6 321.2 275 212.4 204.3 229.7 265.8 267.5 266 270 305.5 313.4 391.7 498.6 594.7 760.7 961.2 1236.4 1764.2 1856.8 2510 1389.6 1114.3 1333.4 1369.9 707.3 185.8 100.9 47.4 46.7 75.6 119.9 138.2 140.6 136.6 133.2 135.5 153 185.2 227.7
