datasets/global_precipitation_1950_2017/rasters/precip_1965-total.asc
NCOLS 720 
NROWS 347 
XLLCORNER -180 
YLLCORNER -90 
CELLSIZE 0.5 
NODATA_value -9999 
[rows 102 to 135 of 347, columns 532 to 607 of 720]
264.6 295.1 296.3 292.8 287 278.4 304.9 330.3 356 378.6 393.1 404.3 443.2 520.6 609.4 660.2 656.3 638.9 624.3 607.8 584.7 556.1 552.3 591.7 655.5 702.2 705.8 717.6 756.6 740.9 722.5 732.1 735.6 683.7 600.2 573.5 532.1 545.4 629.1 614.6 840.9 1060.4 1176.2 1333.2 1284.8 883.8 616.3 612.3 714 784.9 777.4 763.3 817.4 900.3 857 931.3 963.4 946.7 908.8 780.9 929.4 865.4 894.2 935.3 973.2 978.5 1108 1103.3 1079.2 1027 975.5 -9999 -9999 -9999 -9999 -9999
443.3 448 397.3 316.4 273.4 270.8 289.6 313.7 335.6 359.7 377.2 379.1 408.1 517.5 629.7 686.6 695 708.7 744.5 741.2 664.2 614.9 604 634 698.7 719.5 711.5 693.9 722.4 747.2 765.8 784.1 787.4 741.3 691.3 689.3 691.3 726.5 810.6 943.9 1046.9 1209.9 1270.5 1364.6 1347.2 1116.8 895.9 847.5 852.7 838.2 842.8 824.7 828.9 819.3 570.5 877 994.1 938.8 911.8 888.6 910.3 881.8 932.7 951.4 881.5 1038.5 1108.1 1080.6 1015.5 1000.8 996.1 944.5 -9999 -9999 -9999 -9999
919.4 808.1 566.2 345.9 241.6 238.6 279.4 303.7 320.3 350.7 374.1 381.8 414.2 546.6 665.7 706.3 727.7 759.3 807.9 811.1 714.4 642.8 608.6 635 681.9 715.1 721.2 731.2 764.6 791.1 813.3 798 736.7 744.4 795.9 814.7 748.3 790.3 933.4 1090.8 1172.1 1223.3 1175.6 1392.6 1332.7 1216.4 1037.8 1034.5 1047 1038.1 1081.7 1020 906.1 927.8 811.4 881.5 966.6 913.2 894.7 945.2 976.9 1057.8 1107.6 1091.7 1134.6 1241.2 1257.5 1196.1 999.8 971.7 975.3 -9999 -9999 -9999 -9999 -9999
1736.2 1329 785.6 407.5 263 241.6 287.2 327.6 344.7 365.8 392.6 418.7 475.1 595.5 714 728.8 749.8 786.6 817.7 814.3 760 681.8 639.4 637.6 681.5 726.4 754.7 806.5 863.8 862.8 871.2 868.1 799.5 839.4 851.7 728.4 711 884 1128 1289.3 1368.6 1312.4 1383.5 1496.8 1326.8 1274.3 1175.3 1150.3 1136 1114.5 1190.1 1142.6 1011.8 963.3 928.8 908.6 1058.8 1040.9 1072.2 1073.9 1120 1180.2 1193.9 1432.1 1541.8 1406 1285.2 1183.9 1085.6 1015 969.1 -9999 -9999 -9999 -9999 -9999
2179 1755.6 1005.1 471.3 349.5 342.7 357.6 374.1 382 395.2 409.4 423.8 463.3 550.6 647.1 704.4 737.8 790.5 858.4 895.7 839.3 772.1 691.6 669.5 700.8 744.9 743.2 862.4 1024.1 994.9 984.3 984 995 1120.1 1149.1 911.9 872.8 1003 1190.1 1296.7 1312.6 1332.8 1390.3 1560.8 1461.2 1365.4 1327.5 1260.9 1211.3 1135.5 1138.1 1078.5 1095.5 1066.6 1072.7 1055.7 1039.8 1171.6 1258.6 1219.5 1297.2 1262.7 1337.4 1775.5 2238 1754.7 1490.3 1249.6 1185.7 -9999 1205.1 -9999 -9999 -9999 -9999 -9999
2068.7 1640.5 1013.4 510.9 452.3 390.2 417.5 432 416.2 417.5 438.7 399.5 401.7 456.8 566.3 671.8 704.9 752.6 805.6 849.7 884.4 833.3 729.9 696.5 714.2 706.2 712.2 855.3 1017.9 1043 1071.4 1028.5 1023.4 1179.4 1445 1160.9 1164.1 1250.4 1315.9 1303.7 1282.5 1358.8 1269.2 1315.5 1342.5 1342.1 1320.7 1248.7 1206.6 1234.3 1218.3 1167.5 1163.5 1213.1 1253.7 1386.9 1340.5 1269 1251.8 1344.1 1389.7 1521.3 1658.1 1717.9 1831.4 1677.7 1479.4 1317.7 1305.7 1367.4 1349.5 1297.8 1113.8 -9999 -9999 -9999
1707.3 1009.9 385.7 459.8 662.2 314.2 463.6 353.2 399.9 406.8 396.3 355.4 333.8 336 454.2 712.8 962.1 990.5 1174.4 1185.8 1168.2 1143 938.8 713.6 681.4 671.1 708.3 812.1 885.3 1013.5 1180.7 1153.6 1076.1 948.5 1432.1 1402 1260.1 1301.4 1350 1328.3 1288.5 1307.6 1357 1306.8 1270.8 1303.7 1294.9 1226 1204.2 1335.5 1413.6 1393.1 1338.6 1331.4 1305 1369.2 1459.9 1457.5 1468.8 1515.6 1573.1 1573 1866.7 1765.3 1757.4 1690.3 1557.2 1380.2 1074.1 1426.6 1451.7 1372.3 -9999 -9999 -9999 -9999
695.8 290.7 176.3 742.4 1207.5 1683.9 959.1 289.6 362.9 359.2 341.2 303.6 288.5 269.7 286.2 1246.7 2454.5 3065 3362.8 2774.9 2365.7 2311.3 1867 1019.8 765.7 645 672.6 773.6 862.7 1024.7 1181.6 1153.9 1120.7 1123 1153 1152 1220 1282 1430.8 1371.5 1282.9 1291.8 1383.5 1285.7 1280.8 1295.7 1309.3 1326.7 1421.2 1492.9 1537.2 1528.6 1435.6 1394.8 1376.4 1405.4 1477 1481.9 1492.4 1532 1529.5 1492.9 1631.9 1739.9 1750.9 1729.7 1598.3 1422 1427.1 1692.9 1455.2 -9999 -9999 -9999 -9999 -9999
946.8 794.3 1074.3 1569.6 1582.2 1241.4 852.8 628.6 432.4 372.5 421.7 256.2 229.9 208.5 330.4 3190.6 4433.7 4463.1 3969.6 2813.8 2353.4 2442.5 2710 1772.5 1098.8 692 687.1 804.6 914 1041.3 1145.2 1171.2 1163.3 1127 1039.1 906.3 1138.8 1262.9 1309 1272.7 1170.1 1071.1 1154.9 1168.9 1148.7 1240.7 1330.7 1388.2 1512.1 1532.8 1491.2 1467 1430.4 1401.5 1410.5 1440.9 1479.7 1458.7 1386.1 1435.7 1547.8 1613.5 1585.6 1794.1 1771.9 1713.4 1588.6 1442 1517.8 1583.7 -9999 -9999 -9999 -9999 -9999 -9999
2146.9 1450.9 2295.3 1567.6 1816.4 1063.8 465.5 1383.6 2881.2 2892.4 2263 1484.4 513.2 471.3 1744.2 3343.5 3599.2 3649.9 2710.5 2094.3 2098.4 2482.3 3201.9 2918.1 1917.1 1129 871.9 932.6 1012.1 1063.7 1126.2 1170.7 1173.1 1139.7 1049.5 971.3 1030.1 1075.6 1061 1087.5 1109.9 1073.6 1153 1166.8 1149.9 1284 1390.3 1445.3 1485.9 1437.4 1388.4 1375.8 1430.6 1454.8 1451.7 1450.2 1500.5 1466 1392 1456.3 1605.6 1616 1674 1907.7 1841.4 1709.2 1650.1 1599.2 1608.6 -9999 -9999 -9999 -9999 -9999 -9999 -9999
1635.9 1709.9 831.2 1222.4 2300 2164.4 2189.3 4535 4556.2 2979.2 2388.3 2141.1 1588.1 1634.9 2037.6 2793.6 3157.4 2011.2 2056.8 1978.1 2027 2545 3209 3453 2907.3 1725.8 1102.7 1095.5 1036.1 1053.9 1089.2 1120.6 1115.6 1094.8 1021.5 915.7 1069.6 1041.6 930.5 1091.2 1214.5 1219.1 1226.5 1263.4 1353.5 1400.9 1412.4 1385.9 1427.4 1399.4 1331.2 1312 1426.3 1630 1458.4 1413.4 1398.7 1378.5 1411.4 1520.5 1634.3 1475 1615.4 1691.4 1670.8 1692.4 1629.4 1639 1650.2 -9999 -9999 -9999 -9999 -9999 -9999 -9999
1617.1 1347.6 1488.5 1827.3 2809.7 3112.9 3905.6 4751.9 4340.6 2964.5 2680.9 1967.5 1800 1988.3 2071.3 2012.3 2023.3 2197.6 2202 2092.3 2085.1 2607.9 3084.5 3333.3 3086.1 2055.8 1184.3 1185.2 1091.1 1085.6 1079.9 1144.7 1214 1111.7 1090.5 1090.7 1178.9 1203.5 1232.2 1347.2 1377 1366.2 1324.7 1382.7 1405.3 1398.6 1444.2 1455.9 1434.7 1436 1380.3 1360.7 1289.4 1234.6 1344.9 1323.1 1316.3 1308.7 1357.8 1547.9 1733.6 1631.4 1604 1648.5 1631.3 1620.3 1539.6 1675.9 -9999 -9999 -9999 -9999 -9999 -9999 -9999 -9999
799.5 1455.9 1458.2 1803.6 2206.3 3011.9 3206.1 3687.7 2950.1 2864.8 2114.8 1597.2 1589.4 1516.9 1845.3 1709.3 2490 2472.9 2497.2 2393.5 2037.6 2297 2744.8 2848.4 2436.5 1903.3 1289.5 1174.1 1159.1 1101.1 992.9 993.2 1099 1022.7 1000.6 1104.4 1308.8 1520.5 1599.6 1557.3 1463 1359.2 1316.9 1333.5 1302.5 1286.3 1444.7 1561.9 1554.6 1475.3 1423.1 1426.2 1353.6 1305.8 1293.3 1299.7 1287.9 1293.5 1342.2 1538.5 1660.3 1609.8 1490.4 1594.6 1683.8 1534.8 1362.3 -9999 -9999 -9999 -9999 -9999 -9999 -9999 -9999 -9999
592 1086.2 1350.3 1227.4 1398.8 1578.7 1894.2 2733.5 2847.9 2397.3 1983.6 1986.1 2007.3 1480.6 1160.9 1578.8 2018.3 2247.9 2354.1 2095.8 1879.2 2056.1 2190.7 2134.4 1962.3 1534.7 1241.5 1187.5 1209.6 1101.1 885.1 703.2 874.2 999.2 1012.5 1083.9 1470.1 1824.4 1832.6 1708 1503.5 1359 1293.5 1268.9 1252.9 1263.9 1542.7 1682.9 1675.8 1600.5 1463.1 1401.8 1349.8 1306.3 1271.1 1299.6 1323.4 1314.4 1336.4 1536.9 1743.4 1606.6 1446.2 1570.1 1701.7 1424.7 1235.6 -9999 -9999 -9999 -9999 -9999 -9999 -9999 -9999 -9999
789.6 830.4 1483.6 1391.6 1411.8 1357.9 1575.6 2051.9 2574.9 2571.9 9255.2 10232.3 3575.7 3155.8 2775.1 2263.3 1948.8 2013.5 2175.7 2012.5 1963.7 2049 2096.9 1916.2 1517.4 1350.6 1210.9 1183.5 1117.7 1026.6 840.3 820.5 997.4 1146.9 1119.1 1141 1416.6 1740.8 1891.4 1759 1511.4 1350.7 1344.7 1384.7 1428.9 1503.1 1672.5 1766 1671.4 1655.5 1533.4 1379.2 1333.1 1234.3 1223 1303 1390.2 1390.3 1407.9 1483.1 1543.8 1496.1 1464.2 1414.9 1265.9 1045.9 949.9 -9999 -9999 -9999 -9999 -9999 -9999 -9999 -9999 -9999
1069.4 763.1 719 1110.5 1197 1350.2 1511.7 1980 2171.5 2221.5 4125.9 3692.3 3273 2863.4 3161.5 1752.6 1937.3 2381.5 2368.3 2105.9 1879.2 1852.8 1910.8 1731.5 1544.3 1462.3 1318.5 1237.4 1194.2 1056.6 865.4 855 976.7 1079.7 1099.8 1118.4 1237.6 1515.4 1681.8 1592.9 1427.6 1336.5 1381.1 1466.9 1520.2 1659.8 1626 1757.8 1671.9 1599.2 1473.5 1367.6 1364.6 1313.1 1223.6 1215.4 1495.4 1590.7 1498 1408.4 1338.1 1382.5 1364.5 1272.3 1022.7 875.5 -9999 -9999 -9999 -9999 1967.7 1529.3 -9999 -9999 -9999 -9999
817.7 951.3 1117.7 1188.8 1161.9 1358.4 1451.8 1976.4 2093.7 2229 2325.6 2031.8 2412.1 2307.3 1519.7 1829 2917.5 2619.3 2526.4 2250.7 1868.8 1716.5 1788.5 1497.3 1639.8 1688.9 1492.6 1354.1 1289.1 1203.4 987.2 878.2 860.4 882.6 1021.6 1115.7 1163.5 1101.6 1175.6 1289 1338.2 1311.9 1348.4 1548.3 1645.4 1686.8 1733.9 1642 1422.5 1527.5 1419.8 1421 1495.6 1596.9 1705.8 1677.8 1746.3 1753.2 1548.7 1351.8 1202.1 1268.3 1230.5 1185.3 -9999 -9999 -9999 -9999 -9999 1904.5 3156.8 -9999 -9999 -9999 -9999 -9999
969.7 938.7 1124.2 896.4 1106.7 1335.7 1461 -9999 -9999 2112.9 2394.3 1969.4 2171.1 1628.8 1814.4 2137.9 2653.4 2651.4 2506.4 2398.8 1792.4 1586.1 1571.4 1436.3 1527.2 1619.1 1605.1 1419.1 1312.3 1336.2 1230.9 930.2 867.4 921.5 935.2 1326.9 1204 1034.7 1137 1328.4 1359.4 1321.3 1388.9 1656.6 1785.4 1818.7 1636.3 1619.4 1727.1 1568.7 1394.7 1509.1 1793.2 2073.1 2205.3 2202.9 1938.5 1868.9 1669.2 1414.7 1264.8 1235.5 1093.1 -9999 -9999 -9999 -9999 -9999 1146.7 2607.1 2165.2 -9999 -9999 -9999 -9999 -9999
1232.9 1143.4 1218.8 1301.2 1333.4 1533.4 1906.9 1736.3 1620 2299.9 2519.5 2201.5 2852.2 3577 2024 1977.8 2387.1 2359.5 2334.7 2323.2 1852.2 1298.3 1601 1591.3 1571.3 1606.5 1608.9 1558.1 1519.9 1566.8 1608.2 1439 1279.3 997.2 972.9 1200.7 1077.3 1595.9 1654.4 1469 1493.4 1487.3 1542.9 1656 1699.1 1764.8 1629 1773.9 1873.2 1685.8 1623.5 1725.8 1977.5 2151.4 2334.3 2159.7 1919 1844.7 1665.8 1401.3 1241.5 1197.5 -9999 -9999 -9999 -9999 -9999 -9999 1189 2861.2 1843.9 -9999 -9999 -9999 -9999 -9999
1198.8 1158.2 1224.3 1075.4 1597.2 1631 2042.2 1807.7 1550.8 -9999 -9999 2549.2 2643.4 3311.1 2436.9 1959.8 1979.9 2163.1 2333.3 2045.9 1892.8 1762 1472.4 1572.5 1561.5 1450.1 1541 1764.2 1716.8 1602.8 1686.6 2073.5 1890.8 1333.7 1329.9 1561.5 1585 1987.6 2002.7 1534.9 1472.9 1557 1462.9 1465.2 1433.6 1493.5 1528.9 1447.4 1641.2 1801.4 1918.5 2081.8 2128.8 2071.4 2066.6 -9999 2039 1956.2 -9999 -9999 -9999 -9999 -9999 -9999 -9999 -9999 -9999 -9999 1081.4 3553.7 -9999 -9999 -9999 -9999 -9999 -9999
1268.2 1214.8 1123.1 1251 1547.4 1766.6 1900.2 2123 2329.5 2391.3 -9999 -9999 2867.9 3377.6 2958.7 2118.6 1502.1 1854.2 2249.7 1896.6 1296.8 1441.9 1477.3 1547.8 1548.4 1508.5 1551.7 1693.2 1629.2 1478.8 1667.2 1622.4 1764.3 1642.1 1808.7 2337 1696.9 2001.9 1800.5 1679.3 1632.4 1370.3 1369.2 1701.5 1705.3 1811.6 1531.8 1145 1548.8 1944 2198 2520 2559.1 2355.3 2096.8 -9999 -9999 -9999 -9999 -9999 -9999 -9999 -9999 -9999 -9999 -9999 -9999 -9999 -9999 2273 -9999 -9999 -9999 -9999 -9999 -9999
1424.7 1520.9 1230.6 1656.6 1647.8 1678.3 1844.8 -9999 -9999 -9999 -9999 -9999 4046.3 4040.5 3700.3 2452.5 1616.8 1482.6 1898.7 1655.9 1074.7 1327.2 1792.6 1697.1 1555.9 1388.9 1369.8 1418.7 1514.6 1462.6 1662.9 2042 1732 1809 1831.1 1703.7 1619.6 1969.6 1659.5 1920.9 1667.8 1352.4 1588.9 2624.2 2492.9 1979.3 1598 1630.4 1614.6 1813.8 2242.3 -9999 2732.6 -9999 -9999 -9999 -9999 -9999 -9999 -9999 -9999 -9999 -9999 -9999 -9999 -9999 -9999 -9999 -9999 -9999 -9999 -9999 -9999 -9999 -9999 -9999
1442.6 1864.2 -9999 -9999 -9999 -9999 -9999 -9999 -9999 -9999 -9999 -9999 5245.8 5289.9 4697.2 3409.7 2177 1814.1 1984.1 1355.3 1007 2176.7 1925.7 1679.5 1517.7 1272.3 1213.8 1204.4 1418.9 1658 1806.8 1651.9 1706.9 1822.5 1751.3 1456.3 1397.2 1474.6 1615.6 1672.2 1587 1705.3 2569.4 -9999 -9999 -9999 -9999 -9999 1656.7 -9999 -9999 -9999 -9999 -9999 -9999 -9999 -9999 -9999 -9999 -9999 -9999 -9999 -9999 -9999 -9999 -9999 -9999 -9999 -9999 -9999 -9999 -9999 -9999 -9999 -9999 -9999
1418.4 1696.3 -9999 -9999 -9999 -9999 -9999 -9999 -9999 -9999 -9999 -9999 -9999 5613.7 5271.7 4060.4 2553.3 2220.5 2001.5 1555.5 1296.3 1783.5 1669.3 1454.1 1404.5 1256.6 1278.2 1353.5 1445.6 1563.1 1476.2 1494.7 1577.6 1652.5 1564.7 1402.9 1379.7 1470.5 1945.7 1686 1691.3 1657.4 -9999 -9999 -9999 -9999 -9999 -9999 1608.2 -9999 -9999 -9999 -9999 -9999 -9999 -9999 -9999 -9999 -9999 -9999 -9999 -9999 -9999 -9999 -9999 -9999 -9999 -9999 -9999 -9999 -9999 -9999 -9999 -9999 -9999 -9999
1427.3 -9999 -9999 -9999 -9999 -9999 -9999 -9999 -9999 -9999 -9999 -9999 -9999 -9999 -9999 5151.8 2936.1 2452.2 2048.5 1710.6 1371.9 1407.3 1456.2 1346.5 1242.6 1326.8 1473.1 1566.6 1458.2 1440.7 1412.3 1427 1420.3 1429.8 1474.8 1407.3 1356.5 1379.5 1731.1 1901.8 1667.5 -9999 -9999 -9999 -9999 -9999 -9999 -9999 -9999 -9999 -9999 -9999 -9999 -9999 -9999 -9999 -9999 -9999 -9999 -9999 -9999 -9999 -9999 -9999 -9999 -9999 -9999 -9999 -9999 -9999 -9999 -9999 -9999 -9999 -9999 -9999
-9999 -9999 -9999 -9999 -9999 -9999 -9999 -9999 -9999 -9999 -9999 -9999 -9999 -9999 -9999 5866.7 4507.2 2498.4 2092.8 1839.7 1829.6 1414.9 1239.3 1200.3 1064.7 1151.9 1382.9 1537.6 1434.8 1324.1 1280.1 1348.2 1335.9 1603.7 1671.3 1529.9 1282.3 1252.9 1603.2 1387.8 -9999 -9999 -9999 -9999 -9999 -9999 -9999 1368.7 1718.7 1755.2 -9999 -9999 -9999 -9999 -9999 -9999 -9999 -9999 -9999 -9999 -9999 -9999 -9999 -9999 -9999 -9999 -9999 -9999 -9999 -9999 -9999 -9999 -9999 -9999 -9999 -9999
-9999 -9999 -9999 -9999 -9999 -9999 -9999 -9999 -9999 -9999 -9999 -9999 -9999 -9999 -9999 -9999 5394.2 2972.5 2259.6 1860.8 2054.5 1851.1 1496.9 1354.3 966.7 998.2 1072.2 1053.6 1132.4 1213.8 1223.7 1207.6 1957.1 2223 1673.3 1535.4 1162.2 1315.1 1288.5 1269.7 -9999 -9999 -9999 -9999 -9999 728.4 1152.8 1457.9 1836.3 -9999 -9999 -9999 -9999 -9999 -9999 -9999 -9999 -9999 -9999 -9999 -9999 -9999 -9999 -9999 -9999 -9999 -9999 -9999 -9999 -9999 -9999 -9999 -9999 -9999 -9999 -9999
-9999 -9999 -9999 -9999 -9999 -9999 -9999 -9999 -9999 -9999 -9999 -9999 -9999 -9999 -9999 -9999 5470 4167 2586.8 2331 2697.2 2681 2235.9 1487.8 1079.8 892.7 918.2 959.6 1024.9 1112.2 1199.9 1583.5 2483.9 2678 2389.2 2912.5 2187.5 1701.5 1339 -9999 -9999 -9999 -9999 -9999 -9999 883.1 1101.2 1340.9 1617.7 -9999 -9999 -9999 -9999 -9999 -9999 -9999 -9999 -9999 -9999 -9999 -9999 -9999 -9999 -9999 -9999 -9999 -9999 -9999 -9999 -9999 -9999 -9999 -9999 -9999 -9999 -9999
-9999 -9999 -9999 -9999 -9999 -9999 -9999 -9999 -9999 -9999 -9999 -9999 -9999 -9999 -9999 -9999 -9999 4462.7 2692 2441.5 2991.8 3194.8 2790.5 1600.3 1110.8 920.1 947.5 929.5 876.8 1035.9 1257.7 1526.6 2003.1 2229.8 2571.9 3043.5 2849.6 2189.5 1668.8 2091.1 -9999 -9999 -9999 -9999 -9999 -9999 -9999 -9999 -9999 -9999 -9999 -9999 -9999 -9999 -9999 -9999 -9999 -9999 -9999 -9999 -9999 -9999 -9999 -9999 -9999 -9999 -9999 -9999 -9999 2033.1 2115.5 1646 1573.7 -9999 -9999 -9999
-9999 -9999 -9999 -9999 -9999 -9999 -9999 -9999 -9999 -9999 -9999 -9999 -9999 -9999 -9999 -9999 -9999 4977 3048.9 2686.2 2697.3 3289.2 3160.5 2181 1446.7 1191.2 1026 1023.7 1074.7 1007.1 1087.2 1230.8 1614.9 1791.5 1880 2194.3 2168.6 2161.1 2315.3 2488.2 2529.6 -9999 -9999 -9999 -9999 -9999 -9999 -9999 -9999 -9999 -9999 -9999 -9999 -9999 -9999 -9999 -9999 -9999 -9999 -9999 -9999 -9999 -9999 -9999 -9999 -9999 -9999 -9999 -9999 2742.7 2020.9 1409.9 -9999 -9999 -9999 -9999
-9999 -9999 -9999 -9999 -9999 -9999 -9999 -9999 -9999 -9999 -9999 -9999 -9999 -9999 -9999 -9999 -9999 4194.8 3151.5 2634.3 2663.5 3500.3 4084.1 1891.5 2004.3 1454.9 1035.9 1106.1 1160.5 1024.6 934.8 1066.2 1306.8 1457.5 1376 1401.7 1406.2 1932.5 2407.1 2344.3 2042.4 2112.8 -9999 -9999 -9999 -9999 -9999 -9999 -9999 -9999 -9999 -9999 -9999 -9999 -9999 -9999 -9999 -9999 -9999 -9999 -9999 -9999 -9999 -9999 -9999 -9999 -9999 -9999 -9999 2467 2243.5 1468.6 1528.1 -9999 -9999 -9999
-9999 -9999 -9999 -9999 -9999 -9999 -9999 -9999 -9999 -9999 -9999 -9999 -9999 -9999 -9999 -9999 -9999 3605.8 2916.1 2343.8 2451.2 2975.4 4783.9 4200.2 3263 1561.6 1024.5 1101.4 1096.8 959.8 628.3 863.9 946.3 879 1063.3 1218 1373.6 1509.7 1651.4 1703.3 1831.8 1889.5 2434.6 -9999 -9999 -9999 -9999 -9999 -9999 -9999 -9999 -9999 -9999 -9999 -9999 -9999 -9999 -9999 -9999 -9999 -9999 -9999 -9999 -9999 -9999 -9999 -9999 -9999 -9999 1844.8 1973.3 1458.5 2163.3 -9999 -9999 -9999
-9999 -9999 -9999 -9999 -9999 -9999 -9999 -9999 -9999 -9999 -9999 -9999 -9999 -9999 -9999 -9999 3838.3 3554.3 2906.7 2471 -9999 -9999 -9999 4775.6 3761.7 2019 1225.6 1112.1 1129.4 1061.1 1043.2 894.4 865.7 846.5 893.4 1162.4 1266.2 1363.7 1397.7 1641.6 1855.4 2268.5 2399.3 2564.2 -9999 -9999 -9999 -9999 -9999 -9999 -9999 -9999 -9999 -9999 -9999 -9999 -9999 -9999 -9999 -9999 -9999 -9999 -9999 -9999 -9999 -9999 -9999 -9999 -9999 2202.7 1503.1 2371.2 -9999 -9999 -9999 -9999
-9999 -9999 -9999 -9999 -9999 -9999 -9999 -9999 -9999 -9999 -9999 -9999 -9999 -9999 -9999 -9999 -9999 -9999 -9999 -9999 -9999 -9999 -9999 4905.2 3698.4 2162.4 1331.6 1040.3 1074.1 1091.9 1109.3 971.1 941.7 965.7 1038.1 1151.1 1204.7 1302.6 1605.3 1817.5 1682.8 2501.5 2759.5 2215.7 1886.8 -9999 -9999 -9999 -9999 -9999 -9999 -9999 -9999 -9999 -9999 -9999 -9999 -9999 -9999 -9999 -9999 -9999 -9999 -9999 -9999 -9999 -9999 -9999 2164.8 1721.6 1692.7 -9999 -9999 -9999 -9999 -9999
