datasets/global_precipitation_1950_2017/rasters/precip_2016-total.asc
NCOLS 720 
NROWS 347 
XLLCORNER -180 
YLLCORNER -90 
CELLSIZE 0.5 
NODATA_value -9999 
[rows 170 to 203 of 347, columns 228 to 303 of 720]
2909.5 2811.8 3316.8 3273.5 2544.5 2505.5 2664.9 2604 2450.2 2559.3 2644 2710.8 2726.4 2607.8 2459.4 2409.9 2444.1 2566.2 2549.2 2506.3 2445.4 2216.5 2172.5 1982.6 2067.5 2086.4 2213.8 2562.6 2468.5 2490.9 2742.6 2833.2 2891.2 -9999 2963.6 2983.4 2674.8 2689.9 2392.8 2103.5 2174.7 1753.1 1343.6 -9999 -9999 -9999 -9999 -9999 -9999 -9999 -9999 -9999 -9999 -9999 -9999 -9999 -9999 -9999 -9999 -9999 -9999 -9999 -9999 -9999 -9999 -9999 -9999 -9999 -9999 -9999 -9999 -9999 -9999 -9999 -9999 -9999
2988.5 3946.7 3862.4 3577.5 2995.8 2781.6 2811.5 2728.3 2740 2762 2761.7 2759.1 2666.4 2436.4 2480.3 2388.8 2321.4 2496.2 2613.5 2421.7 2350.2 2188.2 2172 2137.9 2180.4 2234.7 2279 2394.6 2550.1 2808.6 2884.3 3018.8 2919.4 2968.9 2805.9 2870.3 2690.9 2344.6 2173.9 1981.6 1783.2 1554.6 1426.8 -9999 -9999 -9999 -9999 -9999 -9999 -9999 -9999 -9999 -9999 -9999 -9999 -9999 -9999 -9999 -9999 -9999 -9999 -9999 -9999 -9999 -9999 -9999 -9999 -9999 -9999 -9999 -9999 -9999 -9999 -9999 -9999 -9999
2922.6 3460.6 3344.9 3031.3 2612 2611.5 2746.3 2773.7 2656.4 2669.7 2916.3 2621.9 2402.4 2474 2502.3 2444.6 2320.3 2582.6 2484.5 2460.9 2319 2166.9 2301 1934.4 2396.8 2347.6 2238.2 2258.1 2434.6 2662.4 2815.5 2856.7 2982.4 2841.4 2704.7 2592.5 2453 2075.2 1969.4 1855 1787.6 1587.1 1546.8 -9999 1545.5 1288.4 1195.7 -9999 -9999 -9999 -9999 -9999 -9999 -9999 -9999 -9999 -9999 -9999 -9999 -9999 -9999 -9999 -9999 -9999 -9999 -9999 -9999 -9999 -9999 -9999 -9999 -9999 -9999 -9999 -9999 -9999
2906.5 2870.6 2584.6 2466.9 2307.6 2445.7 2758.9 2723.2 2562.1 2363.5 2571.5 2308.2 1945.2 2380.9 2501.7 2503.7 2312.1 2454.4 2304.5 2302.9 2245.4 2173.1 2115.8 2048.4 2065.5 2069.7 2111 2181.4 2247 2344.4 2500.7 2629.6 2729.8 2564.6 2441 2100.9 2019.3 1843.1 1807.2 1749.6 1625 1601.1 1323.5 1500.6 1472.5 1335.8 1108.3 1019.7 879.6 808 913.1 752 881.1 962.5 -9999 -9999 -9999 -9999 -9999 -9999 -9999 -9999 -9999 -9999 -9999 -9999 -9999 -9999 -9999 -9999 -9999 -9999 -9999 -9999 -9999 -9999
2928.6 2698.2 2430.9 2228 1963.2 2306.6 2541.9 2609.6 2670.1 2690.7 2483 2238.1 2153.2 2448.2 2464.8 2480.3 2391.6 2542 2397.6 2257.2 2217.4 2171.5 2000.6 2053.2 1948.1 1874 1908.9 2117.7 2181 2261.9 2220.2 2264.8 2719 2423.2 2274.1 1988.3 1745.3 1621.7 1565.6 1550.4 1598.4 1471.1 1340.7 1438.4 1360.6 1229.3 1358 1072.8 907.9 822.1 790.5 591 386.7 818.8 1091.9 -9999 -9999 -9999 -9999 -9999 -9999 -9999 -9999 -9999 -9999 -9999 -9999 -9999 -9999 -9999 -9999 -9999 -9999 -9999 -9999 -9999
2782.7 2646.5 2374.2 2242.3 2141.9 2268.5 2385.8 2526.3 2639.7 2702.2 2543.3 2294.5 2174.8 2300.8 2390.5 2367 2403 2410.1 2329.1 2312.1 2270.3 2172.5 2002.2 2001.4 1933 1808.8 1810.8 1951 2080.5 2131.1 2134.9 2202.9 2371.1 2313 2154.6 2009.2 1906.8 1731.6 1433.1 1410.1 1460.9 1428.3 1384 1194.1 1170 1158.8 1142.4 1045.2 1093.3 877.3 843.1 574.8 574.8 886.6 872.2 843.3 -9999 -9999 -9999 -9999 -9999 -9999 -9999 -9999 -9999 -9999 -9999 -9999 -9999 -9999 -9999 -9999 -9999 -9999 -9999 -9999
2614.8 2599.3 2485 2479 2450.3 2361.9 2412.9 2493.4 2538.9 2617.9 2585.7 2458.8 2273.4 2242 2376.3 2418.2 2364.8 2295.8 2317.2 2198 2344.1 2178 1953.3 1983.9 1924.4 1822.3 1806 1866.5 1945.8 1976.3 2037 2081 2027.2 1875 1856.2 2064.6 1903.4 1631.8 1344 1241.7 1236.7 1198.4 1334 1103.2 997.2 819.7 837.4 749.1 757.3 636.5 581.6 423.2 451.6 518.3 559.8 562.1 611.2 -9999 -9999 -9999 -9999 -9999 -9999 -9999 -9999 -9999 -9999 -9999 -9999 -9999 -9999 -9999 -9999 -9999 -9999 -9999
2544.7 2560.6 2452.4 2471.4 2525.6 2385.3 2343.9 2276 2317 2465.7 2531.3 2520.6 2431.8 2347.9 2341.6 2348.1 2270.2 2195.1 2161.1 2304.1 2388.6 2199.6 2007.9 2013.7 1986.1 1921.2 1944 1942.8 1952 1944.5 1948.9 1971.1 1936.8 1782.4 1680.6 1773.4 1677.2 1481.9 1234.3 1013.5 1086.2 1020.7 1045.8 993.6 909.9 897.4 545.5 716.3 577.5 486.7 439.4 367.8 445.7 443.2 532.1 540.9 553.6 541.1 484.1 369.2 506.4 -9999 -9999 -9999 -9999 -9999 -9999 -9999 -9999 -9999 -9999 -9999 -9999 -9999 -9999 -9999
2597.4 2631.9 2413.9 2154.6 2281.2 2286.5 2040.4 1925.1 2014.5 2608.1 2459.3 2456.9 2426.1 2386.7 2316.1 2235.1 2185.5 2122.8 2147.6 2208.1 2191.1 2115.7 1996.5 2008.2 1993 1962.3 1996.9 2050.4 2080 2077.3 2088.4 2023.5 1940.7 1844.4 1709.5 1655.8 1604.2 1489.7 1255 1183.2 1108.7 969.2 950.4 894.8 824.4 786.2 763 644.4 667.4 477.7 425.2 306.2 490.5 538 515.7 699.1 559.8 671.5 547.1 347.9 472.2 1113.4 -9999 -9999 -9999 -9999 -9999 -9999 -9999 -9999 -9999 -9999 -9999 -9999 -9999 -9999
2702.1 2737.6 2745 2115.9 2104 2005.6 1812.7 1719 1753.7 2187.8 2321.1 2386.9 2332.9 2296.7 2288.1 2207.8 2075.2 2165.8 2169.7 2113 2082.6 2062.3 2005.3 1981.8 1968.9 1975.2 1999.1 2076 2112.6 2133.5 2142.9 2088.5 1942.7 1796.3 1746.4 1709.1 1623.8 1481.5 1281 1164.1 1105 988.4 907.2 895.6 864 872.8 901.3 772.3 612.2 471.4 254.6 298.9 505 559.1 582.6 669.7 757.2 646.6 491.1 423.1 321.2 903.4 -9999 -9999 -9999 -9999 -9999 -9999 -9999 -9999 -9999 -9999 -9999 -9999 -9999 -9999
2052.4 2163.5 2131.9 1938.4 1915.9 1843 1778.6 1818.2 2074.4 2132.5 2231.1 2196.9 2080.9 2155.9 2259.1 2214.2 2246.8 2326.8 2310.1 2144.4 2023.3 2011.9 2003.2 1980.8 1960.2 1980.2 2029.5 2083 2028.8 2190.2 2133.2 2094.3 1947.9 1803.3 1752.6 1770.5 1736.3 1538.2 1328.5 1154 1099.9 1004.1 944.8 923.6 845.4 804.7 841.9 659.6 519.6 507.7 308 327.7 566.8 677.1 591.5 627.4 591.6 593.1 458.3 285.7 696.3 820.9 -9999 -9999 -9999 -9999 -9999 -9999 -9999 -9999 -9999 -9999 -9999 -9999 -9999 -9999
1780.6 1503.4 1840.3 1829.7 1744.7 1674.7 1768.4 1797.8 1937.3 2136.6 2239.4 2185.5 1681.7 2044.3 2119.9 2092.2 2324.4 2420.7 2326 2146 1975.6 1957.3 1974.9 1985.6 1966.2 1977 2006.2 2018.4 2011.7 2007.7 1819.1 1834.5 1838.1 1759.7 1738.8 1748.7 1732.7 1613.3 1417.6 1185.6 1090.9 961 864.8 806.9 737.2 765.9 732.1 568.3 464.7 350.4 311.7 365.1 564.3 655.4 600.9 651.5 907.5 590.6 399.8 232.2 478.9 674.9 -9999 -9999 -9999 -9999 -9999 -9999 -9999 -9999 -9999 -9999 -9999 -9999 -9999 -9999
1832.2 1144.9 1488.1 1588.8 1556.7 1559.5 1662.5 1740.3 1872.3 2107.5 2296.5 2510.3 2093.7 2011.4 2048.6 2085.6 2252.2 2323.7 2267.5 2119.6 1969.7 1938.7 1999.8 2045.1 2023.6 1978.3 1965.2 1960.9 1947.6 1907.6 1803.2 1744.8 1714.9 1677.3 1663.3 1681.3 1653 1588.6 1453.4 1213.9 1065.1 857.2 790.3 740.7 688.2 658.6 579 492.8 407.1 334 372 455.4 456.4 475.2 471.9 563.1 528.9 506.3 404 298.6 414.9 969.3 -9999 -9999 -9999 -9999 -9999 -9999 -9999 -9999 -9999 -9999 -9999 -9999 -9999 -9999
1802 1422.5 1368 1391 1470.8 1475.6 1541.6 1616.4 1745.1 1978.6 2189.4 2250.6 2112 1976.5 1989.3 2069.6 2160.1 2212.5 2174.4 2094.4 2048.6 2057.6 2123.7 2179.9 2163.2 2056.8 1949.8 1907.1 1875.7 1827.5 1739.4 1672.9 1657 1613.3 1579.4 1587.9 1560.7 1507.8 1326.4 1169.4 1067.7 844.6 752.2 741 608.3 659.4 534.5 454.9 378.6 336.1 310.6 333.2 305.5 373.3 384.7 391.2 413.2 333.7 418.2 393 413.2 1160.3 -9999 -9999 -9999 -9999 -9999 -9999 -9999 -9999 -9999 -9999 -9999 -9999 -9999 -9999
1642.1 1387.7 1386.5 1387.9 1376.1 1492.4 1520.3 1579.2 1712.3 1849.2 2024.1 1997.7 1906.9 1820.2 1842.4 1972.6 2091.8 2108.5 2075.4 2062.6 2100.2 2187 2248.2 2271.1 2278 2220.7 2019.5 1874.4 1797.5 1717.6 1634.9 1615.3 1605.5 1566.7 1518.3 1476.4 1459.9 1377.7 1236.4 1128.5 1071.9 889.1 711.9 643.8 655.1 582.4 601.1 429.3 407 363.6 356.7 376.2 268.5 313.9 245.5 241.5 304.1 426.9 373.5 392.9 969.4 1714.1 -9999 -9999 -9999 -9999 -9999 -9999 -9999 -9999 -9999 -9999 -9999 -9999 -9999 -9999
1438.5 1312.5 1366.2 1428.1 1500.7 1579.3 1574.5 1622 1711 1763.5 1799.4 1736.5 1683 1640.8 1636.8 1752.2 1889.7 1957 1981.5 1992.9 2086.4 2258.6 2357.5 2336.1 2349.2 2325.4 2200.2 1876.8 1679.9 1576.2 1592.5 1593.6 1575.2 1539.3 1477 1381.8 1374.8 1363 1252.4 1045.1 1056.7 930.3 908.1 779.3 670.8 542.9 518.6 505.3 388.5 354.7 351.6 378.7 308.6 284.2 259.2 247.7 574.4 344.1 319.7 846.6 1245.5 -9999 -9999 -9999 -9999 -9999 -9999 -9999 -9999 -9999 -9999 -9999 -9999 -9999 -9999 -9999
1477.6 1302 1394.6 1450.5 1553.1 1566.7 1565.6 1591.9 1615.7 1669.3 1629.4 1626.9 1631.4 1622.4 1608.4 1651.8 1745.4 1840.1 1897.2 1917.9 2026.4 2200.7 2320.9 2334.5 2321.7 2290.1 2103.9 1705.8 1591.2 1601.9 1620.8 1623.5 1615.7 1597.8 1504.5 1350.3 1253.6 1290.6 1132.9 988.4 909.4 848.4 886 828.1 682.2 523.5 526 473.7 365.2 374.6 335.4 338.8 346.8 289.8 255.2 278.5 258.7 218.3 368.7 686.2 -9999 -9999 -9999 -9999 -9999 -9999 -9999 -9999 -9999 -9999 -9999 -9999 -9999 -9999 -9999 -9999
1526.4 1388.4 1371 1554.7 1673.9 1636.5 1572.5 1546.9 1540 1545.6 1587 1656.2 1702.4 1616.8 1626.8 1667.4 1733.8 1808.7 1892.9 1933.3 2013.9 2136.9 2227.9 2237.2 2194.3 2037.9 1785.7 1560.4 1524.8 1519.3 1527 1549.8 1565.4 1551.6 1502.7 1397 1250 1262.4 1149.4 907.5 807.8 815.4 755.1 721.6 685.7 550.7 486.8 457.7 481.7 473.9 459 497.4 406.9 382.8 326.8 340 227 312.5 369.9 -9999 -9999 -9999 -9999 -9999 -9999 -9999 -9999 -9999 -9999 -9999 -9999 -9999 -9999 -9999 -9999 -9999
1561.5 1383.7 1389.7 1598.3 1776.4 1729.5 1644.4 1560.1 1507.5 1555.2 1596.6 1642.5 1687.8 1679.8 1673.6 1688.1 1745.6 1812.7 1873 1944.1 2015.1 2103.4 2161.4 2171.6 2031.1 1803.9 1574.9 1497.9 1473.8 1471.8 1461.4 1434.2 1441.5 1443.8 1400.7 1262.3 1317.5 1250.4 1206.7 782.7 703.5 748.3 721.4 683.4 697.7 533.8 453.3 451 430.7 420.2 533.1 575.2 384.8 321 374.9 367.1 897.1 685.6 -9999 -9999 -9999 -9999 -9999 -9999 -9999 -9999 -9999 -9999 -9999 -9999 -9999 -9999 -9999 -9999 -9999 -9999
1551.6 1476.3 1433.1 1620.5 1812.9 1775.2 1677.9 1608.4 1594.2 1630 1650.3 1678.1 1698.6 1701.1 1693.8 1694.1 1780 1834 1867.4 1912.2 1990.2 2076.4 2109.6 2004 1777.7 1567.1 1503.3 1478.3 1443.4 1435.8 1454.7 1379 1311.9 1309.7 1263.8 1200.1 1210.8 1199.2 1208.5 1049.8 700.3 705.4 694.6 685.2 623.3 512.6 532.8 463.1 423.8 510.9 599.4 531.9 334.1 399 382.5 446.7 608.6 879.1 -9999 -9999 -9999 -9999 -9999 -9999 -9999 -9999 -9999 -9999 -9999 -9999 -9999 -9999 -9999 -9999 -9999 -9999
1497.2 1494.1 1443.2 1432.7 1511.8 1624.4 1647.8 1644.9 1651.6 1658.8 1735.4 1723.3 1751 1745.8 1734.7 1742.5 1814.7 1867.7 1864 1883.4 1949.6 2012.7 1958.6 1707.7 1524.3 1484.8 1479.2 1474.1 1440.5 1391.3 1405.4 1317.8 1266.1 1128 1137.2 1160.5 1286.1 1171.4 1221.3 1341.6 948.3 758.7 746.4 666.8 663.2 599.3 618.8 571.6 598.7 602.5 731.4 517.5 500.3 426.3 576.7 688.8 980.1 -9999 -9999 -9999 -9999 -9999 -9999 -9999 -9999 -9999 -9999 -9999 -9999 -9999 -9999 -9999 -9999 -9999 -9999 -9999
1395.3 1406.2 1397 1329 1244 1260.3 1470.1 1608 1654.3 1654.3 1665.7 1735.2 1782.8 1777.6 1762.4 1771.1 1797.2 1837.9 1850.3 1846.2 1850.6 1832.4 1543.3 1472.1 1464.8 1454 1454.2 1466.1 1479.3 1347.1 1277.1 1254.5 1199.6 1155.9 1058.2 1165.4 1094.9 982.1 1385.1 1369.8 1102 802.6 820.2 746.1 697.6 614 494.2 571.7 579.1 652.9 548.2 520 489 538.6 916.8 1197.4 -9999 -9999 -9999 -9999 -9999 -9999 -9999 -9999 -9999 -9999 -9999 -9999 -9999 -9999 -9999 -9999 -9999 -9999 -9999 -9999
1377.8 1407.8 1476 1276.6 1145.6 1143.1 1288.7 1534.4 1641.8 1668.8 1700.5 1731.9 1774.5 1782.8 1777.4 1788.6 1796.5 1798 1780 1759 1724 1681.3 1522.3 1475 1461.7 1443.2 1428.5 1407.4 1364.9 1338.8 1280.8 1238.7 1218.6 1207.1 1159.4 1156.6 1058.5 1153 1281.7 1298.7 1027.5 857.6 819.9 729.4 641.6 581.6 630.8 607.2 670.1 760.4 496.1 413.6 408.5 699.4 -9999 1728.7 -9999 -9999 -9999 -9999 -9999 -9999 -9999 -9999 -9999 -9999 -9999 -9999 -9999 -9999 -9999 -9999 -9999 -9999 -9999 -9999
1408 1367.3 1297.2 1070.7 1031.6 1094.3 1153.9 1400.4 1608.4 1649.9 1676.2 1757.4 1815 1782 1780.8 1785.8 1781.5 1757.4 1706.9 1673.9 1673.2 1674 1584.6 1479.8 1460.2 1445.8 1429.3 1406.2 1367.2 1331.8 1292.8 1345.6 1289.8 1364.3 1280.9 1159.4 1108.2 1081.3 1124 1035.4 1042.8 830.3 781.5 755 679.7 638.6 642.3 614.6 804.7 711.7 551.4 500.4 550.9 1238.4 -9999 -9999 -9999 -9999 -9999 -9999 -9999 -9999 -9999 -9999 -9999 -9999 -9999 -9999 -9999 -9999 -9999 -9999 -9999 -9999 -9999 -9999
1458.3 1349.8 1294.6 1155.7 1082.5 1101.7 1091.3 1125.6 1555.8 1524.9 1525.6 1565.4 1618 1664.8 1760.8 1795 1754 1717.2 1702.8 1686.2 1662.3 1641.9 1697.7 1508.7 1456.2 1428.4 1399.2 1382.1 1384.6 1341.6 1323.9 1234.6 1302.9 1379.2 1562.1 1251.3 1244.8 1216.9 903.9 974.7 1002.7 800.5 794.5 716.8 648 725.4 660.6 593.5 591.7 640.2 505.7 597 1759.3 1620.1 -9999 -9999 -9999 -9999 -9999 -9999 -9999 -9999 -9999 -9999 -9999 -9999 -9999 -9999 -9999 -9999 -9999 -9999 -9999 -9999 -9999 -9999
1541.1 1479.4 1442.8 1398.7 1293.3 1075.9 923.2 830.7 899.9 1129.1 1202.7 1232.7 1275.3 1360.3 1566.2 1676.3 1691.1 1705.7 1687 1655.7 1597.5 1642 1792.2 1629.7 1496.4 1433.1 1394.9 1374.8 1369.5 1351 1307.4 1314.9 1380 1365.6 1372.1 1193.9 1223.6 1089 967.1 966.1 966.3 776.2 705.5 703.5 646.8 727.9 632.4 611.7 577.4 592 551 662.1 1179.7 1517.9 -9999 -9999 -9999 -9999 -9999 -9999 -9999 -9999 -9999 -9999 -9999 -9999 -9999 -9999 -9999 -9999 -9999 -9999 -9999 -9999 -9999 -9999
1836.2 1555.6 1614.5 1500.1 1271.5 931.4 795.9 755.2 770.5 879.2 964.4 1002.2 1052.4 1185.5 1293.6 1446.3 1572.3 1608.6 1612.3 1454.3 1519 1639.4 1738.6 1640.9 1572.6 1487.9 1422.7 1376.6 1368.5 1379 1425.9 1437.2 1578.1 1391.8 1256.7 1194.4 1194 1141.3 1036.6 985.8 953.9 944.3 753.4 699.3 661 646.5 605.3 594 430.4 678.3 685.8 917 1073.4 1597.7 -9999 -9999 -9999 -9999 -9999 -9999 -9999 -9999 -9999 -9999 -9999 -9999 -9999 -9999 -9999 -9999 -9999 -9999 -9999 -9999 -9999 -9999
1741.9 1663.8 1516.4 1418.2 1088.4 901.9 739.6 696.3 700.1 754.8 859.7 924.5 1008.2 1198.2 1176.1 1223.9 1286.4 1092.5 1237.8 1314.3 1635.9 1644.2 1644.6 1628.3 1608.6 1524.3 1476.1 1418.7 1387.5 1326.2 1399.3 1476.4 1417.6 1333.5 1274.3 1153.4 1098.9 1288.9 1149.1 972.8 910.1 884.6 699.1 644.3 601.4 647.8 696.4 645.3 641.3 711.7 704.1 720.7 892 1516.8 -9999 -9999 -9999 -9999 -9999 -9999 -9999 -9999 -9999 -9999 -9999 -9999 -9999 -9999 -9999 -9999 -9999 -9999 -9999 -9999 -9999 -9999
2217.7 2393.3 2407.6 1866.1 939.7 809 629.6 656.1 646 664.3 728.7 825.4 954.4 1036.3 1020.4 1002.6 1033.3 1066.6 1123.6 1080.2 1443.9 1604.7 1510.4 1579.9 1635.3 1562.2 1522.9 1439.1 1459.8 1439.5 1432 1578.2 1534.7 1524.5 1455.8 1364.7 1143.6 1260.1 1159.2 941.3 880.3 818.2 680.1 625.8 654.7 629 764 688.3 670.9 693.7 1043.7 671.5 816.3 1215.6 -9999 -9999 -9999 -9999 -9999 -9999 -9999 -9999 -9999 -9999 -9999 -9999 -9999 -9999 -9999 -9999 -9999 -9999 -9999 -9999 -9999 -9999
3045.7 3583 3773.7 3047.6 1236.4 655.8 549.9 628.6 623.5 635.7 634.9 696.7 826.1 918.2 917.4 921.3 961.6 1042.4 1079.8 1135.9 1265.3 1407.9 1354.6 1487.5 1623.9 1585.2 1362.1 1505.3 1511.9 1489.9 1531 1558.9 1528.9 1536.2 1544.2 1543.1 1641.6 1285.9 1192.1 1004.4 878.7 795.2 751.5 766.9 683.3 735.6 797.9 684 627.9 660.1 630.4 603.6 784.7 985.5 -9999 -9999 -9999 -9999 -9999 -9999 -9999 -9999 -9999 -9999 -9999 -9999 -9999 -9999 -9999 -9999 -9999 -9999 -9999 -9999 -9999 -9999
2378.3 3273.8 4066 2682.6 1468 794.4 581.5 581.4 597 594.3 587.5 563.5 627.3 770 823.4 848 850.8 955.4 1037.6 1119.6 1224.1 1309.1 1332.9 1500.4 1573.6 1580.2 1528.8 1534.5 1589.1 1505.5 1436.9 1471.3 1469.1 1508.8 1621.2 1650.2 1513.2 1476.5 1444.6 1050 917.3 761.8 1165.9 842 811.5 723.4 781.8 624 561.3 557.5 703.4 757.8 894.7 952.2 -9999 -9999 -9999 -9999 -9999 -9999 -9999 -9999 -9999 -9999 -9999 -9999 -9999 -9999 -9999 -9999 -9999 -9999 -9999 -9999 -9999 -9999
1174.5 2628 2403.1 1735.3 1228.3 710.2 573.1 550.2 527.8 479.2 460.8 466.9 518.2 607.6 726.8 784.7 819.3 858.9 920.7 1043.8 1186.8 1256.6 1426.8 1644.2 1634.1 1692.8 1610.6 1575.9 1587.8 1439.6 1404.6 1414.3 1481.5 1607.3 1472.7 1558.2 1491.6 1700.1 2172.3 1165.1 1005.9 845.8 673.4 754.4 733.4 801.2 773.4 632 694.7 724.2 669 699.3 753.7 914.3 -9999 -9999 -9999 -9999 -9999 -9999 -9999 -9999 -9999 -9999 -9999 -9999 -9999 -9999 -9999 -9999 -9999 -9999 -9999 -9999 -9999 -9999
617.2 428.9 730.9 608.8 580.6 678 580.8 554.9 438.4 403.7 400.8 469.2 552.2 621.3 680.6 712.6 755 776.5 880.6 1017.9 1199.7 1310.9 1474 1657.4 1688.1 1730.5 1656.5 1616.7 1672.7 1536.9 1410.4 1469.1 1546.3 1540.2 1451.6 1462.9 1493.6 1544.5 1394.6 1138.1 1041.1 942 877.1 881.6 917.3 872.2 874.6 889.7 858.4 796.2 624.3 653.5 883.5 1092.6 -9999 -9999 -9999 -9999 -9999 -9999 -9999 -9999 -9999 -9999 -9999 -9999 -9999 -9999 -9999 -9999 -9999 -9999 -9999 -9999 -9999 -9999
336.3 239.3 278.4 277.6 281.8 511.8 578.4 564.4 451 433.6 479.7 564.7 646.7 675 703.3 717 756.3 780 894.3 1084.9 1278.3 1377.8 1474.8 1593.9 1729.3 1801.2 1763.1 1743.1 1724.5 1643.5 1532.8 1487.3 1491.7 1497.9 1451.8 1572 1544.8 1478.2 1467.3 1361.1 1223.3 1022.6 907.4 821.7 1125.6 1077.5 1016.7 904.2 714.9 726.1 771.5 736.9 912.8 -9999 -9999 -9999 -9999 -9999 -9999 -9999 -9999 -9999 -9999 -9999 -9999 -9999 -9999 -9999 -9999 -9999 -9999 -9999 -9999 -9999 -9999 -9999
