datasets/global_precipitation_1950_2017/rasters/precip_1996-total.asc
NCOLS 720 
NROWS 347 
XLLCORNER -180 
YLLCORNER -90 
CELLSIZE 0.5 
NODATA_value -9999 
[rows 68 to 101 of 347, columns 456 to 531 of 720]
169.3 171.4 190.5 219.8 251.8 233.2 209.9 201.2 191.2 169 147.6 132.6 134.6 145.3 142.1 146.5 151.7 163.6 164.8 147.9 121.3 121.8 129.1 137.8 138.4 130.8 126.2 125.5 127.9 135.1 142.1 147.1 150.2 159.9 168.6 174.6 185.7 209.8 211.4 185.4 170.7 178.2 188.2 207.3 261.9 387.4 447.3 398.2 292.3 216.7 188.2 174.4 178 264.2 432.7 714.7 500.3 320.3 180.8 158.9 139.6 133.5 141.1 146 158 165 159.9 200.9 248.5 283.5 304.5 310.7 302.6 321.5 402.6 443.4
165.6 175.3 191 213.8 223.8 206.6 189.1 184.9 182.7 161.7 140.7 123.7 120.3 123.8 126.5 126.3 115.4 135.3 134.5 115.3 115.6 125.3 130.3 134.2 127.3 120.7 122.3 117.6 117.9 121.8 129.5 137.2 141.8 149.8 159.1 169.1 205.4 268.4 259.8 174.6 147.6 164.6 179.9 192.6 262.3 459.3 695.8 751.8 387.1 190.1 165.6 149 185 256.7 355.2 429.1 386.5 268 172.4 132.5 114.4 111.9 113.6 139 161.7 188 189.8 190.6 197.1 197.3 228 232.3 262.3 303.9 353.3 376.5
165.4 162.7 169.6 175.7 169.3 153.8 148.5 146.6 148.2 145.1 136 124 109.9 94.8 101.5 108.2 112.1 110.9 105.2 110.8 127.3 142.9 122.6 113.9 110.7 109.4 109.6 99.6 98.7 106.7 112.5 116.7 121.5 131.3 147 163.1 172.6 187.6 181.8 154.3 149.6 164.2 190.7 167.6 198.3 284.2 359.2 366.5 263.9 129.8 131.6 150.5 164.1 177.7 156.2 199.4 194.3 142.8 115.7 120 122 113.9 126.5 150.9 172.1 178 179.3 170 155.2 143.1 170 195 205.6 225.5 243.4 296.7
170.5 161 153.6 148.9 138.8 126.7 122.7 127.5 127.6 128.5 123.4 112.3 103.4 97.9 94.5 96.4 104.2 106.9 100.8 92.6 78.4 83.2 91.7 92.9 93.7 89.4 88.5 89.4 91.7 94.9 99.5 100.5 100.4 109.2 126.2 137.2 135.4 119.6 117 103.2 116.5 132.3 152.2 166.2 179.9 195.2 214.5 226.8 224.6 176.6 143.2 141.1 155.1 165 166.5 163.3 155 145.5 139 138.3 131.7 128.7 135.5 154.5 168.9 176.1 194.2 189.9 157.1 136.6 178.4 200.1 181.9 243.1 231.7 230.3
203.3 179.5 160.3 148.9 134.2 119.7 114.2 120.5 122.9 119 110.1 103 99.3 98.7 97.6 93.9 95.8 101.7 99.2 91.3 81.1 77.6 77.5 81.9 79.1 72.7 71.3 74.8 79 86.3 95.1 103.2 110.2 116.1 120.1 123.8 124.9 118.2 107.4 95 89.8 93.4 108.1 129.3 146.6 149 177.7 197.3 184.2 147.2 120.5 132.3 147.9 161.4 154.9 145.5 141.1 144.8 148.2 138.9 130.2 126.7 131.4 141 167.9 190.6 239.3 276.3 230.5 226.4 229.7 228.9 234.5 259.2 213.9 163.8
221.4 191.5 160 142 122.5 116.9 108.8 103.6 116.1 113.7 106.7 97.5 100.4 102.1 104.4 100 102.4 111.2 118.4 106 87.8 74.7 72.7 69.9 69.8 71 71.3 76 79.2 86.3 95.9 109.7 124.6 129.8 124.6 119.2 115 107.8 97.1 83 71.7 73.1 82.5 100.9 116.6 129.5 147.3 158 146.1 125.7 120 125.3 130.9 129.1 110.8 125.3 125.4 124.6 134 136.3 139.3 143.5 147.7 154.5 188.7 202.4 225.7 239.3 237.1 263.1 265.4 245.1 214.7 158.1 113.2 91.1
209 195.9 171.8 150.3 130.9 118.6 110 108.2 110 108.5 104.3 100.6 97.4 97.8 100.9 103.2 105 111.3 119.1 115 99.8 82.6 74.8 71.4 71.9 75 80 80.3 85.9 90.3 93.9 101.1 108.3 109.6 109.2 104.1 103.6 107.1 106.6 91.2 79.8 76.8 79.9 90.1 104.4 112.4 116.1 116.7 111.9 110.7 108.8 111.8 121.4 123.4 124.2 125.7 127.1 125.3 131.6 149.3 170.4 188.2 213.2 256.5 290.9 276.8 233.6 182.4 165.5 175.6 206.3 206.7 176.5 123.1 97.9 95
199.7 198 181.3 154.9 134.1 117.3 108.7 108.6 112.2 111.3 105 98.1 95.2 97.3 99.7 104.6 105.6 102.3 100.8 97.9 89.8 76.7 72.1 70.7 73.1 78.5 83.5 90.2 96.1 93.1 92.9 93.1 91.7 91 88.3 87.2 87.6 89.3 89.9 88.1 87 87.3 88.3 88.4 95.2 102.9 107.8 113.3 122.7 126.7 121.7 120.9 122.2 120.3 118.9 123.4 139.2 151.9 145.9 179.2 218.3 220.5 296.4 380.4 457.2 458.2 275.8 158.8 102.1 109.5 166.6 183.9 138 94.1 89.9 96.7
191.7 185.9 163.5 142.9 122.8 105.3 97.2 100.7 108.3 110.4 107.3 98.6 91.5 90.5 92.5 95.4 94.7 85.2 81.4 77.3 67.7 60.6 62.3 68.3 73.5 76.6 81.8 87.4 90.8 90.4 90.7 90.6 89.1 87.7 84.8 83 78.9 68.3 62.3 74.8 92.9 105.4 103.3 97.4 95.4 99.3 106.2 107.9 110.9 116.8 126.7 131.7 118.9 112.8 108.7 124.4 149 175.6 199.5 224.8 279.7 340.4 317.2 391.7 481.2 536.7 347.7 206.5 155.2 131.9 129.7 135 121.8 103.2 104.6 118.5
209.7 174.6 141.1 115 94.1 85.7 82 85.4 95.2 102.6 100.4 91.9 84.4 82.6 82.7 81.4 84.4 71.8 68.2 60.8 53.8 48.1 51 59 64 67.6 70.7 76.2 79.6 80.8 81.2 82.1 83.4 85.3 88.9 94.1 88.2 79 75.9 87.3 105.7 110.8 105.8 102.3 106.5 110.9 115.1 114.9 104 111.7 127 138.2 128.3 120.5 136.8 150.7 150.6 184.1 218.7 277.8 361 505.5 568.9 357.7 314.2 311.6 273.9 215.9 176.1 123 114.4 122.6 133.3 137.7 142.9 169.8
226.3 163.5 115.8 91.2 81.5 74 71 81.3 86.5 88.2 88.4 82.9 77.5 76 76.8 77.6 77.3 71.7 63.1 54.3 48.7 44.3 47.7 55 58.1 61.2 64.3 68.3 71.5 71.4 71.2 74.3 77.5 80.9 85.2 87.5 89 88.7 96.5 115.8 109 111.2 129.2 130.7 136 143.5 147.2 143 131.3 122.9 136.1 176.2 162.6 154.3 192.7 183.6 204.6 196.7 235 267.3 318.4 393.2 320 177.7 175.4 239 277 254.6 194.8 146.5 123 137.4 155.5 165.7 181 211.4
315.4 268.2 130.1 85.3 69.2 60.7 59.8 67.8 75.8 80.6 79.7 74.2 71.5 70.3 72.2 77.7 77.5 72 60.1 52.4 53.6 67.4 56.6 55.8 57.8 60.1 64.3 69.4 73.2 73 73.4 75.9 77.8 77.3 74 69.1 74.2 92.6 109.6 122.3 147.6 206.8 114.6 166.2 157.7 174.1 189.2 202.6 192.2 175.6 171.7 181.5 229.5 247.9 241.7 257.9 324.2 413.2 362.5 292.5 221 276.1 262.7 219.3 222.7 248.1 265.9 277.5 246.2 196.6 179.1 197.7 212.9 215.3 219 235.8
329.2 331.5 266.3 112.3 77.3 65.6 63.2 66.5 74.7 81.4 75.4 64.1 58.1 58.5 59.9 65.5 71.6 63.6 52.4 51.7 53.1 49.6 53.2 56.9 58.4 63.7 73.4 83.2 94.4 95.6 91.3 84.8 83.8 79.5 74.3 70.1 74.1 93.8 111.8 123.4 99.9 178.1 214.7 209.8 204.8 241.3 248.6 241.5 235.7 253.8 274.7 278.7 255.4 281.9 323.5 359.4 434.8 646.8 770.5 580.9 388.7 379.2 333.4 304.6 272.6 304 367.2 330.9 322.1 253.6 236.5 275.1 282.6 270.9 251.5 241.3
319 333.6 326 243.1 120.6 82.5 71.8 72.2 74.2 76 72 63.8 57.7 57.6 55.8 56.3 57 49.5 46.8 47.7 51.1 51.3 55.7 61.9 62.2 69.2 78.7 93.2 112.4 120.7 110.6 92.2 81.7 76.3 72.9 78.2 90.4 104 109.3 128.7 128 165.4 234.7 388.6 486.4 365.4 279.6 251 262.7 295.6 312.6 434.9 439.4 442.8 387.5 449.6 434.4 513.9 549.5 481.2 499.1 646 434.8 299.3 213.6 228.4 303.4 311.6 210.2 155.3 175.7 235.2 267.6 238.8 210.8 222.7
404.4 399.7 374.8 345 289.9 150 87.5 77.9 75.3 74.7 73.6 72.1 70.7 67.7 63.4 59.3 56.8 51.9 48.6 48.5 51.5 53.8 54.8 52.6 66.8 75.8 82.9 103.7 138.3 147.1 126.3 99.1 76.1 66.2 68.8 91.8 117.3 124.5 133.9 145.8 153.7 195.2 345 440.1 636.3 755.3 539.1 339.7 316.6 449 466.9 483 434.7 457.2 367.2 248.8 283.2 246.3 193.3 192.2 279.8 327.9 326.2 306.9 243.6 227.9 256.6 141.5 93.6 84.2 99.6 127.5 148.3 154.5 148.4 147.1
413 400.2 385.9 365.1 324.1 239.3 120.8 89.4 84.3 82.9 79.1 79.9 80.2 78.8 74.5 70.1 60.6 53.8 48.7 47.4 48.2 50.7 51 36.6 88.8 78.8 80.6 116.9 159 160.4 129.5 99.4 75.8 52 71.6 98.6 124 132 145.8 163.6 169.2 237.6 353.5 667 630.3 586.6 435.8 541.3 410.7 297.5 407.4 400.7 339.9 332 309.2 354.9 324.2 251.8 181.9 142.6 86.1 85.5 210.3 185.9 117.5 110.5 92.3 80.7 67.5 60.1 63.1 70.8 83.3 102.1 103.4 92.2
499.1 444.7 345.7 361.5 302.5 227.6 142.3 98.7 83.4 75.7 75.4 84.5 89.3 89.4 86.1 80.4 71.7 58.9 49.6 45.7 47.6 51.9 57.9 64.4 59.1 78.6 85 96.7 119.8 123.4 100 86.6 81.4 82.1 83.5 117.6 152 164.9 171.3 176.3 198.1 241.1 287 520.7 810.6 386 263.3 253.6 302 754.5 607.4 803.2 543.1 287.5 267.2 287.2 286.1 263.4 224.4 202.2 215.7 223.8 183.3 103.6 64.2 60.7 67.3 68 66.7 63.9 61.1 65.2 74.4 85.6 91.3 90.5
527.7 511.5 435.8 336.5 239.5 184.1 141.6 102.9 85.8 80.1 83.1 94.9 101.3 97.9 90.2 94.7 91 82.6 66.3 55.6 53.6 57.3 62.2 66.1 71.5 78.9 88.3 97.9 113.6 94.1 64.2 64.1 67.1 79.2 113.7 165.4 192.9 236.8 257 229.9 220.5 276.7 266.8 298.4 365.1 110 136.4 151.3 218.4 315.2 487.6 682.6 503.2 275.7 256.3 279.4 279.8 273.9 247 224.4 257.9 259.7 204.1 142.8 96 76.3 70.1 70.2 66.9 63 60.9 62.7 69.1 75 78.8 76.9
309.9 326.2 264.8 196.8 162.6 114.5 101.2 93.4 87.7 93.9 88.3 98.5 112.5 103.9 102.1 110.6 118.9 117.4 103 83 64.9 59.5 57.5 62.2 67.4 76.5 90.6 105.9 117.4 97.4 79 73.3 72.7 78.2 120 170.8 238.2 259.6 276.3 241.1 239.9 232.1 181.4 124.5 123.9 129.9 228.7 215.9 249.2 286.5 411.5 425 330.8 301.9 248.5 231.6 229.1 227.4 190.7 158.6 158.8 164 157.7 139.3 105.9 80.8 70.6 70.6 66.3 59.5 55.6 53.8 55.5 57.7 61.7 60.6
271.5 324.6 164.5 124.3 102.1 78.6 73.8 76.3 79.4 80.6 83.1 94 100.1 98.7 96.5 109.6 164.9 170.6 135.8 98.9 68.7 53.2 49.1 47.8 51.8 64.9 80.4 94.1 99.8 97.6 95.3 88.1 79.5 44.9 99.2 181.8 238.8 218.3 228.7 286.7 305.7 292.6 293.3 256 207.9 221.9 417.8 402.5 321.9 306.8 373.8 255.7 273.4 256 230.8 184.2 241 194.6 167 137.6 124.2 127.3 133 125.4 106.2 89.8 76.9 69.2 61.7 53.7 48.7 46.1 44.1 43 42 40.1
348.9 344.2 187.3 170 118.5 77 56.2 65.8 79.4 89.4 94.6 101.7 108.8 115.3 114.3 151.4 253.5 257.3 208.4 135.2 76.1 49.4 50.9 39.6 37.8 52.3 69.5 89.7 113.9 116.8 101.4 102.8 86.3 84 109.9 192.2 262.2 325.7 381.9 407.1 358.3 419.7 392.9 305.2 475.1 604.5 502.3 433.4 209.6 372.2 236.2 181.9 210.1 210.5 187.4 169.2 167.8 173.1 163.5 147.7 134.7 130.3 128.4 120.2 106.8 92.4 77.4 65.3 56.6 49.7 45.6 44.4 42.4 39.5 36.5 33.7
512.6 962 787.8 596.3 452.4 278.6 48.7 61.2 85 101.9 109.6 119.3 136.4 157.3 174.1 221.4 297.3 330.5 238.4 180.6 119.6 91.8 80.8 57.4 48.2 58.6 67 93.5 136.5 175.2 203.4 123.4 88.8 99.3 161.4 212.4 217.2 494 544.8 495.4 594.1 697.3 647.5 676.6 770.1 751.9 683.7 706.7 1120.6 550.6 235 140.8 155.2 167.7 171.7 167.4 167.9 162.5 158.1 149.5 138.3 130 120.7 109.5 99 86.8 73.8 62.6 54.3 49.3 46.5 45.4 42.5 39.6 36.6 33.8
181.5 962.3 911.4 852 877.7 940.5 940.4 332 129.7 132.7 150.2 158.5 178.8 206.6 223.9 248.6 261.9 303.3 223.2 221.7 158.9 151.3 148.4 123.6 86.3 80.2 86.4 100 122.7 140 179.2 134.3 84.8 88.2 128.5 208 284.2 430.3 471.1 339.5 370 492.4 738.5 700.3 732.9 572.1 336.4 448.1 421.3 290.2 236.3 171.5 160.8 168 179.4 177.4 158.3 154.7 155 148 135.9 124.6 111.3 100.7 93.8 82.4 73.3 64.4 56.4 50 45.6 43.8 42.3 40.4 38.4 35
328 520.2 764.2 792.4 882.9 962 1001.4 955.1 593.5 315.5 219.4 167.5 198.6 242.1 304.7 314 280.9 240.8 209.8 241.5 208.5 201.6 190.8 158.7 116.3 96.7 95.7 94.6 94.2 113.9 125.3 117 95.4 77 63.8 137.1 203.6 262 250.4 249.2 272.8 276.8 428.1 499.9 521.7 474.3 351.4 351.6 335.7 280.1 246.5 214.9 202 225.6 225.6 217.5 186.5 160.7 148.6 145.3 142.9 131.8 104.2 91 87.8 80.1 73.1 66.3 58.7 51.9 46.9 43.5 43.1 41.4 39.7 38
261.8 382.3 633.9 782.7 973.2 992.7 1047.4 966.4 771.9 548.1 371.6 257.1 297 350.9 437.3 381.8 310.5 206 183.8 224.8 261.6 226.9 202.2 176.5 122.1 99.2 105.8 89.9 84 110.2 122.9 141 135.7 115 114.4 134.5 153.4 171 140.6 149.2 163.2 212 300 418.6 528.1 540 407.8 360.5 342.4 317.9 274.1 240.5 240.3 255.2 257.5 254.3 232.4 186.8 161.9 153 152.2 124.8 85.4 66.9 78.5 75.1 74.6 74.5 60.7 50.5 50.4 48.2 45.4 42.7 40.2 37.1
291.7 379.3 286.3 523.7 791.9 1251.8 1076 1005.4 766.6 649.3 566.2 452.8 409.5 324.9 361.4 422.4 390.3 197.8 166.2 189.9 212.1 216.4 231.5 216.3 160.5 117.8 103.8 110.6 124.6 157.5 193.9 218.1 215.8 195.6 172 167.2 168.8 169.2 182.7 167.7 193.4 297.3 321.9 398.6 505.7 481.2 360.4 324.3 353.3 320.9 293.1 272.3 258.4 250.4 280.6 301.8 300.2 252 202 169.4 132.6 101 69.8 51.4 62.2 70.6 77.2 84.3 66.5 55 52.8 51.3 48.6 45.2 42.5 39.3
407.1 371.4 362 407.8 461.5 660.2 741.5 768.5 670 550.5 573.2 476.4 330.7 264.4 828.9 556.4 415.4 208.4 124.9 154.7 170.7 201.5 221.6 149.9 169.1 150.1 138.7 167.8 211.2 240.6 266.2 275.3 290.6 290.1 251.2 214 190.5 178.8 184.3 205 258.8 250.8 396.6 491.1 514.5 492.5 484.1 474.4 467.1 391.8 306.7 286.5 272.1 280.9 331.8 372 379.2 355.9 279 206.1 143.1 97.7 72.4 61.4 62.6 68 71.1 72.1 66.6 60.5 56 53.2 50.6 47.4 43.9 42.2
471.4 402.9 385.7 395.7 372.3 338.1 326 339 376.2 446.9 456.8 395.5 320.8 379.3 499.8 499.5 390.3 211.4 119.4 122.9 135.5 151 163.7 204.2 194.8 200.2 225.5 264.3 305.6 304.1 307.5 331.5 353.6 365.5 309 261.7 229.5 190.8 165.4 273.1 484.7 639.7 754.1 732.8 679.8 650.2 676.9 569.3 596.1 539.6 358.7 314.6 280.4 255.2 424.7 439.7 434.4 419.2 381.5 292.6 196.9 125.1 86.3 67.7 63.3 65.3 66.4 65 63.5 60.9 58.7 57.9 56.3 55.7 51.8 46.9
456.9 426.3 420.9 389.1 348 279 242.6 204.1 179.5 200.8 318.2 348.9 328.9 366.8 422.6 421.2 338.2 196.7 110.5 106.5 87.9 104.4 139.5 168.7 192 220.7 262.9 318.7 370.2 348.2 348 354.5 353.9 328.1 292.7 264.4 250.3 226.2 163.1 196.7 466.5 829.3 769.4 626.9 564.2 637.7 797.8 1268.9 875.5 963.6 1008.3 667.2 485.7 714.3 553.6 461.1 500.2 471.1 396.8 315 232.1 162.9 113.3 78.2 63.5 61.6 61 61.3 64 69.4 71.5 75.3 78.7 79.7 79.2 77.2
530.2 459.4 479.9 437.6 360.5 230.8 198.2 179.6 156.8 130.7 157.2 258.7 338.8 373 395.5 364.5 273.5 149.7 97.6 97.2 97.6 110.8 136.2 162.4 193.2 235.4 273.6 312.6 344.2 356.5 380.4 373 354 320.7 294.1 263.5 248.5 265.4 219.9 100.2 291.6 479.2 440.5 468.9 476.7 419.7 661 825.9 787.2 1159.2 1515.7 1355.1 1263.7 1299.1 1236.4 721.1 519.5 494.9 375.7 298.8 228.5 159.8 115.1 86.5 69.7 60.3 58.3 63.6 74.5 87.8 99.3 105.8 112.5 118.9 123.7 126.2
507.7 474.4 528.7 492.6 393.8 248.5 169 147.3 141.3 127.7 131.9 213.3 381 336.4 339 312.3 213.8 110.9 91.4 92.8 100 106.7 117.7 135.5 173.8 231.8 264.9 288.7 313 332.5 353.1 365.7 375.3 336.7 291.1 280.9 255.5 289.3 288.4 228.8 282.4 365.9 373.6 454.9 422.8 370.6 448.5 542.2 543.1 935.3 1185.8 1206.9 1168.2 942 1541.2 879.4 634.3 478.1 328.1 259.1 198.4 149 103.8 76.4 66.5 59.1 59.4 75.9 99.7 116.8 128.4 137.5 142.9 154.1 157 166.5
583.8 628.2 567.9 475.8 365.5 258.1 164.4 142.4 166 229.5 307.4 325.9 230.3 142.1 112.8 105.8 95.2 79.7 80.5 86.6 88.7 95.2 99.5 111.1 133.5 182.7 227.4 251.8 273.9 305.3 341.1 370.5 382 340.4 293 249.2 219.9 215.6 199.7 195.3 233 293.3 322.8 524.5 656.2 483.5 476.1 536.4 479.6 621.3 977.8 1019.3 1340.9 824.4 816.7 1022.8 936.8 525.5 345.4 273.5 232.5 155 82.8 57.3 49.8 47.9 57.2 84.8 117.5 135.9 144.9 154.3 161.1 170.1 182 201.3
526.4 558.5 509.4 455.6 289.1 237 181.4 169.1 228 335.2 413.4 307 200.4 131.8 90 73.2 65 71.1 75 79.8 86.2 90 96.5 103.3 110.9 133.7 164.3 189.9 211.2 239.5 277.6 312.4 305.4 258.5 203.1 169.3 160 157.7 146 151.8 205 255.8 316.4 435.9 403.7 386.6 485.5 432.6 480 504 572.6 763.1 1051.4 1638.4 1275.9 1006.3 1142.2 1088.2 926.6 803.3 646.9 252.2 58.8 41.8 30.2 22.8 48.4 86.2 119.9 138.6 148.7 157.4 165.5 179.6 199.5 223.4
430.3 438.1 437.9 404.2 306.9 219.8 169.6 142.8 264.6 554.2 493.5 285.7 170.6 127.8 105.6 90.7 85.8 84.8 85.1 86.3 89.4 91.3 93.7 94.8 88.7 89.7 103.7 123.6 142.7 160.5 177.4 197.2 189.4 160.6 131.4 116.1 140.8 159.4 150.2 127.2 159.4 203.3 262.7 282.2 289.9 296 315.7 282.5 304.9 361.4 466.4 649.2 887.9 1172.3 1701.9 1793.1 2448.4 1326.9 1054.6 1280.5 1319 660.2 144.5 67.1 22.2 18.5 40 92.8 124.8 142 150.4 156.5 166.1 183.6 210.2 252.9
