datasets/global_precipitation_1950_2017/rasters/precip_1956-total.asc
NCOLS 720 
NROWS 347 
XLLCORNER -180 
YLLCORNER -90 
CELLSIZE 0.5 
NODATA_value -9999 
[rows 34 to 67 of 347, columns 532 to 607 of 720]
414 412.9 413.5 421.6 426.1 423.3 415.7 404.6 398.1 395.7 396.2 394.3 393.5 394.9 394.6 393.6 392.5 386.2 378.7 366.3 351.8 333.6 315.3 299.3 287.1 278 271.5 266.8 261.9 257.8 254 251.7 249.1 246.1 244 239.1 235.2 229.2 225.5 220.1 215.3 211.2 208.3 205.4 204.3 204.5 206.8 207.6 208.8 210.6 213.6 216.4 219.1 221.8 224.2 226.2 222.4 228.1 226.9 224.6 221.9 219 215 211.9 208.8 206.1 203.2 202.7 200.3 197.8 194.8 194.8 196.6 200.3 201.9 204.1
446.3 456.4 473.2 501.9 479.8 444.6 402 363 348.2 364.5 381.6 391.5 392.8 395.8 394.9 393.2 388.3 378.6 365.7 350.6 333.2 314.4 298.4 284.8 273.7 265 260.5 258.7 258.2 258.8 258.5 258 256.5 256.5 252.7 249.4 244.3 239.4 234.1 228.1 224.1 219.6 216.7 215.2 216.7 218.9 223.4 227.3 229 229.7 229.4 229.6 228.3 227.8 228.3 227.2 226.6 226.2 225.2 223.6 221.4 218.6 215.6 212.1 208 204.6 201.5 200.6 200 200 198.2 196.8 195.6 199.2 199.7 199.2
473.1 477.8 475.7 472.6 468.5 454.2 426.6 399.2 386.9 388.4 395.6 398.5 399.9 400.6 399.7 397.7 392.7 379.2 366.9 349.5 330.9 313 293 272.9 255.8 243.9 244.9 251.7 258.5 260.9 262.5 263.1 263.3 261.5 258.2 254.8 252.5 248.5 246.1 243.8 241.5 242.1 241.8 243.7 245.9 249.1 253.8 256.6 257.3 256.5 254.5 251.7 247.6 243.7 239.3 234.7 231.9 228.7 225.5 221.3 218.4 215.1 211 207.3 203.3 198.8 193.9 190.9 189.1 188.5 188.2 188.8 188.9 191.2 193 195.7
501.7 499.8 496 490.7 482.5 471.9 459.9 446.1 432.9 423 417.5 410.9 406.8 407.4 408.3 407.9 402.5 390.6 377.2 359.1 342.7 326.8 310.6 292.4 272.7 260.6 263.4 270.7 274.4 273.4 271.8 269.2 266.6 261.9 257.3 256.2 250.7 249.6 252.9 254.8 260 263.3 267.9 274.3 280.7 285.6 288.4 291.7 292.9 291.7 288.3 283.6 277.3 270.7 263.7 255.5 245.5 235.7 227.7 220.1 212.8 207.6 204.8 202.8 200.4 198.1 193.9 190 184.1 180.2 179.8 177.2 178.7 179.6 183.9 190.3
511 519.3 532 532.6 513.1 489.3 469.6 459.5 447 434.9 424 417.3 414.1 413.2 413 412.5 410.5 399.7 382.7 365.2 351.8 343.6 337.5 332.3 327.5 327.2 329.5 329.6 302.9 294.6 289 280.4 269.9 259.3 248.1 239.8 236.3 239.4 245.1 257.2 263.9 273.6 283.6 291.8 300.6 308 312.3 316 319.5 321.6 318.3 315 306.9 298 289 277.8 264.2 248 233 220.7 209.6 203.9 203.6 205.2 205.4 203.6 199.9 194 186.5 179.7 174.6 173 173.9 176.6 180.9 185.8
496.7 499.2 499.5 494.9 482.1 468.8 459.9 452.2 444.8 438.3 433.5 431.7 429 425.3 421.3 418.3 410.9 400.1 384.6 368.3 356 352 353.6 353.3 351.6 352.2 351.2 347.7 337.6 320.7 303.5 286 267.5 247.7 227.2 209.6 205.5 218.6 237.1 255.9 271.4 284.2 295.3 304.1 311.4 318.4 323.5 328.2 330.9 334.9 335.9 336.2 332.6 323.4 310 296.3 282.8 268.2 250.1 233.8 222.1 214.9 214 215.1 216.7 214.4 209.4 201.3 190.8 179.6 170 166.4 168.8 174.7 180.4 186.3
474.6 478.6 484.5 484 439.8 441.8 440.8 438.9 442.5 448.7 457.5 464.7 465.1 458.4 450.5 439.4 428 416.3 405.3 394.5 385.5 379.6 375.9 369.6 360.5 353.7 345.5 337.1 326 314.2 301.3 289 272.8 256.8 238.7 225.9 225.9 237.4 254.7 271.5 286.9 299.1 308.8 314.9 320.1 324.5 328.9 333.3 337.3 342.2 347.8 354.2 363.7 356.9 323.2 300.6 295.4 285.4 269.2 250.4 233.6 222.8 221.1 224 226.8 227 224 218.1 209.5 199.3 190.5 184.5 183 184.3 185.4 189.3
441 447.2 457 457.9 440.8 415 406.4 421.5 444 466.8 489.2 508.9 516.2 509 486.2 469.8 453.3 441.8 433.5 430 427.1 421.1 412.2 400.8 381.9 365.1 350.1 336.5 323.1 311.1 304.1 302.7 301.2 296.7 290.3 284.2 282.8 286.2 293.1 301.2 310.4 317.4 322.3 325.3 326.6 327.7 331.5 334.6 335.2 333.5 335.9 347.7 358.9 358.9 337.6 316.6 306.5 299.6 286.6 266.2 241.1 218.6 228.2 245.9 254.4 256.4 256.7 254.8 247.3 236.8 225.3 216.5 209.3 202 196.1 195
431.9 432.6 440.2 439.1 424.3 401.6 406.4 437.3 466.5 486.9 508.6 527.1 532.5 519.1 497.3 475.1 454.3 446 454.5 463.5 469.3 467.1 456.6 436.6 416.2 391.4 372.7 356.6 346.3 340.3 338.8 343.4 347.7 349.4 345.8 339.6 333.6 330.9 330.4 332 334.5 336.8 338.9 339.7 339.9 340.1 340.4 340 337.5 333.2 331.5 337.8 342.9 342.4 332.4 324.3 323.7 324.2 318.9 308.8 298.8 298.2 309.3 316.4 309.1 300.5 298.6 298.2 289.3 275.3 262.4 249.8 236.9 225.4 214.9 208.5
451.1 448.9 452.2 456.5 461.2 470.1 487.1 504.9 499.6 497.9 493.5 497.5 498 495.6 491.4 475.8 458.6 454.6 465.7 480.8 492.7 489.5 470.6 448.6 426.3 409.3 394.1 383.6 377.6 375.9 376.8 381 387.1 389.9 385.8 377 368.2 361.9 357 354.6 354.3 355.1 356.7 356.7 357 355.1 353.2 351.2 347.9 345.6 344.1 344.7 348 349.2 354.2 357 363 368.2 360.2 350.5 341.5 331.5 329.8 326 321.3 315.6 312.6 309.2 304.7 298.9 290.6 281.1 269.8 255.4 244 232.7
482.6 473.3 472.4 476.8 483.3 488.1 486.9 481.6 489.9 475.2 449.6 429.9 438.6 482.5 529.6 529.3 502.9 485.5 475.8 469.8 462 445.4 427.2 414.2 408.9 406.1 402.5 400.6 398.7 397.6 397.8 397.4 397.8 396.3 392.6 388 380.9 375.3 368.9 364.7 362.6 363.9 365.5 368.1 369.3 366.7 364.6 362 359.5 356.2 355.7 358.3 361.7 366.7 370.7 373.4 380.2 381.5 384.3 380.4 365.1 350.1 338.8 329.4 324 321 319.9 318.3 316.6 313.8 310.5 304.6 293.9 282.3 272.9 262.1
515.8 493.1 480.7 478.8 479 487 500.3 498.9 481.8 440.9 388 357.6 355.5 410.4 494.6 510.6 501.2 487.2 467 444.8 417.6 391.7 372.2 371.2 387.2 399.5 405.1 405 404.8 406.5 410.5 414.3 414.8 409.1 399.9 391.6 382.3 372.6 363.9 358.5 356.2 357.4 361.7 366.2 369.9 373.5 376.8 377.7 382 386.1 394.5 400 399.7 396.2 392.8 391.1 392.8 394.9 395.3 388.5 374.9 359.6 346.3 335.9 329.2 324.9 324.7 326.2 326.4 324.8 323.1 320.5 317.8 313.3 309.7 300.4
530.8 508.1 490.2 478.5 470.3 477.9 494.7 511.9 526.6 480.9 419.9 379.3 362.9 454.6 512 486.3 475.1 473.4 459.3 429.8 395.6 383.6 382.3 389.1 400.2 409.9 410.8 405.5 401.4 403.9 410.2 420 424.5 407.2 386.3 372.7 362.8 353.9 343.8 336.5 335.3 337.6 341 349.8 381.3 395.8 399 405 413.1 424.8 432.6 436.2 430.2 423.5 418.8 412.3 403.7 394.5 383.5 372.9 361.5 350.1 339.1 332.6 328.5 327.6 328.1 328 327.2 331.1 338 348.1 357.2 365.2 370.4 373.7
533.6 524.2 518.6 512.5 506.5 506.5 517.7 529.2 527.5 524.5 523.1 495.1 469.7 460.4 404 396.7 424 435.2 433.5 417.8 397 392.7 393.4 394.3 392.5 392.5 390.3 385.7 381.9 381.1 381.9 384.4 378.9 361.9 343.2 343.2 343 334.2 322.2 312.9 315.9 323.6 340.6 365.7 396.2 411.3 422.1 432.3 444.2 452.5 454.5 445.6 428.7 423.6 437.9 441.5 431.4 406.3 377.4 346 328.3 317 312.3 315.4 317.2 320.7 326.9 334.3 341.9 350.6 362.4 377.2 397.2 418.4 441.9 460.9
536.5 549.1 553.2 548.3 520.7 493.5 496.4 523.6 545.9 557.4 557.4 530 489 449.7 417.9 406.8 408.8 414.8 418.1 418.5 415 406.3 395.7 382.9 372.5 363.5 359.6 357.9 352.3 346.3 348 357.8 364.7 361.9 355.4 348.5 338.9 323.8 310.7 299.9 296.4 308.7 328.7 359 390.6 418.1 445.2 462.5 471.7 475.3 472.4 470.1 462.3 471.6 493.6 491 465.4 422.4 374.3 335.3 298.3 277.8 277.1 288.4 299.4 310.8 321.8 333.7 344.9 355.4 367.8 392.9 425.2 454 491.8 526.4
548.7 567.6 565 572.3 467.5 378.8 502.5 535.9 530.6 526.5 510.4 478 451.6 438 427.6 419.4 413.9 413.8 416 421.5 416.6 408.2 398 372.8 351.9 338.5 340.1 342.7 345.2 344 349.5 364.5 375.8 380.9 378.9 368.1 353.6 332.3 320 317.4 312.5 305.5 314.4 362.2 406.3 440 475.6 503.6 493.7 479 476.7 490.9 528.7 590.6 565 503.2 461 423.8 379.5 334.4 299.9 279.4 274.2 282.1 295.2 309 322.1 335.3 347.2 359 370.8 393.8 430.2 471.9 522.3 569.2
526.9 539.4 529 504.4 477 504.5 590.6 565.6 528.1 499.7 469.6 443.8 431.7 428.9 423.8 418 430.8 390.9 401.5 402.5 397.4 387.6 364.8 344.6 347.6 347.9 346.5 347.5 352.4 362.3 376.9 394 405.6 406.9 407.3 397.3 381.1 360 338.7 338.2 344.8 357.7 374.1 395.9 421.2 457.6 457.5 475 471.8 465.5 462.8 462.6 469 477.5 472.1 455.6 414 433.6 407.1 358.1 328.5 312.1 298.6 295.5 302.5 313.3 331.1 345.7 357.1 368.6 383.9 406.9 445.4 494.5 546 590.4
489.9 501.3 498.6 490 490.1 507.7 529.4 526 506.6 478.9 449 423.4 404.3 393.8 367.8 366.1 363.7 358.8 350.4 352.4 367.9 389.4 390.9 372.7 361.6 354.5 347.9 344.1 345.7 357.5 380.2 402 425.5 434.7 423.3 412.7 405.5 398 396 400.4 410.2 410 415.8 426.8 426.1 386.2 399.3 415.1 420.5 420.4 410.9 405.8 424.8 446.7 462 478 503.3 491.5 451.3 407.8 357.2 323.7 301.4 299.8 315.8 334 347.5 358.5 369 381.7 395.1 417.7 449.2 510 562.9 597.6
492.2 492.3 488.5 484.9 481 497.5 525.4 503.1 472 451.1 429.5 408.6 394.1 372.3 349 320.3 299.4 281.9 237.5 289.6 321.2 345.6 360.8 368.8 367.5 358.3 347.1 335.3 326.4 324.7 329.4 345.7 391.8 391.1 388.2 395.9 405.2 396.2 418.8 470.6 471.2 439.1 423 418.3 404.7 387.2 375.1 372.4 374.2 379.7 375.3 392.5 413.2 430.7 445.2 452 456.5 451.4 434.2 402 357.4 327.1 315.5 323.4 345.8 363.8 369.3 371.8 377.4 385.2 400.6 418.7 457.8 507.3 562.5 598.7
502.4 495.7 496.1 501.8 513.6 528.7 539 498.8 437.7 417.2 421.7 401.9 367.1 339.4 326.9 304.4 286.5 299.5 331.1 311.8 316.4 334 355.6 382.5 398.1 394.5 373.8 337.5 302.9 286.7 276.2 272.2 299.7 323.3 350.5 378.5 390.5 410.6 447 480.1 439.7 424.4 418.4 404.9 386.7 361.9 328.2 300.7 280.9 293.9 313 341.7 373.1 389.5 396.7 398.3 397.8 388.5 375.1 352.3 337.6 327.2 320.8 317.4 334.3 363.9 371.7 374.1 378.2 383.9 388.2 400.7 437.8 495.4 558 605.5
444.2 488.2 515.2 518.5 536.2 539.4 500.6 468.4 483.6 479.5 438.7 432 401.5 279.4 317.4 303.9 286.4 286.7 302.4 278.6 336.1 353.5 391.5 378.3 395.1 395.5 369.1 320.2 277.7 265 265.8 273.7 275.2 253.7 281.9 318 340.2 361.3 375 372.9 353.4 364.3 374.8 371.9 341.4 300 261.6 227.4 202.1 196.2 219.1 252.5 299.6 325.1 339.1 345.5 351 352.5 332.8 315.8 319.7 330.1 336.8 338 342.2 350.7 354.6 362.7 383.2 392.8 398.3 412 450.8 514.6 580.4 634.6
479.7 507.6 554.3 555.3 463.7 500.5 484.3 436.7 410.2 399.2 398.9 405.9 377.7 344.2 330.6 281 292.4 222.4 334.2 347.6 341.2 351 346.7 323.5 319.5 333.7 312.9 269.5 243.5 242.8 246.6 266.8 277.6 271.1 273.9 285.8 289.6 304.4 320.5 351.4 341 333.9 324.6 313 291.5 270.3 251.9 161.6 137.9 175.9 212.8 253.7 286.5 305.5 321.2 334.3 327.3 305.3 271.3 280.6 318.6 341.5 348.4 348.8 355.4 365 375.1 405.2 447.3 465.8 464 470.5 502 564.9 631.1 669.7
399.1 555.7 766.9 956.6 842.4 771.9 593.8 376.1 354.6 331.9 357.1 427.7 426.9 457.1 533.2 373 333.9 394.2 381.1 365 363.3 366.6 360.9 345 330.7 319.5 297.8 256.8 205.3 115.9 234.2 247.2 258.2 262.9 267.7 275.7 279.2 282.6 294.7 302.7 304.5 309.2 316.1 307.6 297.3 271.9 246.5 233.6 216.7 225.8 246.5 274.9 293.6 286.5 281.9 325.9 327.4 319.6 318 336.2 365.7 383.5 379.6 379.6 395.1 425.2 462.5 500.8 538.1 550.8 545 545.6 563.2 614.4 668.2 690
579.6 576.4 663 851.1 1094.3 1319.5 932.9 529 393.3 339.9 334 365.7 419.7 519.7 566.9 489.7 431 415.3 406 407.1 418.4 423.8 410.2 378.7 347.1 325.4 315.2 288.9 260.9 273.6 261 256.3 261.1 275.9 282.9 277.9 256.4 237.6 263.5 264.6 267.6 266.6 277.5 294.9 286.8 280 283.5 274.9 250.5 253.6 273.5 300.6 328.1 349.3 361 352 340.9 335.2 347.3 370.6 389.4 395.3 400.5 414 442.7 478.4 516.1 540.9 546.9 549.4 552.9 546.9 547.5 578.9 632 674.8
497.9 512.6 556.2 671.7 837.9 868.4 831.6 656.5 438.2 352 320.4 354.5 389.7 478.9 614.6 622.3 578.8 561.3 530.1 482 456.9 455.2 446.3 417.5 387.1 363.6 333.6 306.3 319 324.9 281.8 230.6 251 304.6 308.5 310.7 312.3 272.9 256.4 255.1 253 246 232.5 211 199.1 253.4 339.7 339.9 195 241 299.9 348.2 353.9 344.2 344.3 348.8 338.5 326.3 336 370 398.5 412.6 419.3 431.6 450.9 475.4 496.6 520.5 527.2 534.5 536.2 533.3 533 538.4 579.7 651.2
499.7 499.8 544.8 650.4 730 768.9 737.6 560.4 277.2 307.9 275 300.6 387.1 406.9 513.5 596.2 633.1 654.2 642.6 566.9 491.6 454.1 442.4 428.8 412.3 406 379.3 347.7 333.7 329.8 308.8 293 303.7 298.8 274.2 305.6 353.2 313.4 270.4 262.3 255 228.9 211.7 209.8 226.1 265.7 310.7 314.7 314.1 308.8 314.2 325.7 327.9 323.5 317.1 330.7 335.7 339.6 359.6 371.8 380.6 397.6 415.7 430.6 442 446.9 446.3 426.9 471.5 543.9 540.1 527.1 532.8 547.3 570.2 588.8
577.7 658.9 734.1 732.6 759.3 830.6 755.6 575.2 428.3 374.9 386.6 428.1 515.7 493.9 641.4 708.1 754.8 752.7 668.3 551 465 429.5 434.9 453.9 480.2 447.9 404.7 369 355.6 366.4 384.8 395.5 366.1 302.8 272 261.1 257.4 248.3 268.5 217.3 210.9 161.4 181.6 227.6 351.4 302.3 356.6 364.3 372.1 357.4 322.6 298.3 307.4 313.3 337.6 359.1 347.7 346.1 356 360.7 367.9 382.6 401.7 418.2 443.1 466.8 491.6 475.6 482.6 505.4 525.3 531.5 560.6 584.1 568.6 518.5
725.8 849.1 960.1 849.2 753.4 712.4 616.9 410.3 380.5 387.1 403 448.1 504.1 689.7 1164 780.6 675 626.8 513.6 403 349.2 367.6 393.8 422.6 431.1 406.6 366.6 333 342 376.3 414.5 451.6 429.2 340.6 292.9 299.5 265.4 202.8 235.5 245.6 220.1 206.1 233.3 302.6 385.2 385.7 389.5 432.3 415.6 387.9 373 360.2 333.5 324.4 330.4 337.5 329.6 313.6 308.1 333.6 351.7 358.7 380.9 410.3 450.8 506.1 492.7 496.6 501.3 507.1 530.3 557.2 596.2 614.6 578.4 540.5
700.3 805.3 813.4 892.6 926.8 814.2 678 521.4 418.1 381.8 380.5 398.6 438.4 324.1 337 342.6 337.6 347.6 340 314.9 311 320.5 347.3 365.2 367.3 347.8 323.9 322.3 341.7 386.6 411.1 408.4 461.1 516.5 397.4 353 413.3 333.4 241.9 247.1 212.6 265.1 254.4 252.1 273.2 299.9 292.4 242.4 309 353.5 367.4 364.5 333.8 298.4 327.9 333.3 321.7 309.7 316.1 332.8 343.9 359.2 387.3 403.9 421 452 471.8 484.6 493.4 501.6 522.4 555.3 583.7 591.9 586.1 570.3
677.4 729.7 856.6 900.7 769.6 731.3 610.1 418.4 318.4 310.4 324 328.7 323.7 315.9 306.6 278.4 230.2 227.4 285.3 302.4 300.1 298.7 299.7 294.6 285.4 269.3 262.7 266 276 263.8 289.1 357 379 443.8 434.3 270.8 374.8 476.9 488.6 546.3 441.1 300.8 193.8 217.2 242.8 262.8 277.7 290.9 318 336.8 354.1 378.7 357.6 331.7 336.2 334.7 296.2 301.2 333.9 338.9 347.3 368.5 407 423.9 421.6 432.2 454.5 471.6 474.8 475.1 481.9 488.8 495.3 504.2 522.6 536.9
518 574.9 580.2 461.1 506.4 499.8 386 296.6 272.3 269.9 293.2 311.9 306.7 297.6 281.5 276.6 290.7 290.5 273.3 276.1 268.5 268.6 271.5 265.6 252.1 237.8 216.4 208.8 226.3 245.6 281.6 339.3 388 453.8 543.3 575.1 517.3 524.7 521.9 479.9 339.8 199.2 227.3 227.7 246.6 257.7 279.2 328.3 377.1 366.8 343.6 326.9 361.4 368.5 356.6 354.8 394 402.2 369.5 351.7 326.7 351.2 403.7 430.4 407.2 398.9 438.1 463.9 449.4 447.1 449.1 448.5 450.5 452.5 466.4 486.3
396.3 478.6 479.9 442.3 397 303.1 242 223.4 216.1 210.2 224.1 234.9 232.4 235.9 239.5 229.1 224.2 205.3 188.4 197.4 211 230.9 255.9 266.7 262.5 255.4 247.7 248 257.7 260.5 283 333.5 382 393.7 437.3 454.1 413.3 347.4 250.5 272.4 269.7 242 249.7 254.5 266.7 296.3 312.5 330.8 371.8 375.4 361.7 334.2 344.3 367.4 382.9 388.5 386.6 374.9 356.6 342 300.2 304.4 362.3 400.5 376.8 349 371.5 385.9 405.4 425.5 432.9 433.4 440 450.5 459.8 469
549.9 522.6 470.4 364.1 223.8 134.8 134.5 143.4 129.3 130.5 141.8 133.6 125.1 126.4 144.1 160.5 150.9 126.8 147.6 149.4 162.7 188.9 224.1 249.5 260.9 267.1 271.3 279.4 276.5 268.8 277.4 313.5 339.2 356.2 387.5 399.8 367.7 333.1 280.1 263.7 280.9 271.4 253.6 255.6 285.5 321.1 326 350.5 374.7 396.1 426.2 383.8 345.1 353.5 413.1 404.8 368.4 348.3 330.4 304.1 261 270.4 339.5 362.3 351.2 337 292.3 326.1 363.9 413.2 442.6 456.1 461.1 472.8 479.6 483.1
565.6 559.8 478.9 329.9 176.6 120.7 111.1 115.1 116.5 115.9 109.6 96.3 91.4 101.5 121.6 138.2 137.5 133.2 137.2 139 130.2 149.7 182.9 210.8 233.1 250.7 260.6 260.6 251.3 262.5 274.1 294.1 294.5 261.4 275.7 292.5 294.9 280.5 242.7 220.1 214.5 215.4 216.4 209.3 255.2 275.8 273.9 320.3 372 402.2 414.1 365.7 327.1 277.8 323.7 325.6 293.6 288.9 301.7 308.9 316.8 366.2 483.4 367.5 323.5 324.1 322.6 330.7 353.6 398.1 441.5 471.7 492.2 503.4 511.2 516.1
