datasets/global_precipitation_1950_2017/rasters/precip_1952-total.asc
NCOLS 720 
NROWS 347 
XLLCORNER -180 
YLLCORNER -90 
CELLSIZE 0.5 
NODATA_value -9999 
[rows 204 to 237 of 347, columns 608 to 683 of 720]
291.6 267.7 269.9 270.7 182.3 197.2 191.1 198.9 227.9 221.8 293 321.1 342.4 354.1 342.6 322.2 268.5 231.1 218.7 177 207.5 231 200.4 237.4 219 203.3 326.5 340.5 392 397.6 393.9 339 381.3 391 406.4 328.8 284.7 302.2 412 394.6 365.2 359.7 465.5 742.4 1255.5 -9999 -9999 -9999 -9999 -9999 -9999 -9999 -9999 -9999 -9999 -9999 -9999 -9999 -9999 -9999 -9999 -9999 -9999 -9999 -9999 -9999 -9999 -9999 -9999 -9999 -9999 -9999 -9999 -9999 -9999 -9999
294.6 245.4 252.5 255.3 206.4 189.8 209.1 239 172.8 216.2 256.8 297.6 319.6 338.3 335.2 319.5 255.3 219.5 210.1 200.9 205.4 218.9 202.2 179.3 158.3 169.3 227.2 302.7 348.7 408.4 404.3 341 314.5 325.3 272.4 234.8 243 275.6 354 303.4 411.6 431.9 436.3 363.3 801 884.7 -9999 -9999 -9999 -9999 -9999 -9999 -9999 -9999 -9999 -9999 -9999 -9999 -9999 -9999 -9999 -9999 -9999 -9999 -9999 -9999 -9999 -9999 -9999 -9999 -9999 -9999 -9999 -9999 -9999 -9999
289.7 245.2 251.2 248.4 221.5 196.4 185.7 187 181.3 196.6 238.5 249.7 278.7 302.1 308.3 297.8 250.8 230.8 225.1 218 215 226.7 214.8 176 156.7 169.9 179.2 236.7 312.2 465.7 426.1 365.3 337.5 276.6 208.3 181.7 230.1 211.8 285.2 385.7 390.6 395.7 403.5 352.7 433.4 519.9 564.6 547.1 -9999 -9999 -9999 -9999 -9999 -9999 -9999 -9999 -9999 -9999 -9999 -9999 -9999 -9999 -9999 -9999 -9999 -9999 -9999 -9999 -9999 -9999 -9999 -9999 -9999 -9999 -9999 -9999
295.2 259.5 258.4 255.4 223.6 178.6 164.3 160.2 164.3 196.1 234.4 243.5 266.3 303.2 299.4 274.8 230.4 235.1 240.4 243.7 254.8 283.8 255.9 201.8 163.2 153.4 155.5 203.1 253.7 322.4 445.7 408.9 381.9 290 135.2 172.8 174.4 199.3 204.4 200.9 247.7 305.7 395.8 356.2 406.9 496.1 517.4 525.9 498.7 1011.3 -9999 -9999 -9999 -9999 -9999 -9999 -9999 -9999 -9999 -9999 -9999 -9999 -9999 -9999 -9999 -9999 -9999 -9999 -9999 -9999 -9999 -9999 -9999 -9999 -9999 -9999
200.6 262.1 271.6 248.6 188 166.2 160 161 175 210.1 251.4 292.5 300.6 310.5 289.5 245.7 207.1 215.7 245.3 272.2 300.4 318.4 296.5 256.4 197.7 170.6 176 195.1 215.3 270.1 405.8 410.7 357.2 304.2 137.6 105.9 180.8 191.2 115.8 161.1 166.3 231.2 343.8 313.5 418.5 533.3 490.3 525.8 585.7 896.3 -9999 -9999 -9999 -9999 -9999 -9999 -9999 -9999 -9999 -9999 -9999 -9999 -9999 -9999 -9999 -9999 -9999 -9999 -9999 -9999 -9999 -9999 -9999 -9999 -9999 -9999
160 197.2 257.8 209.2 174.7 160.1 159.5 165.4 187.6 222.9 266.7 304.6 318.1 301.8 265.4 224.3 204.4 198.9 239.1 259.9 304.3 335.1 300 275.5 222.9 195.1 183.1 182.4 271.1 303.8 403.6 538.4 579.3 381.4 231 210.6 149.4 160.9 168.8 187 192.3 242.1 264.2 369.7 352.6 446 439.8 421.6 454.5 821.6 -9999 -9999 -9999 -9999 -9999 -9999 -9999 -9999 -9999 -9999 -9999 -9999 -9999 -9999 -9999 -9999 -9999 -9999 -9999 -9999 -9999 -9999 -9999 -9999 -9999 -9999
160.6 153.9 177.9 178.7 169.4 159.2 160.8 172.6 199.5 233.8 275.2 303.7 306.2 286.4 265.5 227.7 215.6 222.8 251.1 307.7 265.1 259.5 226.7 221.4 207.4 211.4 201 204 188.3 285.1 413.2 408.9 412.3 379.8 275 243.7 293.6 245.6 192.5 206.3 165.6 206.5 309.1 448.5 356.8 328.1 373.5 423.3 552.8 687 1077.9 -9999 -9999 -9999 -9999 -9999 -9999 -9999 -9999 -9999 -9999 -9999 -9999 -9999 -9999 -9999 -9999 -9999 -9999 -9999 -9999 -9999 -9999 -9999 -9999 -9999
161.7 153.8 144.7 162.7 158.9 152.8 155.3 169.8 199.5 245.8 275.6 287.9 287.7 300.7 274.2 202.5 224.1 232.3 261.3 287.8 283.9 225.2 193.7 194.9 188.3 184.8 200.9 229.1 264.3 339.3 375.3 427.4 358 352.5 330.8 316.7 278.4 267.9 236.6 337.6 217 209 317.6 391.5 353.7 350.4 395.9 421.4 489.3 649.9 728.1 -9999 -9999 -9999 -9999 -9999 -9999 -9999 -9999 -9999 -9999 -9999 -9999 -9999 -9999 -9999 -9999 -9999 -9999 -9999 -9999 -9999 -9999 -9999 -9999 -9999
173.2 203.3 191.7 166.3 156.6 140.2 134.4 126.4 149.9 211.3 269.6 282.2 276 263.8 240.7 223.3 205.2 254.1 283.7 297 302.6 214.7 165.8 168.8 156.6 173 216.9 260.7 287.1 293.6 268.7 256.7 281.7 307.8 316.2 336.2 266.6 284.4 223.8 224.5 228.2 236.8 259.2 380.8 350.9 410.7 427.2 477.4 571.6 614.6 712 1005.7 811.9 1692.6 -9999 -9999 -9999 -9999 -9999 -9999 -9999 -9999 -9999 -9999 -9999 -9999 -9999 -9999 -9999 -9999 -9999 -9999 -9999 -9999 -9999 -9999
184 216.8 208.1 193 190.2 184.3 174 156.9 154.1 186.2 244.9 274.4 275.3 264.9 258 246.2 255.3 273.9 290.6 318.2 279.6 246.9 209.8 184.8 154.6 172.2 232.4 266.5 265.4 255.8 212.7 186.1 247.1 235.3 238 226 236.4 223.3 229.1 224.7 243.3 314.5 353.7 401.9 409 409.5 418.2 480.9 570 678.9 696.8 773.3 685.6 1026.6 -9999 -9999 -9999 -9999 -9999 -9999 -9999 -9999 -9999 -9999 -9999 -9999 -9999 -9999 -9999 -9999 -9999 -9999 -9999 -9999 -9999 -9999
173.3 198.2 213.1 221.8 217.7 218.5 217.7 222.8 225.8 222.4 225 259.3 270.6 275.9 286.5 295.8 290.5 308.1 297.5 251.6 258.6 281.8 260.3 228.7 184.4 181.3 234 243.8 229.6 213.4 193.7 169.4 208.4 200.1 154.3 202.7 215.9 198.3 234.3 246.9 244.9 347.5 433 430.4 447.1 418.8 511.7 492.1 537.6 716.3 736.6 791.7 807.4 746 910.9 -9999 -9999 -9999 -9999 -9999 -9999 -9999 -9999 -9999 -9999 -9999 -9999 -9999 -9999 -9999 -9999 -9999 -9999 -9999 -9999 -9999
178 201.5 218.4 234.4 238 239.1 247.5 259.6 264.5 262.4 258.2 271.4 287 300.3 299.4 310.7 350.6 304.2 331.2 297.5 320.6 305.1 304.9 291.6 254 224.2 239.6 234.1 226.2 218.7 216.7 186.9 191.8 194.3 197.1 217.7 221.5 198.4 203.7 229.4 265.4 318.6 356.9 428.1 450.4 484.4 603.4 637.9 641.3 612.8 716.3 800.5 806 903.1 1028.4 1233.5 -9999 -9999 -9999 -9999 -9999 -9999 -9999 -9999 -9999 -9999 -9999 -9999 -9999 -9999 -9999 -9999 -9999 -9999 -9999 -9999
186.1 210.7 223.5 237.3 247.3 256.4 267.3 283.4 282.8 286.4 291.9 302.6 315 322.5 320.4 320.5 332.5 315 341.6 297.7 296.5 290.7 279.7 267.4 269.7 261.2 232.3 228.4 224.8 220.4 218.3 227 195.5 187.2 211.3 242 227 232.1 179.7 231.7 322.8 343.4 394.6 406.2 390.1 497.3 580.2 619 655 615.5 655.4 773.5 763.7 759.1 832 1196.5 1088.6 -9999 1192.7 -9999 -9999 -9999 -9999 -9999 -9999 -9999 -9999 -9999 -9999 -9999 -9999 -9999 -9999 -9999 -9999 -9999
192.2 217.8 225.7 234.4 240.9 253.1 271.4 296.6 315.4 308.4 309.2 315.9 320.8 321.9 331.7 311.6 308.7 291.7 294.9 274.7 286.8 243.2 220.4 204.3 199 195.6 193.7 212.6 212.4 210 211.3 213.8 211.4 220.7 238.6 252 272.8 282.3 274.9 207.3 252.7 336.9 361.5 405.5 433.1 441.5 556.5 648.2 662.5 675 717.3 674.2 852.3 792.1 821.2 701.9 1038.7 -9999 -9999 -9999 -9999 -9999 -9999 -9999 -9999 -9999 -9999 -9999 -9999 -9999 -9999 -9999 -9999 -9999 -9999 -9999
202.1 227 232.8 239.2 238.9 237.1 257.3 283.3 302.9 309.2 312.9 316.9 318.2 316 315.8 311.5 298.8 273.2 245.3 248.2 222.4 179.7 190.7 199.8 202.4 203.8 185.1 185.6 190.1 189.9 191.5 218.9 209.2 242.1 241.1 251.8 264.9 267.4 275 257.7 258.3 297.2 392.1 394.4 421.7 415.7 506.1 656.7 649.6 621.4 502.1 477.4 740.6 804 755.5 626 719.3 1108 -9999 -9999 -9999 -9999 -9999 -9999 -9999 -9999 -9999 -9999 -9999 -9999 -9999 -9999 -9999 -9999 -9999 -9999
214.2 237.9 243.4 249.9 259.7 261 258.1 271.7 287.2 302.2 312.8 316.1 318.6 314.1 312.2 311.8 321.6 283.8 261 237.2 230.7 250.7 213.5 213.5 215.8 216.2 202.3 181.5 178.3 175.4 165.8 178.7 173.6 170.7 190.7 245.7 264.6 273.3 280.6 261.8 304.6 348.4 419.5 458.8 482.8 430.2 472.8 543.6 629.6 578.8 591.1 567 660.3 716.9 563.7 655.9 735.5 984.7 -9999 -9999 -9999 -9999 -9999 -9999 -9999 -9999 -9999 -9999 -9999 -9999 -9999 -9999 -9999 -9999 -9999 -9999
208.7 239.6 245.7 253.8 262.1 265.5 258.6 265.2 279.6 295.8 311.1 320.9 323.3 316.4 311.2 307.8 303.9 289 270.7 259.2 244.6 252.7 253.4 223.6 222.9 222 199.5 182.4 176.1 177.1 174.7 162.3 151.6 128.6 160.9 202.8 244.8 255 281.1 302.9 376.9 420.9 422.1 449.6 498.4 475.5 513.2 539.4 573.4 576.4 568 569.2 682.9 610.2 590.6 620.4 694.8 934.2 -9999 -9999 -9999 -9999 -9999 -9999 -9999 -9999 -9999 -9999 -9999 -9999 -9999 -9999 -9999 -9999 -9999 -9999
161.5 211.5 238.3 250.6 258.2 258.9 256.2 253.5 259.4 278.9 307.7 321.3 331.1 326.6 320.7 311.4 304.7 298.4 307.3 257.7 244.5 232.2 213 241.6 214.2 209.6 190 181.8 180.7 178.1 166 150.7 137.3 133.2 149 174 168.8 197.4 284.9 312.1 349 382.4 477.4 465.2 455.6 525.1 513.9 483 551.4 554.4 540.6 551.4 643 604.2 630.1 684.5 655.8 990.6 -9999 -9999 -9999 -9999 -9999 -9999 -9999 -9999 -9999 -9999 -9999 -9999 -9999 -9999 -9999 -9999 -9999 -9999
130.9 160.7 218.3 244.5 250.4 248.8 239.1 236.9 231.9 228.6 253.3 290.1 298.2 309.4 315.9 312.2 309.8 304.1 297 264.8 233.6 218 199.5 179.8 178.8 178.1 171.4 175.3 191.1 166.5 152.1 139.8 132.3 149 144.7 160.2 147.3 146.9 230.2 270.5 325.2 404.2 355.2 408 409.7 456.7 494 483.8 499.1 487.8 527 572.4 628.3 675.7 778.7 726.1 647.8 592 973.4 -9999 -9999 -9999 -9999 -9999 -9999 -9999 -9999 -9999 -9999 -9999 -9999 -9999 -9999 -9999 -9999 -9999
121.6 123.3 165.5 213 222.4 211.9 204 189 164.1 136.8 131.6 145.1 173.2 205.7 244.1 274.6 288.7 288.7 263.5 222.5 185.1 186.3 178.2 139 148.4 144.3 146 154.2 154.9 149.2 144.5 143.4 143.7 153.9 163.4 170.4 174.2 198.3 259.3 286.5 338.8 387.1 413.8 429.1 428.5 406.1 412.1 476.7 498.7 460.6 519.4 473.3 581.5 628.6 651.9 718.4 703.3 887.4 1704.7 -9999 -9999 -9999 -9999 -9999 -9999 -9999 -9999 -9999 -9999 -9999 -9999 -9999 -9999 -9999 -9999 -9999
115.9 116.9 131.9 144.9 140.3 131.6 126.9 124.5 124.2 125.8 124.5 126.7 132.2 139.5 152.8 175.4 195.6 201.3 180.6 140.2 108.1 98.1 127.8 136.8 125.1 136.8 140.6 137.8 133.1 134.6 132.3 145 184.4 196 212.2 186.3 162.3 213.7 268.8 321.1 354 330.7 405.4 437.5 445 394 394.1 378.5 500.8 486.6 520.3 509.8 646 612.1 655.4 812 924.7 1053.4 965.8 -9999 -9999 -9999 -9999 -9999 -9999 -9999 -9999 -9999 -9999 -9999 -9999 -9999 -9999 -9999 -9999 -9999
109.7 124.5 131.8 132.2 126.1 119.4 118.7 121 123.4 125 124 123.5 127 135.6 144.7 152.8 161.4 162.5 158.1 139.7 115.9 96.9 126 134.3 141.4 157.1 152.6 127.8 136.7 126.3 123 141.9 194.9 207.4 218.4 195.7 175.5 191.7 208.1 267.7 351.4 363.6 381.8 314.7 297.8 344.4 405.6 365 353.8 441.1 470.3 387.9 643.7 771.1 756.6 938.2 775.5 873 1002.5 -9999 -9999 -9999 -9999 -9999 -9999 -9999 -9999 -9999 -9999 -9999 -9999 -9999 -9999 -9999 -9999 -9999
112.3 128.1 130.7 131.5 124.3 118.7 118.4 120.4 125.2 125.2 123.8 120.7 119.6 128.8 142.6 153.2 160.2 168.4 164.3 164.4 160.5 171.7 152.6 137.5 125.1 151 166.3 151.6 120.4 121.7 134.7 149.8 177.3 196.9 206.5 209.1 183.5 176.3 144 228.6 242.7 333.1 320.9 282 298.4 340.5 391.3 430.1 357.8 367.2 387.3 558.6 772 663.9 918.2 967.5 755.7 873 1113.9 -9999 -9999 -9999 -9999 -9999 -9999 -9999 -9999 -9999 -9999 -9999 -9999 -9999 -9999 -9999 -9999 -9999
117.4 127.4 131.6 129.5 123.2 117.6 116.1 119.5 123.1 127.6 127.3 121 119.8 115.5 131.5 143.9 161.7 180 177 173.6 169.4 181 169.5 156.2 141.9 138.5 148.7 131.9 125.3 123.4 205.9 162.1 169.5 201.1 207.6 225.3 218 210.2 205.9 224.7 272 376.7 374.8 326.3 292.4 301.1 357.7 322.7 388.1 502.6 519.8 638.8 1066.6 807.3 891.7 1077 1064.3 1214.1 -9999 -9999 -9999 -9999 -9999 -9999 -9999 -9999 -9999 -9999 -9999 -9999 -9999 -9999 -9999 -9999 -9999 -9999
121.1 135.3 155.1 130.9 118.7 113.9 116 113.4 113.2 130.1 137.2 123.1 128.3 115.5 120.5 141.5 168.6 193.8 183.6 191.2 167.9 203.5 193.2 194.6 183.7 132.8 153.5 139.5 158.2 180.8 132.2 134.6 162.1 241.6 251.3 243 234 249.7 315.2 292.3 327.6 381.1 419.7 384.7 361.2 362.5 352.2 331.5 345.9 490.1 559.8 623.5 666.6 781 918.2 920.1 918.2 1212.1 -9999 -9999 -9999 -9999 -9999 -9999 -9999 -9999 -9999 -9999 -9999 -9999 -9999 -9999 -9999 -9999 -9999 -9999
134.6 109.9 130.3 141.8 127.2 127.8 134.7 142.3 151.7 167.5 163.3 144.7 144.6 162.1 167 217.4 257.7 270.6 271.5 249.1 195.6 197.9 191.9 189.7 216.3 148.8 154.7 157.6 190.7 284.7 182.4 136.7 154.8 179.7 238.5 229.9 224.5 263.8 303.6 330.6 334.2 354.8 401.2 367.5 482.3 450.9 450.3 374.7 429.7 555.7 780.2 653.6 594.5 779.8 1029.7 1020.9 1118 1144.4 -9999 -9999 -9999 -9999 -9999 -9999 -9999 -9999 -9999 -9999 -9999 -9999 -9999 -9999 -9999 -9999 -9999 -9999
195.5 163.1 159.4 152.5 154.7 156.8 188.6 198.6 229.4 231.9 -9999 -9999 -9999 -9999 -9999 -9999 296.6 303.4 323.8 304.8 295.1 282.3 206.7 263 226.6 191.5 191.8 188.4 298.3 345 231.7 249.8 167.5 156.5 171.1 242 223.4 261.5 242.2 305.6 317.8 353.5 439.6 440.3 436.2 391.1 455 492.4 494.1 595.1 589.1 710.8 723.7 772.4 915.6 860.6 1123 1342.5 -9999 -9999 -9999 -9999 -9999 -9999 -9999 -9999 -9999 -9999 -9999 -9999 -9999 -9999 -9999 -9999 -9999 -9999
262.5 228.8 203.1 186.2 -9999 192.8 233.5 -9999 -9999 -9999 -9999 -9999 -9999 -9999 -9999 -9999 -9999 -9999 -9999 -9999 286.7 302.4 279.3 279.5 275.5 249.4 240.5 235.9 289.6 362.3 252.1 262.3 210.5 169.5 227.9 240.3 242 269.8 246.6 262.9 335.2 374.8 448.7 460.1 497.5 481.8 498.5 536.3 498.3 641.2 693.6 657.2 641.1 742.9 931.9 1667.3 1334.6 -9999 -9999 -9999 -9999 -9999 -9999 -9999 -9999 -9999 -9999 -9999 -9999 -9999 -9999 -9999 -9999 -9999 -9999 -9999
318.7 290.4 -9999 -9999 -9999 -9999 -9999 -9999 -9999 -9999 -9999 -9999 -9999 -9999 -9999 -9999 -9999 -9999 -9999 -9999 418.8 386.6 347.6 310.4 294.9 275.7 254.1 333.2 505.2 392.5 286.8 284.5 236.7 218.7 249.4 262.1 278.4 271.1 237.8 289.5 357.5 374.8 420.3 500.6 504.4 431.9 469.1 558 639.1 639.9 791.7 836.9 981.6 785.5 745.8 924 -9999 -9999 -9999 -9999 -9999 -9999 -9999 -9999 -9999 -9999 -9999 -9999 -9999 -9999 -9999 -9999 -9999 -9999 -9999 -9999
-9999 -9999 -9999 -9999 -9999 -9999 -9999 -9999 -9999 -9999 -9999 -9999 -9999 -9999 -9999 -9999 -9999 -9999 -9999 -9999 -9999 362.2 360.3 334.7 390.2 392.1 319.2 -9999 576 509.1 234.9 225.9 235.2 274.9 276.2 268.7 261.9 286.5 278.7 317.2 330.2 342.7 415.3 478.3 524.7 502.1 452.2 506.8 594.5 666.5 1130.6 996.5 945.8 1080.3 1180.5 -9999 -9999 -9999 -9999 -9999 -9999 -9999 -9999 -9999 -9999 -9999 -9999 -9999 -9999 -9999 -9999 -9999 -9999 -9999 -9999 -9999
-9999 -9999 -9999 -9999 -9999 -9999 -9999 -9999 -9999 -9999 -9999 -9999 -9999 -9999 -9999 -9999 -9999 -9999 -9999 -9999 -9999 -9999 431 395.5 411.7 402.5 -9999 449.2 518.4 589.2 270.3 222 335.9 392.8 290.4 258.6 295.7 325.3 320.7 324.5 279.8 336.5 432.8 415.6 490.5 458.7 527.2 609.2 749.6 838 1284.7 1285.6 1362 784.2 1361.8 -9999 -9999 -9999 -9999 -9999 -9999 -9999 -9999 -9999 -9999 -9999 -9999 -9999 -9999 -9999 -9999 -9999 -9999 -9999 -9999 -9999
-9999 -9999 -9999 -9999 -9999 -9999 -9999 -9999 -9999 -9999 -9999 -9999 -9999 -9999 -9999 -9999 -9999 -9999 -9999 -9999 -9999 -9999 -9999 423.1 336 -9999 -9999 486.2 467.9 618.6 352.5 263.4 258.8 266.9 276 318.2 328.4 368.1 392.1 385.9 361.4 365 437.3 504.4 471.1 510.3 611.4 716.5 910 961.4 1250.7 1262.7 1116.4 1444.5 -9999 -9999 -9999 -9999 -9999 -9999 -9999 -9999 -9999 -9999 -9999 -9999 -9999 -9999 -9999 -9999 -9999 -9999 -9999 -9999 -9999 -9999
-9999 -9999 -9999 -9999 -9999 -9999 -9999 -9999 -9999 -9999 -9999 -9999 -9999 -9999 -9999 -9999 -9999 -9999 -9999 -9999 -9999 -9999 -9999 538.8 -9999 -9999 -9999 417.1 -9999 520.8 246.3 309.1 270.3 201.1 299.8 362.3 417.1 398.3 358 373.3 372.7 418.3 494.6 509 550.5 573.5 606.8 631.4 697 751.4 1122.9 1096.7 1526.9 2608.1 -9999 -9999 -9999 -9999 -9999 -9999 -9999 -9999 -9999 -9999 -9999 -9999 -9999 -9999 -9999 -9999 -9999 -9999 -9999 -9999 -9999 -9999
-9999 -9999 -9999 -9999 -9999 -9999 -9999 -9999 -9999 -9999 -9999 -9999 -9999 -9999 -9999 -9999 -9999 -9999 -9999 -9999 -9999 -9999 -9999 -9999 -9999 -9999 -9999 -9999 -9999 820 328 357.9 369.6 313.6 328 334.5 405.8 340.8 381 418.6 435.9 503.8 491.1 522.9 601.8 624.9 729.2 786.5 1282.7 1398 984.6 976.7 1606.9 -9999 -9999 -9999 -9999 -9999 -9999 -9999 -9999 -9999 -9999 -9999 -9999 -9999 -9999 -9999 -9999 -9999 -9999 -9999 -9999 -9999 -9999 -9999
