datasets/global_precipitation_1950_2017/rasters/precip_1999-total.asc
NCOLS 720 
NROWS 347 
XLLCORNER -180 
YLLCORNER -90 
CELLSIZE 0.5 
NODATA_value -9999 
[rows 68 to 101 of 347, columns 380 to 455 of 720]
1020.7 730.1 776.8 786.4 652.7 717.6 947.9 482.8 292.4 444.9 436 437.3 477.6 453.8 492.6 548.6 721.4 783.6 981.3 1040 1050.2 772.4 716 730.4 854.7 847 823.2 746.6 667.4 634.3 629.9 637.4 606.3 587.4 566.3 545.6 511.6 517 615.1 602.5 613.6 580.5 551.7 545.5 554.3 557.1 566.8 540.8 547.1 533 519.6 488.7 458.3 455.7 517.1 481.5 469.8 477.5 473.4 460.4 439.8 458.5 485.7 507.6 536.1 549.2 522.6 472.5 434.4 408.7 386.3 340.2 284.5 251.8 241.6 240.9
874.5 788.1 712.5 790.1 647.2 697.6 1124.9 1086.2 550 550.4 563.3 463.2 488.2 561.2 634.1 715.3 703.6 722.6 873.1 801.7 724.1 697.1 695.3 576.5 909.9 994.3 1344.7 990.7 817.7 684 602.1 584.5 549.3 498.9 528.9 485.4 493 488.5 541.6 573.4 589.6 590.8 558.8 534.2 522.9 544.6 553.1 539.8 559.5 583.1 554 529.3 495.8 481.8 475.1 468.6 478.8 496.2 473.5 477.6 471.9 471.9 476.5 483.9 488.7 487.2 466.5 426.6 409.6 346.6 345.3 313 274.3 247 220.4 218.2
979.5 963 925.1 916.6 961.9 957.5 936.6 799.5 944.7 756.1 693.1 764.9 745.9 683.4 615.2 670.8 692.7 812.6 758.9 732.8 784.4 746.9 625.5 601.2 601.9 641 859.4 1087.4 960.7 992.4 647.5 603.5 454.7 277.4 452.8 466.9 445.1 492.5 507.4 519.6 518.9 509 539.3 509.9 462.8 490.5 486.9 492.8 545.7 592.3 601.2 560.3 525.2 500.2 452.7 425.7 462.6 509.9 560.7 524.7 441.6 462.1 467.6 462.3 466.4 462.1 447.2 410.9 367 338.3 322.1 292.3 290.2 307.3 237.6 208.4
1937.8 1471 1592.7 1667.1 1601.3 2021.2 1522.8 1595.3 1231.9 1255.8 1448.9 1016 636.5 615.3 582.6 620.9 680.8 737.7 770.4 815.9 768.7 721.8 605.9 586.9 485 365.7 610 767.4 667 541.4 510.8 333.7 257.8 395.2 240.8 403.5 432.7 474.7 481 428.8 475.3 483 475.2 468.1 454.2 463 454.3 479.8 516.7 533.6 539.2 546.2 527.2 495 469.6 440.6 494.9 567.8 594.7 559.1 534.4 499.1 478.1 471.2 464.8 450.6 430 393.4 344.1 311.1 300.4 284.9 279.2 274 243.5 210.8
2510.4 1022.7 1359.3 1293.8 1278.2 1278.6 1162.6 826.6 678 780.4 1303.8 864.3 629.7 633.1 664.9 728.9 690.4 711 740.5 766.5 821.9 740.7 630.5 494.3 370.7 539.4 456.4 461.6 577.1 529.7 312.1 423 346.2 252.3 366.2 440.5 494 512.5 533.5 483.7 448.7 420 423.1 419.8 418.5 447.2 479.3 484.7 488 503 512.8 521.1 537.5 484.1 504.4 507 544 633.6 643.4 636.9 563.3 524.4 502.2 488.1 458.8 437.8 403.9 354.8 335.9 317.8 291.8 271.8 265.4 255.6 243.2 229.2
753.2 613.4 894.1 825.3 749.7 1154.9 1369.6 1012.1 918.7 918.1 1125.2 934.4 730.1 682.7 595.8 716.3 741.3 774.4 754 736.8 754.9 730.3 748.7 458.2 398 446 556 499.3 284.1 598.2 370.9 468.5 458.7 332.3 137.8 250.1 429.8 487.9 509.2 461.6 438.4 406.4 425 398.4 430.7 464.7 486.1 493.6 489.9 490.6 496 507.6 485.7 -9999 -9999 -9999 -9999 548.6 581.3 600.6 576.8 537.7 526.1 543 490.6 443.5 405 370.1 351.6 309.4 263.7 246.5 242.7 240.9 260.8 278.5
1213 1225.5 920.1 1245.1 1209.4 1628.5 2525.7 2301.1 1588.7 1533.2 1252.9 1085.6 936.6 889.9 788.5 792.5 794.6 806.7 783.5 785.8 722 579.9 427.6 442.8 500.5 431.4 348.1 329.3 310.2 529.9 359.3 406.9 313.1 237.1 254.4 348.1 421.4 478 482.5 464.5 408.6 -9999 -9999 -9999 404.3 398.6 446 493.4 497.4 493.4 -9999 -9999 -9999 -9999 -9999 -9999 -9999 582.4 608.8 612.3 579.2 516.7 489.9 503.6 483.9 446.7 417.5 397.8 371.2 286.6 192.3 218.7 221.2 229.7 271.4 338.2
1350.1 1196.8 1851.1 1088.1 865.6 866.5 -9999 1033 1614.5 1634.6 1360.3 985 871.6 833.2 897 889 874.1 775.4 707.2 757.7 692.6 664.4 609.6 496.9 370.9 495.8 472.9 523.6 575.6 377.1 362.8 296.7 203.2 254.9 287.3 389.5 518.5 482.1 433.8 378 -9999 -9999 -9999 -9999 -9999 -9999 429.7 508.7 529.2 502 -9999 -9999 -9999 -9999 -9999 -9999 597.2 648.3 669.2 638.6 614.2 604.5 543.1 498.6 470.3 438.6 423.4 396.3 344.6 287.8 235.6 216 198.4 192.8 205.5 224.8
853.3 790.4 787 812.7 -9999 -9999 -9999 667 1086 1689.1 1577.3 1192.9 994.7 954.2 969.1 970.1 930.3 794.1 797.5 773.3 779.2 743.1 742.3 657.7 529.3 503.2 586.3 431.7 208.3 372.7 410 433.9 245.5 361.7 337.7 314.2 418.7 548.5 364 -9999 -9999 -9999 -9999 -9999 -9999 -9999 489.6 644.3 669.2 628.3 583 561.9 588.2 -9999 593.7 656.6 709.2 779.4 807.8 738.4 686.5 664.7 609.9 543.7 462.5 406.1 380.1 365.7 322.5 302.6 278.2 241.9 194.9 179 176.3 162.5
709.8 813.1 696.4 626.7 -9999 -9999 -9999 -9999 -9999 -9999 1558.3 1226.9 1211.8 1139.2 1169.8 1049.9 1032.1 949.7 890.6 804.5 844.7 872 689 403.6 663.3 641 568.7 313 308.3 334.1 481.4 485.5 540.8 311.3 322 289.6 249.8 286.7 -9999 -9999 -9999 -9999 -9999 -9999 -9999 -9999 -9999 766.7 985.1 -9999 -9999 -9999 -9999 -9999 -9999 805.5 860.1 963.9 986 973 892.6 736.4 668.8 559.4 511.8 474 412.3 372.4 347.1 292.5 262.1 224.2 203.5 201.3 204 198.9
1779.2 1207.7 1036.9 876.8 637.5 -9999 -9999 -9999 -9999 -9999 804.7 1142.1 1288.9 1245.4 997.6 1085.3 1257.4 1378.9 1044.5 888.7 847.2 795.5 708.4 637.1 623.4 481.9 364.4 535.2 379.2 355.3 393.9 509.8 549.1 454.6 505.1 397 298.4 -9999 -9999 -9999 -9999 -9999 -9999 -9999 -9999 -9999 -9999 -9999 -9999 -9999 -9999 -9999 -9999 -9999 -9999 -9999 -9999 -9999 1732.4 1396.4 1123.7 894.8 734.7 640.7 550.7 488.5 446.1 425.8 353.5 307.6 264.6 205.9 207 212.3 233.4 228.2
-9999 1012.9 796.6 1359.4 1035.5 919.5 -9999 -9999 -9999 -9999 -9999 -9999 930.7 1246 1239.7 1819.9 1451.4 1230.8 1050.2 1096.5 866.8 825.3 634.6 599.6 606.9 534.4 484.2 454.3 467.7 458.1 355.8 413.5 537.7 636.1 601.5 490.5 430.4 -9999 -9999 -9999 -9999 -9999 -9999 -9999 -9999 -9999 -9999 -9999 -9999 -9999 -9999 -9999 -9999 -9999 -9999 -9999 -9999 -9999 -9999 1742.1 1846.7 1716 1076.7 804.2 683.5 505.6 497.5 438.8 416.5 392.5 382.3 357.3 315.8 251.3 319.6 339.5
-9999 1034.1 847.9 784.1 739.2 868 833 791.4 -9999 -9999 -9999 -9999 -9999 -9999 845.5 1169.3 1604.3 1352.8 1016.2 884.7 785.6 811.4 621 532.5 622.4 688.5 805.5 712.4 557.5 599.7 531.7 562.2 678.9 649 623.2 617.9 -9999 -9999 -9999 -9999 -9999 -9999 -9999 -9999 -9999 -9999 -9999 -9999 -9999 -9999 -9999 -9999 -9999 -9999 -9999 -9999 -9999 -9999 -9999 -9999 -9999 1754.6 1628.5 1787.1 1147.3 735.1 771.6 626.4 733.9 698.7 468.6 463.7 399 403.8 444 396.8
-9999 -9999 764.2 918.6 824.4 957.6 1165.1 1140.1 -9999 -9999 -9999 -9999 -9999 -9999 -9999 -9999 1666.6 1536.2 1738 1288.9 791.3 594.4 594.6 671.4 581.2 600.4 611.2 745.2 699.7 893.8 842.5 690.8 748.8 688.1 544.6 569 -9999 -9999 -9999 -9999 -9999 -9999 -9999 -9999 -9999 -9999 -9999 -9999 -9999 -9999 -9999 -9999 -9999 -9999 -9999 -9999 -9999 -9999 -9999 -9999 -9999 -9999 -9999 1849.9 1656.7 1121.1 1060.6 815.9 926.9 701.1 723.9 475.9 341.3 523 533.1 369.4
-9999 -9999 -9999 812.2 873.8 1190.6 1389.3 1434.2 937.6 -9999 -9999 -9999 -9999 -9999 -9999 -9999 -9999 -9999 1393.8 2513.9 1235.1 576 594.4 556.3 639.8 610.7 700.8 711.2 401.8 298.1 372.4 468 530.6 510.1 633.2 637.9 -9999 -9999 -9999 -9999 -9999 -9999 -9999 -9999 -9999 -9999 -9999 -9999 -9999 -9999 -9999 -9999 -9999 -9999 -9999 -9999 -9999 -9999 -9999 -9999 -9999 -9999 -9999 1620.8 1366.2 1080.4 928.2 613.9 671.7 770.3 630.3 599.7 742.2 649 475.4 313.6
-9999 -9999 -9999 -9999 695.4 1203.1 1595.5 1852.3 1073.5 474 373.6 485.8 -9999 -9999 -9999 -9999 -9999 -9999 -9999 1383.8 1231.4 884.4 641.1 420.6 453.1 549 559.4 581.7 557.5 662.3 439.9 499.1 475.1 616.9 698.4 615.1 -9999 -9999 -9999 -9999 -9999 -9999 -9999 -9999 -9999 881.7 859.1 943.4 948.5 762 -9999 -9999 -9999 -9999 -9999 -9999 -9999 -9999 -9999 -9999 -9999 -9999 -9999 2317.7 1628.8 526.9 615.8 606.1 511.6 374.3 610.1 642.3 809.9 1049.6 820.7 481.1
-9999 -9999 -9999 -9999 -9999 -9999 -9999 1109.9 915.9 558.2 489.7 445.1 490.3 -9999 -9999 -9999 -9999 -9999 -9999 1203.1 1501.6 830.7 634.6 332.7 536.6 640.1 601.4 584.5 618.7 657.7 592.2 572.1 561 651.3 580.6 550.2 602.2 771.7 -9999 -9999 -9999 -9999 -9999 763.8 993.9 554.3 610.3 573.9 615.8 558.3 518.5 592.9 715.3 923 -9999 -9999 -9999 -9999 -9999 -9999 -9999 -9999 1952.7 968.6 863.5 467.4 434.3 447.4 534.3 393.4 337 457.3 545 466 751.3 665.7
-9999 -9999 -9999 -9999 -9999 -9999 -9999 -9999 -9999 964.3 862.5 517 430.2 442 512.4 -9999 -9999 -9999 -9999 995.7 1039.1 662.8 740.4 741.7 920.8 578.5 531.7 -9999 -9999 556.9 -9999 -9999 559.7 612.6 636.5 -9999 -9999 -9999 -9999 -9999 804.2 787.9 803.4 600.6 636.1 597.9 519.7 500.4 514.5 484.5 440.6 386.6 452.9 460.6 672 784.8 945 866.9 780 807.3 1241.8 1383.3 922.1 473 387.9 419.8 394.9 352 441.8 624.7 601.3 589.8 328.8 354.4 423 537
-9999 -9999 -9999 -9999 -9999 -9999 -9999 -9999 -9999 -9999 724.3 617 634.2 -9999 -9999 -9999 500.3 -9999 -9999 1237.3 1361 978.4 699 524.4 588.2 -9999 -9999 -9999 525.1 -9999 -9999 -9999 -9999 638 674.3 510.5 454.3 643.4 805.6 458.2 493.7 549.7 578 533.6 525.2 573.9 453.9 439.5 486.3 483.6 452.4 420.5 373.9 377.4 445.1 508.9 508.9 511.9 453.3 449.9 441.5 457.2 403.9 363.8 338.1 426.8 287.2 220.8 325.3 476.5 499 420 644.8 462.6 360.1 289.2
-9999 -9999 -9999 -9999 -9999 -9999 -9999 -9999 -9999 -9999 -9999 -9999 536.1 -9999 -9999 -9999 -9999 -9999 -9999 1310.4 1347.3 1043 1332.9 839 501 471.9 -9999 -9999 -9999 -9999 -9999 -9999 577 609.4 590.1 519 526.2 616.5 666.2 496.1 398.8 355.1 376.4 379.1 388.6 419.4 424.1 444.9 464.9 501.7 469.5 399.1 357.1 364.1 405.7 463 434.2 468.5 414.7 470.5 432.7 420.3 360.4 373.1 356.5 392.8 371.2 192.2 175.4 233.6 275.7 640 549.2 600.1 376.1 189.1
-9999 -9999 -9999 -9999 -9999 -9999 -9999 -9999 -9999 -9999 -9999 -9999 930.3 1189.7 -9999 -9999 -9999 -9999 -9999 -9999 -9999 1045.4 1023.3 830.2 593.3 533.1 606.4 -9999 -9999 -9999 -9999 -9999 539.8 498 603.4 537.9 546.9 683.8 547.2 546.4 504.5 401.5 378.7 362.6 370 372.7 388.7 418.7 333.2 370.4 378.8 384.7 354.8 354.1 359 356.1 408.6 503.7 600.2 681.1 674.8 558.9 464.4 434.9 437.7 383.2 353 330.1 209.8 191.8 233.9 394.8 539.8 387.2 289.7 232.8
-9999 -9999 -9999 -9999 -9999 -9999 -9999 -9999 -9999 -9999 -9999 -9999 941.1 -9999 -9999 -9999 -9999 -9999 -9999 -9999 -9999 -9999 971.1 967.7 694.3 622.1 -9999 -9999 -9999 -9999 -9999 -9999 -9999 -9999 619.5 567.1 529.2 634.7 600.9 542.7 428.7 379.8 367.6 365.2 283 289.5 317.2 324.7 321.7 342.1 378.9 404.4 527.6 403.9 311.8 257.1 290.7 245.2 299.8 395.1 404.3 451.7 510.9 537.6 442.5 406.5 350.1 345.7 302.2 233.4 196.6 199.7 209.1 257.6 243.1 329.6
-9999 -9999 -9999 -9999 -9999 -9999 -9999 -9999 -9999 -9999 633 1126 1137.2 -9999 -9999 -9999 -9999 -9999 -9999 -9999 -9999 -9999 -9999 746.5 -9999 -9999 510.5 530.6 560.7 -9999 -9999 -9999 -9999 612.9 736.3 602.4 517.9 501.6 537.8 473.5 411.5 411.6 471.9 344.9 245.2 210.1 228.1 283.3 297.6 315.4 332.9 360.1 403.2 330.6 176 236.8 247 206.4 332.5 570.7 364.5 348.3 465.7 561 573 493.7 355.1 341.8 311.4 263.7 187.6 187.9 132.7 171.9 186.9 216.3
-9999 -9999 -9999 -9999 -9999 632.3 715.1 654.3 663.5 753.5 -9999 -9999 -9999 -9999 -9999 -9999 -9999 -9999 -9999 -9999 -9999 903.6 -9999 818 889 589.5 -9999 -9999 -9999 -9999 -9999 -9999 -9999 554.5 -9999 484 484.2 481.3 512.7 400.9 257.1 314.3 342.9 342.8 246 177.9 187.8 205.6 277.2 344.1 490.2 644.9 487.4 325.9 297.8 393.9 538 402.4 363.1 341.6 276.4 303.6 333 449.5 499.8 562.2 560.3 584.3 503.9 275.3 181.6 213 203.6 180.4 107.5 111.4
-9999 -9999 -9999 -9999 -9999 -9999 -9999 539.7 441.7 661.5 618.2 -9999 -9999 -9999 -9999 -9999 -9999 -9999 -9999 -9999 -9999 -9999 -9999 836.1 840.6 701.2 -9999 -9999 -9999 -9999 -9999 -9999 -9999 -9999 -9999 563.1 781.6 806.6 493.6 420.6 385.3 608.8 767.1 639.4 481.1 305.2 210.9 215.4 282.8 456.6 572.4 538.4 586.6 536.9 354.7 295.7 304 255.9 296.4 358 343.1 334.5 424.9 412.9 511.9 643.8 692.9 715.5 625.4 442 296.5 206.4 170.5 188.1 153.2 140.7
482.6 410.8 -9999 -9999 -9999 -9999 -9999 -9999 -9999 583.9 -9999 -9999 -9999 -9999 -9999 -9999 -9999 -9999 -9999 -9999 -9999 -9999 -9999 -9999 -9999 -9999 -9999 -9999 -9999 -9999 -9999 -9999 -9999 -9999 -9999 -9999 748.7 804.1 750.8 433 551.9 -9999 -9999 1093 828.3 528.1 285.6 308.3 377.5 -9999 447.7 -9999 809.2 460.2 306.7 193.2 187.2 197.2 204.4 317.5 399.7 369.3 257.9 325.4 307.9 968.7 599.5 830 612.3 643.5 434.3 192.8 192.8 209.2 227.2 215.7
417.7 -9999 -9999 -9999 -9999 -9999 -9999 -9999 -9999 -9999 -9999 -9999 -9999 -9999 -9999 -9999 -9999 -9999 -9999 -9999 -9999 -9999 -9999 -9999 -9999 -9999 -9999 -9999 -9999 -9999 -9999 -9999 -9999 -9999 -9999 -9999 -9999 -9999 -9999 684.4 -9999 -9999 -9999 -9999 -9999 830.8 550.9 378.3 -9999 -9999 -9999 -9999 943.1 372.6 215.5 178.1 160.3 124.9 117.3 195.4 228.5 218.8 267.3 327.3 283.9 305.5 272.1 453.6 671.7 675.3 621.2 490.2 284.2 357.7 357.2 337.5
250.3 337.7 -9999 -9999 -9999 -9999 -9999 -9999 -9999 -9999 -9999 -9999 -9999 -9999 -9999 -9999 -9999 -9999 -9999 -9999 -9999 -9999 -9999 -9999 -9999 -9999 -9999 -9999 -9999 -9999 -9999 -9999 -9999 -9999 -9999 -9999 -9999 -9999 -9999 -9999 -9999 -9999 -9999 -9999 -9999 -9999 -9999 -9999 -9999 -9999 -9999 -9999 633.1 322.3 165.2 142.9 137.9 73.2 60.5 98.8 115.4 136.6 209.5 282.9 286.8 282.1 286.1 315.3 319.9 456.4 634.3 817.4 778.3 482.9 398 403.2
257 276 -9999 -9999 -9999 -9999 -9999 -9999 -9999 -9999 -9999 -9999 -9999 -9999 -9999 -9999 -9999 -9999 -9999 -9999 -9999 -9999 -9999 -9999 -9999 -9999 -9999 505.1 587.5 730.9 427.2 -9999 455.7 -9999 -9999 -9999 -9999 -9999 -9999 -9999 -9999 -9999 -9999 -9999 -9999 -9999 288.9 240.1 -9999 -9999 -9999 -9999 652.6 250.5 209.5 134.2 60.5 49.7 54.3 75.1 44.6 48.3 71.7 113.9 126.6 144.9 158 193 216.4 326.6 525.7 697.4 658.9 360.4 287.6 322.7
235 258.1 243.9 -9999 -9999 -9999 -9999 -9999 -9999 -9999 -9999 -9999 -9999 -9999 -9999 -9999 -9999 -9999 -9999 -9999 -9999 -9999 -9999 -9999 -9999 -9999 -9999 -9999 -9999 -9999 -9999 -9999 -9999 -9999 -9999 -9999 -9999 -9999 -9999 -9999 -9999 -9999 -9999 -9999 -9999 362.2 262.2 -9999 -9999 -9999 -9999 -9999 644.9 354.3 130.1 48.8 43.9 33.5 38.9 46 47.5 47.4 54.4 49.4 55.4 75.6 97.4 120.2 176.1 213.9 302.7 408.4 425 349.9 292.4 308.7
-9999 -9999 -9999 -9999 -9999 -9999 -9999 -9999 -9999 -9999 -9999 -9999 -9999 -9999 -9999 -9999 -9999 -9999 -9999 -9999 -9999 -9999 -9999 -9999 -9999 -9999 -9999 -9999 -9999 -9999 -9999 -9999 -9999 -9999 -9999 -9999 -9999 -9999 -9999 -9999 -9999 -9999 -9999 -9999 -9999 -9999 -9999 -9999 -9999 -9999 -9999 744.4 404.1 55.1 57.8 33.8 22.9 30.3 33.6 42.5 45.4 50.9 78.7 51.1 54.4 55.8 62.6 78.8 114.4 169.1 206.5 296.9 341.5 345.4 267.5 317.6
185 190.3 -9999 -9999 -9999 -9999 -9999 -9999 -9999 -9999 -9999 -9999 -9999 -9999 -9999 -9999 -9999 -9999 -9999 -9999 -9999 -9999 -9999 -9999 -9999 -9999 -9999 -9999 -9999 -9999 -9999 -9999 -9999 -9999 -9999 -9999 -9999 -9999 -9999 -9999 -9999 -9999 -9999 -9999 -9999 -9999 -9999 -9999 -9999 -9999 -9999 884.4 253 69.2 47.4 42.7 27.3 30.5 35.1 37 40 44.5 47.6 49.6 48.9 47.5 39.4 54.6 84.1 144.7 237.4 283 317.3 329.2 334.4 379.8
137 126.5 -9999 -9999 -9999 -9999 -9999 -9999 -9999 -9999 -9999 -9999 -9999 -9999 -9999 -9999 -9999 -9999 -9999 -9999 -9999 -9999 -9999 -9999 -9999 -9999 -9999 -9999 -9999 -9999 -9999 -9999 -9999 -9999 -9999 -9999 -9999 -9999 -9999 -9999 -9999 -9999 -9999 -9999 -9999 -9999 -9999 -9999 -9999 -9999 424.1 419 97.9 87.7 101.1 27.4 4.3 20.3 45.3 48.3 41.3 41.5 43.2 43.8 43.4 39.9 29.9 43.3 73.1 122 185.5 224.8 232.6 276.2 362 388.8
100.3 97.5 119.2 117.8 148.8 155.3 184.7 243.4 -9999 -9999 -9999 -9999 -9999 -9999 -9999 -9999 -9999 -9999 -9999 -9999 -9999 -9999 273.3 348.6 235.2 -9999 -9999 -9999 -9999 -9999 -9999 -9999 -9999 -9999 -9999 -9999 -9999 -9999 -9999 -9999 -9999 -9999 -9999 -9999 -9999 -9999 -9999 -9999 -9999 -9999 320.5 235.2 155.4 194.8 162 45.8 14.1 32 56.3 62.7 51 44.5 37.4 24 15 22.2 29.2 44.2 99.9 119.2 145.2 158 163 176.6 262.7 328.4
