datasets/global_precipitation_1950_2017/rasters/precip_1986-total.asc
NCOLS 720 
NROWS 347 
XLLCORNER -180 
YLLCORNER -90 
CELLSIZE 0.5 
NODATA_value -9999 
[rows 306 to 339 of 347, columns 380 to 455 of 720]
-9999 -9999 -9999 -9999 -9999 -9999 -9999 -9999 -9999 -9999 -9999 231.1 239.1 -9999 -9999 -9999 -9999 -9999 -9999 -9999 -9999 -9999 -9999 -9999 -9999 -9999 -9999 -9999 -9999 -9999 -9999 -9999 -9999 -9999 -9999 -9999 -9999 -9999 -9999 -9999 -9999 -9999 -9999 -9999 -9999 -9999 518.3 525.7 533 539.8 548.5 554.9 563.3 570.7 577.2 584.9 -9999 -9999 611.4 621.2 629.1 635.9 643.4 651.1 659.7 669.9 682.1 694.8 707.5 720.1 730.4 737 742.6 745.9 746.8 748.1
-9999 -9999 -9999 -9999 -9999 -9999 -9999 -9999 -9999 -9999 -9999 -9999 233.8 -9999 -9999 -9999 -9999 -9999 -9999 -9999 -9999 -9999 -9999 -9999 -9999 -9999 -9999 -9999 -9999 -9999 -9999 -9999 -9999 -9999 -9999 -9999 -9999 -9999 -9999 -9999 -9999 485.2 492.4 500.4 508.9 517.7 526.6 535.6 545.2 554.6 564.3 573.4 580.9 589.8 598.2 606.4 614.7 619 626.5 633.1 641.3 650.9 651.2 666 671.1 679.9 692.3 694 704.3 718 725.6 727.5 740 731.9 742.3 744.3
207.9 206.8 202.3 108.2 198.8 210 216.1 221.3 225.5 231.1 234.1 237.1 243.4 247.9 253.1 258.7 263.9 269.8 -9999 -9999 -9999 -9999 -9999 298.3 305.2 -9999 -9999 325.5 328.4 -9999 -9999 -9999 -9999 -9999 -9999 397.6 409.4 422.3 434.9 447.6 460 471.1 484.5 496.3 507.7 520.7 533.9 546.3 558.5 561.5 571.9 588.7 592.8 604.3 612.7 619.1 628 632.6 650.5 654.6 659.1 662.5 671.1 680.8 686.5 694.3 704.2 708.9 713.6 717 722.8 730.9 737.8 744.2 744.3 746
258.2 267.9 277.8 283.8 282 275 267.7 263 260.2 258.1 258.9 258.1 259.7 262 265.2 268.3 271 278.3 280.4 284.3 286.5 294.7 296.8 300.2 306.8 311.2 313.8 318 323.8 329.9 336.7 343.2 350.3 359.8 371.4 382.2 391.7 403.3 417.2 431.7 446.4 461.5 477.1 492 506.1 518.4 533.5 547.1 562 561.9 572.8 595.7 604.5 612.6 621.3 631.7 644.4 655.7 662.7 669.3 676.7 685.7 685.4 683.5 693.1 700.8 704.5 707.9 710.8 713.2 717.3 724.5 730.8 736.6 741.6 742.2
278.9 283.2 286.7 289.1 292.4 289.7 287.5 284 289 286.2 284.5 283.1 282.6 282 283.3 283.7 284.3 285.7 287.7 302.8 302 303.9 305.7 307.9 312.2 315.1 316 319.7 323.3 330.3 335.6 341 347.1 353.8 363.2 372.4 381.2 392.9 405.4 418.6 432.1 446.3 461.4 476.6 487.6 504 515.9 530 545.1 543.5 558 581 590.3 599.2 614.9 623.9 637.5 644.5 651.4 657.1 664.8 673.3 681.7 690.1 691 686.4 695 695.9 693.6 692.4 696.2 704.8 715.3 714.8 722.4 723.1
287.4 299.5 302 303.6 304.4 302.6 301.8 300.8 299.5 298.3 296.9 295.8 297.8 296.8 294.1 294.1 296.8 317.1 316.3 316 313.5 314.7 315.7 316.5 316.4 317.5 319.9 322 324.2 327 330.8 334.9 341.6 345.8 351 357.6 366.3 374.6 384 394.8 405.3 416.4 428.3 440.4 450.7 462.1 479.3 489.7 500.1 509.1 517.5 539.3 551.3 562.6 576.8 586.3 591 598.4 605 611.6 618.6 627.2 635.6 643.2 653.7 659.4 660.5 664.7 668.4 656.1 666.7 671.3 676.1 676 678.7 683.9
302.6 304.9 306.7 308.3 309.4 307.2 308.4 308.1 307.9 307.2 306.3 305.3 304.4 302.9 302.2 301.7 331.3 328.6 326.8 325.2 323.8 321.3 320.1 319.5 318.4 317.7 317.7 318.2 319.2 319.8 321.5 323 323.9 325.3 327.6 332.6 338.7 343.5 350.4 356.9 363.7 370 378.4 387.7 396.4 405.4 414.3 424.5 433.7 443.2 452.3 463.1 476.6 486 494.4 503.6 512.4 520.6 523.4 530.2 537.3 544.4 557.1 562.9 568.4 574.7 582.9 585.7 591 595.5 600.3 604.2 602.5 600.9 608.1 614.4
305.6 307.4 309 307.7 310.5 311.7 311.4 311.5 311.1 310.6 309.8 308.4 307.6 306.1 304.5 303.3 335.4 332.3 328.7 325.6 322.7 320.3 317.6 315.1 312.6 309.4 306.9 304.8 303 302.6 301.2 298.8 296.3 293.6 290.6 289.9 292.7 296.3 301.2 305.5 312.5 315.1 319.1 327.6 332.4 335.6 340.2 346.3 352.8 359.6 366.6 374.1 381.3 388.8 396.7 403.5 410.9 418 425.7 432.2 439.1 446 453.6 461.4 469.4 475.5 479.6 483.5 486.9 489.6 494.1 500.7 508.1 507.5 511.2 510.3
309.1 310.9 311 311.8 312.1 312.3 312.1 311 310.2 309 307.2 305.4 303.6 299.8 299.4 296.8 331.9 327 322 316.5 311.9 313.9 307.6 301.6 296 290.5 284.8 279.8 275.2 271.7 268.9 263.5 257.4 251.2 244.9 239.3 237.2 238.4 239.9 242.3 245.7 250.5 255.6 258.6 257 263.9 254.7 254.8 268.5 263.8 268.7 269.4 271 272.7 274.5 281.5 292.5 303.4 313.1 322.4 328.4 331.6 335 338.4 342.1 348.2 355.5 362.6 369.3 375 379.5 382 385.4 388.5 395.6 396.1
308.5 310.7 310.1 310.4 309.7 308.3 306.9 305.5 304.5 299.5 300 296.5 292.8 288.8 285.7 319.7 313.2 311.3 304.5 297.3 297.8 289.8 281.6 273.9 266.3 259.2 252.1 242.1 235.2 230.5 225 221.3 213.2 203.4 193.4 185.8 182.6 181.2 181.4 182.1 175.9 174 178.3 183.7 183 176.9 171.3 193.4 172.3 180.9 183.9 181.9 179.6 178.2 177.2 182.2 192.7 202.9 212.9 223.3 227.9 228.5 229.2 230.2 231 235.8 244 252.3 259.9 267.2 270.2 270.8 270.1 270 269.3 272.5
306.1 304.7 304.1 299.9 301.1 297.8 294.6 290.7 287.2 284.9 282.5 277.5 272.5 267 261.5 293.5 288.2 283 277.1 270.6 262.4 253.3 244.3 235.5 227.4 218.9 210.5 201.1 192.1 184.7 177.9 172.2 166.9 156.9 146.6 138.3 130.6 121.3 112.1 107.1 107.1 108.8 111.2 114.9 119.2 112.6 105.5 103 109.4 116 117.6 114.3 111.6 109.3 107.1 110.5 119.2 127.7 136.2 145 148.3 148.2 147.2 146.7 146 149.6 157 164.1 171 177.1 175.4 173.5 171.2 169.3 170.6 172.2
298.5 294.7 291.6 288.8 284.3 279.7 275.6 270.1 264.1 259.3 253.1 247.2 240.6 233.9 227.9 222.8 217.3 243.1 236.1 226.7 217.9 209.3 202.1 193.3 185 176.6 167.6 158.4 149 139.6 132.6 124.3 115.6 110 104.3 96.9 87.8 78.8 69.1 63 62.1 61.8 62.6 64.2 67.1 66 75.2 61.3 65.6 69.7 70.7 67.2 64.1 61.8 60.1 62.1 67.8 74.4 80.9 87.1 89.8 89 87.9 86.8 86 88.8 93.9 99.4 105.1 104.6 102.4 99.8 97.2 95.9 100 100.9
277.6 274 266.4 261.6 255.7 250.7 245.6 239.4 231.9 225.4 218.7 213.1 204.4 199.9 192.1 185.3 179.2 173 193.5 184.8 176.1 167.4 159.4 151.1 142.6 134.2 125.2 116.2 107.7 100.6 94.2 88.1 82.5 77.1 72.5 66.6 58.6 51 43.4 37.3 58.4 56.9 51.1 31.3 33 34.7 33 34.9 36.7 38.9 38.5 35.9 34.1 32.7 31.8 32.9 35.7 38.6 41.9 44.8 46.7 45.6 45.3 44.9 44.5 46.2 48.8 50.3 53.2 51.7 50.2 48.1 57 49 51.2 51.4
244.6 239.3 234.4 229.1 219.4 216.4 209.1 202.2 195.7 188.9 181.8 174.4 168 160.8 154.2 146.8 139.9 133 151 143.4 135.5 128.5 119.9 112.2 104.4 97 90.3 83.8 78 72.9 66.8 62.8 54.2 50.2 46.9 43.7 38.7 33 27.4 22.2 19.4 17.6 16.5 15.6 15.2 15.1 15.3 14.8 16 17.5 18 16.8 16 15.5 15.5 16 17.2 18.8 20.3 22 22.7 22.1 21.6 21.4 20.7 21.5 22.2 22.8 22.2 21.6 20.8 25.1 20.8 21.6 22.7 22.6
204.1 196.9 190 185.3 178.4 170.9 164.8 158.7 153.2 147.1 140 133.5 127.6 121.7 115.1 109.4 103.1 96.4 90 84.5 86.6 91.2 85.7 80.3 74.6 69.6 64.5 59.9 55.1 50.7 45 38.7 32.7 28.6 26 23.6 21.7 19.1 15.5 11.9 9.2 7.9 7.2 6.6 6.3 5.6 4.5 4.3 4.5 4.4 4.3 4.2 4.6 6.3 6.1 6.3 7 5.8 6 6.1 6.4 6.2 6.6 8.3 7.3 7.4 7.6 6.9 6 5.8 6 5.5 5.9 5.1 4.3 2.7
158.3 151.2 146.5 139.6 134.4 128 121.6 115.2 109.6 105.1 100.2 93.1 88.6 83 80.1 75.9 68.7 65.2 60.6 56.4 68.6 62.7 55.8 50.1 51.3 46.3 40.3 33.4 30.8 27 24.5 21.2 18.4 16.7 13.1 10.4 8.1 6 5 4.4 3.6 2.7 1.9 1.3 1.5 0.5 0.5 0.5 0.4 0.5 0.5 0.6 0.5 0.3 0.2 0.2 0.1 0.1 0 0.2 0.2 0.2 0.3 0.3 0.3 0.4 0.5 0.2 0.4 0.5 0.4 0.3 0.1 0 0 0
119 111.9 105.3 98.7 94.9 85.8 81.6 77.4 71.9 68.2 63.7 58.9 56.7 53 49.3 45.3 39.5 37.4 35.2 31.7 28.6 30.7 32.9 27.9 25.1 22.2 19.4 16.3 14.2 11.5 8.9 8.2 4.5 3.8 2.7 2.3 1.7 1.2 0.7 0.4 0.1 0 0 0 0 0 0 0 0 0 0 0 0 0 0 0 0 0 0 0 0 0 0 0 0 0 0 0 0 0 0 0 0 0 0 0
78.3 73.9 68.5 63.3 58.4 53.8 49.3 44.8 41.6 40.3 41.9 35 32.4 29.5 26.9 24 21.4 19.1 16.7 17.1 15.2 13 14.6 15.5 12.7 11 6.9 5.4 4 2.9 2 1.3 1.2 0.9 0.6 0.3 0.1 0 0 0 0 0 0 0 0 0 0 0 0 0 0 0 0 0 0 0 0 0 0 0 0 0 0 0 0 0 0 0 0 0 0 0 0 0 0 0
47.2 45.2 43.2 40.8 39.9 38.4 34.7 30.9 27.8 24.5 22 19.6 18.3 17.1 16.2 14.3 11.7 10.5 10.1 8.6 7 5.1 3.5 4.9 3.3 2.3 1.4 1.1 1.1 0.8 0.5 0.1 0 0 0 0 0 0 0 0 0 0 0 0 0 0 0 0 0 0 0 0 0 0 0 0 0 0 0 0 0 0 0 0 0 0 0 0 0 0 0 0 0 0 0 0
21.3 20.2 19.1 18 17.3 16.4 15 15.1 14.4 13.7 12.7 12.6 10.7 8.7 7.4 6 5.7 4.6 3 2.5 1.6 1.1 1.4 0.8 0.5 0.4 0.3 0 0 0 0 0 0 0 0 0 0 0 0 0 0 0 0 0 0 0 0 0 0 0 0 0 0 0 0 0 0 0 0 0 0 0 0 0 0 0 0 0 0 0 0 0 0 0 0 0
22.2 20.8 18.8 17.6 5 4.6 4.3 4 3.8 3.6 3.1 3.1 2.7 2.5 2.2 2 1.8 1.5 0.9 0.4 0.3 0.2 0 0 0 0 0 0 0 0 0 0 0 0 0 0 0 0 0 0 0 0 0 0 0 0 0 0 0 0 0 0 0 0 0 0 0 0 0 0 0 0 0 0 0 0 0 0 0 0 0 0 0 0 0 0
5.7 4.8 3.7 2.9 2.4 1.9 1.5 1.3 1.1 0.8 0.6 0.4 0.2 0.2 0 0 0 0 0 0 0 0 0 0 0 0 0 0 0 0 0 0 0 0 0 0 0 0 0 0 0 0 0 0 0 0 0 0 0 0 0 0 0 0 0 0 0 0 0 0 0 0 0 0 0 0 0 0 0 0 0 0 0 0 0 0
5.2 4.1 3.1 2.3 1.8 1.3 1.1 0.8 0.7 0.5 0.2 0 0 0 0 0 0 0 0 0 0 0 0 0 0 0 0 0 0 0 0 0 0 0 0 0 0 0 0 0 0 0 0 0 0 0 0 0 0 0 0 0 0 0 0 0 0 0 0 0 0 0 0 0 0 0 0 0 0 0 0 0 0 0 0 0
2.4 3.6 2.6 2.2 1.7 0.3 0.1 0 0 0 0 0 0 0 0 0 0 0 0 0 0 0 0 0 0 0 0 0 0 0 0 0 0 0 0 0 0 0 0 0 0 0 0 0 0 0 0 0 0 0 0 0 0 0 0 0 0 0 0 0 0 0 0 0 0 0 0 0 0 0 0 0 0 0 0 0
2.2 1.5 1.1 0.8 0.6 0.4 0.2 0 0 0 0 0 0 0 0 0 0 0 0 0 0 0 0 0 0 0 0 0 0 0 0 0 0 0 0 0 0 0 0 0 0 0 0 0 0 0 0 0 0 0 0 0 0 0 0 0 0 0 0 0 0 0 0 0 0 0 0 0 0 0 0 0 0 0 0 0
1.7 1.2 0.8 0.6 0.4 0.3 0.2 0.1 0 0 0 0 0 0 0 0 0 0 0 0 0 0 0 0 0 0 0 0 0 0 0 0 0 0 0 0 0 0 0 0 0 0 0 0 0 0 0 0 0 0 0 0 0 0 0 0 0 0 0 0 0 0 0 0 0 0 0 0 0 0 0 0 0 0 0 0
1.5 0.9 0.6 0.4 0.2 0.4 0.3 0.1 0 0 0 0 0 0 0 0 0 0 0 0 0 0 0 0 0 0 0 0 0 0 0 0 0 0 0 0 0 0 0 0 0 0 0 0 0 0 0 0 0 0 0 0 0 0 0 0 0 0 0 0 0 0 0 0 0 0 0 0 0 0 0 0 0 0 0 0
1.8 1.5 0.8 0.3 0.1 0 0 0 0 0 0 0 0 0 0 0 0 0 0 0 0 0 0 0 0 0 0 0 0 0 0 0 0 0 0 0 0 0 0 0 0 0 0 0 0 0 0 0 0 0 0 0 0 0 0 0 0 0 0 0 0 0 0 0 0 0 0 0 0 0 0 0 0 0 0 0
1.4 1.1 0.7 0.5 0 0 0 0 0 0 0 0 0 0 0 0 0 0 0 0 0 0 0 0 0 0 0 0 0 0 0 0 0 0 0 0 0 0 0 0 0 0 0 0 0 0 0 0 0 0 0 0 0 0 0 0 0 0 0 0 0 0 0 0 0 0 0 0 0 0 0 0 0 0 0 0
0.3 0.2 0.1 0.1 0 0 0 0 0 0 0 0 0 0 0 0 0 0 0 0 0 0 0 0 0 0 0 0 0 0 0 0 0 0 0 0 0 0 0 0 0 0 0 0 0 0 0 0 0 0 0 0 0 0 0 0 0 0 0 0 0 0 0 0 0 0 0 0 0 0 0 0 0 0 0 0
0.6 0.5 0.4 0.3 0.3 0.2 0.2 0.2 0.2 0.1 0.1 0.1 0.1 0 0 0 0 0 0 0 0 0 0 0 0 0 0 0 0 0 0 0 0 0 0 0 0 0 0 0 0 0 0 0 0 0 0 0 0 0 0 0 0 0 0 0 0 0 0 0 0 0 0 0 0 0 0 0 0 0 0 0 0 0 0 0
0.4 0.5 0.4 0.4 0.4 0.4 0.3 0.3 0.3 0.3 0.3 0.2 0.2 0.2 0.2 0.2 0.2 0.2 0.2 0.2 0.1 0.1 0.1 0.1 0 0 0 0 0 0 0 0 0 0 0 0 0 0 0 0 0 0 0 0 0 0 0 0 0 0 0 0 0 0 0 0 0 0 0 0 0 0 0 0 0 0 0 0 0 0 0 0 0 0 0 0
0.6 0.5 0.5 0.5 0.5 0.5 0.5 0.4 0.4 0.4 0.4 0.4 0.4 0.4 0.3 0.4 0.4 0.4 0.4 0.4 0.4 0.3 0.3 0.3 0.3 0.3 0.3 0.3 0.3 0.3 0.3 0.2 0.2 0.3 0.3 0.3 0.3 0.3 0.3 0.2 0.2 0.2 0.2 0.2 0.2 0.2 0.2 0.2 0.2 0.2 0.2 0.1 0.2 0.2 0.2 0.2 0.2 0.2 0.2 0.2 0.2 0.2 0.2 0.2 0.2 0.2 0.1 0.2 0.1 0.2 0.2 0.2 0.2 0.2 0.2 0.2
0.6 0.5 0.5 0.5 0.6 0.6 0.6 0.6 0.6 0.6 0.5 0.5 0.5 0.5 0.5 0.5 0.5 0.5 0.5 0.5 0.5 0.4 0.5 0.5 0.5 0.5 0.5 0.5 0.5 0.5 0.5 0.5 0.5 0.5 0.4 0.4 0.4 0.4 0.4 0.4 0.4 0.4 0.5 0.5 0.5 0.4 0.4 0.4 0.4 0.4 0.4 0.4 0.4 0.4 0.4 0.4 0.4 0.4 0.4 0.4 0.4 0.4 0.4 0.4 0.4 0.4 0.4 0.4 0.4 0.4 0.4 0.4 0.4 0.4 0.4 0.4
