datasets/global_precipitation_1950_2017/rasters/precip_1960-total.asc
NCOLS 720 
NROWS 347 
XLLCORNER -180 
YLLCORNER -90 
CELLSIZE 0.5 
NODATA_value -9999 
[rows 306 to 339 of 347, columns 380 to 455 of 720]
-9999 -9999 -9999 -9999 -9999 -9999 -9999 -9999 -9999 -9999 -9999 393.3 402.7 -9999 -9999 -9999 -9999 -9999 -9999 -9999 -9999 -9999 -9999 -9999 -9999 -9999 -9999 -9999 -9999 -9999 -9999 -9999 -9999 -9999 -9999 -9999 -9999 -9999 -9999 -9999 -9999 -9999 -9999 -9999 -9999 -9999 669.1 678 686.8 695 703.7 709.8 717.9 724.4 730.5 737.6 -9999 -9999 761.8 771 778.1 784.2 790.9 798 805.7 815 826.6 838.2 851.2 863 872.4 878.6 883.3 885.3 885.5 886
-9999 -9999 -9999 -9999 -9999 -9999 -9999 -9999 -9999 -9999 -9999 -9999 391.4 -9999 -9999 -9999 -9999 -9999 -9999 -9999 -9999 -9999 -9999 -9999 -9999 -9999 -9999 -9999 -9999 -9999 -9999 -9999 -9999 -9999 -9999 -9999 -9999 -9999 -9999 -9999 -9999 620.9 631.5 641.9 652 661.9 671.7 681.5 690.6 699.6 708.4 717.1 724 732.3 740.2 747.6 755.6 758.8 765.7 771.5 779 788 787.6 801.8 806.1 813.8 825.6 826.2 835.8 848.5 855.2 856.2 867.7 859 868.7 871.4
358 355.8 350.9 248.6 346.8 358.9 365.3 370.8 375.1 381.4 387.2 389.9 397.2 401.6 406.6 412.8 418.2 423.7 -9999 -9999 -9999 -9999 -9999 449.3 455.4 -9999 -9999 474.4 476.8 -9999 -9999 -9999 -9999 -9999 -9999 535.9 546.1 557.7 569.6 581.6 595.1 608.5 621.3 634.2 645.9 658.1 670.5 682.2 693.8 697.1 706.4 722.7 725.9 736.8 744.4 750.2 758.6 762.3 779.7 783.2 786.7 789.4 797.4 806.3 811.4 818 827.5 831.3 835.4 837.9 842.9 850 856 861.7 861 862.1
409.4 419.3 428.8 435.1 433 426.1 418.6 413 410.2 409.4 409.8 408.8 410 412.2 415 417.3 419.4 426.1 427.7 431.2 432.6 440.2 441.5 444.2 450.2 453.9 455.9 459.5 464.6 470.2 476.2 481.9 488.6 497.5 508.4 518.3 527.2 538.1 551 564.9 579 593.9 608.5 622.9 635.6 647.3 661.3 675.2 688.6 688.1 698.3 720.6 728.8 736.3 744.2 753.8 766 776.5 783 788.6 795.7 803.8 802.9 799.7 808.6 815.5 818.8 821.4 823.8 825.4 829 835.7 841.3 846.1 850.3 850
426.2 430.2 433.6 435.8 438.7 435.9 433.4 430.3 435.5 432.9 430.3 428.7 427.7 426.5 427.5 427.2 427.5 428.4 430 444.4 442.7 443.7 444.8 446 449.9 451.8 452.1 454.9 457.7 464 468.5 473.3 478.3 484.6 493.2 501.6 509.9 520.5 532.2 544.6 557.4 571 585.5 600 610.3 627.2 637 650.5 664.2 662 675.8 698.3 707.2 715.2 730.2 738.3 751.1 757.7 763.7 769.1 775.7 783.2 790.9 798.5 798.7 793.6 801.4 802 798.7 797 800.4 808.2 818.1 817.3 824.2 824.4
431 442.8 445.2 446.1 446.4 444.3 443.7 442.4 440.7 439.1 437.4 435.8 437.4 436.3 433.1 432.4 434.9 454.1 452.8 451.9 448.9 449 449.7 449.8 449 449.1 450.6 451.9 453.4 455.4 458.2 461.2 467.1 470.5 475 481 488.5 496 504.8 514.5 524.4 534.3 545.9 558.3 567.3 577.7 594.3 603.9 613.7 621.3 629 650 661.3 672 685.5 694.3 698.1 705 710.7 716.6 723 730.6 738.3 744.9 754.8 760.1 760.7 764.2 767.1 754.3 764.3 768.3 772.6 772 774 778.7
442.2 444.6 445.9 447.1 447.4 445.3 445.5 445.1 444.4 443 441.8 440.5 438.8 436.9 435.6 434.8 463.9 460.8 458.6 456.4 454.2 450.8 449 447.4 445.7 444.3 443.4 443.1 443.8 443.8 444.6 445.6 444.6 445.1 446.7 450.9 456 460 465.9 471.6 477.7 484 491.1 499.8 507.6 515.3 523.4 532.9 541.9 550.3 558.8 568.3 581.1 589.9 598 606.1 614.3 621.7 623.7 629.8 636 642.6 653.9 659.4 664.3 669.7 677.7 679.8 684.6 688.7 692.5 695.8 693.6 691.6 698.3 704
442.1 443.3 444.6 445 445.3 445.5 444.8 444 443 442 440.5 438.8 437.1 435 433 431.1 462.8 458.7 454.9 451 447.6 444.7 441.4 438.4 435.1 431.3 427.9 424.8 422.4 421.2 418.9 416.3 412.9 409.5 406 404.7 406.2 409 413.1 416.8 422.3 424.3 427.3 435 439.4 441.4 444.9 450.2 456 462 468.6 475.2 481.8 488.7 495.3 501.6 508.3 514.5 521.4 527.2 533.2 539.6 546.6 553.6 560.6 565.9 570.1 573.1 576.3 578.1 582.4 588.4 594.7 593.7 596.8 595.6
443.2 443.9 443.4 443.2 442.8 442.1 441.1 439.6 438 436.1 433.7 431.2 428.6 426.3 423.9 419.6 454.1 448.8 442.8 437.3 431.4 432.8 426.1 419.5 413.2 407.3 400.8 395.1 390.1 386.1 382.2 376.1 369.8 363 355.5 349.2 347.2 347.2 347.8 349.3 352.4 355.7 360.4 362.6 360.5 365.6 355.4 355.1 367.9 362.4 366.9 366.8 367.3 368.5 370.2 376.4 386.6 396.3 405.1 413.6 418.9 421.1 423.9 427.1 429.8 435 442.3 449 454.9 460 463.9 466.6 469.1 471.6 477.7 477.9
441 440.5 439.2 438.9 437.2 435 432.5 430.3 429 423 422.9 418.6 414.4 409.6 405.7 439.1 431.8 428.8 421.6 413.4 413.2 404.5 395.8 387 379.1 371.2 363.4 354.9 347.3 340.3 334.4 329.2 320.4 310.7 300.6 292.2 288.4 286.2 285.7 285.6 278.5 275.8 279.3 283.9 282.5 274.7 268.5 289.5 268 276 278.2 275.2 272.7 270.4 268.7 273.3 283.2 292.7 302 311.4 315.4 315.5 315.8 315.9 316 320.3 328.2 335.9 342.9 349.6 352.1 352 351.1 350.3 349.3 352.1
434.6 432.2 431 426 426.2 422.5 418.5 414 410.4 407.1 401.6 396 390.4 384.1 377.7 409.4 403.2 397.1 390.5 383.5 374.5 364.6 355 345.3 336.2 327.3 317.9 307.9 298.5 290.2 282.5 276.9 270.6 260.1 249.1 240 232.2 222.3 212.1 206.1 206.1 207.1 209.2 212.4 215.8 207.4 199.7 196.4 202.2 208.3 209.1 205.1 201.6 198.4 195.8 198.6 206.5 214.2 222.3 230.3 233.1 231.8 230.3 229.1 228.1 231.3 238.5 244.9 251.3 257.1 254.7 252.1 249.4 247 247.7 248.8
423.8 420.5 416 412.3 407.4 401.7 396.4 390.1 383.5 377.7 370.8 364 356.6 349 342.7 336.5 329.9 355 347.1 337.6 328.3 318.2 308.8 299.4 290.2 281 271.4 261.1 250.8 240.7 233.2 224.4 214.4 208 201.6 193.2 183 173 162.6 156.1 154.9 154.3 155.3 157 159.3 156.6 166 150.6 154.6 158.5 158.9 154.8 151.2 148.4 146.2 147.4 152.9 159.1 164.8 170.5 172.1 170.6 168.8 167.2 165.5 167.5 172.7 177.9 183.2 182.1 179.2 176 172.7 171.1 174.5 175.2
400.6 396.3 388.2 381.8 375.2 369.1 363 355.7 347.6 340 332.3 325.8 316.4 310.9 302.7 294.8 287 279.9 299.5 290.2 280.9 271.3 262.7 253.8 244.3 234.8 225.1 215.4 206 198 191 183.8 177.8 171.9 166.6 159.9 150.7 141.9 133.1 125.2 149.9 148.9 142.2 117.5 118.5 118.9 116.4 118.1 120 122.1 121.4 117.9 114.9 112.3 110.2 110.9 114.2 117.6 121.3 124.9 126.2 124.2 122.6 120.9 119.3 120.3 123.6 126.8 127.5 125 122.2 119.1 129.6 119 121.3 121.3
364.4 358.1 352 345.6 334.9 330.4 322 314.1 306.6 299 290.5 282.4 275.1 267.1 259.2 251 243.4 235.7 252.8 244.4 235.5 227.7 218.7 210 201.2 192.3 185.3 178.4 171.6 165.3 157.9 153.5 143.7 139 135.2 132 125.8 118.3 111.3 104.3 100 97.5 95.5 94.1 93.5 91.5 91.2 89.9 91.1 92.6 92.6 89.5 86.8 84.5 82.5 82.4 84.3 86.3 88.4 90.1 90.5 88.9 87.2 85.9 84.2 84.4 86.3 86.8 84.8 82.6 80.1 90.2 79.2 80.5 82 81.6
321.5 312.5 304.6 298.6 290.4 281.5 274 267.9 260.6 252.8 244.5 237.3 230.6 223.3 216.1 209.6 202.1 194.9 187.5 181.1 182.5 185.8 179.2 173 166.3 160.7 154.8 149.1 143.5 138.3 132.3 124.7 117.7 112 108.3 105.3 101.8 97.6 91.8 86.1 81.8 79.4 77.6 75.9 74.7 70.5 66.6 65.2 65.1 63.4 61.9 60.6 60.4 62.8 60.9 60.9 61.7 58.2 57.9 57.6 57.6 57.2 56.8 60.2 57.6 57.4 59.1 57.2 54.5 53.3 53.9 52.1 52.5 50.5 48.7 44.1
271.8 263.4 257.6 249.3 242.9 235.5 227.5 219.8 213.5 207.7 201.9 193.6 188.2 181.9 178.1 172.9 164.7 160.2 155.5 149.6 159.6 152.6 145.1 138.2 138.9 133.1 126.4 118.1 114.4 109 105.1 99.7 94.8 92.2 86.5 81.7 78.4 75.1 72.2 69.5 66.2 62.2 58.7 55.7 55.5 49.8 49.1 48.5 46.4 45.7 45 44.2 43.4 42.4 41.8 40.8 40.2 39.9 39.5 39.6 39.3 38.4 37.9 37.4 37.1 36.6 36.4 35.4 34.9 35.2 34.2 33.1 31.8 30.6 29.6 28.4
228.9 220.6 212.5 204.7 199.6 189.4 184.5 178.7 171.9 167.8 161.9 155.9 152.9 148.4 143.1 138.4 130.2 127.2 123.8 119.2 114.8 116.7 118.8 111.9 107.2 102.2 97.8 92.7 88.9 84.1 79.5 78.3 72.5 70.1 66.6 64.1 61.2 58.5 54.9 51.5 49 46.8 44.9 43.3 41.6 39.3 38.4 37 36.4 34.4 32.9 31.3 34.3 29.8 29.5 29.4 29 28.7 28.8 28.6 27.7 26.4 25.9 26 25.1 25 24.4 24 22.7 22.8 22.8 22.4 22.2 21.8 22.4 21.6
184.7 177.9 171.3 165 159.3 153.5 147.7 141.9 137 134.5 135.6 126.2 122.4 118.5 114.5 110.4 106.1 101.8 97.6 96.7 93.2 89.8 90.8 91.4 86.5 83.8 77 73.6 70.2 67 63.8 60.2 58.4 55.3 53 50.1 47.5 45.1 43.1 41.2 39.1 36.6 36 33.9 32.8 31.4 30.2 28.7 28.4 26.9 25.8 25.9 24 23.7 23.7 22.6 22 21.1 22.3 20.5 20.6 20.5 19.4 19 18.9 18.9 19.1 19 19 19.1 19.1 18.9 18.9 18.7 18.6 18.5
145.6 142.7 139.6 136.9 134.3 132.1 127.1 122 117.4 112.7 108.8 104.5 101.8 98.7 96.9 93.4 88.5 85.5 84.8 81.6 78.2 73.7 68.9 71.7 67.9 65.1 61.1 58.5 57 54 51 47.5 45.1 42.4 41.4 38 36.3 34.3 32.2 30.6 29.7 28.9 27.6 26 26.1 25.1 23 22.2 21.7 21.2 20.6 20.1 19.6 19.2 18.7 18.5 18.5 18.1 18 18.3 17.9 17.5 17.4 17.4 17.5 17.5 17.6 17.1 17.2 17.1 17.3 16.9 17 17 17 17.1
112.5 110.2 108.4 105.8 104 102.1 100.6 98.6 96.7 94.9 93.1 91.4 87.6 84 80.7 77.1 76 72.2 68 65.3 62.3 59.2 60.6 56.2 53.6 50.6 49.5 46.5 43.2 40.7 38.6 36.8 34.7 33.1 31.1 29.4 27.9 26.9 25.4 24.5 23.4 22.3 21.6 20.5 19.9 19.4 18.5 18 17.9 17.8 17.7 17.1 17.1 16.7 16.6 16.7 16.4 16.3 16.3 16.3 16.3 16.4 16.2 16.2 16.3 16.3 16.3 16.4 16.4 16.4 16.6 16.7 16.6 16.4 16.2 16.3
110 107.2 104.3 101.7 80.1 78 76.6 74.8 73.6 72.2 70.6 69.3 67.8 66.4 65 63.5 61.9 60.3 57.3 55.2 54.4 50.9 48.3 45.9 43.6 38.8 37.5 36.5 34.8 33.1 31.1 29.5 27.8 26.5 25.3 24.1 23.1 21.8 20.7 19.9 19.3 18.6 18.2 17.4 17.3 16.8 16.6 16.5 16.5 16.2 15.9 15.9 16 15.7 15.7 15.7 15.7 15.7 15.7 15.7 15.7 15.8 15.8 15.7 15.6 15.7 15.8 15.8 15.7 15.8 15.8 15.7 15.8 15.8 15.9 16.1
77.1 74.4 71.7 69.6 67.4 65.3 63 61.3 59.5 58.2 56.3 54.8 53.1 51.9 50.2 49.2 47.3 45.9 44.5 43.5 42.1 42.9 39.7 38.5 36.7 34.9 32.5 30.1 26.2 25.6 24.5 23.7 23.2 22.7 22.1 20.9 18.4 17.9 17.6 17.3 17.1 17.1 16.8 16.4 16.2 16.1 16 15.8 15.6 15.1 15.6 15.5 15.3 15 15.1 15 15.1 15 15 15 15.2 15.1 15.1 15.2 15.2 15.1 15.1 15.1 15.1 15.1 15.1 15.1 15.3 15.3 15.5 15.5
69.2 65.9 63.5 61.2 58.9 56.9 54.6 52.9 51 48.9 46.3 44 42.2 40 37.9 36.3 39.1 33.8 33 32.1 31.2 30.7 29.8 28.7 26.9 24.9 25.4 22.9 22.2 21.2 20.5 19.4 19.1 18.1 17.6 17.2 16.6 16.4 16.4 15.9 15.9 15.9 15.8 15.7 15.1 15.2 15.3 15.1 14.7 14.9 14.9 14.9 14.8 14.9 14.8 14.7 14.5 14.4 14.4 14.5 14.5 14.5 14.5 14.7 14.7 14.6 14.6 14.5 14.5 14.6 14.6 14.6 14.7 14.7 14.8 14.9
53.5 58.5 56.5 54.6 52.3 40.9 39 37.2 35.8 34.2 32.4 31.2 39.1 37.4 35.9 34.8 33.7 32.4 26.1 25.8 25.1 24.7 24 22.8 21.9 21.6 21.2 20.6 17.7 17.4 17.3 17.1 17 16.8 16.4 16.2 16.1 15.6 15.4 15.4 15.3 15.3 15 14.3 14.2 14.2 14.3 13.9 14.3 14.3 14.2 14.2 14.4 14.2 14.2 14.1 14.3 14.2 14.2 14.1 14.2 14.1 14.1 14.2 14.2 14.2 14.3 14.2 14.3 14.3 14.4 14.3 14.3 14.1 14.2 14.3
48.6 46.3 44.1 42 39.9 38.2 36.5 34.8 33.2 31.8 30.4 29.2 28.3 27.3 26.6 25.7 25.2 24.5 23.1 23.1 21.4 20.9 20.5 18.2 17.9 17.6 17.2 16.9 16.7 16.3 16.2 16 15.8 15.6 15.6 15.4 15.2 15 15 14.9 14.8 14.2 14.3 14.4 14.3 14.3 13.7 13.8 13.7 13.6 13.5 13.6 13.5 13.4 13.5 13.5 13.4 13.4 13.5 13.5 13.5 13.5 13.6 13.7 13.7 13.7 13.7 13.8 13.7 13.8 13.7 13.7 13.8 13.8 13.8 14
42.6 41.1 39.2 37.6 36.3 34.9 33.4 32.1 31.3 30.2 28.9 27.7 26.8 25.1 23.8 22.4 21.3 20.4 19.6 19.4 18.8 18.6 18 17.8 17.4 16.9 16.8 16.6 16.4 15.9 15.8 15.5 15.5 15.2 15.1 14.9 14.7 14.5 14.4 14.5 14.5 14.2 13.8 13.9 13.5 13.8 13.3 13.2 13.3 13 12.9 13.1 12.8 12.8 12.7 12.7 12.8 12.8 12.8 12.8 12.9 12.8 12.8 12.9 12.7 12.8 12.8 12.9 12.9 12.9 12.9 13 13.1 13 13.1 13.1
38 36.2 34.9 33.3 31.7 33.6 31.8 29.6 28 25.9 25.4 23.9 23.2 22.5 22 21 20.6 20.1 19.6 17.6 17.5 17.1 16.8 16.7 16.5 16.4 15.8 15.7 15.4 15.4 15.3 14.9 14.6 14.6 14.3 14.1 14.2 14.2 13.8 13.9 13.9 13.9 13.8 13.8 13.3 13 12.7 12.8 12.6 12.6 12.6 12.8 12 12.1 12.1 12.1 12.1 12.1 12.2 12.2 12.1 12.2 12.2 12.3 12.2 12.2 12.2 12.2 12.1 12.2 12.2 12.2 12.1 12.1 12.3 12.4
35.7 34.5 32.5 30.7 28.7 27.1 25.8 24.8 23.9 23 22.1 21.7 20.8 20.3 19.9 19.1 18.7 18.2 17.7 17.5 16.9 16.8 16.2 15.9 15.8 15.4 15.1 14.8 14.6 14.3 14.3 15.2 14.8 14.6 14.6 14.4 14.3 13.2 13.2 13.1 13.1 13 12.9 12.5 12.2 12.2 12.2 12.1 12 12.1 11.9 11.9 11.9 11.8 12 11.8 11.7 11.6 11.6 11.5 11.4 11.4 11.4 11.4 11.4 11.4 11.4 11.5 11.5 11.5 11.5 11.4 11.4 11.5 11.6 11.6
31 29.5 28.7 27.7 23.6 22.9 22 21.3 21 20.5 20 19.4 19.1 18.7 18.3 18 17.9 17.4 16.8 16.6 16.5 16.3 16 15.7 15.4 15.2 15 14.7 14.5 14.4 14.2 14 13.8 13.5 13.4 13.2 12.9 12.8 12.7 12.6 12.5 12.2 12.1 12 11.8 11.6 11.7 11.7 11.5 11.2 11.1 11.1 11 11 11 11.1 11.1 11.1 11.1 11 11.1 11 11 11 11 11 11 10.9 10.8 10.8 10.8 10.8 10.8 10.8 10.8 10.8
22.9 22.2 21.4 21.1 20.3 20.3 19.3 19 18.4 17.9 17.5 17.2 16.9 16.8 16.3 16.1 15.9 15.5 15.5 15.1 15 14.7 14.7 14.5 14.3 13.7 13.5 13.6 13.5 13.3 13.3 13 12.9 12.6 12.2 12.3 12 12 11.7 11.4 11.3 11 10.9 10.8 10.6 11.3 11.3 11.1 10.2 10.2 10.2 10.2 10.1 10.1 10.2 10.2 10.2 10.2 10.1 10.1 10.1 10.1 9.9 9.9 9.9 9.9 9.9 9.9 9.9 9.9 9.9 9.9 9.9 9.8 9.8 9.8
21.5 20.9 19.5 18.4 18.2 17.8 17.4 17.1 16.6 16 15.6 16 15.8 14.9 14.6 14.3 14 13.9 13.6 13.2 12.9 12.8 12.7 12.6 12.3 12 11.6 11.6 11.3 11.3 12 11.9 11.7 10.9 10.7 10.6 10.1 10.2 10.1 10.1 10.1 10 9.8 9.8 9.7 9.8 9.6 9.6 9.6 8.9 9 9 9 8.9 8.9 8.9 8.8 8.8 8.8 8.9 8.9 8.9 8.9 8.9 8.9 9 9 9 9.1 8.9 9 9 9 9 9 9.1
16.3 16.1 15.4 15.3 15 14.9 14.6 14.3 14.4 14 13.8 13.6 13.4 13.2 13.2 13 12.7 12.4 12 12 12 11.5 11.4 11.2 11 10.9 10.6 10.5 10.5 10.8 10.7 10 10 9.7 9.7 9.4 9.4 9.3 9.2 9.1 9.1 9.1 8.9 9.1 9.1 9.2 9.1 8.9 8.8 8.8 8.3 8.3 8.3 8.3 8.2 8.2 8.2 8.2 8.2 8.2 8.1 8.2 8.3 8.3 8.2 8.2 8.1 8 8.2 8.2 8.2 8.2 8.2 8 8.1 8.1
13.3 13.3 13 12.9 12.7 12.7 12.5 12.3 12.2 11.7 11.5 11.5 11.5 11.4 11.4 11.3 11.1 11 10.7 10.6 10.6 10.2 10.1 10.2 10.1 9.7 9.7 9.6 9.7 9.7 9.8 9.5 9.4 9.3 9.3 9 8.9 8.6 8.5 8.4 8.3 8.2 8.1 8.3 8.2 8.1 8.1 8.3 8 7.8 7.8 7.7 7.7 7.6 7.5 7.3 7.3 7.3 7.3 7.3 7.3 7.3 7.3 7.3 7.3 7.3 7.2 7.4 7.1 7.1 7.1 7.1 7.2 7.2 7.2 7.1
10.8 10.7 10.5 10.6 10.3 10.3 10.3 10.1 10 9.7 9.3 9.4 9.3 9.3 9.1 9 8.9 9.1 9.1 8.8 8.8 8.5 8.4 8.4 8.4 8.4 8.3 8.5 8.3 8 8 7.9 7.9 7.8 7.7 7.6 7.6 7.5 7.3 7.5 7.3 7.3 7.3 7.1 7.1 7 7 6.6 6.6 6.6 6.6 6.6 6.6 6.6 6.7 6.7 6.7 6.5 6.6 6.6 6.4 6.4 6.4 6.4 6.4 6.3 6.3 6.3 6.2 6.2 6.2 6.2 6.2 6.2 6.3 6.3
