datasets/global_precipitation_1950_2017/rasters/precip_2013-total.asc
NCOLS 720 
NROWS 347 
XLLCORNER -180 
YLLCORNER -90 
CELLSIZE 0.5 
NODATA_value -9999 
[rows 102 to 135 of 347, columns 456 to 531 of 720]
242.9 229 225.9 272.9 260.9 241.7 171.5 142.7 262.6 572.4 469.1 204.7 108.1 116.4 103.5 86 76.9 76.2 82.9 89.4 97.2 103.6 104.2 95.3 81.3 71.6 76.7 97.7 113.4 101.4 91.7 87.8 91.1 96.5 116.7 141.4 217 357.3 383.9 348.9 326.9 346.2 384 440.7 545.1 751.5 808.5 941.2 1200.7 1417 1120.8 953.6 1073.2 1161.1 1191 1711.9 3017.4 2556.8 2453.9 2188.9 1440 1248.1 831.9 601.1 610.5 589.8 569.9 544.1 521.6 432 346.2 267.1 244.6 257.7 305.6 376.3
193.7 189.6 281.7 291.9 293 258.4 214.3 201.4 218.4 254.8 241.9 135.2 75.7 127.2 116 101.8 93 95.5 100.4 104 105.4 100 85.3 64.8 48.7 43.8 45.4 55.2 65.7 68.6 71.3 69.5 70.7 102.4 128.3 153.9 219.5 352.6 411.9 380.6 353.4 356.4 338.9 344.3 439.5 430.1 482 768.1 1123.1 1266.4 944.4 880.5 778.8 574.2 740.1 1232.2 2001.9 1966.4 1558.9 2627.2 1348.5 1300.7 1296.7 1279.4 1072.1 948.1 729.2 583.2 584.1 509.4 383.2 284.2 261.1 295.5 406.7 534.7
129.4 121 188.9 233.9 282.3 330.6 340.3 251.5 184.7 156 167.6 126.5 104.3 103.6 109 106.7 106.4 110.9 114.1 116 114.1 105.1 78 47.1 34.7 34.7 32.1 29.6 37.8 47.7 57.6 59.1 61.1 95.6 144.4 160.6 197 286.7 366.2 397.1 409.7 399.4 405.8 368.1 394.4 387.6 456.2 617.9 750.1 815.3 783.3 785.4 856.3 615.8 630.1 816.1 1082.9 1550.5 1632.8 1801.4 1479.5 1434.8 2137.6 2326.9 2216.8 1669.7 750.2 582.3 781.6 730.6 507 349.4 323.4 479 729 967
134.5 128.1 141.6 168.5 297 344.8 452.5 434 259.9 199 195.1 157.4 123.8 108.2 109.4 106.4 107.3 118.3 120 124.7 123.7 110.9 81.3 44.7 36 38.9 43.9 39.5 43.9 51.7 56.4 64 74.3 109.7 164.6 206.7 241.4 338.1 422.6 463.6 461.4 437.4 447.5 461 426 388 409.1 469.6 568.3 662.9 684.7 682.5 656.5 677.6 643 758.3 841.3 1093.8 2067.6 2327.3 2665.9 2296.3 2280.6 2350.3 2134.4 1432.9 681.3 703.8 913.5 1120.9 1034.4 647 595.3 1038.5 1521.1 1822.8
141.7 127.8 149.1 217 282.7 295 353.9 385.8 337 296 277.7 278.1 210.9 129.4 127.6 118.9 119 128.4 135.4 137.1 133.2 123.9 91.3 57.9 47.3 45.9 49.7 57.9 71.7 80.5 85.5 90.9 93 112.1 163.3 233.3 296 372 462.3 553.8 556.7 518.3 576.2 627 510.8 372 360.1 362.4 414.8 518.3 561.1 576.6 564.1 595.3 600.2 662.3 757.9 947.9 1606.3 2286.4 2961.7 1724.4 1830.1 1789.3 2448.7 1806.1 589.4 808.7 1107.6 1176.1 1152.5 1006.8 1279.1 2057.7 2289.6 2441.4
164.9 -9999 -9999 -9999 -9999 238.1 259 276 321.5 316.3 284.1 262.5 231.1 175.6 156.9 158.9 173 177.8 164.1 149.4 136 123.2 100.2 73 58.9 54.1 53.5 77.3 109.9 130.5 136.3 126 118.4 129.2 173.9 225.2 277.3 326.1 434.2 567.9 566.7 535.9 617.2 725.1 538.9 377.2 350.1 361.1 357.2 428.1 474.6 493.1 545.1 581.5 624.8 684.8 781.4 943.8 1276.6 1591.9 1891.1 2439 1764.9 1729.2 2375.3 2126.3 1628.1 1141.8 1165.4 1225.2 1086.2 824.7 739.7 1892.4 2254.4 2384.8
-9999 -9999 -9999 -9999 -9999 165.5 184.4 234.4 266.3 261.8 245.5 237.3 201.5 186.3 176.3 174.1 226.4 255.8 192.8 152.5 123 115.6 104.6 84.5 64.5 51.3 59.6 99.9 160.3 197.3 183 146.5 117.1 130.1 188.2 259.1 317.4 361.6 393.9 456.4 411.4 366.2 438.6 459.1 387 304.5 303.8 381.3 377 375.7 388.7 411.7 498.1 560.4 668.1 707.3 847.1 947.6 1134 1365.6 1552.5 1628.5 2010.2 2094.3 1846 1775 1644.3 1040.3 966.2 1246.5 1088.4 656.1 762.8 1475.1 1950.7 2068.7
392.3 -9999 -9999 -9999 -9999 -9999 133.8 186.8 201.6 201.4 183.4 178.6 166.9 172.7 173.5 179.5 208.4 217.9 192.8 165.5 134.5 123 113.4 96 81.9 82.9 95.2 131.5 195.9 240.5 201.3 150 115.7 124.4 200.1 308.5 366.8 377.4 325.2 274.5 202.6 198.4 222.1 218.7 180.4 213.2 228.6 291.9 329.9 362.4 373.7 398.9 475.2 546.8 611.4 690.7 762.3 924.8 1049.7 1215.5 1337.2 1459 1784.1 1820.9 1971.8 1983.6 1924 1849.3 1982.7 1928.5 1358.9 316.5 1445.9 1564.1 1227.7 1064.5
349.4 -9999 -9999 -9999 -9999 -9999 -9999 166.3 161.4 151.1 127.6 123.9 127.7 133.9 134.5 138.1 158.2 176.4 202 208.4 169.8 142.8 124.9 105.2 96.2 116.1 162.9 159.7 181 195.9 184 163.3 150.8 167.3 250.2 371.9 442.6 468.6 358.1 231.6 173.7 186.1 171.2 141.4 122.2 147.8 201.1 268.5 336.6 374.4 378.8 388.1 456.4 550.4 624.1 706.2 805.4 913.6 1014.8 1102.2 1244.2 1385.8 1613.9 1708.6 1667.3 1650.3 1643.3 1678 1685 1634.7 1932.8 2087.6 2395.8 2003 1208.7 1074.2
328.8 245.5 -9999 -9999 -9999 -9999 -9999 -9999 129.8 118.5 118.6 112.1 102.9 101.4 97.3 94.5 95.5 126 182.1 213 176.6 139.4 124.3 112.1 104.4 107.6 131 150.4 159.2 166.5 179.2 188.5 193.2 213.2 288.9 390.5 449.1 530.3 402.2 259.2 208.8 208.5 207.4 157.2 145.7 165.3 217.1 265.6 314.8 356.9 373.2 399 481.9 545.5 644 759 832.3 967.5 1035.8 1104.5 1165.1 1222.5 1368 1404.6 1415.2 1376.7 1403.6 1437.1 1822.8 1642.4 1928.3 2013.7 2231.9 2010.4 1616.2 1883.1
188 123.9 86.9 -9999 -9999 -9999 -9999 -9999 -9999 -9999 116.1 111.3 108.8 107.5 98.1 74.6 34.9 70.9 111.4 145.9 145.4 126.8 114.6 112.9 106.8 90.5 119 149.4 151.1 169.1 194.4 196.7 211.2 245.8 302.9 376.2 390.9 381.5 329.9 236.7 220.9 243.1 219.5 170.9 153.9 152.7 193.1 252.4 304.1 340.6 393.1 427.9 487.8 551.9 664.9 732.4 835.9 929.6 1010.2 1058.7 1141.9 1177.2 1201 1222.8 1275.4 1120.3 1163.1 1383.8 1450.4 1579.9 1742.8 1647.6 1644.2 1375.1 1810.4 1773.1
82.6 65.8 59.6 53.3 -9999 -9999 -9999 -9999 -9999 -9999 -9999 131.4 130.9 112.4 -9999 84.4 -9999 -9999 90.9 106.8 116.4 112.1 102.3 109.6 114.5 118.6 141.9 177.9 194 206.1 215.3 217.9 274.9 271.1 306.5 364.7 372.2 348 282.4 239.4 239.2 269.6 242.8 204.1 188.1 176 194.8 265.3 325.3 388.4 459.3 484.9 539.5 588.3 655.7 732.3 828.3 909.3 1019.5 1101.8 1146.7 1138.7 1141.1 1139.8 1080.9 973.7 1108.1 1337.7 1387.5 1452.7 1406.3 1385.9 1341.4 1247.1 1266.3 1106.6
78.8 71.1 61.7 56.6 -9999 -9999 -9999 -9999 -9999 -9999 -9999 -9999 -9999 -9999 -9999 -9999 -9999 -9999 93.3 97.4 102.3 100.8 101.8 111.8 128.6 146.3 177.2 219.2 240.7 245.2 254.9 251.7 257.2 279.3 305.6 345 355.9 327 286.5 287.2 391.5 355.3 316 315.1 305.1 277.2 261.9 300 356.6 433.5 432 504.9 590.9 693.4 790.7 897.7 1001.1 1089.9 1054.6 1080.1 1107.1 1107 1135.4 1143 1095.8 1109.4 1166 1304.5 1388.1 1300.4 1265.2 1200.2 1097.2 1046.6 940.3 1072.9
97.7 79.8 70.3 73.3 -9999 -9999 54 -9999 -9999 -9999 -9999 -9999 -9999 -9999 -9999 -9999 104.9 -9999 -9999 94.5 102.5 107.6 108 118.1 129.9 147.1 189.6 231.1 243.5 260 281.1 274.3 270.3 271.5 278.4 292.2 292.2 283.9 292.6 256.6 208.4 230.6 353.2 420.2 402.8 364.4 334.6 332.4 358.1 419.3 489.4 530.1 661 873.5 908.8 1077 1171.3 1183 1138.4 1126.5 1125.5 1145.7 1244.9 1184 1197.4 1289.1 1379.4 1427.7 1367.1 1346.1 1277.4 1175.1 1067.7 942.2 891.6 970.6
96.8 79 66.3 60 47.9 -9999 48 -9999 -9999 -9999 -9999 -9999 -9999 -9999 -9999 143.3 232.5 -9999 -9999 -9999 -9999 -9999 -9999 -9999 -9999 -9999 193.1 233.5 207.5 -9999 273.6 -9999 -9999 -9999 -9999 -9999 -9999 279.2 318.3 243.6 116.8 213.8 383.9 418.7 458.1 418.9 404.1 423 489.9 533 643 691 775.7 1053.2 1145.8 1219.2 1265.8 1263.7 1270.4 1253.9 1334.1 1294.9 1389.4 1334.6 1384.9 1336.4 1452.1 1474 1422 1343 1314.5 1247.5 1117.6 921.4 704.2 1109.4
79.3 72.9 57.5 48.1 38.1 22.4 14.4 -9999 -9999 -9999 -9999 -9999 -9999 105.2 96.7 147.3 174.5 -9999 -9999 -9999 -9999 -9999 -9999 -9999 -9999 -9999 -9999 -9999 -9999 -9999 -9999 -9999 -9999 -9999 -9999 -9999 -9999 -9999 -9999 283.1 305 427.9 458.7 447.3 470.9 523.3 606.6 577.2 766.9 1222.2 864.3 918.5 1055 1229.3 1308.9 1323.2 1377.8 1395.3 1539 1420.5 1502 1614.4 1708 1676.8 1669.3 1487.3 1542.6 1551.9 1483.5 1424.7 1412 1416.5 1323.2 989 998.9 1063.4
68.9 64.2 47.9 39.9 34.2 24.7 19.3 19.3 -9999 -9999 -9999 -9999 -9999 104.1 119.7 121.2 182.2 125.8 -9999 -9999 -9999 -9999 -9999 -9999 -9999 -9999 -9999 -9999 -9999 -9999 -9999 -9999 -9999 -9999 -9999 -9999 -9999 -9999 -9999 297.5 360.1 452.5 469.6 474.3 549 563.1 708 759.9 815.6 1050.4 1035.9 949.1 1104.6 1232.4 1292.4 1407.1 1413.3 1505.2 1529.9 1532.6 1732.5 1929.2 2063 1887.2 1734.2 1575.6 1573.7 1686.4 1628.1 1443.5 1375.5 1488.8 1600.4 1394.2 1321.4 1424.1
61.2 58.2 43.2 35.6 31.7 23.9 20.6 19.5 19 30.1 59 93 100.4 113.4 140.2 157.4 238 186.1 143.3 151.3 -9999 -9999 -9999 -9999 -9999 -9999 -9999 -9999 -9999 -9999 -9999 -9999 -9999 -9999 -9999 -9999 -9999 -9999 -9999 -9999 372.6 414.9 530.6 573.8 617.1 634.4 748.3 809.6 863.9 949.5 1094.3 1023 1205.4 1365.6 1342.6 1448.4 1447.6 1468.5 1453.9 1591.3 1903.8 1999.9 2012.4 1998.2 1980.7 1963 1780.1 1663 1780.4 1638.7 1458.8 1559 1611.3 1538.3 1511 1678.2
61.1 53.8 47 38.7 30.8 23.4 21 21.6 22.9 36.7 63.3 95.4 110.8 132.5 151.7 182.3 236.8 233.4 193.2 219 166.2 145 -9999 -9999 -9999 -9999 -9999 -9999 -9999 -9999 -9999 -9999 -9999 -9999 -9999 -9999 -9999 -9999 -9999 -9999 -9999 501.3 565.5 535.6 661.1 695.8 749.8 780.3 959.2 999 1081.9 1193.6 1292.4 1428.1 1450.6 1515.4 1563.4 1492.2 1394.4 1613.9 1855 2028 2051.8 2147.3 2467 2243.3 1829.1 1751.2 1806.5 1756.2 1573.6 1606.1 1698.7 1645.3 1690.4 1649.5
56.5 55.9 43.6 37.5 27.8 21.2 20.6 21.9 27.5 39.3 67.5 95 116.6 143.8 166.2 217.5 240.9 241.8 246.9 215.4 264.9 196.7 158.3 -9999 -9999 -9999 -9999 -9999 -9999 -9999 -9999 -9999 -9999 -9999 -9999 -9999 -9999 -9999 -9999 -9999 -9999 -9999 -9999 -9999 -9999 833.5 801.4 779.3 1112.7 1017.9 1094.7 1342.5 1216.3 1400.8 1549.9 1608.7 1626.8 1520.5 1606.1 1627.4 1903 2022.9 1990 2141.8 2313.9 2196.1 1906.1 1712.9 1719.3 1805.8 1684.4 1626.5 1687.8 1699.6 1723.6 1764.2
57.4 50 45.5 36.9 28.5 21.1 22.6 26.1 32.7 44.6 74.4 102 127.2 161.5 213.1 251 236.3 240.6 255.4 219.6 191 148.1 122.2 98.9 -9999 -9999 -9999 -9999 -9999 -9999 -9999 -9999 -9999 -9999 -9999 -9999 -9999 -9999 -9999 -9999 -9999 -9999 462 669 760.6 898.8 874.5 857 960.3 1120.7 1307.1 1331.2 1387.5 1257.7 1380.6 1534.7 1448.1 1492.9 1606.8 1616.3 2100.3 2205.8 1823.2 2109.7 2218.8 2107.8 1652 1567.4 1617 1692 1560.2 1511.1 1530.6 1648 1740.2 1770.2
58 52.9 46.5 38.4 31.1 22.9 24.5 27.6 35.1 47.2 81.5 111.3 148.8 189.8 252.1 287.3 258.2 226.2 202.6 179.6 156.8 138 145.2 -9999 -9999 -9999 -9999 -9999 -9999 -9999 -9999 -9999 -9999 -9999 -9999 -9999 -9999 -9999 -9999 -9999 -9999 -9999 -9999 750.5 847.8 911.3 853.6 961 -9999 1338.1 1550.6 1420.1 1251.5 1299.2 1203.9 1270.3 1228.2 1432.8 1604.6 1456.7 1456.4 1589.1 1760.9 1927 2127.4 1854.9 1487.6 1520 1532.8 1568.2 1601.9 1531.7 1501.6 1661.5 1765 1818.3
59.3 56.7 47.2 41.7 37.7 30.2 31.6 37.4 45.8 69.7 100.9 131.6 172 219.8 246.9 227.7 203.3 206 204.1 166.2 129 100.7 -9999 -9999 -9999 -9999 -9999 -9999 -9999 -9999 -9999 -9999 -9999 -9999 -9999 -9999 -9999 -9999 -9999 -9999 -9999 -9999 -9999 -9999 917.2 920.6 830.5 990.3 -9999 1687.9 1964.2 1650.6 1069.5 965.3 1120.6 1123.8 1140.3 1134.4 1233.3 1218.6 1409 1544.6 1765.6 1921 1971.9 1677.2 1488.2 1417.8 1580.7 1593 1485.6 1541.1 1552.3 1546.1 1745.3 1727.2
64 65.2 60.5 44.6 45.9 51.6 53.3 55.9 60.2 70.9 82.6 105.6 136.5 172.6 177.6 155.2 150.4 183.9 206.1 151.5 110.4 -9999 -9999 -9999 -9999 -9999 -9999 -9999 -9999 -9999 -9999 -9999 -9999 -9999 -9999 -9999 -9999 -9999 -9999 -9999 -9999 -9999 -9999 -9999 -9999 865.8 -9999 -9999 -9999 -9999 2393.4 2112.2 884.7 898.5 1019.3 1095.2 1067 1027.5 1067.6 1190.5 1378.5 1592.8 1811.2 1936 1949.7 1770.9 1596.5 1468.3 1651 1544.5 1472.9 1577.5 1538.8 1534.7 1500 1679.1
74.6 75.2 79.3 69 61.1 53.9 57 62 60.8 60.3 64.5 75.6 92.1 108.5 117.8 102.4 91.6 91 95.3 115.1 -9999 -9999 -9999 -9999 -9999 -9999 -9999 -9999 -9999 -9999 -9999 -9999 -9999 -9999 -9999 -9999 -9999 -9999 -9999 -9999 -9999 -9999 -9999 -9999 -9999 -9999 -9999 -9999 -9999 2022.8 2521.1 1286.3 864.4 857.4 1022.1 1040.7 1075.1 1174.8 1190.4 1283.3 1446.9 1601.8 1726.9 1878.7 2145.1 1952 1704.3 1605.6 1536.6 1342.7 1455.2 1713.9 1618.5 1592.8 1607.7 1735
80.7 81.1 81.5 76.2 64.5 57.4 56.8 59 59.4 59.9 59 63.8 72 85.8 94.9 89.6 77.9 67.8 79.9 -9999 -9999 -9999 -9999 -9999 -9999 -9999 -9999 -9999 -9999 -9999 -9999 -9999 -9999 -9999 -9999 -9999 -9999 -9999 -9999 -9999 -9999 -9999 -9999 -9999 -9999 -9999 -9999 -9999 -9999 2269.1 2862.5 2009.9 731.6 796.9 892.8 941.5 1056.7 1160 1214.6 1280 1442.3 1516.6 1631.2 1859.7 1845 1791.6 1642.7 1565.1 1491.1 1397.2 1421.2 1458.5 1535.1 1466 1389.4 -9999
85.3 85.5 83.8 83.4 78.5 71.4 62.3 58.4 58.2 59.8 61.1 61.2 65.5 72.9 81.5 86.5 90.1 102.1 131.6 -9999 -9999 -9999 -9999 -9999 -9999 -9999 -9999 -9999 -9999 -9999 -9999 -9999 -9999 -9999 -9999 -9999 -9999 -9999 -9999 -9999 -9999 -9999 -9999 -9999 -9999 -9999 -9999 -9999 -9999 -9999 2955.8 1138.6 764.8 771.7 861 942.8 1001.8 1114.5 1192 1286.3 1359.9 1378.9 1395.6 1694.6 1782.5 1756.6 1608.1 1551.3 1613.7 1676.6 1267.5 1354.5 1537.9 1310.9 -9999 -9999
87.9 90.1 97.1 98.4 94.2 86.3 76.5 68.9 63.4 59.9 60.1 63.8 62.5 66.5 73 81.7 96 121.3 -9999 -9999 -9999 -9999 -9999 -9999 -9999 -9999 -9999 -9999 -9999 -9999 -9999 -9999 -9999 -9999 -9999 -9999 -9999 -9999 -9999 -9999 -9999 -9999 -9999 -9999 -9999 -9999 -9999 -9999 -9999 -9999 4375.7 1234.1 703.6 722.9 802.1 815.8 908.5 1038.3 1167.2 1389.1 1382.9 1292.6 1359.7 1482.7 1797.9 1777.2 1614.5 1603.4 1743.3 1705.6 1380.7 1361.4 1231.5 -9999 -9999 -9999
88.6 102.2 113.6 117 114.8 104.4 92.8 79 70.7 62.8 58.2 60.1 65.2 63 70 78.5 98.6 -9999 -9999 -9999 -9999 -9999 -9999 -9999 -9999 -9999 -9999 -9999 -9999 -9999 -9999 -9999 -9999 -9999 -9999 -9999 -9999 -9999 -9999 -9999 -9999 -9999 -9999 -9999 -9999 -9999 -9999 -9999 -9999 -9999 3539.8 1356 683.4 668.6 680.9 756.5 884.8 953.6 1151.7 1361.7 1322.5 1266.3 1236.8 1377.7 1574.2 1664.3 1611 1691.5 1601.3 1620.2 1271.2 1148.7 -9999 -9999 -9999 -9999
100.2 117.8 134.6 141.4 137.9 127.7 112 96.1 78.1 66.3 57.1 51.9 61.1 62.2 66.8 -9999 -9999 -9999 -9999 -9999 -9999 -9999 -9999 -9999 -9999 -9999 -9999 -9999 -9999 -9999 -9999 -9999 -9999 -9999 -9999 -9999 -9999 -9999 -9999 -9999 -9999 -9999 -9999 -9999 -9999 -9999 -9999 -9999 -9999 -9999 3854.1 2633.4 870.9 664.4 649.8 701.7 778.1 887.8 1016.7 1103.4 1127.6 1082 1123.3 1334.6 1335.4 1368.7 1484 1520.7 1385.2 1300.4 1214.6 -9999 -9999 -9999 -9999 -9999
113.8 139.8 168.9 175.8 168.6 151.4 132.1 112.2 90.5 72.8 63 64.8 70 61.7 66.3 -9999 -9999 -9999 -9999 -9999 -9999 -9999 -9999 -9999 -9999 -9999 -9999 -9999 -9999 -9999 -9999 -9999 -9999 -9999 -9999 -9999 -9999 -9999 -9999 -9999 -9999 -9999 -9999 -9999 -9999 -9999 -9999 -9999 -9999 -9999 3575.5 3263.8 911.6 673.3 582.5 621.7 679.1 824.1 920.9 1005.9 979.2 992.9 998.5 1104.2 1246.3 1300.8 1341.7 1404.4 1307.4 -9999 -9999 -9999 -9999 -9999 -9999 -9999
140.4 174.8 204.8 216.9 208.4 183.2 156.5 131.6 105.7 82.2 66.6 -9999 -9999 -9999 -9999 -9999 -9999 -9999 -9999 -9999 -9999 -9999 -9999 -9999 -9999 -9999 -9999 -9999 -9999 -9999 -9999 -9999 -9999 -9999 -9999 -9999 -9999 -9999 -9999 -9999 -9999 -9999 -9999 -9999 -9999 -9999 -9999 -9999 -9999 -9999 -9999 4136.3 1114.1 623.4 547.9 521.3 591.3 764.5 837.7 955.1 927.4 874.8 928.8 994.5 1160.1 1315.8 1213 1341.8 1364.2 -9999 -9999 -9999 -9999 -9999 -9999 -9999
177.9 208.8 226.2 251.2 248.1 221.3 188.7 158.7 128.6 -9999 -9999 -9999 -9999 -9999 -9999 -9999 -9999 -9999 -9999 -9999 -9999 -9999 -9999 -9999 -9999 -9999 -9999 -9999 -9999 -9999 -9999 -9999 -9999 -9999 -9999 -9999 -9999 -9999 -9999 -9999 -9999 -9999 -9999 -9999 -9999 -9999 -9999 -9999 -9999 -9999 -9999 4017.3 1200.9 507.5 495.2 528.8 577 620 757.3 789.1 793.7 835.6 856.2 913.6 1072 1221.2 -9999 -9999 -9999 -9999 -9999 -9999 -9999 -9999 -9999 -9999
205.2 228.5 246.1 283.1 293.3 269.2 228.4 187.4 -9999 -9999 -9999 -9999 -9999 -9999 -9999 -9999 -9999 -9999 -9999 -9999 -9999 -9999 -9999 -9999 -9999 -9999 -9999 -9999 -9999 -9999 -9999 -9999 -9999 -9999 -9999 -9999 -9999 -9999 -9999 -9999 -9999 -9999 -9999 -9999 -9999 -9999 -9999 -9999 -9999 -9999 -9999 3130 2191 914 587.7 558 599.1 616.3 690.2 691.2 704 809.2 783.9 838.5 1018.9 -9999 -9999 -9999 -9999 -9999 -9999 -9999 -9999 -9999 -9999 -9999
