datasets/global_precipitation_1950_2017/rasters/precip_2012-total.asc
NCOLS 720 
NROWS 347 
XLLCORNER -180 
YLLCORNER -90 
CELLSIZE 0.5 
NODATA_value -9999 
[rows 306 to 339 of 347, columns 532 to 607 of 720]
206.4 217.2 226.3 232.7 236.9 241.6 245.7 250.3 255.5 259.3 263.8 268 272.8 277.1 279.6 282.4 284.7 288.6 292 293.2 296 299.2 301.6 302.4 302.8 302.3 300.6 299.4 297.1 294.4 292 291 288.3 286.1 283.8 280.9 280.9 277.4 275.8 277.8 274.1 274.1 274.8 275.9 277.7 280.4 283.1 286.9 287.6 292.7 300.2 305.2 313.7 321.2 326.5 338.5 341.1 350.8 364.9 372.8 381.3 390 399.4 408.8 417.5 427.3 435.6 443.6 451.3 459.1 467.9 471.4 477.3 484 491 497.3
197 198.6 210 219.5 226.6 232.7 237.4 244.5 250.8 257.9 264.1 270.2 276.6 282.3 286.5 291.7 297.6 303.9 307.8 310.1 312.1 314.4 316.3 317.2 317.7 317.5 315.8 312.1 308.9 304.8 300 295.1 291 288.2 286.2 283.1 278 272 270.4 272.6 274.4 273.8 273 273.9 277 280.9 285.2 290.1 294.2 297 303.9 305.4 313.5 322.4 330.4 337.3 344.6 352.5 361.1 370.8 380.3 389.7 398.9 408.1 416.5 424.7 432.6 439.9 447.8 455.6 463.9 472.2 480.2 487 492.5 496.6
175.1 182.8 191.1 201.1 209.5 220.5 225.5 236.1 245.9 255.1 264.6 273.8 278.7 285.5 295.6 302 307.1 312.1 316.6 321.3 325.4 328.2 323.8 324.6 330.6 327.9 324.6 321 317.7 314 309.5 304.1 298.7 294.6 289.6 285.5 281.1 282.5 281.4 273.8 277.2 275 275.7 276.3 279 282.2 285.9 290.9 295 299.2 304 309.1 312.6 321.1 328.9 336.6 344.8 353.2 361.8 370.3 378.8 388.1 395.3 403.5 411.8 418.3 425.3 432.4 440.1 446.6 455.4 464.2 472.9 479.7 484.8 489.4
153.1 165.5 175.5 189.7 197.3 207.3 224.6 236.1 247.4 258.3 259.6 268.7 275.5 283.1 293.3 300 317 322.7 327.4 329.5 321 323.6 318.1 318.1 324 321.6 328.3 323.4 318.6 313.1 300.4 295 286.5 282.1 278.4 273.5 269 265.7 263.6 261.5 260.8 261 261.7 262.9 265.1 268.2 271.6 275.8 280.2 285.2 290.8 296.6 303.6 305.6 314.6 321.7 329.3 338.3 346.4 354.4 364.2 375 375.6 383.9 393.1 395.3 408 414.5 422.4 427.1 433.8 443.3 452.6 460.2 464.8 469.2
159.6 168.4 168.9 185.9 195.2 204.9 215.1 225 229.9 243.5 254.1 262.9 269 275.8 285 293.6 300.5 302.8 304.3 304.3 303.4 301.1 288.9 283.9 292.2 287.7 282.8 277.6 272.1 266.1 259.9 253.7 242.6 237.7 237.7 233.7 230.1 227.5 220.1 220 219.5 220.4 222 223.8 226.6 229.1 233.4 238.1 242.3 246.9 252.3 258 265.1 269.9 277 284.2 290.6 298.2 305.7 313.3 324.8 334 343.6 353.2 350.2 359.7 369 375.7 383.7 388.4 392.4 398.5 408.2 416.2 421.3 430
154.7 160.1 162.9 168.7 173.6 182.3 193.7 203.1 204.4 214.9 224 229.8 234 238.6 243.8 249.3 254.3 258.1 257.9 252.8 246.7 240.6 234.5 229.9 226.2 221.3 214.6 207 198.3 191.1 189.8 179.2 175.4 170.2 165.7 164 163.1 163 163.7 163.8 164.5 161.5 163.6 169 172.6 174.4 178 184.3 190.8 195.4 199.7 204.4 209.5 213.7 220.7 227.2 234.5 241.4 248.6 255.4 262 269.3 277.4 285.8 292.2 299.4 306.1 312.7 319.3 325.5 328.6 336.1 342.1 349.6 357.7 361
134.1 134.8 135.7 139.4 141.8 145.6 154.3 152.5 158.2 165.7 171.6 175.4 177.9 179.2 179.8 178.9 178.1 175.8 172.6 168.9 165.1 161.7 157.9 153.1 145.5 137.3 127.9 118 111.2 109.6 108.4 107.3 107.4 103.5 95.8 88.3 81.3 113 112.4 112.6 113.3 114.4 116.6 118.5 120.3 122.7 126.3 137.2 137.3 139.2 144.4 150.2 156 161.2 165.3 173.4 176.3 180.1 185.8 193.5 200.1 205.4 215.2 220.3 222.6 229 233.9 241.2 246.8 253.3 258.5 264.4 270.6 276.4 282 288.4
103.6 102.4 102 102.7 102 101.4 100.7 100.3 102.3 107.3 111.7 114.5 117.1 116.4 113.2 109.3 104.8 99.4 96.5 95.8 95.3 94.8 94.1 90.8 83.4 76.1 68.8 61.6 59 59.2 60.1 61.5 63.2 61 55.5 50.3 45.9 41.6 80.5 81 81.6 82.7 84 85.6 86.8 88.4 90.6 98.5 100.6 106 110.2 114.7 119.5 122.8 125.4 128.3 131.6 134.4 138.6 143.6 148.5 153.5 158.2 162 165.3 168.9 172.3 178.8 184.1 190 193.3 197 201.7 206.3 208.5 214.8
72.5 69.8 70.2 68 65.3 62.7 60.4 57.7 57.4 60.7 64.1 67 68.8 68.1 64.2 59.6 55.6 51.7 50.9 52.7 54 54.8 55.7 54 48.5 43.3 38.1 33.6 32.5 34.1 35.9 38.1 40.3 39.4 35.7 32.8 30.1 27.4 27.7 30.7 33.6 36.2 40.1 44.2 48.4 53 71.3 73 75.4 77.3 85.7 89.9 94.8 97.4 100.8 99.1 102.4 105.8 108.5 110.7 112.4 119.3 121.4 124.1 127 125.2 128 129.3 133.6 128.7 136.7 140.3 144.5 147.7 149.2 155.3
45.2 44 44.9 42 38.8 35.8 32.9 30.3 29.4 32.2 34.8 36.7 39.3 38.9 35.8 33.1 30.6 28.7 28 29.3 30.6 31.6 33.1 32.8 29.6 27 24.6 22 21.4 23.2 24.7 26.5 28.6 28.7 26.5 24.6 23 21.5 22.1 24.4 26.9 29.2 32 34.9 37.4 40.6 44.5 47.9 51.7 55.6 59.5 63.6 68.5 71.7 80 81.1 83.2 85.4 87.3 87.8 89.5 84.7 84.8 86.4 84.6 82.7 80.6 78.4 94.2 95.1 95.7 97.8 100.7 102.3 102.8 104
21 23.4 25.1 22.1 22.2 20.1 18.2 16.2 16 17.7 19.7 21.6 23.6 23.9 22.1 21.4 20.4 19.2 18.9 20.3 21.7 22.8 24.1 24.2 22.6 21 20.2 19 19.3 20.1 21.6 23.2 24.1 24.3 23.3 22.3 21.7 21.1 21.5 22.8 24.1 25.5 27.3 29.4 31.5 34 36.1 38.8 41.4 44.4 47.1 50.4 53.7 54.5 57 58.6 62.3 64.7 65.8 52.8 55.8 59.3 62.7 63.2 60.9 58.5 56.1 52.5 73 70.9 67.4 63.9 69.1 69.6 73.2 60.1
15.1 17.1 16.2 14.3 12.6 10.7 10.8 11.8 12.5 13.4 14.7 16.6 18.7 19.5 18.8 17.9 17.2 16.4 16.8 17.6 18.6 19.7 20.9 21 20.3 19.8 19.3 19 19.1 20.1 21 22.2 23.4 23.8 23.2 22.7 22.4 22.4 22.7 23.2 24.5 25.5 26.3 27.4 28.6 29.6 31.2 32.6 34.3 35.7 37.7 38.8 37.8 37.9 40.2 39.6 38.5 37.2 37.6 39.6 41.9 44.1 46.5 46.6 44.6 42.2 39.7 36.9 49 45.4 42.4 42.8 44 44.9 42 38.3
13.4 14.1 14 12.7 11.2 9.6 9.4 10.3 10.3 11.5 11.3 10.9 11.9 12.7 13.6 14.3 15.4 15.6 16.1 16.9 17.4 18.7 19.7 20 20.1 19.9 19.8 20.3 20.4 21.3 22 23.1 24 24.2 24 24.3 24.4 24.3 24.7 25.3 25.5 26.3 26.8 27.3 27.8 28.2 29.1 29.6 29.7 29 28.4 28 29 30 31.1 32.5 31 30.1 29.8 30.7 31.9 33.3 35.1 34.8 32.9 30.9 28.7 26.3 25.9 26.9 29.4 29.2 28 26 23.8 21.6
12.7 12.7 13.1 12.1 11.5 11.6 11.5 12 10.9 11.1 11 11 11.5 12.7 13.3 14 14.6 15.4 16.2 16.3 16.7 17.2 18 19.1 19.8 20.7 21.1 21.8 22.1 23 23.6 24.4 25.1 25.6 25.8 26 26 26.4 26.8 27 27.2 27.4 27.5 27.8 28.1 27.8 27.3 26.9 26.2 25.9 25.9 25.8 26 26 26.1 26 25.5 25.1 25 24.3 24.3 24.1 23.3 22.5 21.9 21.7 20.4 20 19.8 17.4 16.2 14.4 13.4 12.1 18.2 16.4
11 10.9 10.7 11.3 11.4 11.2 12.1 12.1 11.5 12 12 11.5 11.6 12.5 13.2 14.3 14.9 15.7 16.4 17 17.7 18 18.5 19.3 20.2 21 21.6 22.5 23.1 23.9 24.5 25 25.6 26.4 26.8 27.2 27.6 28.1 28.3 28.5 28.5 28.6 28.4 28.3 28 27.7 27.3 27 26.2 25.8 25.3 24.9 24.3 23.8 23.6 22.5 22.6 23.1 21.9 20.9 19.8 19.2 18.5 18 17.5 17 14.5 14.5 14.6 13.7 12.9 11.9 11.2 10.4 12 11
9.8 10 10.2 10 10.7 10.8 11.3 11.2 11.5 11.9 12.2 12.4 12.5 12.8 12.9 13.5 13.8 14.5 15.6 16.6 17.3 17.7 18.6 19.4 19.9 20.9 21.5 22.3 23 23.7 24.3 25 25.7 26.3 27 27.4 28 28.3 28.6 29 29 28.9 28.7 28.2 27.9 27.5 27.1 26.3 25.9 25.1 24.6 23.4 22.9 22.2 21.2 22.7 21.5 21.5 20.1 18.7 18 17.3 17.2 16.4 14.5 13.9 13.2 13.7 13.2 11.7 11.4 11.3 10.8 10.5 10.1 8.1
8.7 9 8.8 9.5 8.7 9.3 10 10.4 10.9 11.1 11.5 12.1 12.5 12.7 13.2 13.6 14 14.2 14.5 14.9 15.4 16.3 17.7 18.2 18.8 19.2 20.1 20.6 21.4 22.1 23 23.2 23.9 24.5 25 25.8 26.3 26.7 27 27 27.4 27.3 27.1 26.7 26.1 25.6 25.2 24 23.4 22.9 23.4 22.5 22.9 21.9 21.1 20.4 19.6 19 18.4 17.7 17 15.8 15.2 15 14.5 14.2 13.6 13 12.6 12.2 11.6 11.5 11 10.8 10.9 10.3
7.2 7.4 7.9 8.2 8.7 9.2 10.1 10.1 10.1 10.6 11.1 11.5 12 12.2 13 13.1 13.7 14.1 14.3 14.8 15.5 16 16.9 17.2 17.7 18.2 18.3 18.9 19.5 19.9 20 20.3 20.8 20.8 21 21.2 21.5 21.3 21.4 22.8 22.7 22.5 22.1 21.7 22 22 22.3 22 21.5 21.2 20.5 20.5 19.9 19.5 18.9 18.6 17.9 17.4 17 16.2 15.9 15.4 15.1 14.8 14.2 13.9 13.7 13.1 12.9 12.3 12.3 12.4 11.2 12.4 11.8 11.6
6.6 7.2 7.4 7.7 8.3 8.7 8.9 9.3 9.7 10.4 10.9 11.6 11.7 12.1 12.4 13.2 13.4 13.6 14.4 14.8 15.4 15.7 16.4 16.8 17.1 17.8 18.3 18.6 19.3 19.7 20.2 20.3 20.5 20.8 21.3 21.8 22.5 23.3 24.6 26.2 29.1 31 31.7 29.8 27.6 25.8 24.3 22.2 21.3 20.4 19.7 19.1 18.7 18.9 18.1 17.7 17.2 17.1 16.8 16.2 15.8 15.7 15.8 15.2 14.6 14.4 14.1 14.3 14 13.9 13.7 13 14.1 13.8 14 14.4
6.2 7 7.2 7.6 8 8.5 8.6 9 9.8 10.3 10.6 11.2 11.7 12.3 12.9 13.1 13.5 13.8 14.5 15.1 15.7 16.4 16.8 17.5 17 17.7 18.3 18.1 18.8 19.1 20.1 21.1 21.9 22.8 24.2 25.6 25.9 27.1 28.6 28.6 29.6 30.2 30.3 30.3 29.8 31 30.1 29 26.5 25.4 24.6 23.2 22.1 21.5 20.7 19.9 19.4 19 18.2 18 17.7 17.5 16.7 16.8 16.5 16.1 16.3 16.5 16.3 15.3 15.6 16 16.3 16.7 16.7 14.9
5.9 6.6 7 7.4 7.7 7.8 8.6 8.8 9.2 9.7 10.6 10.9 11 11.6 12 12.8 12.7 13.4 14 14.5 14.5 15 15.8 16.4 17.2 18.1 18.8 18.4 19.4 20.2 21.5 22.4 23.3 24.6 24.4 26.5 27.3 27.8 28.8 29.2 29.9 30.1 29.4 29.5 29.4 29.3 27.8 27.4 26.8 26.2 25.7 25.1 24.3 23.5 23 22.1 20.8 20.9 20.3 20.1 19.5 20.9 20.9 20.8 19.7 20.1 19.7 20.5 20.4 20.5 20.3 19.6 20.2 20.2 20.3 20.6
5.4 5.6 6 6.8 6.8 7.3 7.7 7.7 8.5 8.7 8.9 9.4 9.7 10.4 11.1 11.9 12.6 12.3 12.9 13.5 14.3 14.6 16.5 17.2 17.8 18.7 19.2 20.2 21.7 21.4 22.3 23.1 23.7 24.7 25 25.8 26.1 26.8 27.2 27.8 28.1 28.2 28.3 28.4 27.1 26.8 26.7 27 26.5 26.1 25.8 25.3 24.4 24.1 23.6 23.4 22.8 22.1 21.7 21.8 22 21.9 22.3 21.7 21.4 21.5 21.4 21.4 20.7 21.5 21.7 20.8 21 21.6 21.7 21.9
4.9 5.1 5.6 6 6.1 6.4 6.5 7.2 7.1 7.7 8.2 8.8 9.1 10.6 10.9 11.8 11.9 12.5 12.9 13.6 14.1 14.6 15.2 16.1 17.3 18 18.4 19 19.6 20.3 20.5 21.5 22 22.7 23 23.5 23.9 24.5 25.2 25 23.9 24.8 25 25.2 25.1 23.1 23.1 20.1 19.6 19.6 19.3 20 19.7 19.5 19.3 19.2 19.1 19 18.9 19.1 18.9 18.7 18.8 19.3 19.3 19.1 19 18.9 18.9 19.2 19.2 20.1 19.2 19.9 20.2 20
5.2 5.3 6.4 6.6 6.9 7.6 8 8.7 9.3 9.7 9.3 9.5 11 11.3 12.1 12.5 12.6 13.2 13.6 14.1 14.7 15.1 15.6 16 16.2 16.7 17.3 17.6 18.3 18.5 18.9 19.5 20 20.2 20.6 19.8 20.4 20.8 20.7 20.3 20.2 18 17.7 18.1 18.1 17.4 18.1 18 18.3 18.2 18.1 18.2 18 17.9 17.7 18 18 17.9 17.7 19.4 19.4 19.6 19.7 19.7 19.7 19.4 19.7 19.6 19.8 17.5 16.7 18 17.2 18.1 18.2 19.2
5.7 6.1 6.4 6.6 7 7.4 7.7 8.3 8.8 9.2 9.6 9.7 10.1 10.4 11 11.4 12.2 12.5 13 13 13.5 13.9 14.5 14.7 15.1 15.5 16 16.5 16.8 16.7 17.1 17.4 17.6 17.9 18 17.8 18.5 18.5 18.5 18.6 18.3 18 16.2 16.5 16.7 16.9 16.9 16.7 17.2 17.2 16.5 16.6 16.5 16.6 16.5 16.5 16.5 16.6 16.3 16.5 16 16.5 16.2 16.1 16.2 16.1 16 17 15.7 16.5 16.2 16.2 16.3 15.9 16.1 17.1
6 6.3 6.6 6.9 7 7.2 7.7 7.8 8.4 8.9 9.3 9.4 9.5 10.6 11.2 11.4 11.7 11.8 12.7 12.8 12.7 12.9 13.2 13.5 13.7 13.9 14.1 14.5 14.6 14.9 15.4 15.6 15.6 15.6 15.5 15.8 16.1 16.7 16.8 17.1 17.5 17.6 17.2 15.6 15.6 15.8 15.8 15.4 15.9 15.9 16.1 16 15.9 16.2 16 15.9 15.9 15.8 16 16.3 15.8 16 16 15.7 15.9 16 15.7 15.9 15.5 15.3 15.6 15.3 15.1 15.3 15 15
6.2 6.2 6.6 6.7 7 7.1 7.5 7.7 8 8.3 8.9 9.2 9.3 9.4 9.8 10.2 10.4 10.9 11.1 11.2 11.4 12 12.1 12.2 12.2 12.4 12.7 12.9 13 13.8 11.9 12 12.5 12.6 12.6 13.4 13.6 13.5 13.7 13.5 13.8 13.3 13.4 13.7 13.4 13.5 13.7 13.5 13.5 13.4 13.6 13.4 13.5 13.4 13.6 13.2 13.4 13.4 13 13 12.9 12.9 13 13.5 13.1 13 14.3 14.1 13.9 13.9 13.8 13.9 13.4 13.3 13.3 13.4
6.2 6.4 6.4 6.8 6.7 6.3 6.5 6.6 6.6 6.8 7 7.4 7.8 8.3 8.5 8.5 8.7 8.7 8.8 9 9.1 9.2 9.3 9.8 10.6 9.9 10 10.4 10.9 11 11.6 11.7 11.6 11.5 11.6 11.5 12 12.1 12.1 12.2 12.3 12.4 12.5 12.4 12.5 12.4 11.8 12.2 12.3 12.2 12.2 12 12.4 12.3 12.1 12.4 12.5 12.3 12.2 12.2 12 12.3 12.2 12.1 12 11.4 12.3 11.9 12.1 11.7 11.5 11.8 11.4 11.5 11.6 11.3
5.9 6 6.2 6.5 6.6 6.8 6.8 6.8 6.8 7.1 7.3 7.5 7.8 8 8.5 8.5 8.6 8.7 8.8 9.2 9.1 9.6 9.7 9.9 10 10 10.2 10.5 10.6 10.6 10.9 11.4 11.7 12 12 12.2 12.4 12.4 12.6 12.4 12 12 12.1 12.2 12 11.9 11.7 11.6 11.6 11.5 11.3 11.4 11.7 11.7 11.8 11.6 11.5 11.4 11.3 11.6 11.5 11.3 11.3 11.3 11.1 11.1 11.1 11.4 10.9 11 11 10.9 10.9 10.7 10.7 10.6
5.2 5.4 5.5 5.6 5.7 6 6.1 6.6 6.7 6.8 6.9 7 7 7.2 7.2 7.4 7.5 7.6 7.7 7.9 7.9 7.9 8.2 8.4 8.6 8.6 8.7 8.8 8.9 8.8 8.8 9.8 10 10 10.2 9.1 9.2 9.2 9.4 9.5 9.5 9.7 10 9.8 9.9 10 10 9.8 9.9 10.1 10.3 10.3 10.4 10.4 10.3 10.4 10.5 10.2 10.3 10.3 10.4 10.1 10.2 10 10.1 9.7 9.9 9.9 9.7 9.9 9.8 9.7 9.8 10 9.8 10.4
4.5 4.6 4.6 4.6 4.7 5.1 5.1 5.3 5.6 5.9 6 6 6 6.1 6.3 6.4 6.5 6.5 6.7 6.9 6.9 7 7 7 7 7 7.1 7.2 7.2 7.2 7.2 7.3 7.4 7.6 7.6 7.5 7.4 7.2 7.3 7.3 7.3 7.4 7.6 7.6 7.6 7.5 7.2 7.2 7.2 7.2 7.2 7.2 7.2 8.9 8.7 8.5 8.6 8.9 7.5 7 7 7.1 7 7.2 7.6 7.6 7.5 7.6 7.7 7.8 7.8 7.8 8.4 8.4 8.1 8.3
2.9 3.1 3.3 3.6 3.8 4 4.1 4.2 4.5 4.6 4.6 4.6 4.8 5 5.2 5.2 5.3 5.3 5.3 5.5 5.5 5.9 6.1 6.1 6.1 6 5.7 5.9 5.9 5.8 5.8 5.7 5.7 5.9 6.2 6.3 6.2 6.3 6.2 6.2 6.1 6 6.2 6.1 5.9 6.1 6.2 5.9 5.7 5.9 6 6 5.7 5.9 5.8 5.8 5.7 5.7 5.6 5.7 5.6 5.6 5.7 5.7 5.7 5.6 5.6 5.8 5.5 5.5 5.6 6 5.7 5.7 5.8 5.9
2.1 2.2 2.2 2.2 2.2 2.3 2.4 2.6 2.5 2.5 2.6 2.8 2.8 2.9 3.1 3.2 3.4 3.5 3.9 4 4.1 4.2 4.3 4.2 4.2 4.3 4.3 4.5 4.4 4.4 4.2 4.2 4.2 4.2 4.3 4.3 4.2 4.3 4.3 4.3 4.3 4.4 4.7 4.6 4.6 4.7 4.7 4.5 4.2 4.2 4.3 4.3 4.4 4.3 4.4 4.3 4.3 4.3 4.6 4.3 4.4 4.5 4.4 4.2 4.2 4.7 4.6 4.5 4.4 4.5 4.8 4.8 4.7 4.8 4.6 4.9
0.8 0.9 0.8 0.8 0.9 1 1 1 1.1 1.1 1.3 1.5 1.5 1.5 1.6 1.6 1.4 1.4 1.4 1.4 1.8 2.1 2.1 2 2 2.1 2.2 2.4 2.3 2.4 2.4 2.5 2.6 2.6 2.8 2.8 2.7 2.8 2.9 3 3 3 3 3.1 2.8 2.9 3 2.9 3 3 3 3.1 3.1 2.9 2.9 3 3 3 3 3.2 3.2 3.1 3.2 3.3 3.2 3.3 3.4 3.4 3.4 3.3 3.5 3.6 3.6 3.6 3.7 3.8
