datasets/global_precipitation_1950_2017/rasters/precip_1963-total.asc
NCOLS 720 
NROWS 347 
XLLCORNER -180 
YLLCORNER -90 
CELLSIZE 0.5 
NODATA_value -9999 
[rows 34 to 67 of 347, columns 608 to 683 of 720]
242.7 277.2 307.9 342.7 368.4 386.2 396.7 398.8 398.1 387.4 375.3 357.3 340.8 317.3 297.2 276.8 261 251.1 242.5 238.9 235.4 233 233.8 236.5 239.7 245.4 250 266.7 292.1 323.6 343.3 379.2 403.3 420.7 417.4 395.4 357.8 321.8 305.4 315.1 345 375.5 398.2 406.6 406.6 394.2 379.5 363 349.7 335.5 322.4 320.2 320.2 319.9 324.9 332.4 341.9 350 368.9 374.4 374.3 374 370.7 366.5 361.6 354 349.1 345.7 344.7 345.5 346.2 341.1 330.5 317.2 303.8 292.2
266.6 290.4 312.4 330.3 343.2 352.3 359.2 367.9 374.8 377.6 378.6 382.5 381.9 365.6 349.9 331.3 308.5 283.9 264.4 248.6 238.6 232.1 238.3 256.3 276.5 289 303.8 329.7 357.3 390.9 428.7 466.8 506.7 525.1 544.2 560.7 583.5 602.2 606 583.9 549.8 517.1 487.8 469.2 450.1 427.3 401.9 384.4 361.5 347.2 338.7 340.2 340 343.5 348.9 351 364.9 395.1 408.4 418.3 423.5 424.3 425.6 419.4 408.1 393.2 374.9 354.7 338.1 323.5 312 300.9 291.6 286.6 285.6 289.5
292.3 311.8 329.2 343.1 351.5 353.4 352.5 356 360 367.8 379.4 390.7 407.8 411.7 392 366 325.6 296.6 267.1 247 231 220.9 211.2 267.9 317.1 322.2 340.7 368.6 402.7 440.6 478.6 507.1 529.2 556.1 578.2 629.2 722.6 872.1 964.7 799.8 653.7 566.2 512 475.8 453.7 431.2 402.5 375.8 356.9 341.9 344.4 354.9 359.2 372.2 381.6 392.9 400.2 406.1 409.8 425.8 438.3 453.1 466.7 469.9 457.9 434.7 404.5 372.7 345.5 315.4 290.7 271.2 256.1 254.7 267.3 284.2
300.6 323 346.9 369.5 380.6 377.6 367.3 359 356.4 356.3 361.5 371.5 382.1 380.6 361.5 329.6 298.3 271.3 255.2 249.1 248.1 258.4 267.3 289.7 314.5 345.8 378.7 413.3 455.1 493.2 522.2 551.1 570.4 565 542.4 510.6 465.6 399.4 333.7 365.4 419.3 446.7 451.5 444 427.5 402 372.2 348.8 336.8 334.8 348.7 369.7 388.8 416 430 435.5 424.6 410.3 388 390.2 424.3 490.9 530.8 544.2 523.9 486.9 442.8 394.7 358.8 331.9 311.5 297.7 290 289.7 295.5 306.2
272.3 282.7 323.5 396.1 463.9 419.9 350.4 323.2 325.3 331.4 334.8 339.4 341.2 316.7 267.7 220.6 203.7 213.8 231.7 252.4 272.4 290.7 300.9 304.8 330.3 386.1 448.7 498.2 530.1 549.7 559.2 564.9 564 554.4 522.3 472.4 417 370 333.9 341.2 386.5 435.7 466.9 469.8 440.2 389.9 344.2 310.1 295.3 316.4 350.3 388.1 427.4 461.6 492.8 505.7 509.5 504.5 503.7 625.1 824.3 828.1 759.7 684.6 606.1 542.8 470.5 404.9 358.7 332.6 324.9 321.1 316.2 310.3 312 324.1
253.7 253.8 281.7 327.9 356.8 342.2 307.2 297.8 308.9 314.5 315.9 317.7 321 290.2 234.8 187.6 178.5 203.1 234.1 269.4 301.6 329.4 336.3 343.4 401.7 502.5 595 641 628.1 586.4 533.7 508.9 522.9 540 533.1 494.1 440.5 418.8 414.2 422.2 446 479.1 516.3 527.5 481 424.8 377.1 348.1 340.8 355.6 389.3 430.2 470.8 505.9 536 567.1 607.2 672.2 800.5 985.3 1085.6 996.6 856.4 743.1 650.5 574.6 492.4 422.9 370.5 346.6 340.7 337.9 332.5 330.7 332.3 340.6
268 277.8 292.5 308.2 317.9 319.1 311.7 306 302.2 300.7 300.7 296.9 282.8 260.6 236.2 218.7 222 243.7 271.6 304 332.4 374.8 441.9 535.8 650.8 797 952 1013.9 614 544.8 342.1 206.1 496.7 715.8 760.5 676.9 547.7 449.2 393.6 417.8 443.7 450.9 450.1 443.6 426 400.5 378.8 364.5 365.7 391.3 437.6 485.5 517.4 525.6 522.3 515 523.2 554.2 608.8 662.7 697.7 691.1 658.8 622.5 590.3 548.4 512.4 484.2 445.9 418.2 404.5 385.2 377.6 371 370.1 379.2
258.5 267.1 273.8 281.3 285.8 285.3 281.1 277.2 274.8 275.1 273.7 271 268.9 264.5 262.6 263.6 270.8 284.5 304.1 322.1 331.8 359.1 440.4 570.3 724 894.1 1034.3 1110.1 1003 859.6 841.7 1018.2 1375.1 1609.3 1453.1 1163.6 909.8 718.9 603.1 537.3 492.2 450.3 411.7 384.4 369.5 360.1 343.9 325.5 323.9 382.8 472.6 570.9 594.5 543.7 492.3 453.5 430.4 436.8 464.6 489.8 511.3 485.7 412.2 352.4 409.4 516.3 570.9 582.1 538.3 497.7 470.6 442.9 418.7 399.2 403.5 405.7
225 227.9 236.3 244.4 250.8 252.7 252.4 251.5 255.2 262.5 271.3 276.1 275.7 273.4 279.9 294.1 309.2 315.4 314.1 318.1 328.7 347.7 386.8 465.7 580.9 704.5 812.1 885.3 937.7 987.9 1091.6 1256.3 1473.2 1569.6 1482.1 1287.2 1093.2 939.8 809 673.7 542.8 448.4 383.1 343.2 317.6 313.5 320.2 336.9 362 405.8 464 506.6 513.3 482.5 442.8 418.5 419.6 415.5 417.5 444.6 492.8 516.3 503.1 513.2 638.8 771.1 803 731.5 620.4 529.2 503.5 476.8 410.1 356.9 384.6 412.7
205.4 212 222.7 233.2 236.2 240.5 245.2 240.8 237.5 234.4 235.1 242.1 254.8 264.9 279.1 295.5 312.8 317.7 310.5 302.7 298.4 297.2 303 343 444 562.9 670.9 753.3 833.5 911.3 990.8 1073.9 1149.1 1176.2 1153.5 1110.7 1010.5 923.6 827.7 715.3 599.4 496.6 401.6 338.7 290.3 280.7 286.1 330.6 377.5 426.9 467.2 481 460.6 417.3 361.8 301.7 265.9 298.9 361.1 455.3 588.2 750.5 931.5 1188.2 1511.2 1678.9 1432.8 -9999 -9999 -9999 -9999 562.8 -9999 414.2 442.9 499.6
241.7 253 262.8 270.6 277.8 278.6 274.4 259.5 242.5 232 226.4 231.2 242.3 258.8 279 296.2 304.2 300.1 291.2 278.8 271.4 271.7 289.4 329.1 394.4 479.4 561 625.3 680 726.3 782.7 828.1 881.5 906.3 901.9 871.3 857.5 823.7 784.6 725.8 653 566.4 479.8 402.8 359.2 336.5 348.3 379.3 415.8 472.4 551.5 575.2 482.4 385.6 336.8 315.7 306.1 318 345.8 443 587.5 735.8 864.4 1031.8 1305.8 -9999 -9999 -9999 -9999 -9999 -9999 -9999 602.9 582.5 594.1 -9999
314.1 313.5 317.5 343.5 380.6 403.9 401.6 377.1 335.9 285.3 243.3 222.6 224.3 243.8 268.2 287.5 293.1 285.9 273.4 260.3 247.2 244.9 260.5 287.9 324.2 371.4 418.5 462.2 505 531.1 579.1 618.3 655.7 680.4 691.3 697.5 715.8 738 731.5 693.2 655.1 614.2 572.5 513.8 448.7 406.1 401.9 418.2 433.9 454 464.2 439.7 373.8 318.4 287.2 261 283.1 299.9 336.1 417.4 490.7 529.1 476.9 399 -9999 -9999 -9999 -9999 -9999 -9999 -9999 -9999 -9999 632.5 -9999 -9999
428.5 440.9 462.4 508.5 572.8 625.9 633 577.3 495 402.9 307.1 240 220.3 233.9 251.3 265 273.5 276.4 270.9 261.1 253 244.3 252.6 269.9 285.6 298.3 311.1 329.5 356.2 393.8 443.5 494.9 533.1 547.5 550.1 537 534.1 561.5 585.3 596.6 610.6 615.7 586.9 530.3 458.2 430 439.2 444.5 437.4 438.8 423.3 388 329.5 313.7 326.8 323.4 326.9 349.6 386.7 436.2 477.3 498.3 -9999 -9999 -9999 -9999 -9999 -9999 -9999 -9999 -9999 -9999 -9999 -9999 -9999 -9999
535.7 562.4 591.8 644.5 742.1 872.3 908 799.3 649.7 530.1 430.5 344.4 295.9 276 272.6 275.7 279.3 287 288 278.5 273 274.8 277.3 279.9 279.4 275.1 267.2 262.7 291.7 340.1 402.7 461.8 492.5 503.3 513 489.6 474.6 466.4 458.8 475.5 518.8 549.4 529 478 418.4 391.4 408.4 419.3 417.1 418.1 439.4 476 530.9 451.7 361.4 354.3 364.6 393.8 444.3 503.6 -9999 -9999 -9999 -9999 -9999 -9999 -9999 -9999 -9999 -9999 -9999 -9999 -9999 -9999 507.1 604.2
588.7 606.3 605.1 571.5 553.5 644.9 729.8 727.8 662.5 584.9 493.8 393.8 321.8 292.1 290.5 298.7 305.1 302.9 299.1 292.8 293.3 298.3 302.1 299.8 297.4 298.1 300.6 314.1 348.4 402.6 460 504.2 529 536.5 528.3 508.6 471.7 -9999 -9999 -9999 -9999 -9999 -9999 -9999 416.8 -9999 -9999 -9999 -9999 453.6 -9999 -9999 -9999 -9999 -9999 -9999 -9999 394.8 435.9 485.7 519.3 533.5 -9999 -9999 -9999 -9999 -9999 -9999 -9999 -9999 -9999 -9999 607.7 483.6 527.6 637.7
627.9 620 620.9 605.4 515.2 549.2 633.6 675.6 658.3 608.6 523 407.7 307.1 273.2 315.6 349 363.1 357.1 342.7 329.1 319.5 317 318.6 321.9 329.6 348 373.8 412.1 464 524.2 579.2 610.7 625.2 615.5 595.9 570.8 -9999 -9999 -9999 -9999 -9999 -9999 -9999 -9999 -9999 -9999 -9999 -9999 -9999 -9999 -9999 -9999 -9999 -9999 -9999 -9999 -9999 -9999 -9999 -9999 -9999 -9999 -9999 -9999 -9999 -9999 -9999 -9999 -9999 -9999 -9999 730 748.7 738.3 778 864.7
706.4 802.1 1083.3 896 733.7 722.8 778.9 821.7 798 721.2 634.4 552.2 504.3 496.4 504.4 498.1 475.7 442.6 411.4 383.8 365.5 356.9 354 359.1 368 394.1 444.5 508.2 580.3 657.2 727 775.6 789.5 -9999 -9999 -9999 -9999 -9999 -9999 -9999 -9999 -9999 -9999 -9999 -9999 -9999 -9999 -9999 -9999 -9999 -9999 -9999 -9999 -9999 -9999 -9999 -9999 -9999 -9999 -9999 -9999 -9999 -9999 -9999 -9999 -9999 -9999 -9999 -9999 682.9 672.1 704 778.9 891.3 1032.6 1179.3
687.5 699.4 638.7 481.4 482.2 652 846.9 991.3 963.6 838.6 744.6 693.8 681.9 692.7 678 630 575.8 521.9 475.6 440.7 411.6 391.8 384.4 374.6 375.7 420.4 494.9 583 670.1 750.5 820.7 879.5 -9999 -9999 -9999 -9999 -9999 -9999 -9999 -9999 -9999 -9999 -9999 -9999 -9999 -9999 -9999 -9999 -9999 -9999 -9999 -9999 -9999 -9999 -9999 -9999 -9999 -9999 -9999 -9999 -9999 -9999 -9999 -9999 -9999 -9999 878.3 855.8 818.1 783.2 792.4 826.2 897.2 1016.6 1172 1378.4
652.2 643.5 608.5 557.9 561.3 644.9 753.2 830.5 849.2 804.1 741.9 711.9 681.2 660.1 644.4 621.5 589.3 553.4 515.8 478.3 448.3 428.8 417.1 415 433.9 480.9 564.1 658.5 737.7 799.2 -9999 -9999 -9999 -9999 -9999 -9999 -9999 -9999 -9999 -9999 -9999 -9999 -9999 -9999 -9999 -9999 -9999 -9999 -9999 -9999 -9999 -9999 -9999 -9999 -9999 -9999 -9999 -9999 -9999 -9999 -9999 -9999 -9999 -9999 -9999 -9999 1003.6 1033.1 1040 1024.4 1011.5 1004.6 1006.9 1053 1159.8 1318.6
642.4 666.5 651.9 633.4 635.9 661.3 706.9 775.6 806.9 736 716.1 668.4 626.1 597.7 578.4 570.8 563 544.6 518.5 494.1 474.7 461.8 458.7 458.5 457.7 528.3 654.2 782.2 860.3 -9999 -9999 -9999 -9999 -9999 -9999 -9999 -9999 -9999 -9999 -9999 -9999 -9999 -9999 -9999 -9999 -9999 -9999 -9999 -9999 -9999 -9999 -9999 -9999 -9999 -9999 -9999 -9999 -9999 -9999 -9999 -9999 -9999 -9999 -9999 939.4 1012.5 1092.5 1196.5 1271.3 1275.8 1206.6 1085 969.4 903.6 957.7 1051.5
582.8 566.2 582.1 610 614.7 626.3 646.4 679 685 658.2 638.2 611.5 572.9 538.4 534.4 537.7 536 523.5 502.9 489.1 473.4 478.1 492 515.4 548.9 612 717.4 835.1 -9999 -9999 -9999 -9999 -9999 -9999 -9999 -9999 -9999 -9999 -9999 -9999 -9999 -9999 -9999 -9999 -9999 -9999 -9999 -9999 -9999 -9999 -9999 -9999 -9999 -9999 -9999 -9999 -9999 -9999 -9999 -9999 -9999 -9999 -9999 -9999 861.5 1003 1180.9 1393.3 1608.2 1624.3 1378.6 1148.8 930 796.2 858 853.7
617.1 586.4 587.1 612.3 620.6 620 623.6 633.5 642.9 644.4 640.2 630.4 617.4 598.8 586.1 566.1 540.4 514.8 492.3 470.8 457.6 461 502.3 566.5 623.3 668.7 -9999 -9999 -9999 -9999 -9999 -9999 -9999 -9999 -9999 -9999 -9999 -9999 -9999 -9999 -9999 -9999 -9999 -9999 -9999 -9999 -9999 -9999 -9999 -9999 -9999 -9999 -9999 -9999 -9999 -9999 -9999 -9999 -9999 -9999 -9999 -9999 -9999 598.7 717.2 901.7 1100.3 1285.8 1331.2 954.5 1105.2 1133.1 1079.9 1041.3 1028.1 1008.5
767 787.9 727.3 666.3 626.2 605.2 606.1 614.1 627.1 646.5 671.7 694.9 718.4 716.2 693.4 648.9 589.2 539.5 504.5 465.5 411.7 418.8 530.1 618.5 -9999 -9999 -9999 -9999 -9999 -9999 -9999 -9999 -9999 -9999 -9999 -9999 -9999 -9999 -9999 -9999 -9999 -9999 -9999 -9999 -9999 -9999 -9999 -9999 -9999 -9999 -9999 -9999 -9999 -9999 -9999 -9999 -9999 -9999 -9999 -9999 -9999 -9999 -9999 695.1 732.2 800.7 926.7 1021 1089.9 1099.5 1078.1 1112.6 1159.4 1213.3 1241.8 1255.9
716.1 724.1 692 647.6 611.5 592.5 590.1 594.4 599.9 643 667.6 730.8 808.5 826.1 790.2 747.3 676.9 605.4 565 557.9 575.4 625.5 -9999 -9999 -9999 -9999 -9999 972.7 -9999 -9999 -9999 -9999 -9999 -9999 -9999 -9999 -9999 -9999 -9999 -9999 -9999 -9999 -9999 -9999 -9999 -9999 -9999 -9999 -9999 -9999 -9999 -9999 -9999 -9999 -9999 -9999 -9999 -9999 -9999 -9999 -9999 -9999 -9999 769.8 785.8 792 835.8 881.8 910.2 956.3 1062.2 1178.1 1320.8 1440.4 1520.3 1513.6
711.3 603.5 593 577.3 557.1 548.6 556.5 571 615.1 662.5 691.2 718.3 750.5 767.2 766.8 751.4 714.2 663.6 629.2 615.1 618.6 632 665.3 682.6 721.4 788.9 -9999 -9999 -9999 848.4 -9999 931.1 -9999 -9999 -9999 -9999 -9999 679.7 -9999 -9999 -9999 -9999 -9999 -9999 -9999 -9999 -9999 -9999 -9999 -9999 -9999 -9999 -9999 -9999 -9999 -9999 -9999 -9999 -9999 -9999 -9999 -9999 -9999 -9999 811.3 922 986.3 1014.7 1100.2 1167.8 1260.7 1344.5 -9999 -9999 -9999 -9999
498.6 520.2 542.1 557.7 533.6 496.5 495.3 558.4 637.4 703.5 722.8 714.1 711.5 725.4 753.8 766.8 740.8 673.8 638.8 619.1 602.5 598.7 601.6 605.5 623.2 672.9 731.5 -9999 -9999 713 659.5 587.5 518.3 -9999 -9999 -9999 -9999 -9999 -9999 -9999 -9999 -9999 -9999 -9999 -9999 -9999 -9999 -9999 -9999 -9999 -9999 -9999 -9999 -9999 -9999 -9999 -9999 -9999 -9999 -9999 -9999 -9999 -9999 -9999 1339.6 1245.8 1257.6 1399.1 1616.2 1671.7 1583.6 1518.6 -9999 -9999 -9999 -9999
339.3 440.9 501.3 515.2 497.3 471.1 515.9 596.7 726.7 798.2 746.1 710.3 703.4 723.4 761.5 799.4 825.2 821.8 688.6 552.9 504.6 545.7 549.9 550.6 557.6 588.9 650.9 690.7 677.7 648.6 610.5 571.9 543.7 513.3 442.2 -9999 638.4 713.1 -9999 -9999 -9999 -9999 -9999 -9999 -9999 -9999 -9999 -9999 -9999 -9999 -9999 -9999 -9999 -9999 -9999 -9999 -9999 -9999 -9999 -9999 -9999 -9999 -9999 -9999 1355.5 1133.4 1014.1 1010.9 2255.3 2101.7 1601 1665.8 -9999 -9999 -9999 -9999
470.3 485.4 510.6 540.9 519.1 481.3 526.8 595.7 703.7 739.3 675 702.8 707.7 710 754.2 824.3 825 848 761.7 654.3 598.7 565.7 528.3 507.9 493.1 535.8 685.8 759.5 717.6 694.8 676.2 647.1 624.2 586.7 -9999 -9999 734.4 726.3 706.1 -9999 -9999 -9999 -9999 -9999 -9999 -9999 -9999 -9999 -9999 -9999 -9999 -9999 -9999 -9999 -9999 -9999 -9999 -9999 -9999 -9999 -9999 -9999 -9999 -9999 710.3 728.8 880.8 1087.4 1160.6 -9999 -9999 -9999 -9999 -9999 -9999 -9999
532.4 536 532.5 538.3 535.1 538 548.9 547 559.8 618.7 661.7 732 727.8 683.3 695.6 732.1 778.8 793.5 759.1 710.5 676.2 588.9 502.5 429.7 428.8 442.9 561.3 639.1 683.8 733.1 748.9 701.7 661.6 730.3 1096.3 1448.1 983.6 709.4 -9999 -9999 -9999 -9999 -9999 -9999 -9999 -9999 -9999 -9999 -9999 -9999 -9999 -9999 -9999 -9999 -9999 -9999 -9999 -9999 -9999 -9999 -9999 -9999 -9999 -9999 -9999 984.1 1046.4 1177.6 1216.6 -9999 -9999 -9999 -9999 -9999 -9999 -9999
557.1 563.9 576.6 585.4 566.1 477.2 615.5 567.2 613.9 626 641.9 733.3 831.6 852.5 778.2 743.8 764.9 831.3 843.3 710.8 643.3 550.6 513.6 554.5 557.4 550.5 558.7 582.5 631.4 677.4 694.1 668.9 680.8 779.6 -9999 -9999 857.6 659.8 489.4 -9999 -9999 -9999 -9999 -9999 -9999 -9999 -9999 -9999 -9999 -9999 -9999 -9999 -9999 -9999 -9999 -9999 -9999 -9999 -9999 -9999 -9999 -9999 -9999 -9999 -9999 1034.8 1130.2 1319.3 -9999 -9999 -9999 -9999 -9999 -9999 -9999 -9999
569.4 604.1 625.5 659 710.9 781.7 717.4 663.2 658.7 652.7 660.6 769.4 1020.9 998.9 801.4 685.8 648.9 658.8 704.9 691.1 626.5 512 472 532.6 584.3 670.3 575.8 499 509.1 631.8 698 669.9 690 -9999 -9999 -9999 884.8 1079.2 810.1 -9999 -9999 -9999 -9999 -9999 -9999 -9999 -9999 -9999 -9999 -9999 -9999 -9999 -9999 -9999 -9999 -9999 -9999 -9999 -9999 -9999 -9999 -9999 -9999 -9999 -9999 777.3 1166.1 -9999 -9999 -9999 -9999 -9999 -9999 -9999 -9999 -9999
551.1 592.6 623.3 660 692.6 690.3 671.9 661 657.9 636.7 545.7 640.7 762.2 792.3 756.1 655.3 541.9 653.6 716 740.5 733.8 697.5 638.6 573.2 520.9 462.9 429.2 433.3 429.1 514.5 594.5 639.7 706.7 -9999 -9999 -9999 663.1 658.5 761.6 -9999 -9999 -9999 -9999 -9999 -9999 -9999 -9999 -9999 -9999 -9999 -9999 -9999 -9999 -9999 -9999 -9999 -9999 -9999 -9999 -9999 -9999 -9999 -9999 -9999 1636.2 -9999 -9999 -9999 -9999 -9999 -9999 -9999 -9999 -9999 -9999 -9999
540.5 545.4 568.5 611.5 651.6 648.1 643.6 654.6 651.1 643.5 623.3 666.3 749.5 771.1 810.6 885 958.5 923.9 869.8 867.7 903.3 926.9 826.7 680.6 573.1 488 467.6 508.7 554.1 602.7 629.7 634.4 687.5 -9999 -9999 -9999 895 691.7 784 773.5 -9999 -9999 -9999 -9999 -9999 -9999 -9999 -9999 -9999 -9999 -9999 -9999 -9999 -9999 -9999 -9999 -9999 -9999 -9999 -9999 -9999 -9999 1796.4 1750.9 -9999 -9999 -9999 -9999 -9999 -9999 -9999 -9999 -9999 -9999 -9999 -9999
570 549.5 535.8 575.9 624 645.5 645.4 632.3 673.5 710.5 671.3 675.7 711.7 792.4 889 1018 1108.5 1006.7 925 867 812.1 768.5 776.5 706.3 668.6 635.2 661.2 735.8 761.9 725.8 663.5 594.1 602.3 -9999 -9999 -9999 983.6 946.8 1004.4 981.4 -9999 -9999 -9999 -9999 -9999 -9999 -9999 -9999 -9999 -9999 -9999 -9999 -9999 -9999 -9999 -9999 -9999 -9999 -9999 -9999 -9999 -9999 -9999 -9999 -9999 -9999 -9999 -9999 -9999 -9999 -9999 -9999 -9999 -9999 -9999 -9999
