datasets/global_precipitation_1950_2017/rasters/precip_1961-total.asc
NCOLS 720 
NROWS 347 
XLLCORNER -180 
YLLCORNER -90 
CELLSIZE 0.5 
NODATA_value -9999 
[rows 0 to 33 of 347, columns 228 to 303 of 720]
-9999 -9999 -9999 -9999 -9999 -9999 -9999 -9999 -9999 -9999 -9999 -9999 -9999 -9999 -9999 -9999 -9999 -9999 -9999 -9999 -9999 -9999 -9999 -9999 -9999 -9999 -9999 -9999 -9999 -9999 -9999 -9999 -9999 -9999 -9999 -9999 -9999 -9999 -9999 -9999 -9999 -9999 -9999 -9999 -9999 98.4 97.7 -9999 -9999 -9999 -9999 -9999 96.9 -9999 97.9 98.1 98.3 97 97.3 97.4 97.4 97.5 99.2 97.9 97.9 98.1 98.5 98.6 99.2 99.3 99.2 99.4 99.4 99.3 99.5 99.4
99.6 99.7 100.2 100.4 100.8 -9999 -9999 -9999 -9999 -9999 -9999 -9999 -9999 -9999 -9999 -9999 -9999 -9999 -9999 -9999 -9999 -9999 -9999 -9999 -9999 -9999 -9999 -9999 -9999 -9999 -9999 -9999 -9999 -9999 -9999 -9999 -9999 -9999 -9999 -9999 104.1 103.7 102.9 103.7 101.7 101.3 100.4 101 -9999 -9999 99.8 99.6 99.4 99.5 99.1 99.2 99.7 99.6 99.6 99.5 99.6 99.5 99.2 99.2 99.4 99.2 99.1 99.5 99.2 99 99.5 99.2 99.4 99.3 99.1 99.3
91.1 91.3 91.9 92.3 93.2 93.8 94.7 95.4 96.1 97 -9999 -9999 -9999 -9999 -9999 -9999 -9999 -9999 -9999 -9999 -9999 -9999 106.7 107.6 -9999 110 110.7 112 -9999 -9999 113.8 113.7 113.9 113.6 113.8 113.3 -9999 -9999 -9999 -9999 110.3 109.5 108.4 107.5 106.7 -9999 -9999 104.2 103.6 103.9 102.7 102.4 102.7 102.5 101.9 101.4 101.3 102.9 100.9 101.7 101.7 100.7 100.8 100.6 100.8 100.5 100.6 100.6 100.4 100.5 99.8 100 99.9 99.3 99.5 99.5
81.8 -9999 80 82 -9999 -9999 -9999 -9999 -9999 91.6 93.1 94.7 96.2 98.1 -9999 101.3 103.2 105.4 106 107.4 108.9 110.2 111.7 113.1 -9999 116.1 117.4 118.8 120 121.4 121.8 -9999 123.2 123.2 123 122.9 122.8 122.3 121.9 121 120 118.8 117.7 116.7 115.1 113.9 113.9 111.5 111.2 109.7 108.7 107.6 106.7 107.2 105.4 104.6 104.8 103.9 103.8 105.3 103.6 103.4 103.1 102.9 102.6 102.6 102.2 -9999 101.5 101.5 101.3 101 101 100.9 100.9 100.6
98.8 -9999 -9999 -9999 -9999 -9999 -9999 -9999 -9999 -9999 105.4 107.3 109.3 110.9 112.6 114.5 115.9 117.5 119.1 120.7 122.1 123.6 124.9 126.5 127.8 129.3 130.7 131.5 132.5 133.2 133.7 134.8 135.5 134.7 134.7 134.1 133.7 133.4 132.7 132.3 131.1 129.8 128.6 127.3 126.1 125.2 124.5 122.4 120.6 118.7 117.2 115.3 114.1 112.9 111.2 111 111.9 110.6 109.4 106.4 106.5 106.3 105.4 104.9 104.6 104.3 103.8 103.6 102.9 103 103 102.8 102.9 102.4 105.6 105.7
-9999 132.4 131.8 131.5 131.3 130.8 131.4 131.6 132.3 132.9 133.9 134.8 135.5 136.4 138.2 139.1 139.6 141.6 141.9 143.2 144.1 145.2 147 147.1 147.8 148.5 148.8 149.4 149.9 150.2 149.9 149.9 150 149.2 149.9 148 147.2 146.2 146 145 144.4 143.3 142.5 141.8 140.4 139 137.7 135.8 133.2 131.3 129.8 127.6 125.8 123.9 122.4 120.4 118.6 117.1 116.1 114.2 113.6 121.2 110.4 109.9 109.7 109.2 109.2 109 106.1 106.8 106.7 106.6 106.8 106.9 107.3 107.4
164.6 164.1 163.6 163.1 163.1 163 163.3 162.9 164.3 164.6 164.8 165.2 165.8 165.6 165.9 166.5 167 167.6 167.9 168.6 168.7 168.8 169.1 169.4 170 169.7 169.9 170.1 169.5 169.4 168.8 167.6 167.2 166.7 164.6 163.8 162.8 161.2 160.3 159.5 157.7 156.8 156.1 154.9 153.7 152 150.2 148.1 146 144.6 142.3 140.3 139.5 135.4 132.9 130.8 128.5 126.3 124.7 123 121.6 119.4 118 116.8 122.7 114.2 114.2 113 112.5 112.7 112.6 112.6 112.7 112.7 112.9 113.2
-9999 -9999 189.7 189 189.2 189.2 190.5 190.4 190.6 191 191.3 191.9 192.4 192.9 193.3 193.4 194 193.3 193.1 193.3 193 192.2 191.9 191.5 192.1 192 190.9 190.4 190 189.2 188.5 187.1 185.6 183.9 182.3 180.5 178.5 176.8 176.6 173.9 172.2 170.6 170.7 169.1 166.1 164.5 162.8 161.1 159.5 158 155.9 153.7 151.8 148.9 145.9 143.5 140.8 138.3 135.5 133.2 131 128.7 126.8 125 123.8 121.9 120.6 120.8 119.3 119.1 119.3 119.2 119 119.2 119.2 119.6
-9999 207.3 208.3 209.4 209.3 210.1 211.1 212 212.9 213.2 214 214.1 214.7 214.8 215.2 215.7 215.8 216.1 215.4 215.4 214.5 214.2 215.5 212.7 212.2 212.4 211.3 210.8 210.2 209.3 208.1 206.6 204.5 202.6 199.6 198.6 196.6 194.3 192.4 190.7 188.3 186.5 184.1 182.8 181.2 179.2 177.3 174.8 172.7 170.3 168.4 166.1 163.8 160.9 158.3 155.5 152.8 149.9 146.9 144.5 142.2 141.2 137.9 136 134.2 132 130.3 129.9 128.5 127.9 126.6 126.5 126.6 127.7 125.9 125.9
218.4 220.6 222.2 224 226.1 227.8 229.4 231.2 231.5 233.3 233.8 234.4 234.3 236.6 235.4 235.7 235.6 234.3 235.5 235.6 235 234 232.8 233.5 231.7 231 230.5 230 229.2 228.2 227.5 224 222.6 222.6 220.3 218.6 215.5 213.8 211 208.8 204.9 202.9 200.8 198.5 195.9 193.1 191.1 187.8 185.7 183 180.4 178.2 175.4 172.9 170.2 168.1 163.2 160 160.2 158.2 160.2 154.7 152.2 149.9 147.9 145.1 142.7 141.5 140.5 140.3 139.3 138.5 138.3 136 136 134.6
225.2 228.5 232.2 235.5 238.4 240.9 243.7 245.8 247.8 248.7 250.6 251.2 251.9 252.5 252.7 252.8 251.7 252.2 252 251.4 250.9 250.5 249.8 249.1 250.8 248.3 247.5 246.9 247.9 246.5 241.5 241.4 240.4 239.4 237.1 235.9 233.9 229.8 229.8 224.8 222 219.2 217.2 214.6 211.3 208.5 205.3 202.8 198.5 197.5 194.5 191.7 192 185.6 182.2 179.7 176.3 173.7 171.1 169.1 167.5 165.8 164.4 162.9 161.2 159.3 157.2 154.7 153.6 151.4 150.7 149.8 149.2 148.8 148.4 147.2
227.1 233.3 238.9 244 248.3 252 254.7 257.5 259 260.9 261.4 262.2 262.7 262.6 263.2 263.4 263.6 265.2 263.3 263.3 262.8 263.5 263.2 262.7 262.6 260.9 261.2 260.1 259.6 259.5 259 258.5 257.1 256.4 255.1 253.4 248.3 245.8 246.8 243.8 240.3 236.4 233.4 230 227.2 224.2 221.1 218.4 216.2 212.1 211.9 209.5 206.3 202.7 201 196.9 194 191.1 188.8 188.6 184.9 182.4 179.6 176.8 174.2 176.8 170.1 168.9 167.5 166.7 166.2 164.6 163.8 163.1 163.6 161.4
238 246.4 252.7 257.6 260.7 262.9 264 264.2 264.2 264.7 265.8 266.3 266 267.5 269.1 270.4 270.8 271 271.3 271.3 272.8 270.9 272.3 273 273.6 273.2 272.6 272.9 272.6 271.7 271.5 272.9 272.2 271.9 265 269.3 267 266.3 262.7 260.3 257.9 254.4 252 248.7 245.9 243.4 241.5 240.1 238.7 236.9 231 231 226.4 222.2 219.5 213.8 210.4 207.1 204.4 202.6 198.2 194.8 195.8 194.1 192.3 190.1 189.9 187.4 186.5 185.6 183.9 181.4 180.2 179.9 178.5 174.5
298.4 297.4 294.3 290.6 287.2 283.9 281.3 278.4 276.7 276.8 275.2 275.5 276.2 276.8 277 277.6 277.5 277.1 276.6 277.8 278.2 278.7 279.4 280.1 281.1 282.1 282.4 280.2 283 283.7 284 278.2 275.5 283.7 282.9 282.4 280.6 280.3 279 277.9 276.6 274.8 273.9 272.3 270.6 269.1 270.5 266.6 263 263 260 252.2 249.8 243.3 229.5 224.9 221.5 218.6 217.8 220.7 218.7 211.1 209.5 208.1 207 205.2 204.2 202.1 201.3 201 199.9 198.8 197.8 197.6 194.5 192.9
-9999 358.9 343 -9999 321 -9999 -9999 -9999 297.4 294 292.3 289.8 288.8 287.9 287.8 285.7 285.5 285.4 285.7 285.6 285 284.8 286.1 286.1 286.6 286.8 287.4 287.6 288.2 288.7 289.1 289.6 290.3 290.8 285.4 292.1 292.2 291.5 292.8 292.2 291.5 287.9 292.6 291.2 292.9 288.2 286.9 285 282.4 278.5 272.9 266.8 260.2 254.1 249.4 244.5 239.1 237.1 234.2 231.6 229 227 226.1 223.6 222.4 221.2 219.9 218.3 219.2 219.3 218 217.1 217.7 214.5 212.5 210.5
-9999 -9999 -9999 -9999 -9999 -9999 -9999 -9999 -9999 -9999 -9999 -9999 -9999 -9999 294.1 293.8 292.9 293.1 292.9 293.4 292.8 292.7 293.2 292.9 292.5 292.6 292.2 292.5 292.1 291.8 290.7 290.2 290.8 291.4 290 291.4 292.9 297.5 297.7 301.2 298.9 302.1 300.7 299.3 298.3 296.4 295.1 292.5 289.8 285.2 279.8 275.1 270.9 265.8 261.6 258.5 255.2 252.5 249.3 247.1 244.6 244.2 242.7 241.3 240.2 239.2 241.6 240.8 239.9 239.6 239.1 238.2 237.1 235.6 234.5 232.1
-9999 -9999 -9999 -9999 -9999 -9999 -9999 -9999 -9999 -9999 -9999 -9999 -9999 -9999 -9999 299.8 299.3 298.4 298.8 297.8 296.9 296.3 296.2 296.4 296.8 295.6 295.2 294.7 294.1 290.1 288.7 287.2 286.5 289.1 285.5 286 289 291 291.8 294.7 297.5 299 299.8 296.9 293.7 290.7 287.1 283.5 280.8 279.6 278.9 277.7 275.8 273.7 271 268.2 265.4 266.9 265.1 264.3 263.1 262.8 262.2 260.5 261.1 260.8 260.6 260.6 261.4 260.5 260.8 259.8 259.4 257.2 255.9 253
-9999 -9999 -9999 -9999 -9999 -9999 -9999 -9999 -9999 -9999 -9999 -9999 -9999 -9999 -9999 -9999 -9999 -9999 297.3 295.1 293.2 292.5 290.9 289.2 287.6 286.4 284.9 283.1 281.8 281.1 279.7 279.1 277.2 276.1 275.9 275.2 273.9 274.6 275.7 277.9 276.7 276.9 275.8 271.1 266.3 263 261.4 262.4 264.6 267.8 273.2 275.4 280.2 281.4 280.9 281 280.2 286.5 286.6 285.7 284.1 282.5 286.5 285.2 287.2 286.9 286.4 285.7 285.7 285.3 285.4 282.9 281.9 280.5 278.5 275.5
-9999 -9999 -9999 -9999 -9999 -9999 -9999 -9999 -9999 -9999 -9999 -9999 -9999 -9999 -9999 -9999 -9999 -9999 -9999 -9999 278.3 276.5 275.8 273.7 272.5 271.2 268.9 268.4 267.5 267.4 267.1 266.6 264.2 264.2 260 259.8 254.8 252.7 252.5 250.4 249.2 245.4 241.9 241.5 246 246.8 247.2 249.1 255.8 260.7 267.1 273.2 277.8 284.5 288.9 292.2 295.1 297 298 301.5 302.8 303.7 309.2 309.4 309.6 309.8 310.2 309.3 309 308.9 308.6 308.3 306.7 304 301.9 299.4
-9999 -9999 -9999 -9999 -9999 -9999 -9999 -9999 -9999 -9999 -9999 -9999 -9999 -9999 -9999 -9999 -9999 -9999 -9999 -9999 264.7 263.5 262.6 260.6 260 257.7 255.6 255.3 254.2 253 251.4 250.6 249.2 246.5 243.5 240.3 240.1 236.6 235.1 234.8 231.9 230.6 230.3 229.6 229.3 228.7 232.2 235.8 242.5 250.5 258.9 267.2 273.9 284.9 293.7 300.7 306.7 311.5 315.6 319 321.7 327.9 329 330.1 331.5 332.8 333.1 332.7 332.7 334.3 333.2 333.4 332.6 330.3 327.9 325.7
-9999 -9999 -9999 -9999 -9999 -9999 -9999 -9999 -9999 -9999 -9999 -9999 -9999 -9999 -9999 -9999 -9999 -9999 -9999 -9999 -9999 -9999 250 248.7 246.6 245 243.4 241.4 239.8 238.3 236.8 234.7 233.8 232.3 231.1 229.9 228.5 227 226.4 226.2 224.8 223.2 222 220.9 222.9 223.2 223.5 226.7 230.7 236.3 243.7 254 266.9 285.4 295.8 306.5 315.4 323.1 329.7 335.3 343.9 347.8 350 353 354.8 357.6 357.2 358.7 360.1 360.4 360.3 359.9 359.3 358 356.2 353.5
-9999 -9999 -9999 -9999 -9999 -9999 -9999 -9999 -9999 -9999 -9999 -9999 -9999 -9999 -9999 -9999 -9999 -9999 -9999 -9999 245.1 243.5 242.4 240.8 239.8 238.5 236 234.5 232.8 231.3 229.8 228.9 227.8 227 227.1 227.3 226.5 225.1 221.6 221.1 220.9 221.3 218.9 214.7 213.5 213.1 211.2 217.4 219.3 225 235.2 249.4 263.8 278.3 294.6 310.1 324.6 334.7 344.3 356 362.1 367.3 371.7 374.1 378.5 378.6 381.1 381.3 385 387.8 386.6 386.3 384.5 381.6 379 376.3
-9999 -9999 -9999 -9999 -9999 -9999 -9999 -9999 -9999 -9999 -9999 -9999 -9999 -9999 -9999 -9999 -9999 -9999 -9999 -9999 -9999 -9999 237.6 236.5 234.9 233.4 231.8 230 228.5 227.4 226.6 225.8 225.1 224.9 225.3 225.9 221.4 220.5 220.5 219.7 219 218.4 217.2 217.3 217.1 216.5 211.2 215 215.2 216.2 238.7 238.9 260 281.9 303.3 323.3 341.9 362.8 374.5 382.1 386.2 391.9 395.5 396.4 400.8 404 406.3 408.7 409.7 409.9 409 407.9 405.9 404.1 402.6 401.3
-9999 -9999 -9999 -9999 -9999 -9999 -9999 -9999 -9999 -9999 -9999 -9999 -9999 -9999 -9999 -9999 -9999 -9999 -9999 -9999 236.4 235 233.1 230.3 -9999 -9999 223.6 221.3 220.3 218.9 218.9 219.4 216.9 217.8 218 219.2 220.3 219.7 217.9 218.5 219.3 216.6 217.4 216.7 215 213.7 212.2 218.4 215.6 222.7 232.1 251.8 275.5 304 335 366.4 394.9 416.1 423.6 426.6 429.1 430.8 430.1 429 429.4 429.7 430.8 431.1 432.4 431.7 430.9 429.3 429.2 429.6 430.1 431.5
-9999 -9999 -9999 -9999 -9999 -9999 -9999 -9999 -9999 -9999 -9999 -9999 -9999 -9999 -9999 -9999 -9999 -9999 -9999 -9999 -9999 -9999 -9999 -9999 216.7 -9999 205.3 201.5 200.1 201.2 201 205.1 209.2 213.4 215.3 217.3 218.9 220.1 221.8 220.9 221.3 219 217.8 215.9 213.5 210.7 220.2 224 218.9 236.4 257.6 283 321.9 370.2 420.6 437.4 496.2 499.7 505.9 494.9 486.5 486.3 482.6 479.2 475.6 470.9 467.1 464.1 460.9 459.9 460.7 460.4 461.2 461.6 457.5 459.6
-9999 -9999 -9999 -9999 -9999 -9999 -9999 -9999 -9999 -9999 -9999 -9999 -9999 -9999 -9999 -9999 -9999 -9999 -9999 -9999 -9999 -9999 -9999 221.1 211 200.5 -9999 -9999 -9999 182.8 -9999 200.5 207.7 213.2 217.6 220.4 222.4 223.4 224.9 224.1 223.7 223.6 222.9 222.1 220.3 221.3 219.9 223.1 228.6 250.4 283.6 329.5 389.8 459.5 514 552.9 593.2 576.7 586.2 578.3 570.8 559.9 548.1 538.5 533.4 525 521 515.2 509.4 503.8 499.9 496.1 492.7 490 490.5 492.3
-9999 -9999 -9999 -9999 -9999 -9999 -9999 -9999 -9999 -9999 -9999 -9999 -9999 -9999 -9999 -9999 -9999 -9999 -9999 -9999 -9999 -9999 -9999 235.1 219 -9999 196.6 199.4 204.5 209.3 214.4 218.9 222.8 226.2 229.1 231.2 231.5 231.7 232.2 230.2 229.3 227.7 226 226.3 223.2 227.1 237.2 244.5 257 281.9 327 384.9 460.9 543 577.1 626.3 641.9 643.2 641.1 623.9 623.1 604.7 606.2 598.6 595.8 594.6 589.6 586.1 579.8 571.6 562 555.4 547.2 538.2 531.5 527.5
-9999 -9999 -9999 -9999 -9999 -9999 -9999 -9999 -9999 -9999 -9999 -9999 -9999 -9999 -9999 -9999 -9999 -9999 -9999 -9999 -9999 -9999 310.9 305.1 291.8 271.9 254 247.1 -9999 244.5 -9999 242.8 242.5 242.7 242.6 241.3 240.9 240.2 238.1 236.4 233.5 230.6 228 226.2 223.1 229.1 244.3 268 294.7 329.4 382.9 443.7 513.7 566.1 614.9 631 651.3 648.4 649.2 646.4 637.7 642.5 641.4 640.6 639.7 634.5 649.8 651.7 649.3 649.6 643.8 635.8 628 618.3 607.7 596.6
-9999 -9999 -9999 -9999 -9999 -9999 -9999 -9999 -9999 -9999 -9999 -9999 -9999 -9999 -9999 -9999 -9999 -9999 -9999 -9999 -9999 -9999 -9999 -9999 -9999 -9999 -9999 -9999 -9999 -9999 248.9 251.2 250.9 250.3 249.6 248.3 245 242.4 240.6 237.9 235.1 230.6 226.2 223.4 225.2 239 264.5 298.5 341.4 391.6 458 516.2 550.2 584.3 623.8 644.6 640.7 638.2 640.6 641.5 640.4 639.2 638.3 638 641.8 646.8 655.4 666.4 673.6 681.8 684.8 688.2 688.7 689.3 686.6 681.6
-9999 -9999 -9999 -9999 -9999 -9999 -9999 -9999 -9999 -9999 -9999 -9999 -9999 -9999 -9999 -9999 -9999 -9999 -9999 -9999 -9999 -9999 -9999 -9999 -9999 -9999 -9999 -9999 -9999 247.6 246.9 249.9 249.5 248.6 247.2 245.8 243.1 237.8 234.8 232.6 227.2 223.8 218.5 218.4 229.8 255.4 298.2 350.5 407.6 468.3 539.7 580.1 599.2 611.5 625.7 641.5 642.6 643 639 633.9 628.3 622.8 621.9 620.1 620.5 625.6 632.7 641.7 651.3 662.2 673.7 686.1 698.2 710.9 722.3 732.5
-9999 -9999 -9999 -9999 -9999 -9999 -9999 -9999 -9999 -9999 -9999 -9999 -9999 -9999 -9999 -9999 -9999 -9999 -9999 -9999 -9999 -9999 -9999 -9999 -9999 -9999 258.6 254.1 -9999 -9999 244.8 243.3 241.7 240.5 236.9 235.7 233.2 228.6 222.7 220 215.2 214.6 206.8 212.7 241.7 292.5 357.9 426.6 494.7 542.8 606.1 630.7 638.3 634.6 646.8 644.6 641.5 642.5 638.3 633.3 626.6 619.1 614.1 612.2 606.5 605.3 607.3 613.4 -9999 632.4 -9999 -9999 -9999 -9999 -9999 -9999
173.3 171.2 178.1 -9999 -9999 -9999 -9999 -9999 -9999 -9999 -9999 -9999 -9999 -9999 -9999 -9999 -9999 -9999 -9999 -9999 -9999 -9999 -9999 -9999 -9999 253.5 -9999 -9999 241.1 -9999 229.9 225.2 226.3 221.6 222.7 224.1 221.6 222 211.7 199.6 195.7 187.3 209.6 229.8 271.3 356.4 445.4 523 573.9 607.2 642.8 654.7 658.3 659.3 658.3 654.1 650.7 647.7 641.7 637.3 631.7 623.9 618 611.6 605.5 601.2 -9999 -9999 -9999 -9999 -9999 -9999 -9999 -9999 -9999 -9999
222.6 223.8 227.3 -9999 -9999 -9999 -9999 -9999 -9999 -9999 -9999 -9999 -9999 -9999 -9999 -9999 -9999 -9999 -9999 -9999 -9999 -9999 -9999 -9999 255.1 -9999 250.1 245.2 239.5 231.1 213.1 201.4 204.2 208.6 213.3 217.1 216.5 206.4 192.7 184.5 181 181.1 205.5 262.5 347.1 443.9 527.2 588.4 625.7 649.9 657.1 665.3 663.3 663.9 661 659.1 657.5 654.3 651.2 648.3 642.9 638.1 632.5 625.9 620.2 -9999 -9999 -9999 -9999 -9999 -9999 -9999 -9999 -9999 -9999 -9999
271.5 266.8 259.4 252.9 248.4 245.7 267.3 351.3 463 -9999 -9999 -9999 -9999 -9999 -9999 -9999 -9999 -9999 -9999 -9999 -9999 -9999 -9999 -9999 -9999 -9999 263.7 264.3 259.7 252.5 245.2 236.8 230.6 229.8 230.9 239 227 219.8 200.6 192.7 183.4 194.6 240.4 325.1 420.2 510 584.9 623 643.2 654 659.1 664.2 664.1 666.7 665.5 664.9 663.8 662.8 660.2 657.7 655.4 652.1 650.4 648.4 -9999 -9999 -9999 -9999 -9999 -9999 -9999 -9999 -9999 -9999 -9999 -9999
