datasets/global_precipitation_1950_2017/rasters/precip_1983-total.asc
NCOLS 720 
NROWS 347 
XLLCORNER -180 
YLLCORNER -90 
CELLSIZE 0.5 
NODATA_value -9999 
[rows 34 to 67 of 347, columns 380 to 455 of 720]
-9999 -9999 -9999 -9999 -9999 2185.5 2592.1 -9999 1804.6 1386.3 1285.2 877.4 658.7 645.5 645.4 616.5 582.7 550.5 543 570.9 618.8 571.2 562 563 723.6 534 629.8 594.1 606.5 663.8 699.6 676.6 670.6 635.1 648.7 690.6 702.6 679.7 666.7 669.8 672.7 646.1 609.5 600.2 609 622.5 616.9 585.7 -9999 -9999 -9999 -9999 -9999 -9999 516.9 505.3 493.9 482.9 478.2 489.3 -9999 -9999 -9999 -9999 535.8 553.5 573.3 -9999 605.4 593.9 569 553 547.1 548.1 558.9 570.3
-9999 -9999 -9999 -9999 -9999 1923.1 1969.3 1682 1306.1 922.6 847.1 807.8 761 675.4 640.1 589.8 526 568.8 567.5 523.2 495.2 509.5 547.4 494.6 494 599.4 -9999 -9999 -9999 599.8 667.6 745.5 749.7 707.4 665.1 717.4 743.4 708.3 696.1 693.1 683.7 647.6 594.4 561 574.5 598.5 597.7 571.1 533.5 -9999 -9999 -9999 -9999 -9999 -9999 -9999 -9999 -9999 -9999 -9999 -9999 627.1 611.1 580.1 572.7 582.2 608 638.3 590.7 585.1 562.8 546.8 547.2 567.4 596 619.5
-9999 -9999 -9999 -9999 -9999 1825.7 1631.7 1300.8 1036.2 871.7 810.6 784.6 697.3 570.4 593 628.9 585.1 586 628.2 590 488.7 580.1 547 -9999 -9999 -9999 -9999 -9999 -9999 -9999 -9999 603.9 609.9 649.5 652.3 698.8 753 709.6 621.4 638 646.5 635.5 627.8 639.6 647.6 640.6 619.4 598.8 581.7 -9999 -9999 -9999 -9999 -9999 -9999 -9999 -9999 -9999 -9999 -9999 505.4 543.7 572.8 591.1 602.7 605.5 602.2 594.4 580.2 561.8 551.7 551.4 565.8 594.5 625.7 649.2
-9999 -9999 1928.1 2522.9 2497.3 1798.3 1335.6 1156.9 1012.6 906.3 864.2 749.6 697.4 631.3 622.4 689.5 571.3 547.8 527.3 535.1 546 502.8 -9999 -9999 -9999 -9999 -9999 -9999 -9999 646.9 636.4 634.6 690.7 695.1 682.1 721.3 813.5 717.9 745.6 724.9 722.2 707.1 702.3 714.8 725 701.1 663.2 636.8 625.4 623.1 -9999 -9999 -9999 552.8 562.4 581 -9999 -9999 -9999 -9999 545.1 578.7 594.2 611.7 629.8 652 670 656.6 619.4 588 565.3 553.8 575.6 611.9 641.1 653.9
-9999 1917.1 1912.5 1705.3 1480.2 1317 1145.9 1022.9 782.6 784.1 771.9 701.2 713.6 681.3 606 651.9 681.1 617.2 539.7 604.1 599.7 655.6 -9999 -9999 -9999 -9999 -9999 -9999 637.8 637.4 667.6 634.6 696.9 714.2 700.7 672.1 804.6 792.2 764.5 700.2 780.4 783.4 767.5 734.8 708.8 693.9 676.7 653.8 643.8 646.3 656.3 697.8 -9999 -9999 -9999 -9999 660.7 640.5 618.9 614.5 635.7 647.7 637.4 635.7 635.6 637 632.9 617 593.9 590.5 603.4 617.7 629 642.9 655.7 665.8
2185.6 2082.2 1351.4 1229.6 1417.9 1332.9 1121.2 979.7 948.4 708.4 663.5 688.3 683.7 644 661.3 811.7 679.5 617 716.6 601.6 588.1 -9999 -9999 -9999 -9999 583.5 659.3 630.8 630.4 658.8 622.5 701.1 742.9 742.8 817.1 863.1 813.3 770.6 753.7 785.2 795.7 794.3 793.7 758.2 705 668.2 647.7 632.4 617.5 639.8 667.5 685.3 690.7 693.9 705.8 722.1 724.5 704.2 684.1 676.4 672.5 670.3 668.4 668.2 669.3 666.9 658 643.1 626.6 635.9 668.6 687.8 685.7 683.8 688.2 689.4
1367.7 1261.6 1163.3 1159.5 1007.4 903.8 801.9 767.2 664.7 630.5 639.5 615.4 646.1 626.5 605.4 606.6 803.6 609.1 -9999 -9999 -9999 -9999 -9999 -9999 558.6 562.1 637.1 679.4 698.7 645.2 667.8 724.6 741.8 858.6 785.2 776.3 768.3 782.7 796.9 763.7 789.8 820.6 806.9 783.5 710.7 637.9 581.8 613.7 681.5 717.6 743.4 758.6 736.7 709.3 704.9 700.8 697.1 701.5 705.6 715.1 730.7 724.2 709.8 707.6 720.7 733.3 732.1 720.2 707.6 702.8 701.4 701 699.4 704.1 711.9 720
752.7 752.6 837.5 916.7 764.9 678.3 614.4 531.1 569.8 623.4 613.4 655 644 633.8 675.2 680.7 -9999 -9999 -9999 -9999 -9999 -9999 550.8 514.4 570.8 610.9 578 622.9 678.5 668.1 642.3 654.3 703.2 749.2 753.4 749.8 771.8 797.5 752.4 755 734.6 738.8 743.6 752.4 734.4 682.8 665.5 685.8 730.1 740.2 750.4 771.3 752.5 726.2 709 694.9 693.2 693.8 697.3 716.5 735.2 741.2 740.8 746.3 764.7 809.2 776.3 749.1 734.3 726.1 718.6 711.1 707.1 702.6 704.9 707.5
430.5 439.7 568.8 543.8 640.3 604.7 605 569.8 605 575 575.9 626.6 688.7 639.3 697.5 -9999 -9999 -9999 -9999 -9999 -9999 -9999 -9999 620.7 611.5 616.7 632.2 645.8 623.6 686.8 684.8 693.3 679.6 714.9 699.6 777.4 726.4 693.9 716.3 718 735.9 726.3 734 735.1 727.8 677.7 645.2 615.6 578 617.3 667.9 699.7 704.8 674.8 683.9 699.1 699.4 695.5 695.5 748.9 788.7 790.1 774.4 748.2 715.8 692.5 695.6 708.6 716.8 725.3 721.9 695.6 674.3 666.3 665.5 678.3
473.6 406.7 374.6 477.3 556.8 568 589.4 573.4 583.4 605.1 666.3 606.7 574.5 616.4 639.1 -9999 -9999 -9999 -9999 -9999 -9999 -9999 -9999 668.8 685 700.3 627 604.1 647.2 637.2 598.5 593 640.5 619.2 696.2 699.8 708.3 683.9 649.9 645.1 652.6 697.1 683.2 695.3 720.2 722 733 706.9 576.4 603.3 676.5 740.8 796.5 796.9 736 690.5 699.1 696.3 729.2 812.2 902.8 840.3 785.6 742.3 704.9 679.5 666.6 667.2 662.2 656.7 645.1 626.3 608.9 593.5 595.1 618.4
495.9 508.5 576.4 613.7 685.3 620.6 636.4 615.7 603 676.8 651 678 632.7 590.2 -9999 -9999 -9999 -9999 -9999 -9999 -9999 -9999 -9999 623.4 656.4 549.2 574.2 595.4 583.6 593.7 629.5 627.6 633.3 705.2 605.6 651.4 767.2 726.2 711.9 693.1 662.9 650.9 674.2 743.3 779.9 785.1 779.9 769.8 755.8 762.7 790.5 831.4 871.8 870.5 825.5 775.7 731.3 700.1 710.9 747 764 757.4 728.9 690.3 661.7 645.5 627.3 607.6 591.8 579.4 572.2 572.1 583.2 542.8 540 568.4
569 438.8 431.6 508.7 585.8 470.7 598.3 652.4 639.3 642.7 673.7 590.5 668.1 607.8 534.6 -9999 -9999 -9999 -9999 -9999 -9999 -9999 -9999 662.9 674.3 601.8 591.6 565.9 552.9 640.2 642.8 656.1 648.6 746.3 716.4 786.8 750.6 759.4 787.6 763.1 718.3 705.4 764.4 813.4 832.5 837.1 875.7 904.4 876.5 862.7 869.1 883.4 897.2 895.8 867.6 810.3 753.2 720.7 715.4 722.1 725.6 715.3 692.2 664.4 640.6 619.3 588.8 550.7 521.6 513 508.8 490.2 462.5 533.9 539.7 551.2
552.2 686.8 692.4 585.3 611.8 707.5 603 626.3 734.1 690.1 668.3 662.7 646 603.6 567.7 575.3 582.3 -9999 -9999 621.8 626.2 -9999 -9999 -9999 598.8 -9999 642.1 651.8 640.9 612 -9999 721.5 -9999 -9999 -9999 -9999 -9999 -9999 672.9 652.7 679.2 694.1 728.4 792.8 868.2 867.3 898.6 938.3 953.9 934.5 911.3 885.7 855.1 828 784.1 734.8 697.7 664.5 655 671.1 685.3 680.9 664.6 645 629.3 616.9 597 556.7 517.9 515.8 522.1 518.6 517.1 522.5 508.8 444.8
767.3 674.1 660.6 666 547.5 579.2 589 671.9 792.6 692.7 707.5 637.1 654.5 598.3 609.2 617.7 566.7 604.6 -9999 -9999 -9999 -9999 -9999 -9999 -9999 -9999 -9999 -9999 -9999 -9999 -9999 -9999 -9999 -9999 -9999 -9999 -9999 709.6 665.7 634.4 665.6 672 687.5 722.6 777.5 867.1 969.3 1036.1 1001.1 974.9 910.8 826.5 781.3 755.6 728.9 700.7 644.8 611.4 573.2 586.4 599.4 603.5 606 608.3 612 617 617 608.7 605.6 612.7 623.5 620.9 603 599.6 619.2 664.9
809.8 701.7 739.1 709.1 635.5 635.3 605.4 588.1 641.4 728.2 611.9 583.4 580 661.8 559.5 541.9 509.1 -9999 -9999 -9999 -9999 -9999 -9999 -9999 -9999 -9999 -9999 658.5 708.6 761.6 759.5 757.7 656.8 664.6 658.7 693.5 711.7 771.5 734.4 723.5 714.3 666 636.6 686.6 787.2 872.9 916.5 931.2 937.7 930.1 857.6 757.6 750.2 768.4 759.3 754.6 722.5 653 600.4 578.7 575.9 587.5 596.9 591.2 580.1 606.3 635 654.4 667.8 674 669.8 668.1 669.8 673.5 688.9 713.9
-9999 -9999 698.7 857.5 776.4 612.4 516.4 510.5 653.9 635.3 699 574.5 601.5 565.4 503.4 -9999 -9999 -9999 -9999 -9999 -9999 -9999 -9999 -9999 -9999 -9999 -9999 -9999 1804.9 900.2 775.4 744.4 731.6 677.9 655.6 677 689.5 758.5 766 732.7 696.1 627.8 592.5 681.7 806.3 889.8 861.3 840.3 849.7 859.9 842.1 832.6 819.9 837 871.6 811.1 745.8 696.9 642.5 612.8 612.6 643.2 678.2 675.5 653 657.7 669.9 682.4 721.3 735 729.2 725.9 710.1 693.1 691.8 712
-9999 -9999 -9999 840.1 669.8 667.6 546.2 590.1 490.6 480.7 493.2 476.1 509.9 -9999 -9999 -9999 -9999 -9999 -9999 -9999 -9999 -9999 -9999 -9999 572.3 -9999 -9999 -9999 -9999 663.7 647.3 634.2 681.9 609.4 642.6 646.9 706.1 840.5 917.6 764 690.6 632.2 607.1 690.2 836.9 876.4 868.7 786.1 763 780.5 795 797.2 772.4 758.1 766.8 762.9 758.2 756.3 732.9 710.2 707.2 714.5 725.4 715.3 691 683.1 681 685 705.5 731.9 755.5 760.1 725.9 670.3 646.7 676.6
-9999 -9999 -9999 -9999 978.7 940.6 894.9 803.8 503.5 585.9 554.2 490.1 449.1 -9999 -9999 -9999 -9999 535.5 -9999 -9999 -9999 -9999 -9999 -9999 -9999 -9999 -9999 -9999 -9999 658 697.6 714.6 707.5 660 646.5 631.8 603.7 620.4 681.3 667.9 659.8 654.1 649.2 690.6 745.7 776.9 819.6 771.9 728.4 703.2 747.1 812.2 722.9 622.6 669.1 701.2 725.2 732.2 743.6 742.9 723.1 818.2 792.2 743.4 711.1 677.9 656.8 667 682.6 711.1 749.4 779.6 717.5 642.8 649.1 686.5
707.7 -9999 -9999 -9999 1083.2 1098.4 914.9 808.1 725.8 678.2 623.8 482 438.6 -9999 -9999 -9999 509.2 -9999 -9999 -9999 -9999 -9999 -9999 683.8 664.2 633.4 -9999 -9999 -9999 661.5 682.2 775 713.2 590.1 633.2 618.5 647.2 688.3 697.1 679.6 666.8 679.9 698.5 668.5 665.9 701.2 711.5 709.8 686.3 678.9 701.4 719.5 705.4 687.1 672.7 664.8 721.1 720.9 721.1 722.2 722.5 725.4 729.3 722.3 701.2 624.7 578.5 608.8 628 663.8 688.6 683.2 670.4 658.5 659.3 705.4
703 -9999 -9999 -9999 -9999 901.1 1172.3 861.3 707.1 606.7 567.9 492.5 389.1 396.5 -9999 -9999 -9999 -9999 -9999 -9999 -9999 -9999 781.6 870.4 694.6 651.1 627 626.6 647.5 679.2 709.3 706.3 739.3 675.2 653.2 660.9 717.4 764.4 739.1 673.6 627.1 624 632.2 628.3 573.2 584.5 631.7 626.6 622.8 630.2 662.8 706.5 705.4 730 752.7 737.7 715.4 712.6 663.7 637.8 683.9 712.2 712.5 692.6 652.5 605.3 568.9 572.6 596 597.1 615.8 619.3 620.4 635.1 683.7 813.2
677.9 662.3 -9999 -9999 -9999 -9999 1036.3 876.4 622.8 681.2 645.3 594.2 -9999 -9999 -9999 -9999 -9999 -9999 -9999 -9999 -9999 -9999 841.2 833.2 825.7 758.1 697.6 672.5 672.4 688.9 672.8 645.6 648.2 642.6 629.4 632.1 705.9 879.9 800.3 631.9 574.7 590.1 606.8 622.1 613.8 615.6 604.9 573 531.3 589.5 653.6 707.3 739.1 779.7 739.2 707.3 704.8 705.5 603.4 646.2 698 663 667.6 656.5 622.2 593.1 586.6 576.4 574 557.9 549.5 549.6 551.3 544.7 552.5 622.3
-9999 -9999 -9999 417 656.6 -9999 666.3 688.3 -9999 -9999 -9999 -9999 -9999 -9999 -9999 -9999 -9999 -9999 -9999 -9999 -9999 -9999 885.1 950.3 922.5 844.3 740.4 694 702.2 684.2 667.8 653.3 677.6 630.3 594.4 544.3 559.2 623.6 630.4 620.1 605.8 587.2 591.7 605.3 620.4 643.5 637.8 602.2 589.7 618.7 673.6 733.1 743.3 739.7 689 662.2 686.5 730.8 672.4 658.8 653.9 637.6 629.1 648.6 631.8 568.9 536.7 516.1 509.5 494.5 473.1 468.9 482.5 495.8 512.7 528.8
633.4 506.3 -9999 379 544.8 -9999 -9999 -9999 -9999 560 -9999 -9999 -9999 -9999 -9999 -9999 -9999 -9999 -9999 -9999 -9999 -9999 -9999 859 810.2 755.3 699.6 631.3 629.8 618.4 653.9 638.3 590.5 604 574.9 578.9 605.1 623.7 613.2 604.6 588.9 562 575 593.3 606.7 612.1 586.3 555 575.5 588.8 642.9 700.9 703.3 683.9 629.9 597.4 575.2 554.5 557.4 555.5 567.7 577.4 566.3 536.8 498.6 506.9 477.6 444.9 449.7 447.3 457.8 454.5 447 458.2 484.3 498.1
-9999 -9999 514.6 593.7 -9999 -9999 -9999 -9999 -9999 -9999 -9999 -9999 -9999 -9999 -9999 484 392.3 -9999 -9999 -9999 798.2 828.2 756.5 709.2 677.7 615.7 572.7 577.7 627.8 679 733.4 682.4 631.5 609.3 581.3 594.6 637.9 676.1 603.4 548.1 546 537.2 547.3 569.5 587 585.9 583.1 595.6 602.7 599.4 593.6 588.6 567 571.7 536.4 520.3 523.4 514.6 495.9 467.6 476.1 491.3 504.9 512.5 501.1 482.4 465.9 470.7 482.7 534.7 512.6 477.6 443.9 433.7 480 497.3
749.1 730.7 -9999 -9999 634.1 713.1 -9999 -9999 -9999 -9999 -9999 -9999 449.1 465.2 607 691 443.6 434.7 474.2 590.7 635.8 576.6 461.4 469.4 539.8 425.9 500.4 550.3 686.2 748.5 706.8 657.6 615.4 552 564.3 565.8 595.2 605.8 568 519.1 496.7 480 482.1 527.5 565.8 598.8 599.8 617.5 621 585.7 547.3 545.8 537 513.9 488.6 493.8 490.4 496.3 491.9 441.8 444.5 468.2 471.2 470.1 474.3 481.4 487.6 463.3 471.9 494.5 501.4 503.9 519.4 541.4 530.8 533.6
840.5 729 656.5 644.1 630 583.8 542.5 511.6 433.3 366.4 354.9 374.1 427.6 412.8 298.3 235.1 327.3 371.8 391.2 466.5 498.8 452.4 354.1 355.7 443 502.3 518.6 525.5 560.8 684.2 680.1 705.3 646.2 571.7 555.9 526.4 488.4 543.1 550.8 516.2 504.9 513.2 509.1 520 537.4 534.1 554.4 568.1 592.1 643.6 573.6 539.4 520.9 503 498.4 478.4 471.7 433.1 391.2 438.5 479.3 473.8 480 478.3 475.9 476.3 467.1 443.9 460.4 476.9 504.6 511.1 485.3 498.7 496.6 482.5
680.4 652.9 608.7 618.5 590.5 577.4 594.9 520.9 430.9 403 334.3 392.6 481.3 535.3 389.8 273.5 210.4 199.3 276 308.3 261.6 306.3 304.2 314.1 379.1 410.8 411.8 495.3 566.8 611.5 628.3 582.5 562.9 545.1 512.6 502.9 486.3 499.8 530.1 543.5 548.9 547.8 540.8 529.9 517.6 535 547.1 540.1 511.8 517.7 517.1 487.6 495.3 492.4 428.6 432.8 447.9 451.4 446.7 457.3 479.9 501.3 511.6 491.3 485 478.2 471.9 464.8 455.7 430.3 437.6 481.9 490.1 477.7 445.9 424.9
752.1 686.1 537.2 522.3 530.7 516.9 595.8 604.5 566.3 377.7 107.3 194.8 255.2 238.7 247.4 274 308.3 327.9 268.1 219.4 199.5 209.8 250.2 309.8 371.3 409.7 443 495.5 570.3 606.4 652 602.4 583 581.2 552.4 549.2 541.6 552.3 553.1 567.6 566.2 529.9 525.9 523.8 518.7 532.9 553.8 561.4 536.3 514.5 495 459.8 463.3 466.6 442.8 465.8 514.5 529.6 496.3 488 498 516.5 601.4 496.3 491 480.9 474.1 463.3 455.9 472.9 488.5 498.9 510.8 509.3 484.9 438.1
639.7 618.2 512.7 491.4 599.3 550.8 568.9 553.3 595.8 451.1 264.9 218.1 270.2 359.3 276.8 269.1 276 285.4 327.7 404.4 304 251.3 295.3 329.1 413.2 374.6 460.2 483.9 480.9 541.6 565.4 547.7 550 655.9 604.7 588.4 578 563.5 535.8 548.2 548.8 530.6 520.9 515.6 533.1 551.3 546.1 561.7 561.4 546.3 530.8 534.6 570.3 537.6 511.3 514.7 526 533.2 543 515.9 496.4 478.7 464.8 459.2 464.4 467.2 474.3 483.4 458.3 476.7 502.5 494.9 516.8 536.7 601 532.6
1257.2 1180.2 515.7 528.7 602.3 627.9 424.7 419.9 530.1 509.8 394.8 360.2 363 344.7 352.1 293.4 252.9 268.5 149.6 224.9 290.9 339.7 350.8 343.4 363.6 388.9 448.9 491.4 491.2 515.6 525.5 521.3 526.2 553.4 587.2 598.6 547.1 566 579 546.8 471 498.2 493 509.5 531.3 579.1 576.5 577.6 566.3 540.3 524 514.3 480.2 510.3 512.8 527.7 545.7 510.5 495.8 478.6 447.8 425.6 396.6 403.8 430.6 425.5 447 478.5 474.3 491.8 480.2 412.2 412.1 474.8 512.4 562.2
733.4 528.5 541.5 540.7 589.7 695 606.2 641.6 661.7 632.4 568.2 460.8 375.5 405.3 422.6 442.9 458.9 392 304.4 241.2 252.6 265.9 293 297.5 262.1 319.7 396.5 492 518.5 512.7 546.7 546.8 464.5 514.6 563.9 597.6 578.2 581.6 563.6 574.1 583.7 547.2 522.4 527.8 546.2 558.8 484 545.5 596.8 534.7 513.6 510.6 514 501.1 474.8 491 487.9 476.9 457.6 440.9 428.1 427.4 418 431.6 445.8 415.6 410.5 433.9 460.3 467.1 443.9 413.1 411.1 415.4 428.6 430.8
766.7 945.3 554.4 613.1 580.6 661.9 836.6 1003 656.4 642.8 787.1 479.7 517.5 431.6 421.1 476.1 489.4 529 510.6 399.1 285.1 222.8 305.8 373.5 380.1 338 193.2 424.2 541 535.9 524.7 503.3 455 497.6 577.2 630.1 595.1 569 550 534.6 562.8 557.7 524.6 523.6 551.8 528.1 519.2 513.1 486.8 507 498.5 464.7 544.7 560.5 487.1 422.9 431.7 425.5 403.5 401.6 408.9 409.2 396.5 354.4 368.5 433.8 429.9 421 481.4 512.3 463.5 432.5 407.6 397.8 382.9 365
625.5 622.5 789 809.8 807.5 673.9 550.1 469 526.1 422.2 471.6 431.9 752.4 609.7 610.3 496.1 480.8 386.6 355.5 486.8 496.9 458 498 548.8 505.9 495.1 556.3 573.8 614.5 618.9 599.3 587.2 535.9 533.1 557.8 618.4 633.6 698.5 612.3 577 572.9 510 446.9 415.1 471.3 464.7 423.4 423.5 441.9 430.5 398.8 399.5 483.6 500.2 497.4 452.2 436.1 400 375.2 367.8 367.8 378.9 401 407.9 438.2 423 426.7 461.9 483.3 461.6 440.3 428.2 408.8 396.1 374.1 366.3
575.2 651.3 904.8 669.3 763.6 591.1 504.3 558 542 562.7 523.4 584.4 590.8 469.1 464.8 510.1 563 705.6 701 630.1 655 670.8 705.3 622.4 507.6 314.6 618.8 606.2 593.7 640.3 638.6 632.3 614.1 617.7 581.7 652.5 654.8 642.3 629.2 566.1 504.2 473.7 447.3 436.3 431 427.6 381.8 344 359 376 414.8 401.4 392.3 385.8 370.1 313.7 370.6 348.1 333 336.2 336.4 366.7 431.6 398.3 365.1 342.3 392.3 455 432.6 431.8 431.3 410.5 377.9 361.3 344.9 330.2
