datasets/global_precipitation_1950_2017/rasters/precip_1991-total.asc
NCOLS 720 
NROWS 347 
XLLCORNER -180 
YLLCORNER -90 
CELLSIZE 0.5 
NODATA_value -9999 
[rows 306 to 339 of 347, columns 76 to 151 of 720]
-9999 -9999 -9999 -9999 -9999 -9999 -9999 -9999 -9999 -9999 -9999 -9999 -9999 -9999 -9999 -9999 -9999 -9999 -9999 -9999 -9999 -9999 -9999 -9999 -9999 -9999 -9999 -9999 -9999 -9999 -9999 -9999 -9999 -9999 -9999 -9999 -9999 -9999 -9999 -9999 -9999 -9999 -9999 -9999 -9999 -9999 -9999 -9999 -9999 -9999 -9999 -9999 -9999 -9999 -9999 -9999 -9999 -9999 -9999 -9999 -9999 -9999 -9999 -9999 -9999 -9999 -9999 -9999 -9999 -9999 -9999 -9999 -9999 -9999 -9999 -9999
-9999 -9999 -9999 -9999 -9999 -9999 -9999 -9999 -9999 -9999 -9999 -9999 -9999 -9999 -9999 -9999 -9999 -9999 -9999 -9999 -9999 -9999 -9999 -9999 -9999 -9999 -9999 -9999 -9999 -9999 -9999 -9999 -9999 -9999 -9999 -9999 -9999 -9999 -9999 -9999 -9999 -9999 -9999 -9999 -9999 -9999 -9999 -9999 -9999 -9999 -9999 -9999 -9999 -9999 -9999 -9999 -9999 -9999 -9999 -9999 -9999 -9999 -9999 -9999 -9999 -9999 -9999 -9999 -9999 -9999 -9999 -9999 -9999 -9999 -9999 -9999
-9999 -9999 -9999 -9999 -9999 -9999 -9999 -9999 -9999 -9999 -9999 -9999 -9999 -9999 -9999 -9999 -9999 -9999 -9999 -9999 -9999 -9999 -9999 -9999 -9999 -9999 -9999 -9999 -9999 -9999 -9999 -9999 -9999 -9999 -9999 -9999 -9999 -9999 -9999 -9999 -9999 -9999 -9999 -9999 -9999 -9999 -9999 -9999 -9999 -9999 -9999 -9999 -9999 -9999 -9999 -9999 -9999 -9999 -9999 -9999 -9999 -9999 -9999 -9999 -9999 -9999 -9999 -9999 -9999 -9999 -9999 -9999 -9999 -9999 -9999 -9999
-9999 -9999 -9999 -9999 -9999 -9999 -9999 -9999 -9999 -9999 -9999 -9999 -9999 -9999 -9999 -9999 -9999 -9999 -9999 -9999 -9999 -9999 -9999 -9999 -9999 -9999 -9999 -9999 -9999 -9999 -9999 -9999 -9999 -9999 -9999 -9999 -9999 -9999 -9999 -9999 -9999 -9999 -9999 -9999 -9999 -9999 -9999 -9999 -9999 -9999 -9999 -9999 -9999 -9999 -9999 -9999 -9999 -9999 -9999 -9999 -9999 -9999 -9999 -9999 -9999 -9999 -9999 -9999 -9999 -9999 -9999 -9999 -9999 -9999 -9999 -9999
-9999 -9999 -9999 -9999 -9999 -9999 -9999 -9999 -9999 -9999 -9999 -9999 -9999 -9999 -9999 -9999 -9999 -9999 -9999 -9999 -9999 -9999 -9999 -9999 -9999 -9999 -9999 -9999 -9999 -9999 -9999 -9999 -9999 -9999 -9999 -9999 -9999 -9999 -9999 -9999 -9999 -9999 -9999 -9999 -9999 -9999 -9999 -9999 -9999 -9999 -9999 -9999 -9999 -9999 -9999 -9999 -9999 -9999 -9999 -9999 -9999 -9999 -9999 -9999 -9999 -9999 -9999 -9999 -9999 -9999 -9999 -9999 -9999 -9999 -9999 -9999
-9999 -9999 -9999 -9999 -9999 -9999 -9999 -9999 -9999 -9999 -9999 -9999 -9999 -9999 -9999 -9999 -9999 -9999 -9999 -9999 -9999 -9999 -9999 -9999 -9999 -9999 -9999 -9999 -9999 -9999 -9999 -9999 -9999 -9999 -9999 -9999 -9999 -9999 -9999 -9999 -9999 -9999 -9999 -9999 -9999 -9999 -9999 -9999 -9999 -9999 -9999 -9999 -9999 -9999 -9999 -9999 -9999 -9999 -9999 -9999 -9999 -9999 -9999 -9999 -9999 -9999 -9999 -9999 -9999 -9999 -9999 -9999 -9999 -9999 -9999 -9999
-9999 -9999 -9999 -9999 -9999 -9999 -9999 -9999 -9999 -9999 -9999 -9999 -9999 -9999 -9999 -9999 -9999 -9999 -9999 -9999 -9999 -9999 -9999 -9999 -9999 -9999 -9999 -9999 -9999 -9999 -9999 -9999 -9999 -9999 -9999 -9999 -9999 -9999 -9999 -9999 -9999 -9999 -9999 -9999 -9999 -9999 -9999 -9999 -9999 -9999 -9999 -9999 -9999 -9999 -9999 -9999 -9999 -9999 -9999 -9999 -9999 -9999 -9999 -9999 -9999 -9999 -9999 -9999 -9999 -9999 -9999 -9999 -9999 -9999 -9999 -9999
-9999 -9999 -9999 -9999 -9999 -9999 -9999 -9999 -9999 -9999 -9999 -9999 -9999 -9999 -9999 -9999 -9999 -9999 -9999 -9999 -9999 -9999 -9999 -9999 -9999 -9999 -9999 -9999 -9999 -9999 -9999 -9999 -9999 -9999 -9999 -9999 -9999 -9999 -9999 -9999 -9999 -9999 -9999 -9999 -9999 -9999 -9999 -9999 -9999 -9999 -9999 -9999 -9999 -9999 -9999 -9999 -9999 -9999 -9999 -9999 -9999 -9999 -9999 -9999 -9999 -9999 -9999 -9999 -9999 -9999 -9999 -9999 -9999 -9999 -9999 -9999
-9999 -9999 -9999 -9999 -9999 -9999 -9999 -9999 -9999 -9999 -9999 -9999 -9999 -9999 -9999 -9999 -9999 -9999 -9999 -9999 -9999 -9999 -9999 -9999 -9999 -9999 -9999 -9999 -9999 -9999 -9999 427.7 429.1 -9999 -9999 -9999 -9999 -9999 447.3 452.8 -9999 -9999 -9999 -9999 -9999 -9999 -9999 -9999 -9999 -9999 -9999 -9999 -9999 -9999 -9999 -9999 -9999 -9999 -9999 -9999 -9999 -9999 -9999 -9999 -9999 -9999 -9999 -9999 -9999 -9999 -9999 -9999 -9999 -9999 -9999 -9999
-9999 -9999 -9999 -9999 -9999 -9999 -9999 -9999 -9999 -9999 -9999 -9999 -9999 -9999 -9999 -9999 -9999 -9999 -9999 -9999 -9999 -9999 -9999 -9999 -9999 -9999 -9999 -9999 -9999 -9999 -9999 -9999 -9999 -9999 -9999 439.4 443.6 -9999 452.6 458.3 465.1 471.9 478.4 -9999 -9999 -9999 -9999 -9999 -9999 -9999 -9999 -9999 -9999 -9999 558.2 561.3 -9999 -9999 -9999 -9999 577.2 580 -9999 -9999 -9999 -9999 -9999 -9999 -9999 -9999 -9999 -9999 -9999 -9999 -9999 -9999
-9999 -9999 -9999 -9999 -9999 -9999 -9999 -9999 -9999 -9999 -9999 412.1 412.7 413.2 413.8 414.7 -9999 -9999 -9999 -9999 -9999 -9999 -9999 -9999 -9999 -9999 -9999 -9999 424.5 425.3 426.7 -9999 -9999 432.6 434.8 437.3 439.9 443.1 448.2 453.9 458.9 464.1 469.4 475.2 481.9 491.2 500.8 511 516.7 521.3 525.6 529.7 534.2 542.4 548.3 554.9 561.3 567.2 -9999 -9999 -9999 579.6 583.2 588.6 -9999 -9999 -9999 -9999 -9999 -9999 -9999 -9999 -9999 -9999 -9999 -9999
-9999 -9999 -9999 -9999 411.7 411.4 412.1 412 412.2 413.1 413.5 413.9 414.2 414.7 415.2 415.5 415.6 415.7 415.3 415.5 416.2 416.9 417.5 417.9 418.8 417.7 416 414.5 413.2 412.7 413.6 414.4 415.9 418.2 419.6 420.5 422 423.6 424.4 428.7 432.4 436.2 440.5 444.8 451.2 460.4 469.4 479.8 489.8 479 488.3 498.6 509.2 514.2 521 529.8 538.6 547 554.8 541.2 549.1 -9999 569.1 572.7 577.5 581.1 587.8 -9999 -9999 -9999 -9999 -9999 -9999 616.6 617.5 616.2
413.8 414 413.9 414 414 414.1 414.1 413.5 413.5 413.3 412.9 413.1 412.7 413.1 413.1 411.8 410.3 410.1 409.2 407.1 404.9 401.9 402.4 399.2 398.4 396.5 389.1 391.4 387.3 383.3 380 379.2 379 379.2 379.1 377.5 377.5 378 378.9 381.7 382.7 389.3 392.7 396.8 400.5 406.1 413.9 422.8 431.6 438.9 443.8 452 459.5 463.9 468.3 474.9 484.6 494.9 504.6 511.4 515.6 520.2 524.2 528.4 535.2 540.6 551.8 560.2 568.3 573.2 574.7 575.6 576.1 575 576.2 576.9
413.3 413.6 412.9 412.5 411.3 410.8 409.1 407.5 406.1 404.1 403.5 403.1 402.7 401.5 399.2 395.6 391.4 387.3 382.7 379.4 376.9 369.4 371.1 364.9 358.8 353 348.7 345.7 337.3 336.3 331.2 327.2 323.7 322.1 319.8 318.1 317.1 316.9 317.3 318 319.5 321.6 325.4 329 333.2 337.7 342.4 349.3 355.8 363 370.5 379 387.2 392.4 397.8 403.1 408.3 417.5 427.3 434.3 439.7 444.7 451.5 461.9 460.6 475.6 478.9 488.2 496.9 503 505 506.3 507.2 507 509 513.5
400.8 401.5 401.5 395.4 393.9 393.1 393.3 390.2 384.1 383.6 379.3 375.7 371 365.8 361 357.1 352.5 347.1 339.5 333.9 329.4 322 316.2 310.6 305 299 292.5 286.6 281.5 276.3 271.4 267.5 264 261.5 258.8 255.5 252.8 251.3 249.9 249.2 249 249.4 253.3 253.8 256.8 261.2 266 269.3 277.3 279.4 285.7 292.8 299.9 307.1 314.1 321 327.8 334.6 340.7 348.2 356.2 364.9 374 383.1 390.1 395.6 400.7 405.1 409.3 414.9 423.2 431.5 439.2 420.6 423.9 447.8
369.5 370.5 368.5 359.6 360.3 357.6 352.9 347.8 342.3 337.7 332.4 327 321.2 313.1 307.6 300.7 293.8 287.6 281.2 275.2 268.4 262.4 256 249.8 243.7 238.3 232 228 223.9 220.3 215 207.2 203.8 202.3 200.6 193.1 192.1 192 188.3 187 187.5 189.1 190.5 192.4 191.1 191.3 193.6 194.6 196.6 201 206.3 212.6 219.1 225.4 231.3 236.3 242.9 249.9 256.8 263 269 276 281.8 287.8 294.4 301.3 307.5 312.5 316.7 320.7 326.5 332.4 338.8 344.4 348.5 350.6
325.6 322.5 318.4 314 309 303.9 298.5 292.5 287.5 281.2 275.1 268.8 262.4 256 249.8 242.7 236.7 230.4 223.6 221 213.8 208.6 202.8 200.1 196.5 186.6 182.1 177.6 173.5 168.7 163.7 159.8 158.3 155.6 152.9 149.8 147.9 145.5 144 141.4 138 139.2 135.3 131.4 138.8 139.8 139.4 137.5 139.4 140.9 144.4 148.4 153.1 157 160.9 164.5 168.1 172.3 177.5 183.4 186.3 192.5 198.5 203.8 208.8 212.9 217.5 222.3 227.4 232.4 237.6 241.9 246 250.2 254 256.5
273.4 269.6 265.4 261 256.3 249.9 242.7 234.1 225.7 221.7 217.6 213.4 209.4 205.6 202.6 196.6 192.2 187 182.4 177.1 172.7 167.8 163.2 158.5 156.4 151.5 148.8 144.6 141 136.4 132 126.5 121.9 122.8 118.8 113.9 107.5 105.2 104.2 99.7 98.2 92.5 90.5 89.1 87.3 85 87.2 85.4 86.8 88.4 90.5 91.5 94.8 97.1 97.8 98.9 103.2 103.3 107.7 111.8 117.7 121.4 127.3 132.5 136.6 139.9 143.8 146.8 156.8 160.8 158.7 166.3 169.2 171.8 174.8 178.5
215.4 211.4 208.2 204.7 200.9 197.3 193.1 185 176.4 173.8 171.3 168.8 165.2 163.3 158.5 151.8 158.5 146.3 144.8 143 140.5 138.7 136.6 133 128.7 124.8 121.1 117 116.6 111.6 108.4 104.4 98.4 98.5 92.4 87.8 84.2 80.1 76.7 72.3 69.6 65.5 61.9 61.4 56.2 54.2 52.3 49.9 51 49.7 48.8 48.6 47.6 47.7 47.1 48.9 51.1 53.5 56.8 59.9 62.2 64.9 71.6 71.8 76.3 81 84.5 87.9 97 102.4 98.8 103 107.3 111.5 114.3 119.3
164.7 161.5 157.6 155.2 152.2 149.6 147.2 144.8 140.3 139.6 137.7 135.7 134.5 132.6 129 123.4 118 112.9 111.8 109.9 109.3 108.2 106.9 105.2 103.9 102.3 100.7 98.7 97 94.9 91.7 88.6 86.1 83.1 78.9 75.9 72.6 69.1 65.7 62.7 57.7 53.6 48.7 43.6 38.9 33.7 29.4 25.5 22.7 20.6 19.2 17.7 17.1 18.1 18 19 20 21.2 25.2 27 27.5 30.4 32.6 37.3 41.1 41 46.7 49.1 52 55.7 57.8 61.6 65.5 68.5 71.4 73.3
138.3 134.3 130.3 127 123.8 121 118.5 116.2 114 110.3 111.4 110.3 109.1 108 106.9 103.1 99 94.9 91.1 91.9 90.1 89.4 88.7 87.9 87 85.9 85.2 84.1 83.1 82 80.5 79.4 77.6 76.1 74.7 73.2 71.3 69.3 67 64 60.7 55.8 49.2 40.1 29.2 19.6 13.5 11.5 10 9.4 9.2 9 8.9 8.9 9 9.3 10.1 10.5 11.7 13.2 13.9 15.2 16.4 17.7 19.1 20 21.8 25.8 26.9 30 32.1 34.9 37.6 40.1 42.3 44.2
123 118.6 114.6 111.1 107.8 105 102.3 100.1 98.3 94.5 89.8 85.4 87.4 86.4 85.4 84.6 83.9 81 78.2 79 78.1 77.3 76.8 76.1 75.5 74.9 74.2 73.7 72.8 72.1 71.1 69.8 68.3 67.2 66.4 64.6 64 61.6 59.8 56.8 53.7 48.7 42.1 33.4 23.4 14.8 11.7 9 8.1 7.8 7.4 7.6 7.5 7.6 7.7 7.9 8.1 8.3 8.4 8.8 9.7 10.1 11 11.6 12.6 14.3 14.8 15.8 16.7 17.6 18.5 20.2 20.8 23.9 25.6 27.8
109.5 105.6 101.8 98.2 94.8 92.2 89.6 87.2 85 81.9 77.7 73.9 70.3 66.9 77.9 74.6 71.5 68.8 66.1 65.9 65.2 64.9 64 63.5 62.7 61.7 60.5 59.7 58.5 57.7 56.6 55.5 54.4 53.2 51.8 50.1 48.1 46 43.4 40.5 37.2 33.6 29.7 25.6 22.2 17.9 15 13.4 12.2 10.8 9.8 9.3 8.9 8.8 8.4 8.3 8.3 8.2 8.6 8.8 8.4 8.4 8.9 9.5 10.3 11.1 11.7 12.3 13.1 13.8 14.5 15.1 15.9 16.9 17.8 19.3
96 92.3 88.4 84.3 80.5 76.7 73.2 70 66.9 63.9 61.5 62.4 59.2 55.4 53.5 56.2 55.2 54.2 52.9 49.6 48.9 47.9 46.9 45.7 46.1 45.7 45 44.4 43.6 42.8 42.3 41.4 40.5 39.1 37.5 36.1 34.4 32.8 31 29 27.1 24.6 22.3 20 18 16.5 15.2 13.8 12.5 12.1 11.3 10.5 10.6 9.6 9.4 9 8.8 8.5 8.5 8.3 8.4 8.3 8.1 8.4 8.6 9 9.4 10.1 10.8 11.6 12.2 13.1 13.6 14 14.6 15.1
74.8 71.5 67.9 65 62.1 59.6 57.4 55 52.9 51.1 48.9 46.4 44.5 42.8 40.7 39.1 38 36.8 37.9 36.6 35.7 35.1 34.8 33.9 33 32 33 32.3 30 29.4 28.6 29.4 28.3 26.9 25.6 24.3 24.7 21.9 20.9 19.8 18.5 17.7 16.7 15.7 14.7 13.8 13 12 11.6 11 10.7 10.2 9.8 9.2 8.9 8.6 8.4 8.1 8.1 7.8 7.8 8.3 7.7 7.7 7.7 7.7 8 8 8.3 8.7 9 9.1 9.7 10.3 10.7 10.9
55.2 52.7 49.7 47.2 44.8 42.2 40.6 38.5 36.6 35 33.6 32.3 31.3 29.9 29.3 28.4 27.5 26.8 25.9 25.2 24.2 23.1 21.8 24.4 22.1 21.6 20.9 20.4 20.5 20.1 18.9 18.2 17.9 17.3 16.7 16 15.3 15.2 14.2 13.5 13 12.4 11.8 11.3 10.8 10.3 10.1 9.8 9.7 9.4 9.2 8.9 8.5 8.1 7.9 7.8 7.5 7.5 7.4 7.2 7.1 7.1 7.1 7 6.9 6.9 7 7 7.1 7.2 7.9 7.9 7.9 8.5 10.1 7.9
44 41.3 39.1 37 35.2 33.1 31.4 29.9 28.3 27.1 26 25 24 22.9 22 21.3 20.4 19.4 18.6 17.7 16.7 16 15.2 16.4 15.6 14.5 13.9 13.6 13.3 12.7 12.6 11.9 11.4 11.4 10.9 10.3 9.9 9.8 9.3 8.9 8.9 8.7 8.5 8.4 8.4 8.1 8.1 8 7.8 7.6 7.6 7.4 7.2 7.2 6.9 6.8 6.8 6.7 6.6 6.5 6.5 6.5 6.6 6.4 6.3 6.3 6.3 6.3 6.4 6.4 6.6 6.6 6.6 6.4 6.8 6.5
33.8 31.6 30.2 28.5 26.8 25.2 23.7 22.7 21.5 20.3 19.4 18.3 17.2 16.5 15.5 14.7 14.1 13.3 12.7 12.3 11.5 11 10.7 11.2 10.6 9.5 9 8.8 8.6 8.3 8.1 7.9 7.6 7.7 7.5 7.4 7.3 7.1 7 6.9 6.8 6.5 6.6 6.5 6.4 6.3 6.2 6.2 6.2 6 6 6 5.9 5.9 5.9 5.6 5.5 5.5 5.5 5.5 5.5 5.4 5.4 5.4 5.3 5.3 5.3 5.3 5.4 5.4 5.4 5.4 5.3 5.5 5.4 5.4
23.6 20.4 19.2 18 16.9 17.9 14.8 14 13.4 12.6 11.8 11.2 10.8 10.2 10 9.6 9.2 8.8 8.5 8 7.7 7.5 7.3 7.5 7.2 6.8 6.6 6.4 6.3 6.1 6 5.8 5.6 5.5 5.4 5.3 5.1 5 5.1 4.9 4.9 4.8 4.7 4.6 4.6 4.5 4.5 4.5 4.5 4.6 4.4 4.2 4.3 4.3 4.3 4.3 4.3 4.3 4.1 4.1 4.1 4.1 4.2 4.2 4.2 4.2 4.2 4.2 4.2 4.2 4.2 4.1 4.1 4.1 4.1 4.1
15.7 13.6 12.6 11.5 10.6 9.6 9 8.8 8.4 8.1 7.7 7 6.6 6.6 6.5 6.3 6 5.9 5.8 5.5 5.3 5.2 5.4 5.2 5.1 4.9 4.7 4.7 4.6 4.3 4.1 4.1 3.9 3.9 3.7 3.7 3.6 3.6 3.6 3.5 3.4 3.4 3.4 3.3 3.3 3.3 3.3 3.3 3.3 3.3 3.2 3.2 3.2 3.2 3.2 3.1 3.1 3.1 3.1 3.1 3.1 3.2 3.2 3.2 3.2 3.2 3.2 3.2 3.2 3.2 3.2 3.3 3.3 3.3 3.3 3.3
9.7 9.1 8.2 7.6 7.1 6.8 6.6 6.3 6.1 5.9 5.7 5.6 5.2 5 4.9 4.7 4.6 4.5 4.3 4.2 4.1 4 3.8 4 3.8 3.7 3.5 3.4 3.4 3.3 3.2 3.2 3.2 3.1 3.1 3 3 2.9 2.9 2.9 2.8 2.7 2.7 2.6 2.6 2.6 2.6 2.6 2.6 2.6 2.6 2.6 2.6 2.6 2.6 2.6 2.5 2.5 2.5 2.5 2.5 2.5 2.6 2.6 2.6 2.6 2.6 2.6 2.7 2.7 2.7 2.7 2.7 2.7 2.8 2.8
6.8 6.3 5.8 5.6 5.4 5.2 5.2 4.9 4.9 4.7 4.7 4.5 4.3 4.1 4 3.9 3.8 3.6 3.6 3.4 3.4 3.2 3.2 3.3 3.2 3.1 3 3 3 2.9 2.9 2.8 2.8 2.8 2.7 2.7 2.7 2.5 2.5 2.5 2.4 2.4 2.4 2.4 2.4 2.4 2.3 2.3 2.3 2.3 2.3 2.3 2.2 2.2 2.2 2.2 2.2 2.2 2.2 2.2 2.3 2.3 2.3 2.3 2.3 2.3 2.3 2.3 2.3 2.3 2.4 2.3 2.3 2.3 2.3 2.3
4.9 4.9 4.7 4.5 4.5 4.3 4.3 4.1 4.1 3.9 3.7 3.7 3.5 3.4 3.3 3.3 3.2 3.2 3 3 2.9 2.9 2.7 2.7 2.9 2.8 2.7 2.7 2.6 2.6 2.6 2.5 2.5 2.5 2.5 2.4 2.4 2.4 2.4 2.3 2.3 2.3 2.3 2.3 2.2 2.2 2.1 2.1 2.1 2.1 2.1 2.1 2.1 2.1 2.1 2.1 2.1 2.1 2.1 2.1 2.1 2.1 2 2 2 2 2 2 2 2 2.1 2.1 2.1 2.1 2.1 2.1
4 3.9 3.8 3.7 3.6 3.6 3.5 3.4 3.4 3.3 3.1 3.1 3.1 2.9 2.9 2.7 2.8 2.8 2.6 2.6 2.6 2.6 2.5 2.5 2.4 2.4 2.5 2.4 2.3 2.3 2.3 2.3 2.3 2.2 2.2 2.2 2.2 2.1 2.1 2.1 2.1 2.1 2.1 2 2 2 2 2 2 2 1.9 1.9 1.9 1.9 1.9 1.9 1.8 1.8 1.8 1.8 1.8 1.8 1.8 1.8 1.8 1.8 1.8 1.8 1.8 1.8 1.8 1.8 1.8 1.7 1.7 1.8
