datasets/global_precipitation_1950_2017/rasters/precip_2015-total.asc
NCOLS 720 
NROWS 347 
XLLCORNER -180 
YLLCORNER -90 
CELLSIZE 0.5 
NODATA_value -9999 
[rows 68 to 101 of 347, columns 380 to 455 of 720]
617.5 472.9 557.9 527 498.2 531.5 754.7 499.6 469.4 555.7 554.5 482.1 402.6 417.2 421.4 514.2 685.6 722.4 886.3 923.3 1342.3 758.8 610.7 648.2 676.7 664.8 679 636.5 528.1 432.8 418.3 439.4 420.4 412.7 384.2 363.3 367 366.6 469.7 451.7 459 449 451.6 481.5 518.6 551.7 504.3 503.4 515.5 549.1 578.6 569.7 534 508.1 535.7 490.1 467.8 454.1 427.1 386.4 359.1 382.7 392.1 374.7 365.3 353.7 338.4 309.8 289.3 274.8 267.2 241.9 214 211.4 203.5 208.5
570.1 523.3 443.7 589.8 575.2 494.1 843.1 832.9 521.3 558.7 549.1 424.9 433.9 411.2 499.8 570.2 617.2 679.3 790.9 743.2 634.6 577.2 548.1 517 674.4 789.7 1185.4 889 714.2 555.3 475 428 390.4 327 326.9 309.2 338.1 354.3 394.3 436.1 516.6 484.2 479.6 479 504.1 536.2 532.2 570.2 573.4 547.5 610.5 554.3 528.7 526.2 495.7 441 432.6 421.8 390.2 386.9 381.5 382.2 375.9 364.7 344.3 323.3 306.9 290.5 293 253.9 248.3 221.7 195.8 183.5 182.1 186.1
781.6 808.1 738.7 728.2 635.6 668 693 677.3 933 672.6 561.2 620.6 517.9 477.9 482.4 507.4 504.2 612 600.8 555.6 535.6 514.8 447.5 436.4 437.3 550.7 800.5 1207.6 1112.9 1057.5 617.5 437.6 420.7 381.7 418.5 332.8 304.4 369.5 402.3 430.1 419.4 424.1 487 508.6 504.2 504.8 494.1 607.6 609.7 546.2 532.9 556.8 608.4 575.6 519 476.2 472.5 464.8 440.5 425.8 369.1 381.2 373.5 353 348.7 342.3 329.2 301.9 279.7 256.4 232.1 196 180.9 182.9 158.3 156.8
1575.6 1054.4 1119.7 1274.4 1159.1 1636.2 1311.2 1393.2 1007.5 1144.5 1136.1 847.2 475.8 494.6 484.7 545.6 550.8 541.5 549.5 536 502.3 498.6 423.9 455.7 566.4 583 722.8 816.8 827.1 858 663.7 519.1 459.9 353 369.6 422.7 387.2 377 371.6 328.5 358.4 394.9 406.8 442.7 467.1 473.3 475.9 509.6 518.7 496.2 483.9 517.9 551 542.6 529.1 499.3 502 512 502.9 457.6 436.8 414.4 403.5 395.9 390.1 370.5 344.9 315.9 272.3 238.8 225.6 202.5 189.1 180.7 161.5 146.4
1480.3 695.2 1024.1 888.3 1061.1 1136.5 1103.3 855.1 622.9 685.2 1179.5 753.8 550.6 504.6 581.4 681.7 567.2 510.6 559.9 525.3 474.1 477.1 516.9 578.4 684.7 905.4 656.2 642.7 725.5 762 765.8 762.1 480.9 399.1 406.5 392.4 473.8 392.9 383 376.3 383 376 381.4 394.6 411.9 457.2 506.5 477.1 450.6 450.7 454.4 480 523.2 483.5 498 492 495.3 504.7 508.3 516 452.7 433.1 425.3 420.9 401 387 358.3 318.2 308 296.2 265.4 239.2 228 191.5 156 138.2
526.7 470.7 741.2 661.5 510.8 888.2 933.3 897.6 961.5 730.9 931.7 833.2 638.9 570.7 691.4 629.5 597.1 590.1 551.4 529.5 500.1 523.7 543.6 693.8 846.8 899.5 666.2 614.1 606.3 849.4 878.4 731.1 627.4 463.8 347.4 447.9 491.2 397.1 380.2 409.3 450.2 434.5 424.8 399.7 461.4 489.4 431.5 409 400.1 406 411.2 432.6 422.1 -9999 -9999 -9999 -9999 447.6 467.7 484.9 465.4 443.6 431.1 468 442.8 407.7 378.2 372.7 369.5 337.4 284 243.9 210.8 169.7 146.3 137.2
849.7 1028.5 819.8 1286.5 1050.5 1262.2 2161.9 1897.2 1286 1209.9 1041.3 1035.6 1067.2 878.4 745.1 684.2 638.4 611.6 566.5 524.2 460 580.4 508.8 637.2 673.1 625 599.5 541.3 615.9 884.6 550.5 560.6 576 480.9 509.9 489.9 550 493.1 449.6 462 420.5 -9999 -9999 -9999 411.9 390 381.6 378.7 379.4 385.9 -9999 -9999 -9999 -9999 -9999 -9999 -9999 494.7 494.7 485.1 455.2 411.2 397.1 439.8 457.1 430.2 399.3 395.1 406.4 359.3 279.1 240.5 198.6 162.5 145.4 150.9
1002.5 893.2 1654.3 920.4 703.8 752.1 -9999 855.6 1011.2 1332.6 1123.2 1002 950.7 916.4 906.3 810 731.2 648.5 613.6 579.2 503.3 405.2 594.1 529.8 493.5 532.1 679.2 877.8 602.5 828.7 758.5 692.8 684.7 721 674.9 578.2 596.5 532.6 480.8 434.6 -9999 -9999 -9999 -9999 -9999 -9999 329.8 366.5 379.3 357 -9999 -9999 -9999 -9999 -9999 -9999 492.3 508.2 499 471.5 450.2 455.1 441.6 459.4 463.8 448.4 419.2 413.6 412.9 392.2 309.6 240.1 185.2 161.5 164.7 145.9
465.2 393.1 566.9 688.2 -9999 -9999 -9999 684.7 979.7 1510.1 1374.9 1218.5 1130.2 993.1 866.4 803.8 757.7 641.3 719.8 674.7 562.5 559.2 519.1 682.7 733.5 880.6 774.6 789.5 496.4 804.3 948 857.2 667.9 595.1 582.5 575.6 572.7 535 398.6 -9999 -9999 -9999 -9999 -9999 -9999 -9999 346.3 451.8 477.4 462.7 440.6 385 367.1 -9999 413.9 479.7 509.4 561.4 567.8 516.7 482.3 458.2 439.5 500.1 489.8 456.3 425.9 404.7 372 361.2 319.6 252.3 183.3 162.4 165 137
500.6 617 585.3 542.9 -9999 -9999 -9999 -9999 -9999 -9999 1405.6 1098.6 1115.7 954 956.6 814.2 831.1 798.5 814 707.3 614.5 640.1 543.8 548.9 695.5 736.9 729.2 639.3 644.3 703.6 830.5 707.6 633.8 593 487.4 520 492 536.4 -9999 -9999 -9999 -9999 -9999 -9999 -9999 -9999 -9999 560.6 779.9 -9999 -9999 -9999 -9999 -9999 -9999 591.9 612.4 697.6 702.9 704.6 626.6 476.2 438.7 404.9 434 431.5 392.2 359.2 330.8 284.5 270.1 237.9 199.2 174.7 157.6 153.7
1691.9 884.4 859.1 822.8 809.5 -9999 -9999 -9999 -9999 -9999 975.8 1227.7 1246 1137.4 816.6 684.8 909.6 1101.6 892.9 848 758 701.2 669.7 690.8 717.4 633.3 618.3 642.8 688.8 651.1 668.5 707.4 665.1 677.1 652.7 545.9 464.1 -9999 -9999 -9999 -9999 -9999 -9999 -9999 -9999 -9999 -9999 -9999 -9999 -9999 -9999 -9999 -9999 -9999 -9999 -9999 -9999 -9999 1406.3 1011.3 713.9 515.7 429.5 389.2 342.1 300.9 286.4 304.2 252.1 218.5 206.3 183.5 177.8 175.4 174.2 165.8
-9999 914.7 644.4 1301.5 1103.3 1007.9 -9999 -9999 -9999 -9999 -9999 -9999 1057 1249.2 1177.6 1604.7 1258.7 843.9 806 910.4 752.8 738.9 658.5 641.9 697.4 700.3 709.9 665.1 666 521.7 562 670.4 685.8 737 728.3 595.2 513.2 -9999 -9999 -9999 -9999 -9999 -9999 -9999 -9999 -9999 -9999 -9999 -9999 -9999 -9999 -9999 -9999 -9999 -9999 -9999 -9999 -9999 -9999 1283.2 1111 1204.5 715.9 489 426.8 341.3 290.8 257.4 244.5 227 247.8 252.7 238.6 198.5 252.9 274.4
-9999 918.8 711.8 708.9 811.2 1004.4 870.3 786.4 -9999 -9999 -9999 -9999 -9999 -9999 1188.7 1370.1 1632 1262 808.1 802.6 777.3 932.5 689.2 591.5 695.6 873.1 951.9 820.2 680.9 719.5 688.7 700.5 742.8 661.4 591.8 488 -9999 -9999 -9999 -9999 -9999 -9999 -9999 -9999 -9999 -9999 -9999 -9999 -9999 -9999 -9999 -9999 -9999 -9999 -9999 -9999 -9999 -9999 -9999 -9999 -9999 1362.3 1231.2 1353.9 787.3 493.7 568.6 446.4 548.3 486.8 301.4 332.5 326.3 301.7 311.5 326.3
-9999 -9999 623.8 841.1 789.2 819.5 935.3 971.4 -9999 -9999 -9999 -9999 -9999 -9999 -9999 -9999 1888.7 1678.5 1711.4 1167.8 753.5 647.8 690.4 808.2 712.7 750.3 730.2 719.6 789.4 1027.1 1010.9 804 738.2 691.8 523.5 537.3 -9999 -9999 -9999 -9999 -9999 -9999 -9999 -9999 -9999 -9999 -9999 -9999 -9999 -9999 -9999 -9999 -9999 -9999 -9999 -9999 -9999 -9999 -9999 -9999 -9999 -9999 -9999 1460.4 1401.3 972.3 914.9 692.4 814.4 575.5 621.6 419.5 303.4 424.4 366.1 287.5
-9999 -9999 -9999 732.3 724.8 892.9 894.2 981 961.5 -9999 -9999 -9999 -9999 -9999 -9999 -9999 -9999 -9999 1327.4 2104.8 1169.6 621.4 664.4 660.9 653.3 613.8 757.1 775.6 568.1 654.8 714.9 684.7 664.3 618.7 625.5 607.5 -9999 -9999 -9999 -9999 -9999 -9999 -9999 -9999 -9999 -9999 -9999 -9999 -9999 -9999 -9999 -9999 -9999 -9999 -9999 -9999 -9999 -9999 -9999 -9999 -9999 -9999 -9999 1580.5 1400 1080 938.8 638.7 695.4 712.3 613.9 638.4 810 619 369.1 174.5
-9999 -9999 -9999 -9999 731.4 947.9 1108.6 1297 1221.1 979.6 612.4 572.3 -9999 -9999 -9999 -9999 -9999 -9999 -9999 1093.3 917.5 751.5 705.6 577.3 609.8 737.4 662.9 676.5 758.3 1004.3 813.3 760.6 629.3 633.9 580.4 548.8 -9999 -9999 -9999 -9999 -9999 -9999 -9999 -9999 -9999 969.7 936.9 1012 1007.9 793 -9999 -9999 -9999 -9999 -9999 -9999 -9999 -9999 -9999 -9999 -9999 -9999 -9999 2711.7 1862.4 667.1 739.2 728.2 627.7 448.9 660.4 711.8 707.4 796.3 623.4 335.5
-9999 -9999 -9999 -9999 -9999 -9999 -9999 1148 1212.7 1060 850.6 613.7 539 -9999 -9999 -9999 -9999 -9999 -9999 1179.9 1362.4 783.2 724.5 645.7 736.8 807.8 666.7 614.8 778.6 903.8 856.8 805.7 708.1 689.7 550.4 508 558.9 699.9 -9999 -9999 -9999 -9999 -9999 774.4 1043.4 614.9 665 593.3 669 597.3 542.7 609.7 721.8 843.7 -9999 -9999 -9999 -9999 -9999 -9999 -9999 -9999 2294.7 1173.4 1129.4 707.3 621.5 624.6 739.3 701 736.2 735.8 564 304.7 474.2 515.2
-9999 -9999 -9999 -9999 -9999 -9999 -9999 -9999 -9999 1335.3 1209.8 737.9 546.3 554.4 565.8 -9999 -9999 -9999 -9999 1020.6 1074.5 1003.1 605.4 731.1 1029 645.1 553.5 -9999 -9999 723.8 -9999 -9999 743.3 678.5 640 -9999 -9999 -9999 -9999 -9999 1150.8 1026.8 908.8 657 682.7 653.8 596.8 581.5 567.1 508.8 471.2 491 506.1 464 688.3 823.3 1091.1 994.8 822.8 804.5 1366.4 1599.4 1142.9 702.1 616.9 653.6 636.6 680.5 672.2 1314.3 1396.8 929.1 483.1 311.2 267 428
-9999 -9999 -9999 -9999 -9999 -9999 -9999 -9999 -9999 -9999 1019 829 791.8 -9999 -9999 -9999 635.4 -9999 -9999 1236.9 1073.9 1035.4 752.8 729.1 708.2 -9999 -9999 -9999 608.4 -9999 -9999 -9999 -9999 673.4 730.9 626.3 578.7 764.1 933.6 599.3 682.1 712.1 697.4 600.1 535.9 614 542 505.3 537.1 519.7 492.9 482 403.9 393.1 495.6 579 607.6 601.4 503.5 487.9 411.4 551.2 538.7 520.7 510 605.1 468 361.8 384 889.2 702.8 823.8 832.2 450.1 264 244.7
-9999 -9999 -9999 -9999 -9999 -9999 -9999 -9999 -9999 -9999 -9999 -9999 651.6 -9999 -9999 -9999 -9999 -9999 -9999 1145.6 1134.8 892.1 1300.3 916.7 603.9 533.4 -9999 -9999 -9999 -9999 -9999 -9999 584.3 654.2 656.5 684.6 692.4 758.8 805.6 650.2 526 430.9 475.3 432.6 416.2 440.6 454.9 467.5 538.3 598.7 542.9 448.1 407.3 414.6 467.6 539.8 532.5 564.7 503.3 559.5 535.2 538.9 472.3 502.1 510 541.8 502.3 330.1 331.2 432.6 549.6 823.1 643.3 608.7 397.8 254.4
-9999 -9999 -9999 -9999 -9999 -9999 -9999 -9999 -9999 -9999 -9999 -9999 1046.8 1309.4 -9999 -9999 -9999 -9999 -9999 -9999 -9999 1116.1 1083.8 910.9 688.7 602.5 681.1 -9999 -9999 -9999 -9999 -9999 665.6 751.8 695 640.5 652.7 766.2 629.5 693.8 691.1 605.6 555.4 463.6 436.1 439.3 460.3 521.8 488.7 470.5 441.1 426 406.2 426.4 449.5 460.8 529.1 628.1 678.9 765.8 873.1 774.8 638.8 598.3 600.6 543.5 516.4 493.6 385.1 355.9 373.5 489.4 534.5 373 369.2 402.7
-9999 -9999 -9999 -9999 -9999 -9999 -9999 -9999 -9999 -9999 -9999 -9999 1126.6 -9999 -9999 -9999 -9999 -9999 -9999 -9999 -9999 -9999 1060.6 1022.6 749.5 652 -9999 -9999 -9999 -9999 -9999 -9999 -9999 -9999 689.4 576 570.2 645.9 530.8 589.7 657.7 665.6 528.5 482.9 425.2 416.5 435.1 446.9 435.9 411.9 434.1 456.6 612.6 524 452.2 412.6 437.5 411.5 518.7 575.7 695.9 749.1 717.6 734.1 667.9 592.8 534.3 550.5 501.5 426.9 358.9 302.7 266.9 318 339.2 502.6
-9999 -9999 -9999 -9999 -9999 -9999 -9999 -9999 -9999 -9999 954.4 1283.8 1303.3 -9999 -9999 -9999 -9999 -9999 -9999 -9999 -9999 -9999 -9999 688.6 -9999 -9999 505.2 545 582.8 -9999 -9999 -9999 -9999 661.1 741.9 706.4 659.6 637.7 636.3 594.3 609.9 619.7 537.7 467.8 456.3 426.7 405.8 422.1 408.2 414.9 426.7 477.8 583.6 566.8 405.5 414.2 353.7 341.5 494.5 762.4 590.5 545.1 645 776.4 815.4 673.8 496.8 503.5 479.4 461.2 360.6 307.3 239.5 243.3 273.7 309.7
-9999 -9999 -9999 -9999 -9999 675.3 936.4 947.1 1025.9 1005 -9999 -9999 -9999 -9999 -9999 -9999 -9999 -9999 -9999 -9999 -9999 670.3 -9999 770.6 881.6 583.7 -9999 -9999 -9999 -9999 -9999 -9999 -9999 659.3 -9999 676 755.3 771.8 744.8 582.6 489.2 582.3 544.5 518.2 479.6 416.6 367.9 367.1 419.8 472.5 638.9 843 783.7 754.1 652.4 605.3 702.9 495.8 464.8 513.3 504 459.7 461 684.6 706.2 710.2 663 671.6 642.6 372.8 255.1 285.6 247.9 230.2 186.5 209.4
-9999 -9999 -9999 -9999 -9999 -9999 -9999 737.5 610.3 817.8 827 -9999 -9999 -9999 -9999 -9999 -9999 -9999 -9999 -9999 -9999 -9999 -9999 773 817.7 700.8 -9999 -9999 -9999 -9999 -9999 -9999 -9999 -9999 -9999 790 1250.7 1228.4 829.5 659.9 574.1 765.8 880 732.5 572.8 405.7 287.3 362.2 452.9 614.9 727 782.5 940.1 889.5 632 482 454.7 391.4 389.6 464.7 467.5 491.7 315.8 452.1 603.8 713.3 774.4 834.1 735.9 529.3 370.2 268.4 208.7 243.6 230.7 246.8
497.4 489.3 -9999 -9999 -9999 -9999 -9999 -9999 -9999 779.3 -9999 -9999 -9999 -9999 -9999 -9999 -9999 -9999 -9999 -9999 -9999 -9999 -9999 -9999 -9999 -9999 -9999 -9999 -9999 -9999 -9999 -9999 -9999 -9999 -9999 -9999 1206.1 1226.6 950.2 704.7 795.8 -9999 -9999 1084.1 769.7 491.4 343.9 402.6 522 -9999 578.3 -9999 954.6 659.7 490.3 339.6 319.5 300 287.2 384.3 442.1 344.5 184.3 301.6 313.1 999.2 620.5 822.7 609.7 663.5 487.7 283.6 259.7 269.9 299.6 313.8
359.6 -9999 -9999 -9999 -9999 -9999 -9999 -9999 -9999 -9999 -9999 -9999 -9999 -9999 -9999 -9999 -9999 -9999 -9999 -9999 -9999 -9999 -9999 -9999 -9999 -9999 -9999 -9999 -9999 -9999 -9999 -9999 -9999 -9999 -9999 -9999 -9999 -9999 -9999 870.1 -9999 -9999 -9999 -9999 -9999 715.7 500.8 402.2 -9999 -9999 -9999 -9999 1056.8 508.4 351.8 311.5 270.2 223.3 197.4 239.8 239.7 185.8 218.7 279.8 245.6 272.5 222.5 340 571.8 641.5 622.7 531.2 365.7 417.8 416.6 410.3
298.6 339.5 -9999 -9999 -9999 -9999 -9999 -9999 -9999 -9999 -9999 -9999 -9999 -9999 -9999 -9999 -9999 -9999 -9999 -9999 -9999 -9999 -9999 -9999 -9999 -9999 -9999 -9999 -9999 -9999 -9999 -9999 -9999 -9999 -9999 -9999 -9999 -9999 -9999 -9999 -9999 -9999 -9999 -9999 -9999 -9999 -9999 -9999 -9999 -9999 -9999 -9999 812.3 425.4 268 241.7 222.3 160 141.2 147.9 122 110 140.7 203.1 212.6 210.8 217.1 236 256 417.5 561.2 769.8 800.6 515.5 432.2 439.2
275.3 266.5 -9999 -9999 -9999 -9999 -9999 -9999 -9999 -9999 -9999 -9999 -9999 -9999 -9999 -9999 -9999 -9999 -9999 -9999 -9999 -9999 -9999 -9999 -9999 -9999 -9999 862.1 964 948.6 635.1 -9999 430.2 -9999 -9999 -9999 -9999 -9999 -9999 -9999 -9999 -9999 -9999 -9999 -9999 -9999 416.2 291 -9999 -9999 -9999 -9999 895.2 226.9 252.5 210.6 146.6 125.5 126.6 122.7 66.3 51.9 31.8 54.8 99 130.6 142.3 151.4 165.6 283.5 462.7 654.4 670.4 375.8 301.7 335.2
212.7 194.3 221.5 -9999 -9999 -9999 -9999 -9999 -9999 -9999 -9999 -9999 -9999 -9999 -9999 -9999 -9999 -9999 -9999 -9999 -9999 -9999 -9999 -9999 -9999 -9999 -9999 -9999 -9999 -9999 -9999 -9999 -9999 -9999 -9999 -9999 -9999 -9999 -9999 -9999 -9999 -9999 -9999 -9999 -9999 538.9 432.3 -9999 -9999 -9999 -9999 -9999 913.6 446.1 211 131.1 126.1 97.7 96.4 87.7 68.4 51.8 38.9 54.8 84.6 108.9 124.2 138.6 169.3 209.4 313.8 440.1 480.3 408.4 339.3 321.4
-9999 -9999 -9999 -9999 -9999 -9999 -9999 -9999 -9999 -9999 -9999 -9999 -9999 -9999 -9999 -9999 -9999 -9999 -9999 -9999 -9999 -9999 -9999 -9999 -9999 -9999 -9999 -9999 -9999 -9999 -9999 -9999 -9999 -9999 -9999 -9999 -9999 -9999 -9999 -9999 -9999 -9999 -9999 -9999 -9999 -9999 -9999 -9999 -9999 -9999 -9999 1102.1 680.5 181 159.1 112.8 82.7 91 109.1 120.2 115.1 102.5 119 89.8 99.4 106.5 115.8 138.7 164.9 221.5 269 359.6 431.1 449.7 351.1 349.4
157.6 260.8 -9999 -9999 -9999 -9999 -9999 -9999 -9999 -9999 -9999 -9999 -9999 -9999 -9999 -9999 -9999 -9999 -9999 -9999 -9999 -9999 -9999 -9999 -9999 -9999 -9999 -9999 -9999 -9999 -9999 -9999 -9999 -9999 -9999 -9999 -9999 -9999 -9999 -9999 -9999 -9999 -9999 -9999 -9999 -9999 -9999 -9999 -9999 -9999 -9999 1132.3 417.8 154.8 138.1 121.7 95.6 105.9 120.3 129.1 131.6 128.3 125.2 117.7 115.2 104.5 119.8 140.2 162.1 212.4 299.6 372.7 471.6 459.3 408 409.9
166.1 185.8 -9999 -9999 -9999 -9999 -9999 -9999 -9999 -9999 -9999 -9999 -9999 -9999 -9999 -9999 -9999 -9999 -9999 -9999 -9999 -9999 -9999 -9999 -9999 -9999 -9999 -9999 -9999 -9999 -9999 -9999 -9999 -9999 -9999 -9999 -9999 -9999 -9999 -9999 -9999 -9999 -9999 -9999 -9999 -9999 -9999 -9999 -9999 -9999 605.7 592.1 190.7 138.3 182.1 97.9 56.1 90.1 128.3 140.1 139.9 137.4 138.5 133.6 122.6 117.1 130 138.4 135.7 180.7 246.7 312.9 360.5 393.7 426.8 406.5
142.6 160.8 221.7 269.9 321.2 302.7 307.4 341.9 -9999 -9999 -9999 -9999 -9999 -9999 -9999 -9999 -9999 -9999 -9999 -9999 -9999 -9999 604.7 687.7 558.1 -9999 -9999 -9999 -9999 -9999 -9999 -9999 -9999 -9999 -9999 -9999 -9999 -9999 -9999 -9999 -9999 -9999 -9999 -9999 -9999 -9999 -9999 -9999 -9999 -9999 508.9 420.9 267.6 290.8 246.9 106.7 58 94.1 138.5 158.9 156.6 152.3 139.8 115.7 94.3 103.2 121.5 127.4 149.3 153.8 193.9 233.8 256.6 263.4 298.9 317.1
