datasets/global_precipitation_1950_2017/rasters/precip_1974-total.asc
NCOLS 720 
NROWS 347 
XLLCORNER -180 
YLLCORNER -90 
CELLSIZE 0.5 
NODATA_value -9999 
[rows 306 to 339 of 347, columns 380 to 455 of 720]
-9999 -9999 -9999 -9999 -9999 -9999 -9999 -9999 -9999 -9999 -9999 350.2 353.1 -9999 -9999 -9999 -9999 -9999 -9999 -9999 -9999 -9999 -9999 -9999 -9999 -9999 -9999 -9999 -9999 -9999 -9999 -9999 -9999 -9999 -9999 -9999 -9999 -9999 -9999 -9999 -9999 -9999 -9999 -9999 -9999 -9999 407.7 404 400 395.8 392.4 386.7 382.8 378.6 374.8 371.1 -9999 -9999 362.3 360.4 358.3 356.4 355.5 355.8 356.9 359.3 363.8 369.6 377.1 385.1 392.4 397.4 401.6 404.1 405.2 407.3
-9999 -9999 -9999 -9999 -9999 -9999 -9999 -9999 -9999 -9999 -9999 -9999 349.5 -9999 -9999 -9999 -9999 -9999 -9999 -9999 -9999 -9999 -9999 -9999 -9999 -9999 -9999 -9999 -9999 -9999 -9999 -9999 -9999 -9999 -9999 -9999 -9999 -9999 -9999 -9999 -9999 411 410.6 411.7 412.1 410.8 409.2 407.3 404.6 402.3 399.6 396.7 392.3 389.2 386.5 383.4 380.9 375.2 372.9 370.8 370.5 371.2 367.5 372.9 372.7 375.3 381.9 379.6 385.4 395.2 400.7 400.9 412.3 403.5 414 416.5
395.4 389.1 379 295 362.7 367.2 366.8 365.9 363.8 363.8 363.6 360.5 362.4 360.9 360.6 361.1 360.3 360.1 -9999 -9999 -9999 -9999 -9999 347.4 346.9 -9999 -9999 349.2 344.8 -9999 -9999 -9999 -9999 -9999 -9999 363.5 369.5 376.3 383.1 389.9 395.8 400.2 404.1 406.7 408 409.9 411.6 412.3 412.3 405.4 403.9 406.3 401.6 400.8 398 394.3 394 391 400 397 394.9 392.3 394.3 397.3 398.1 400.2 406 407.2 408.7 409.7 413.4 419.7 425.4 431.5 431.6 433.7
446 452.1 457.8 459.4 452.1 439 425.8 414.4 405.1 398.2 392.6 385.5 380.5 376.6 374.8 371.7 368.4 369.6 365.2 362.6 357.8 359 353.7 349.9 350.2 347.6 342.7 339.7 338.4 338.1 338.1 338.5 339 342.3 347.1 350.8 353.2 357.7 363.6 370.9 378.4 385.8 392.4 397.6 400.3 402.4 406.2 410 412.6 404.1 404.6 415.6 414.6 413.3 413.2 415.2 419.3 422.7 422.6 422.1 422.9 425.9 420.3 413.8 418.6 422.1 422.6 422.6 422.9 422.6 425.2 431.1 436.3 441.4 446.3 447.2
459.6 460.4 460.2 458.4 456.9 449.3 441.8 434 433.6 425.4 417.6 409.9 403.4 396.6 391.3 385.5 380 375.7 371.6 380.2 372.9 368 363.2 358.7 356.7 352.4 346.1 342.7 339.2 339.4 337.3 335.6 334.2 334.5 337.5 339.9 341.8 345.9 351 356.1 361.8 367.5 374.4 380.6 382.2 390.8 392.1 396.4 401.5 392.3 397.3 409.1 410.1 410.8 417.7 419.1 424.6 424.8 425 424.3 426.3 429.5 433.2 437.2 434.1 425.6 430.9 428.9 423.8 420.6 422.7 429.8 439.5 438.5 446 447.1
459.5 468.3 467.2 464.7 461.1 455.3 450.6 444.7 438.6 432.5 425.9 419.5 415.8 409.5 400.6 394.6 391.4 405.2 397.8 390.9 381.8 376.7 372.2 367 360.7 355.3 351.2 346.6 342.1 338 334.6 331.5 331.3 328.2 325.9 325.2 327.2 328.6 331.3 334.4 337.6 340.7 345 349.7 351.5 355 363 364.9 367.2 367.2 367.9 379.6 383.5 387.5 394.1 396.4 394.4 395.2 395.7 395.9 397.6 401.3 405 408.8 415.4 417.9 416 417.3 418.3 404 412.9 416.2 420 419.4 421.7 427
464.7 464.1 462.7 460.7 457.8 452.2 449 444.5 439.9 434.5 428.9 423.2 417.1 410.5 404.5 398.6 422.8 414.2 406.7 399.2 391.4 382.3 374.6 367.5 360.4 353.8 347.8 342.6 338.1 332.5 327.7 322.7 316.7 310.7 306.4 304.7 303.6 301.7 302.3 302 302 302.4 302.9 305.4 306.6 308.2 309.7 311.4 313.4 315.1 316.9 319.5 325.1 327.3 329.7 332.2 334.5 336.7 333.9 335.2 336.9 339 345.9 347.8 349.7 352.8 358.4 358.6 361.7 364.1 366.8 369.5 366.8 365 371.8 377.8
457.9 456.5 454.7 452.5 450.2 447.2 443.1 439.2 434.8 430.1 424.9 419.2 413.7 407.5 401.1 394.4 422 413.1 404.5 395.9 387.4 379.3 371.1 362.4 353.8 344.6 336.7 329.1 322.1 315.9 308.5 300.2 291.5 282.5 273.6 266.8 263.2 260.8 259.5 259.2 259.5 256 253.6 255.9 254.5 250.6 248.7 248 247.9 248 248.5 249.5 250.2 251.4 252.3 252.7 253.9 254.7 257 258.4 260.3 262.5 265.5 268.6 272.1 274.7 276.3 277.2 278.3 279.3 282.2 287.1 293.3 292 295.3 294.4
450.9 449.6 447 444.4 441.5 438.2 434.3 429.9 425.3 420.1 414.2 408.3 402 396.2 390.1 381.9 412.4 402.5 392.2 382.4 372.5 368.9 357.7 346.3 334.8 323.9 313.4 303.7 294.8 286.3 278.2 267.4 256 244.2 232.1 221 214.2 209.8 206.5 204 202.4 201.5 201.4 198.9 191.9 192.9 178.3 172.9 180.5 170.1 169.4 165 161.5 159.3 157.9 159.2 163.2 167.8 171.5 175.6 177 175.3 174.6 174.1 174 175.7 179.2 182.8 187 190.5 192.5 192.8 194.2 195.4 202.5 200.5
442.2 439.7 436 433.5 429.6 424.9 420.3 415.7 411 402.4 399.3 391.9 384.3 376.2 369 398.7 388 381.2 370 358 353.4 340.9 327.8 314.9 302.5 291.4 279.5 267.5 256.4 245.8 236.2 227 214.6 201.5 187.5 177.9 171.7 166.7 162.9 159 150.1 144.7 143.3 142.5 138.4 130.3 123.6 133.7 119 121.5 120.5 116.8 113.2 110.1 107.2 108.1 111.9 115.8 119.5 123.2 124.1 122.9 121.8 120.6 119.7 120.9 124.1 127.3 130.1 132.8 133.4 132.4 131.4 130.2 129.1 129.8
427.9 424 420.5 413.9 412.4 406.2 400.2 393.5 387.1 381.2 373.1 365 356.4 347.1 337.5 365.8 356.8 347.2 337.3 326.5 314.1 300.6 287.5 275.3 263 251 238.4 225.4 213.3 202.4 191.9 183.4 174.8 164 153.6 145.2 137.5 127.8 118.6 111.7 107.9 105.4 103.5 102.3 101.4 95.2 89.6 86.3 87.5 88.7 87.6 85.1 82.9 81 79.6 80 82.6 84.8 87.2 89.9 90.4 89.2 88.5 87.8 87.2 87.8 90 92.1 93.8 95.5 94.4 93.4 92.2 91.1 91 91
409.9 403.9 398.2 392.6 385.7 378.3 371.6 363 354.2 346.2 337 328.1 318 307.9 299.4 290.8 281.8 303 291.9 279.9 267.9 255.5 243.7 231.7 220.7 209.3 197.8 187.1 177.2 167.3 158.3 148.8 140 132.8 126.2 118.5 109.8 101.9 93.6 87.7 84.1 80.8 79.2 77.6 76.8 74.3 76.2 68.7 68.7 69.6 69.1 67.2 65.4 64.1 62.7 62.7 64.1 65.8 67.3 69 69.2 68.1 67.3 66.2 65.3 65.7 67.2 68.6 70 69.4 68.2 66.8 65.5 64.3 65.5 65.3
379.2 373.2 363.4 355.7 347.3 339.8 332 323.1 312.9 303.3 293.9 285.3 275.4 267.1 257.6 247.8 238.4 229.4 245 233.8 222.7 212 201.8 192.1 182.5 173.3 164.2 154.6 145.8 137.6 130.5 123.6 117.6 111.9 106.7 100.5 93.4 86.3 79.5 72.7 82.4 79.1 74.1 62.2 61 60.1 57.3 57.3 57.1 57.2 56.5 54.7 53.1 51.9 50.8 50.5 51.2 51.9 52.8 53.6 53.6 52.5 51.6 50.7 49.7 49.7 50.5 51.4 51.3 50 48.8 47.5 50.8 47.1 47.4 47.1
336.8 329.2 321.7 314 301.9 295.6 285.8 276.8 268.2 259.3 249.6 240.6 231.8 222.4 213.4 203.7 194.6 185.7 200.7 192 182.9 174.4 166.2 158.1 149.7 141.8 135 128.2 122.2 116.5 110.4 105.8 98.7 94.1 89.7 85.8 80.3 74.3 68.4 63.2 59.8 57.2 54.9 52.7 51.1 49.4 48.6 47.5 47.4 47.5 46.8 45.2 43.8 42.8 41.9 41.3 41.4 41.6 41.9 42.1 41.7 40.8 39.9 38.9 38 37.8 38.1 38 37 35.8 34.6 38 33.5 33.8 34.2 33.7
289.4 279 270.1 263.3 254.5 244.5 236.1 229.4 220.9 212.3 202.5 194.3 186.7 178.8 171.4 164.5 157.5 150.8 144.9 139.3 140.5 141.8 135.6 129.8 124.3 119.2 114.4 109.4 104.7 100 94.9 89.3 83.5 78.8 74.9 71.3 67.6 63.4 58.7 54.9 51.5 49.2 47 45.1 43.2 41.7 39.9 39.1 38.4 37.4 36.5 35.7 35.2 35.6 34.7 33.9 33.7 32 31.4 30.9 30.3 29.7 29.3 30.1 28.8 28.4 28.5 27.6 26.1 25.2 25.1 24.1 24 22.9 21.8 19.2
237.4 228.4 222 212.9 205.7 197.7 188.9 180.5 172.8 166.9 160.9 153.4 148.1 142.7 139.4 134.9 129 124.9 120.5 115.5 122.9 117.7 112 107.1 105.9 101.2 96.2 90.4 86.9 82.4 78.7 74.3 70 66.9 62.3 57.8 54.2 51.5 49 46.5 43.8 40.9 38.1 36.1 35.8 33.8 33.2 32.5 31.2 30.6 29.8 29 28.2 27.3 26.7 25.8 25.2 24.4 23.9 23.6 23 22.2 21.7 21.1 20.6 19.9 19.5 18.5 17.9 17.7 17 15.9 15 14 13.4 12.7
194 185 176.1 167.7 161.7 152.1 146.7 141.7 136.5 132.8 128.5 123.8 121.1 117.3 113.3 109.1 103.5 100.9 97.9 94.6 90.9 92.9 94.5 89.8 85.8 81.9 78.3 74.2 70.8 66.9 63 60.9 55.9 52.7 49.4 47.1 44.9 42.6 39.9 37.5 35.3 33.5 32.3 31.5 30.3 29.4 28.6 27.5 26.9 25.6 24.2 23 24.1 21.4 20.9 20.3 19.8 19.3 19 18.5 17.5 16.7 15.9 15.8 15 14.6 14 13.5 12.7 12.4 12.2 11.7 11.4 10.9 10.9 10.4
149.9 143.3 137.1 131.6 126.7 122.6 118.1 114.1 110.4 107.8 107.1 100.7 97.7 94.5 91.8 88.8 85.7 82.8 79.6 78.5 75.9 72.7 74.1 75.2 71.6 68.8 63.9 60.8 57.7 54.6 51.4 47.8 45.7 43.6 41.7 39.6 37.7 35.8 34 32.3 30.5 29.1 28.4 27.1 26.4 25.4 24.4 23.1 22.6 21.5 20.5 20.2 18.8 18.4 17.7 17 16.2 15.6 15.8 14.7 14.4 14 13.2 12.8 12.5 12.2 12 11.7 11.5 11.3 11.1 10.8 10.4 10.2 9.8 9.6
116.6 113.7 111.1 108.7 106.2 104 100.6 96.7 93.3 90.1 86.9 84.4 82.2 80 78.1 75.7 72.6 70.4 69 66.8 64.1 60.9 57.8 61.1 58.2 55.4 52 49.4 47.6 44.9 42.4 39.9 38.3 36.2 35.2 33 31.4 29.8 28.1 26.7 25.9 25 24.1 22.9 22.6 21.7 20.4 19.6 18.8 18.2 17.4 16.8 16.3 15.8 15.3 14.9 14.5 14 13.6 13.6 13.1 12.6 12.3 12 11.8 11.6 11.3 11.1 10.9 10.7 10.4 10.2 9.9 9.7 9.5 9.5
90 88.2 86.4 84.6 82.9 81.2 79.7 78 76.7 75.2 74 72.6 70.2 67.8 65.7 63.4 62.2 59.6 57.1 54.8 52.6 50.4 52.3 49 46.5 44 42.5 40.4 38.2 36.8 35 33.4 31.9 30.5 28.8 27.3 25.8 24.6 23.6 22.8 21.9 21.2 20.5 19.5 18.7 18.1 17.4 16.8 16.3 16 15.6 15.1 14.7 14.4 14.1 13.8 13.4 13.1 12.8 12.6 12.3 12.1 11.9 11.6 11.4 11.2 11 10.7 10.5 10.3 10.2 10 9.9 9.8 9.4 9.3
85.7 83.1 80.7 78.1 65.7 64.2 63 62.1 60.9 59.8 58.8 57.6 56.4 55.4 54.2 53 51.7 50 48.1 46.6 46.7 44.3 42.1 39.8 38.4 35.9 34.7 33.7 32.3 30.9 29.6 28.4 27 25.7 24.2 23.1 22.1 21.2 20.2 19.7 19 18.4 17.8 17.1 16.7 16.2 15.8 15.4 15.1 14.7 14.4 14.1 13.9 13.6 13.3 13.1 12.9 12.6 12.4 12.2 12 11.8 11.6 11.4 11.2 10.9 10.8 10.6 10.4 10.2 10.1 9.9 9.7 9.5 9.3 9.3
61.5 60 58.2 56.8 55.4 53.9 52.3 51.4 50.2 49.3 47.9 46.7 45.9 44.6 43.5 42.5 41.1 40 38.8 37.6 36.5 37 35.1 34.3 33 31.8 30.1 28.7 26.2 25.5 24.5 23.6 22.7 22 21.1 20.2 18.6 18.2 17.8 17.3 16.9 16.6 16.3 15.8 15.4 15.1 14.8 14.5 14.2 13.9 13.8 13.5 13.3 13 12.8 12.5 12.3 12.1 11.9 11.8 11.6 11.4 11.2 11.1 10.9 10.7 10.6 10.3 10.2 10 9.9 9.7 9.6 9.4 9.3 9.3
54.3 52.5 50.9 49.5 48 46.5 45.3 43.9 42.6 41.3 39.8 38.5 37.2 35.9 34.5 33.3 34.4 31.8 31.1 30.4 29.8 29.2 28.4 27.3 26.3 24.9 24.8 23.1 22.4 21.5 20.4 19.5 18.9 18.1 17.8 17.2 16.8 16.4 16.2 15.7 15.3 15.1 14.9 14.6 14.2 14.1 13.9 13.6 13.3 13.2 13 12.8 12.7 12.4 12.2 12.1 11.8 11.6 11.5 11.3 11.2 11 10.9 10.7 10.6 10.4 10.3 10.2 9.9 9.9 9.8 9.5 9.5 9.4 9.3 9.2
43.7 45.9 44.4 43.2 42 35.9 34.8 33.7 32.6 31.6 30.7 30 32.8 32 31.2 30.5 29.9 29 25.7 25.4 24.8 24.3 23.7 22.6 22 21.4 20.9 20.4 18.2 17.7 17.3 16.9 16.7 16.3 16.2 15.8 15.5 15.3 14.9 14.6 14.4 14.2 13.8 13.4 13 13 12.8 12.7 12.5 12.4 12.3 12.1 12 11.8 11.7 11.4 11.4 11.2 11 10.9 10.8 10.6 10.5 10.4 10.3 10.1 10 9.9 9.8 9.6 9.5 9.4 9.3 9 9 8.9
38.6 37.5 36.1 34.6 33.5 32.3 31.1 30.1 29 28.2 27.6 27 26.4 25.6 25.1 24.4 23.9 23.3 22.6 22.3 21 20.6 20.3 18.6 18.2 17.6 17.4 17 16.4 16 15.6 15.4 15.1 14.9 14.7 14.5 14.2 14.1 13.9 13.6 13.5 13.1 12.9 12.8 12.7 12.4 12 11.9 11.8 11.6 11.5 11.4 11.3 11.1 11 10.9 10.7 10.6 10.5 10.3 10.2 10.1 10 9.9 9.8 9.7 9.6 9.5 9.4 9.4 9.1 9 8.9 8.8 8.7 8.6
33.8 32.9 31.7 30.7 29.9 28.9 27.9 27 26.4 25.6 25 24.3 23.8 22.8 22 21.2 20.5 19.8 19.3 18.8 18.4 18 17.5 17.2 16.9 16.3 16 15.7 15.1 14.8 14.6 14.3 14 13.9 13.7 13.6 13.4 13.1 12.9 12.8 12.7 12.3 12.1 12 11.7 11.8 11.4 11.3 11.2 11 10.8 10.6 10.5 10.4 10.3 10.2 10.1 10 10 9.9 9.8 9.7 9.5 9.5 9.3 9.2 9.1 9 8.9 8.8 8.8 8.7 8.7 8.4 8.3 8.3
29.8 28.8 27.9 27 26 26.6 25.5 24.1 23.3 22.2 21.8 21 20.6 20.1 19.6 19 18.9 18.3 17.9 16.7 16.4 16.1 15.7 15.4 15.2 14.8 14.5 14.4 13.8 13.6 13.3 13.1 12.9 12.9 12.7 12.6 12.5 12.3 12 11.9 11.8 11.8 11.5 11.4 11.2 11 10.7 10.7 10.4 10.3 10.1 10.3 9.9 9.8 9.7 9.7 9.6 9.5 9.4 9.3 9.3 9.2 9.1 9 8.8 8.8 8.7 8.6 8.4 8.5 8.3 8.2 8.1 8.1 8 7.9
27.3 26.5 25.2 24.1 23.1 22 21.2 20.8 20 19.4 18.9 18.6 18.2 17.8 17.3 16.9 16.6 16.2 15.8 15.6 15.2 14.8 14.4 14.3 13.8 13.5 13.2 13 12.6 12.4 12.2 12.6 12.4 12.1 12 12 11.8 11.2 11.1 11.1 10.8 10.7 10.6 10.5 10.4 10.2 10.1 9.9 10 9.8 9.7 9.6 9.5 9.4 9.3 9.2 9.1 8.9 8.8 8.8 8.7 8.6 8.6 8.5 8.4 8.4 8.3 8.2 8.2 8.1 8 7.9 7.8 7.8 7.7 7.5
23.6 22.8 22.2 21.7 19.3 19 18.4 18.1 17.7 17.3 17 16.5 16.4 15.8 15.6 15.4 15 14.9 14.6 14.3 14 13.7 13.5 13.3 13 12.8 12.6 12.2 11.9 11.7 11.6 11.3 11.1 11 10.9 10.8 10.6 10.4 10.3 10.2 10.1 10.1 9.9 9.8 9.7 9.6 9.6 9.5 9.1 9.1 9 9 8.9 8.7 8.6 8.5 8.5 8.4 8.4 8.4 8.3 8.2 8 8 8 7.9 7.9 7.7 7.7 7.5 7.5 7.4 7.4 7.3 7.3 7.1
18.5 18 17.6 17.1 16.7 16.3 16 15.8 15.5 15.1 14.7 14.4 14.2 14.1 13.8 13.5 13.4 13.1 13.1 12.5 12.4 12.1 12 12 11.7 11.4 11.2 11.1 11 10.7 10.4 10.4 10.2 10.2 9.8 9.8 9.6 9.6 9.4 9.3 9.1 9.1 8.9 8.9 8.8 9 8.9 8.8 8.4 8.3 8.3 8.1 8.1 8 8 7.9 7.9 7.8 7.7 7.6 7.6 7.5 7.3 7.3 7.2 7.2 7.1 7.1 7 7 6.9 6.9 6.8 6.7 6.7 6.6
16.6 16.3 15.5 15.2 14.7 14.4 14.1 13.7 13.5 12.9 13 12.7 12.6 12.2 12 11.8 11.6 11.3 11.2 11 10.8 10.6 10.5 10.1 10.1 9.8 9.6 9.6 9.3 9.1 9.4 9.3 9.2 8.8 8.7 8.6 8.4 8.4 8.4 8.3 8.3 8 8 7.9 7.9 7.9 7.8 7.8 7.6 7.4 7.4 7.3 7.3 7.2 7.1 6.9 6.9 6.9 6.8 6.8 6.7 6.7 6.7 6.6 6.6 6.6 6.5 6.5 6.4 6.3 6.3 6.2 6.2 6.2 6.1 6.1
13.2 13.1 12.5 12.3 12.1 12.2 11.8 11.7 11.6 11.1 11.1 10.9 10.8 10.6 10.5 10.4 10.1 9.9 9.8 9.8 9.4 9.3 9.1 8.9 8.7 8.6 8.4 8.5 8.4 8.4 8.4 7.9 7.9 7.7 7.7 7.7 7.6 7.5 7.5 7.3 7.3 7.3 7.2 7.1 7 7.1 7 7 7 6.9 6.7 6.6 6.5 6.5 6.4 6.3 6.3 6.3 6.2 6.2 6.2 6 6 6 6 5.9 5.9 5.8 5.8 5.8 5.8 5.7 5.7 5.6 5.6 5.6
11 10.7 10.3 10.2 10.2 10.2 10 9.8 9.7 9.5 9.3 9.2 9.1 9.1 8.9 8.8 8.8 8.6 8.4 8.3 8.2 7.9 7.9 7.8 7.8 7.7 7.6 7.5 7.5 7.4 7.3 7 7 7 6.9 6.9 6.7 6.7 6.6 6.5 6.5 6.4 6.4 6.4 6.4 6.4 6.2 6.3 6.2 6 6 5.9 5.9 5.8 5.8 5.7 5.7 5.5 5.5 5.5 5.5 5.4 5.4 5.4 5.4 5.4 5.3 5.3 5.1 5.1 5.1 5 5 5 5 4.9
9.1 8.8 8.5 8.4 8.4 8.4 8.3 8.1 8 7.9 7.7 7.6 7.6 7.6 7.2 7.2 7.2 7.2 7.2 7.2 7.1 6.8 6.7 6.7 6.7 6.5 6.4 6.4 6.2 6.2 6.1 6 6 6 5.9 5.8 5.7 5.6 5.7 5.7 5.7 5.7 5.6 5.5 5.5 5.4 5.4 5.2 5.1 5.1 5.1 5.1 5 5 5 5 5 4.9 4.9 4.9 4.8 4.8 4.7 4.6 4.6 4.5 4.5 4.5 4.4 4.4 4.4 4.5 4.5 4.5 4.4 4.4
