datasets/global_precipitation_1950_2017/rasters/precip_1950-total.asc
NCOLS 720 
NROWS 347 
XLLCORNER -180 
YLLCORNER -90 
CELLSIZE 0.5 
NODATA_value -9999 
[rows 170 to 203 of 347, columns 228 to 303 of 720]
3095.2 2907.5 3258.2 3007.2 2116.2 1942.5 2094.1 2147.8 2172.7 2451.7 2676.9 2842.2 2921.6 2840.1 2692.6 2610.7 2614.3 2685.7 2623.3 2529.7 2399.3 2199 2226.6 2087.4 2209.2 2288.2 2464.3 2832.2 2691.1 2588.9 2687.7 2634.2 2567.6 -9999 2469.7 2656.5 2511 2660.7 2555.1 2514.2 2827 2498.2 2065.9 -9999 -9999 -9999 -9999 -9999 -9999 -9999 -9999 -9999 -9999 -9999 -9999 -9999 -9999 -9999 -9999 -9999 -9999 -9999 -9999 -9999 -9999 -9999 -9999 -9999 -9999 -9999 -9999 -9999 -9999 -9999 -9999 -9999
3140 4040.2 3876.4 3466.6 2787.8 2506.7 2526.8 2504.4 2618.3 2735.4 2829.6 2902.4 2850.6 2651.8 2692.9 2577.7 2469.5 2596.6 2668.4 2457.4 2345.8 2205.2 2242.7 2235.4 2327.1 2431.3 2513.5 2658.1 2771.9 2915.6 2848.4 2839.1 2607.2 2556.6 2349.8 2492.6 2469.9 2307.7 2343.4 2385.6 2366.3 2188.6 2059.8 -9999 -9999 -9999 -9999 -9999 -9999 -9999 -9999 -9999 -9999 -9999 -9999 -9999 -9999 -9999 -9999 -9999 -9999 -9999 -9999 -9999 -9999 -9999 -9999 -9999 -9999 -9999 -9999 -9999 -9999 -9999 -9999 -9999
3083.8 3576.4 3403.8 3049.4 2613.6 2605.4 2734.3 2783.4 2699.4 2764.6 3051.4 2770.9 2601.4 2708.9 2727.7 2643.8 2484.6 2694.8 2561.7 2551.1 2419.5 2272.8 2419.6 2056.1 2553.5 2542.2 2463.4 2504.1 2639.1 2769.3 2793.1 2701.4 2709.7 2484 2324.3 2271.6 2263.4 2051.8 2134.3 2214 2270.6 2075.8 1947 -9999 1990.1 1903.4 1738.1 -9999 -9999 -9999 -9999 -9999 -9999 -9999 -9999 -9999 -9999 -9999 -9999 -9999 -9999 -9999 -9999 -9999 -9999 -9999 -9999 -9999 -9999 -9999 -9999 -9999 -9999 -9999 -9999 -9999
3111.2 3028.3 2713.9 2613.4 2501.6 2674.6 2984.1 2928.9 2759.2 2573.7 2804.6 2584.6 2294.7 2672.2 2765.2 2741.8 2524.8 2651.5 2511.3 2533.1 2488 2399.5 2309.6 2218.6 2249.6 2278.4 2338.8 2406.9 2436.4 2471.2 2499.6 2497.4 2499.7 2284.7 2151.1 1852.9 1857.1 1811.7 1923 2013 1984.3 1981.3 1661.1 1886.4 2015.5 2131.4 1992.2 1645.1 1074 997.9 1144.7 993.1 1032.7 1142.4 -9999 -9999 -9999 -9999 -9999 -9999 -9999 -9999 -9999 -9999 -9999 -9999 -9999 -9999 -9999 -9999 -9999 -9999 -9999 -9999 -9999 -9999
3181.4 2914.7 2636.1 2480.1 2304.8 2726 2946.6 2949.7 2960.8 2975.7 2788.6 2597.6 2515.1 2780.5 2777.2 2774 2677.6 2845.8 2757.8 2696.1 2657.2 2540 2295.4 2304 2182.5 2105.7 2138.2 2328.2 2361.9 2374.1 2233.3 2155.7 2530.6 2202.3 2055.6 1795.3 1626.8 1591.3 1608.3 1682 1818.1 1750.6 1689.5 1917.7 2009.5 2100.8 2476.8 2146.6 1812.1 1166.5 1212.5 1523.6 584.3 1360.9 1296.5 -9999 -9999 -9999 -9999 -9999 -9999 -9999 -9999 -9999 -9999 -9999 -9999 -9999 -9999 -9999 -9999 -9999 -9999 -9999 -9999 -9999
3088.9 2922.3 2651.2 2572.1 2569.3 2784.5 2879.2 2939 2983.7 3030.5 2891.4 2666.1 2519.3 2660.8 2742.3 2716.2 2763.2 2827 2827 2906.3 2860.7 2649.2 2389.5 2329.3 2217.2 2076.3 2048.1 2160.6 2258 2242.9 2131.6 2086.9 2177.5 2095 1937.3 1829.6 1795 1690.5 1444.8 1477.7 1585.8 1607.8 1679.5 1683.4 1836.9 1949.6 2046.4 1700.6 1395.8 1266.3 1368.1 942.7 887.8 1047.9 1223.4 1148.5 -9999 -9999 -9999 -9999 -9999 -9999 -9999 -9999 -9999 -9999 -9999 -9999 -9999 -9999 -9999 -9999 -9999 -9999 -9999 -9999
2980.4 2945.4 2833.5 2862.4 2892.4 2850 2894.2 2921.2 2912.6 2968.4 2947.8 2836.7 2637.1 2619.1 2764.1 2820.9 2806 2777.8 2858.1 2803.5 2946.9 2704.5 2406.1 2379 2271.2 2135.6 2072.4 2078.1 2106 2031.1 1977.7 1909.7 1812.6 1627.8 1626.4 1884.1 1800.2 1609.4 1361.2 1303 1318.4 1321.6 1563.2 1541.7 1607 1467 1742.7 1623.3 1264.5 861 1031.6 781.5 793.2 909.8 950.9 760.1 810.6 -9999 -9999 -9999 -9999 -9999 -9999 -9999 -9999 -9999 -9999 -9999 -9999 -9999 -9999 -9999 -9999 -9999 -9999 -9999
2967.4 2959.3 2842.2 2868.5 2949.2 2824.4 2769 2670.6 2690.6 2837.5 2913.8 2919.1 2826 2766.9 2780.8 2791.4 2761.4 2709.2 2714.4 2878.4 2962.6 2734.6 2498.6 2457.7 2388.9 2282.7 2244.6 2162.8 2064.9 1937.5 1841.5 1772.7 1716.5 1551.7 1453.6 1586.7 1579 1520.1 1263.7 1069 1162.1 1100.5 1221.3 1381.9 1521.2 1714.5 1701.8 1617 1028.6 875.7 1098.5 715.5 851.8 786 999.2 971 858.9 674.6 613.5 446.2 746.8 -9999 -9999 -9999 -9999 -9999 -9999 -9999 -9999 -9999 -9999 -9999 -9999 -9999 -9999 -9999
3035.9 3044.7 2805.8 2543.6 2670.8 2671.9 2417.1 2291.3 2370 2970.7 2842.3 2868.6 2879.3 2850.5 2797.7 2733.2 2691.9 2680.3 2729.5 2780.5 2765.2 2666.9 2512.9 2482.3 2431.6 2351.1 2294.7 2214.9 2102.9 2017.1 1975.7 1870.2 1762.3 1652.7 1517.4 1474.3 1450.8 1483.4 1214.8 1243.7 1205.9 1047.3 1109.8 1225.8 1358.1 1452.2 1512.7 1408.9 1253.7 960.4 1040.6 587.8 772.1 795.8 833.9 820 710.6 718.9 584.5 350.6 733.3 899.4 -9999 -9999 -9999 -9999 -9999 -9999 -9999 -9999 -9999 -9999 -9999 -9999 -9999 -9999
3136.3 3147.6 3138.3 2502.2 2480.9 2376.9 2164.8 2051.5 2081.3 2530.7 2684 2800.3 2792 2788 2819.3 2753.5 2655.4 2767.7 2776.1 2713.8 2671.1 2634.9 2555.6 2509 2426.1 2358.3 2252.1 2171.1 2082.7 2054 2046 1973.3 1816 1662.1 1610.9 1581.2 1531.4 1442.8 1266.6 1214.5 1212.2 1108.6 1071.7 1154.4 1217.7 1194.3 1230.2 1340.4 1482 1081.1 497.2 688.7 747.1 1007.1 837 784.4 705.2 843.2 739.4 611.3 476.7 1133.2 -9999 -9999 -9999 -9999 -9999 -9999 -9999 -9999 -9999 -9999 -9999 -9999 -9999 -9999
2464.4 2569.2 2540.4 2350.2 2329.3 2248.7 2164.3 2172.9 2404.9 2455 2584.5 2610.9 2557.2 2691.2 2840.4 2828.7 2874.4 2966.7 2949.5 2779.6 2641.2 2604.8 2581.3 2532.8 2455.3 2365.2 2208.4 2108.3 1980.3 2113 2053.4 2009.2 1860.6 1717.3 1669.6 1702 1694.7 1529.2 1340.5 1217 1203 1140 1097.3 1110.5 1062.3 954.7 995.8 919.4 987.9 875.5 710.6 589 913.4 1063.5 827 481.9 712.3 561.7 575.7 319.1 1121.5 1132.8 -9999 -9999 -9999 -9999 -9999 -9999 -9999 -9999 -9999 -9999 -9999 -9999 -9999 -9999
2151.2 1903.8 2271.3 2281.2 2218.4 2165.3 2221.4 2191 2275.5 2461.9 2605.5 2616 2188.4 2625 2757.1 2768.4 3016 3120.5 3018.6 2820.6 2627.4 2587.6 2580.8 2549.5 2458.4 2306 2134.8 2023.3 1964.9 1951 1770.5 1793.2 1809.4 1741.1 1707.5 1705.6 1719.3 1624.8 1435.8 1250.4 1206.1 1104 1003.9 960.6 920.9 912.3 889.9 730 698.7 673.7 539.7 530.3 652.1 880.9 774.3 746.9 766.6 632.6 727.8 282.8 696.2 889.8 -9999 -9999 -9999 -9999 -9999 -9999 -9999 -9999 -9999 -9999 -9999 -9999 -9999 -9999
2142.4 1527 1929.8 2099.2 2105.4 2124.6 2179.9 2183.5 2237.9 2456.5 2682.3 2979.5 2646.4 2645 2735.2 2814.4 2995.3 3073.3 3000.5 2837.5 2667.9 2601.2 2627 2595.5 2473.9 2248.7 2079.4 1974.2 1934.4 1897 1797 1763.4 1771.2 1753 1697.2 1647.8 1625.7 1578.2 1461.6 1286 1219.3 1042.8 944.9 933.9 905.6 878.6 814.9 753.9 697.7 606.4 509.3 588.6 673.5 675.2 729.2 656.9 702.5 573.2 419.3 401.8 671.8 1132.3 -9999 -9999 -9999 -9999 -9999 -9999 -9999 -9999 -9999 -9999 -9999 -9999 -9999 -9999
2063 1792.2 1817 1913.3 2035.9 2039.2 2066.6 2079.6 2147.3 2372.3 2626.5 2760.8 2698.2 2648.1 2722.3 2844.5 2953.9 3009.2 2950.5 2846.3 2771.4 2748.6 2751.8 2719.5 2572.3 2291.6 2048.3 1939.2 1902.2 1850.4 1786 1753 1774.7 1798.3 1657.5 1475 1432.2 1429 1303.6 1246.1 1253.1 1080.6 943.5 962.3 851.1 917 814.2 757 652.8 583.5 610.5 427.6 464.7 530.1 618.9 696.9 718.1 434.9 575.7 514.6 327.9 1748.6 -9999 -9999 -9999 -9999 -9999 -9999 -9999 -9999 -9999 -9999 -9999 -9999 -9999 -9999
1881.8 1756.8 1833.2 1885 1912.8 2003.4 1995.1 2025.5 2126.5 2252.8 2445.4 2534.3 2530.1 2517.2 2596.9 2764 2915.3 2922.3 2866.2 2822.3 2836.2 2878 2878.7 2816.9 2663 2431.2 2122.1 1931.6 1860.9 1793.5 1729.4 1730.9 1748.1 1716.1 1487.4 1110.3 1181 1236.1 1156.3 1149.7 1203.8 1054.4 889.8 835.5 859.1 798.8 843.9 639.1 567.6 492.5 467.9 443.8 445.9 521.4 549.8 534.3 546.2 1053.8 583.1 611.5 947.6 2189.5 -9999 -9999 -9999 -9999 -9999 -9999 -9999 -9999 -9999 -9999 -9999 -9999 -9999 -9999
1658.4 1670.2 1803.2 1904.8 1980.2 2044 2004.7 2026.2 2095.4 2149.6 2213.8 2253.7 2306.6 2343.3 2416 2546.9 2697.5 2754 2754.4 2748 2814.7 2944.9 2985.9 2883.8 2744.2 2532.5 2306 1968 1774.5 1684.3 1713.7 1737.6 1730.3 1666.5 1445.3 1101 1145.2 1214.1 1119.7 1030.4 1190.1 1099.9 1071.6 926.1 810.4 679.4 678 564.5 426.4 375.5 368.4 359 414.2 558.2 574.4 656.7 1159 662.2 943 1113.2 1571.9 -9999 -9999 -9999 -9999 -9999 -9999 -9999 -9999 -9999 -9999 -9999 -9999 -9999 -9999 -9999
1669.9 1639.1 1807.7 1899.4 2013.6 1988.1 1968.3 1961.8 1972.6 2004.5 2017.3 2103.5 2224 2292.2 2362.3 2437.6 2532.4 2606.3 2634.8 2629.5 2710.9 2831.5 2907.3 2842.5 2682.8 2494.3 2231.8 1831.4 1727.8 1753.2 1777.1 1791.3 1800 1772.7 1629.4 1393.4 1242.8 1225.7 1059.7 1073.5 1110.3 1046.6 1059.7 959.9 769.8 584.5 563.6 487.6 411.1 432.6 377.4 250 450.3 498.5 562.4 620 874.9 511.8 681 1226.6 -9999 -9999 -9999 -9999 -9999 -9999 -9999 -9999 -9999 -9999 -9999 -9999 -9999 -9999 -9999 -9999
1698.4 1727.7 1742.2 1952.3 2082.4 2037.9 1957.9 1897.1 1854.4 1840.1 1886.1 2029 2200.3 2255.1 2351.3 2420.7 2463.6 2512.3 2545.9 2558.1 2607.7 2695 2716.8 2705.7 2526.3 2235.5 1926.9 1701.4 1679.5 1697.9 1721.2 1753 1792.3 1802.6 1772.4 1645.3 1424.4 1388.4 1278.4 1105.1 1036.4 1039 944.3 858.5 759.1 569.6 510.5 526.1 564.6 555.9 396 460.7 478.3 503.8 578.1 735 382.7 884.2 846.5 -9999 -9999 -9999 -9999 -9999 -9999 -9999 -9999 -9999 -9999 -9999 -9999 -9999 -9999 -9999 -9999 -9999
1638.5 1672.8 1719.9 1960.8 2161.3 2121.5 2025.2 1921.6 1828.2 1843.7 1852.1 1933.1 2109.4 2277.4 2355.6 2386.5 2414.6 2440.5 2456.1 2475.9 2521.2 2572.3 2609.4 2577.6 2328.5 1990.2 1718.7 1655 1648.9 1664.6 1668.1 1656.9 1691.6 1739.7 1738.4 1614.2 1604.5 1464 1383 980.9 941.3 1008.1 940.3 818.5 770.4 505.7 422.6 450.9 409.2 384.8 420.4 460.5 405.5 315.3 606.2 834.8 1196.9 1154.2 -9999 -9999 -9999 -9999 -9999 -9999 -9999 -9999 -9999 -9999 -9999 -9999 -9999 -9999 -9999 -9999 -9999 -9999
1599.4 1567.5 1681.6 1980.1 2242.1 2240.4 2151.7 2059.8 2014 2003.5 1962.7 1943.9 2052.8 2248.6 2308.5 2306.8 2348.3 2374.2 2363.4 2369.9 2414.1 2450.3 2449.8 2319.7 2053.8 1754.7 1644.9 1621.1 1612 1614.3 1657.1 1597.7 1557.6 1585.1 1566.7 1496.4 1452.2 1367.8 1340.3 1222.3 923.3 951.4 937.9 836.2 637 488.5 421.2 378.2 331.9 516.4 553.3 531.3 388.7 395.3 537.1 769.4 1726.8 1406.7 -9999 -9999 -9999 -9999 -9999 -9999 -9999 -9999 -9999 -9999 -9999 -9999 -9999 -9999 -9999 -9999 -9999 -9999
1636.6 1690.8 1725 1827.9 2011.9 2193.9 2247 2267.1 2270.3 2225.3 2264.3 2167.4 2158.6 2224.7 2222.9 2225.8 2276.4 2301 2274.3 2266.8 2273.7 2297.9 2216.4 1945.3 1746.2 1656.5 1597 1586.1 1581.4 1562 1598.5 1516.9 1483.6 1354.5 1363.8 1366.6 1452.4 1278.7 1279.1 1431.1 1159.1 1024.5 977.2 849.9 754.2 670.6 600 480.9 443.1 563.3 748.7 449.9 597.5 518.5 619.1 678.5 1169.8 -9999 -9999 -9999 -9999 -9999 -9999 -9999 -9999 -9999 -9999 -9999 -9999 -9999 -9999 -9999 -9999 -9999 -9999 -9999
1768.7 1755.7 1755.3 1811.2 1855.4 1924.5 2173.8 2332.2 2375.2 2343.1 2256.2 2198.3 2190.7 2184.2 2164.7 2176.7 2198.3 2208.7 2201.8 2168.9 2121.6 2072.9 1770.2 1680 1641.5 1596.6 1541.4 1535.1 1559.7 1467.3 1430 1421.6 1369.4 1330.1 1210.8 1293 1194.6 1040.6 1391.3 1366.1 1262.1 1047 990 800.6 728.7 453.2 429 515.5 436 625.7 540.9 519 721.5 584.8 885.1 1089.4 -9999 -9999 -9999 -9999 -9999 -9999 -9999 -9999 -9999 -9999 -9999 -9999 -9999 -9999 -9999 -9999 -9999 -9999 -9999 -9999
2020.2 1862.7 1757.6 1884.1 1915.6 1893.6 2026.8 2256.5 2326.4 2230.2 2141.9 2018.5 2076.4 2131.6 2154.4 2168.3 2164.4 2144.8 2101.2 2044 1969.7 1879.4 1701.5 1634.4 1587.6 1539 1482 1429.7 1381.4 1374.2 1350.9 1343.4 1339.3 1332.8 1260.4 1233.6 1123.6 1213.1 1312.9 1332.8 1181.7 1139.1 1068.9 945.3 786.3 554 590.1 634.7 796.6 694.9 479.7 368.6 515.4 884.3 -9999 1524.3 -9999 -9999 -9999 -9999 -9999 -9999 -9999 -9999 -9999 -9999 -9999 -9999 -9999 -9999 -9999 -9999 -9999 -9999 -9999 -9999
2277.6 2026.8 1780.5 1932.9 1938.3 1889.8 1865.6 2079.8 2171.5 2074.9 1971.4 1958.9 2071.1 2118.6 2123.3 2167.4 2143.4 2093.9 2027.8 1964.2 1913.8 1839.9 1720.7 1604.2 1555.1 1498 1449.8 1385.4 1331 1295 1265.3 1372.9 1367.8 1450.2 1366.2 1222.2 1162.4 1120.7 1168.8 1086.5 1233.2 1093.7 1025.8 998.6 827 599.2 691.8 618.4 851.3 703.1 510.6 506.9 865.9 1610.2 -9999 -9999 -9999 -9999 -9999 -9999 -9999 -9999 -9999 -9999 -9999 -9999 -9999 -9999 -9999 -9999 -9999 -9999 -9999 -9999 -9999 -9999
2604.7 2282.9 2007.6 1966.4 1919.1 1837.2 1725.4 1687.5 1991.7 1860.3 1765.1 1763.8 1876.6 2005.7 2128.9 2169.6 2112.4 2068.3 2039.9 1995.5 1900.1 1810.2 1813.9 1603.7 1527.7 1461.9 1397.4 1345.8 1321.4 1270.9 1260.8 1217.9 1350 1445.8 1660.8 1332.2 1323.2 1270.1 932.1 1059.2 1212.3 993.8 1082.1 838 750.2 700.5 478.3 482.9 530.3 704.8 338.1 664.3 1971.8 2097.7 -9999 -9999 -9999 -9999 -9999 -9999 -9999 -9999 -9999 -9999 -9999 -9999 -9999 -9999 -9999 -9999 -9999 -9999 -9999 -9999 -9999 -9999
2276.7 2208.4 2118.2 2088.3 1955.6 1639.7 1381.9 1235 1276.8 1447.5 1472.1 1467.7 1549.9 1704.6 1956 2072.4 2063.8 2062.5 2063.3 1985.6 1814.4 1783.2 1900.8 1698.6 1542.7 1443.3 1369.4 1318.8 1281 1256.7 1225.6 1259.9 1380.2 1451 1510.6 1330.3 1340.2 1174.8 1030 1069.1 1080.9 858.8 731.9 738.8 792.1 851.7 719 527.3 463.5 512.7 400 815.9 1433 1609.2 -9999 -9999 -9999 -9999 -9999 -9999 -9999 -9999 -9999 -9999 -9999 -9999 -9999 -9999 -9999 -9999 -9999 -9999 -9999 -9999 -9999 -9999
1968.3 1988.1 2233.5 2054.8 1703.6 1245.9 1099.9 1089.4 1135.9 1230.6 1278 1287.4 1360.2 1552.3 1716.6 1859 1965.7 1959.4 1929.9 1689.1 1648.9 1747.8 1835.1 1713.6 1619.7 1487.3 1376.4 1290.2 1261.2 1257.8 1318.7 1370.5 1590.7 1493.1 1423 1401.9 1364.8 1244.7 1103.5 1053.7 1020.4 1005.9 799.3 719.6 727.6 766.1 659.3 554.5 588 584.4 632.5 895.6 1213.1 1555.9 -9999 -9999 -9999 -9999 -9999 -9999 -9999 -9999 -9999 -9999 -9999 -9999 -9999 -9999 -9999 -9999 -9999 -9999 -9999 -9999 -9999 -9999
1833 1996.2 2009.7 1820.9 1333.9 1042.1 984.9 1074.2 1112.8 1149.3 1216.4 1254.2 1347.4 1589.9 1634 1708.4 1735.3 1449.5 1457.7 1341 1679.4 1746.1 1744.9 1700.9 1655.8 1523.7 1418.8 1317.7 1261.7 1188.5 1223.2 1300.2 1351.7 1418.5 1450.1 1386.4 1298.9 1352.7 1197 1021.9 961.4 969.8 790.7 677 696.2 725.2 697.6 673.7 698.1 748.7 815.7 690.9 1039.7 1587.8 -9999 -9999 -9999 -9999 -9999 -9999 -9999 -9999 -9999 -9999 -9999 -9999 -9999 -9999 -9999 -9999 -9999 -9999 -9999 -9999 -9999 -9999
2360.8 2655.3 2745.2 2137.2 1105.6 849.6 892.8 1134.5 1130.3 1077.5 1098.8 1196.4 1321.3 1440.8 1526.2 1533.8 1564.2 1513.2 1419.3 1323.8 1638.1 1765.3 1630.2 1658.3 1681.2 1551.3 1448.1 1321.1 1313.4 1270.5 1193.8 1250.3 1358.6 1605.6 1582.4 1546.6 1365.5 1310.7 1205.8 978.5 931.2 909.5 807.1 687.1 730 688.7 761.2 680.3 675 719.7 1138.8 815.2 1086.6 1513.7 -9999 -9999 -9999 -9999 -9999 -9999 -9999 -9999 -9999 -9999 -9999 -9999 -9999 -9999 -9999 -9999 -9999 -9999 -9999 -9999 -9999 -9999
3174.9 3772.5 4000.8 3266.1 1472 935.6 1001.9 1239.5 1150 1001.4 976.8 1095.1 1259.1 1392.2 1434.7 1477.2 1512.1 1535.5 1479.8 1466.8 1553.2 1623.8 1496.8 1567.5 1653.1 1553.8 1279.2 1369.8 1344 1300.4 1293.9 1285.6 1536 1787.1 1642.9 1629.6 1724 1365.2 1277.8 1052 948.6 921.4 914 933.6 792.6 768.9 773 664 617.1 653.1 717.1 757.2 1122.1 1434.1 -9999 -9999 -9999 -9999 -9999 -9999 -9999 -9999 -9999 -9999 -9999 -9999 -9999 -9999 -9999 -9999 -9999 -9999 -9999 -9999 -9999 -9999
2518.5 3407.4 4217.6 2888 1746.8 1175.5 1058.7 1120.3 1118.1 1016.2 995.4 1039.7 1151.5 1313.9 1373.3 1380.6 1360.4 1412.5 1455.1 1465 1516.4 1533 1475.8 1561.2 1565 1518.9 1416.5 1373.3 1388.1 1296 1263.3 1371.5 1584.1 1744.2 1682.9 1702.6 1595.5 1585.4 1580.7 1147.7 1034.4 958 1426.3 1127.9 942.3 775.9 766.8 555.2 480.2 548.1 823.7 1001.2 1260.8 1393.3 -9999 -9999 -9999 -9999 -9999 -9999 -9999 -9999 -9999 -9999 -9999 -9999 -9999 -9999 -9999 -9999 -9999 -9999 -9999 -9999 -9999 -9999
1393.7 2729.6 2541.8 1951.1 1535 1099.7 1048.6 1082.2 1073.2 1037 1037.1 1055.5 1106.2 1209.4 1285.2 1285 1257.3 1263.5 1274.4 1345.5 1442.1 1445.5 1540 1664 1576.8 1583.8 1455.4 1375.3 1353.9 1227.1 1263.6 1363.9 1503 1659.4 1487.4 1618.7 1570 1811.2 2345.9 1331 1175 1084 989.5 1049.1 903.5 891 856.6 573.9 644.5 781.4 860.1 1014.4 1113.1 1295 -9999 -9999 -9999 -9999 -9999 -9999 -9999 -9999 -9999 -9999 -9999 -9999 -9999 -9999 -9999 -9999 -9999 -9999 -9999 -9999 -9999 -9999
510.5 505.6 903 871.1 925 1094 1042.8 1096.7 1030.3 1054.7 1095.4 1126.5 1187.6 1221.2 1184.1 1128.6 1108.8 1102.8 1151.3 1239.7 1375.3 1437.3 1523.6 1606 1560.9 1551.4 1433.9 1358.1 1421.2 1354.2 1298.6 1389.7 1462.9 1444 1455.5 1483.9 1520 1618.5 1536.4 1337.7 1244.5 1159.8 1156.8 1041 1059.6 921.2 839.2 823.6 802.3 849.8 826.1 1076.9 1209 1450.3 -9999 -9999 -9999 -9999 -9999 -9999 -9999 -9999 -9999 -9999 -9999 -9999 -9999 -9999 -9999 -9999 -9999 -9999 -9999 -9999 -9999 -9999
427.4 403 487.8 487.7 574.6 914.2 1021.5 1077.3 1040.3 1098.5 1144.8 1199 1264.1 1213.9 1121.1 1044.3 1023 1014.3 1077.9 1220.1 1366.5 1422.1 1465.8 1496.8 1536.1 1580.6 1545 1542.4 1543.9 1460.2 1367.4 1344.7 1350.7 1376.2 1472.9 1577.6 1499 1500.2 1578.1 1566.2 1441.2 1206 1075.8 1002.2 1253.8 1106.6 777.1 839.3 556.7 732.7 960.7 1045 1225.5 -9999 -9999 -9999 -9999 -9999 -9999 -9999 -9999 -9999 -9999 -9999 -9999 -9999 -9999 -9999 -9999 -9999 -9999 -9999 -9999 -9999 -9999 -9999
