datasets/global_precipitation_1950_2017/rasters/precip_1978-total.asc
NCOLS 720 
NROWS 347 
XLLCORNER -180 
YLLCORNER -90 
CELLSIZE 0.5 
NODATA_value -9999 
[rows 306 to 339 of 347, columns 304 to 379 of 720]
-9999 -9999 -9999 -9999 -9999 -9999 -9999 -9999 -9999 -9999 -9999 -9999 -9999 -9999 -9999 -9999 -9999 -9999 -9999 -9999 -9999 -9999 -9999 -9999 -9999 -9999 -9999 -9999 -9999 -9999 -9999 -9999 -9999 -9999 -9999 -9999 -9999 -9999 -9999 -9999 -9999 -9999 -9999 -9999 -9999 -9999 -9999 -9999 -9999 -9999 -9999 -9999 -9999 -9999 -9999 -9999 -9999 -9999 -9999 -9999 -9999 -9999 -9999 -9999 -9999 -9999 -9999 -9999 -9999 -9999 -9999 -9999 -9999 -9999 -9999 -9999
-9999 -9999 -9999 -9999 -9999 -9999 -9999 -9999 -9999 -9999 -9999 -9999 -9999 -9999 -9999 -9999 -9999 -9999 -9999 -9999 -9999 -9999 -9999 -9999 -9999 -9999 -9999 -9999 -9999 -9999 -9999 -9999 -9999 -9999 -9999 -9999 -9999 -9999 -9999 -9999 -9999 -9999 -9999 -9999 -9999 -9999 -9999 -9999 -9999 -9999 -9999 -9999 -9999 -9999 -9999 -9999 -9999 -9999 -9999 -9999 -9999 -9999 -9999 -9999 -9999 -9999 -9999 -9999 -9999 -9999 -9999 -9999 -9999 -9999 -9999 -9999
-9999 -9999 -9999 -9999 -9999 -9999 -9999 -9999 -9999 -9999 -9999 -9999 -9999 -9999 -9999 -9999 -9999 -9999 -9999 -9999 -9999 -9999 -9999 -9999 -9999 -9999 -9999 -9999 -9999 -9999 -9999 -9999 -9999 -9999 -9999 -9999 -9999 -9999 -9999 -9999 -9999 -9999 -9999 483.2 -9999 -9999 -9999 -9999 -9999 -9999 -9999 -9999 -9999 -9999 -9999 -9999 -9999 -9999 -9999 -9999 -9999 -9999 -9999 -9999 -9999 326.7 317.2 307.3 297.6 289.2 281.4 274 265.4 258 251.2 245.2
-9999 -9999 -9999 -9999 -9999 -9999 -9999 -9999 -9999 -9999 -9999 -9999 -9999 -9999 -9999 -9999 -9999 -9999 -9999 -9999 -9999 -9999 -9999 -9999 -9999 -9999 -9999 -9999 -9999 -9999 -9999 -9999 -9999 -9999 -9999 490.2 492 489.6 -9999 -9999 -9999 482.7 480.6 478.5 -9999 -9999 -9999 -9999 -9999 -9999 -9999 -9999 -9999 -9999 -9999 -9999 -9999 386.5 378 370.9 364.8 358.7 352.1 344.8 336.3 329.3 322.6 315.2 310.1 303.7 300.6 295.6 291.2 287 286.8 288.2
-9999 -9999 -9999 -9999 -9999 -9999 -9999 -9999 -9999 -9999 -9999 -9999 -9999 -9999 -9999 -9999 -9999 -9999 -9999 -9999 -9999 -9999 -9999 -9999 -9999 -9999 -9999 -9999 -9999 -9999 -9999 -9999 -9999 -9999 487.9 489.5 487.7 486.3 484.9 483.3 481.4 479.2 476.9 474 470.4 467.6 463.6 458.5 452.1 445.3 437.8 429.8 422.1 413.6 405.4 396.3 388 380.3 372.4 366 360.7 355.9 352 346.8 340 333.5 327.5 323.1 319.7 316.6 313.9 314.3 309 308.1 307.7 309.8
-9999 -9999 -9999 -9999 -9999 -9999 -9999 -9999 -9999 -9999 -9999 -9999 -9999 -9999 -9999 -9999 -9999 -9999 -9999 -9999 -9999 -9999 -9999 -9999 -9999 -9999 -9999 -9999 -9999 -9999 -9999 -9999 -9999 -9999 484.7 485.8 484.5 482.9 481.4 479.6 478.1 476 470.6 467.9 465.3 460.6 456.4 450.6 444 437.5 429.3 422.3 415.1 406.3 398.5 390.3 384 377.7 371.8 364.7 359.7 355.4 351.1 348.4 344.7 339.2 334.6 332 329.2 327.3 325.4 323.3 320.9 319.3 319.1 319.1
-9999 -9999 -9999 -9999 -9999 -9999 -9999 -9999 -9999 -9999 -9999 -9999 -9999 -9999 -9999 -9999 -9999 -9999 -9999 -9999 -9999 -9999 -9999 -9999 -9999 -9999 -9999 -9999 -9999 -9999 478.9 478.2 478.1 478.4 480.4 479.7 479 477.6 477.5 475.5 473.1 470.1 467.2 463.7 459.4 454.8 449.3 444.4 437.1 429.8 423.4 415.3 408.7 401.4 394.4 388.6 382.6 376.6 371.2 365.8 360.7 357.4 353.1 350.2 347.5 345 340.8 338.4 336.6 334.8 332.4 329.9 327.9 326.2 333.7 333.4
-9999 -9999 -9999 -9999 -9999 -9999 -9999 -9999 -9999 -9999 -9999 -9999 -9999 -9999 -9999 -9999 -9999 -9999 -9999 -9999 -9999 -9999 -9999 -9999 470.3 470.7 471.4 471.3 471.7 471.9 471.9 472.8 472.6 472.3 471.9 471.2 471.1 472.6 470 469.8 469.6 466.1 462.9 460.1 455.3 450.6 445.2 439.9 433.7 426.1 418.6 412.5 403.8 397.9 392.6 387.3 381.4 376.4 371.3 366.6 362.5 358.2 355 351.9 350.1 347.5 345.5 342.7 339.6 336.8 334 331.6 336.9 336.6 336.4 335.9
-9999 -9999 -9999 -9999 -9999 -9999 -9999 -9999 -9999 -9999 -9999 -9999 -9999 -9999 -9999 -9999 -9999 -9999 -9999 -9999 -9999 -9999 -9999 -9999 462.3 462.7 463 463.7 464.3 464.6 465.7 465.7 465.7 465.8 466 465.3 464.6 463.9 462.9 461.9 462.8 461 458.6 455.4 449.9 446.7 443 437.8 429.2 422.9 417.2 409.7 402.8 396.9 392.1 387 381.4 376.6 372.3 368.6 364.7 361.1 357.2 354.7 352.2 349.5 354.9 351.7 350.4 348.3 345.5 343.1 341.9 341.4 340.4 339.6
-9999 -9999 -9999 -9999 -9999 -9999 -9999 -9999 -9999 -9999 -9999 -9999 -9999 -9999 -9999 -9999 -9999 -9999 -9999 -9999 -9999 -9999 -9999 -9999 -9999 453.7 454.6 455 455.6 456.4 457 457.7 457.8 458.1 458 457.8 457.6 458.2 456.6 455.4 453 451.3 449.6 446.4 444.2 440.1 436 431 424.6 418.3 412.6 406.4 401.6 396.5 392.7 388 383.4 379 374.4 370.2 366.1 361.6 358.6 361.9 360.2 357 354.3 352.5 350.8 349.6 349.6 347.6 346.1 344.1 343 341
-9999 -9999 -9999 -9999 -9999 -9999 -9999 -9999 -9999 -9999 -9999 -9999 -9999 -9999 -9999 -9999 -9999 -9999 -9999 -9999 439.2 439.4 439.6 440.1 441.1 441.5 442.8 443.6 444.3 445.9 446.1 446.7 446.8 447.4 447.6 448.7 447 447.2 447.1 445.4 444.1 443.2 443.5 440.2 437.9 431.6 430.5 424.9 419.8 414.5 408.1 403.5 399.4 395.3 390.5 386.8 382.8 378.6 374.9 376 371.4 368.2 365.7 363.3 361.2 358.9 356.4 353.7 352.7 351 349.6 347.6 346.1 343.5 341.3 339.2
-9999 -9999 -9999 -9999 -9999 -9999 -9999 -9999 -9999 -9999 -9999 -9999 -9999 -9999 -9999 -9999 -9999 -9999 424.4 424.2 424.3 424.4 424.7 425.1 425.3 426.1 427.4 427.8 428.5 429.3 433.5 433.9 434 434.1 434 434 433.8 434 433.7 432.2 431.4 430.6 429.8 429.7 428 425 422.1 418.1 413.7 409.1 404.6 401.9 398.3 395 391 389.9 385.8 382 378.6 376.3 373.6 370.6 368.1 365.5 362.7 360.1 357.2 354.5 352.2 349.7 348 345.6 342.6 339.8 335 332.8
-9999 -9999 -9999 -9999 -9999 -9999 -9999 -9999 -9999 400.4 401.8 402.9 403.1 403.3 403.3 403.5 403.7 403.8 404 404.5 405 405.2 405.5 406.3 406.8 407.7 408.6 409.3 409.9 410.8 415.4 415.9 416.7 417.6 418.3 418.9 419.5 416.6 417 416.8 416.9 416.3 414.8 414.7 413.3 411.4 409.4 407.2 404.6 402.1 400.3 398.3 395.2 392.8 390 386.9 384.1 380.9 377.8 375.4 372.1 369.5 366.3 363.2 360.2 356.8 353.7 349.6 344.7 341.6 338.4 334.3 329.5 324.1 318.7 313.1
-9999 357.1 359.9 362.2 363.7 365.5 367 368.2 369.4 371.3 373.3 374.5 375.3 376.4 377.2 377.8 378.8 380 380.5 381.3 382.2 383 383.7 384.8 385.6 386.6 387.6 389.3 390 392.2 393.9 394.8 395.9 397 398.1 398.8 400 400.8 400.9 400.9 399.4 399.5 398.3 398.5 397.7 396.2 394.3 393 391.6 390.5 389.4 387.9 386.2 385 382.8 380.5 377.5 376 372.5 368.9 365.4 361.4 357.7 353.6 348.3 345.5 339.8 334.3 327.9 323.1 316.4 309.3 303.1 297.7 290.3 282.7
326.4 328.9 331.4 334.1 336.7 339.2 341.2 343.4 345.1 346.8 348.5 350.2 351 352.5 353.6 354.5 355.5 356.6 357.6 358.6 359.9 360.7 361.6 362.6 363.5 364.4 364.9 368.2 368.1 369.6 370.7 372 373 374.8 375.7 377 378.3 379.4 379.2 380.5 380.6 381.2 379.6 382 381.4 380.1 378.6 377.7 377 375.5 373.8 372.4 371 369.3 367.2 365 362.1 358.9 355.7 351 346.8 342.9 337.3 331.8 326 318.8 312.3 305.8 299.2 291.5 284.2 276.4 268.1 261.2 253.2 246
306.4 309.1 311.2 313.3 315.6 317 319.4 321.8 323.6 325.3 327 328.9 330 331.5 332.8 334 335.4 336.6 337.4 338.1 339 340.1 340.7 341.7 343.5 343.9 344.6 345.5 349.5 348.6 349.3 350.8 352.1 353.6 354.8 355.1 355 356.6 357.6 358.2 359 360.1 360.3 360.3 360.5 360.3 360.1 359.4 358.8 357.4 356 353.5 350.8 347.7 344.1 340 336.2 331.8 327.2 322.9 317.8 311.3 305.5 298 290.8 283.4 277.5 268.2 259.8 251.4 243.1 238.5 227 218.6 210.6 202.4
290.6 292.9 295 297.9 299.5 301.1 302.8 304.5 306.1 308.1 309.8 311.1 312.2 314.5 314.7 316.1 317.4 318.5 319.7 320.8 322 322.9 324 324.9 325.7 326.2 326.6 326.6 329.4 330.6 331.2 332.3 333.4 334.5 334.3 335.9 336.2 336.7 340.8 338.1 339.1 339.6 340.3 340.5 340.7 339.2 337.8 336.3 334.1 330.9 328.5 328.5 325.2 321.1 316.4 311.4 306 299.9 293.9 287.5 280.7 274.3 269.4 261.6 252.5 244.9 236.5 228 220.9 212.6 204.2 194.2 186.7 180.3 171.7 165.2
281.9 283.7 283 286.2 287.2 288 289.1 290.9 292.4 294 295.6 296.6 297.5 298.1 298.9 302.3 301 301.9 303.2 304.1 305.4 306.4 307.7 308.6 309.5 310.9 311.1 311.3 315.9 316 316.9 315.9 316.8 317 316.7 317.8 318.6 319.2 319.7 320 320.5 320.6 320.5 320.3 319.4 317.9 316 313.1 310.1 306.9 302.7 298.1 293.4 288.2 282.5 276.4 269.9 263.3 256.5 249.6 242.6 234.6 228.5 220.8 214.1 207.7 188.8 179.4 170.4 174.8 166.5 147.7 142.1 136.8 130 125.6
273.2 274.4 272.9 274.5 275.8 277.3 278.5 279.8 280 281.6 283.2 284.5 285.2 285.2 285.8 286.4 287.2 288.3 289.2 290.1 290.8 295.8 296.3 296.4 295 296.2 298.4 298.7 299.4 298.8 299.9 300 306.1 303.2 303.6 303.9 304.1 304.3 304.3 304.2 303.8 302.8 301.8 300.2 298.2 295.6 291.8 287.8 283.2 278.3 272.7 266.3 259.6 252.6 244.7 236.4 234.1 221 213.8 206.8 199.8 192.6 171.8 163.9 157 149.6 143.3 137 131.2 125.8 120.2 110 110.5 96 92.3 88.8
265.1 265.9 264.5 265.3 266.8 267.9 268.6 269.2 269.7 270 273.4 271.9 273.5 275.1 275.2 277.5 278.8 277 278 279.2 280.3 281 281.6 281.6 283.8 284.7 285.7 286.8 287.1 287.5 287.8 290.8 290.6 291 289.9 290.3 290.1 289.8 289.1 288.2 286.7 285 282.7 279.7 276.6 272.8 268.2 263.3 257.3 251.3 243.3 239.4 226.8 218.1 209.1 200.1 191.3 182.2 173.6 165.4 157.3 149.8 142.5 135.6 129.3 122.8 117.1 107.3 96.8 86.6 96.7 72 68.6 65.5 63 60.7
258.5 259.3 256.2 257.1 257.5 258.2 259.1 259.9 260.5 261.1 266.1 266.8 263.3 265.8 266.8 267.6 268.3 268.8 269 271.7 272.3 273 270.7 270.9 272.8 273.1 274.1 274.3 274.5 275.5 275.5 275.4 275 274.8 274.6 277.3 276.7 276 274.5 273.1 271.2 268.8 266.1 262.8 256.5 251.2 245.6 240.6 233.3 225.1 216.7 208.7 199.7 191.1 182.4 173.5 165.2 156.9 149.1 141.6 134.4 127.3 120.8 112.5 102.3 91.9 81.9 94.3 67.6 63.3 58.8 55.4 52.3 49.9 65.6 62.5
249.2 249.8 248.7 249.7 250.6 251.2 252.1 252.7 252.9 253.3 255.5 256.5 255.7 256.4 257 257.9 258.6 258.9 259.5 259.8 260.7 262.6 261.4 261.8 262.2 264.4 263 263 263.2 264.3 264.1 263.6 263.3 262.6 261.8 260.7 259.3 260.7 259.1 256.8 254.6 251.4 247.1 242.4 237.5 231.8 225.1 218.2 210.7 202.9 194.8 186.2 177.5 173.2 165.4 157.9 143.9 135.9 128.6 120.9 114.1 105 101.6 89.4 83.1 77.3 71.8 66.4 61.8 57.5 53.8 50.7 47.8 45.4 43.3 41.2
241 241.8 242.4 243 244.5 245 245.9 246.5 246.7 247.4 248.1 248.4 248.9 249.5 250.8 251.3 250.4 252 252.2 251.9 252.2 252.4 252.2 252.1 252.1 252.2 251.6 251.5 250.9 251.4 250.8 249.9 248.2 246.5 244.8 243.4 241.7 240.6 240.1 237 234.1 229.4 224.3 219 213.3 207.4 201.1 194.7 187.5 180.6 172.9 165.8 157.9 150.5 142.9 135.1 127.7 119.1 113.1 104.2 98.1 91.5 85.9 80.2 74.8 70.2 65.2 60.7 56.5 52.7 49.7 46.9 44 41.5 39.5 37.6
234.4 235 234.3 234.6 235.2 235.5 235.8 236.8 237.2 237.8 238.1 238.3 238.6 238.8 238.5 238.5 238.6 238.8 238.5 238.1 238 237.7 237.2 236.6 235 234.1 233.2 232.3 232 231.6 230.3 228.4 226.6 224.2 220.7 218.6 219.2 216.3 212.4 208.8 204.3 202.5 197.9 192.8 184.8 181.3 175.1 168.7 162.3 155.9 149.5 143.1 136.5 130.2 122.7 115.7 109.2 102.3 96.3 89.4 87 81.1 75.6 67.2 62.3 58.1 54.6 51.3 48.2 45.1 42.1 39.1 36.8 34.8 32.5 30.6
219.2 219.8 220.1 220.4 220.4 220.6 219.7 220.6 219.7 219.5 219.2 219.3 218.8 218.7 218.3 217.6 217.5 216.6 215.8 215.3 213.9 213 212.1 211 209.5 208.4 206.8 204.4 203 202.6 200.6 198.4 196.3 194 190.9 187.6 184.8 182 179.8 177.6 173.8 169.2 165.1 160.8 156.1 151.8 146.7 141.4 136.2 130.9 125 119.4 113.8 107.9 102.5 96.7 91.4 85.6 80.3 74.7 69.3 67.4 62.7 55.7 52 48.6 46.1 43.5 41 38.7 36.6 34.5 32.8 30.7 29.1 27.5
196.8 196.5 196.3 196 196.4 196.1 195.5 195.1 194.2 193.9 193.5 193.1 192.2 191.1 189.7 188.7 188 186.9 185.3 184.2 182.9 181.5 180.3 179 177.4 175.5 173.8 172.1 170.1 169.5 167.4 165.2 162.7 160.3 157.8 155.2 152.3 151.1 148 143.9 140.7 137 133.5 129.8 125.8 122.1 117.7 113.9 109.7 105.3 100.9 96.4 92.6 88.4 83.8 79.7 75.2 71.2 66.9 62.9 58.8 55 51.1 47.8 45.1 42.3 40 37.5 35.4 33.2 33.9 31.9 30.1 26.9 25.6 24.3
169 168.4 168.3 167.7 167 166.5 165.2 164.1 163.7 163.3 162.6 161.8 160.6 159.4 158.5 157.2 155.9 154.6 153.5 151.7 150.4 148.8 147.5 146 144.2 142.8 141 138.9 136.9 136.8 134.7 132.6 130.4 128.4 126 123.5 121.1 119.7 117.1 114.3 111.7 109 105.8 102.9 99.6 95.7 92.8 89.7 86.9 83.5 80.4 76.9 73.5 70.3 66.9 63.6 60.3 57 53.6 51.9 48.9 45.8 43.1 41.2 39.2 37 35.1 33.6 31.5 29.7 28.3 26.7 25.4 24.3 23 21.9
136.6 135.8 135.4 134.8 134.3 133.7 132.9 132.1 131.5 130.4 129.5 128.8 127.1 126.1 125 124.6 123.4 122.4 121.1 120.2 118.9 117.8 116.5 115.2 113.9 112.8 111.1 110 108.3 108.3 106.9 104.9 103 101 99 97 95 92.5 90.2 88 86.4 85.3 82.2 80.1 78 76.1 73.4 71.1 68.4 63.9 61.6 59.8 57.3 55.2 52.9 51.1 48.6 46 43.9 41.9 39.5 37.5 35.8 34 32.5 31 29.4 29 27.6 26.2 24.4 23.5 22.2 21.3 20.6 19.6
103.3 103 102.6 102.3 101.4 101.1 100.3 99.9 99 98.3 97.9 97.4 96.1 95.5 94.6 94.1 93 92.4 91.6 90.2 89.2 88.4 87.2 86.8 85.8 85 83.7 82.7 81.5 81.7 80.4 79 77.7 76.6 75 73.6 72.5 70.9 69.6 67.8 66.1 64 61.9 60 58.7 59 55.4 53.5 52.1 50.6 49.2 47.9 46 40.6 39.6 38.2 36.9 35.5 34.3 33.2 31.9 30.9 29.6 28.6 27.6 26.6 25.7 24.6 23.6 22.5 21.1 20 18.6 17.7 16.8 16.1
73.7 73.4 73.1 72.7 72.2 71.8 71.6 71.1 70.5 70.1 69.7 69.1 68.6 68 67.2 66.8 65.7 65.4 64.8 64.1 63.5 62.3 61.6 60.8 60.2 58.9 58.4 57.1 56.2 56.5 55.7 54.7 54 53.3 52.3 51.3 49.9 48.9 51.8 51 50 48.8 43.7 42.8 41.7 40.9 39.8 38.8 37.5 36.5 35.5 34 33 31.8 30.6 29.5 28.8 27.8 26.9 25.2 24.4 23.7 22.9 22.1 21.7 20.6 19.4 18.7 17.5 16.7 15.7 15.2 14.5 14 13.5 13.1
49.5 49.4 49 48.8 48.6 48 47.7 47 47.8 47.5 46.9 46.6 46.3 45.8 45.5 45 44.6 44.4 43.7 43.3 42.8 42.5 41.7 41.4 41 40.1 39.8 39.2 38.4 39.2 38.5 37.7 37.1 36.4 36 35.2 34.7 31.7 30.7 29.9 29.2 28.6 28 27.3 27.2 26.4 25.6 25.2 24.6 23.9 23.5 22.9 22.4 21.9 21.4 20.7 20.3 20.1 19.5 19 18.3 17.5 16.6 16 16.6 15.7 15.2 14.4 13.9 12.7 12.2 11.9 11.7 11 10.6 10.3
30.6 30.6 30.6 30.3 30 29.8 29.8 29.6 29.3 29 28.9 28.9 28.9 28.5 28.3 27.9 27.7 27.4 27 26.6 26.5 26.4 25.8 25.6 25.5 25.1 24.7 24.6 23.9 24.4 24.2 23.7 23.3 23.2 22.6 22.2 21.8 21.4 21.1 20.7 20.3 19.9 19.6 19.2 18.9 18.7 18.5 18.3 17.7 17.4 17.3 16.9 16.5 16.2 15.5 14.9 14.2 13.9 13.3 14.1 12.4 12.1 11.8 11.6 11.3 10.9 9.4 9.2 8.8 8.5 8.3 8.2 7.8 7.6 7.4 7.2
18.2 18.4 18.6 18.5 18.6 18.6 18.5 18.5 18.5 18.5 18.5 18.4 18.3 18.3 18.1 18 17.7 17.6 17.6 17.5 17.4 17.2 17.1 16.9 16.7 16.6 16.5 16.2 16 16.4 16.3 16 15.6 15.4 15.4 15.3 15.3 15 14.6 14.4 14.2 14.1 13.7 13.5 13.4 13.3 12.9 12.6 12.2 11.8 11.3 11.1 10.8 10.2 9.7 9.4 8.7 9.7 8.4 8.2 8.2 7.9 7.9 7.3 7.3 7.3 7.1 6.8 6.4 6.3 6.3 6.3 6 5.9 5.7 5.6
11.6 11.7 11.7 11.7 11.5 11.5 11.5 11.5 11.5 11.5 12.1 12 12 12 11.8 11.8 11.8 11.7 11.1 11 11 11 11 11 11 10.8 10.7 10.7 10.7 10.7 10.6 10.2 10.2 10.2 10.2 10.2 9.9 9.8 9.4 9.2 9.3 8.7 8.6 8.4 8.3 7.9 8.3 8.1 7.3 7.1 6.8 6.8 6.7 6.6 6.6 6.5 6.6 6.5 6.3 6 5.9 5.9 5.6 5.5 5.5 5.4 5.3 5.2 5.1 5 4.8 4.8 4.6 4.5 4.5 4.4
