datasets/global_precipitation_1950_2017/rasters/precip_1951-total.asc
NCOLS 720 
NROWS 347 
XLLCORNER -180 
YLLCORNER -90 
CELLSIZE 0.5 
NODATA_value -9999 
[rows 306 to 339 of 347, columns 532 to 607 of 720]
370.5 391.9 411.8 429.1 444.9 462 481.3 502.5 524.5 544.1 563.9 582 597.5 610.1 619.4 626.1 630.5 635.5 637.8 636.3 636.2 635.5 633.3 630.2 625.8 621.3 615.5 610.2 604.8 599.3 595.9 595.3 592.9 587.4 576.3 570 565.8 558.5 552.6 551.1 544.3 541.6 539.7 538.4 538.3 538.7 540 542.3 541.5 545.3 551.4 555.4 561.9 568.3 572.7 583.5 585.4 593.5 606.6 613 620.1 627.4 635.2 643.1 650.6 658.2 665 671.4 677.6 684.3 691.7 693.5 698.8 703.9 709.5 714.6
337.8 349.1 370.3 389.7 407.6 425.7 443 465 485.9 508.7 529.6 548.9 566.1 580.9 592.5 603.7 613.6 621.5 625.8 627.6 627.4 628.1 627 625 622.5 619.3 615.1 610.2 607.9 607.9 610.3 609.3 604 590.7 584.6 578.1 569.9 560.3 555.1 553.6 552.5 548.8 544.8 543 543.8 545.3 547.6 550.3 551.7 553.1 557.9 557.5 564.2 570.6 576.4 581.3 586.9 593.4 600.1 608.2 615.8 623.3 630.5 637.4 644.1 650.6 656.6 662.6 668.9 675.9 682.7 689.9 696.9 702.2 706.1 709.7
296.9 311.7 328.5 346.8 365.5 387.3 402.9 426.3 448.8 472.9 496.9 519.1 535 551.7 570.4 583.7 594.6 603.1 610 615.4 618.9 620.6 614.7 613.5 618.3 616.8 615.1 615.5 619.3 622.8 621.8 615.7 608.1 593.2 586 578.7 571.5 569.4 565.1 554.7 555.3 550.3 548 545.7 545.4 545.7 547.1 549.2 551 552.6 555.1 558.4 559.7 565.1 570.4 576.2 582.2 588.2 594.2 600.8 607.5 614.9 620.2 627.1 633.6 638.8 643.3 649.4 655.7 661.3 668.6 676.6 684.1 689.9 693.4 696.8
259.4 276.9 292.3 313.7 330.7 348.8 375.9 399.7 422.7 446.7 462.4 484.4 502.5 521.7 541.3 556.2 579.2 589.8 597.7 603.3 595.8 598.7 593.6 594.6 602.2 603.7 616.8 619.5 620.7 617.4 604.1 597.2 577.6 571 565.1 557.8 551.2 545.3 540.6 534.6 531 528.4 526.4 525 524.5 524.8 525.6 527.1 528.8 531.4 534.5 538.1 542.5 542.4 549.1 554 559 565.3 571.4 577.2 585.2 594.1 593.3 600 608.5 608.6 620.1 625.7 632.2 635.2 640.4 649.4 657.9 664.4 667.9 671.6
246.3 261.4 268.1 291.7 308.2 326.5 345.4 367.3 382.4 408.4 433.6 455.8 474.3 491.9 510.9 527.8 541.7 549.8 555.5 559.4 561.2 562.4 553.9 553.9 568.6 568.8 570.1 569.3 564.9 558.3 550.9 533.2 520.6 513.7 511.2 505.1 499.2 494.3 484.5 481.5 478.3 476.9 475.6 474.8 475.3 475.4 477.2 479.2 481.5 483.8 487.2 491.1 495.4 497.4 502.7 507.7 511.8 517.7 523.6 528.7 538.3 546 553.9 562.1 558.2 566.3 574.7 580.4 587.2 590.3 593.5 598.8 607.3 614.4 618.6 626.6
226.6 237.7 246.7 258.4 268.9 286.1 306.1 327.3 338.7 361.2 382.7 401.9 418.4 433.9 449.5 463.5 476.1 486.7 492.3 493.2 493.3 493.9 495 498 501.1 497 493.1 485.9 477 468.4 455.4 443 437.8 431 424.9 420.9 417.7 415.2 413.6 411.4 409.6 404.8 404.9 408.5 410.2 410.1 411.8 416.2 420.7 422.9 425.4 428 431 433.5 438.2 442.9 448.2 453 458 463.3 469 474.8 481.2 488 493.7 499.9 505.5 511.1 516.6 522 524.4 530.7 535.8 542.2 549.9 552
194.6 200.7 207.2 217.1 225.4 235.8 253 260.8 278.4 297.6 314.7 329.5 343.7 356.1 367 375.6 383.4 389 394.1 398.5 403.6 409.2 414.4 415.8 412.3 401 391.6 380.9 373.2 360.7 357.9 355.1 353.5 348 339.1 330 321.9 351.8 350.1 348.6 347.3 347.1 347.3 347.4 347.6 348.2 350.2 359 357.5 357.9 360.8 364.4 368.2 371.6 374.1 380 381.3 383.6 388 394.4 399.7 403.1 411.8 416.1 417.5 422.9 426.8 433.1 438 443.5 448 453.3 458.6 464 468.6 474.2
161.1 162.1 167.3 173.8 179.1 184.6 190.8 198.1 211.2 228.1 243.8 257.6 270.6 279.6 285.7 290.7 295.7 299.5 306.1 315.3 324.8 333.6 340.6 341.4 335.9 328.4 315.5 307 293.2 292.7 292.5 293.1 293.7 290.6 283.9 277.3 271.8 267.3 306.3 305.7 304.8 304.4 304.1 304.1 303.8 303.9 304.5 310.4 310.7 313.8 316.5 319.2 322.2 324 325.2 326.5 328.2 329.5 332.4 336.3 340 343.8 347.6 351 353 355.7 358.3 364.2 368.7 373.9 376.6 380 384.3 388 390 395.2
134.7 135 137.2 138.5 141.5 144.6 147.7 151.7 159.8 173.8 187.5 200.2 211.9 220.5 226 230.7 235.5 240.8 249.5 261.5 272.4 281.8 288.7 290 286.1 281.8 272.4 258.9 256.8 257.5 258.5 259.7 260.9 259.1 255.3 251.8 248.8 245.6 244.5 245.4 246.7 248.2 250 251.9 254.2 256.9 273.1 273.8 274.6 275.4 282.2 284.6 288 289.1 290.8 288.1 289.9 292.4 293.7 294.9 295.9 301.9 303.2 304.8 307.3 305 307.2 308 311.7 306.5 314.1 317.1 321 323.1 324.2 330.3
116.1 117.2 119.2 119.6 120 122.5 125.3 128.3 133.1 143.2 153.8 165.7 176.9 186.6 194.2 202 209.9 218.2 227.2 236.9 246.1 253.3 259.2 261.2 259.3 257.4 246 238.7 237.7 238.5 239.2 240.1 241 240.2 238.3 236.1 234.3 232.5 232.1 232.7 233.7 234.7 235.5 236.8 237.5 238.6 239.7 240.9 242.7 244.2 246.7 249 252.2 254 261.1 261 261.8 263 263.8 263.8 264.6 259 258.4 259.4 256.8 254.6 251.9 249.3 265.2 265.9 266.8 268.1 270.6 272.3 272.9 273.6
98.9 101.8 104.3 104.8 106.4 107.8 110.9 115.3 120.7 130.2 140.9 151 161.1 171.2 180 188.9 197.5 205.2 213.7 222.7 230.6 236.9 241.7 243.7 243.3 233.5 232.5 231.1 226.2 226.3 227 227.7 228.2 228.1 226.5 225.3 224 222.6 222.2 222.9 223.5 223.9 224.7 225.2 225.7 226.4 227.3 227.8 228.7 229.6 230.3 231.1 232 231.9 232.5 232.6 234.1 235.3 235.5 225.6 226.6 228.1 230.5 230.4 228.2 225.8 223.2 220.5 237 235 232.2 229.2 233.4 233.9 237.1 226.6
90.7 93 94.9 95.7 97.4 99.6 104.2 109.7 115.4 123.8 133.7 143.9 154 163.4 172 180 187.8 195.3 203.6 211.6 218.6 224.2 228.7 231 223 222.9 222.3 221.7 216.6 217.1 217.7 218.4 218.7 218.6 217.6 216.9 215.9 215.4 215 215 215.3 215.4 215.5 215.9 216 216.2 216.6 216.8 217.1 217.3 217.6 217.6 216.3 215.6 216.2 215 213.3 212 211.5 211.8 212.2 212.5 213.1 212.3 210.6 208.8 206.9 204.7 210.7 208.6 206.3 206.5 208.3 208.4 206.1 203.7
85.3 87.4 90 91.8 93.8 96.8 101.9 107.6 112.7 120.3 128.6 136.3 145.2 154.3 163.2 171.7 180.4 188.4 195.8 203.2 209.1 214.4 210.5 212.6 213.5 213.6 213.6 213.6 213.6 209.4 209.8 210.2 210.6 210.4 209.8 209.6 209.4 208.8 208.6 208.3 208.5 208.3 208.2 208.1 208.1 208 207.8 207.6 207 206 205 203.9 204.1 203.9 203.8 203.7 202.5 200.9 200.3 200.2 200.1 200 200.1 199.4 197.8 196 194.3 192.8 191.7 191.7 194.4 194.1 192.7 190.6 188.7 187.1
82.8 85.4 87.8 90 92.2 96.7 101.6 107.2 112.3 120 127.1 135.1 142.9 151.5 159.7 167.6 175.1 182.4 189.3 194.9 199.7 196.7 200 202.5 204.3 205.8 206.3 206.4 207 207.3 202.8 203.1 203.7 204 203.6 203.4 203.3 203.1 203.1 202.9 202.7 202.6 201.9 201.7 201.3 200.7 199.7 198.7 197.6 196.8 196.2 195.5 195 194.1 193.6 192.9 192 191.1 190.3 189.3 188.4 187.5 186.5 185.6 184.8 183.9 182.6 182.7 182.1 179.2 177.9 176 174.6 172.8 177.9 176
81.6 83.8 86.3 88.6 92.2 96.9 101.8 106.7 112.7 119.6 126.4 134.1 141.5 149.4 156.8 164.1 171 177.4 183.1 184.6 188.7 189.5 192.2 194.4 196.5 197.6 198.6 199.3 200.1 200.3 196.2 196.6 197 197.4 197.6 197.6 198.1 197.9 197.8 197.9 197.3 197 196.5 195.7 195 194 193.1 192.1 191 189.9 188.9 187.9 186.6 185.5 184.7 183.9 182.8 181.9 180.8 179.6 178.5 177 176 176.2 175.4 174.4 172 171.2 170.8 169.9 168.4 167.3 166.1 165.1 166.5 165.3
81.4 83.5 85.9 88.3 92.7 97.1 101.7 106.7 113.1 119.8 126.1 132.9 139.8 146.6 153.2 159.8 165.6 167.8 173.1 177.6 181.6 184.7 187.5 189.7 191.3 192.5 193.9 191.3 192.1 192.6 193.4 189.6 190.1 190.6 191.2 191.5 192.1 192.2 192.2 192.3 192 191.2 190.7 189.7 188.6 187.7 186.6 185.1 183.8 182.2 181 179.6 178.5 177 175.7 174.4 173.2 172.6 171.3 169.7 169.9 169.1 168 167.1 165.5 164.7 163.8 163.9 163.2 161.4 160.6 160 159.4 158.9 157.9 156.2
81.4 83.5 85.6 89.5 93.2 97.1 101.4 107 113.2 119 124.9 130.8 136.9 142.9 148.9 151.6 156.7 161.2 165.6 169.5 172.9 176 179.1 181 182.6 183.8 184.8 185.5 186.1 186.8 187.7 188.1 183.9 184.8 182.5 183.4 183.9 184.4 184.9 184.9 185 184.4 183.6 182.5 180.8 179.2 177.5 175.5 174 172.3 170.9 169.2 167.8 166.7 165.5 164.6 164.8 163.9 163.2 162.3 161.2 160.3 159.5 159.1 158.2 157.4 156.8 156.1 155.5 154.9 153.1 152.6 152.2 151.5 151.4 150.5
81.2 83 86.2 89.8 93.3 97.4 101.9 107.1 111.8 117.3 122.4 127.4 132.4 135 140.2 144.7 149.3 153.3 157 160.4 163.6 166.3 168.8 170.6 172 173.1 174 174.8 175.3 175.8 175.8 176.3 176.4 171.7 172.1 172.3 172.8 173.1 173.7 174.4 175 174.7 170.5 168.5 166 164.3 162.9 161.3 160.3 159.2 158.2 158.6 157.9 157.1 156.5 155.7 155 154.3 153.6 153 152.3 151.8 151.2 150.8 150.1 148.8 148.3 147.8 147.4 147 146.7 146.5 146.5 146.1 145.7 145.7
81.1 84.2 87.1 90.1 93.5 96.8 101.4 105.9 110.4 114.8 119 121.3 125 128.7 132.6 136.7 140.3 143.3 146.8 149.4 152.3 154.6 156.5 158 159.6 160.4 161.3 161.9 162.1 162.4 162.5 162.4 161.8 161.1 155.8 154.8 154 152.6 151.3 151.1 150.8 150.4 150.3 149.8 149.4 149.1 148.7 148.4 147.9 147.6 147.1 148 145 145.4 145.3 144.9 144.7 144.6 144.2 142.9 142.6 142.7 142.6 142.5 142 141.7 141.7 141.5 141.3 141.4 140.9 141.2 141.1 141.3 141.4 141.9
85 85.3 87.9 90.6 92.9 96.9 100.5 104.3 107.8 109.7 113.2 116.2 119.5 122.5 125.4 127.8 130.5 132.8 135.5 137.8 140.1 142 143.5 145 145.8 147.2 147.9 148.7 149.1 149.7 149.8 150.1 150.2 150.3 150.9 146.9 147.1 147.1 146.8 147 147 146.9 146.8 146.7 146 145.7 145.3 144.8 144.5 144 143.5 142.7 142.4 142.1 141.5 141.1 140.7 140.2 139.9 139.4 139.4 138.9 138.7 138 138.2 135.5 135.7 136.3 136.3 136.2 136.6 136.9 137.2 137.3 137.5 135
86.6 88.9 91.1 93.1 93.3 96.3 98 100.8 103.8 106.2 108.8 111.4 113.6 115.9 118.3 120.3 122.2 124.3 126 127.7 129.4 131 132.3 133.6 135 136.1 137.4 138.4 139.1 140 140.8 141.7 142.2 142.7 143.2 144.2 140.8 141.1 141.4 141.6 141.6 141.5 141.5 141.3 141.3 141.2 139.9 139.6 139.3 139.2 138.7 138.4 138.1 137.8 137.2 136.7 136.4 135.9 135.7 135.1 135.1 135.5 135.5 135.6 135.9 136 136.2 136.6 137 137 136.8 136.3 136.5 136.6 136.7 136.7
87.6 89.4 91 93.5 95.9 98.5 100.9 103.1 101.1 103.1 105.2 107.2 109 110.9 112.7 114.5 116 117.5 119 120.4 121.7 123 123.9 125.1 126.1 127.2 128 129 130.6 131.3 132.2 132.9 133.8 134.4 135 135.5 135.9 136.3 133.6 133.8 134.2 134.5 134.6 134.7 133.3 133.1 133.2 133.4 133 133.1 132.8 132.8 132.5 132.5 132.2 132.2 131.6 131.5 131.3 131.6 131.8 131.6 131.8 131.7 132 131.9 131.9 132.1 131.5 132.3 132.2 131.9 132.1 131.6 132.1 132.3
88.3 89.4 91.4 93.4 95.4 97.3 99 101 102.7 104.6 106.3 108.2 105.5 107.3 108.5 109.9 111 112.4 113.1 114.1 115.3 116.1 117.1 118.2 119.4 120.1 121 121.6 122.2 122.8 123.4 123.8 124.5 125 125.4 126.2 126.7 127 127.6 124.8 123.7 124.6 125 125.2 125.5 125.6 125.8 126 125.8 125.6 125.6 126.2 126.1 126 125.9 125.9 125.8 125.6 125.9 125.8 126.2 125.9 126.2 126.3 126.7 126.6 126.7 126.3 126.4 126.5 126.6 126.9 126.3 126.7 127.2 127.5
89.2 90.7 93 94.4 96 97.7 99.2 101.2 102.7 103.9 104.5 105.9 107.9 109.1 110.2 111.4 112.2 108.3 109.1 109.9 110.5 111.1 111.9 112.5 112.9 113.6 114.2 114.8 115.1 115.5 116 116.5 116.9 117 117.3 116.5 116.7 117.2 117.6 117.8 118.3 116.2 116.5 117.1 117.4 116.8 116.9 117.2 117.5 117.5 117.7 118 118.1 118.1 118 118.3 118.7 118.8 118.7 120.1 119.6 120 120.3 120.6 120.7 120.8 120.8 121 121.2 120.5 120.4 120.8 120.2 120.7 121.4 122.2
90.9 92.2 93.5 94.7 95.8 97 98.1 99.5 100.6 101.5 102.6 103.5 104.3 105.3 106.3 107 108 108.9 109.4 110.1 110.6 111.2 111.9 107.3 107.8 108.3 108.4 108.3 108.7 109 109.1 109.3 109.5 109.9 109.9 110 110.2 110.3 110.5 111 111 111.1 111.3 109.6 109.8 109.8 110 110.1 110.1 110.2 110.3 110.4 110.7 110.7 111 111.2 111.4 111.7 111.6 112.1 112.3 112.4 112.6 112.7 112.7 112.9 113.3 113.4 113.3 113.6 113.7 113.7 114.1 114.2 114.4 115.1
91.5 92.5 93.5 94.4 95.3 96.1 97 97.9 98.8 99.3 100.3 100.9 101.6 102.3 102.9 103.4 104 104.5 104.9 105.7 106 106.4 106.7 107.2 107.5 107.7 108.1 108.4 108.5 108.8 104.4 104.3 104.7 104.9 104.9 105.1 105.2 105.5 105.7 105.8 106.1 106.1 106.2 106.4 106.5 104.7 104.9 104.8 104.9 105 104.9 105.1 105 105.1 105.2 105.2 105.3 105.3 105.5 105.4 105.7 105.9 106 106.3 106.5 106.6 106.6 106.8 106.9 107.2 107.1 107.4 107.9 108.1 108.2 108.7
91.7 92.3 93.2 93.9 94.4 95 95.7 96.3 96.8 97.7 98.1 98.8 99.2 99.7 100.1 100.6 101 101.3 101.7 102.1 102.5 102.7 102.9 103.6 103.6 103.6 104.2 104.3 104.6 105 104.7 105 105.4 105.7 105.9 106 106.3 106.1 101.9 101.9 101.9 101.9 102.1 102.1 102.1 102.1 102.4 100.7 100.6 100.7 100.6 100.9 100.7 100.8 100.9 100.8 101.1 100.8 100.7 100.9 100.7 100.8 100.8 100.8 100.9 101.1 100.8 101.2 101.2 101.2 101.5 101.5 101.6 101.6 102 102.2
90.2 90.7 91.2 91.7 93.7 93.8 94.1 94.8 95.7 96 96.5 96.9 97.2 98.2 98.3 98.7 98.8 99.4 99.4 99.7 99.9 100.1 100.2 100.4 100.9 100.7 100.9 101.2 101.5 101.6 101.7 102.1 102.3 102.2 102.3 102.2 102.3 102.5 102.3 102.5 102.6 102.8 103 102.9 102.7 102.8 102.9 103 103 98.4 97.4 97.4 97.3 97.3 97.2 97.4 97.2 97.1 97.2 97.1 97.2 97 97.2 97.2 97 97.2 97.3 97.4 97.3 97.3 97.1 97.4 97.5 97.6 97.7 98
90.9 91.3 91.7 91.9 91.1 92.2 92.2 92.2 92.5 92.7 93.1 93.6 93.7 94.1 94.2 96.7 96.8 97.4 97.2 97.2 97.2 97.5 97.7 97.9 98 98.1 98.2 98.4 98.3 98.4 98.8 98.9 99 99.1 99.1 99.1 99.2 99.3 99.4 99.3 99.4 99.3 99.3 99.6 99.5 99.6 99.5 99.6 99.6 99.7 99.5 99.7 99.5 98.6 98.7 98.7 98.6 98.7 98.5 98.7 98.7 98.6 98.5 94.3 94 94.2 94.1 94.4 94.2 94.3 94.2 94.1 94.5 94.4 94.6 94.7
90.6 90.9 91.1 91.3 91.5 91.8 92 92.5 92.8 92.9 93 93.2 93.2 93.5 93.7 93.7 93.8 93.8 93.9 94.1 94.1 94.1 94.3 94.4 94.7 94.7 94.9 94.9 94.9 94.3 94.5 96.9 97 97 97 96.3 96.1 96 96.1 96.1 96.3 96.4 96.3 96.3 96.5 96.4 96.3 96.3 96.6 96.6 96.5 96.4 96.6 96.8 96.5 96.5 96.5 95.6 95.7 95.7 95.6 95.6 95.6 95.6 95.4 95.5 95.5 96.2 96.3 96.4 96.3 96.5 96.3 96.8 96.5 96.9
90 90 90.2 90.4 90.6 91 91.2 91.5 91.7 91.9 92 92 92.1 92.2 91.9 92.1 92.3 92.2 92.3 92.6 92.6 92.7 92.7 92.7 92.7 92.5 92.8 92.9 92.9 92.9 92.9 92.8 93.1 93 93.2 92.9 92.8 92.9 92.8 92.8 92.5 92.6 92.5 92.6 92.9 92.7 92.8 92.6 92.6 92.6 92.4 92.6 92.6 93.3 93.4 92.7 92.7 92.6 92.1 92.1 91.9 91.7 91.6 91.6 91.8 91.8 91.7 93.4 93.1 92.9 93.2 93 93.3 93.2 93.2 93.3
88.9 88.9 89 89.2 89.8 89.9 89.8 89.9 89.9 90 90.2 90.2 90.6 90.7 90.7 90.8 90.9 90.9 90.9 91.1 91 91.4 91.3 91.2 91.4 91.4 91.5 91.3 91.3 91.3 91.2 91.2 91 90.7 91.1 91.2 90.9 91.2 91 91 91 90.8 90.8 90.8 90.6 90.7 90.6 90.6 90.6 90.8 90.8 90.7 90.6 90.8 90.6 90.6 90.3 90.6 90.4 90.2 90.1 90 90.2 89.5 89.7 89.5 89.3 90.6 90.4 90.6 90.7 90.5 90.7 90.5 90.5 90.4
88.3 89.7 89.4 89.3 89.1 89.2 89.1 89 89 88.8 88.8 88.9 88.9 88.8 89.1 89 89.2 89 89.4 89.3 89.4 89.7 89.4 89.5 89.6 89.5 89.5 89.7 89.8 89.7 89.7 89.8 89.6 89.7 89.6 89.4 89.4 89.3 89.3 89.4 89.4 89.4 89.6 89.6 89.4 89.5 89.5 89.4 89.2 89.2 89.1 89.1 89.2 89 88.9 88.9 88.8 88.9 88.7 88.7 88.7 88.7 88.6 88.6 88.4 88.5 88.2 90 89.6 89.3 89.2 89.3 89.3 89.4 89.3 89.2
89.1 89.1 89.2 89.2 89.1 89.1 89.1 89.3 89.2 89.5 87.6 87.7 89.6 89.3 89.1 89.2 88.9 88.7 88.5 88.6 88.7 88.7 88.5 88.6 88.5 88.3 88.5 88.5 88.3 88.3 88.2 88 88.3 88.1 88.1 88 88 88 88 88 87.9 87.8 87.7 87.8 87.6 87.4 87.5 87.4 87.5 87.5 87.5 87.1 87.3 87.3 87.2 87.1 87.1 87 87.2 87.2 87 86.9 87 86.8 86.9 86.8 86.8 88.4 88.4 88.5 88.2 88.3 88.1 88.2 87.7 87.8
