datasets/global_precipitation_1950_2017/rasters/precip_1978-total.asc
NCOLS 720 
NROWS 347 
XLLCORNER -180 
YLLCORNER -90 
CELLSIZE 0.5 
NODATA_value -9999 
[rows 68 to 101 of 347, columns 380 to 455 of 720]
873.6 727.1 809.6 760.7 745 846.9 987.5 686.7 523.8 558.8 493 465.3 434.6 419.9 548.5 679 832.6 775.2 874.8 922.9 725.2 683.9 646 648.6 706.3 711.1 725.5 759.7 815.6 793.8 725.2 705.6 699.5 720.2 715 711.8 684.2 643.5 635.9 657.3 682.4 516.8 486.4 503.9 503.2 548 666.4 699 719.5 655.6 655.4 647.6 626.4 609 659.6 554 543.8 532.2 495.2 457 432.4 447.6 439.9 391 383.3 353.6 317.5 375.3 390.9 394.6 385.7 355 325 317.1 323.9 318.8
867.2 916.9 781.2 818.6 746.9 791.6 1100 1104.4 607.2 587.4 499.4 292.7 347.2 416.3 459.8 444.4 506.6 565.1 674.2 631.9 637 623.4 691.3 609 819.2 934.2 1412.9 1052.9 998.7 928 784.2 730.8 662.3 572.4 662.1 637.3 630.4 616.2 646.1 622.8 580.5 587.3 532.7 496.3 500.5 506.4 635.1 672.2 691.9 695.5 499.5 598.9 599.9 594.7 562.1 552.6 532.2 471.4 414.5 427.1 424.4 464.4 428.3 399.4 401.2 414.3 420.5 413 407.9 401.2 398.6 368.4 339.8 333 345.2 337.6
1006.1 968.7 918.2 898 817.7 835.3 886.2 694.8 592 601.2 475.4 477.7 486.7 413.3 372.9 380 387.7 506.1 550.9 589.5 644 594.1 580.1 617.7 626 592 813.9 1299.2 917 1181.4 848.5 788.7 667.2 499.1 644.2 628.9 543.4 586.9 579.6 593.2 586 575.7 599.5 555.2 522.9 553.2 603.8 594.5 630.1 688.2 695.9 585.9 522.2 595.5 448.2 480.8 457.7 437.2 436.6 445.6 408.2 445.7 448.9 398.3 441.2 487.6 494.5 440.1 406.9 381.9 379.7 371.5 361.9 346.2 314.7 307.5
1783.1 1320.7 1354.7 1143.3 1209.5 1730.6 1192.4 1233.2 992.7 1150.2 1021.8 835.5 485 439.5 407.8 352.2 430.7 509.4 544.4 638.3 653.2 589.4 552.7 605.7 620.9 706.4 863.1 883.8 833.4 808.7 810.2 870.5 687.6 664.3 462.3 563.6 549.6 528.7 488 484 567.5 571.9 563.5 540.3 514.7 537.9 572.4 567.5 548.1 567.5 576.1 537.7 451.3 474.7 480.3 479.5 492 513.4 521.4 541.8 639.7 583.6 575.9 528 562 507.4 457.1 424.8 371.3 332.9 350.8 364.6 367.4 343.7 317 295.2
1694.5 752.6 976.5 931.4 1004.5 1095.7 1382.8 880.6 578.3 733.6 1095 709.4 577.8 556.1 545.8 572.8 503.6 492.5 510.9 494.6 488.2 554.8 640.5 685.5 651.3 829.1 726.3 726 912.1 902.3 738.6 888 727.6 509.9 578.6 690.6 623.1 615.5 632.9 516 482.5 441 470 481 474.3 475.7 457.5 456 449.7 460.7 450.3 470.7 489.6 451.8 492.7 503.8 473.8 479.6 533.3 693 616.5 615.2 595.8 555 515.5 489.4 440.1 380.1 363 350 332.5 330.8 336 323 304 289.1
558.2 511.1 719.4 684.2 681.6 1191.3 1530.8 1113.7 907 760.9 886 775.1 642.9 588.1 547 547.2 533.3 524 506.4 478.6 534.9 616.1 696.7 704.8 701.4 681.3 623.2 668.5 552.6 869.8 680.3 711.7 715.7 544.5 350.7 516.7 537.3 570.9 576.7 539.6 500.7 436.6 436.9 450.7 484.3 503.5 403.5 378.5 356.1 377.4 398.6 485.4 444.9 -9999 -9999 -9999 -9999 430.9 481.5 533.4 592.9 631.5 625 570.6 532.6 472.6 414.1 393.1 366.6 330.7 298.4 288.8 282 274.7 282.2 290.7
789.1 891.7 788.9 1088.2 1199.3 1839 2811.3 2338.1 1674.4 1491.7 1004.7 931.8 896.2 792 637 565.2 524.4 508.5 521.7 642.6 578.1 584 600 483.7 533.6 585.1 524.9 505.3 528.4 781.4 611.5 598.1 541.1 467.7 461.8 542 548 555.8 541 484.8 437.1 -9999 -9999 -9999 282.3 387 421.8 372 369.1 387.2 -9999 -9999 -9999 -9999 -9999 -9999 -9999 518.6 538.6 547.9 564.2 546.1 517 514.7 494.8 455 417.5 389.6 346.6 307.4 258.7 270.7 256.7 246 264 317.5
1324.2 1118.3 1882.3 1237.5 1099.5 1181.8 -9999 1211.9 1837.3 1577.2 973.3 864 854.7 753.4 656.6 638.1 598.4 512.8 517.5 603.3 569.9 610.3 675.4 645.8 596.1 669.3 660.9 772.9 587 658.5 786.5 704.8 501.6 484.4 468.3 461.2 552.8 547.6 470.4 393.7 -9999 -9999 -9999 -9999 -9999 -9999 491.9 411.4 391.9 315.4 -9999 -9999 -9999 -9999 -9999 -9999 540 583.9 592.2 581.6 566.2 550.4 508.6 471.6 439.6 403.8 429.5 408.8 375.8 330.9 287.4 266.5 237.3 225.5 233.1 247.7
854.8 849 877.6 921.7 -9999 -9999 -9999 1086.5 1481.7 1777.1 1250.4 1085.5 984.1 859.9 743.9 712.5 678.1 544.5 647.5 578.6 581.5 608.7 609.8 1024.9 933.6 715.7 706.3 572.6 378.7 635.8 764.2 749.6 438.8 470.4 458.2 373 440.8 465.2 430.4 -9999 -9999 -9999 -9999 -9999 -9999 -9999 315.9 390.3 415.4 372 375.3 352.4 409 -9999 475.7 549.2 581.5 628.1 633 582.1 543 539.6 506.9 465.4 399.8 339.2 351.3 373.7 379.1 370.9 361.4 328.2 271.7 244 233.1 235.3
613.4 814.7 728.6 759.1 -9999 -9999 -9999 -9999 -9999 -9999 1685.9 1279.2 1234.9 1023.5 873.6 832.7 906.7 917.6 808.9 686.5 651.3 729.1 682.3 587.8 811.4 682.5 610.2 430.6 482.8 626.4 685.7 537.7 518.7 390.6 549 388.7 319.5 376.8 -9999 -9999 -9999 -9999 -9999 -9999 -9999 -9999 -9999 359.7 625.6 -9999 -9999 -9999 -9999 -9999 -9999 732.2 694.3 786.3 796.1 758.6 658.9 594.1 561.5 482.9 461.1 444.2 404.2 381.5 371.2 408.8 406.1 384.1 339.4 297.4 257.9 242.1
1907.6 1023.5 991.9 854.2 629.2 -9999 -9999 -9999 -9999 -9999 1111.6 1342.3 1375.9 1307.9 986.4 1011.4 1174.2 1302.4 948 803 734.6 660.7 619.9 611 616.4 512.8 435.9 571.4 577.3 522.1 520.5 554.8 540.6 499.4 507.4 420.3 328 -9999 -9999 -9999 -9999 -9999 -9999 -9999 -9999 -9999 -9999 -9999 -9999 -9999 -9999 -9999 -9999 -9999 -9999 -9999 -9999 -9999 1614.1 1226.5 960.9 775.1 643.3 578.4 523.1 496.5 442.4 446.2 416.7 426.4 422.7 406.4 371.5 328.9 282.1 247.1
-9999 1111.3 1018.5 1551.1 1243.6 1087.3 -9999 -9999 -9999 -9999 -9999 -9999 1123.1 1509.7 1503.5 1940.2 1310.7 1130.1 938.9 825.3 765.2 734.4 618.5 591.1 624.1 572 491.9 451.5 530.6 504.7 471.8 643.8 670.2 658.8 605.3 479.9 457.3 -9999 -9999 -9999 -9999 -9999 -9999 -9999 -9999 -9999 -9999 -9999 -9999 -9999 -9999 -9999 -9999 -9999 -9999 -9999 -9999 -9999 -9999 1457 1868.7 1731.3 1083.5 813.2 717.5 543.9 561.5 514.8 497 465.9 511.5 501.5 454.6 343 315.3 291.2
-9999 1073.9 868.8 979 992.3 1140.9 983 918.1 -9999 -9999 -9999 -9999 -9999 -9999 1418.6 1906.5 1992.2 1519.1 1046.8 899.3 766.5 864.6 592.8 580.5 635.2 629 799.5 730.4 590.7 642 622.8 639.4 695 635.7 563.7 476.4 -9999 -9999 -9999 -9999 -9999 -9999 -9999 -9999 -9999 -9999 -9999 -9999 -9999 -9999 -9999 -9999 -9999 -9999 -9999 -9999 -9999 -9999 -9999 -9999 -9999 1703.3 1697.5 1630.7 1232.6 897.7 1000.5 790.7 898.3 885.4 625.3 585.8 525.2 386.5 314.3 277.3
-9999 -9999 718.8 882.9 794.9 727.9 825 1005.5 -9999 -9999 -9999 -9999 -9999 -9999 -9999 -9999 2123.9 2002.3 2215.2 1663.9 911 615.3 570 681.6 554 490.8 508.9 628.9 755.4 1018.1 983.7 722.5 583.1 623.6 580.9 610.8 -9999 -9999 -9999 -9999 -9999 -9999 -9999 -9999 -9999 -9999 -9999 -9999 -9999 -9999 -9999 -9999 -9999 -9999 -9999 -9999 -9999 -9999 -9999 -9999 -9999 -9999 -9999 2254.3 2027.6 1728.1 1450 979.4 1143.5 887 917 660.4 430.7 471.7 385.1 225.6
-9999 -9999 -9999 774.9 897.3 928.8 838.6 1011.5 1043.9 -9999 -9999 -9999 -9999 -9999 -9999 -9999 -9999 -9999 2041.3 2960.9 1502.9 691.2 577.6 547.5 636.4 466.6 629.3 719.9 567.4 657.8 697.7 604.2 556.8 553.9 684.6 712.1 -9999 -9999 -9999 -9999 -9999 -9999 -9999 -9999 -9999 -9999 -9999 -9999 -9999 -9999 -9999 -9999 -9999 -9999 -9999 -9999 -9999 -9999 -9999 -9999 -9999 -9999 -9999 1859.4 1847.3 1698.2 1450.9 1071.7 1016.3 964.5 829.6 847 928.6 707.2 416.7 192.5
-9999 -9999 -9999 -9999 842.5 1124 1339.2 1402.6 1135.9 855.8 603.6 525.1 -9999 -9999 -9999 -9999 -9999 -9999 -9999 1639 1381.1 924.3 671 456.6 415.4 557.8 579.2 643.7 742.9 936.2 604.4 592.8 512.6 548 583.5 632.3 -9999 -9999 -9999 -9999 -9999 -9999 -9999 -9999 -9999 894 783 789.2 786.2 653.6 -9999 -9999 -9999 -9999 -9999 -9999 -9999 -9999 -9999 -9999 -9999 -9999 -9999 2855.4 2271 811.2 924.1 900.5 690.2 424.1 747.4 724.1 896.7 1102.5 814.4 408.3
-9999 -9999 -9999 -9999 -9999 -9999 -9999 1200.7 1181.6 929.4 757.4 625 615.4 -9999 -9999 -9999 -9999 -9999 -9999 1261.5 1455.6 684.4 697.5 595.5 589.8 675.4 637.9 637.3 739 797.3 678.7 599.8 566.8 742.7 634.1 666.9 725.3 914.3 -9999 -9999 -9999 -9999 -9999 852.4 1021.1 591.1 594.2 576.8 577.1 500.3 478.5 619.7 752.7 950.8 -9999 -9999 -9999 -9999 -9999 -9999 -9999 -9999 2020.5 1176.9 1138 534.8 532.4 566.8 580.9 497.2 437.3 526.6 647.4 507.8 740.2 589.9
-9999 -9999 -9999 -9999 -9999 -9999 -9999 -9999 -9999 1352.9 1216.7 787.5 657.8 632.6 637.7 -9999 -9999 -9999 -9999 898.6 924.3 527.1 577.7 681.2 940.4 615.6 566.9 -9999 -9999 600.8 -9999 -9999 532.7 643.1 734.6 -9999 -9999 -9999 -9999 -9999 830.9 808 853.8 587.5 649.8 611.4 506.2 474 521.5 441.5 374.1 422.2 491.7 489.2 703.7 805.6 963.4 897 798.5 762.4 1213.3 1365.6 935.4 510.6 414 430.3 418.9 479.4 556.2 652.4 601.2 572.4 355.4 337.6 378 480.4
-9999 -9999 -9999 -9999 -9999 -9999 -9999 -9999 -9999 -9999 1000.7 1032.7 1028.5 -9999 -9999 -9999 508.3 -9999 -9999 1142.4 1275 918.3 632.4 459.9 579.1 -9999 -9999 -9999 572.9 -9999 -9999 -9999 -9999 634.8 774.2 735.7 716.6 752.7 858.8 493.8 531.3 601.4 616.8 547.4 527.7 593.8 475 408.7 441.8 430 413.4 425.5 400.7 415.3 474.9 574.8 573.1 565.9 481.7 456.1 363.2 468.7 443.7 418.9 477.3 577.2 438.5 372.7 480 569.8 537 468.3 668.1 464.6 358 290.2
-9999 -9999 -9999 -9999 -9999 -9999 -9999 -9999 -9999 -9999 -9999 -9999 751.7 -9999 -9999 -9999 -9999 -9999 -9999 1210 1322.7 1120.6 1358.5 840.4 538.5 508 -9999 -9999 -9999 -9999 -9999 -9999 562.8 646.3 733.8 770.5 727.9 736.1 761.2 549.3 466.5 475.7 421.5 399 410.1 401.5 384.2 378.6 417.6 463.4 430 381.7 368 384.4 400.8 527.4 498 513.3 429.4 502.4 499.6 500.7 436.6 508.3 537.6 583.7 555.8 372.9 343.4 374.8 343.8 654.3 596.9 630.2 419.8 281.2
-9999 -9999 -9999 -9999 -9999 -9999 -9999 -9999 -9999 -9999 -9999 -9999 1022.5 1277.5 -9999 -9999 -9999 -9999 -9999 -9999 -9999 1092.5 1071.5 876.8 662.1 608.4 704.3 -9999 -9999 -9999 -9999 -9999 724.6 735.2 787.2 760.3 754.1 871.8 695.4 644.8 576.2 444.6 395.6 389.3 382 389.9 385.7 352.1 348 348.4 315.2 352.6 354.5 365.8 353.9 392.3 484.8 578.1 665.6 770.4 959.3 819.9 650.9 658.3 660.2 581.1 511.2 534.1 370.1 303.9 291.2 480.9 636.6 475 389.6 362.7
-9999 -9999 -9999 -9999 -9999 -9999 -9999 -9999 -9999 -9999 -9999 -9999 1033.8 -9999 -9999 -9999 -9999 -9999 -9999 -9999 -9999 -9999 1024.3 1010.9 802.4 717.2 -9999 -9999 -9999 -9999 -9999 -9999 -9999 -9999 820.5 698.7 713.5 797.7 657.2 605.3 473.3 406.2 437.7 456.5 409.8 389.9 371.1 333.5 338 346.9 354.6 379.9 540.2 480.6 419.8 376.4 416.1 384.6 480.1 545.7 666.9 759 720.5 776.8 787.4 629.6 428.1 444.5 366.1 323.1 289.8 304.9 322.1 362.8 357.7 425.1
-9999 -9999 -9999 -9999 -9999 -9999 -9999 -9999 -9999 -9999 780.9 1197.7 1203.8 -9999 -9999 -9999 -9999 -9999 -9999 -9999 -9999 -9999 -9999 866.8 -9999 -9999 559 604 680.2 -9999 -9999 -9999 -9999 783.3 897.3 891.8 796.3 688.6 658.4 579.5 531.1 579.1 664.8 451.4 386 342.3 311.6 314.2 321.1 350.8 369.1 412.7 546.8 559.4 432.4 406.5 371.2 343.3 473.9 709.6 583.9 598.3 727.6 922.9 1016.5 695.5 375.6 400.1 393.5 366.5 295.4 290.3 218.4 261 284.2 324.4
-9999 -9999 -9999 -9999 -9999 686.3 743.4 688.4 711.2 785 -9999 -9999 -9999 -9999 -9999 -9999 -9999 -9999 -9999 -9999 -9999 786.7 -9999 888.6 944.9 656 -9999 -9999 -9999 -9999 -9999 -9999 -9999 978 -9999 885.4 791.8 730.7 735.1 579.9 472.8 614.4 577.7 558.1 404.3 304 303.6 308.8 367.9 445.9 680.7 859.5 777.8 738.8 643.9 567.4 594 501.8 497.7 532 548.7 591.2 583 720.5 748.2 747.1 684.7 697.4 643.9 427.3 326.4 335 294 270.7 212.7 238.4
-9999 -9999 -9999 -9999 -9999 -9999 -9999 516.8 356.4 625.7 643.8 -9999 -9999 -9999 -9999 -9999 -9999 -9999 -9999 -9999 -9999 -9999 -9999 889.2 902.1 785.8 -9999 -9999 -9999 -9999 -9999 -9999 -9999 -9999 -9999 909.5 1128 1085.8 736.3 584.1 542.8 882.8 975.6 918.2 655.5 439.1 340.9 398.6 496.6 744.3 907.7 818.4 876.2 854.3 585.3 460 416.9 361.2 409.7 545 639.6 825.4 447 549.8 607.7 772.5 818.1 841 766 591.7 448 355.1 310.3 305.2 260.6 259.7
404.8 304.9 -9999 -9999 -9999 -9999 -9999 -9999 -9999 538 -9999 -9999 -9999 -9999 -9999 -9999 -9999 -9999 -9999 -9999 -9999 -9999 -9999 -9999 -9999 -9999 -9999 -9999 -9999 -9999 -9999 -9999 -9999 -9999 -9999 -9999 1044.8 1116 1040.4 692.1 868.3 -9999 -9999 1239.5 986.8 676.9 521.8 634.3 736.8 -9999 802.2 -9999 961.3 674.6 473.7 339.7 297.8 272.8 318.2 480.7 588.9 547.2 445 483 425.3 1051.1 663.6 901.9 712 736 537.3 302.5 311.1 305.4 308.5 288.1
368.9 -9999 -9999 -9999 -9999 -9999 -9999 -9999 -9999 -9999 -9999 -9999 -9999 -9999 -9999 -9999 -9999 -9999 -9999 -9999 -9999 -9999 -9999 -9999 -9999 -9999 -9999 -9999 -9999 -9999 -9999 -9999 -9999 -9999 -9999 -9999 -9999 -9999 -9999 998.6 -9999 -9999 -9999 -9999 -9999 1045 854.2 712.8 -9999 -9999 -9999 -9999 1201 584.2 307.8 302.6 258.5 215 228 322.5 364.4 364.5 425.4 469.7 374.2 336 289.4 475.9 707 720.7 672.7 555.2 357.5 425 419.9 380.5
251.8 201.2 -9999 -9999 -9999 -9999 -9999 -9999 -9999 -9999 -9999 -9999 -9999 -9999 -9999 -9999 -9999 -9999 -9999 -9999 -9999 -9999 -9999 -9999 -9999 -9999 -9999 -9999 -9999 -9999 -9999 -9999 -9999 -9999 -9999 -9999 -9999 -9999 -9999 -9999 -9999 -9999 -9999 -9999 -9999 -9999 -9999 -9999 -9999 -9999 -9999 -9999 947 535.7 293.8 242.7 210.5 131.9 122.1 164.9 185.3 217.3 307.5 376.6 343.8 290.7 291.9 336.9 346.2 470 662.2 854 825.1 535.1 449.6 434.9
186.7 210.6 -9999 -9999 -9999 -9999 -9999 -9999 -9999 -9999 -9999 -9999 -9999 -9999 -9999 -9999 -9999 -9999 -9999 -9999 -9999 -9999 -9999 -9999 -9999 -9999 -9999 561.5 683.6 1087.1 669.1 -9999 482.3 -9999 -9999 -9999 -9999 -9999 -9999 -9999 -9999 -9999 -9999 -9999 -9999 -9999 397.2 394.4 -9999 -9999 -9999 -9999 901.2 293.4 278.7 194.7 106.8 83 87.8 106.2 68.5 88.7 131.4 171 168 159.4 169.9 212.3 237.7 332.7 546.7 727.5 694.8 398.8 313.4 323.4
185.2 251.8 239.7 -9999 -9999 -9999 -9999 -9999 -9999 -9999 -9999 -9999 -9999 -9999 -9999 -9999 -9999 -9999 -9999 -9999 -9999 -9999 -9999 -9999 -9999 -9999 -9999 -9999 -9999 -9999 -9999 -9999 -9999 -9999 -9999 -9999 -9999 -9999 -9999 -9999 -9999 -9999 -9999 -9999 -9999 602.7 508.3 -9999 -9999 -9999 -9999 -9999 966.2 514.3 231.3 98.7 71.4 64.2 70.4 78.1 80.1 83.7 95.3 85.7 84.6 84.1 107.5 135.8 189 221.1 319 431 452.5 372.7 301 286.7
-9999 -9999 -9999 -9999 -9999 -9999 -9999 -9999 -9999 -9999 -9999 -9999 -9999 -9999 -9999 -9999 -9999 -9999 -9999 -9999 -9999 -9999 -9999 -9999 -9999 -9999 -9999 -9999 -9999 -9999 -9999 -9999 -9999 -9999 -9999 -9999 -9999 -9999 -9999 -9999 -9999 -9999 -9999 -9999 -9999 -9999 -9999 -9999 -9999 -9999 -9999 1235.6 828.2 212.8 182.1 94.3 50.2 56.9 65.1 74.4 78.6 87.7 115.6 87.6 79 77.9 84.6 96.2 128.5 182.3 212.4 292.6 338.2 350 267.4 290.5
183.2 131.9 -9999 -9999 -9999 -9999 -9999 -9999 -9999 -9999 -9999 -9999 -9999 -9999 -9999 -9999 -9999 -9999 -9999 -9999 -9999 -9999 -9999 -9999 -9999 -9999 -9999 -9999 -9999 -9999 -9999 -9999 -9999 -9999 -9999 -9999 -9999 -9999 -9999 -9999 -9999 -9999 -9999 -9999 -9999 -9999 -9999 -9999 -9999 -9999 -9999 1205.2 519.7 185 149.8 111.2 71.1 65.1 71.4 71.4 71.2 77.1 82.4 83.1 82.2 70.2 73 83.7 100.5 143.2 213.3 244 280.4 298.2 297.6 335.2
113.2 74.6 -9999 -9999 -9999 -9999 -9999 -9999 -9999 -9999 -9999 -9999 -9999 -9999 -9999 -9999 -9999 -9999 -9999 -9999 -9999 -9999 -9999 -9999 -9999 -9999 -9999 -9999 -9999 -9999 -9999 -9999 -9999 -9999 -9999 -9999 -9999 -9999 -9999 -9999 -9999 -9999 -9999 -9999 -9999 -9999 -9999 -9999 -9999 -9999 594.2 594.5 178.2 121.7 165 80.8 43.5 59.5 78.7 77.4 68.7 68.8 75.4 79.2 76.1 72.3 72.8 78.6 70.6 98.8 138.7 165.6 166.5 219.2 307.6 334.4
80.4 79.1 111.6 155.1 217.4 241.4 325.6 361.7 -9999 -9999 -9999 -9999 -9999 -9999 -9999 -9999 -9999 -9999 -9999 -9999 -9999 -9999 544.1 661.8 484.4 -9999 -9999 -9999 -9999 -9999 -9999 -9999 -9999 -9999 -9999 -9999 -9999 -9999 -9999 -9999 -9999 -9999 -9999 -9999 -9999 -9999 -9999 -9999 -9999 -9999 364.4 303.8 172.5 215.5 196.9 83.8 65.3 61.4 77.6 81.9 71.8 68.6 64.2 54.5 44.5 56.5 67 59.8 79.3 77.6 81.4 76.8 74.3 89.2 187.4 260.6
