datasets/global_precipitation_1950_2017/rasters/precip_1984-total.asc
NCOLS 720 
NROWS 347 
XLLCORNER -180 
YLLCORNER -90 
CELLSIZE 0.5 
NODATA_value -9999 
[rows 306 to 339 of 347, columns 608 to 683 of 720]
601.8 606.4 613.1 617.5 621.7 625.6 629 632.6 636.1 639.7 641.6 643.3 645.9 647.3 648.4 649.4 649.6 650.2 652.3 654.3 656.7 658.8 661 662.9 663.3 663.2 663.4 670.9 671 667.6 669.5 670.9 671.6 672 672.2 672.6 677.1 669.8 670.3 671.2 672 673 674.2 675.3 676.3 678.2 680 682.5 684.9 687.8 690.8 693.4 696.6 699.2 698.8 702.1 703.5 705.5 708.3 709.7 711.3 712.5 715.8 717.7 727.2 732.9 739.2 744.8 751.8 756.4 756.8 751.3 -9999 -9999 -9999 -9999
596.3 600.8 606.5 613 619 622.3 626.3 629.1 632.4 635 637.3 640.2 642.8 645.2 645.4 646.3 647.8 649.1 650.5 652.5 654.8 656.9 657.8 659.2 659.6 660.6 661.4 662.5 664 665.3 666.3 667.2 668 668.2 668.4 668.7 666.5 667.9 668.8 669.9 671.1 672.2 674.6 676.8 677.9 681.1 682.7 685.1 686.7 691.2 693.3 696 697.8 699.4 700.1 700.4 698.3 698.8 700.1 700.7 701.5 702.9 703.6 704 709.1 713.2 718.1 721.5 724 724.6 721.8 715.8 702.7 693.3 -9999 -9999
584.7 592.2 600.4 607.8 614.6 618.7 621.3 625.8 630 633.7 636.6 637.9 640.3 642.7 644.3 645.9 648.5 649.9 649.7 651 652.7 653.9 655.4 656.5 658.2 658.8 659.6 660.6 661.5 661.7 662.9 663.5 664.5 664.1 663.1 664.1 665.6 666.7 669.1 671.4 674 676.5 678.6 680.9 682.4 684.1 686.9 685.3 691.8 691.2 692.6 692.5 694.2 696 697.9 687.6 685.8 699.1 698.3 697.6 696.9 696 695.5 692.7 693.8 694.6 693.6 691.3 689.8 686.5 681.8 674.5 665.4 655.7 642.4 628.2
564.5 575.5 586.6 582.1 601.6 605.2 608.9 614.2 620.9 626.8 631.9 635.6 638.9 641.4 643.2 644.6 645.8 647.5 648.8 650 652.1 653.2 653.2 654.1 655.3 656 657 657.9 658.4 659.4 659.8 660.6 662.1 660.9 663.1 665.5 667.6 669.4 672.3 674.5 675.7 677.9 679.9 680.8 680.2 680.9 680.5 681.3 680.7 679.8 680.9 682.3 683.9 684.8 685.8 686.7 687 687.2 686.8 686.3 685.6 684.6 680 672 675.2 673.2 670.7 668 662 655 644.1 641.5 632.1 623.4 612.2 599.7
525.4 538.6 528.2 557.4 562.7 567.8 575 587.6 600 600 614.8 618.6 623.8 630.1 636.4 638.8 642.7 644.9 646 647.8 649.6 650.5 651.3 652.5 653.7 655.3 654.5 654.8 656.2 657.1 657.9 655.1 659.9 662.2 663.8 665.5 665.5 666.3 668.8 669.1 669 668.3 667.6 668.8 664.4 666 662.4 663.1 664.6 665.6 666.5 667 668.1 668.2 668.4 668.6 668.5 668.2 667.4 666.6 665.2 659.7 651.6 653.3 649.8 645.7 641.4 633.9 627.3 622.3 616.3 600.5 600 591.1 581.4 572.2
457.7 468.2 477 483.9 492.4 506 520.2 532.9 540.8 548.2 555.4 567.1 580.2 592.5 602.2 612.6 611.9 627 630.6 634.3 640.1 641.2 642.7 645.3 646.8 648.8 650.8 651.5 651.4 653.4 658.7 651.7 651.7 651.3 650.3 649.2 651.5 650.1 644.6 643.6 645.4 647.6 649.9 641.4 645.9 645.9 647.1 647.9 649.2 650.1 651 652.4 652.8 653.4 654.1 653.9 654 653.3 652.4 643 632.1 622.1 614.9 616.3 612.8 609.3 606.3 600.5 595.1 589.5 583.1 576.3 568.4 562 554.6 547.4
372.2 380.1 388.4 397.5 407.3 415.8 426 435.7 446.6 460.2 471 481.7 493.5 505.3 519 530.9 545.7 562.3 573.6 578.8 586.9 591 601.9 603.2 613.1 622.3 629.9 631.4 633.1 630.4 634.8 643.4 617.6 638.9 633.5 617.6 616.9 614.3 610.2 611.4 612.4 613.8 611.9 612.9 615.1 615.8 617 618.8 619.7 621.2 622.3 623.9 598.7 597.9 597.1 621 619.5 613 602.9 593.6 589.6 586.8 582.9 584.5 580.3 575.8 568.2 565 563.7 556.8 551.9 544.7 539.3 534.7 527.6 522.2
288.8 296.2 301.6 307 313.7 324.5 332.6 341.1 348.8 355.2 365.4 371.5 380.9 390.9 402.6 415.6 430.2 445.5 459 474.8 491.7 502.1 510.6 522.1 537.8 552.8 560.8 565.4 574.7 581.9 586.3 586.4 586.9 586.9 569.2 563.9 562.4 568.8 559.1 558.4 558.4 554.2 553.8 553.7 554.4 549.9 550.1 550.3 558.6 558.7 559.4 559.9 560.2 560.6 560.8 552 554.7 550.8 549.4 548.3 546.3 544.5 539.1 538 534.9 534.1 531.6 527.9 524.6 520.5 516.7 512.5 509.2 507.4 503.8 500.2
224.5 229.5 234.2 238.1 242.1 247 247.6 253.4 259.7 262.9 265.4 267.9 271.1 274.6 279 284.4 293.8 306.9 320.2 335.9 354.2 373.2 388.3 404.5 421.4 432.1 445.6 461.1 474 484.8 486.1 493.1 494.1 495 494.7 493.5 492.6 491.5 480.2 478.7 475.6 482.4 482.2 482.2 482.9 484.2 485.8 487.6 489.9 492.5 494.9 495.9 484.7 485.6 482.6 490.1 488 487.1 487.5 487.9 487.6 485.8 489.7 488.9 486.4 486.4 485 483.4 481.8 480.5 479.5 478.4 478.5 478.7 479.1 479.6
171.6 170.1 168.4 167 170 176.6 183.3 185.6 184.4 183 181.9 180.9 179.9 179.4 179.2 183.1 189.7 208 212.9 228.4 238.6 246.8 275.4 273.4 296.2 310.9 325.7 340.6 355 363.3 368.9 380.3 394.4 398.4 387.2 393.2 398.9 401.6 401.3 400.9 401.3 409.6 406.2 409.2 410 419 420.8 422.4 425.1 426.1 427.5 420.2 421.5 422.6 425 425.8 426.1 426.3 427 426.4 427.1 427.3 431.5 430.7 431.4 430.9 434.2 434.2 445.5 447.8 448.7 449.8 450.4 452 453.4 459
121.8 119.9 118 116.2 114.5 136.4 115.7 120.9 126.9 127.7 125.8 124.2 122.7 121.7 124.7 135.5 144 145.5 153.1 157.9 160.1 163.6 172.3 181.7 192.6 204.8 218.2 235.8 254.6 266.9 278.4 289.2 310.5 312.1 323.6 329.4 332.9 335.4 337.6 338.6 340.2 350.3 352 353.5 357.7 362.1 363 363.9 365 367 371.3 375.3 376.9 377.3 381.4 380.4 383.8 386 387.7 388.6 390.4 392.8 394.3 394.9 401.9 406.1 408.3 409.6 411.2 412.5 414 415.7 417.5 419.7 430.5 433.6
95.8 94.2 93.1 92.2 91.1 90.1 89.2 88.6 88 93.4 92.3 92.4 95.1 95.5 99.3 98 101.7 104.5 124.1 118 128.8 140.7 151 159.3 168 177.8 188.6 201.4 210.9 222.3 234.1 246.1 257.7 270.5 274.7 282.1 288 293.1 296.6 299.8 302 302.1 314.7 309.8 314.7 320.1 326.2 335.4 334.1 337.4 342.6 343.5 353.1 346.8 349.8 356.7 361.3 364.6 366.1 366.8 369.3 372.5 373.5 378.8 380.2 382.3 383.7 385.3 386.5 388.5 390.3 392.6 394.8 397.5 405.1 408
72.6 72.2 71.6 71.5 71.6 71.8 72.8 73.6 74.2 75 75.6 77.8 82.3 85.4 89 92.6 96.1 101.4 108.1 115.6 121.7 127.9 134.5 141.5 150.9 162.4 171.4 180.6 189.7 204.9 212 224.2 235 244.4 246.2 254.4 261.8 268.7 274.5 278.4 283.5 295.7 298.4 297.9 302.4 306.8 308.5 309.9 313.9 317.2 320.6 324.5 332 334.3 337.3 341.3 342.9 345.1 346.2 347.8 349.3 350.8 351.9 352.5 353.4 355.3 357.3 359 361.2 363.3 373.3 375.5 378 380.6 383.4 386.2
62 58 58.7 60 61.1 62.6 64.3 66 68.8 70.8 74.4 77.7 80.9 84 87.4 92.1 96.5 102 106.9 112 117.5 123.5 131.1 138.8 145.8 155.5 161.2 170.8 181.1 191.7 197.8 207.4 216.1 225.5 234.2 242.7 249.9 256.2 263.3 267.7 273.9 280.1 285.4 287.4 291.9 294.2 295.8 297.2 298.7 300.6 301.9 303.5 315.7 317.3 326.4 324.2 327.3 328.4 329.7 330.7 332.1 333.3 334.8 335.1 336.2 338.2 339.8 341.3 342.6 344.4 345.8 347.8 349.5 357.2 359.3 361.1
54.6 55.8 57.3 58.8 60.5 62.4 64.3 66.2 68.7 71.6 74.7 77.9 80.9 84.8 89.5 91.6 95.7 100.7 105.8 111.4 117.8 122.9 129.9 137.2 143.7 151.7 158.6 166 173.3 181.4 192.4 197.8 206.3 214.8 223.4 233.5 239.5 248.2 252.5 259.1 265.7 271.2 275.6 279.2 282.1 285.1 287.6 289.9 292.2 293.8 295.6 297.1 298.9 300.2 313.5 307.5 313 317 318.1 319.4 320.5 322 323.3 324.3 325.4 326.4 327.4 328.7 329.4 330.6 331.3 335.2 336.3 334.6 335.7 337.1
52.1 53.8 55.6 57.2 59 61.2 63.6 65.9 68.9 72.9 75.7 78.9 82.1 85.9 89.6 93.7 98 102.5 107 112.5 116.8 123 129.5 135.7 141.9 148.9 159.4 163.5 170.8 178.5 186.5 194.4 202.1 208.9 215.6 222.6 229.6 236.5 242.6 248.4 253.6 258.7 262.9 266.8 270.3 273.2 275.7 278 279.7 281.8 283.6 285.3 287.1 288.6 300.8 302.1 303.6 308.5 307.6 307.1 308.9 310.2 311.3 312.4 312.8 313.5 314.1 314.9 317.3 318 318.6 318.9 319.2 319.4 319.1 313.6
51.1 52.9 55.2 57.1 59.5 62.5 64.8 67.6 70.9 73.4 76.5 79.6 82.4 85.4 89.1 93.4 97.3 101.8 106.6 111.8 117 122.3 128.2 133.9 140.9 146.7 152.8 159.4 166.9 173.6 179.9 186.5 193.7 200.4 206.9 213.9 220.4 230.1 236.5 242.5 248.5 253.8 258.7 258.4 261.8 265.1 268.1 270.4 273 275 276.6 278.4 280.4 282.1 283.7 285.6 291.5 300.9 295.9 300.3 301 301.3 301.7 302 302.3 302.3 302.4 301.8 301.7 307.5 306.9 306.6 300 299.6 299.1 298.4
51.3 53.5 55.8 58 60.2 63.9 65.2 68.3 71.2 74.4 77 81.1 83.3 85.9 89.3 92.5 96.5 103.8 104.8 109.7 115.1 120.4 126.3 131.3 136.5 142.1 147.7 153.7 159.9 168.7 175.1 181.4 187.8 194.7 201.8 208.5 215 221.8 228.1 233.9 239.8 245.2 250.1 254.4 258.5 262.2 265.2 268 270.6 272.9 274.3 276 277.5 278.9 280 281.2 282.3 290.9 292.1 293.3 296.6 296.3 301.5 304.5 306.5 297.4 297.7 297.9 298.4 304.6 303.9 299 298.9 298.1 297.4 296.1
51.8 54.4 56.1 58.8 61.3 64.1 67.4 69.4 72.5 75.2 77.8 80.8 83.8 87.1 90.2 93.6 97.3 101.3 105.3 109.5 114 118.5 123.5 128.3 133.3 139.2 144.5 150.4 156.2 162.3 168.5 176.5 181.8 189.8 196.1 202.8 209.5 216.3 222.9 229.6 235.8 242.1 247.8 253.4 258.4 262.8 266.7 262.9 265.9 277.1 279.9 282.9 285 287.3 289.5 283.9 286.4 288.7 290.9 293.1 295.1 296.8 300 297.5 300.1 300.6 301 307.9 307.1 306.4 305.8 306.3 306.3 305.2 305.7 305.2
52.9 54.9 57.3 60.7 62.7 65.4 67.9 70.6 73.1 75.7 76.7 79.8 82.9 86.2 89.5 93.2 96.8 100.7 104.5 108.9 113.4 117.9 122.7 127.4 132.4 137.5 143 148.6 154.5 160.4 166.9 173.1 179.4 186.3 193.2 199.4 205.5 211.9 218.2 224.5 230.7 236.6 242.1 246.8 251.6 255.5 265.1 263.9 268.5 272.6 276.9 280.6 282.4 285.6 288.3 291.4 293.8 294.9 298.6 300.7 299 300.7 302.9 304.4 306.3 307.8 314 315.6 316 316.3 316.1 316.5 317.1 -9999 -9999 -9999
54 56 58.6 59.8 62.1 64.8 67 69.7 72.1 74.9 78 80.7 83.7 87 90.4 93.7 97.3 101 105.1 109 112.8 117.3 121.5 126.3 130.6 135.4 141 146.6 152.4 158 164.4 170.4 176.9 182.7 192.4 195.9 203.1 209.9 216.2 222.3 227.9 233.3 238.4 247.2 252.8 253.5 258.7 263.3 267.9 272.2 276.4 280.2 284.3 288 291 293 294.7 296.4 303.5 300.3 303.4 306.1 309.4 311.4 314 316.2 318.6 320.8 321.6 322.4 325.5 326.9 -9999 -9999 -9999 -9999
53.7 56 57.6 59.8 61.9 64.3 66.6 68.8 71.3 73.9 76.7 79.7 82.5 85.4 88.5 91.7 95.1 105.1 108.9 113 117.1 121.7 126.3 130.9 135.5 140.6 145.3 150.9 156.2 162.1 167.7 173.5 179 185.1 190.6 195.8 198.1 205.1 211.5 217.9 224.6 230.1 235.5 240.5 245.1 249.6 254 257.7 261.4 264.5 267.8 281.9 274.2 277.8 281 284.7 288 291 294.2 297.1 300.2 303.4 304.9 306.6 307.7 314.6 317.5 313.8 316.9 -9999 -9999 -9999 -9999 -9999 -9999 -9999
53.5 55.3 57.3 59.3 62 63.9 65.8 68.8 71 73.6 76.5 79.5 82.2 85.2 88.5 91.7 94.6 98.4 102.1 110.1 114.7 119.3 124.1 129 134.2 138.8 143.5 148.8 153.4 159 164.2 165 170.6 178.2 184.1 189.9 195.7 201.9 207.8 216.6 220 226.3 232.4 238 243 247.7 252.1 256.7 260.8 264.5 267.9 271.3 274.1 276.9 279.3 281.4 283.6 285.3 287.2 288.7 290.6 306.4 295.5 298.9 301.6 304.6 307.3 310.5 317.1 318.7 322 325.8 330.2 326.8 -9999 -9999
53.9 55.8 57.4 59.3 61.6 63.6 65.9 68.3 70.7 73.1 75.9 78.7 81.5 84.5 87.6 90.6 94 97.2 101.7 104.9 109.1 113.4 118 122.3 126.9 131.8 136.8 141.7 147 152.1 157.5 163 168.1 173.8 179.6 184.6 190.2 196.2 201.7 207.3 212.9 218.2 223.7 229.6 234.2 239.7 244.9 249.5 254 258.2 261.9 265.7 269.2 272.1 275.1 277.6 280.2 282.9 294 297.3 299.9 292.5 296.3 298.5 300.8 303.4 305.6 307.9 310.7 312.8 320.4 322.4 324.6 327.9 -9999 -9999
52.2 54.2 56.3 59 60.9 62.9 65 67.1 69.5 71.9 74.3 77 79.6 82.5 85.4 88.4 91.7 94.9 98 101.6 105.3 109.3 113.4 117.4 122 126.3 131.1 135.9 140.4 145.5 150.5 155.8 161 166.2 173.6 178.9 184.3 188.2 194.1 199.5 205.4 210.6 216.2 221.2 226.4 231.6 236.3 242.2 246.4 251 255.7 260.1 264.2 268 271.8 275 278.3 281.3 286 289.1 292.1 295.2 297.9 298.3 300.6 303.4 305.7 308.2 310.7 312.9 315.3 317.7 324.6 327.5 329.6 333.1
53.3 51.8 53.8 55.8 58.7 60.9 63.4 65.3 67.5 69.7 72.2 74.3 76.9 79.4 82 84.7 87.4 90.6 93.9 97.2 100.8 104.2 107.9 111.9 115.7 119.5 123.7 128.1 132.5 137 141.2 146.4 151.2 155.9 161 165.9 170.7 175.9 181 186 191 196.4 201.5 206.1 211.2 216.1 220.8 226 230.9 236.7 240.1 244.4 249.2 253.7 258.1 262.1 265.8 269.3 273.2 276.2 279.6 282.6 285.9 288.9 291.9 294.7 297.3 300.1 303 305.5 308.2 311 313.6 316.6 323.4 326
48.9 49.9 51.3 56.5 54.7 56.5 59 61.6 64.3 66.7 68.4 70.7 73 75.2 77.5 79.8 82.3 85.3 88.3 90.9 94 97.2 100.4 103.6 106.9 110.6 114 117.7 121.6 125.3 129.2 133.2 137.5 141.4 145.9 150 154.4 158.8 162.5 167.3 171.7 176.3 181 184.8 189.4 193.7 198.5 202.8 207.2 211.5 215.8 219.9 224.1 230.4 232.8 236.9 241.3 245.6 249.5 253.3 256.8 260.2 263.9 267.3 270.6 273.7 277.2 280.2 283.5 286.6 289.5 292.9 296.2 298.9 302.3 305.5
47 48.2 49.2 50.3 51.6 52.9 54.2 59.8 57.7 60.4 62.8 65.4 68 69.7 71.9 74.1 76.2 78.2 80.6 83.4 85.8 88.4 90.7 93.8 96.4 99.3 102.4 105.7 108.3 111.4 114.5 117.6 120.8 124.4 127.7 131 134.7 138.3 141.9 145.4 148.7 152.3 156.2 159.3 163 166.4 170.5 174 177.7 181.3 184.9 188.4 192.2 195.6 199.6 202.9 206.4 209.9 213.3 220.1 221.1 225.1 228.9 232.8 236.2 239.5 242.7 246 249.1 252.2 255.1 258.1 261.4 264.2 267.4 270.3
44.3 45.1 46.3 47.4 48.1 49.2 50.5 51.5 52.8 54.1 55.5 61.2 59.1 61.4 63.7 66.1 68.7 71 72.8 74.7 76.5 78.7 80.8 83 84.7 87.3 89.6 91.9 94.4 96.7 99.1 101.5 103.9 106.6 109.4 111.8 114.5 116.9 119.7 122.5 125.2 128.1 130.9 132.9 135.9 138.4 141.6 144.5 147.3 149.9 152.9 155.5 158.3 161.4 164 166.7 169.6 172.6 175.1 178 180.9 183.5 186.4 189.2 191.7 194.4 201.7 200.9 204.4 208.2 211.8 214.3 217 219.4 222.2 224.5
41 42.3 42.8 43.9 44.5 45.5 46.1 47.3 48.6 49.4 50.3 51.3 52.5 53.7 54.8 56.1 61.9 59 61.3 63.9 66.3 68.6 70.6 72.2 73.8 75.5 76.8 78.3 80 81.7 83.7 85.6 87.5 89.4 91.1 93.1 95.1 97.3 98.9 101.2 103.4 105.3 107.3 108.8 110.9 113 115.1 117 119.4 121.1 123.3 125.5 127.8 129.8 131.7 133.7 135.9 137.9 140.2 142.2 144.2 146.2 148.2 150.5 152.1 154 155.6 157.1 158.9 160.3 162.3 163.7 166.2 168.1 171.4 174.2
37.1 37.8 38.4 39 40 40.7 41.4 42.1 42.9 43.7 44.4 45.4 46.3 47 48.1 49.2 50.3 50.9 52.1 53.2 54.1 54.9 56.4 61.9 59.9 61.9 64.3 66.3 67.6 69.2 70.3 71.8 73 74.5 75.8 76.9 78.4 80 80.9 82.6 78.8 79.9 81.8 83 84.6 86 87.5 88.8 90.2 91.8 93.4 94.8 96.2 97.6 99.2 100.7 102.3 103.7 105.2 106.8 104.1 105.6 107.4 108.9 110.3 112.1 113.7 115.2 116.7 118.3 120.1 121.5 123.3 124.7 126.5 127.9
32.5 32.8 33.5 33.9 34.4 35.3 35.5 35.9 36.8 37 37.7 38.4 38.8 39.4 40.1 40.7 41.3 42 42.6 43.1 43.7 44.5 45.2 44.4 45.8 46.9 48.3 49.3 50.1 50.7 51.8 52.8 53.6 54.6 55.1 56.3 57.2 58.1 59.2 59.9 61.2 62.2 63.1 63.8 65 66.1 67 68 69 70.5 71.4 72.3 73.3 74.3 75.2 76.4 77.8 78.8 80 81 81.9 83.1 84.5 85.6 86.5 87.5 88.7 89.8 90.8 91.8 93 94.2 95.4 96.5 97.6 98.8
28.9 29.4 29.9 30.4 30.8 31 31.4 32.1 32.4 32.8 33.1 33.7 34.2 34.4 35 35.6 35.9 36.4 36.7 37.3 37.9 38.3 33.8 34.6 35.3 36.4 37.1 37.8 38.6 39.6 40.7 41.4 42.5 43.6 44.8 45.9 47.1 48.2 48.7 49.5 50.1 51 51.5 52.3 53.1 53.8 54.5 55.2 56 56.7 57.2 58.1 59 59.8 60.7 61 61.9 62.9 63.6 64.2 65 65.8 66.6 67.4 67.9 68.8 69.6 70.5 71 71.9 72.8 73.6 74.4 75.1 75.8 76.6
25.3 25.5 25.9 26.3 26.7 26.9 27.3 27.6 28.1 28.3 28.8 28.9 29.1 29.7 30 30.4 30.7 31.1 31.4 31.9 32 25.9 26.4 26.9 27.5 27.8 28.2 28.7 29.3 29.7 30.5 30.7 31.6 32.3 32.7 33.4 34.1 34.7 35.4 36.3 36.8 37.5 38.1 38.7 39.6 40.8 41.7 42.4 43.3 44.1 45.1 46 46.9 47.3 47.8 48.4 49 49.5 50.1 50.4 51.1 51.8 51.9 52.7 53.1 54 54.4 54.8 55.4 55.9 56.2 57.1 57.4 57.9 58.4 58.8
