datasets/global_precipitation_1950_2017/rasters/precip_1976-total.asc
NCOLS 720 
NROWS 347 
XLLCORNER -180 
YLLCORNER -90 
CELLSIZE 0.5 
NODATA_value -9999 
[rows 34 to 67 of 347, columns 456 to 531 of 720]
545.2 540.2 520.8 509.3 493.3 483.1 473.8 465 458.2 455.4 459.5 463.1 465.9 467.8 465.2 461.5 456.8 455.8 450.5 445.5 438.3 425.9 410.9 394.5 376.7 365.8 371.7 385.9 398.2 406.7 411 410.2 404.7 395.1 382.7 363.8 349.8 359.7 414.7 498 423.9 348.9 334.2 334.4 338.3 341.2 342.2 339.9 334.7 327.5 330.5 339.5 347.8 353.5 355 355.5 357.6 359.2 360.1 357.1 356.2 355.3 352.2 350.5 347.4 348.4 348.9 348.6 349.3 349.9 346.6 343.4 341.5 343.4 349 352.8
586 581.6 575.4 561.1 541.9 525.2 511 501.6 495.4 496.4 498.3 500.8 502.2 502 498.8 496.6 487.9 483.4 482.7 480.7 472.9 460.9 445.9 429 413.4 398.8 385.7 372.6 360.4 357.9 345.2 341.2 335.4 338.8 350.5 344.8 349.6 363 373.8 371.4 355.7 344.9 349.1 360.8 375 387.6 401.7 420.6 438.4 445.2 434.6 417.8 406 399.9 402 404.2 406 406 409.5 407.4 400.3 393.8 387.8 381.8 374.1 367.9 363.2 360.7 359.4 356.5 351.7 347.6 344.8 350.2 364.2 382.9
600.6 601.4 604.8 599.9 579.7 558.1 543.6 541.9 546.5 540.8 534.7 534.1 537.1 539.9 542.9 542.2 539.5 539.8 538.8 531 518.9 506 492.5 481.1 467.5 449.3 428.9 407 382.1 362.8 348.6 335.7 326.2 320.2 356.4 373 375.8 376.5 375.4 374 365.3 368.2 374.7 391.3 408.2 421.9 437 452.9 463.6 472.9 469.1 455.8 443.8 437.5 436.6 436.6 434.9 429.4 422.5 418.8 420 422.6 421.8 417.6 411.7 403.6 394 385.7 379.3 375.6 373.6 366.2 368.6 375 390.9 405.8
599.5 592.6 587.4 582.5 572 558.6 548.6 542.5 537.2 538.2 541.2 548.7 560.8 580.5 595.4 587.3 566.9 549.5 538.7 531.4 525.2 519.5 515 509.3 502.4 495 484.5 466.1 442 417.5 398.8 385.3 381.8 391.3 407.9 413.7 409.1 405.3 403.5 401.9 399.5 396.7 398 405.1 414.6 424.5 432.8 439.5 446.2 451.4 454.6 454.8 453.8 455.4 457.5 457.4 454.8 451.2 446.4 446.2 454.2 463.4 465.6 462.8 458.8 455 451.7 448.4 442.8 436.8 429.9 420.9 411.9 410.9 421.7 422.1
550.6 549.1 551.1 559.1 565.7 560.1 550.9 540.4 526.9 523.1 522.4 528.1 544.5 566.6 586.7 583.9 562.6 539.1 517.8 507.6 513.1 514.9 512.7 508.9 506.6 507.4 504 495.2 480.9 461.4 442 426.7 417.1 414.2 419.7 425.2 428.5 431.3 429.7 423.2 413.6 403.9 396.8 396.6 403.5 414.4 424.1 432.2 438.2 443 447.4 451.6 455.1 461.3 465.6 471 477.8 487.1 500.2 522.5 535.6 521.6 507 498.4 495 495.7 497 496.5 493.2 489 482 471.1 453.5 445.2 437.7 427.6
492.8 511.8 532.9 551 568.8 577.9 575.6 557 531.8 503.2 476.5 466.6 481.6 506.8 531.5 545.2 547.9 543.7 536.3 529.4 522.7 514.4 505.2 497.5 495.6 497 502.5 513.3 511.4 472.8 442.9 433.6 428.3 416.4 415.6 433.5 452 462.7 451.9 434.4 415.5 396.2 380 378 395.5 416.2 432.8 439.5 439.2 437 440 445.4 452.3 457.2 465.1 471.1 475.3 478.5 479.5 479.4 478.2 480.4 486.9 493.8 502.7 510.8 518.8 524.3 522.7 516 504.3 489.3 469.5 451.2 440.4 430.9
511.1 527.7 546.5 562.7 585.9 606.7 603.8 580.5 550.1 519.1 491.2 474.4 484 509.2 534.4 554.5 564.7 567.2 563 551.5 535.8 515.3 495.3 476.6 465.8 466 471.1 472.9 457.6 421.1 408.5 436.8 462.9 465.4 456 456.3 460.9 462.7 458.6 447 429.3 412.7 398.1 397.6 408.5 425 436.7 438.9 438 438.9 443.1 443.4 449.7 455.8 460.5 465 466.2 465 459.6 450.8 445.1 452.6 465.8 478.2 488.9 499.9 508.3 512.8 514.4 506 489.4 470.4 455.2 439.7 428.9 425.7
534.4 543 550.6 560.8 573.6 584.6 584 572.8 556.3 541.2 529.3 524.5 528.8 544.4 564.4 581.9 592.4 596.2 594.8 581.4 561 534.5 494.6 458.9 431.3 422 433.1 443.9 445.9 442.4 439.7 443.4 448.4 450.9 455.3 471.4 492.6 497.2 493.4 482.7 467.3 450.6 440.6 434.8 433.1 433.9 435.9 440.6 443.4 445.7 447 451.6 458.2 463.9 466.9 469.3 469.5 466.4 462.9 457.5 454.9 452.2 454.1 456.5 459 461.8 465 465.7 464.1 460.2 448.6 436.6 422.8 408.2 393.1 384
544.1 557.2 558.7 539.3 519.6 523.1 534.4 538.5 538.8 535.3 532.9 533 538.5 552.1 570.4 589.5 608.3 621.3 631.6 638.3 618.1 576.2 528.1 484.2 451.4 457.9 468.7 461.7 455.8 450.6 442.5 436.9 431.2 425.9 424.3 425.1 510.4 531.6 519.1 505.7 498.5 493.3 494.8 506.5 503.6 487.3 477.5 467.8 462 455.3 452.9 458.5 465.6 472.7 480.2 485.8 488.2 486 476.4 465.2 453.6 443.1 435.2 431.1 427.6 423.6 422.8 421.4 422.3 421.9 417.2 411.2 403.7 390.7 381.7 370.5
521 527.1 523.6 509.7 490.7 508.9 516 522.9 523.7 522.4 521.3 522.9 527.6 541.8 564.8 591.4 616.2 641.2 669.3 690.8 675.9 627.7 567.6 523.9 496.2 482.8 477.2 472.4 465.8 457.9 449 443.3 436.6 428.3 440.8 473.8 505.7 514.8 504.4 491.7 481.6 479 482.6 499.6 526 537.5 508.1 484.6 473.9 470.1 472.2 468.4 464.9 473.8 482.4 487.8 492.4 491.1 481.9 467.7 451 435.1 423.3 415.3 411.5 406.5 406.1 411.1 413.6 414.7 413.3 409.7 406.5 403.5 398 397.4
483.9 486.2 492 498 506.6 520.8 528.1 525.6 518 512 509 508.9 512.2 524.3 545.8 575.2 604.4 628 645.4 636.5 623.8 586.5 545.8 516.7 496.8 486.1 478.2 470.7 465.6 458.8 459.5 465.2 478.5 489.2 490.5 485.8 487 486.5 480 467.7 454.7 449.4 448.8 463.9 476.3 474.8 460.4 464.1 464.3 450.3 412.5 469.3 477.6 481 485.6 489 493.4 493.8 483.1 461.9 436.6 420.3 413.6 404.1 394.7 394.2 401 408.7 414.4 418.4 419.6 421.6 422.7 421.8 423.3 428.8
414 448.2 492.9 514 507.2 497.6 497.9 504.8 504 495.3 484.3 479.9 485.8 502.7 529.5 559.1 595.1 609.2 596.7 567.6 531 492.1 470 471.4 500.4 498.7 465.6 443.4 432.6 428.2 431.6 442.7 467.5 504 504.2 479.6 462.5 464 469.8 472.7 473.4 482.1 486.8 482.8 483 481.9 481.6 484.6 482.6 480.7 483.1 489.8 494.4 496 497.3 500.5 509.1 513.9 509.6 498 456.5 428.9 421.6 410.1 398.3 397.9 406.6 414 421 426 431 434.8 437.2 438.6 441.8 447.9
265.6 407.8 499.2 539.8 519.4 499.5 505.4 523.5 525.4 509.9 483.1 459.7 438.1 501.8 506.1 533 575.2 573.3 535.9 497.2 450.6 404.3 386.5 394.5 408.3 405.9 394.6 383.5 379.6 381.4 390.3 393.7 394.4 405.5 415.1 415.5 413.2 415.9 426.9 452.8 492.9 540.2 541.3 518.6 510.7 514.1 517 520.6 524.7 529.6 530.1 526.5 521.2 518 509.6 501.4 494.1 483.9 479.1 453 438.5 438.8 434.1 429.1 426 424.6 431 438.5 438.5 431 431.1 437.4 440.6 441.6 446.6 448.2
311.8 379.7 463.7 514 537.2 551.5 574.3 603 611.3 583.3 533.9 488.1 458.3 448.5 440 433.4 424 416.5 419.8 433.8 424.8 386.2 333.4 282.1 273.3 282.1 316.8 330 330 337.8 349.7 370.7 378.4 373.4 394.8 400.4 387.3 377 351.9 375.4 440 484.4 500.6 513.2 532.8 541.6 547.1 555.7 575.4 597.5 607.8 594.3 565 533.9 506.4 483.4 466 455 444.1 433.5 427.7 427.4 426.5 421.3 417.5 419.8 429.6 448.8 435.5 403.4 398.9 409.6 419.7 427.2 430.5 432.6
473.3 511.7 543.9 569.6 587.7 598.1 618.5 656.5 678.3 635.7 557.1 480 416.1 394.9 396.3 389.1 368.4 328.6 396.6 418 429.3 417 376.7 345.6 333.5 346.7 351.6 336.1 326.4 333.2 349.4 366.5 385.6 396.8 404.6 404.9 400.3 397 396.3 416.6 456.9 489.6 497.4 510.2 528.7 539.4 546.4 559.7 578.6 598.6 607.6 589.4 551.9 509.8 476.1 455.1 453.6 457.4 436.6 407.2 384 404 416 418.4 422.9 422.3 398.2 387 375.5 356.3 365.9 379.9 381 392.6 397.5 402.4
547.4 583.7 599.1 602.4 602 602.7 603.6 608.3 607.8 577.4 526.9 470.3 433.2 427.8 409.6 383.5 351 417.7 449 444.3 455.3 406.4 376.8 386.7 356.1 326.3 352.1 355.4 363.1 376.2 389.3 400.1 406.7 412.6 415.2 414.6 415.2 422.1 433.5 445.6 460 471.9 480 488.4 495.5 499.7 504.2 511.6 520.1 531 535.7 528.4 502.7 469.8 441.9 421.7 407.1 407.9 412.5 405.7 406.9 407.2 402.3 395.6 399.9 398 362.9 353.4 379.2 388.5 393.1 399.1 401.2 398.2 391.6 381.6
520.1 566.2 602.8 620.3 619.7 606 591.2 579.7 555.3 533 510.1 469.3 431.3 390 419 455.2 477 468.6 437.5 406.2 437.4 461 422.8 334.8 361.7 343.8 338.2 350.2 379.6 408.4 430.9 426.1 428.7 425 419.8 422.5 428.9 442.8 458.5 472.5 456.5 466.5 480.9 472.1 459.8 451.2 445.2 444.6 447.8 454.1 461.2 464.7 465.8 455.7 436.5 423.9 427 405.6 385.5 389.6 391.3 387.9 383.1 377 379.4 379.4 379.1 388.5 406.8 419.8 408.5 408.8 409.9 400.7 380.5 371.4
466.6 511.1 556.9 596.1 593.7 575.8 578.6 572.8 548.8 525.3 503.1 484.2 457.1 436.6 415 473.6 494.7 459.6 401.8 329.7 439.5 465.9 410.6 379.7 362.4 359.2 346.2 350.2 373.5 390.9 417.5 448.9 442.1 424.6 414.5 416.2 427.4 451.9 469.8 469.4 474 499.6 504.8 467 438 421.6 425.7 421.2 419 425.8 438.6 455.9 474.7 480.7 458.6 427.7 400.3 358.6 401.2 400.2 393.8 385.9 376.8 378.7 382.1 384.9 390.5 400 412.2 421.1 428.6 434.3 409.7 356.5 315.2 346.7
383.3 416.8 461.6 459.7 469.6 514.7 529.2 530.5 517.9 497.6 485.3 481.5 472.3 470.4 457.2 452.5 444.3 420.2 428.1 471.9 533.2 479.4 422.8 382.3 372.5 371 362.6 354.3 352.7 355 376.2 396.1 407.3 407.6 389.5 379.3 394.7 413.6 424.6 433.8 439.3 437.7 424.8 405.8 391.1 385 393 414.2 427.8 435.9 441.5 451 477.2 507 468.2 432.4 405.1 390.6 394.1 404.2 408 408.1 406.8 404 401.5 399.8 399.4 406.1 412.8 418.9 429.3 438.4 438 425.9 414.9 415.4
382.6 427.6 484.8 508.1 529.9 557 561.8 550.9 531.8 483.5 446.8 481.5 453.8 461.4 457.5 437.3 426.9 450.4 475.1 487.3 476 434.1 385.1 352.1 365.8 385.6 386.5 360.9 338.3 316.6 354.3 395.2 379.5 376.5 376 357.4 306.9 347.7 392.8 395 373.8 345.8 330.5 332.6 341.2 349 380.3 416 447.6 454.3 431.4 417.9 416.2 422 424.7 410.3 382 371 390.4 417.4 442.8 443.3 431.6 422.4 408 404.7 406.3 412.1 413.3 416 428 444 468.6 492.3 483.3 449.5
495.4 546.9 581.5 587 585.6 584.2 556.3 561.7 569.1 513.1 503.6 514 488.9 487.8 467.4 458.6 473.5 504.7 480.4 462.7 436.9 410.6 384.6 354.7 311.9 334.8 353.2 341 338.1 325.7 314 326.8 342.3 347.5 349.1 350.3 344.8 358 377 352.7 316.1 284.8 256.7 268.9 310.2 349.5 380.9 405.6 419.9 421.3 406.7 396.6 397.7 394.5 376.3 370.6 359.6 358.3 383.6 430.5 475.2 455.2 417.6 399 390 385.7 393.3 408.4 417.5 418.7 418.3 392.7 416.7 498.2 496.8 402.7
558.3 597.6 673.8 608.6 565.1 532.9 516.9 511.8 497.2 426.6 398 426.5 437.6 446.6 448.6 456.4 478.4 482 434.2 352.4 373.6 420.6 422.6 402.5 366.6 352.6 350.9 347.1 346 322.4 290.5 296.2 315.9 324.8 332.2 338.5 328 316.5 305.9 294.9 283.5 288.1 287 294.5 322.3 356.3 384.4 391.2 393.8 391.9 405.4 400.4 377 364.5 346.6 320.3 294.3 283.7 318.5 367.9 394.6 389.2 364.4 367.1 372.8 352 362.9 389.9 409.8 418.7 428.9 446.1 476 468.3 451.2 433
537.4 553.3 564 556.6 511.1 480.3 488.7 479.8 460.1 424 393.7 426.2 422 420 411.1 431.1 465.9 497.3 501.2 493.8 503.9 535.9 575.5 575.2 479.5 413.4 405.8 374.6 345.4 298.7 256.6 286.4 325.1 331.1 322.6 317.7 304.3 285.3 260.2 282.4 308.7 325.3 327.5 331.2 341.8 354.9 368.4 363.6 350.1 338.6 340.5 343.3 317.5 300.4 305.1 339.9 312.5 176.1 263.4 356.5 408 369.4 286.7 225.9 272.3 300.7 330.7 385.1 399.7 364.5 452.7 477.5 386 392 405.2 378.7
455.4 490.9 512.5 527.4 527.8 502.1 476.7 476.5 482.7 515.4 463.4 410.6 419.6 433.5 442.6 455.2 465.7 532.7 549.9 536.7 533.5 547.3 546.4 457.1 352.4 353 371.1 363.4 339.3 315.4 306.6 323.3 350.2 334.3 317.4 295.9 296.7 317.7 317.3 317.9 327.9 370.3 409.7 357 338.9 340.1 352 326.2 317.6 312.9 310.2 316.2 300.9 269.6 249 286.2 291.5 303.8 287.6 306.7 314.7 297.4 298.8 281.4 269.8 247.2 249.6 363.6 390.2 442 445.9 427.2 413.5 411.4 414 439.5
330.5 403.5 515 565.3 497.3 468.8 445.5 455.1 443.5 433.3 427 428 442.2 414.8 431.4 466.6 489.6 530.6 574.2 538.7 468.3 425.5 385.6 350.1 314.8 321 340.4 342.4 316.4 305 309.2 323.6 327.5 317.5 322.8 320.6 328.7 350.7 350.6 337.8 318.2 314.7 294.1 288.6 307 314.8 299.6 270.9 288.1 302.4 306.5 312.1 323 362.1 306 277.6 279.3 269.4 257.6 256.2 269.3 283.9 288.5 286.6 289.6 307.3 334.4 403.3 395.6 392.2 359.4 400.7 417.2 422.6 417.8 398.1
448 456.1 469.3 474.8 452.5 446 415.4 391.8 338.5 277.6 322.4 403.2 438.4 412.7 396.7 392.5 464 528.7 637.4 566.2 430.6 360.3 312.1 317.1 318.8 321.1 319.6 286.7 259.1 295.7 328.2 357.1 365.4 352.7 341.7 344.9 344.3 349.8 360.8 362.9 351.2 323 297.7 280.9 271 270.5 270.8 263.4 239.9 271.2 307 314.8 299.5 260.8 231.1 248.3 238.5 230.2 236 216.4 233.7 271.7 285.3 289.9 305.2 320.7 327.9 342.7 358.1 369.5 398 424.9 420.5 461.2 459.1 436
493.7 459.5 459.8 491.2 552.5 503.3 381.5 385.2 373 343.5 345.2 369.1 388.7 387.2 384.5 394.7 418.3 450.6 474.2 449.2 378.4 306.4 288.6 311.2 334.4 344.3 315.8 295.7 273.7 309.4 364.8 423.1 366.6 349.1 356.5 359 336.2 336.1 342.1 357.4 352.2 315.2 278.2 286.3 301.6 281.5 265.8 249.6 245.1 254.6 263.4 257.1 244.2 249.5 257.6 249.7 262.8 258.2 254.9 245.8 260.8 280.9 284.6 295.9 317.1 348.6 324.2 336.7 345 349.9 368 374 430.1 475.9 485.2 468.6
492.2 453 445.9 447.4 436.9 401 338.7 366.3 350.9 366.1 370.9 372.9 376.8 378.4 375.8 377.3 401.9 420.4 420.5 398.5 361.2 324.6 308.3 315.9 328.5 309 256.7 305 330.1 346 325.6 317.7 303.4 299.4 290.2 292.3 293 263.6 272.6 303.2 302.7 253 256.5 258.6 256.6 266.8 262.9 253.4 250.4 245.8 230.2 216.2 232.4 238.8 237.8 233.3 242.9 258.9 271.5 267.5 268.3 287.8 286.9 308.5 319 265.7 277.4 352.8 417.9 484.4 473.5 484 533.9 570.7 549 546.6
543.5 454.1 439.8 404.8 373.2 363.7 350.8 348.9 355.7 367.4 376.4 381.9 371.7 362.4 367.5 379.2 392.9 428 465.8 380.8 325.8 302.2 286.2 293.6 317.8 305.7 313.7 317.9 316.3 307.8 278.4 255 246 248.9 270.2 285.9 298.2 283.4 265.8 258.8 248.8 241.7 262.8 256.1 238.2 255.1 263.9 275.8 275.2 276.3 271.7 262.5 260.1 262.2 255.6 218.6 238.9 271.7 317.9 264.5 230.7 246.7 230.4 305.9 351.5 354 368.5 411.4 472.5 520.7 507.9 503.5 533.9 635.6 682.9 573
779.5 539 443 401.3 402 380.1 344.3 329.5 330.9 340.1 349.9 351.2 345.8 346.8 368 397.7 341.4 350.1 366.5 311.6 244.7 263.6 256.7 245.1 242.6 259.5 262.3 261.3 269.5 249.6 227.5 224.2 215.9 220.4 246.9 280.2 317.9 278.8 238.1 233.2 214.5 278.9 405.3 271.4 251.9 234.4 235 257 280.2 321.8 343 325.6 313.2 320 358.6 323.7 285.2 273.6 261.6 260.1 262.6 274.6 290.3 327.7 367.5 394.1 431.3 450.2 460.8 412.7 459.4 459.7 358.3 479.5 531.6 589.9
347.4 373.5 358.4 334.7 344.8 336.2 316.2 327 324 311.2 294.5 287.3 290.3 312.5 330.2 327.6 284.3 281.5 295.5 287.5 277.1 271.6 255.5 248.7 234.2 225.4 204.5 179.8 170.4 149.9 199.7 207.4 204.8 210.6 231.2 236.8 225 233 203.2 228.1 256.3 281.3 264.8 243.5 241.7 216.3 261.9 254.4 275.6 297.8 310.3 305.8 303.3 301.2 308.5 291.4 275.2 257.4 241 235.7 236.9 266.4 313.6 330 358.4 388.2 413.7 536.3 610.6 559.6 535.3 532.8 529.6 470.4 481.2 527.3
321.7 323.5 280.7 297.6 316.4 316 330 329.1 301.6 282 264 264 271.1 270 278.2 295.6 270.7 274.5 323.6 285.1 272.4 255 239 236.4 216.3 201.7 185.5 178 177.6 190.4 208.4 219 223.1 236.9 247.3 247.5 255.3 271.8 262.5 253.6 253.2 250.5 240.7 243.1 248.9 259.2 281.5 288.6 292.1 282.5 263.7 259 262.4 251.7 242.2 242.1 247.4 254.8 250 230.1 202.5 238.2 293.9 317.2 338.5 368.2 447.2 582.6 620.1 627.3 597.3 553.6 480.7 392.2 437.3 508.7
347.1 359.4 303 274.8 262.8 249.6 238.8 268.3 270.5 273.7 260.1 255.9 253.7 248.5 231.8 217.5 248.5 284.3 323.6 270.5 250.3 224.6 203.3 194.9 188.5 183.6 158 154.9 182.9 209.9 222.4 247.1 297.3 278.6 290.5 244.8 269.3 354 323.2 284.7 258 234.8 230 238.4 248.3 257.2 274.4 281.9 282.1 276.3 277.5 269.5 250.3 236.2 225.2 232.9 259.7 304.1 302.7 268.6 256.8 261.4 284.8 300.2 298 346.5 422.4 448.1 567.6 699.5 581.5 577.1 560.2 531 540.3 558.2
288.5 249.9 216.7 197.1 215.2 220.9 228 234.3 240.2 243 248.3 244.1 229.5 222.7 220.3 223.9 238.7 256.9 259.5 226.6 227.4 221.3 209.2 190.2 172.2 158.2 132.1 133.1 158.6 192 228.5 240.7 246 249.7 239.1 199 178.3 239.2 257.2 241.9 223.2 216 219.3 224.6 236.5 249.7 261.2 286.8 281.6 266.3 315.2 308.1 271.3 234.4 172.6 185.3 242.5 293.7 290 259.8 255.3 251.8 262 291.6 328.1 368 394.1 406.1 451.5 447.4 563.2 525.2 637.4 548.7 508.6 525.8
