datasets/global_precipitation_1950_2017/rasters/precip_2005-total.asc
NCOLS 720 
NROWS 347 
XLLCORNER -180 
YLLCORNER -90 
CELLSIZE 0.5 
NODATA_value -9999 
[rows 102 to 135 of 347, columns 304 to 379 of 720]
-9999 -9999 -9999 -9999 -9999 -9999 -9999 -9999 -9999 -9999 -9999 -9999 -9999 -9999 -9999 -9999 -9999 -9999 -9999 -9999 -9999 -9999 -9999 -9999 -9999 -9999 -9999 -9999 -9999 -9999 -9999 -9999 -9999 -9999 -9999 -9999 -9999 251.7 209.4 183.5 171.2 245.4 366.7 381.8 366.2 182.9 105.8 92.1 174.8 350.9 235 149.2 137.2 131.9 149.5 151.5 156 152 137.9 98.2 60.3 34.7 29.6 36.9 31.7 30 29.6 33.4 39.6 40.4 41.3 43.6 43.2 48.5 58.6 81.1
-9999 -9999 -9999 -9999 -9999 -9999 -9999 -9999 -9999 -9999 -9999 -9999 -9999 -9999 -9999 -9999 -9999 -9999 -9999 -9999 -9999 -9999 -9999 -9999 -9999 -9999 -9999 -9999 -9999 -9999 -9999 -9999 -9999 -9999 -9999 -9999 -9999 214.1 199.3 183.6 211.6 368.6 438.3 359.8 222.8 108.8 67.8 48.8 87.7 135.1 111.2 87.5 111.2 134.6 140.9 144.8 145.4 137 97 52.3 26.9 17.1 18.5 26.5 30.9 34.1 39.5 42.6 45.2 42 37.8 37.1 39.4 42.1 47.6 72.4
-9999 -9999 -9999 -9999 -9999 -9999 -9999 -9999 -9999 -9999 -9999 -9999 -9999 -9999 -9999 -9999 -9999 -9999 -9999 -9999 -9999 -9999 -9999 -9999 -9999 -9999 -9999 -9999 -9999 -9999 -9999 -9999 -9999 -9999 -9999 -9999 215.9 249.9 257.1 405.6 250.6 231.6 201.3 150.1 91.1 74.3 36.6 17.2 47.5 67.1 72.8 78.2 87.1 101.8 121.2 133.7 135.4 100.4 44.7 27.1 19.2 18.3 19.1 22.8 29.6 34.7 38 42.6 44.5 42.7 38.5 35.9 38.7 44.3 52.8 70.1
-9999 -9999 -9999 -9999 -9999 -9999 -9999 -9999 -9999 -9999 -9999 -9999 -9999 -9999 -9999 -9999 -9999 -9999 -9999 -9999 -9999 -9999 -9999 -9999 -9999 -9999 -9999 -9999 -9999 -9999 -9999 -9999 -9999 -9999 -9999 -9999 292.2 430.7 315.8 314.2 274.3 239.5 135.7 115.4 73.8 53.2 36.6 31.1 32.2 40.3 37.2 39.4 43.1 56.4 69.4 61.8 32.2 19.5 19.3 20.2 21.5 24.3 21.9 22.5 27.4 32.8 37.1 39.7 41.5 40.9 38.9 35 35.6 42.3 50.7 55.8
-9999 -9999 -9999 -9999 -9999 -9999 -9999 -9999 -9999 -9999 -9999 -9999 -9999 -9999 -9999 -9999 -9999 -9999 -9999 -9999 -9999 -9999 -9999 -9999 -9999 -9999 -9999 -9999 -9999 -9999 -9999 -9999 -9999 -9999 -9999 -9999 -9999 406.7 298.1 309.8 310.1 332.6 187.4 101.8 57.7 54.1 43.2 38.1 32.3 28.1 24.9 14.3 16.6 24.6 18.8 12.5 11.2 11.7 14.4 17.2 18.9 18.6 20 20.5 24.1 29.9 34.5 37.1 38.4 37.9 37.8 38.6 42.2 44.4 46 37.7
-9999 -9999 -9999 -9999 -9999 -9999 -9999 -9999 -9999 -9999 -9999 -9999 -9999 -9999 -9999 -9999 -9999 -9999 -9999 -9999 -9999 -9999 -9999 -9999 -9999 -9999 -9999 -9999 -9999 -9999 -9999 -9999 -9999 -9999 -9999 -9999 155.1 260.3 290.9 296.9 331.8 305.3 189.6 118 76.3 60.3 50.2 38.3 28.2 28.7 27.1 24.9 20.4 18.6 13.6 10.1 11.7 12.2 13.1 14.8 18.1 20.1 19.7 20.4 23.4 26.2 27.8 28.4 33.1 39.1 42.9 50 55.7 57.9 56.8 51.4
-9999 -9999 -9999 -9999 -9999 -9999 -9999 -9999 -9999 -9999 -9999 -9999 -9999 -9999 -9999 -9999 -9999 -9999 -9999 -9999 -9999 -9999 -9999 -9999 -9999 -9999 -9999 -9999 -9999 -9999 -9999 -9999 -9999 -9999 -9999 146.2 172.6 199.1 204.8 198.1 232.8 246.1 173.9 115.6 84.9 62.9 54.1 38.6 29.4 26 25.4 25 22.3 19.2 14 9.3 7 10.9 12.3 13.2 14.2 15.5 15.4 15.8 17.4 20.2 22.8 25.3 33.1 46.9 53.9 60.7 64.8 68.3 69.5 68.7
-9999 -9999 -9999 -9999 -9999 -9999 -9999 -9999 -9999 -9999 -9999 -9999 -9999 -9999 -9999 -9999 -9999 -9999 -9999 -9999 684.8 -9999 -9999 -9999 -9999 -9999 -9999 -9999 -9999 -9999 -9999 -9999 -9999 -9999 160.3 146.9 133.1 122.5 107.6 82.5 76.4 81 88 84.4 77.1 66.9 54.6 38.7 28.4 25.7 25 23.7 22.2 20.5 20.4 18.8 15.9 14.7 13.9 12.4 10.4 8.3 9.4 9.2 10.7 12.9 17.2 25.7 39.6 54 60.6 64.9 68 74.9 80.1 76.5
-9999 -9999 -9999 -9999 -9999 -9999 -9999 -9999 -9999 -9999 -9999 -9999 -9999 -9999 -9999 -9999 -9999 -9999 -9999 -9999 -9999 -9999 417.3 -9999 -9999 -9999 -9999 -9999 -9999 -9999 -9999 -9999 -9999 160.5 156.1 139.3 112.3 89.2 70.5 63.5 63.3 59.8 60.7 62.4 63.4 61.2 52.7 37.2 28.2 25.8 24.6 23.5 22.9 23.3 25.1 28.1 30.9 23.7 17 11.2 6.3 3.9 4 4.6 5.9 8.7 14 24.9 39.1 54 57.3 60.6 64 72.8 83 75
-9999 -9999 -9999 -9999 -9999 -9999 -9999 -9999 -9999 -9999 -9999 -9999 -9999 -9999 -9999 -9999 -9999 -9999 -9999 -9999 -9999 -9999 -9999 -9999 -9999 -9999 -9999 -9999 -9999 -9999 82.8 110.2 121.1 127.4 125.9 118.4 97.9 73.2 52.7 38.3 44.9 47.8 50.3 49.9 51.8 50.9 47.9 35.8 28 24.6 24.1 24.3 23.9 25.4 27.9 47.5 43.6 28.6 17.8 8.9 2.9 1.2 1.4 2.5 4.1 6.3 11.1 22.2 33.7 42.5 49.2 50.7 52.9 58.5 62.7 56.3
-9999 -9999 -9999 -9999 -9999 -9999 -9999 -9999 -9999 -9999 -9999 -9999 -9999 -9999 -9999 -9999 -9999 -9999 -9999 -9999 -9999 -9999 -9999 -9999 -9999 -9999 -9999 -9999 -9999 77.4 68.6 81.3 90.1 92.9 95.3 90.5 80.1 62.9 43.8 30.6 32.6 36.7 41.2 44.1 44.8 46 46.3 36.3 25.7 23.9 24.2 25 25.4 26.5 30.1 36.2 35.2 25.8 16.9 9.5 4.7 1.6 2.6 3.1 3.7 6 10.6 21.1 31.4 38.7 41.5 40.3 39 41.6 46.7 48.4
-9999 -9999 -9999 -9999 -9999 -9999 -9999 -9999 -9999 -9999 -9999 -9999 -9999 -9999 -9999 -9999 -9999 -9999 -9999 -9999 -9999 -9999 -9999 -9999 -9999 -9999 -9999 -9999 -9999 70.3 63.4 67.5 70.8 71.9 74.2 74.9 68.2 59.2 47.6 38.8 33.7 34.4 37.3 39.2 40.2 42.1 44 35.9 23.8 23.4 25.4 25.4 25.3 25.9 28 29.5 27.9 23 17.5 12.5 10.1 7.9 5.7 4.9 5.2 7.3 13.4 23 31.1 36.3 36.6 33.9 27.9 28.5 36.6 41.6
-9999 -9999 -9999 -9999 -9999 -9999 -9999 -9999 -9999 -9999 -9999 -9999 -9999 -9999 -9999 -9999 -9999 -9999 -9999 -9999 -9999 -9999 -9999 -9999 -9999 -9999 -9999 214.3 112.6 73.1 62.8 59.2 64.7 65 64 63 60.9 56 48.7 42.9 35.7 32.6 34.8 36 37.7 39.5 40.8 35.1 25.4 23.4 25.1 25.5 26 25.9 26.8 26.8 25.2 22.1 18.6 15.5 12.8 10.7 9.4 9.3 10.9 15.5 21 29.8 35.6 38.3 37.6 34.2 31.6 30.7 35.4 38.8
-9999 -9999 -9999 -9999 -9999 -9999 -9999 -9999 -9999 -9999 -9999 -9999 -9999 -9999 -9999 -9999 -9999 -9999 -9999 -9999 -9999 -9999 -9999 -9999 -9999 -9999 -9999 153.2 83.4 65.4 56.2 53.9 56.2 58.5 57.9 57.5 56.3 53.4 49.8 43 36.1 33.7 34.3 34.3 35.9 37.9 39.5 36.2 26.4 24.6 25.6 25.5 26 26.7 26.3 25.4 24.5 23 21.7 20.4 17.8 16.3 16.2 17.9 24 30.4 38.1 42.4 42.8 43.6 42.4 39.5 37.8 38.3 40.7 41.8
-9999 -9999 -9999 -9999 -9999 -9999 -9999 -9999 -9999 -9999 -9999 -9999 -9999 -9999 -9999 -9999 -9999 -9999 -9999 -9999 -9999 -9999 -9999 -9999 -9999 -9999 81.4 72.8 64 58 55.3 53.2 53.6 57.6 57.2 55 53.4 51.2 48.2 44.4 41 38.2 36.7 33.7 34.6 36.6 40.2 37 28.6 24.8 25.8 26.1 27.5 25.6 26.8 25.6 25.3 25.4 25.7 24.9 24 24 26.6 31.4 39.8 48.4 61 62.4 59 52.8 48.5 46.1 44.2 45 47.2 48.4
-9999 -9999 -9999 -9999 -9999 -9999 -9999 -9999 -9999 -9999 -9999 -9999 -9999 -9999 -9999 -9999 -9999 -9999 -9999 -9999 -9999 -9999 -9999 -9999 -9999 -9999 67.9 63.5 60.2 57 58.9 56.2 56.8 58.3 59 55.9 53.7 51.2 47.8 44.1 40.7 38.7 36.8 33.7 34.3 35.5 40.2 37 29 25.4 26.5 27.9 29 28.7 27.3 26.1 24.7 25.5 29.5 28.7 29.4 31.6 37.4 45.1 54.7 62.6 72.8 72.9 71.5 64.5 57.5 52.4 49.4 49.5 51.7 53.4
-9999 -9999 -9999 -9999 -9999 -9999 -9999 -9999 -9999 -9999 -9999 -9999 -9999 -9999 -9999 -9999 -9999 -9999 -9999 -9999 -9999 -9999 -9999 -9999 -9999 60.3 61.3 63 63.8 63 60.9 61.2 57.9 57.6 56.4 56.5 55.5 52.8 50.4 45.7 41.7 39.9 37.8 37.7 37.5 38.6 40 35.7 29.1 26.6 28.2 28.3 28.9 28.7 27.7 27 25.9 25.3 25.9 30.1 34.3 39.4 46.7 55.6 66 73.1 80 81.1 80.3 74.9 66.2 59.7 54.6 53.3 53.2 54.9
-9999 -9999 -9999 -9999 -9999 -9999 -9999 -9999 -9999 -9999 -9999 -9999 -9999 -9999 -9999 -9999 -9999 -9999 -9999 -9999 -9999 -9999 -9999 -9999 55.7 56.8 59.1 62 66.9 69.2 69.3 68.5 68.1 65.2 63.3 62.6 59.1 56.9 53.3 48.6 42.8 40.2 38.7 38.9 38 41.1 43.2 42.1 38.5 35.1 32.8 32.1 31 30.9 29.7 28.5 27 27.9 29.6 33.9 40.2 47 54.7 61.8 71.9 79.7 85.7 90 89.2 84.4 74.5 65.7 59.4 56.8 56.2 55.3
-9999 -9999 -9999 -9999 -9999 -9999 -9999 -9999 -9999 -9999 -9999 -9999 -9999 -9999 -9999 -9999 -9999 -9999 -9999 -9999 -9999 -9999 -9999 -9999 53.2 55.4 58.2 64.6 71.1 74.8 77.5 78.1 77.7 76.1 71.7 67.7 62.8 58.3 53.7 47.3 43.3 39 34.4 35.5 37.3 41.2 44.8 45.7 43.9 41.9 39.8 37.6 36.2 36.4 34.4 36.6 35.6 37.4 40.3 43.6 49.6 54.5 60.3 67 75.8 81.9 89 97.3 97.9 91.6 81.1 72.8 65.3 60.2 57.4 55.9
-9999 -9999 -9999 -9999 -9999 -9999 -9999 -9999 -9999 -9999 -9999 -9999 -9999 -9999 -9999 -9999 -9999 -9999 -9999 -9999 -9999 -9999 -9999 49.7 50.6 54.5 59.8 67.4 74.4 77.8 81.6 87.5 86.8 83.7 79.4 73.9 68 60.9 56.2 52.1 46.5 43.5 37.1 31.6 31.9 34.5 37.1 39.9 41.8 42.4 41.2 39.6 39.5 40.3 42.2 43.1 46.5 50.4 54.2 56.9 59.5 63.4 67.4 71.9 77.8 82.4 80.3 106.3 101.6 95.8 85.4 76.7 69.8 63.3 59 54.7
-9999 -9999 -9999 -9999 -9999 -9999 -9999 -9999 -9999 -9999 -9999 -9999 -9999 -9999 -9999 -9999 -9999 -9999 -9999 -9999 -9999 -9999 -9999 42.6 45.5 55.8 68.9 78.7 84.7 86.8 88.9 93.4 94.2 92.1 86.5 79.1 76.5 70.7 65.2 56.2 50.4 48.4 36.3 30.3 29.7 29.5 29.9 33.9 37.1 39.3 40.5 41.9 44.6 47.5 51.5 56.8 61.4 67.8 71.7 74.7 74.1 75.7 78.3 79.4 80.8 83.1 88 99 102.3 99.2 89.9 82.2 74.3 67.3 61.2 54.9
-9999 -9999 -9999 -9999 -9999 -9999 -9999 -9999 -9999 -9999 -9999 -9999 -9999 -9999 -9999 -9999 -9999 -9999 -9999 -9999 -9999 -9999 28.3 35.4 45 62.5 82.6 94.7 100.9 104.4 106 105 103.7 97.6 89.9 88 82.7 74.8 65.4 57.9 51.1 44.9 38.8 32.6 30.4 29.6 29.4 30 33 36.6 38.7 43.3 50.3 56.9 62.6 69.1 76.2 82.6 89.7 94.5 95.6 91.3 86.1 84.5 82.3 82.7 87.5 94.1 97.9 97.1 92.8 85.8 79.8 72.5 65.9 58.9
-9999 -9999 -9999 -9999 -9999 -9999 -9999 -9999 -9999 -9999 -9999 -9999 -9999 -9999 -9999 -9999 -9999 -9999 -9999 -9999 -9999 -9999 18.5 31.7 49.3 77.2 103.4 112.7 121.4 128 126.9 120.2 113.4 104.3 98.7 94.1 85.9 79 74.3 65.8 59.3 52.1 45.6 38.3 33.6 32.3 30.4 29.7 32 34.6 37.7 41.3 51.4 62.7 71.4 78.9 84.9 92.6 100.4 108.3 109.3 106 97.4 91.9 86.1 84.5 86.6 91.5 95.5 97 95.1 92.9 85.9 78.7 71.2 64.5
-9999 -9999 -9999 -9999 -9999 -9999 -9999 -9999 -9999 -9999 -9999 -9999 -9999 -9999 -9999 -9999 -9999 -9999 -9999 -9999 -9999 -9999 -9999 40.9 64.1 95.8 117.2 126.1 136.4 149.5 146.4 126.1 117.1 111.1 103.3 96.5 92.9 86.7 80.8 71.9 64.7 56 48.8 41.8 35.4 33.2 30.5 27.7 27.1 31.1 32.7 37.6 47.3 60.1 71.7 78.4 84.5 89.5 97.8 112.9 120.6 120.1 111.9 101.9 94.3 89.1 89.9 95.6 97.2 101.9 100.9 97.3 90.8 83.7 76.3 68.4
-9999 -9999 -9999 -9999 -9999 -9999 -9999 -9999 -9999 -9999 -9999 -9999 -9999 -9999 -9999 -9999 -9999 -9999 -9999 -9999 -9999 -9999 -9999 -9999 91 116 128.6 131.7 143.7 156.6 152.5 133.6 125.3 117.4 110.1 104 97 88.4 77.5 70.8 62.6 56.5 50.9 43.5 36.6 33.7 29.9 29 26.5 30.3 30.9 32.4 41.8 56.4 70.6 81 83.7 86.3 96.4 110.9 123.4 129.9 127.9 116.5 103.9 97.3 98.4 102.7 107.9 108.8 104.7 95.3 87.2 79.7 77.9 69.2
-9999 -9999 -9999 -9999 -9999 -9999 -9999 -9999 -9999 -9999 -9999 -9999 -9999 -9999 -9999 -9999 -9999 -9999 -9999 -9999 -9999 -9999 -9999 114.2 133.4 142.9 136.2 132.9 146.9 161.7 166.3 158.8 149.7 136.6 121.3 107.5 94.5 83.5 73.8 67.9 58.9 55.4 50.6 44.4 37.7 32 29.5 28.5 27.3 28.2 29.9 33.4 39.8 55.5 73.7 82.6 86.6 90.5 98.3 111.4 124.4 133.7 138.6 135.1 127.7 120.2 120.9 126 128.9 123.6 112.2 92.9 76.8 70.2 68.4 63.1
-9999 -9999 -9999 -9999 -9999 -9999 -9999 -9999 -9999 -9999 -9999 -9999 -9999 -9999 -9999 -9999 -9999 -9999 -9999 -9999 -9999 -9999 -9999 182.6 188.3 174.8 159.2 151.4 155.7 184 205.3 202.7 184.2 158.8 128.7 110.9 93.9 78.4 69.8 63.9 57.9 55.2 52.8 46.3 38.1 31.9 29.3 27.2 25.4 26.4 32.2 36 45.6 71.8 87.9 89.9 95.1 98.2 105.6 115.1 125.7 136 144.2 155 163.7 171.6 177.8 165.9 155.4 142.1 122 91.3 67.4 62.4 68.9 67.7
-9999 -9999 -9999 -9999 -9999 -9999 -9999 -9999 -9999 -9999 -9999 -9999 -9999 -9999 -9999 -9999 -9999 -9999 -9999 -9999 -9999 -9999 -9999 -9999 230.7 214.9 201.9 192.9 201.8 269.3 278.8 257 208.9 162.7 134.7 112.3 88.6 72.6 66.4 64.2 57.7 56.8 54.3 48 40 31.8 28.6 27 25.1 26.9 37.9 63.5 83.1 120 116 105.6 104.9 106.5 110 115 127.5 143.1 153 169.4 184.8 207.9 207.5 189.8 174.5 158.1 135.1 105.3 81 74.6 81.3 83.6
-9999 -9999 -9999 -9999 -9999 -9999 -9999 -9999 -9999 -9999 -9999 -9999 -9999 -9999 -9999 -9999 -9999 -9999 -9999 -9999 -9999 -9999 -9999 -9999 244.6 235 247.7 268 293.8 310.3 304.3 284 236.4 198.1 154.4 120.2 88.8 74.3 69.3 65.5 61.8 59.4 56 49.1 41.7 32.3 26.5 28 34.3 41.3 68.8 102.7 125.5 131 121.8 117.6 113.5 110.6 106.6 113.2 131.9 153.5 168.1 190.1 207.1 223.9 218 207.5 193.8 179.2 160.4 134.2 111.3 102.1 101.1 100.5
-9999 -9999 -9999 -9999 -9999 -9999 -9999 -9999 -9999 -9999 -9999 -9999 -9999 -9999 -9999 -9999 -9999 -9999 -9999 -9999 -9999 -9999 -9999 -9999 262 256.7 257.8 286.7 319.2 318.1 305.7 288.2 268.5 236 207.8 151.8 107.8 85.6 79.8 76.7 68.2 61.2 54.3 47 43.1 47.3 82.8 79.8 95 124.4 141.5 142.6 136.8 129.8 119.8 120 121.8 119.1 117.6 130.4 151.1 177.6 203.1 226.2 254 248 232.3 224.5 214.4 207.2 190.9 161.4 136.9 126.2 124.6 122.4
-9999 -9999 -9999 -9999 -9999 -9999 -9999 -9999 -9999 -9999 -9999 -9999 -9999 -9999 -9999 -9999 -9999 -9999 -9999 -9999 -9999 -9999 -9999 -9999 340.7 316.2 275.8 317.6 340.2 339.3 313.2 307.7 317.9 294.4 229 176.7 158 134.8 132.8 124.5 88.3 62.9 53.1 50.8 53.7 89.7 163.9 159.7 156.5 158.2 155.3 140.8 133.1 129 114 111.4 132.1 139.5 149.6 168.7 190.8 224.1 254.3 283.8 309 283.3 262.4 241.3 227.1 229 225.1 172.9 143.8 145.9 149.7 154
-9999 -9999 -9999 -9999 -9999 -9999 278.1 -9999 -9999 -9999 -9999 -9999 -9999 -9999 -9999 -9999 -9999 -9999 -9999 -9999 -9999 -9999 -9999 434.1 409.2 360.4 355.1 364 351 394.3 400.9 381.6 370.5 349.2 256.6 185.5 172.9 155.5 164.9 162.3 120.8 118.3 85.4 76.7 65.6 156.2 175.2 167.6 157.9 141 142.3 130.6 122.7 132.8 125.6 123.4 141.8 166.2 195 221 252.1 273.8 296.5 320.5 354.1 354.1 304.1 276.2 237.2 222.4 261.1 199.1 167.9 172 181.3 195.2
-9999 -9999 -9999 -9999 -9999 -9999 -9999 -9999 -9999 -9999 -9999 -9999 -9999 -9999 -9999 -9999 -9999 -9999 -9999 -9999 -9999 -9999 -9999 463.4 458.6 401.1 376.7 365.5 399.4 435.3 434.6 437.3 411.5 375.6 318.8 248.8 186.6 190.7 188.5 181.4 155.8 151.1 153.4 146.6 165.4 202.4 194.8 196.1 161.5 181.3 167.6 173 198.6 193.4 171.7 165.4 148.7 193.8 238 253.6 268.9 301.5 330.1 359.8 391.6 400 371.7 326.6 277.3 252.9 251.5 223 205.4 207.5 218.8 243.9
-9999 -9999 -9999 -9999 -9999 -9999 -9999 -9999 -9999 -9999 -9999 -9999 -9999 -9999 -9999 -9999 -9999 -9999 -9999 -9999 -9999 -9999 -9999 562.2 546.7 531.1 450.2 417.5 435.4 468.1 484.9 529.4 503.3 468.2 474.1 432.6 379.1 352.3 301.6 221.9 237.9 258.5 273.9 325.5 368 260.4 213.4 200.1 203.6 210.6 261.4 330.2 386.5 381.4 259.1 208.9 243 281.3 300.1 291.9 307.2 341.3 373.4 407.6 423.1 409.4 408.4 393 353.8 306.5 258.8 238.8 241.5 253.1 267.7 295
