datasets/global_precipitation_1950_2017/rasters/precip_1969-total.asc
NCOLS 720 
NROWS 347 
XLLCORNER -180 
YLLCORNER -90 
CELLSIZE 0.5 
NODATA_value -9999 
[rows 34 to 67 of 347, columns 152 to 227 of 720]
177.6 164.4 151 141.4 134.2 129.7 124.4 123.5 123.3 124.4 126.2 128.5 131.8 137 139.7 141.7 145.2 148.4 152.4 156.9 161.4 167.2 173.4 180.8 186 192.4 200.8 208.4 213.6 219.9 223.7 226 232.3 236.2 239 239.9 -9999 -9999 227 -9999 216.2 -9999 -9999 -9999 -9999 -9999 -9999 -9999 -9999 -9999 -9999 -9999 -9999 -9999 -9999 -9999 -9999 -9999 -9999 -9999 279.3 288.1 298.7 311.1 325 339.5 353.3 367.3 379.9 388.6 397.5 404.9 -9999 -9999 -9999 482.7
167.4 155.8 146.5 139.4 135.3 134.3 135 137.5 141 144.2 148.3 152.3 161.7 164.2 166.1 169.2 174 177.4 180.8 185.6 190 197.3 203.7 209.3 211.7 213 215.8 221 -9999 -9999 228.8 231.2 231.8 232.1 232.3 -9999 229.2 227.2 224.3 -9999 -9999 -9999 -9999 -9999 -9999 -9999 -9999 -9999 -9999 -9999 -9999 -9999 -9999 -9999 -9999 -9999 -9999 -9999 -9999 -9999 -9999 317.3 325.8 337.5 347.8 356.4 365.3 373.6 382.6 392.3 401.3 409.2 -9999 -9999 -9999 -9999
157.2 148.2 140.7 137.5 137 138.3 142.2 145.4 151 157.5 162.8 168.3 174.7 180.3 185.8 190.8 192.7 197.3 200.8 207 210.4 216.6 220.7 224.3 227.8 228.2 228.4 229.1 232.4 231.6 232.8 232.2 230.7 230 -9999 -9999 227.2 225.3 -9999 222.3 -9999 -9999 -9999 -9999 -9999 -9999 -9999 -9999 -9999 -9999 -9999 -9999 -9999 285.7 296.9 302.6 303.9 -9999 309.4 315.6 320.5 325.5 331.6 341.3 349.7 357.3 363 368.6 374.4 380.6 387.9 396.3 405.2 415.4 -9999 -9999
156.5 151.2 145.8 143.3 143.9 145.6 147.3 151.4 158.4 163.2 169.8 176.4 182.7 187.7 191.9 195.3 198.7 202.8 207.5 212.5 217.5 222.8 226.2 229.4 232.2 233.6 233.8 233.2 233.9 234.5 234.5 233.6 231.8 -9999 -9999 228.5 226.1 225.2 223.8 222.4 219 212.9 207.2 -9999 -9999 -9999 -9999 -9999 -9999 -9999 -9999 -9999 276.7 288.4 297.1 304.3 303.1 303.7 304 306.8 310.6 316 323 332.6 339.3 345.9 351.1 355.5 357.6 360.1 364.6 373.1 383.8 396.9 412.5 429.2
162 158.9 156 153.8 153.2 154 156.3 159.6 166 172 178.5 184.9 189.9 193.6 195.6 197.6 201.2 205.8 211.2 217.3 222.9 228.1 231.8 234.4 235.9 235.9 235.7 236.3 236.2 235.7 235.5 234.2 -9999 -9999 -9999 226.2 224.4 222.7 222.5 222.4 224.8 204.3 185.3 184.6 189.7 -9999 -9999 -9999 -9999 -9999 -9999 -9999 -9999 -9999 295 -9999 -9999 -9999 -9999 -9999 -9999 -9999 315.7 324.2 329.6 335.6 340.2 341.8 340.8 339.8 341.9 348.6 363.4 384.7 411.4 441.3
164.8 164.4 164.8 165.2 166.7 167.5 171.3 174.4 178.8 184.1 191.7 196.1 200.5 203.5 205.7 208.7 212.1 216.8 221.6 227.6 232.2 236.7 239.5 -9999 239.4 237.4 235.5 234.4 -9999 -9999 -9999 -9999 -9999 -9999 227.1 224.1 220.9 217.4 213 206.8 -9999 -9999 -9999 176.1 181.1 189.1 197 205.2 -9999 -9999 -9999 -9999 -9999 -9999 -9999 -9999 -9999 -9999 -9999 -9999 -9999 -9999 314.7 -9999 -9999 331.5 334.8 335.8 334 330.1 326.8 335.6 354.6 381.2 414.4 452.7
171.7 173.8 174.9 176.6 180.7 183 186.4 191.2 196 200.6 206.4 211.8 214.9 218.8 221.4 224.9 228.1 231.9 236.6 241.1 244.6 247.6 248.7 248.7 246 242 237.9 -9999 -9999 -9999 -9999 -9999 -9999 -9999 -9999 -9999 -9999 213.3 208.6 -9999 -9999 -9999 -9999 -9999 -9999 -9999 -9999 -9999 -9999 -9999 -9999 -9999 221.6 -9999 -9999 -9999 -9999 -9999 -9999 -9999 -9999 -9999 -9999 -9999 -9999 332.4 337.5 342.6 348.2 350 349.5 354.7 -9999 -9999 413.5 447.6
182.1 184.7 188 191.8 195.7 199.4 203.7 207.9 211.7 216.2 220.1 224.5 229.7 233.7 237 239.7 242.8 246.3 249.8 252.7 255.7 257.7 257.1 -9999 -9999 -9999 -9999 -9999 -9999 -9999 -9999 -9999 -9999 -9999 -9999 -9999 -9999 -9999 -9999 -9999 -9999 196.2 193.4 193.1 -9999 -9999 -9999 -9999 -9999 -9999 -9999 -9999 -9999 -9999 -9999 -9999 -9999 -9999 -9999 -9999 -9999 -9999 -9999 -9999 -9999 -9999 -9999 -9999 -9999 377.1 375.4 375.9 380.4 388.4 -9999 -9999
192.7 195 198.4 203.3 208.7 214.9 220.3 224.8 227.8 230.3 234 238 242.2 246.4 249 251.7 254.3 256.6 258.7 260.9 263.9 266.7 -9999 -9999 -9999 -9999 -9999 -9999 -9999 -9999 -9999 -9999 -9999 -9999 -9999 -9999 -9999 -9999 -9999 -9999 -9999 201.6 -9999 -9999 -9999 -9999 -9999 -9999 212.7 -9999 -9999 -9999 224 227.8 233.4 239.3 245.9 252.5 -9999 270.1 284.8 301.7 -9999 -9999 -9999 -9999 -9999 -9999 -9999 -9999 -9999 382.3 381.4 381.4 381 380.2
201.6 201.4 201.2 205.4 213.1 222.8 232.1 237.6 240.6 242.7 244.9 249.2 253 255.8 259.2 260.7 262 263 263.1 263.5 264.1 -9999 -9999 -9999 -9999 -9999 -9999 -9999 -9999 -9999 -9999 -9999 -9999 -9999 -9999 -9999 -9999 -9999 -9999 -9999 -9999 -9999 -9999 -9999 -9999 -9999 -9999 -9999 228.3 -9999 -9999 -9999 241.3 244.9 247.9 251.1 254.6 262.3 269.4 280.2 296 312.2 328.7 345.4 -9999 -9999 -9999 -9999 -9999 -9999 -9999 -9999 -9999 -9999 -9999 -9999
211.5 205.9 200.6 196.7 197.2 207.4 242.1 243.7 244.2 247.3 252.9 257.4 264.2 267 270.7 270.6 269.4 267.2 264.6 262.8 -9999 -9999 -9999 -9999 -9999 -9999 -9999 -9999 -9999 -9999 -9999 -9999 -9999 -9999 -9999 -9999 -9999 -9999 -9999 -9999 -9999 -9999 -9999 -9999 -9999 -9999 -9999 -9999 -9999 -9999 -9999 -9999 -9999 264.5 266.9 270.5 274.4 278.7 287.3 300.4 312.7 327.1 343.4 359.9 376.1 -9999 -9999 -9999 -9999 -9999 -9999 -9999 -9999 -9999 -9999 -9999
230.2 222.5 209.8 198 194.8 193.5 207.4 225.1 242.4 255.4 265.4 274.7 282.5 286.7 287.9 286.6 282.7 277.4 271.5 -9999 -9999 -9999 -9999 -9999 -9999 -9999 -9999 -9999 -9999 -9999 -9999 -9999 -9999 -9999 -9999 -9999 -9999 -9999 -9999 -9999 -9999 -9999 -9999 -9999 -9999 -9999 -9999 -9999 -9999 -9999 -9999 -9999 -9999 281.3 285.7 291.4 297.2 302.9 311.1 320.3 330.9 343.7 357.4 371.6 385.3 398.7 416.4 427.3 431.5 -9999 -9999 -9999 -9999 -9999 -9999 -9999
271.5 253.7 245.8 233.9 227.7 227.5 239.1 258.7 277.8 297.3 311.3 322.4 326.7 328.9 324.9 317.8 308.6 297.1 289.5 -9999 -9999 -9999 -9999 -9999 -9999 -9999 -9999 -9999 -9999 -9999 -9999 -9999 -9999 -9999 -9999 -9999 -9999 -9999 -9999 -9999 -9999 -9999 -9999 -9999 -9999 -9999 -9999 -9999 -9999 -9999 -9999 -9999 -9999 292.1 297.4 303 309.3 317 326.1 335.3 345.3 355.6 366.5 378.4 392.8 405.5 413.7 421.5 424.6 -9999 -9999 418.6 -9999 -9999 -9999 -9999
335.1 320.5 306.7 293.6 289.5 297.4 308.4 330.3 353.3 373.1 391.5 403.1 405.5 398.3 383.2 356.1 333.6 316 -9999 -9999 -9999 -9999 -9999 -9999 -9999 -9999 -9999 -9999 -9999 -9999 -9999 -9999 -9999 -9999 -9999 -9999 -9999 -9999 -9999 -9999 -9999 -9999 -9999 -9999 -9999 -9999 -9999 -9999 -9999 -9999 -9999 -9999 -9999 293.5 299.3 305.7 314.8 324 333.2 342.7 354.7 367 378.5 394.1 408.2 419.6 428.7 435 440.2 -9999 -9999 -9999 -9999 -9999 -9999 -9999
388.1 397 394.8 388.5 380.3 390.7 406.2 428.8 456.8 483.4 499.9 506.2 494 460.6 426.8 389 351.3 324.3 -9999 -9999 -9999 -9999 -9999 -9999 -9999 -9999 -9999 -9999 -9999 -9999 -9999 -9999 -9999 -9999 -9999 -9999 -9999 -9999 -9999 -9999 -9999 -9999 -9999 -9999 -9999 -9999 -9999 -9999 -9999 -9999 -9999 -9999 282.6 290.4 298.6 308.4 318.2 330.2 339.2 352.9 366.9 382.2 399.9 417.3 434.6 449.7 460.8 468.2 474.7 480.2 -9999 -9999 -9999 -9999 -9999 -9999
408.8 417.4 417.7 417.2 421.3 432.6 451.6 478.2 510.9 532.6 549.5 548 526.2 494.3 452.6 407.5 364.6 331.7 311.2 296.8 321.6 321.6 -9999 -9999 -9999 -9999 -9999 -9999 -9999 -9999 -9999 -9999 -9999 -9999 -9999 -9999 -9999 -9999 -9999 -9999 -9999 -9999 -9999 -9999 -9999 -9999 -9999 -9999 -9999 -9999 -9999 272.7 278.6 287.9 296.9 307.6 320.1 333.2 347.8 364.1 382 401.2 424 447.1 469.7 488.2 502.1 506.5 -9999 518.3 523.3 -9999 -9999 -9999 -9999 554.5
427.4 413.3 405.2 400.3 394 406.4 438.2 475.4 510.2 539.8 557.1 560.7 546.8 509.8 470.7 426.3 386.7 360.6 345.1 339.6 338.5 338.2 -9999 -9999 -9999 -9999 -9999 -9999 -9999 -9999 -9999 -9999 -9999 -9999 -9999 -9999 -9999 -9999 -9999 -9999 -9999 -9999 -9999 -9999 -9999 -9999 -9999 -9999 -9999 -9999 -9999 -9999 286.1 294.7 304.8 317.2 330.6 344.7 360.6 377.6 398.3 421.2 448.1 476.4 500.2 516.3 528.3 535.2 537.2 540 541.6 -9999 545.9 552 561.8 573.3
444.9 426.3 417.4 406.4 388.1 407.3 446.5 485.3 518 546.9 568.5 573 567.4 538.3 493.9 452.2 420.3 400.7 385.8 375.1 366.5 359.2 353.8 -9999 -9999 -9999 -9999 -9999 -9999 -9999 -9999 -9999 -9999 -9999 -9999 -9999 -9999 -9999 -9999 -9999 -9999 -9999 -9999 -9999 -9999 -9999 -9999 -9999 -9999 -9999 -9999 -9999 -9999 -9999 333.4 343.5 358.3 370.5 387 401.8 421.1 446.7 472.1 495.9 517.5 533 543.4 548.9 550.4 550.7 549.4 550.1 554.6 561.7 569.8 579.1
475.9 479.6 480.8 479.8 482.5 497.3 514.8 529.6 551.4 575.2 587.7 584.7 572.6 546 510.1 479 460.5 448.9 440.3 426.8 404.6 380.9 364.1 -9999 -9999 -9999 369.9 -9999 -9999 -9999 -9999 -9999 -9999 -9999 -9999 -9999 -9999 -9999 -9999 -9999 -9999 -9999 -9999 -9999 -9999 -9999 -9999 -9999 -9999 -9999 -9999 -9999 -9999 -9999 384.3 393.6 403.1 418.7 427.5 442.1 458.2 482.3 507.3 528.1 543 554.5 559.6 562.6 563 561.6 562.1 564.9 570.9 577.4 585.7 594.8
523 544.5 546.5 540.4 542 553.9 558.9 559.6 565.6 602.9 616.1 588.4 564.8 540.3 510.2 495 489.8 492.4 496.8 493.8 463.9 422.1 394.9 389.6 391.5 394.9 401 406.9 405.7 412.5 420 -9999 -9999 -9999 -9999 -9999 -9999 -9999 -9999 -9999 -9999 -9999 -9999 -9999 -9999 -9999 -9999 -9999 -9999 -9999 -9999 -9999 -9999 -9999 -9999 456 463.1 478.6 491.2 506.4 524.8 547.5 564.3 576.5 583.6 585.5 583.9 582.5 578.5 578.6 577.1 585 596.7 609.3 610.8 615.5
544.8 577.2 572.1 559.5 555.8 555.9 577 583.4 559.8 561.4 568 563.3 552.2 523.6 486.6 480.4 493.1 497.2 509.7 520.8 505.8 478.3 454.7 440.5 435 435.7 439.9 446.4 448.2 453.1 449.1 451.8 448.9 -9999 -9999 -9999 -9999 -9999 -9999 -9999 -9999 -9999 -9999 -9999 -9999 -9999 -9999 -9999 -9999 495.8 508.5 -9999 -9999 -9999 -9999 531.2 537.4 549.4 567.9 590.4 613.6 634 645.5 651.4 651.8 641.6 640.4 630.5 623.6 621.7 620.2 630.3 639.8 647.2 649.3 645.2
500.2 524.2 532.2 533.6 533.1 534.4 538.2 541.3 544.5 550.1 553.3 568.9 580.8 543.5 498.7 485.1 496.1 508.8 518 521.3 516.3 506.7 493.1 482.5 480.1 485.3 489.8 497.7 502.1 504 499.4 491.4 480 466.7 451.8 -9999 -9999 -9999 -9999 -9999 -9999 -9999 -9999 -9999 -9999 -9999 -9999 -9999 -9999 -9999 -9999 -9999 -9999 -9999 611.5 608.1 614.9 629.6 651.5 679.1 707.9 731.2 741.1 738.9 738.5 731.1 719.5 713.9 704.6 696.6 696 696.9 698.3 700.4 696.3 685.3
458.9 481.6 493.9 494.2 482.4 473.4 469.4 474.1 486.6 499.8 510.6 516.4 518.1 513.8 505.8 508.1 524.6 538.2 546 547.7 546 540.3 533.7 532.2 537.2 541.6 547.3 553.7 556.4 555.9 548.6 528.2 507.2 485.8 462.8 441.6 423.4 410.3 -9999 417.9 434 -9999 -9999 -9999 -9999 -9999 -9999 -9999 -9999 -9999 -9999 -9999 654 653.7 650.6 654.5 668 691.1 723.5 754.5 786.8 812 833.6 838.7 838.3 830.2 818.2 808.8 797.4 785.3 773.3 764.5 757.6 745.9 736.7 731.1
447 444.8 447.3 455.2 446.5 424.9 415.3 418.9 435.8 463.1 477.8 463.4 426.8 450.8 473.5 499.5 527.5 545.2 556.2 563.1 567.5 567.5 570.5 576.1 583.2 586.4 589.4 589.5 587 586.5 576.6 558.4 534.5 509.2 481.8 455.3 436.5 422.5 416.3 417.3 426.2 436.4 448.4 470 -9999 -9999 -9999 -9999 -9999 561.2 584.3 609.1 628.3 642.2 654.4 669.6 693.1 726 761.1 800.7 838.8 870.6 903.8 923.2 926.1 921 911.2 899.3 888.8 871.2 849.5 826.7 801.8 779.1 760.9 763.5
395.5 397.6 398.2 392.4 356.4 309.1 358.8 382.8 404.2 423 435.9 440.6 445.9 446.9 457.2 488.7 522 548.2 559.9 570.6 576.8 583.4 593.5 601.7 608.5 609 600.3 590.3 590.7 601.9 606.6 597.4 577.8 550.9 519.6 490.3 464.1 445.3 430.4 419.3 421.6 427.4 448 -9999 -9999 -9999 -9999 -9999 -9999 501.3 526.7 571.6 616.1 643.8 661.9 681.6 710.5 745.4 787.5 832 873.8 914.1 946.8 970.4 981.8 984.7 978.7 970.2 957.5 941.4 921.5 897.8 871.5 851.3 843.3 856.2
389.7 382 377.9 379 397.9 390.9 373.8 385.5 398.1 407.7 419.6 430.8 440 452.3 466.7 499.3 533.5 561.2 582.4 588.2 590.8 596.3 609 622.7 635.2 638.6 633.8 622.5 622.9 638.2 646.2 644.2 628 604 570.7 536.3 505.2 472.5 448.6 425.4 420.3 430 454.3 485.7 -9999 -9999 -9999 -9999 -9999 -9999 495.7 579.6 663.2 681.9 680.4 693.7 719.9 761.5 811.3 862.1 910.2 949 980.9 1003.7 1018.5 1024.4 1025 1018.3 1008.5 996.7 983.1 971.2 963.5 959.7 960.6 966.5
428.6 366 393.8 415.2 424.8 448.6 454.6 439.4 423.2 406 427.9 446.9 468.3 487.8 505.3 531.9 559.8 579.8 584.9 585.2 593 611.7 635.5 666.5 691.2 698.8 700 699 701 695.3 688.2 684.4 672.8 661.3 629.3 589.5 546.4 507.5 465.7 432.3 427.2 453.5 503.2 527.5 -9999 -9999 -9999 -9999 -9999 -9999 547.4 599.5 649.9 669.5 679 699.8 733.3 778.3 836.4 892.9 938.4 973.4 993.1 1009.9 1026.2 1039.6 1043.8 1044 1044.1 1041 1035.1 1030.7 1030.4 1044.7 1060.7 1047.5
400.1 397.8 476.8 434.4 488.2 606.2 569.1 517.1 465 447.1 450.4 473.7 508.9 525.3 529.4 532.7 538.4 540 551.3 567.4 589.4 617.9 683.5 755.7 781.6 783.1 779.7 770.3 755.9 736.8 718.6 715 713.6 691.5 649.7 614.4 573.7 535.3 479.4 441.9 446.4 519.8 596 599.1 -9999 -9999 566.1 -9999 -9999 -9999 610.8 628.7 643.3 657.2 676.9 707.1 749.7 801.4 855.9 909.2 950.8 964.7 979.7 994.9 1015.5 1029.6 1041.7 1054.3 1068.3 1078.6 1083.1 1072.8 1047.4 1013.8 1059.7 1060.3
457.1 432.6 440.3 478.1 460.3 464.4 528.9 528.3 466.7 423.5 424.1 452.2 490.7 502.5 507.4 513.9 506.4 506.3 533.3 571.8 607.3 656.2 748 826.4 862.5 874.9 873.1 877.1 840.3 791.8 736.9 713.9 757.3 687.5 619.2 572.9 552.1 524.6 470.8 431.1 462.8 561 635.2 637.9 626.6 -9999 -9999 -9999 -9999 -9999 -9999 669.7 663.2 668.6 687.2 725.6 786.3 847.9 888.6 914.4 932.8 957.2 970.3 983.9 994.7 1007.7 1026.6 1052.3 1082.8 1119.4 1147.5 1155 1124.1 1073.4 1045.5 1023.5
446.4 420.3 437.8 479.1 487.7 486.5 530.3 565.2 419.5 423.9 393.9 413.3 467.7 536.3 591.7 546.8 528.2 536.6 568.3 614 657.1 693.3 737.4 806.2 856.4 895.2 921.3 954.2 928.2 839.8 724.9 606.1 605.2 609.7 560.1 510.5 508.5 512.8 483.4 460.5 500.9 637.2 661.1 645.2 635.5 631 628.5 -9999 -9999 -9999 645.5 654.7 663.4 681.5 714 783.9 880.3 928.6 943.2 940.6 947 943.7 944.5 936.9 938 951 976.5 1013.9 1067.3 1127.8 1178.3 1198.1 1171.3 1125.2 1074 1010.5
508.2 472.1 449.1 462.8 463.7 482.1 473.4 460.2 496.6 486.8 439.4 425.8 444.6 458.9 502.6 546.2 602.7 596.6 616 667 692.3 707.2 720.8 751.1 813.9 864.3 890.2 894.3 865.8 837.5 748.8 658.6 634.9 618 582.3 569.2 561.2 573.2 599 638.4 707.2 738.3 709.2 680.5 651 622.8 610.5 518.7 -9999 606.3 634.1 666.7 705.4 750 826.9 917.4 951.3 956.9 952.9 953.9 953.9 940.5 913.5 899.1 888.2 888.2 910 953 1017.5 1093.6 1157.3 1205.1 1217.6 1216.3 1196.2 1137.2
435.6 416.9 437 435.4 448.8 493.6 516.6 458.3 596 543.3 487.6 459.6 483.4 456.4 461 468.6 518.4 538.2 592.2 682.7 714.3 732.4 718.9 706.3 744 800.2 833.9 833.1 828.5 827.7 810.1 802.2 776.7 741.2 733.1 727 732.3 740.7 741.6 735.7 752 778.3 784.2 763.5 720.3 667.9 615.5 576.8 574.4 607.7 690 771.3 831.5 867.5 917.9 960.6 969.5 966.6 958.2 948.7 947.7 929.4 905.8 905.9 898.6 870.4 883.9 923.9 977.8 1045.8 1141.4 1235.5 1273.4 1319.3 1349.3 1323.1
409.5 408.2 448.8 446.1 525.7 503.3 464.7 498.9 529.3 570.4 542.2 549.6 560.5 471.1 453.6 459.5 467.6 523.6 607.6 688 731 745 731.2 623.4 766 782.2 799 812.7 823.4 843.4 806.6 770.7 738.9 739.8 759.4 727.6 731.8 737.2 709.4 718.6 744.8 777.8 805.8 839.1 796.3 754.8 734.7 705.9 705.4 800.4 858 872 878.1 878.3 905.1 966.4 988.6 984.9 975.3 967.7 956.1 925.7 908 990.4 982.8 966.4 943 946.9 967.8 1019.2 1099.8 1157.3 1222.4 1318.8 1339.9 1444.2
389 393.3 471.7 527.5 583.5 562.6 557.4 489.3 522.1 536.8 536.2 517.7 522.6 559.6 494.5 511.7 543.1 515.6 610.9 708.7 743.8 782.9 823.5 795.6 811.7 807.4 786.4 782.3 770.2 753.2 722.3 683.6 695.5 719.9 748.3 666.5 657.1 647.7 675 713.1 730.8 784 785.6 844.2 802.7 757 792.1 812.5 862.8 906.7 903.6 891.9 864.1 894.4 922.4 971.7 998.4 1009.4 994.4 963.4 878.5 774.1 793.2 1013.4 1039.1 1031.5 1030.2 980.5 932.9 939.6 982.8 1050.6 1105.1 1248 -9999 -9999
