datasets/global_precipitation_1950_2017/rasters/precip_2002-total.asc
NCOLS 720 
NROWS 347 
XLLCORNER -180 
YLLCORNER -90 
CELLSIZE 0.5 
NODATA_value -9999 
[rows 34 to 67 of 347, columns 532 to 607 of 720]
620.3 638.9 656.2 676 683.7 675.5 656.4 632.2 610 593 579.4 565.9 553.8 546.1 539 532.6 527.3 518.7 510.2 496 480.7 461.5 443 426.7 414.7 406 399.8 395.5 389.9 385.6 381.1 377.8 374.2 369.2 363.8 357.1 351 344.3 341 338.6 337.4 337.9 340.3 343.3 348.6 354.6 362.5 368.6 376.2 382.1 388.6 393.6 400 406.9 414.5 420.7 418.8 420.2 411.4 399.6 386.9 374 361.7 352.4 344.9 339.2 335.7 334.7 332.5 332.3 332.5 334.8 337.9 343.5 344.3 344.4
676.7 715.4 756.5 802.6 782.5 734.7 673.5 614.1 579.8 577.9 578.5 573.5 561.8 553.1 543 532.8 522.8 508.9 492.8 476 459.4 438.6 423.5 410.5 401.2 394.6 392.2 390.8 391.9 391.5 389.7 387.2 382.5 381 374.5 369 362.5 356.6 349.1 343.8 339.8 339.3 341.4 345.9 353.7 362.5 374.1 383.8 388.2 395.7 399 400.8 402.2 405 407.4 407.1 404.7 400.3 392.3 382.4 370.5 361 350.8 341.6 333.9 329.1 327.1 327 328.3 329.9 330.3 331.4 332.4 335.9 336.7 334.2
717.9 744.9 760.7 770.2 766.3 742.2 699 652.6 620.3 601.9 589.7 575.3 561.6 548.2 534.7 524.6 513.9 497.3 483.4 465.7 447 429.6 411.6 394.1 380.2 372.8 378.1 387.8 396.2 399.8 400.3 396.7 393.6 387.6 380.7 374.1 369.2 364 357.9 352.3 348.7 350.8 351.6 356.8 364.2 373.4 384 393.8 401.7 404.9 407.8 404.2 403.6 400.2 395.4 389.3 379.3 371.7 360.8 349.3 338.4 328.8 319.9 312.6 307.4 303.5 301 302.3 303.9 308.9 312.4 315.8 318.5 320.2 321 321.2
748.4 760.2 765.7 765.7 756.8 739.3 715.7 685.8 653.4 623.3 596.4 569.7 545.9 529 515.7 507 497.8 485.2 474.5 458.5 444.3 431.5 418.3 404 389.5 383.5 394.2 410.1 418.6 420.1 413.2 404.5 395.4 384.3 374 366.1 360.3 355.5 353 353.4 354.8 358.8 363.8 370.4 380 389 396.2 405.7 411.9 419.5 418.9 413.4 406.1 397.5 392.9 381.2 366 349.1 332.8 318 303.3 292.6 286.2 282.7 280 280 281.1 283.7 287.2 291.9 299 300.8 303.1 303.2 303 303.7
754.8 770.2 787.9 789.6 767.7 737.5 707.2 684.1 654.6 621.4 586.9 561 533.4 514.8 500 488.8 485.8 478.3 466.5 452.9 441.9 436.3 433.8 431.3 429.9 433.5 440 446.9 442.7 436.3 425.1 408.3 388.8 369.9 353.1 340.4 333.2 332.4 335.7 341.7 349.2 356.6 365.4 374.3 385.5 395.5 403 410.3 419.3 427.3 427.6 426.2 418.4 409.5 398.2 381.8 362.6 339.2 316.6 297 280.5 269.7 265.1 263.5 262.7 264.7 269.2 276.6 285.5 295.4 303.6 307.5 304.8 299.5 294.1 289.8
740.6 749 752.8 748.3 732.1 709 686.6 665 640.1 613.2 586.8 567.9 543 524.4 508.5 496.8 487.3 478 462.9 448.8 438.8 436.3 439.2 439.9 440.5 442.1 443.4 443.2 436.9 427.2 412.6 393.1 370.3 345.5 321.5 302.9 296.3 305.4 318.5 331.9 344.3 356.5 368.4 379.2 389.4 397.8 405.1 411.2 417.2 426.2 435 440.3 440.8 429.8 411.2 389.1 365.8 341.6 315.5 292.1 273.5 260.1 252.2 246.6 245.4 247.8 256.3 268.2 282.9 297.1 309.4 316.6 309.7 300.7 292.8 285.3
714.9 725.6 737.8 741.9 693.7 682.6 662.6 640.3 623 610 601.4 594.8 582.4 564 545.3 527.7 510.7 494 480.6 470.8 463 457 452.8 446.9 437.4 431.8 424.5 417 408.1 397.6 385.5 371.7 355.4 337.9 319.6 306.2 303.9 311 321.9 334 347.4 361.5 377.4 392.3 403.6 408.7 409.3 410 412.8 422.7 438 461 483.3 475.2 425.5 385.5 363.7 340.3 315.1 285.7 260.5 240.9 230.7 227.9 229 235 246.8 259.9 273.5 286.8 296.5 301.3 299.9 295.6 288.8 284.4
665.1 669.9 687 687.5 664.1 624.8 597.8 593.8 599.1 607.8 619.3 629 627.9 615 584.1 561.5 536.9 518 506.5 501.2 498.1 492.4 482.3 470.3 451.5 431.9 414.5 398.7 383.3 369.2 360.4 356.5 353.1 347.4 340.1 334.1 330.8 329.8 332 336.9 345.4 358.3 374 390.3 401.1 402.5 398 393.3 391.3 394.6 407.9 432.9 452.9 445.4 403.8 362 341.1 329 308.1 275.6 237 201.4 198.2 215.3 229 242 256 269.8 279.6 284.5 288.1 291.2 290.3 286.2 279.4 273.4
618.5 616.7 621.4 618 594.9 558.1 546.1 561.4 581.5 599.2 620.9 637.7 642 625.9 598.6 570.1 541.2 523.9 523.6 526.8 528.4 525.8 516.6 495.5 473.2 444.2 419.5 397 381.1 369.4 362 360.2 360.2 359.3 356.2 350.9 344.9 339 334.6 332.2 331.6 333 337.8 344.1 349.9 354.6 357.4 360.3 363.2 366.7 373.5 386.9 394.5 386.4 365.4 343.4 338.3 335.5 322.1 295.5 263.5 234.9 221 220.9 232.7 251.2 272.4 291 296.5 294.8 293.1 290.7 285.9 279.7 269.3 256.4
597.6 593.6 594.1 594.7 591.8 587.2 585.7 583.2 573.4 585.8 595.1 607.9 614 613.2 606 584.7 558.5 541.6 539.9 543.1 545.7 540 520.1 496.9 469.3 444.5 420.2 400.4 385.5 374.7 369.1 368 370.8 372.3 369.5 361.6 351.3 340.6 330.6 322 313.5 306 299.7 295.2 298.9 309.6 320.5 332 344.6 355 365 375.5 383.6 387.3 386 385.7 384.7 382 364.8 337.5 307.5 280 260.2 253.7 260.9 273.6 286.4 295.8 300 301.1 297.7 294.8 286.9 274.1 256.9 240.8
601.5 589.3 587.2 592.2 600.1 608.4 609.9 600.2 600.6 587.3 569 557.5 573.1 622.6 670.2 664.2 626.5 594.9 569.3 549.2 530.6 504.3 479.2 458.4 442.7 427.8 412.6 399.2 384.2 375.6 371.1 368.4 368.9 367.6 363.9 357.3 346 335.3 324.1 314.9 306.1 301.2 297.1 296.6 303.4 307 316.8 327.5 338.9 353.9 369.3 388.1 404.4 414.1 422.6 420.3 421.7 420.6 413.1 394.3 365.2 337.2 316.7 305.7 303.3 306.5 310.7 312.6 311.5 310.4 308.2 302.9 292.5 279.5 266.8 253.6
614.2 586.4 569.5 564 569.9 592 626.5 638.4 624.6 583.6 525.5 485.3 495.3 577 671.7 678.3 652.2 620.2 581.8 541.3 499.6 458.3 423.8 410.5 411 409.1 401.4 391 380.5 372.4 368.6 369.8 369.6 364.2 355.1 346.4 336.2 324.1 312.6 304.8 300.7 301.2 306.2 312.1 318.8 323.6 335.1 346.5 368.1 392 418.4 442 456.9 462.2 458.7 461.6 458.4 460.2 451.7 427.9 398.2 370.5 349.6 335.6 326.4 322.7 321.5 320.7 320.2 320.1 318.8 315.6 311.7 305.5 299 288.7
604.9 571.8 547.2 531.8 524.1 553.6 606.8 662 700.5 646.2 576.4 530.1 516.8 637.8 700.2 664.3 636.7 614 573.3 519.7 463.4 430.5 413.2 405.4 404.4 403.8 394.4 381.1 368.6 363.1 361.9 367.3 369.9 353.9 334.5 321.2 311.6 302.2 291.6 285 283.8 286.5 291.9 301.5 328.1 348.8 366.2 388.6 416.9 449.2 478.1 500.7 510 509.7 502.6 488.3 473 458.5 439.2 416.8 393.4 372.1 357.8 347.5 339.6 334 330.2 326.7 324.6 328 334.3 342.5 348.6 352.8 355.9 357.7
573.2 549.2 535.8 534.1 539.1 560.5 599.7 638.6 655.5 659.8 661.7 639.1 623.5 620.6 560.6 547.8 565 551.1 517.5 472.3 425 401.8 389.1 383.3 379.3 375.4 368.6 360.7 351.5 343.8 339.4 336.8 328.1 310.2 292 292.8 291.9 282.5 268.9 258.9 260.5 269.9 287.7 312.4 344.4 370.7 399.8 434.7 469.2 499.8 527.7 543.8 545 538.8 536.9 523.1 498.1 461.5 425.9 387.7 365.7 349.5 343 341.7 339.2 337 338.7 341.4 345.8 351.9 360.1 368.6 381.2 397.3 418.5 438.6
536.8 521.6 510.3 505.6 496.2 500.1 535.1 586.6 626.9 652.6 664.7 646 611.8 577.3 546.9 526.2 508.7 483.4 451.8 422.5 397.3 375.8 361.5 354.4 351.1 347.6 345.1 341.4 332.9 322.6 317.1 321.7 324.3 320.1 315 308.1 294 274.5 256.7 243.6 239.6 251 273.4 309.2 350.5 393.5 440.3 479.9 509.4 535.4 547.7 560.6 563.5 569.5 573.6 552.1 513.7 463.5 412.1 372 337.3 320.6 318.8 322.7 327.1 332.6 341.6 351 360.9 370.5 378.4 382.8 392.4 419.2 460.2 499.3
532.8 525.1 503.1 506.3 426.4 368.4 533.4 585.9 590.7 596.9 591.5 567.8 545.4 534.3 523.1 506.3 479.4 448 422.7 400.7 378.3 357.2 345.1 344.5 341.6 335.5 337.4 337.5 335.5 329.7 329.5 338.5 350.7 355.7 354 339.7 322.6 296.4 277.6 270.2 264.5 259.3 273.5 329 384.7 434.3 485 530.3 536 531.6 533.1 549.1 580.9 626.5 595 530.3 481.7 442.3 399.7 358.9 330.7 317 311.9 312.4 315.7 324.3 335.5 348.9 363.2 373.5 379 383.5 398.7 435.6 487.5 542
539.6 534.4 512.2 486.1 472.3 523.2 631.9 618.3 586.4 565.3 546.5 529.5 520.7 518.9 511.5 496.4 493.8 428.4 414.8 397.4 378.5 365.3 367.1 373.1 361.8 350.7 340.8 337.4 340 346.4 356.1 368.1 382.4 392.6 386.5 375.8 361.4 343.1 317.6 314.2 318.7 334.6 359.4 391.7 426.3 469.2 475.6 504.6 511.3 513.7 513.2 519 534.4 553.8 520.5 459.4 397.1 418.2 401.8 365.7 340.6 327.1 310.8 300.2 298.4 302.3 318.3 336.9 354.6 369.7 381.6 393.8 420.7 462.1 509.4 552.8
540.9 541.5 529.2 515.5 517.3 540.3 569.9 578.5 571.8 558 541.9 526.2 512.2 501 467.8 452 432 411.6 385.3 367 366.2 375.1 372.9 366.3 358.9 343 328.3 324.2 327.2 336.2 351.2 362.4 370.1 375.4 383.8 396.3 407.5 410.6 405.5 397.3 392.6 388.5 407.2 437.7 447.7 406.8 421.2 443.1 458.9 464.3 455.8 449.6 464.5 471.2 455.7 433.1 447.9 453.7 432.2 404.3 362.4 326.6 299.1 283.8 288.5 297.9 308.9 327.8 349.2 374.6 393.5 411.7 433.7 479.7 519.1 543.5
563.6 560.3 550.8 539.4 528.6 542.7 573.7 565.9 559.5 558.7 548 536.6 529.1 506 469.4 414.7 363.7 326.7 265 309.1 336.6 356.8 368.6 374.8 370.2 355.9 339.3 326.3 320.1 319.3 320.4 330.8 371.3 374.6 382.4 405.6 440 459.7 477.6 491.2 452.5 391.6 374 394.9 400 399.2 403.8 418.5 433.7 443.8 435.1 439.7 445.4 447.2 442.8 438.6 438.6 440.6 434.3 413.6 373.8 342.7 319.2 304.2 294.1 294.2 308.7 331.4 358 388.9 418.1 437.4 457.5 484.7 515.8 535.3
589.7 578.4 574.2 571.1 570.8 566.8 554.7 540.2 533.9 539 537.7 536.8 527.4 504.1 478 428.8 375.3 337.6 327.5 338.1 355.1 371.9 388.8 407.5 414.7 409.3 391.1 357.6 326.3 314.5 307.7 302.6 321 334.8 353.5 375.9 406.4 448.6 485.2 497 429.5 391.3 372.1 366.9 378.4 391.8 394.1 395.8 400.2 406.7 416.4 424.7 433.9 431.7 428.2 427.1 426.6 424.7 411.9 390.8 376.8 363 346.3 324.7 311 302.9 319.5 342.8 372.6 408.6 437.4 449.4 459.5 482.4 511.2 533.7
559 593 599.7 578.4 601.7 601.1 570.8 545.7 466.7 455.5 490.2 512.9 609.6 568.5 529.6 469.4 424.7 409.8 441.1 334.2 395.6 413.9 457.1 443.1 433 428.7 412.8 369.7 328.4 313.8 311.7 322.9 308.5 277.2 295.7 326.2 348.9 373.8 388.9 384.3 356 353.5 344.8 342.6 361.4 389.9 410.6 407.5 385.8 368.2 364.9 373.4 394 400.1 400.1 400.7 408.5 415.2 391.9 368.7 373.1 388.3 395.9 380.7 357.6 339.2 327.4 334.1 364.6 399 422.4 436.7 452.3 481.6 511 529.2
637 655 683.3 659.1 507.7 580.2 576.8 511.2 473.4 462.8 464.5 493.1 538.8 538.7 504.8 435.8 451.9 337.3 409.9 409.6 402.6 417.9 430.5 429.8 426.8 424.9 398.6 352.6 324.9 320.2 309 307 307.2 294.5 290.4 296.4 297.3 311.7 329 361.9 353.8 350.5 346.7 348.6 369 414.7 464.7 398.5 340.4 342.2 350.8 368.9 387.4 395.3 394.6 390.9 379.7 353.9 312.5 314.3 353.3 393.3 426.1 418.3 386.4 358 335.3 338.6 368.1 392.8 406 420.2 443.3 485.8 528.8 547.1
615 732.1 950.9 1166.9 1067.2 1018.3 761.7 426 448.1 438 428 464.5 496.3 522 548.9 407.6 399 442.3 420.4 406.4 407.2 417.1 425 427.2 431.2 433.4 414.9 367.1 307.7 221.2 327.1 315.4 301.6 287.4 278.5 278.2 280.5 285.6 299.8 310.2 317.8 329.8 339.1 336.1 351.6 364.3 374 374.7 347.9 331.7 337.6 360.3 382.1 395 397.5 392.7 376 351.7 332.6 334.8 348.7 362.8 371.6 377.6 379.7 383.9 388.1 389.3 396.4 400.1 402.4 409 426.5 477 538.3 583.5
658.6 719.8 861.2 1122.9 1510.6 1983.5 1361.6 766 559.7 468.4 432.1 438.2 482.3 561.6 579 506.3 463 447.2 429 423.9 430.3 435.7 436.2 433.9 438.5 447.6 445.5 406.8 362.5 363.5 339.4 315 291.5 277.4 267.6 262.6 247.2 236 266 266.9 272.9 279.9 296.6 320.7 322 321.2 323.3 314.7 293 295.3 312.2 341.1 373.9 398 408.2 395.7 370.9 344.4 332.3 331 332.8 337.9 348.7 364.1 387 408.4 427 429.9 415.2 395.8 381 362.1 357.8 394.1 460 527
600.9 630.3 712.4 902.8 1132.4 1152.3 1039.2 855.5 594.5 469.3 412.2 430 457.4 534.8 654 648.3 592.3 566.8 527.5 471.6 438.4 428.2 431.1 433.3 440.1 448.8 441.3 433.2 442.5 418.5 357.6 296.4 283.1 253.3 239.3 277.2 292.7 257.2 241.2 237.8 237.5 242.8 246 251.1 257.6 279.3 330.3 320.4 192.6 235.6 296.2 345.8 366.1 371.3 375.2 371.9 348.9 317.6 299.9 304.7 304.4 310.9 331.1 352.5 374.8 401.8 427 445.4 425.4 378.6 341.2 318.5 311 318.7 364.9 440.1
667.9 616.2 611 811.5 953.5 1013.4 968.5 733 361 393.2 364.8 438.1 477.2 460.4 546 612.6 634.2 644.2 626.6 547.2 469.4 430.7 424.3 423.1 422.2 436 433.6 422.8 413.3 398.1 368.2 354.1 339.9 290.6 268.3 295.8 341 294.6 241.3 224.6 220.2 205.7 199.2 215 238.7 253.6 294.6 323.7 303.5 287.2 293.5 311.9 326.9 332.4 328.8 339.3 338 328.1 329.3 322.8 316.7 322.3 336 351.1 362.2 376.6 408.4 429.3 414.4 371.4 328.6 303.9 293.5 298.7 335.6 372.6
788.3 882.6 987.5 957.2 986.8 1101.4 1036.5 796.1 591.4 498 486.5 503.3 540.5 507.9 647.1 709.6 749.9 740.1 649.8 528.6 441.6 405.9 411.4 427.8 449.4 422.8 391.9 368.7 364.7 382.4 403.7 414.3 374.9 295.6 262.8 255.9 256 240 234.2 173 181.3 145.8 159.1 168 251.2 201.1 272.5 317.7 329.9 318.7 291.1 280 306.5 327.8 348.2 368.2 355.9 349.6 348.9 338.2 333.6 340 363.4 374.9 373.8 372.6 368.3 391.6 394.1 372 339.8 298.1 283.2 291.5 302 287.2
865.7 968.4 1063.8 981.9 912.5 904.4 834.8 640.7 579.7 535.3 508.5 515.4 542.6 701.7 1144.4 770.9 668.7 616.2 495.8 379 322.5 339.8 362.9 384.2 385.6 351.2 299.8 260.2 281.3 339 401.2 457 435.7 336.6 283.1 292.2 277.6 236.4 232.7 222.8 201.2 195.3 217.4 244.9 273.1 293.7 315.3 345.9 341.9 342 333.6 324.8 313.1 316.8 327.2 339.9 338.4 336.8 340 338.9 340.9 339.7 360.6 381.2 382.6 383.1 380.9 409.5 414.3 377.7 349 321.4 305.4 300.2 283.3 271.8
773 823.2 808.8 909.6 986.9 918.6 814.7 678.6 571.4 507.3 469.1 459.9 480.3 361 357.2 354.3 344.2 349.7 329.9 294.7 285.1 293.1 314.4 323.2 317.4 288.8 253.7 243.5 268.4 326.6 368.2 384.4 439.1 492.6 375.1 316.2 324.3 292.2 254.7 245.8 192.5 262.3 258.2 251.7 256.7 272 261.5 215.1 279.7 323.4 334 328.3 300.7 271.4 312.4 329 320.9 313.3 321.8 326.8 327.9 341.3 375 399 382.5 367.9 362.4 367.2 365.4 349.1 338.9 341.2 340.2 324.4 310.8 311.2
747.5 768.2 819.7 830 801.5 791.8 684.7 501.7 399.1 375.8 367.8 349.2 331.5 316.8 305.9 286 253.3 249.3 287.1 293 285 279.1 272 258.8 243.9 230.1 228.1 236.2 256.5 268.1 296.9 342.1 334.1 390.1 433.3 289.7 375.6 505.3 528.4 405 360.3 288.3 196.8 241.7 266.4 286.2 290.4 296.4 327.9 342.9 338.1 335.8 306.7 289.6 306.3 322.3 319.6 295.5 323.3 322.5 318.9 336.7 367.5 374.9 365.3 338.7 312.6 303 307.2 309.8 314.7 318.5 320.6 321 326 336.9
611.5 641.2 652.6 579.8 589.8 546.8 416.5 320.4 287.9 278.9 293.6 309.6 302 291.7 274.2 265.5 270.3 271.5 264.2 268.9 259.4 254.5 248.9 232.3 213.6 210.4 216.8 221.6 220.7 234.7 272 320.4 364.8 441.1 553.3 597.9 537.6 564.3 557.1 466.7 337.5 227.1 248.7 251.6 283.7 320.1 332.4 369.6 429 407.6 340.2 289.2 304.3 312.2 313.7 323.6 361.7 373.2 374.9 368.4 330.9 343.7 386.6 415.4 382.8 323.5 274.2 255.3 277.7 298.9 306 306.8 312 321.7 339.6 361.3
454.2 520.6 519.5 481.3 426.2 317.8 241.8 207.7 189.8 185.6 209.4 227.9 230.5 235.7 238.7 226 219.9 203.1 188 196.7 206 218.9 232 225.5 207.1 195.1 188.2 175.8 163.1 184.4 232 300.7 366.1 401.7 468.2 495.1 453.7 380.3 277.5 288.6 287.5 267.3 279.5 282.7 277.8 295.6 322.2 354.1 395.5 383.3 344.4 293.4 288.1 300.2 311.5 329.8 345 355 370.9 370.2 330.3 329.6 371.9 410.6 374.1 301.8 272.7 267.6 285.8 303.3 301.6 297 314.9 344.4 373.4 398.8
540.2 518.2 474.5 369.6 226.5 133.5 124.8 120.5 94.1 102.5 130.2 135.7 133.8 135.8 155.7 176.6 172.7 143.7 156.5 157.4 164.7 180.4 199 203.5 193.7 179.1 163.8 152.6 162.6 175.4 211.1 270.2 318.6 365.8 429.1 451.7 413.2 369.8 306.1 282.4 290.2 283.8 275.5 274 278.6 285 318.5 369.1 391.8 395.2 403.8 339.8 280.6 267.6 296.7 321.4 326.2 335.2 339.5 334.4 315.8 321.6 354.2 344.6 304.2 256.6 206.5 249.7 287 322.2 328.4 329.2 351 391.6 423.2 445.2
545.5 542.3 466.9 320.2 168.3 114.4 101.6 101.8 101.7 105.7 110.5 107.8 107.5 117.8 140.3 166.7 181.4 175.8 164.3 148.7 130.5 137.7 156.1 164.7 166.4 164.7 162.3 155.5 152.3 181.3 210.4 245.4 262 302.6 326.8 337 335.8 316.3 278.1 255.4 246.2 241.1 242.7 233 282.5 317.7 330.8 365.5 391.6 396.5 392 337.7 272.2 195.1 250.6 291 303.5 314.7 331.9 347.6 358.9 397.4 490.7 344.9 273.5 277.9 295.8 313.7 327.4 351.6 375.7 397.7 425.2 457 493.5 516.5
