datasets/global_precipitation_1950_2017/rasters/precip_1967-total.asc
NCOLS 720 
NROWS 347 
XLLCORNER -180 
YLLCORNER -90 
CELLSIZE 0.5 
NODATA_value -9999 
[rows 34 to 67 of 347, columns 152 to 227 of 720]
220.1 209 198 189.6 183.3 180.1 175.5 174 174.8 175.7 177.3 179.5 181.6 185.6 186.8 187.6 189.4 190 191.7 194.2 197.1 200.9 205.5 211.7 216.8 222 229.7 237.3 242.5 248.8 253.4 256.7 263.8 268.9 273.7 276.3 -9999 -9999 268.2 -9999 260.6 -9999 -9999 -9999 -9999 -9999 -9999 -9999 -9999 -9999 -9999 -9999 -9999 -9999 -9999 -9999 -9999 -9999 -9999 -9999 336.3 338.6 341.7 345.9 350 357.9 362.9 370.6 377.3 381.3 382.8 384.8 -9999 -9999 -9999 443.4
211.5 202.5 196.4 191.6 190 190.7 193 195.4 200.1 204.5 208.7 213.3 222.8 224.7 226.8 227.3 231.4 232.6 234.4 236.2 238.3 242.5 246.3 250 250.6 251.5 253.1 257.5 -9999 -9999 264.9 267.8 269.7 271.1 272.6 -9999 272 270.9 269.5 -9999 -9999 -9999 -9999 -9999 -9999 -9999 -9999 -9999 -9999 -9999 -9999 -9999 -9999 -9999 -9999 -9999 -9999 -9999 -9999 -9999 -9999 357.1 359.4 361.5 363.5 367.8 374.6 381.4 388.5 396.2 402.1 406.9 -9999 -9999 -9999 -9999
199.9 194.7 192.1 191.5 194.8 200.4 206.7 213.9 220.1 227.4 234.5 241.1 248.1 254.2 259.5 264.7 265.2 268.4 268.7 270.4 271 272.9 273.8 274.6 275.5 274.6 274.1 274 277 275.6 276.2 275.4 274.3 274.2 -9999 -9999 274.5 273.6 -9999 273.5 -9999 -9999 -9999 -9999 -9999 -9999 -9999 -9999 -9999 -9999 -9999 -9999 -9999 340.3 350.8 356.3 357.1 -9999 355.5 356.9 357.2 357.9 359.2 362.9 366.1 369.1 375.1 382.9 389.7 396.7 405.3 414.1 423.7 435.2 -9999 -9999
201.5 200.8 201.8 203.7 208.3 214.4 220.5 228.6 235.7 242.8 250.4 258 264.8 271.6 276.1 279.8 282.8 284.2 284.8 286 286.8 286.9 286.7 285.8 286.3 286.1 285.9 284.4 284.1 284.4 284.2 283.3 281 -9999 -9999 278.4 277.1 277.6 277.3 277 274.3 268.2 261.9 -9999 -9999 -9999 -9999 -9999 -9999 -9999 -9999 -9999 328.3 339.4 348 354.1 351.8 352.1 350.5 351.9 355.2 359.3 363.4 368.4 372.7 375.2 384.3 378.2 380.6 384.8 391.9 401.7 416.4 435.4 457.9 483
215.1 217.5 220.3 222.3 226 230.9 236.9 243.2 250.3 257.4 264.1 271.4 277.1 281.8 285.5 287.7 288.9 290.1 291.3 293.1 294.5 295.3 295.1 294 292.8 290.6 289.6 288.8 288.6 288.4 288.4 287 -9999 -9999 -9999 279.5 278.3 277.5 277.7 278.4 280.9 259.3 239.5 240.2 243.7 -9999 -9999 -9999 -9999 -9999 -9999 -9999 -9999 -9999 344.9 -9999 -9999 -9999 -9999 -9999 -9999 -9999 366.6 372 375.1 376.1 374.7 370.9 365.9 362.4 365.9 376.8 400.5 433.6 476.2 523.3
227.6 233.7 237.6 242.7 248.4 252.5 258 263 267.9 274.1 280.9 284.6 288.2 290.8 292.8 294.5 296 298 299.8 301.9 303.3 304 303 -9999 296.7 292.4 288.9 287 -9999 -9999 -9999 -9999 -9999 -9999 281.5 278.3 275.8 272.2 268.1 262.4 -9999 -9999 -9999 231.1 235.1 241.5 248.6 256.3 -9999 -9999 -9999 -9999 -9999 -9999 -9999 -9999 -9999 -9999 -9999 -9999 -9999 -9999 367.1 -9999 -9999 375.3 373.6 368 360.6 351.7 347 362 392.8 436.3 492 556.2
239.8 247.7 254.6 259.5 267.4 270.6 275.8 281.1 286.2 291.2 296.4 301.1 304 306.3 307.5 309.1 310 311.8 313.3 314.7 315.1 314.3 311.8 308.6 302.6 296.3 290.3 -9999 -9999 -9999 -9999 -9999 -9999 -9999 -9999 -9999 -9999 267.4 262.4 -9999 -9999 -9999 -9999 -9999 -9999 -9999 -9999 -9999 -9999 -9999 -9999 -9999 269.8 -9999 -9999 -9999 -9999 -9999 -9999 -9999 -9999 -9999 -9999 -9999 -9999 380.7 380 379.7 380.1 378.9 378.4 388.9 -9999 -9999 497 558.1
252.9 261.8 270.6 277.7 285.4 290.7 295.9 299.9 304 307.6 311.5 315.3 319.7 322.5 324.2 325.4 326.3 327.1 327.9 328.6 327.7 326.3 322.8 -9999 -9999 -9999 -9999 -9999 -9999 -9999 -9999 -9999 -9999 -9999 -9999 -9999 -9999 -9999 -9999 -9999 -9999 246.2 242.9 241.8 -9999 -9999 -9999 -9999 -9999 -9999 -9999 -9999 -9999 -9999 -9999 -9999 -9999 -9999 -9999 -9999 -9999 -9999 -9999 -9999 -9999 -9999 -9999 -9999 -9999 411.4 411.8 417 429.2 447.8 -9999 -9999
266.9 273.4 283.4 293.2 301.7 309.8 316.4 320.9 324.5 325.9 328.7 331.2 334.3 337.2 339.3 340.3 340.7 341 340.9 340.7 341 340.8 -9999 -9999 -9999 -9999 -9999 -9999 -9999 -9999 -9999 -9999 -9999 -9999 -9999 -9999 -9999 -9999 -9999 -9999 -9999 248.7 -9999 -9999 -9999 -9999 -9999 -9999 254.1 -9999 -9999 -9999 251.6 245.1 233.4 213.3 198.6 285 -9999 441.1 430.7 419.1 -9999 -9999 -9999 -9999 -9999 -9999 -9999 -9999 -9999 415 418.7 423.9 427.7 430.2
271.5 278.1 285.3 297.3 311 324.1 334.9 340.5 342.5 342.1 343.6 346.9 349.9 351.7 354.1 353.6 354.1 352.8 351 349.8 348.3 -9999 -9999 -9999 -9999 -9999 -9999 -9999 -9999 -9999 -9999 -9999 -9999 -9999 -9999 -9999 -9999 -9999 -9999 -9999 -9999 -9999 -9999 -9999 -9999 -9999 -9999 -9999 264.8 -9999 -9999 -9999 263.7 260.7 256.3 257.6 276.9 328.7 387.2 417.7 422.3 416.5 409.4 405.3 -9999 -9999 -9999 -9999 -9999 -9999 -9999 -9999 -9999 -9999 -9999 -9999
267.6 272.5 278.8 285.1 293.3 309.7 348.5 349.4 348.2 350.2 354.7 359.9 366.1 368.3 369.2 369.8 367.7 364.3 359.6 355.7 -9999 -9999 -9999 -9999 -9999 -9999 -9999 -9999 -9999 -9999 -9999 -9999 -9999 -9999 -9999 -9999 -9999 -9999 -9999 -9999 -9999 -9999 -9999 -9999 -9999 -9999 -9999 -9999 -9999 -9999 -9999 -9999 -9999 289.8 294.7 303.2 318 337.9 360.7 381.3 392.2 396.9 398.5 398.6 400.2 -9999 -9999 -9999 -9999 -9999 -9999 -9999 -9999 -9999 -9999 -9999
267.9 273.6 274.3 274.5 280.6 285.7 303.6 323.6 341.5 356.1 366.8 377 386.3 390.7 392.5 392.8 389 381.4 377.3 -9999 -9999 -9999 -9999 -9999 -9999 -9999 -9999 -9999 -9999 -9999 -9999 -9999 -9999 -9999 -9999 -9999 -9999 -9999 -9999 -9999 -9999 -9999 -9999 -9999 -9999 -9999 -9999 -9999 -9999 -9999 -9999 -9999 -9999 310.1 316.3 325.7 336.4 348.3 360.8 372 380.4 386.6 391.5 395.1 398.7 402 411.5 416.1 416.8 -9999 -9999 -9999 -9999 -9999 -9999 -9999
285.8 282.2 288.8 289.1 293.7 302.3 318.9 342.8 365.4 388.5 405.2 420.3 429.1 434.9 434.5 430.5 420.1 414.6 407.1 -9999 -9999 -9999 -9999 -9999 -9999 -9999 -9999 -9999 -9999 -9999 -9999 -9999 -9999 -9999 -9999 -9999 -9999 -9999 -9999 -9999 -9999 -9999 -9999 -9999 -9999 -9999 -9999 -9999 -9999 -9999 -9999 -9999 -9999 319 325.2 332.8 341.4 351.1 361.3 369.8 377.2 382.9 387.4 392.1 399.3 405.4 408.8 412.5 414.2 -9999 -9999 413.1 -9999 -9999 -9999 -9999
323.5 325.6 325.5 324.9 330.6 348.1 364.7 394.9 422.2 446.9 471.9 491.8 501.6 502.1 492.7 473.5 455.3 442.1 -9999 -9999 -9999 -9999 -9999 -9999 -9999 -9999 -9999 -9999 -9999 -9999 -9999 -9999 -9999 -9999 -9999 -9999 -9999 -9999 -9999 -9999 -9999 -9999 -9999 -9999 -9999 -9999 -9999 -9999 -9999 -9999 -9999 -9999 -9999 320 325.7 332.2 341.3 349.6 357.9 366.3 375.9 384.3 391.4 401.7 411.1 418.2 423.6 428.2 431.1 -9999 -9999 -9999 -9999 -9999 -9999 -9999
365.1 385.1 393.8 399.5 401.6 420.7 442.4 470.5 501.2 530.8 558.8 572.5 567.9 547.8 525.7 496 471.4 453.7 -9999 -9999 -9999 -9999 -9999 -9999 -9999 -9999 -9999 -9999 -9999 -9999 -9999 -9999 -9999 -9999 -9999 -9999 -9999 -9999 -9999 -9999 -9999 -9999 -9999 -9999 -9999 -9999 -9999 -9999 -9999 -9999 -9999 -9999 311 316.6 322.8 330.8 339.4 348.5 356.3 367.3 378.1 391.2 405.4 418.2 431.4 440.4 449 452.3 460.1 463.8 -9999 -9999 -9999 -9999 -9999 -9999
384.9 399.6 409.4 420.5 435.1 451.7 471.8 498.5 528.4 552.6 574.4 583 574.2 557.1 527.5 495.6 468.7 450.9 443 438.2 465.8 459.2 -9999 -9999 -9999 -9999 -9999 -9999 -9999 -9999 -9999 -9999 -9999 -9999 -9999 -9999 -9999 -9999 -9999 -9999 -9999 -9999 -9999 -9999 -9999 -9999 -9999 -9999 -9999 -9999 -9999 301.3 306.2 312.2 317.7 324.9 333.1 343.3 355.4 368.7 383.2 400.2 420 439.7 458.8 472.8 481.1 486.7 -9999 493.2 496.1 -9999 -9999 -9999 -9999 531.3
403.3 387.9 393.7 414.4 431.9 446 461.7 482.8 504.8 526 542.3 553.7 555.3 535.9 511.7 483.2 459.5 447.9 443.3 444.5 445.6 442.7 -9999 -9999 -9999 -9999 -9999 -9999 -9999 -9999 -9999 -9999 -9999 -9999 -9999 -9999 -9999 -9999 -9999 -9999 -9999 -9999 -9999 -9999 -9999 -9999 -9999 -9999 -9999 -9999 -9999 -9999 302.9 309.1 315.6 323.9 333 343.1 355.3 368.9 387.6 407.5 432.2 456.1 477.3 490.2 499.7 504.7 506.2 508.1 508.3 -9999 512.5 519.5 530.2 543.1
426 404.5 406.1 425.4 435.5 438.7 445.8 460.3 477.9 496 511.9 519.6 526.6 515.2 488.5 460.2 441.5 434.9 429.6 426.5 422.4 416.7 411.2 -9999 -9999 -9999 -9999 -9999 -9999 -9999 -9999 -9999 -9999 -9999 -9999 -9999 -9999 -9999 -9999 -9999 -9999 -9999 -9999 -9999 -9999 -9999 -9999 -9999 -9999 -9999 -9999 -9999 -9999 -9999 323.6 330.2 341.1 349.6 362.1 376.1 393.1 416.8 442.2 464.7 482.7 498.8 507.7 511.4 512.8 512.9 510.8 512.1 516.4 524.6 533.6 543.9
456 452.3 443.8 432.6 424.3 420.7 429.5 446.8 471 493 502.6 501 492.6 475.7 453.7 435.4 426.6 423.2 421.7 416 401.7 385.5 374.2 -9999 -9999 -9999 385.2 -9999 -9999 -9999 -9999 -9999 -9999 -9999 -9999 -9999 -9999 -9999 -9999 -9999 -9999 -9999 -9999 -9999 -9999 -9999 -9999 -9999 -9999 -9999 -9999 -9999 -9999 -9999 345.7 352.6 360.1 373.4 379.9 393.7 410.4 433 456.8 476.5 491.5 503.4 509 511.3 512.5 512.8 514.3 517.9 525.1 532.7 541 550.7
501.1 500.2 481.7 457.7 438.2 420 431.1 453.3 467.3 504.7 522.4 493.8 471.6 447.6 424 414 414.5 420.3 430 434.6 414.3 382.5 364.2 364.8 372.3 377.2 382.4 387.7 384.9 391 397 -9999 -9999 -9999 -9999 -9999 -9999 -9999 -9999 -9999 -9999 -9999 -9999 -9999 -9999 -9999 -9999 -9999 -9999 -9999 -9999 -9999 -9999 -9999 -9999 387.3 393.3 407.4 418.5 431.3 450.3 472.3 489.6 501.1 509.6 513.3 511.1 512.5 511.1 509.2 514.2 523.6 536.2 549.8 552.4 559.6
590.4 517.2 501.4 484.3 469.3 462.6 479.6 488.5 468 468.1 473.1 465.4 453 424.1 389.3 388.4 405 411.7 426.1 439.5 431 410.7 394.1 385.5 382.5 385.1 390.9 398 400 405.3 400.8 404.7 400.4 -9999 -9999 -9999 -9999 -9999 -9999 -9999 -9999 -9999 -9999 -9999 -9999 -9999 -9999 -9999 -9999 400.7 413.7 -9999 -9999 -9999 -9999 437.8 442.9 453.2 468.7 488.3 509.9 528.4 540.8 548.1 548.8 540.7 541.5 535.9 533.2 532.3 541.2 549.5 562.9 572.1 576.2 577.1
516.7 504.8 475.8 458.4 457.6 455.6 456.6 463.4 469.4 472.8 465.1 460.7 457.7 431.8 397.6 392.1 407.8 423.2 434.7 439.8 437 429.3 416.9 406.4 404 410.4 416.8 425.9 430.5 432.6 432.2 425.6 416.6 405.8 390.4 -9999 -9999 -9999 -9999 -9999 -9999 -9999 -9999 -9999 -9999 -9999 -9999 -9999 -9999 -9999 -9999 -9999 -9999 -9999 495.6 490.7 494.9 505.3 521.7 544.1 568.7 590.7 600.1 599.7 601.4 598.2 591 591 587.9 586.9 590.7 598.2 606.6 611.1 612 604.7
450 452.7 441.8 431.8 423.7 419.1 421.8 434.1 452.8 474.8 485.2 467.7 444.6 433.4 424.8 427.7 443.1 456.4 465.2 467.4 463.9 458.4 448.3 444.4 448.2 453.1 457.9 465 468.7 469.1 465.1 448.1 432 416 397.4 376.9 354 328.4 -9999 294.8 293.9 -9999 -9999 -9999 -9999 -9999 -9999 -9999 -9999 -9999 -9999 -9999 528.1 524.9 517.7 517.2 523.7 540.2 567.2 590.7 616.4 639.6 654.2 664 665.2 663.1 655.6 653.9 650.7 647.9 646.3 649.9 654.1 653.5 649.4 642.1
416.1 411.3 409.8 408.6 393.1 384.2 401.9 420.2 443.5 475.5 497 469.8 406.4 413.3 425.4 445.2 466.5 478.6 484.7 487 487.7 482.1 480.2 481.8 486.9 490.2 493.5 495.3 493.3 492.4 483.4 467.6 449.5 429.6 407.5 385.5 365.7 341.2 316.8 294.4 283.6 281.6 290.7 315.7 -9999 -9999 -9999 -9999 -9999 425.6 448.2 472.4 490.5 500.9 507.8 515.9 530.9 552.9 579.8 615.5 646 675.1 697.7 714.6 721.4 723.9 719.9 717.3 714.4 707.9 700.3 694.3 687.6 682.6 668.5 658.5
355.1 365.5 382.7 389.4 381.3 373.5 407.8 421.5 435.9 449.9 457.8 460.7 461.7 449.7 444.6 466.6 489.9 506.4 506.8 505.4 500.3 494.5 495.2 499.5 504.4 506.2 503.2 498.2 498.3 504.9 505.4 494.9 478.2 456.9 431.4 408 385.6 364.6 335.4 297.8 278.4 271 289.8 -9999 -9999 -9999 -9999 -9999 -9999 373.7 395.9 432.5 470 490.3 500.7 511.7 529.6 555.8 590.1 627.5 665.1 697.8 723.8 743.9 755 760.2 763.5 763.4 761.6 756.3 747.9 736.8 722.8 710.4 700.9 699.7
345.2 359.9 368.3 392.9 428.4 417.9 423.9 425 427.4 429 437.9 450.2 455.3 452.3 453.3 479.4 508.8 529.7 543.8 532 512.7 499.1 500 505.4 514.6 521.8 523.7 519.7 522.6 531.9 532 525.3 509.5 490.6 464.4 437.9 414.5 386.7 359.6 312.3 282.4 279.7 302.9 336.5 -9999 -9999 -9999 -9999 -9999 -9999 366.8 433.9 503.8 512.8 503.9 507.8 524.1 553.5 594.3 638.5 683.6 714.6 740.6 758.7 770.8 780.7 788.2 793 795.3 794.9 789.6 781.1 773.1 764.4 756.1 747
350.6 342.4 360 380.4 417.3 458.4 467.4 448 424.7 399.7 416.9 423.2 428.5 439.2 456.2 482.2 509 528.7 534.7 530.3 513.8 500.9 505.9 526.6 544.6 553.2 559 563.1 567 558.9 546.6 539.4 529.3 522 497 469.1 437.9 409.1 375 333.5 307.4 321 367.9 391.2 -9999 -9999 -9999 -9999 -9999 -9999 367.7 414.1 462 480 485.7 498.7 518.7 550.3 597.2 655.2 702.8 735.8 754.6 767.8 779.9 789.8 798.6 811.4 825.2 834.3 834.7 826.6 814.1 811.8 816.8 797.1
359.8 379.8 410 366.6 414.3 526.8 495.7 468 443.5 442.1 438.9 437.6 439.9 462.7 489.3 508.7 526.7 533.8 521 516 510.8 502.9 534.1 586 601.8 600 593.3 586.5 574.5 558.7 543.8 544.4 546.2 527.6 492.4 462.2 438 413.9 381.1 353.5 356 424.1 485 481.9 -9999 -9999 426.1 -9999 -9999 -9999 390.8 406.8 427.7 448.8 469.5 495.4 523.1 562.3 615.2 675.7 724.9 753 766.3 779.9 794.2 805 818.4 841.4 868 890.3 902.6 889.3 843.7 783.4 812.6 810.9
359.9 375.1 368.2 383.3 364 357.6 412.1 435.2 456 470.8 471.6 481.6 504.2 520.8 544.6 555 534.3 499.1 495.7 507.3 519.5 544.2 596.4 637.5 647.2 645.5 634.4 640.1 612.1 575.2 531.6 521.1 574.4 509.9 445.3 407.7 398.2 398.8 382.6 367.8 403.8 497.6 553.8 553.2 532.6 -9999 -9999 -9999 -9999 -9999 -9999 429.7 442 459.4 478.5 513.4 569.5 628.2 676.8 720.9 751 777.3 794.5 804.7 813.3 827.6 848.9 879.2 919.8 969.5 1013.7 1027.7 977.7 894.9 837 796.4
325.2 273.5 301 323.7 358.5 365.3 419 483.1 453.7 537.1 523.7 513.7 538.4 616.5 706 622.6 553.2 506 503.1 529 561.2 595.3 616 631.2 634.1 632.3 637.2 676.2 665.7 589.2 492 383.2 406 434.8 404.4 375.7 403.1 435.7 459 457.5 495.5 607.3 615.2 585.4 554.7 529.8 513 -9999 -9999 -9999 449.3 457.3 471.5 484.2 508.8 578.5 683 744.7 778.4 796.1 815.1 826.8 833.4 832.9 835.1 841.7 861.7 894.1 941.9 997.9 1056.6 1083.8 1046.9 969.5 885.9 793.7
334.1 346.3 327.1 369.7 381.5 415.3 422 430.6 480.5 533.4 528.1 482.7 465.4 496.9 553 546.2 522.4 494.4 519 562.8 585.6 619.5 630 615.1 614.1 607.1 591.4 580.5 577.4 574.8 511.7 450.7 469.7 498.2 495.1 516 539.2 574.5 617.3 658.3 715.4 726.7 682.4 637.9 589.4 540.1 513.7 412.2 -9999 458.7 477.6 505.1 531.5 554.2 617.9 720.6 783 812.5 826.2 835.8 840.1 842.1 837.7 838 842.1 846.2 853.3 865 897.1 947.7 1001.5 1048.7 1051.1 1023.3 955.6 843.6
283.7 315.1 338.9 367 401.8 459 501.7 425.4 461.4 469.2 484.9 458.7 448.6 449.5 449.1 430.9 426.7 438.8 495.3 589.6 643.3 717.2 667.1 592.5 580.1 589.4 584.4 566.1 569.3 584 590.1 634.5 669.6 683 710.2 726.8 745.2 758.7 758.2 746.1 747.3 758.9 759.3 734.6 688.2 625.3 560.3 514.8 502.2 525.6 588.9 641.9 667.2 676.2 740 805.7 839.1 857.7 861 846.6 842.2 845.6 843.7 846.2 849.5 840.2 848 841.7 845.4 865.5 940 1040 1060.8 1058.5 1034.5 966.1
315.4 340 346.1 368 376.6 408.2 406.8 427 401.2 450.3 400 402.3 452.2 403 398.2 411.4 418 467 504.1 558.7 610.2 629.2 586.7 473.2 618.8 621.3 619 620.4 622.5 617.8 583.6 643.1 689.4 734 806.4 767.2 762.2 762.8 734.4 733.1 736.7 752.4 775.1 810.3 794.6 767.4 733.1 696.4 689.9 784.4 823 800.1 769.8 769.7 797 866.1 897.9 901.3 893.9 883.7 867.7 869.3 866.2 918.5 901.9 885.3 863.3 848.1 833.9 855.6 925.8 986 1029 1045.9 1024.9 1082.8
323.2 288.7 294 341.2 336.5 365.4 387.7 344.2 410 414.6 421.7 400.1 385.2 407.8 413.8 436.4 532.9 528.6 497.9 493.9 550.1 572.7 600.8 611.2 654.5 671.2 668.6 678.2 671.7 671.6 675.7 697.6 713.8 676.6 683.8 718.5 699.3 681.5 719.6 747.6 713.9 723 727.8 810.2 858.2 776.7 797.9 822.9 881.7 926 911.5 879.5 833.4 852.6 867.1 904.6 927.8 934.7 914.7 884.7 922.2 810.4 780.7 961.7 972.2 924.4 927.2 874.8 809 800.7 836.8 933.2 1019.3 1139.9 -9999 -9999
