datasets/global_precipitation_1950_2017/rasters/precip_1998-total.asc
NCOLS 720 
NROWS 347 
XLLCORNER -180 
YLLCORNER -90 
CELLSIZE 0.5 
NODATA_value -9999 
[rows 34 to 67 of 347, columns 380 to 455 of 720]
-9999 -9999 -9999 -9999 -9999 1470.7 1707.1 -9999 1370 1219.6 1194 923.4 812.4 832.5 840.7 797.3 793.4 784.2 765.8 778.7 862.4 712.9 632 711.6 991.3 637.6 771.7 847.1 910.7 963.9 908.2 868.3 883.1 755.7 746.7 791 782.4 751.8 717.9 701.9 686.4 673.9 665.1 662.1 661.1 661.5 651.1 617.2 -9999 -9999 -9999 -9999 -9999 -9999 512.8 500.5 484.8 461.4 439.7 439.8 -9999 -9999 -9999 -9999 484.9 504.5 528.1 -9999 590.8 593.8 580.1 570.3 564.2 561.3 562.6 560.2
-9999 -9999 -9999 -9999 -9999 1317 1494.5 1395.6 1212.5 1075.4 893.6 938.4 981.9 928.6 890.5 813.4 739.3 753.6 738.2 766.5 777.9 740.6 752 711 682.5 680.2 -9999 -9999 -9999 719.1 831 886.1 888.9 830.5 803 819 826 802.1 751.7 724.2 710.3 696.1 676.3 664.1 664 660.1 639.3 603.6 564.9 -9999 -9999 -9999 -9999 -9999 -9999 -9999 -9999 -9999 -9999 -9999 -9999 532.5 533.3 533.4 539.2 555.3 586.6 622 581.1 597.9 601.2 604.9 613.8 627.8 646.7 658
-9999 -9999 -9999 -9999 -9999 1454.4 1415.5 1221 979.4 972.8 1040.7 1061.7 948.3 810.7 898.8 950.3 866.6 866.6 883.3 896 775.8 846.1 776 -9999 -9999 -9999 -9999 -9999 -9999 -9999 -9999 668 689.6 621.7 613.8 806.7 796.3 808.6 809.8 778 754.9 703.6 679.7 679.9 675.3 654.5 620.6 591.7 567.8 -9999 -9999 -9999 -9999 -9999 -9999 -9999 -9999 -9999 -9999 -9999 613.9 610.5 610.8 606.8 594.3 574.9 560.8 561.2 571.4 590.2 615.2 635.3 648.3 663.5 681.9 696.1
-9999 -9999 1391.9 1747.1 1724.8 1307.9 1228.8 1098.4 1026 976.3 1002.1 897.7 870.2 794.9 870.2 906.8 831.9 749 776.5 790.3 928.9 807.1 -9999 -9999 -9999 -9999 -9999 -9999 -9999 612.7 633.6 637.9 727 725.7 748.8 761 859.2 787.2 776.2 699.7 705.1 688.6 676.1 673.2 679 671.7 643.6 617.8 594.5 572.9 -9999 -9999 -9999 587.1 601.2 612.1 -9999 -9999 -9999 -9999 669.9 669.6 660.6 641.9 607.4 565.8 528.2 529.5 555.1 584.3 612.9 633.2 646 664 685 694.7
-9999 1464.7 1371.3 1315.2 1236.1 1150.4 1051.8 967.4 918.5 891.6 846 736.5 753.8 756.6 734 796.9 793.2 741 732.9 804.5 880 896.7 -9999 -9999 -9999 -9999 -9999 -9999 686.2 656.4 619.4 599.5 648.3 671.5 654.8 566.9 774.4 760.2 746.1 662 660.9 688.4 686.8 669.3 677.9 694 700.5 697.9 688.5 667 649.9 666 -9999 -9999 -9999 -9999 701.7 696.2 690.8 693.3 710.6 714.2 682.5 633.6 609.8 584.9 566.1 563.7 572.6 583.1 588.6 594.1 602.1 613.3 622 623.8
1576.9 1435.7 1018.6 990.5 1204.4 1191.7 1074.8 984.1 996.7 794.8 794 720.7 728.7 674.8 686.1 885.1 890.7 767 930.3 830.5 537.7 -9999 -9999 -9999 -9999 662.1 605.5 639.1 882.7 735.3 616.5 664.8 688.5 700.2 763.1 778.8 751.2 737.3 803 830 772.6 739.9 736.5 716.1 702 713.2 745.2 806.5 877.5 826.5 761.5 728.7 718 717.9 730.1 747 749.7 733.8 721.8 720.9 718.1 705.4 680.3 650 627.2 610.8 596.2 588.1 582.7 576.4 573 573 568.7 562.3 553.3 536.5
1064.8 976.9 939.1 969.1 897.7 831.8 834.4 902.9 769.6 738 763.4 729.6 771.6 695.7 627.8 683.8 939.4 795.7 -9999 -9999 -9999 -9999 -9999 -9999 618.8 592.6 637.5 696 719.5 652 639.8 676.5 665.4 751.7 752.1 772.1 776.4 791 733.9 778.7 741.2 732.6 765.9 765.5 735.8 704.2 671.8 699.4 747.1 760.1 753.8 752.9 752.6 746.3 736.1 721.9 708.6 692.9 686.6 728.4 773.9 755.6 708.2 668.7 652.1 641.8 626.1 608.9 590.8 578.7 569.3 560.5 551.1 541.6 534.6 527.9
585 607.9 652.1 758 755.1 761.1 739.9 599.5 731.9 711.7 764.7 783.5 797.4 730.3 794.7 838.7 -9999 -9999 -9999 -9999 -9999 -9999 701.7 674.8 670.5 631.7 636.5 634 688.1 669.6 614.2 630.6 652.3 771.5 671.4 718 737.6 758.6 729.1 732.1 748.2 769.4 779.7 778.8 769.5 727 708.2 710.1 727.9 720.2 705.2 709.9 719.6 729.8 734.3 729.7 729.4 723 725.8 755.9 779.9 771 743.6 718.7 708 740.5 683 630.7 591.2 566.8 555.2 551.2 547.7 539.8 529.2 519.5
447.3 416.5 532.7 581.7 748.1 723.7 707.9 685.5 733.8 718.2 686.7 734.8 842 791 806.8 -9999 -9999 -9999 -9999 -9999 -9999 -9999 -9999 708.5 740.9 764.1 702.7 669.6 657.6 705.6 682.4 651.4 639.1 659.9 671.5 635.1 648.5 690 701.9 655.2 784 768.5 768.9 775 766.8 702.7 663.6 631.4 593 622.2 655.9 678.2 693.4 699.5 725.4 756.9 782.1 799.8 820 840 842.4 814.3 776.3 730.3 688.2 657.9 639.8 615.7 568.5 520.3 512.3 536.8 553.1 558 545.6 524.9
591.7 530.2 493.2 555.7 653.7 707.9 676.5 695.5 732 768.8 758.9 707.8 635.8 736.1 734.9 -9999 -9999 -9999 -9999 -9999 -9999 -9999 -9999 743.9 770.5 762.7 716 720.1 736.1 670 656.9 609.4 638.5 626.3 664.1 712.9 720.6 722.7 735.6 735.5 747 814.6 784 776.8 753 714.5 702.3 683.9 625.9 621.8 646.7 678.9 708.8 721.2 739 784 824.4 849.7 851.7 862.5 923.5 856 783 717.8 665.9 635 617.3 608.4 589.1 574.4 576.1 590.7 603.7 597.6 580.5 562
672.3 682.2 671 725.2 815.2 773.4 722.9 666.4 641.4 690.9 625.5 646.2 657.9 700.7 -9999 -9999 -9999 -9999 -9999 -9999 -9999 -9999 -9999 695.1 705.4 614.2 649.1 606.4 635.7 720.3 716.8 688.2 674 610.8 739.5 679.5 742.4 731.2 689.3 683.9 701.4 725.7 750.4 765.5 747.9 706.5 685.4 678.4 670.5 667.7 669 665.9 662.2 681.6 717.6 759.4 801.6 833.9 833.9 814.8 798.2 766 698 611.8 569.9 580 591.9 598 604.8 615 630.8 649.8 669.2 608.2 594.8 588.7
808.7 654.9 593.5 676.7 752 677.8 697.7 671.5 617.4 593.4 631.6 564.4 691.2 706.7 717.1 -9999 -9999 -9999 -9999 -9999 -9999 -9999 -9999 616.3 647.2 632.8 629 661.4 743 764.4 752.1 761.9 743.9 702.2 712.4 754.6 771.4 794.5 770.4 750.9 722 713.6 722.9 719.9 691.9 673.1 712.7 745.4 734.5 750.6 718.7 679.1 657.7 669.7 694.7 709.4 722 740.5 768.3 795.7 801.3 760.5 689.3 619.8 584.4 583.2 588 594.6 607.8 618.3 633.5 643.1 650.1 647.6 620.3 596.2
709.6 821.5 781.5 682.6 720.6 782.3 658.4 627.2 739.7 695.7 662.7 660.6 639.4 734.3 691.2 704.1 651.3 -9999 -9999 676.4 651.4 -9999 -9999 -9999 635.8 -9999 713.5 779.3 786.3 752.4 -9999 804.6 -9999 -9999 -9999 -9999 -9999 -9999 691.6 681.1 714.3 717.7 694.7 661.9 652 643.1 677.2 721.5 736.2 731.7 715.2 694.1 674.2 664.5 642.2 616.9 630.7 662.1 699.8 747.3 774.2 748.2 692.9 635.1 584 556.4 566.8 595.3 618.3 631.3 641.7 643.6 638.5 625.1 577.7 481
672.4 815.5 817.3 829 687.8 682.6 675 725.2 763.4 760 740.4 626.5 676.1 680.2 640.2 651.8 613.5 626 -9999 -9999 -9999 -9999 -9999 -9999 -9999 -9999 -9999 -9999 -9999 -9999 -9999 -9999 -9999 -9999 -9999 -9999 -9999 744.2 690.2 656.2 688 677.2 665.9 627.5 586.4 609.3 678.4 744.5 725.1 711.5 685.8 654.3 644.2 648.6 648.1 640.6 627.1 636 621.4 650.4 662.3 653.8 632.8 601.5 564.8 544.1 564.2 594.5 628.2 662.2 685.8 685.1 668.4 665.1 682.6 735.8
957.8 886.6 880.1 829.1 817.6 883.4 794.8 750.8 760.9 753.9 719.6 649.8 660.1 750.2 641.1 514.7 605.2 -9999 -9999 -9999 -9999 -9999 -9999 -9999 -9999 -9999 -9999 743.7 777.7 766.2 769.6 816.3 761.6 737.2 804.4 790.9 740.3 793.3 753.2 739 735 709.7 697.7 676.7 667.7 652.4 640.1 636.5 652.2 666.4 650.5 624.1 635.5 670.4 705.8 746.4 790.9 707.5 658.3 638 639.3 636.2 626.8 600.8 569.6 580 602.1 615.6 630.2 659.6 681 687.6 687.8 695.1 717.7 749.3
-9999 -9999 828.6 1004 965.5 858.8 795.1 757.7 894.9 922.1 874.5 677 686 654 609.5 -9999 -9999 -9999 -9999 -9999 -9999 -9999 -9999 -9999 -9999 -9999 -9999 -9999 1840.5 939.2 824.9 804.6 792.9 780.2 772.1 815.3 790.5 797.8 768 728.9 719.8 697.1 678.7 706.7 729.4 752.6 686.7 649.6 632.8 639.7 661.7 673.2 675.2 687.9 703.1 721.1 729.2 713.3 673.5 647.8 645.9 665.5 687.2 676.8 651.7 652.3 651.1 633.8 633.5 656.5 666.7 672.7 673.4 675.7 687.5 711.3
-9999 -9999 -9999 1096.9 915.6 818.5 759 770.3 701.7 729.1 737.1 676 742.5 -9999 -9999 -9999 -9999 -9999 -9999 -9999 -9999 -9999 -9999 -9999 583.2 -9999 -9999 -9999 -9999 705.6 759.2 763.7 781 774 800.5 820.1 858.6 897.9 884.5 781.4 743.5 724.1 716.5 741.5 778 769.1 741.4 687.8 681.9 694.8 698.9 697.8 685.4 682.6 698.1 722.9 753.3 768.6 729 693.6 687.4 695.2 712 710.5 699.6 695.5 696.5 686.6 675.5 676.9 681 685.5 668.4 625.5 616.5 645.1
-9999 -9999 -9999 -9999 1149.1 1159.6 1103.2 997.5 688.2 821.2 819.3 780.8 748.4 -9999 -9999 -9999 -9999 619.4 -9999 -9999 -9999 -9999 -9999 -9999 -9999 -9999 -9999 -9999 -9999 692.4 814.2 811.7 795.1 820.7 840.3 867.4 932.6 932.2 869.1 804.2 780.5 774.7 773.3 784.4 800.5 786.2 766.8 732.2 718.9 697.2 706.4 723.6 674.7 639 683 714.5 726 721.3 693.7 643.2 654.9 788.1 732.6 712.8 694.5 695.1 700.8 704.3 699.5 702 722.1 742.3 625.2 505 536.8 587.9
536.5 -9999 -9999 -9999 1294.7 1371.7 1162.1 986.1 890 886.5 831.3 685.5 637.9 -9999 -9999 -9999 640.1 -9999 -9999 -9999 -9999 -9999 -9999 695.3 670.9 643.7 -9999 -9999 -9999 660.1 755.3 812.1 808 795.6 811.1 773.5 830.9 857.2 851.4 827.6 812.8 827.5 845.5 811.7 792.5 801.2 800.4 763.5 726.1 705.2 692.7 678.4 675.4 695.3 727.9 734.8 733.1 701.2 660.6 661.2 681.8 697 693.5 680.1 670.5 695.1 718.6 699.4 691.2 693.7 701.4 660.6 599 554 552.8 577.6
482 -9999 -9999 -9999 -9999 1231.4 1446.1 966.9 847.6 761.5 672 655.6 535 570.6 -9999 -9999 -9999 -9999 -9999 -9999 -9999 -9999 718.2 794.5 696.4 656.9 594.4 561.8 582.6 695.3 789.9 814.2 867.3 809.5 765.6 773 842.7 891.1 867.5 811.4 775.5 788.3 848.9 889.5 784.6 743.3 771 769.6 764.4 761.7 728.6 663.4 671 745.9 811.3 798.8 761.6 734.2 697.7 665.4 671.8 699 663.4 644.5 670.8 687 709.5 709.7 710.1 683.7 659.5 619.4 575.3 560.9 591.3 709.8
458.6 336.5 -9999 -9999 -9999 -9999 1256.5 1049.3 751.8 722.4 598 683.6 -9999 -9999 -9999 -9999 -9999 -9999 -9999 -9999 -9999 -9999 766.9 825.2 832.5 790.8 751.4 723 746.8 844 805.7 765 747.4 733.4 734.8 758.7 859.3 1049.1 963.3 780 678.1 654 805.2 902.6 837.7 789.8 775.9 770.9 768.3 777.3 779.6 773 788.4 811.1 813.1 804.9 781.5 752.6 622.4 614.3 603.1 583.8 630.6 649.8 663.9 676.2 683.5 744.5 744.9 699.1 640.8 578.6 510.1 487.1 522.4 573.8
-9999 -9999 -9999 411.8 535.6 -9999 749.7 858.7 -9999 -9999 -9999 -9999 -9999 -9999 -9999 -9999 -9999 -9999 -9999 -9999 -9999 -9999 944.5 1027.3 994.2 878.7 778.1 731 685.9 708.5 739.4 740.7 756.8 686 736.4 736.7 774.4 864.8 856.3 843.2 816.5 764.6 774.8 797 795.5 774.9 775.4 779.9 776.8 784.5 819.4 874.1 885.7 862.2 872.3 867.2 811.2 772 706.9 669.3 648.1 654.7 658.3 658.3 662.2 664.8 665.3 665.1 671.5 655.4 624.4 590.8 550.8 522.5 507.7 518.9
414.4 333.5 -9999 461.8 537.2 -9999 -9999 -9999 -9999 493.5 -9999 -9999 -9999 -9999 -9999 -9999 -9999 -9999 -9999 -9999 -9999 -9999 -9999 913.8 940.4 781.5 664.9 661.6 674.3 692.6 717.5 715.2 668.3 737.5 792.4 815.2 837.9 864.5 838.6 817 788.9 733.9 789.8 828.1 844.4 835.8 794.9 759.4 791.6 793.9 823.9 879.2 886.5 854.5 830.7 795.7 723.1 658.3 668.3 670.3 682.4 697.8 705.8 707.1 687.4 670.3 637.2 590.7 634.5 642.8 612.4 590.2 599.9 531.7 480.5 478.3
-9999 -9999 481.3 630.9 -9999 -9999 -9999 -9999 -9999 -9999 -9999 -9999 -9999 -9999 -9999 772.7 734.5 -9999 -9999 -9999 842.7 906.9 855.6 827.4 796.5 724.4 679.1 672 693.4 720.2 714.1 746.3 763.9 809.8 844.9 885.7 862.8 827.3 818.9 806.8 779.7 778 828.3 935.9 960.4 890.6 834.6 806.3 801.5 814.1 816.1 789.7 756.2 769.6 765.6 752.6 731 671.2 643.7 639.2 683.3 682.3 698.2 720.3 696.2 673.4 667.8 658.2 650.2 617 582.2 519.9 406.6 342.4 416.5 446.2
724.3 857.7 -9999 -9999 752.6 812.5 -9999 -9999 -9999 -9999 -9999 -9999 1041.9 884.1 841.5 833.2 720.3 657.6 710.3 739.8 742.1 735 715.1 714 746.4 642.5 682.6 728 756.5 783.6 719.5 774.9 844.4 836.1 843.6 887.6 935.8 921.9 824.9 769.2 767.3 801 814.7 857.4 879.1 867 852.8 850.2 848.6 855 873.1 825.4 764.4 769.8 767.8 778.7 718.7 659.1 629.7 617.8 632.8 650.2 642.1 625 624.2 637.5 655.2 659 635.8 599.2 561.2 541.7 511.5 482.3 464.9 460.6
1050.6 928.3 808.1 734.7 646.8 621.9 598.1 655.5 676.8 696.6 779.9 831.8 825.9 759.3 746.4 715.4 661.4 630.2 613.5 647.9 597.9 607.6 599.2 571.8 638.1 654.8 642.6 620.7 593.5 673.4 734.2 802 837 850 900.6 909.8 859.1 808.5 801.8 760.5 770.3 804.3 817.2 830.9 849.9 839.8 844.4 871.3 875 855.1 851.3 833.4 814 816.1 833.6 766 704.7 641.7 611.7 591.4 607.4 597.5 605.1 608.3 583.7 572.7 584.9 572.3 570.4 561.5 585 607.1 577.1 549.7 497.3 461.1
868.6 836.9 730.1 743.3 706.1 667.6 655.2 585.1 607 670.3 682.3 716.7 721.7 693.7 670.8 617.4 573.1 561.1 582.3 615.5 619 601.3 530.7 492.5 560 614.6 629.6 618.1 665.5 690.6 710.1 709 747.5 795.1 758.1 781.7 810.3 709.6 744.4 776.1 788.2 821.4 824.7 823 853.3 833.4 830.9 835.8 841.3 808 794 771 773.1 771.6 714.3 703.3 691.3 631.3 591.2 567 545.6 540.8 559.7 584.4 568.1 555.4 576.7 552.4 522.1 484.8 490.1 538.1 546.6 519.6 476.9 453.1
986.6 841.2 681.1 643.6 576.2 574.1 606.9 743.5 650.3 608.5 605.6 613.6 602.9 587.4 573.7 562 562.5 559.6 541.4 553.8 540.5 527.8 503.4 507.1 548.4 583.5 600.4 603 635.7 656.7 665.7 708.2 846.1 836.8 760.5 785.8 801.8 840.3 795.5 776.4 765.7 694.2 687.8 714.6 734.4 759.7 772.4 765.5 773.5 766.6 750.1 728.1 711.2 669.2 605.9 595.9 614.8 606.7 578.4 557.3 497.4 499.6 550.3 576.5 554.2 535.2 519.9 504.9 497.4 495.5 495.7 495.6 496.9 495.8 481.4 456.1
760.8 716.8 572.9 537.6 561.5 567.8 601.5 606.7 652.4 615.4 632.9 641.7 614.2 600.1 562.4 521.3 488.7 462.8 541 576.3 570.6 567.7 568.7 543.7 558.2 545.6 563.8 529.6 518.9 589.8 641.7 668.5 682.3 716.5 771.9 844 809.5 747.8 665.3 733.3 728.1 704.6 681.4 675.1 695.7 721.1 734.3 742 745.7 740.6 723.4 702.3 691.9 666 613.8 583.2 585.8 548.4 527.4 553.1 536.6 514.3 509 513.6 517.1 504.7 477.2 452.6 468.7 464.8 467 461.5 467.8 481.4 526.8 495
1568.1 1406.5 550.3 511.7 626.3 660.2 535.5 606.8 540.5 718.6 704.2 703.1 657.7 592.3 562.4 492.8 463.8 549.1 634.6 660.6 616.4 610.7 597.8 572.2 562.9 552.2 516.8 491.5 498.3 548.3 602.5 647 675.9 701.8 747.8 779.6 766 761.1 788.3 728.4 699.4 682.2 648 681.2 710.1 773.4 776 735.6 759.8 786.5 712.6 670.5 634.1 643 626.4 620.6 623.2 599.9 622 578.5 529 489.5 437.8 448.9 502.2 517.8 512.3 458.4 451.2 450.5 437.6 409.8 415.8 427.8 434.1 490.2
799.9 560 561.9 572.9 600.9 680.2 626.9 761.4 782.1 715.8 699.8 673.9 530.2 563.4 575.9 578.9 606.3 630.7 606.4 595.6 637.1 668.3 656 641.5 672 639.8 554.3 540.6 551.6 557.1 637.1 685.1 674.9 646.2 709.2 753.1 744.4 725.1 738.1 702.7 657 655.3 633.2 667.4 692 705.9 668.4 698.2 687.8 670.2 647.1 637.4 642.8 616 600.9 618.4 602.5 588.3 569.8 549.3 533.5 524.5 498.3 514.7 537.4 515.3 506.6 474 441.7 417 397 380 368.1 330.3 325.8 340.3
924.5 1155.6 678.3 723.1 746.4 755.9 897.7 1063.2 744.7 736.7 1042 1089.6 885.4 757.1 676.8 678.4 677.4 674.9 623 640.9 680.8 730.8 659.3 626.3 658.6 636.7 605.4 615.1 625.7 622.6 640.1 683.9 705.2 716.5 747.3 763.1 749.4 731.9 705.8 661.8 640.1 651.9 649.9 661.1 675.6 685 707.2 683.7 624.1 582.9 599.6 631.4 587.2 535.4 551.7 555.5 557.4 556.1 541.7 531.6 511 498.2 478.6 455 462.7 488.8 466.9 446.5 420.3 392.5 370.3 340.7 305.5 269.4 248.5 234.4
780.7 830.2 1068.9 1029.8 876.8 832.2 655.4 486.6 455.8 420.1 583.2 662.8 1037.3 871 934.5 721.1 691.9 738.2 700.4 607.3 683.8 744.7 735.4 707.3 712 724.4 722.2 775.1 777.4 759 752.2 754.5 735.8 791.5 821.7 773 764.6 805 727.5 659.5 626.6 637.8 595.4 608.8 650.3 683 676 668.6 646.9 600.7 553.1 514.6 502 483.3 512.2 533.1 551 528.4 513.5 502.7 496.4 483.4 482.1 484.7 492.8 448.4 427.1 432.8 427.2 375.7 334.1 306.6 280.3 259.1 234 218.9
617.1 784.8 1074.9 929.7 1087.2 773.3 605.6 557.9 517.6 572.1 575 762.9 805.6 692.6 736.7 773.9 741 1053.5 1041 790.1 745.8 698.2 770.1 798.7 828.1 821.5 860.7 922.4 862.9 780.9 743.5 726.8 731.4 733.9 689.8 724.6 687.3 659.6 654.5 632.5 608.1 629.9 624.6 597.9 588.7 623.5 594.5 585.5 576.9 573.1 571.1 483.8 422.7 427.1 446.5 446.2 485.9 479.6 474.5 473 488.5 508.1 523.6 467.4 395.9 348.7 381.7 415.9 382.9 350.4 327.7 294.3 255.3 230 210.1 182.1
