datasets/global_precipitation_1950_2017/rasters/precip_1993-total.asc
NCOLS 720 
NROWS 347 
XLLCORNER -180 
YLLCORNER -90 
CELLSIZE 0.5 
NODATA_value -9999 
[rows 34 to 67 of 347, columns 456 to 531 of 720]
524.7 521.1 497.3 476.2 451.1 433.3 420.7 415.1 420.4 421.3 411.1 401.5 397.5 398.1 402.1 412.5 427.6 444.4 449.3 448.7 448.8 450.5 458.8 484.4 519.8 544.3 541.4 528.2 518.2 514.2 512.6 509.2 503.7 498.1 493.1 477 453.4 430.9 414.5 391.7 364.2 346.5 346.8 354.5 361.2 364.4 363.4 360.4 356.3 350.2 342 340.4 345.9 354.3 364.5 378.5 398 421.4 445 467.3 483.9 497 506.3 512.4 510.2 507.4 500.5 494.2 487.8 483 486.1 498.5 509.2 506.8 496.8 487.6
532.9 523 509.5 486.9 461.2 436.5 416.1 398.6 387.5 389.4 393.3 399.9 409.3 420.9 435 451.9 466.4 476.8 480.8 481.5 482.8 482.5 480.6 480.8 484.5 485.5 479.7 466.2 450 441.7 421.1 404.1 377.9 363.2 381.3 386.4 396.5 405.7 397.9 378.7 357.6 345.6 348.9 358.6 370.4 383.3 400.1 422.4 443.9 450.3 434.8 412.1 399 396.8 404.7 417.5 432.1 444.1 458.5 467.4 470.8 475.6 479.2 479.5 476.4 471.9 466.4 459.2 453.6 457.8 474.1 496.6 512 513.1 510.2 513.2
546.7 535.2 528.1 514.8 483.6 450.1 425.6 413.7 410.7 399.6 391.5 391 405.1 433.5 461.5 481.1 491.1 495.7 498.4 504.4 507.9 504.1 494.4 484.5 472.1 456.4 441.6 429.5 417.5 413 416.2 422.9 437.7 451.2 443.9 432.1 423.5 415.2 403.4 389.2 368.4 359.2 355 360.1 367.4 375.2 393.7 421.6 450.6 472.2 465.7 448.5 436.5 433.6 437.5 446.8 454.9 464.9 472.5 475.9 475.2 471.8 467.8 463.8 459.7 456.1 452.1 448.4 446.1 450.2 460.4 468.4 479.8 493.3 510.3 522.9
572.8 556.5 537.5 515.6 481.3 438 410.3 406.6 405.5 407.8 410.2 415.7 432.7 464 506.4 521.8 515.5 513.6 520.6 528.4 526.6 514.9 496.7 472 443.8 421.9 410.4 405.7 405.9 410.8 421.6 434.7 448 458.4 463.5 461.6 454.4 445.8 435.3 421.3 401.7 385 371.1 360.3 350.9 347.1 358 379.4 401.8 419.8 432.7 438.7 442.4 446.5 450.9 457 462.9 470 475.8 477.3 473.6 468.6 463 457.8 455.4 455.2 456.9 460.2 465.7 470.9 475.6 480.9 488.5 504.1 525.7 529.1
580.4 577.5 569.7 559 541.9 510.5 480.6 461.1 449.2 448.6 450.6 452.8 451.8 448.6 469.8 501.1 506.8 515.9 552.1 579.7 548.1 530.9 517.4 480.2 428.6 395.9 382.3 381.5 384.7 396.4 417.3 445.2 474.9 497.3 508.9 496.2 472.8 457.9 447.3 441.9 430.4 415.3 397.3 380.2 365.6 359.6 364 379.1 396.4 411.1 424.9 433.5 440.5 446 451 456.2 459.7 462.3 464.6 461.9 458.7 456 453.9 453.7 455.3 456.8 461.2 464.8 471.1 478.9 487.6 496.7 504.9 517.6 527 526.2
608.5 625.2 629.7 611.1 589.6 569.3 549.7 528.6 511.2 502.9 502.7 506.6 501.6 490 485.2 483.9 474.2 443.4 397.7 413.7 461.2 485.8 488.6 465.6 427.8 395.6 370.6 350.4 343.4 360.4 390.6 432.1 472.7 498 498.7 481.6 459 441.9 438.8 439.1 439.2 428 412.1 394.5 382.3 378.4 381.5 388.4 400.3 409 419.8 429.4 436.1 441.6 445.4 446.9 448 451.1 448.9 446.4 442.8 439.4 444 449.5 455.4 463.3 472.1 481.8 489.9 494.3 496.8 500.9 503 506.5 511.6 515.2
639.6 651.9 647.8 615.7 585.1 563.3 559.6 556 547.2 536 526.3 519.8 515.1 509.8 509.5 512.3 511.1 501.3 489.1 477.7 471.5 461.8 445.9 422.8 402.1 387.1 373.3 361.1 352.3 350 367.3 403.3 438.6 454.8 455.2 453.3 449.5 446.1 445.9 445.6 437.4 429.1 416.4 404.4 394 386.9 383.8 392.1 402.1 411.5 422.3 428.2 433.7 440.4 441.9 442.4 440.4 436.5 431.6 425.5 423.6 426.4 434.7 445.9 459.3 472.7 485.8 497.5 506 506.7 502.5 498 494.2 492.2 491.9 497
610.9 608.2 601.4 595.1 591.7 597.3 594.1 585 577.3 567.3 556.4 546.6 538.2 536.3 540.9 550.7 555.1 549.3 538.9 522.3 503.7 480.9 452 422.6 400.7 391.2 393.3 392.9 386.2 381.1 384.2 389.9 400.1 412.1 430.8 462.7 486.7 481.6 471.1 459.9 450.2 441.1 436 429.4 422.6 416.8 414.7 414.8 419.7 422.3 429.2 441.7 455.7 461.5 459.5 452.3 444.4 434.8 430.1 426.7 428.7 435.9 446.2 457.9 470.9 481.4 491.4 499.8 501.8 503.9 498.4 490.5 479.7 466.7 452.2 444
597.7 584.5 577.6 575.5 558.2 567.6 588.5 591.3 587.8 580.6 574.5 567.8 559.9 555.3 554.7 555.3 558.4 559.4 563.2 568 555.5 525.4 490.2 456.6 434.7 446.7 454.8 436 416.4 397.9 381.1 369.3 361.6 361 368.5 384.9 460 469.2 460.8 454.9 457.7 464.1 476.6 496.2 495.8 479.1 467.5 457.5 450.3 442.8 446.1 466.2 482.8 487.1 480.6 469.9 459.3 452.2 444.7 444.8 448.7 455.5 461.1 472.4 481.3 490.8 498 505.6 510.3 509.6 503.7 491.2 475 457.4 440.7 426.3
601.6 589.3 578.7 575.5 586 651.9 623.8 602.2 587 576.7 570.2 567.9 565.7 565.3 567.1 572.3 574.1 576.5 590.5 603.3 597.6 571.4 535.9 509.1 490.9 482 475.3 464 445.2 421.5 395.3 373.2 356.2 347 356.1 379.3 403.5 422 431.6 437.1 442.4 451.7 462.2 485.4 514.9 525.4 490.1 472.6 475.8 486.4 495.3 484.2 477.3 479.9 474.8 463.7 454.1 449.5 449.9 457.3 463.7 468.8 474.1 479.9 487.8 498 509.1 518.1 525 526.6 521.2 511.2 498.7 482.5 463.4 445.9
588.1 570.7 553.4 531.1 525.6 562.6 581 577.1 565.5 556.7 552.8 551.5 553.3 562.4 578.6 599.8 618.9 629.9 635.8 618.7 603.3 580.6 555 536 522.3 513.8 505.2 492.1 473.5 448.6 429.6 416.2 414 414.8 413 413.5 420.2 427.4 433.5 439.5 444.4 443.2 433.8 441.3 447.7 438.8 418.7 438.5 464.7 469.2 425.2 449.2 457.2 452.2 443.4 428.8 416.2 419 436.5 451.6 462 466.8 474.4 475.8 497.6 522.2 521.9 525.1 529.1 534.3 534.8 534.9 530.7 518.5 505.4 482.7
537 545.3 557.8 558 558.5 574.7 562.4 528.4 513.4 510.1 504.7 503 512.9 540.3 586.8 635.6 682.8 697.5 682.8 650 611.8 572.2 545.5 533.9 538.8 535.9 518.9 498.1 475.6 453.2 437.8 432.6 441.9 458.8 454 437.4 427.3 430.9 435.9 439 442.5 449.5 447.3 436 429.9 427.9 431.4 440.5 442.7 438.2 433.5 436.9 436.7 428.7 418.5 406.6 396.2 409.3 435.1 452.7 456.5 456 465.1 493.2 518.2 519.8 517.8 518.7 525.7 534.5 545 554 558 553.1 536.6 508.6
460.1 553 578.5 581.3 580.4 581.9 505.3 439.7 473.3 481.7 473 463.3 444.5 532.1 578 642.2 705 721.1 697.2 666.9 622.3 572.7 546 534.3 524.2 512.1 494.3 474.6 455.2 436.7 423.7 412.2 405.4 409.2 411.9 414.4 413.7 410.7 409.1 414.5 422.4 432 427.8 422.9 422.1 426.4 426.7 423.9 420.8 416.1 416.9 424.7 427 420.2 408.5 400.1 399.9 406 422.8 428 428 435.8 446.6 459.5 473.6 485.3 502 516.4 519.3 517.7 531.8 554.3 565.1 557.5 541.1 510.5
673.9 647.9 619.8 600.3 585.4 564.7 543.6 535.4 530.4 519.7 507.1 499.3 502.6 525.9 558.5 598.1 632.3 652.2 663.7 679.4 666.6 624.8 589.7 611.5 524.2 393.5 425 435.1 429.4 423.6 414.4 411 400.2 380.9 394.8 422.1 421.9 398.7 367.5 367 384.4 386.8 381.7 404.3 440.5 449.2 436.5 423.7 409.7 392.5 384.4 386.7 390.6 389 380.5 370.7 363 367.9 380.1 394 403.3 409.5 412.1 411.7 413.3 428.8 465.5 513.5 499.8 455.7 455.7 480 499 506.1 501 487.4
639.2 640.3 623.9 615.8 606.4 587.7 569.5 562.4 563.3 557.3 539.7 526 517.9 529.7 554.9 584.2 600.8 600.9 726.9 771.9 733.4 673.5 601.1 533.9 467.2 446.5 450.3 443 435 435 437.1 435.4 436.5 429.5 426.4 429.2 430.3 424.1 416.5 417.2 423.7 423.3 415.6 431.9 467.5 482.5 477.5 470.5 455.8 438.4 417.2 402.5 389.6 376.4 360.6 342.1 319.9 308.2 341.8 383.5 402.9 403.5 393.2 378 359.8 344.1 352.3 384.6 394.6 380 393.4 413.8 417.8 430.9 436.8 441.3
608.8 610.8 603.9 600.8 602.7 596.1 585.5 582 584.8 574.9 555.9 542.5 548.5 564.9 568.4 581.8 582.2 677 759.7 768.6 744.9 673 607.3 570.1 502.9 455.4 475.1 474.1 476.1 487.7 501.1 507.7 500.7 487 477.2 473.1 472.8 471.4 470.7 472.2 477.9 480.1 478.5 484.7 497.5 508.6 517.9 521.2 515.9 506 489.4 467.7 444.3 419.3 398.8 385.7 370.4 359.4 365.7 383.2 400.9 401.7 386.7 370.8 358.6 349 346.2 364.4 394.6 415.6 424.8 419.6 406.6 398 400.3 403.3
585.7 607.7 625.7 634.5 630.7 613.1 598.8 597.5 589.4 575.6 559.2 529.3 488.8 442.5 526.3 613 675.1 688 677.1 656.3 683.6 700.1 634.6 510 508.2 490.6 477.3 477.1 492.1 516.1 545.8 561.6 544.6 516.2 498.4 499.1 505.5 510.8 503.8 490.4 498.9 517.9 522.4 519.6 519.7 524.6 526 524.1 519.9 515.3 509.3 501.5 495.4 483 466.8 465.5 485.3 450.1 418.6 412.9 412.8 408.4 402.1 392.6 384.1 381.6 387.8 399.6 416.7 422.1 458.2 423.7 394.1 379.8 378.6 383.8
579.1 586.3 593.6 609.7 603.3 587.2 592.4 597.1 584.3 566.9 549.3 536.8 523.7 521 545.6 607.5 652.7 660.8 645.2 612.8 721 705.4 603.1 523.4 490.2 499.2 487.5 483 486 479.7 486.5 513.9 506.1 488.3 482 494.8 523.8 577.5 601 554.2 532.4 544.8 550.7 537.4 526.9 524.1 534 520.6 509.7 509.7 517.7 526.1 530.3 524.2 509.6 492.8 478.5 455.9 439.8 442.1 441.2 438.7 433.4 430.3 418.6 409.7 410.1 415.1 422.2 418.4 395.8 365.9 363.7 356.3 347.8 369.4
573.9 539.4 522.3 484.7 482.6 523.1 538.8 554.6 562 554.7 542.5 530.3 522.5 527.7 538.4 566.4 593 611.3 660.8 757.8 859.7 756.8 639.1 561.1 530.9 524 517.1 503.8 491.2 473.3 464.1 458 436.9 406.6 408.4 453.4 486.1 534.8 566.2 563.7 551.8 540.6 528.4 513.9 503.4 497 498.8 512.8 518.6 523.7 527.9 539.4 557.6 562.1 529.1 505.9 494.2 486.7 481.6 482.2 478.9 472.1 468.3 462.9 454.2 445.9 441 446.1 445.6 427 400.9 385.9 395.1 406.8 413 413.1
629.9 546 513 486.9 482.1 495 510.4 547.4 578.3 573.1 568.1 535.6 492.7 492.9 502.2 528.6 557 612.7 654.9 638.6 652.1 641.5 591 539.9 531.2 569.7 558 524.5 487.4 452.2 458.7 463.4 425.8 389.4 394.2 424.5 452.4 489.1 524.1 529.4 511.5 487.5 475.4 473.7 471.9 473.5 492.3 513.3 536 540 513.8 512.2 542.6 536.6 513.5 494.6 477.8 474.2 485.4 499.4 512.1 507.1 490.2 473.1 457.1 450.8 455.2 467.4 467.9 455.6 438.8 434.5 446.7 463.3 465 451
568.9 516.6 483.1 470.5 467.5 468.1 492.6 563.4 611.5 577.2 565.8 556.8 510.3 472.6 456.8 530.7 597.7 659.6 672.3 667.8 651.3 633 609.8 584.5 571.7 563.1 552.2 526.3 507.5 485.7 478.9 493.8 460.4 435.2 451.8 470.7 474.7 490.1 510 490.2 457.1 448.7 463.3 462.1 450.4 452.1 471.2 487.8 500.2 502.2 482.6 466 464 458.7 478.9 470.5 459.6 459.3 468.7 496.7 535 508.6 456.1 421 406.7 414.7 449.8 490.4 520.5 519.5 477.5 419.5 418.4 481 504.2 469.5
466.6 431 455.3 452 465.9 484.1 515.7 544.7 545.7 511 494.8 502.1 502.4 516.5 543.9 578.1 625.5 660.4 653.8 621.5 633.2 658.1 656.9 640.4 616.4 596.6 576.5 554.4 528.9 493.1 460.9 458.7 447.4 428.8 426 443.7 445.7 444.2 439.4 420.2 394.8 419.5 444.1 447.9 455.1 453.7 447.3 455.8 470.6 492.8 530.4 523.1 478.3 451.3 439.1 424.3 413 407.2 411.8 418.4 421 419.9 400 381.2 374.2 382.9 416.5 472 536.2 563.1 520.6 458.4 378.2 414.3 470.1 478.7
455 449.7 454.4 468.3 484.7 505.3 520.8 532.8 530.1 515.7 499 490.4 511.4 561.2 591.1 609.1 648.1 683.1 691.3 674.8 686.1 733.5 773.1 769.6 695.4 639.9 640 598.2 538 471.4 420.7 426.2 428.1 416.2 392 397.2 407.4 415.8 423.8 421.7 424.3 433.1 439.7 439 438.1 416.5 397.7 409 433.6 476 524.6 518 439.1 393.7 408.2 416.1 415.6 384.7 385.5 388.5 396.8 393.1 374.2 354 339.3 325.7 357.7 430.1 486.8 561.6 559.9 552.5 484 466.7 452.7 435.3
511.8 513.9 517.6 519.5 511.1 521.3 540.1 550 545.9 564.5 526.9 500.1 531.7 583.5 623.7 663 663.5 718.3 732.4 695.1 686.5 715 731.4 667.3 584.4 571.2 568.5 549.2 513.3 473.4 443.9 433.3 437.8 426.1 414.6 398.9 393.6 405.2 408.4 409.8 413 434.4 447.6 420.6 394.8 352.9 325 343.1 328.6 386.7 501.1 498 427 397.6 407.8 399.2 386.8 377 347.1 351 337.9 301.7 346.7 363 363 345.5 362.9 444.5 468.9 523 536.6 529.4 521.5 506.2 482.3 477.2
582.1 576.9 613.5 615 559 557.2 566.7 573 548.4 516.7 523.1 554.5 590.5 550.1 580.5 640.5 675.3 723.7 763.8 716.4 621.7 568 531 517.5 504.9 502.9 495.5 485.8 469.9 441.9 416.8 409.3 408.8 409.2 419.9 422.4 413.2 400.6 403.3 411.1 401.8 399.1 389.8 369.8 350.4 325.6 318.7 323.7 333.7 350.4 330.9 320.1 380.1 381 373.5 354.8 330.5 311.2 287.3 319.7 347.6 358.9 366.5 377.7 387.5 394.6 436.8 500.2 483.3 491.1 489 534 558.6 541.1 496.6 439.5
631.2 651.2 672.8 704.9 699.4 638.5 579.4 584.1 601.1 520.4 516.1 580.7 616.6 590.7 614.5 669.3 701.3 737.8 827 737.8 572.9 481.4 424.3 441.2 457.4 467.2 471.7 464 449.1 423.1 401.9 398.7 391.6 409.9 444.8 427.8 420.6 425.9 441.7 452.2 445.3 410.8 374.4 352.9 341 324 312.4 315.1 320.3 334.4 343.3 415.5 394.9 356.6 340.3 328.7 331.2 336 341.1 361.5 366.9 375 373.2 381.8 400.9 416.8 425.2 425.4 419.3 436.5 503.3 541.2 525.7 526.3 471 391.5
674.8 653.7 698.7 745 777.3 700.6 619.8 666.7 676.4 623.9 578.4 564.5 564.3 569.2 597.1 615.9 628.7 652.1 664.9 623.2 521.9 420.7 390.6 421.7 447 462.7 455 446.6 438.6 422.2 398.7 405.6 395.1 394.1 389.5 390.4 408.3 420.6 437.9 475.7 473.9 416.9 320.3 345.7 368.1 344 322.1 308.7 313.3 326.3 339.8 347.2 342 350.6 353.9 336.9 327.1 331.6 339.1 340.6 360 370 372 381.3 402.9 429.4 418.6 427.3 424.6 374.7 482.2 511.2 499.8 484.2 439 388.2
675.8 667.6 694.7 703.5 694.9 660.9 610.6 659.5 635.6 588.3 530 511.4 513.7 523.9 552.8 592 588.4 614.7 625 596.4 536.5 472.9 432.7 438 453.3 454.1 435.3 450.9 448.9 442.4 408.9 390.1 385.3 387.9 376.8 384.1 406.5 414.3 431.9 472.6 516.2 534.4 466.6 391.9 348.7 356.8 348.5 330.2 326.2 329.9 332.5 337.2 348.6 349.5 343.6 334 329.6 331.6 337.5 344.9 356.2 360.5 349 348.3 357.6 378.5 389.2 422.1 453.7 453.1 466.2 497.2 499.8 444.5 421.5 455.5
747.8 722.2 711.3 667.1 643.3 628.4 593.3 572.6 545.7 494.6 460.9 457.5 451.9 445.6 454.3 489.7 548.4 635 708.2 583.9 494 448.9 421.8 427.2 448.5 449.6 465.8 462.7 429.4 417.9 401 382.3 368.2 367.8 385.2 395.6 406.6 426.3 450.6 464.7 487.9 518.6 483.3 412.5 378.4 377.7 373.6 368.5 362.4 365.4 373.2 373.5 366.6 355.3 344.5 327.8 322.7 324.8 355.6 340.4 330 315.8 293.5 333.8 365 369.1 367.1 390.5 421.9 437.6 454.6 484.4 509.8 575.9 599.2 474.1
992.7 775.5 682.2 639.3 633.9 589.6 515.7 481.5 469.7 457.3 443.7 431.6 420.1 415.1 416.6 428.6 464.5 529.6 562.2 469.2 359.6 389.6 383.6 384.9 403.4 408.7 407.7 403.6 394.1 380.4 369.4 366.8 357.3 354.7 371.4 387.9 396.9 416.4 447.8 432.9 413.5 456.6 511.5 291.4 312.8 354.9 362 359.8 368.9 397.2 417.4 395.4 362.8 341.4 347.4 330.4 314.4 311.7 306.5 302.3 303.2 309.7 313.9 337.2 366.2 351.7 321.7 381.8 406.2 349.4 421.9 467.2 440.7 484.3 477.7 552.5
507.9 533 546 533.2 511.7 472.3 419.5 433.8 438.1 424.5 404.1 386.9 381.9 414 443.1 462 443.6 442.8 452.2 437 401.7 384.9 377.2 368.9 367.3 358.1 343.3 334.6 333.8 314.5 326.1 330.6 335.4 342.3 357.5 373.4 384.8 380.9 353.9 381.4 415 425.6 377 317.7 319.9 328.8 354 348.5 361.3 371.9 378.5 355.8 317.6 280.8 267 250.9 247.1 247.3 242.4 232.5 225.5 249.1 291.2 314.7 340.9 364.8 393.4 506.8 617.5 530.5 511.4 516.1 497.9 415.1 388.2 358.8
473.2 486.5 465.7 474 470.3 445.7 425.1 418.8 408.1 397.8 389.5 388.5 401.8 398.1 425.6 454.3 419.6 421.5 472.3 460.6 423.4 381.1 380.1 389.2 327.5 292.5 274.6 268.9 272.1 277.7 283.6 287.5 296.2 321.4 344.4 354.3 359.8 363.1 366 368.9 377.8 376 356 335.8 331.4 345.7 364.8 367.6 367.1 353.2 330.1 302.1 276.4 241 201.4 171.9 185 204.8 209.5 193.9 171.3 206.1 263.7 303.3 329.8 346.3 380.9 420.6 503.6 590.3 628.2 602.6 480.6 341 351 337.6
499.1 543.1 483.6 452 429.8 408.7 390.4 384.7 373.7 376.4 372 368.6 374.4 379.7 381.2 382.5 397.7 419.3 391.8 375.2 356.7 316.2 283.8 256 223.3 214.5 199.6 196.4 210 226 236.8 252.6 281.7 332.7 363.3 323 328.7 359.5 362.5 363.1 354.1 345.8 344.5 341.1 329.4 329.3 334.3 337.1 345.5 347.1 343.2 312.8 290.8 298.9 300.7 278.7 258.1 225.3 214.4 211.5 215.2 229.9 259.9 286.8 302.8 318.2 351.5 339.9 475.9 655.8 698.5 733 615.1 515.6 496.7 509.1
457.8 457.3 429.4 409.5 390.8 367.3 347.6 331.1 328.3 328.8 325.9 320.8 325.3 336 346.6 355.2 361 367.6 357 304.6 293.3 265.2 226.5 189.4 169.4 167.9 155 158.2 178.1 194.1 201.1 215.5 250.5 289.5 305.3 286.7 277.1 300.4 312.3 308.3 301.8 313.7 330.7 335 326.6 328.9 328.8 338.6 344.9 346.3 359.7 313.5 287 323.1 372 388.6 348.5 271.5 230.4 212.4 222.1 230.7 247.7 269.8 282.5 289.8 306.5 339.1 425.3 486.8 597.5 593.8 679.2 587.4 505.9 478.4
