datasets/global_precipitation_1950_2017/rasters/precip_1980-total.asc
NCOLS 720 
NROWS 347 
XLLCORNER -180 
YLLCORNER -90 
CELLSIZE 0.5 
NODATA_value -9999 
[rows 68 to 101 of 347, columns 152 to 227 of 720]
378.3 462.8 377.9 385.8 553.7 434 458.3 510.4 514.5 541.1 486.1 430.4 447.2 416.5 483.3 500.6 519 514.1 520.5 516.7 512 561.8 616.8 635.7 665.6 538 713.5 698.9 664.6 681 768.2 838.9 743.4 701.9 687 691.8 681.2 581.8 485.2 565.4 675.5 762.3 745.1 774.4 799.1 802.4 812.7 834.8 887.8 959.4 915.5 876.9 878.6 903 894.6 844.4 868.4 888.9 891.6 857.6 666.1 505.1 889.7 929.2 953 1121.8 1158.6 1066 982.2 1024.6 1125.8 1161.6 -9999 -9999 -9999 -9999
347.5 316.8 311.6 375.3 407.5 454.8 502.2 548 587.7 564.4 494 525.9 539.1 491.7 459.1 433.4 417.3 468.6 560.9 630.4 597.6 589.6 698 703.5 716.8 653.2 695.1 689.3 711.9 740.6 806 761.9 769.7 740.8 748.9 797.7 693.2 682.8 682.3 685.4 708.4 716.4 727.2 746.1 756 779.2 959.1 842.9 816.9 878.7 907.6 940.5 866.2 918.1 944.6 932.5 929.4 943.7 971.5 1008.5 935.3 858.6 826.1 821.1 1035.4 1072.1 1076.7 1053.7 1037.8 1131.4 -9999 -9999 1257.7 1415 1418.4 1693.3
297.5 347.6 363 400.9 419.1 519.5 476.7 494.7 547.8 518.2 404.7 503.9 523.4 456.7 385.5 408.2 431 476.8 501.5 525.3 565.8 529.5 554.5 631.1 682.8 634.2 566 697.2 835.2 775.4 768.9 802.2 827.2 801.1 764.7 738.8 770 827.3 893.1 810 759.4 696.5 680.3 686.5 768.8 823.3 803.2 788.6 797.8 850.4 855.1 831.7 895.9 941.7 932.8 934.7 965 1005.8 991.7 966 949.4 934 876.2 861.7 1081.7 953.6 866.2 962.2 857 -9999 1177.6 1339.4 1256.6 1190.1 1158.1 1111.7
350 316.9 346.9 333 348.9 426.9 446.7 474.7 520.3 505.9 505 423.3 404.5 394.4 371.2 431.9 437.2 501.2 440.7 525.6 606.8 530.1 572.6 665.3 678 641.2 689.2 577.4 736.5 819.1 884.3 941.1 936.9 836.8 729.7 719.8 811 891.8 890.1 883.4 768.1 726 707.2 696.7 730.2 751.7 732.5 728 680.9 773.7 841.4 822.6 827.9 780.5 869.7 912.8 992.1 1008.4 940.2 816.4 847.3 923.7 925.5 855.4 1102.9 1260 944.2 953.4 -9999 1043.4 1041 1177.6 1107.8 1019.9 1030.7 1167.7
342 395.5 393.6 376.6 374.8 457.6 527.2 519.2 518.1 495.5 520.7 440.3 395.6 382.5 359.8 399.9 432.5 477 461.4 486.1 551.5 559.7 572.1 590.2 617.3 681.4 700.7 694 796.3 924.9 938.4 936 901.6 818.9 737.7 597.7 618.8 831.5 1123.6 1305.8 991.1 786.3 717.6 716.5 741.1 744 726.5 777.2 906.6 921 970.2 959.9 862.2 872.1 926.8 953.3 1047.4 1157.9 1042.5 816.4 858.5 957.8 888.2 1007.4 1259.9 1414.7 1027 -9999 971.4 1004.1 859.3 868 931.8 1103.6 1120.7 1197.8
289.1 316.9 309.7 335 413.8 421.1 423 422.2 447.3 412.6 439.3 445.6 438 490.8 431.5 439.1 479.9 519.8 527.2 552.3 562.4 525.7 567.6 627.8 607.3 626 710.5 712.9 847.9 884.4 848.5 891.9 879.3 794.5 803.6 689.4 657.4 719.2 788 876.4 869.8 887.7 876.8 895.6 886.4 846 790.3 915 1024.6 1111.7 1099.1 976.4 886.7 918 958.4 916.1 966 1123.7 1044.9 894.6 863.1 915.4 946 1019.9 1052.2 1115.6 1108.6 934.4 830.9 772.6 816.8 803 992.6 1027 1117.1 1182.4
267.8 258.2 238.5 261.8 319.9 335.4 318 386 344.1 364.6 363.7 397.3 412.2 434 442.8 419 476 581.8 584.5 556 544.9 593.8 670.6 635.9 627.5 695.4 767.2 837.3 797.6 819.4 816.6 757.2 754.4 769.7 787.5 732.3 682.9 662 639.7 701.3 844.5 805.5 852.3 929.7 922.1 925.1 931.9 1024.1 1088.4 1105 1050.6 836.1 837.6 982.1 1010 1013.6 996.1 1040.7 1019.1 1075.1 893.2 916.8 880.1 963.1 1110.2 1088.9 888.4 1022.2 913.1 819.9 941.6 962.1 945.9 1052.9 1170.1 1155.9
272.1 258 246.1 229 280 304.5 339 332.7 351.9 374.6 385.3 384.4 370.5 427.5 390.6 422 547.8 617.5 612.4 606.2 581.7 577.4 687.2 741.2 751.8 792.8 852.1 873 851.2 850.5 855.6 700.1 696.2 518.9 612.7 575.1 589.8 563.9 563.9 574.9 600.9 686 673.9 825 932.3 908 1000 1113.3 1112.6 1237.8 1037.7 911.5 925.9 955.1 901.8 960.7 918 1040.9 1088.4 1109.5 875.7 906.2 838.7 840.6 1007.2 995.9 866.7 782.9 835.4 831.9 988.2 1033.1 1054.7 1072.8 1136.7 1174.8
247.1 291.2 319.6 260.1 265 309.4 326 311.2 359 378.1 435.4 438.8 479 419.8 447.1 395.4 456.9 549 610.7 620.2 637.9 709.6 831.6 838.6 854.1 841.8 891.3 1006.4 922.6 715.2 730.2 747 647.3 628.1 694.5 698.2 664.4 642.2 618 594 598.4 609.4 664.7 766.2 618.1 843.4 1019.9 1040.5 1217.5 1195.4 1259.5 1049.1 943.7 864.6 756.8 806.5 820.3 899.4 899.9 883 869.5 934.8 1016.1 951.4 944.9 1120 818.2 732.5 849.8 1103.5 1022.7 1101.8 1131.2 1165 1284.1 1250.3
375.5 334.1 318.5 272.4 310.4 319 325.7 333.3 380 397.4 408.3 449.1 450.6 458.8 538.7 486.9 425.2 478.6 449.1 470.1 570.9 669.4 657.6 874 861.5 895.1 1024.1 953.1 941.1 897.6 808.3 777.8 693.1 705.9 747 792.3 723.2 702.4 772.1 605.6 600.7 586.4 631 792.2 930.2 1139.6 1204.8 1070.7 1037.9 1096.9 952.8 930.9 888.8 913.2 1017.3 862.2 981.9 943.1 902 939.8 767.8 706.8 1075.7 917 908.9 940.2 861.1 902.8 877.9 937 816 946.3 1153.5 1151.3 -9999 -9999
456.1 358.4 353.7 330.2 350.6 367.3 381 372.8 386.8 362.6 399.2 404.1 409.8 457.5 482 441.1 480 465.8 463.1 482.2 505.2 600.1 723.5 724.9 856.3 908.2 989.7 848.8 821.6 773.7 802.6 764.5 785.6 767 848.7 685.8 811.4 746.1 678 694.1 681.8 729.5 763.3 914.7 1030.8 1149.4 1078.4 846.6 880.4 945.5 993.6 967.9 818.6 951.6 959.3 977.3 1036.8 1140.1 1016.4 889.9 809.1 773.9 798.4 778.4 997.5 1877.7 803.6 1054 860.3 1052.7 -9999 -9999 -9999 -9999 -9999 -9999
459.9 407.1 370.3 336.3 357.1 341.4 337.1 355.2 412.1 398.4 316.9 351.1 338.3 481.2 438.7 507.2 366.5 475.5 611.4 662.3 647.7 731.2 774.5 840.6 910.6 903.5 1090.6 860.4 929.3 950.3 783.9 865.4 760.6 820 952.9 978.5 861.4 785.3 759.4 735.7 748.5 709.4 797.2 825.3 970.4 991.6 905 870.4 584.8 829.3 915 922.6 977.7 1154.1 1016.9 1209.3 1440.5 956.3 1086.3 858.2 836.2 700.5 845.1 623.3 768 958.7 916.4 899.2 -9999 -9999 -9999 -9999 -9999 -9999 -9999 -9999
374.5 415.4 353.6 324 340.1 348.4 369.1 409.9 451.8 438.5 375.5 380.2 293.7 351.1 390.7 504.3 563.8 555 544 649.6 709.5 846.9 939.1 770.2 799.9 803.4 837.2 829.8 841.2 876.2 877.3 829.2 865.8 846 892 905.9 897 921.9 758.7 812.1 898.5 821.7 725.5 772.4 891.1 809 881.4 821.1 681.5 546 786.5 930.8 790.6 855.3 883.2 1036.7 1151.8 1305.9 1053.2 1027.6 828 798.5 906.1 789.6 814.7 773.2 857.5 -9999 -9999 -9999 -9999 -9999 -9999 -9999 -9999 -9999
326.4 400.5 401.4 339.2 377.1 415.4 413 340.3 320.4 404.2 358.9 380 414.5 405.3 430.2 453.6 583.8 629.4 596.7 596.7 715.8 815.1 791.6 877.6 841.5 745.9 767.5 877.2 839.3 856.5 887.9 913.1 890.4 902.7 910.5 895.2 955.4 867 860.7 863.1 817.3 815.5 866.5 777.9 852.8 1023.7 1005 952.8 861.2 901.5 988.2 902.9 685.5 752.8 731 884.1 848.4 850 937.9 757.1 748.7 852 993.6 875.8 1026.5 847.5 -9999 -9999 -9999 -9999 -9999 -9999 -9999 -9999 -9999 -9999
311.2 308 279.2 322.5 438.4 476.5 372.6 392.3 371.7 373.7 341.3 387.1 422.2 405.6 550.5 456.9 502.1 528.2 534.7 587.3 600 564.6 639.6 636.9 730.5 830.6 901.3 930.6 889.4 831.8 946.1 926.7 925.8 858.7 723.1 891.1 963.5 799.7 900.3 876.1 983.6 864.1 923.2 838.9 920 947.2 1046.4 1174 1101.7 1214.9 1014.4 863.6 842.5 678.1 731.5 853.3 848.7 918.3 771.3 865.8 719.1 878.4 910.5 913.1 945.3 842.5 -9999 -9999 -9999 -9999 -9999 -9999 -9999 -9999 -9999 -9999
295.1 299.7 323.2 353.2 440.8 360.9 318.8 387.7 357.7 340.5 391.6 443.3 451.4 507.2 481.9 559 575.5 587.1 575.9 683.3 689.3 614.5 654.7 711.6 718.4 872.4 872.1 781.8 773.8 925.6 985 971.1 805.2 828.9 856.9 1030.4 927.3 925.7 951.3 1032.1 864.7 807.8 731.9 886.1 1132.5 885.2 947.1 1354.2 1077.6 1099.1 1176.8 926.8 914.5 717.8 658.8 734.5 779.7 848.5 809.5 897.9 874.6 1021.3 950.5 1143.3 1014.2 851 856.5 -9999 -9999 -9999 -9999 -9999 -9999 -9999 -9999 -9999
330.8 288.1 357.3 371.5 372.8 330.6 384.5 347.9 334.4 419.8 453.7 575.5 489.4 472 716.2 689.8 722.8 778.9 679.7 794.1 790.6 784.4 781.3 792 841.9 909.5 1000.1 1017 848.4 800 875.5 983 858.9 872.2 895.4 1026.7 946.1 923.6 890.5 820.9 894.2 827.1 812 778.6 1034.5 994.8 976.6 1028.2 1074.7 1126 1025.5 853.3 800.3 631.1 819.3 770.5 702.9 829.8 879.6 948.3 981.4 981.9 -9999 -9999 -9999 -9999 -9999 -9999 -9999 -9999 -9999 -9999 -9999 -9999 -9999 -9999
275.7 344.7 301.4 414.2 462.3 413.3 332.4 346.2 332.5 438 419.7 554.1 536.1 575.8 619.5 654.1 681 622 720.3 899.6 861.9 891.4 1056.6 1021.7 1018.1 784 1013 996.2 868.2 957.6 780.4 753.2 871 844.6 866.7 841.9 1013.7 892.8 824.9 825.4 821.9 931.2 1043.3 949.6 1037 1055.6 1174.7 1002.8 968.9 1184 1085.6 863.7 734 875.7 766.8 771.2 853.6 818.5 1012.4 925 976 981.6 -9999 -9999 -9999 -9999 -9999 -9999 -9999 -9999 -9999 -9999 -9999 -9999 -9999 -9999
283.1 388.1 393.5 465.7 492.9 460.1 464.6 500.3 555.2 468.1 542 570.1 536.2 573 677.8 658.8 666.9 653.4 679.2 746 871.5 885 893.2 846.5 931.9 953.4 913.5 925.1 825.1 806.7 709.7 866.7 869.3 812 841.7 906.4 992.9 929.7 941.4 924.2 930 1002 1079.6 1108.2 1257 1348.2 1148.4 966 936.1 1113.6 1141.4 801.3 792.2 761.8 780.8 846.3 814.2 1014.8 861 1093.4 -9999 -9999 -9999 -9999 -9999 -9999 -9999 -9999 -9999 -9999 -9999 -9999 -9999 -9999 -9999 -9999
391.2 404.6 460.4 497.3 580.3 500.9 401.5 344.1 409.5 464.6 461.2 585.6 590.4 575.4 597.4 622.4 670.9 721.1 702.2 828.2 748.9 653.3 689.6 750.5 767.2 813.5 816 914.2 734.7 760 740.8 799.3 776.3 701.5 977.8 884.9 1119.4 929.3 979.9 1065.1 1109.3 973.3 978.9 1151.6 1037.4 1092.2 1088.1 1179.2 1221.1 1133.9 910.5 806.8 790.1 877.7 911 936.1 890 916.7 924.8 1005.7 -9999 -9999 -9999 -9999 -9999 -9999 -9999 -9999 -9999 -9999 -9999 -9999 -9999 -9999 -9999 -9999
369.9 418.9 447 352.6 603.7 462.1 383.5 456.7 406 411.7 465.7 505 473.4 578.1 620.3 738 766.5 784.6 821.6 781.9 752.9 719 633.8 631 705.3 725.8 743.4 630.2 732.7 757.6 813 856.2 869.4 854.8 1043.6 929.8 827.1 985.6 1029.6 958.1 1068.5 1010.1 1038.9 1072.4 995.2 1045.5 1119.9 1016.6 1395.1 1147 785.1 882.9 867.5 962.7 994.9 -9999 1006.8 -9999 1018.7 -9999 -9999 -9999 -9999 -9999 -9999 -9999 -9999 -9999 -9999 -9999 -9999 -9999 -9999 -9999 -9999 -9999
325.5 366.9 344.5 406.5 530.8 502.6 423 445.3 432.6 446 487.7 462.5 531.6 634.6 530.5 624 675.3 715.9 660.2 784.4 860.1 730.3 632.3 599.6 650.4 739.3 734 769.8 749.7 733.5 728.9 854.3 915 906.2 914.8 927.2 953.5 929.1 896.1 949.8 985.2 982.4 975.8 1034.8 959.7 1171.9 1154.8 1301.4 1252.1 760.7 808.2 868.5 860.4 814.5 831.4 -9999 1026.3 1046.3 -9999 -9999 -9999 -9999 -9999 -9999 -9999 -9999 -9999 -9999 -9999 -9999 -9999 -9999 -9999 -9999 -9999 -9999
253.6 343.7 350.3 371.2 452.8 504.8 486 466.2 508.2 461 461.9 538.3 533.2 511.1 524 535.7 540.5 680.5 630.3 546.6 637.9 714.2 737.8 744.2 643.2 668.7 725.1 771.8 758.4 730.2 718.3 858.7 819.3 975.1 949.2 931.7 938 929.1 941.7 939.9 960.9 984.2 939.1 971.9 1168.7 1137.1 1163.1 1120.2 1024 865.8 758.1 831.4 860.2 797.4 811.4 -9999 916.9 903.8 -9999 -9999 -9999 -9999 -9999 -9999 -9999 -9999 -9999 -9999 -9999 -9999 -9999 -9999 -9999 -9999 -9999 -9999
311.4 345.1 310.9 324.9 372.4 456.2 449.7 567.5 470.2 516 507 602.2 662.1 602.4 561.1 523.6 534.1 609.8 618.4 653.9 676.5 649.3 789.9 713 693.8 700.4 647.6 690.9 731.1 445.4 865.6 902.8 830.6 971.5 960 906.6 824.8 842.4 860.7 870.3 930.1 902.6 708.4 977.9 1271 1047 1020.8 1005.2 829.9 882.7 905.6 820.2 895.4 896.5 904.6 -9999 875.2 -9999 -9999 -9999 -9999 -9999 -9999 -9999 -9999 -9999 -9999 -9999 -9999 -9999 -9999 -9999 -9999 -9999 -9999 -9999
313.6 274.4 276.9 341.6 298.5 412.7 412.3 490.6 550.7 544.1 601.9 640.5 625.8 542.8 550.4 608.5 659.6 715 694.5 672.4 666.9 678.8 719 625.1 600.8 672.2 713 753.7 815.6 834.2 855.1 911.6 820.2 910.5 951.1 1000 835.7 894.2 875.5 889 893.7 855.8 986.7 937.5 950.3 944.4 901.1 756.6 871.6 785.6 787.5 931.9 945.2 944 871.3 -9999 -9999 -9999 -9999 -9999 -9999 -9999 -9999 -9999 -9999 -9999 -9999 -9999 -9999 -9999 -9999 -9999 -9999 -9999 -9999 -9999
363.4 285.6 311.9 340.4 366.7 399.2 429.6 524.8 646.4 573.5 594.6 541.2 713.2 650.3 703.3 688.6 693.9 759.1 745.8 777.6 713.6 693.8 591.3 524.2 732.9 651.9 721.4 739.4 710.5 907.1 924.3 1066.6 1035.9 963.8 955.3 885.4 891.8 918.8 920.7 1017.7 1109.1 1003.6 1058.1 972.1 1004.4 900.5 945.4 1316.2 913.8 828.9 833.9 831.5 851.1 910.6 848.6 905.4 -9999 -9999 -9999 -9999 -9999 -9999 -9999 -9999 -9999 -9999 -9999 -9999 -9999 -9999 -9999 -9999 -9999 -9999 -9999 -9999
246 256.8 280.5 383.1 389.3 441.8 482.5 593.1 547.6 614.7 632.2 675.9 746.7 884.2 784.3 796.1 792.2 767.7 595.3 701.3 719 821.4 710.3 650.6 695 797.1 770.6 832.2 902.6 971.2 1112.4 952.8 1106.9 977.3 990.8 975.9 1015.8 1078 1016.1 984.4 932.4 995.4 968.8 1011.4 846.3 1201.9 1026.5 1017.9 983.1 1028.6 1020.2 921.7 932.6 974.1 980.6 933.8 -9999 -9999 -9999 -9999 -9999 -9999 -9999 -9999 -9999 -9999 -9999 -9999 -9999 -9999 -9999 -9999 -9999 -9999 -9999 -9999
363.3 317.2 393.2 375.8 439.1 414.5 483.6 478.4 515.6 553 709.9 625.1 700.5 630.6 700.9 778.1 847.8 765.1 621.1 757.1 864 841.5 837.1 833.8 804 1000.9 948.2 917.6 1047.6 1121.7 1160 1059.9 1130 1196.7 1256.3 1167.9 1202.4 1020.4 1070.5 1254.6 1086.3 1277.5 929.6 1681.6 1182.4 1138 1082.4 998.7 995.2 1090.5 932.1 930.2 962 1106.9 1029.9 1054.6 1215.1 -9999 -9999 -9999 -9999 -9999 -9999 -9999 -9999 -9999 -9999 -9999 -9999 -9999 -9999 -9999 -9999 -9999 -9999 -9999
405.5 430.4 381.1 411.9 371.6 420.1 416.9 356.4 430.2 449 581.8 632.1 614.5 695.7 669.8 600.2 698.6 691.2 742.7 816.7 794.7 802 918.5 952 1240.8 1065.5 1242.3 1151.1 1324.9 1199 1255.8 1252.7 1319.6 1433.1 1255.5 1217 1381.3 1407.3 1153.1 1430.9 1757.5 1274.5 1428.8 1669.4 1441.3 1212.7 1018.4 1078.9 1178.4 1031.1 1041 1103 1279.8 1335 1173.3 -9999 -9999 -9999 -9999 -9999 -9999 -9999 -9999 -9999 -9999 -9999 -9999 -9999 -9999 -9999 -9999 -9999 -9999 -9999 -9999 -9999
359.4 294 337.5 368 448.4 456 455.6 472.7 471.2 457.8 597.8 486.5 678.6 703.3 677.2 808.8 752.9 918.5 964.2 1040.6 882.8 945.9 1003.9 862 981.2 1141.9 1269.3 1300.9 1180.2 1337.3 1302.7 1296.8 1289.2 1348.5 1550.4 1449.8 1359.7 1404.6 1326.1 1529.9 1390 1587.6 1274.4 1258.6 1221 1153.6 1207.7 1098.4 1053 937.5 1092.3 1180.2 1249 1237.3 -9999 -9999 -9999 -9999 -9999 -9999 -9999 -9999 -9999 -9999 -9999 -9999 -9999 -9999 -9999 -9999 -9999 -9999 -9999 -9999 -9999 -9999
333.6 290.4 345.7 393.5 396.8 447.6 442.8 429.1 428.6 432.1 468.2 548.6 664.9 854 885.4 876.1 918.4 846.1 1044 1209.8 1156.5 1278.6 1227.7 1189.2 1020.5 1216.3 1443.2 1454.6 1318 1291.6 741.7 1499.3 1660.7 1635.6 1660.6 1586.1 1479.2 1395.2 1370.4 1512.1 1433 1309.8 1212.3 1186.6 1336.8 1100.1 1064.9 998.9 970.6 1150.6 1008.7 1134 -9999 -9999 -9999 -9999 -9999 -9999 -9999 -9999 -9999 -9999 -9999 -9999 -9999 -9999 -9999 -9999 -9999 -9999 -9999 -9999 -9999 -9999 -9999 -9999
281.4 275.9 509.1 353.7 404.8 449.4 487.4 500.2 579.5 539.8 626.9 673.3 661.6 725.3 758.4 782.6 848.3 942.6 1012 1082.4 1190.3 1210.4 1263.8 1133.9 1168.4 1116.6 1355.3 1513.8 1587.7 1357.1 1458.6 1674.3 1553.8 1616.9 1559.2 1525.5 1423.1 1391.7 1212.8 1297.1 1349.3 1178.9 1080.7 1000.1 1112.2 1134.9 1003 984.9 1190.6 1047.6 -9999 -9999 -9999 -9999 -9999 -9999 -9999 -9999 -9999 -9999 -9999 -9999 -9999 -9999 -9999 -9999 -9999 -9999 -9999 -9999 -9999 -9999 -9999 -9999 -9999 -9999
332.9 324.2 413.5 450.6 420.2 481.8 514.9 571.9 545.5 624.8 819.5 639.8 630.6 638.8 687.9 736.8 880 969.9 1157.8 1018.4 1073.7 1095.3 1123.1 1195.2 1128.6 1203 1415.4 1624.6 1543.7 1445.9 1255.9 1544.6 1528.5 1491.2 1491.3 1410.3 1532.3 1270.3 1233.9 1268.8 1039.1 1134.4 1255.1 1080.8 1101.6 1084.7 1243 1122.8 1045.1 973.9 -9999 -9999 -9999 -9999 -9999 -9999 -9999 -9999 -9999 -9999 -9999 -9999 -9999 -9999 -9999 -9999 -9999 -9999 -9999 -9999 -9999 -9999 -9999 -9999 -9999 -9999
342.8 253.8 452.7 423.6 393.2 417.9 521.2 557.3 495.3 711.9 651.4 650.6 664.1 540.9 602.1 667.6 884.3 1002.1 940.3 1037.1 1022 1037.7 1080.4 1145.6 1160 1298.5 1365.2 1554.8 1406.3 1604.4 1654.3 1515.3 1402.1 1380.4 1331.8 1281.4 1433.2 1286.6 1350 1205.1 968.8 971.5 1029.2 931.1 982.7 1113.7 1299.7 1061.9 -9999 -9999 -9999 -9999 -9999 -9999 -9999 -9999 -9999 -9999 -9999 -9999 -9999 -9999 -9999 -9999 -9999 -9999 -9999 -9999 -9999 -9999 -9999 -9999 -9999 -9999 -9999 -9999
