datasets/global_precipitation_1950_2017/rasters/precip_2017-total.asc
NCOLS 720 
NROWS 347 
XLLCORNER -180 
YLLCORNER -90 
CELLSIZE 0.5 
NODATA_value -9999 
[rows 34 to 67 of 347, columns 608 to 683 of 720]
398.1 390.7 379.2 365.2 350.9 337.4 323.5 307.9 291.6 279 265.5 253.5 245.8 235 228 222.4 217 213.7 213.4 213.9 215.7 218.8 222.2 226.4 229.8 233 235.5 239 243.8 248.5 252.9 258.4 260.5 262.2 262.3 262.4 263.2 263.2 263.6 264.3 266.1 269.4 274.3 279.8 287.5 295.2 304.7 314.1 324.5 334.2 342 350.7 358.4 362.6 364.4 365.5 365.3 363.6 361 359 356.4 355.2 353.7 354.2 355.2 356.5 359.1 362.7 365.7 368.4 372 368.3 362.9 354.6 346.6 340.3
366 361.4 356.7 352.8 346.4 340.1 331 317.8 299.3 277.6 256.5 243 239.4 235.1 238.3 237.1 233 219.9 217.8 211.4 207.6 201.8 198.2 197.9 200.6 206 212 218.5 226.9 237.1 245.1 254.7 260.2 266 266.4 269.2 270.3 270.8 270.8 270.6 272.1 275.9 279.7 286.1 295.3 304.6 314.9 325.3 339.6 350.4 361.2 372.1 383.2 393.6 389.5 382.1 377.4 374.2 371.9 370.6 368.6 366.7 365.6 364.3 363.1 362.9 363.9 366.1 368.2 370 372.7 371.9 370.3 366.6 361.7 357.6
322.3 327.7 331.1 335.3 341.3 346 345.7 331.9 308.7 278.2 244.3 216.9 213.6 232 243.2 242.1 232.2 219.7 208.8 199.2 190.7 183.8 176.7 173.4 175.6 183.2 192.5 202.9 217 233.7 246.8 259.1 266.2 271.3 275 277.5 277.6 277.7 277.5 278 279.7 280.8 283 285.7 291.6 299.6 309.8 320.8 332.6 345 357.4 368.6 378.1 383.7 383.9 382.1 379.8 377.4 376 375 373.9 371.9 368.5 364.4 360.3 355.6 353.2 353.5 357.1 360.3 364 367 370.3 370 367.2 365.8
276.4 290.5 308.2 328.1 342.3 345.7 342.9 335.5 325 309.4 295.8 285.9 282.3 279.9 271.4 257.6 241.1 225.9 213.6 207.6 201.8 198.1 195.3 195.8 198.7 202.8 211.9 224.9 239.7 256.5 266 272 276.6 279.6 284.4 286.9 290.4 291 282.4 283.5 292.2 291.8 285.7 281.8 281.6 286.1 294.6 301.1 311.7 324.9 337.3 349.5 361 369.3 373.5 376.5 377 377.1 377 376.7 375.3 370.9 364.8 356.7 348.3 340.9 335.8 332.9 333.7 336.7 340.3 344.3 347 350.1 353.9 357.9
220.8 224.5 258.4 312.9 363.7 371.6 362.5 356.3 343.4 334.2 338.8 358.8 373.8 341.6 282.3 232.6 213.1 217.1 221.7 225.2 224.1 226 227.1 227.2 230.1 238.9 251.4 268.7 283 293.5 293.2 289.2 285.1 285.2 285.4 285.8 287.2 289.2 284.2 279.7 279.9 275.4 267.1 262 264.6 270.7 279 286.2 294 304.3 319 336.1 350.8 363.1 370.8 376.1 378.9 379.9 379.4 377.8 373.9 367.6 358 344.5 333.4 322.4 311.4 303.5 299.1 299.1 304.4 312.1 316.3 316.9 321 331.2
202 194 222.2 270.5 314.3 341.3 356.1 351.6 329.7 300.1 280.7 303.7 349.8 337.5 289.2 253.6 244.3 245.3 245.1 247 247.1 248.8 247.8 245.9 251.9 266.9 284.2 304.5 314.5 317.3 308 300.8 294.2 285.2 273.2 254.4 238.5 244.8 257.1 257.8 256 250.1 242.6 241.2 254.1 268 280.7 290.5 298.4 307.5 323.9 342.6 356.8 369.6 378.3 382.6 383.4 379.7 380.9 380.7 377.1 370.6 359.5 347.8 335.5 318.6 293.5 271.7 252.7 250.3 261.6 279.2 291.9 303.8 313.7 321.3
234.4 242.2 258.1 278.9 298.6 311.4 312 305.2 291.4 271.6 254.4 256.4 271 282.3 293.1 307.9 309 290.3 276.5 273.4 274 276.8 278.3 280.1 282.7 290.1 302 329.2 358.1 339.9 302.7 283.8 292.4 291.4 281.9 266.8 247.2 246.6 239.8 244.4 252.5 257.3 262.6 269.2 281.6 294.4 304.2 310.5 316.2 327.3 341.1 360.3 377.5 387.3 387 374.4 365.4 367.9 376.8 386.1 391.7 390.9 385.9 379.9 375.2 355.4 327.6 299 271.4 262.3 278.9 297.4 313.2 323.5 329.6 337.3
240.8 249.8 260.1 273.7 284.8 289.5 285.4 274.7 264.4 258.6 258.9 259.8 255.1 255.4 261.8 269.4 273.2 273.5 275.6 282.1 287.2 289.1 291.2 294 296.9 300.4 294.7 302.8 321.8 324.6 313.4 304 295.7 288.6 280.9 268.4 257.1 250.7 248.1 253.1 259.1 270.9 285.8 299.8 315.7 328 330.3 326.2 321.1 332.8 353.7 377.6 398.7 412.5 416.9 411.4 391.6 390.9 403.5 412.1 417 413.1 403.2 388.2 399.4 419.8 425.1 416.9 405.2 399.5 397.7 389.3 375.7 357.5 349.1 341
232.6 236.9 249.1 264.7 279.3 289 283.8 267.2 253.3 243.6 231.2 210 220.2 232.8 242.6 248 252.3 254.5 260.4 272.3 284.6 295.1 303.3 305.1 300.9 297.4 293.9 293.7 299.3 302.1 304.2 301 295.7 288.3 277.6 270.8 260.9 259.6 262.2 265.3 274.9 289.6 306.3 320.9 338.5 353.7 365.7 368.8 362.7 362.1 370.1 385.4 405.2 421.3 436.7 463 494.4 482.4 457.1 447.3 451.8 454 447.9 454.7 487.6 526 544.4 543.3 541.1 541.9 532 490.6 420.6 355.1 336.5 333.6
238.3 243 255.1 269 279.4 282.5 277.5 269.3 265 263.2 257.9 246.9 242.3 242.1 244.7 245.4 248.1 249.9 257.3 269.1 283.6 300.3 312.8 313.3 303.8 293.2 284.4 275.7 273.2 276 283.3 287.9 298.3 308.7 319.5 324.3 323.4 324.2 323.6 325.7 323.1 321.1 324.1 333.2 342 349.8 364.2 379.7 375.3 365.2 362 369.2 383.8 394.7 394 383.1 377.9 402.4 429.3 455.9 489.3 528.9 577.8 645.3 727.3 770.2 719.5 -9999 -9999 -9999 -9999 541.8 -9999 400 368.8 365
281.5 291 300.9 307.8 307.2 302.2 295.7 288.9 285 286.9 288.2 280.1 272 261.7 248.4 237.6 237 244.7 255.9 263.2 270.9 278.5 285.2 288.2 286.8 277.8 267.8 257.6 252.2 256.7 265.7 288.1 318.2 349.3 364.7 360.2 366.2 356.8 363.7 373.9 382.9 375.5 367.8 362.6 360.7 360.7 362.8 366.7 360 346.9 332.6 326.4 337.1 346.8 386.4 445.4 488.8 485.7 450.9 463.2 503.2 541.3 570 608.9 671.1 -9999 -9999 -9999 -9999 -9999 -9999 -9999 469.1 435.9 418.9 -9999
329.8 337.8 347.5 348.8 346.2 340.7 333.6 326.5 318.6 316.9 324.3 335.5 331.5 304.4 268.8 238.3 232.7 247.7 260.7 270 273.8 272.6 273.5 275.4 274.5 271.8 267.8 265.2 266.9 274.7 293 319.2 353.4 378.2 389.4 381.2 353.9 329.8 348.2 387.4 421.8 445.4 453.5 449.9 450.1 441.7 437.6 439.9 434.1 417.5 384.1 348.7 296.7 240.1 274.8 315.3 399.6 422.4 426.2 458.1 478.7 495 483.3 466.4 -9999 -9999 -9999 -9999 -9999 -9999 -9999 -9999 -9999 427.5 -9999 -9999
418.3 415.4 410.3 401.8 392.1 382.7 374.4 368 361.9 357.8 359.7 365.7 359.6 336.6 310.5 292.5 285.1 284.5 286.4 290.1 296.2 286.2 277.2 274.2 274 274.8 278.6 282.2 288.4 306.4 330.6 367.4 404.2 427.9 446.2 453.1 453.9 444.2 443.6 466.2 504.8 537.7 543.2 549 562.9 583.3 596.2 594 582.1 567.2 526.2 487.1 454.8 426 396.1 378 380.4 397.7 422.3 455.4 480.5 490.5 -9999 -9999 -9999 -9999 -9999 -9999 -9999 -9999 -9999 -9999 -9999 -9999 -9999 -9999
544.2 544.4 526.9 491.8 441.1 384.7 367.2 386.3 396 393.2 388.8 382.4 373.6 362.2 347.4 332.3 321.6 317.6 312.1 300.4 288.7 280.9 275.4 273.5 273.9 278.3 285.5 292.7 305.8 330.6 367.2 406.9 444.4 469.5 489.7 503.4 511.8 516.2 517.1 527 558.9 586.2 586 588.8 608.2 626.9 652.8 662 689.6 697 630.1 611.6 651.3 548.8 435.5 406.9 395.2 396.2 426.3 486.9 -9999 -9999 -9999 -9999 -9999 -9999 -9999 -9999 -9999 -9999 -9999 -9999 -9999 -9999 462.9 477.4
666.7 684.4 657.5 576.9 495.9 466 449.5 444.2 440.6 434.4 427.8 423.7 419 410.9 395.4 374.1 352.1 333.9 319.1 304.2 288.4 277.2 271.7 273.1 276.8 282.3 292 304.7 329.9 368.9 411.8 450.8 481.9 503.5 521.1 535.8 544.2 -9999 -9999 -9999 -9999 -9999 -9999 -9999 624.2 -9999 -9999 -9999 -9999 632.8 -9999 -9999 -9999 -9999 -9999 -9999 -9999 327.1 305.6 371.6 444.2 475.2 -9999 -9999 -9999 -9999 -9999 -9999 -9999 -9999 -9999 -9999 607.4 492.2 476.2 484.7
770.1 867.1 887.6 751.2 575.2 530 513.2 482 449.1 441.5 445.2 443.6 440.8 438.8 432.4 414.6 392.3 367 344 323.1 305.5 294.6 290.5 293.1 301.6 315.1 333 361.4 400.1 444.8 486.5 511.4 531.2 538.1 550.9 566.3 -9999 -9999 -9999 -9999 -9999 -9999 -9999 -9999 -9999 -9999 -9999 -9999 -9999 -9999 -9999 -9999 -9999 -9999 -9999 -9999 -9999 -9999 -9999 -9999 -9999 -9999 -9999 -9999 -9999 -9999 -9999 -9999 -9999 -9999 -9999 539.9 573.7 552 529.1 511.4
729.1 782.5 791.6 731 650.3 594.1 550.4 507.4 473.8 459.9 460.5 461.4 465.3 468.8 466.9 454.6 431.7 405.2 378.9 357.4 340.8 331.6 328.2 329.8 335.5 357.8 397.5 446.3 495.8 541.6 575.8 596.8 604.6 -9999 -9999 -9999 -9999 -9999 -9999 -9999 -9999 -9999 -9999 -9999 -9999 -9999 -9999 -9999 -9999 -9999 -9999 -9999 -9999 -9999 -9999 -9999 -9999 -9999 -9999 -9999 -9999 -9999 -9999 -9999 -9999 -9999 -9999 -9999 -9999 402.9 400.2 433.5 483.2 538.8 585.7 596.8
657.7 650.6 608.3 546.5 534.2 554.6 551.2 529 502.7 481.7 477.2 481.8 494.9 508.1 504.9 487.6 467.3 440 415.3 394.6 379.2 366.6 353.5 335.9 334.1 384 461.7 542 606.8 643.5 663.6 676.8 -9999 -9999 -9999 -9999 -9999 -9999 -9999 -9999 -9999 -9999 -9999 -9999 -9999 -9999 -9999 -9999 -9999 -9999 -9999 -9999 -9999 -9999 -9999 -9999 -9999 -9999 -9999 -9999 -9999 -9999 -9999 -9999 -9999 -9999 440.8 422.4 403.2 405.9 434.6 470.2 517 572 628.7 667.6
613.2 600 583 561.5 552.1 556 554.7 537.9 504.8 476.8 470.2 479 484 491.8 490.4 484.3 474.8 462.6 446.9 435.6 423.2 410.3 401.4 397.3 422.9 485.4 587.4 692.4 766.1 795.2 -9999 -9999 -9999 -9999 -9999 -9999 -9999 -9999 -9999 -9999 -9999 -9999 -9999 -9999 -9999 -9999 -9999 -9999 -9999 -9999 -9999 -9999 -9999 -9999 -9999 -9999 -9999 -9999 -9999 -9999 -9999 -9999 -9999 -9999 -9999 -9999 480.4 472.1 466.3 477.2 503.6 542.1 579 628.9 689 739.7
592.1 601.5 591.1 578.9 569.5 562 556.9 540.1 504 474.2 468.6 469.7 471.1 472.2 468.5 469.1 470.6 472.2 471.9 473.1 473.5 476.8 480.7 483 492.6 587.7 755.1 927.3 1019.2 -9999 -9999 -9999 -9999 -9999 -9999 -9999 -9999 -9999 -9999 -9999 -9999 -9999 -9999 -9999 -9999 -9999 -9999 -9999 -9999 -9999 -9999 -9999 -9999 -9999 -9999 -9999 -9999 -9999 -9999 -9999 -9999 -9999 -9999 -9999 537.8 526.1 521.4 516.8 518 538.8 573.9 613.1 647.2 680.2 739.7 810.7
543.1 531.1 544 560.8 556.6 548.7 539.6 528.9 503.6 472.8 461 459.3 453.3 447.3 457.6 460.8 467.6 478 492.1 504 511.6 524.9 539.2 556.3 590 671.3 817.8 983.8 -9999 -9999 -9999 -9999 -9999 -9999 -9999 -9999 -9999 -9999 -9999 -9999 -9999 -9999 -9999 -9999 -9999 -9999 -9999 -9999 -9999 -9999 -9999 -9999 -9999 -9999 -9999 -9999 -9999 -9999 -9999 -9999 -9999 -9999 -9999 -9999 645.3 617.8 591.6 557.4 536.2 557.3 608 675.1 733.6 800.1 840.3 889.9
546.3 524.8 528.6 544.9 543.5 531.2 512.6 498.5 497 484.4 470.1 464 460.4 455.7 459.7 464.2 474.1 489.5 508.9 522.1 532.3 536.5 556.5 590.3 613.2 634.5 -9999 -9999 -9999 -9999 -9999 -9999 -9999 -9999 -9999 -9999 -9999 -9999 -9999 -9999 -9999 -9999 -9999 -9999 -9999 -9999 -9999 -9999 -9999 -9999 -9999 -9999 -9999 -9999 -9999 -9999 -9999 -9999 -9999 -9999 -9999 -9999 -9999 753.7 723.8 683.9 636.4 589.7 554.2 563.6 623.2 711.5 789.9 856.5 898.9 918.1
606 609.5 591.8 571.1 547.7 521.5 497.4 483.5 474.4 474.2 474.6 474.7 483.3 486.3 488.1 493.1 501.7 517.6 530.6 528.8 502.4 505.5 574.1 609.2 -9999 -9999 -9999 -9999 -9999 -9999 -9999 -9999 -9999 -9999 -9999 -9999 -9999 -9999 -9999 -9999 -9999 -9999 -9999 -9999 -9999 -9999 -9999 -9999 -9999 -9999 -9999 -9999 -9999 -9999 -9999 -9999 -9999 -9999 -9999 -9999 -9999 -9999 -9999 704.9 723.3 708.4 653.3 598 589.1 630.9 671.3 767.5 891.5 991.2 1044.6 1039.3
619.5 611.3 595 575.3 553 525 489.6 465.1 456.3 497.1 459.9 474.6 496.1 515.5 533.5 552.7 564.9 575.7 586.9 592.1 610.5 651.5 -9999 -9999 -9999 -9999 -9999 534.9 -9999 -9999 -9999 -9999 -9999 -9999 -9999 -9999 -9999 -9999 -9999 -9999 -9999 -9999 -9999 -9999 -9999 -9999 -9999 -9999 -9999 -9999 -9999 -9999 -9999 -9999 -9999 -9999 -9999 -9999 -9999 -9999 -9999 -9999 -9999 856.9 850.7 797.3 708.7 616.9 559.5 604.1 758.1 940.3 1117.8 1251.2 1318.7 1282.2
728 589.9 562.2 543.8 522.6 508.1 496.6 471.8 463.5 462.6 467.4 480.5 500.7 523.9 552.4 589 619.9 636 643 646.6 650.1 663.7 690.2 679.3 643.7 607 -9999 -9999 -9999 576.5 -9999 609.9 -9999 -9999 -9999 -9999 -9999 606.7 -9999 -9999 -9999 -9999 -9999 -9999 -9999 -9999 -9999 -9999 -9999 -9999 -9999 -9999 -9999 -9999 -9999 -9999 -9999 -9999 -9999 -9999 -9999 -9999 -9999 -9999 944.4 909.9 839.1 783 812.1 890.3 1067.4 1248.2 -9999 -9999 -9999 -9999
534.2 535.5 530.1 526.1 510.8 493.3 514.9 522.4 514.4 515.1 514.9 517.1 528.4 561.8 615.9 662.9 673.5 653.8 662.4 675.2 673.3 675.4 677.2 664.7 642.1 624 606.3 -9999 -9999 541 515.7 505.8 536 -9999 -9999 -9999 -9999 -9999 -9999 -9999 -9999 -9999 -9999 -9999 -9999 -9999 -9999 -9999 -9999 -9999 -9999 -9999 -9999 -9999 -9999 -9999 -9999 -9999 -9999 -9999 -9999 -9999 -9999 -9999 958 986.3 1062.3 1149.7 1262.8 1314.3 1327.9 1333.8 -9999 -9999 -9999 -9999
369.9 453.2 491.5 494.6 517 483 496.2 526.6 570.9 593.3 582.6 580.2 591.5 635.2 687.3 724.3 734.8 740.9 733.4 682.1 665 674.6 672.7 665.4 652 626.7 597.7 570.8 539.1 521.6 504.9 488.2 502.9 512.4 373.6 -9999 478.8 555 -9999 -9999 -9999 -9999 -9999 -9999 -9999 -9999 -9999 -9999 -9999 -9999 -9999 -9999 -9999 -9999 -9999 -9999 -9999 -9999 -9999 -9999 -9999 -9999 -9999 -9999 947 947 1047.8 1193.8 1542.3 1593.9 1387.8 1336.6 -9999 -9999 -9999 -9999
475.9 489.7 499 509.1 495.6 472 495.1 522.8 569 603.6 605.6 620 641.8 680.7 721.8 763.8 753 759.1 749.9 720.2 706.1 702.6 696.5 679.4 636.8 599.1 571.8 551.8 560.7 562.6 541.6 511.1 493.3 473.9 -9999 -9999 464.4 536.7 593.3 -9999 -9999 -9999 -9999 -9999 -9999 -9999 -9999 -9999 -9999 -9999 -9999 -9999 -9999 -9999 -9999 -9999 -9999 -9999 -9999 -9999 -9999 -9999 -9999 -9999 896.7 687 883.1 1159.3 1293 -9999 -9999 -9999 -9999 -9999 -9999 -9999
535.1 530.1 515.3 514.1 514.1 516 519.9 515.9 508.5 558.2 585.3 586.9 614.9 667.3 696 713.6 741.1 759 755.2 728.5 724.8 729.7 745.2 792.2 647.7 583.7 595.4 599.5 617.4 635.1 613.5 532.7 477.8 444 402.7 368.7 480.5 592.2 -9999 -9999 -9999 -9999 -9999 -9999 -9999 -9999 -9999 -9999 -9999 -9999 -9999 -9999 -9999 -9999 -9999 -9999 -9999 -9999 -9999 -9999 -9999 -9999 -9999 -9999 -9999 890.4 980.2 1161.7 1265.3 -9999 -9999 -9999 -9999 -9999 -9999 -9999
547.4 533.8 533.1 540.7 540.1 523 550.1 545.3 543.6 552.6 557.6 600.1 643.6 673.4 691.1 716.2 749.5 779.2 786.3 760.9 753.4 743.5 741.4 751.4 723.3 676.2 653.5 651.9 660.7 649.9 608.4 515 444.7 439.3 -9999 -9999 580.3 611.2 503.1 -9999 -9999 -9999 -9999 -9999 -9999 -9999 -9999 -9999 -9999 -9999 -9999 -9999 -9999 -9999 -9999 -9999 -9999 -9999 -9999 -9999 -9999 -9999 -9999 -9999 -9999 896.7 1025 1251.1 -9999 -9999 -9999 -9999 -9999 -9999 -9999 -9999
560.6 560.3 564.2 577.4 588.9 600.6 579.8 559.4 556.3 581.7 602.3 619.6 688.4 703.9 701.2 716.5 731.2 732.1 745.8 757.9 756.9 743.9 737.1 719.1 692 687.9 653.5 631.8 627.6 654.7 631.9 568.6 518.9 -9999 -9999 -9999 756.6 850.5 696.5 -9999 -9999 -9999 -9999 -9999 -9999 -9999 -9999 -9999 -9999 -9999 -9999 -9999 -9999 -9999 -9999 -9999 -9999 -9999 -9999 -9999 -9999 -9999 -9999 -9999 -9999 724.8 1118.1 -9999 -9999 -9999 -9999 -9999 -9999 -9999 -9999 -9999
594.6 610.4 611.6 620.6 632.3 624.2 609.8 592.3 579.4 580.6 571.7 611.7 655.9 677.4 690.1 713.6 736.3 728.6 735.6 747.3 745.5 734.2 715 680.7 640.2 602.2 588 603.4 613.2 609.9 604.5 581.5 582.2 -9999 -9999 -9999 718.3 645 709.7 -9999 -9999 -9999 -9999 -9999 -9999 -9999 -9999 -9999 -9999 -9999 -9999 -9999 -9999 -9999 -9999 -9999 -9999 -9999 -9999 -9999 -9999 -9999 -9999 -9999 1975.2 -9999 -9999 -9999 -9999 -9999 -9999 -9999 -9999 -9999 -9999 -9999
632.9 661.8 676 684.3 687.9 676.9 700.3 613.7 596 606.5 660.6 691.5 700.5 674.2 680.1 697.4 715.9 730.1 744.6 754.1 762.1 765 732.5 678 633.8 596.4 586.9 605.3 623.5 636.7 620.7 567.9 551.8 -9999 -9999 -9999 660.4 625.3 725.1 776.2 -9999 -9999 -9999 -9999 -9999 -9999 -9999 -9999 -9999 -9999 -9999 -9999 -9999 -9999 -9999 -9999 -9999 -9999 -9999 -9999 -9999 -9999 1685.2 1729.1 -9999 -9999 -9999 -9999 -9999 -9999 -9999 -9999 -9999 -9999 -9999 -9999
663.1 729 757 754.9 730.1 697 668.5 612.4 550.5 512.2 605.5 633.8 634.4 667.5 699.3 725.5 747.2 763 776.9 770.5 789.8 813.7 747.2 671.6 649.3 623.4 643.3 691.4 696.9 655.2 594.9 515.9 488 -9999 -9999 -9999 666.9 703.7 803.4 829.7 -9999 -9999 -9999 -9999 -9999 -9999 -9999 -9999 -9999 -9999 -9999 -9999 -9999 -9999 -9999 -9999 -9999 -9999 -9999 -9999 -9999 -9999 -9999 -9999 -9999 -9999 -9999 -9999 -9999 -9999 -9999 -9999 -9999 -9999 -9999 -9999
