datasets/global_precipitation_1950_2017/rasters/precip_1978-total.asc
NCOLS 720 
NROWS 347 
XLLCORNER -180 
YLLCORNER -90 
CELLSIZE 0.5 
NODATA_value -9999 
[rows 68 to 101 of 347, columns 456 to 531 of 720]
305.4 284.4 276.1 260.9 224.3 209 221.8 241.5 245.7 247.6 252.8 256.1 291.2 325.1 308.6 301.1 294.1 308.3 310 265.4 286.5 290.7 280.1 270.1 237.7 202 180.6 169.5 166.3 173.2 184.3 184.7 182.5 211.8 253.9 283.3 304.8 309.4 303 270.5 254.6 270.7 283.3 290.4 297.5 351.9 351.4 351.9 339.5 341.2 332.2 306.3 294.6 258.7 95.3 304 267.5 280.4 294.8 275 244.5 229.8 225.1 236.9 254.9 268.2 285.3 306.1 351.1 368.8 355 369.1 409.5 408.2 381.3 375.7
309 288.9 281.8 278.9 245 208.7 181.8 170.6 202.6 207.3 213.2 213.9 248.1 272 270.4 266.9 230.7 277.8 296.9 301.7 327.4 336.4 320 287.9 242 203.3 190.5 169.8 157.3 166.6 172.3 172.3 168.9 181.7 247.6 279.8 311.4 389.9 372.6 266.9 234.8 265.7 286.2 271.8 279.3 374.3 382 298.7 345.7 370.6 327.6 304.5 285.1 281.9 297.6 308.4 298.8 257.4 235.8 228.7 226.5 223.5 210.9 234.8 257.2 264.9 276.2 305.4 350.7 318.3 301.9 300.7 324.9 336.4 335.6 336.5
288.2 263.5 253.7 239.8 210.2 181.4 164.9 159.9 176.8 190.3 197.4 206.3 208.8 201.9 173.5 210.7 234.5 251.1 254.1 292.5 332.1 354.6 304.7 261.7 227 196.2 183.4 179.5 176.8 171.4 171 173.5 178.6 193.7 224.4 253.1 268.5 288.4 289.7 268.7 270.5 289.6 322.9 239.5 251.2 291.5 337.2 359.7 336.1 261.6 265.1 271.5 273.4 290.5 282.3 251.7 215.7 182.4 178.4 202.2 234.9 237.2 241.2 260.3 287 289.2 286 282.8 269.8 249.3 249.5 243.9 225 217.2 214.6 259.8
267.6 244.4 223.8 197.4 178.2 163.9 169.6 179.1 163.4 165.9 170.9 172.9 176.3 176.6 175.2 191.5 216 240.4 252.7 257 227.8 233.4 237.8 215.6 203.3 175.4 158.4 157.6 160.7 162.8 170 178.2 181.4 186.2 204.2 220.9 220.4 204.8 233.7 248.6 256.4 268.1 275.9 267.3 263.4 269.1 306.7 352.7 388.1 301.3 258.9 249.7 248.5 252.6 250.3 234.9 226.3 214.5 212.2 220.7 234 241 248.5 258.5 256.6 269.8 303.1 299.1 243.8 195 214 201.6 164.8 203.8 193.9 216.4
269.3 232.9 197.4 177.9 165 152 146.4 138 138.7 142.3 142.3 142.8 149.4 166.7 181.5 180 190.7 214.3 230.3 237 237.1 243 247.4 230 191.5 150.5 123.2 132.8 145 154.4 166.3 179.1 185.5 187.1 193.2 205.1 217.1 225 233 237.3 240.3 236.1 242.3 253.5 262.6 262.6 278.3 305.4 298.9 260.3 223.2 219.5 216.4 215.7 204 205.7 212.1 233.6 255.4 242.9 239.7 240.4 243.2 249.7 267.2 292.9 367.9 414.4 311.3 262.1 242.2 225.3 214.2 224.5 198.1 178.6
276.7 222 163.7 151.1 129.3 136.2 130.6 121.3 127.8 133.6 134.2 136.3 137.6 155.9 169.7 166.7 175.2 200.6 220.1 226.6 231.6 228 303.8 240.8 187.6 151.1 136 147.7 145.4 149.3 162 177.2 187.7 190.7 195.8 205.4 217.7 229.2 233.3 235.8 242.8 191.6 212.6 243.1 259.9 264.6 273 275.3 258.5 232.6 219.4 211 194.9 175.3 177.2 182.5 183.9 186.6 221.4 233.1 239.9 243.5 242.6 250.1 268.6 275.4 310.5 325.2 281.2 263.6 255.9 246.5 216.7 159.5 121.4 88.1
293.3 236.9 185.3 159.3 141.2 133.1 130.1 129.7 132.3 133.5 134.4 137.6 143.4 145.7 148.1 151.7 155.2 174.4 199.2 214.5 224.5 224.7 223.4 200.2 171.4 149.4 140.6 144.7 149.7 155.3 165 178.4 189.2 194.1 203.7 211.8 225.7 244 252 237.2 215.5 205.3 231.1 260.6 279 282 260.2 235.3 213.1 208.6 218.5 220.2 204.6 190.9 184.3 180.6 177 170.3 182.5 215.8 255 277.7 283 310.9 334.3 317.5 268.5 219.1 222.3 225.5 239.7 243.9 200.2 135.7 106.8 102.9
253.1 231.7 194.4 158.3 139.6 131.3 130.5 137.1 145.8 149 144.3 139.2 137.8 136.9 136.6 135.4 134.9 144.4 161.6 180.6 190.9 187.3 174.3 153.4 150.1 148.1 146 153.1 158.2 160.5 171.3 187.9 196.4 201.2 207.8 215.7 223.3 231.9 236.8 235.2 237.5 246.3 261 270.5 276.7 274.5 253.8 223.6 191.9 199.7 215.8 220.6 215.5 197.4 188.4 191.9 192.4 186 167.1 225 286.7 303.6 311.3 384.9 470.5 462 285.5 191.6 172.5 189.8 221.6 231.8 163.9 104.6 98.9 104.6
233 203.9 163.3 144.4 137.4 130 134.5 146.2 158.1 160.9 154.1 141.1 130.1 121.3 122.8 131.9 130.2 131.9 138.2 146.5 148.1 145.9 146.4 146.7 148.9 150.2 151.7 154.9 160.2 169.3 179.1 187.4 194 203.1 214.3 219.8 219.1 208.7 205.7 231.5 266.5 295.4 296.4 281.1 273.9 264.3 253.4 236 226.9 225.5 232.1 231.2 228.9 214.6 206.1 213.5 222.1 229.5 245 272.5 316.3 348.6 297.6 402.6 486.9 516 337.6 204.8 161.8 148.1 148 151.5 136.2 113.9 115 122.6
222 178.3 142.2 124.1 110.6 124.1 141.3 150.2 158.2 161.8 152.9 137.3 125.8 120.9 125.3 138.7 164.8 137.6 134 132.3 126.4 123.5 128.5 137.2 145 148.5 148.7 148.9 153.4 166.2 179.1 176.4 180.9 202.7 222.6 231.7 232.1 231.7 239.2 269.2 309.5 333.2 332.3 242.1 238.2 258.8 265 265.9 257.3 250 263.6 264.3 252.4 241.3 247.2 246.7 239.3 244.3 256.7 304.3 371.9 486.6 519 327.5 281.8 273.5 239.3 188.1 161 125.9 115.3 122.6 132.6 140.2 141.8 149.4
220.4 159.9 131.9 126.1 125.8 146 158.7 153.5 152.7 152.9 145.4 133.1 122.7 120.4 126.6 133.6 139.8 141 134.6 121.9 118.9 119.5 125.1 136.2 143.3 146.1 143 136.2 128.9 117 132.1 163.7 185.7 204.8 219.2 227.5 238.5 247 279.6 320.2 333.5 332.7 321.8 287 261.5 262.1 270.1 273.4 263.8 258.5 282.5 337.5 319.8 296.1 311.5 274.8 268.4 253.6 237.3 271.1 328.4 405.1 301.1 139.2 127 177.4 208.6 206.5 177.7 149.6 123 133.2 148.1 156.7 160.9 170.3
276.5 238.7 144.2 158.5 177.3 190.3 179.5 178.9 163.3 152.2 137.3 128.8 126.4 126 128.9 133.9 136.2 138.2 130.9 118.8 131.5 176.8 144.4 146.2 148.7 146.3 137 124.3 117.7 114.4 134.1 172.8 200 212.5 214.4 212.2 228.7 265.4 341 353.2 376.5 452.1 276.4 347.5 285.3 272 286.4 315.7 261.8 271.7 308.9 338.6 411.3 390.1 336 338.1 368.9 373.7 296.5 269.1 218.9 227.8 234 196.1 191.4 207.5 215.9 234.2 219.6 182.1 171.3 189.4 201.5 199.9 196.4 200.9
251.2 253.1 248.4 182 202.8 229.2 230.7 195.9 169.4 152.3 127.5 128.6 134.1 131.6 130.8 131.4 132.8 134.2 132.8 136.6 140.7 131.4 141.1 157.8 153.9 149.4 140.8 130.4 129.8 141.9 163.6 200.2 233.7 230.5 215.9 203.5 211.7 238.6 261.7 291.4 331 415.9 411.7 384.4 379.9 403.8 387.8 375.4 374.1 358.8 403 398.1 412.5 401.7 393.1 422.3 475.7 621.4 696.1 519.6 356.3 343 345.8 334.5 315.6 360.3 408.6 337.1 316.4 245.2 226.9 258.8 264 253.4 236.8 227.3
219.6 240.7 268.4 271.1 219.9 215.8 207.2 191.8 171.2 154 140.6 137.8 139.3 135.2 132.4 129.2 127.1 133.7 140.3 142.1 144.7 144.7 148.7 149.5 150 150.8 148.7 146.3 151.6 157.5 167.5 196.5 224.9 228.2 213.6 200.4 195.3 197.6 159.9 186.8 247.8 315 393.8 557.8 646.3 607.2 423.2 326.7 353.2 379.1 437.6 545.3 511.6 487 478.5 461.1 441.3 460.3 499.9 471.6 570.5 641.1 459.6 359.6 327.1 373.5 409.9 364.6 242 176.4 183 225.6 250.6 225.1 202 225.5
277.1 293.7 309.9 322.7 327.1 241.4 195.7 183.4 172.5 162.5 152.9 145.4 138.7 129.9 122.5 119.8 123.7 136.3 148 148.8 150.6 161.4 164 151.7 155.4 156.2 157.2 156.8 162.4 166 172.3 196.5 223.3 230 216.3 208.3 199.2 188.2 189.3 214.8 264.9 302.7 489 693.9 898.4 798.6 599.6 428.3 389.7 521.2 483.8 552.9 482.3 487.2 358.6 192.5 189.1 194.2 196.7 221.7 340.7 376.3 372.9 372.5 335 328.1 335.9 202.6 144.1 124.4 123.9 139.3 148.6 146.7 134.7 130.7
347.4 336.8 345.3 342.1 324 268.7 187.2 177.7 180.2 176.7 165.7 153 135.1 116.7 107.7 109.8 120.3 134.8 150.2 153.3 135.5 116.9 157.1 198.5 157.5 155.1 169.4 167.8 167.3 171.2 187.7 215.9 252.6 249.4 227.9 214.1 205.7 198.6 210.3 220 228.7 353.3 504.4 865.4 892 700 527.4 522.6 434 368 436 436 374.3 343.8 268.7 269.9 248.3 211.5 195.1 232.1 256.6 180.7 268.7 227.2 152.3 145.6 130 111.7 107.4 102.3 86.4 92.6 96 98.4 88.2 69.2
423.4 420.7 343.5 348.2 288.4 230 184.5 173.9 172.8 171 164.4 152.1 129.5 105.8 98.2 108 122.8 140 161.5 171.4 152.7 133.7 152.3 166.3 153.6 165 180.5 151.9 166.1 186.2 187.7 208.5 233.7 232.8 206.7 229.6 251 255.7 262.7 278.1 298.9 363.5 460.8 670.6 915.3 452.4 307 282 333.7 733.9 625.2 722.6 504.3 263.1 213.2 226.4 236 232.2 228.7 242.1 253.1 244.6 191.4 98 50.7 64.7 90.1 97.6 98.1 92.6 83.4 81 80.6 79.8 74.7 64.1
524.2 520.1 434.3 319.1 226.4 186.3 175.6 170.3 170.8 171 165.6 152.9 132.3 102.8 75.2 109.6 130.5 153.6 170.1 175.2 164.9 157.5 157.5 157.8 162 176.6 193.8 210.9 269.7 249.9 193.9 197.2 209.5 209.8 229.5 278 313.7 355 357.1 320 291.8 337.6 413.9 425.1 444.9 142.7 160.9 173.5 217 353.4 498.1 605.6 433.3 225.3 195.7 209.6 230.2 230.7 226.4 212.4 235.8 224.4 160.7 102.8 76.6 87.4 101 102.3 97.8 92 82.6 73.7 70.9 66.4 64.9 59.4
304.9 337.3 283.3 218.3 173.9 148.9 155.3 166.1 177.4 210.2 178.1 152.2 136 131.7 121.4 141.6 167.1 181.7 180 176.1 165.1 159.9 159.9 156.1 159.4 181.6 220.9 280.1 338.5 281.2 217.3 195.4 189.7 196.6 237.7 293.8 380.3 420.8 404.1 380.2 360.6 359.8 295.8 186.2 159.9 124.4 213.3 235.4 269.9 321 365 367.3 294.5 227 160.2 139.3 140.5 143.3 117 94.6 89.7 88.7 90.2 89.3 87.8 95.4 105.2 103.2 96.5 87.5 75.1 64.1 53.4 48.4 49.7 47.4
338 372.2 266.1 246.9 211.5 175.3 161.5 158 157 152.1 146.9 154.4 157.9 170.5 194.3 207.1 241.6 241.2 209.4 191.4 185.1 181.9 166.5 143.7 141.4 165.7 200.1 231 237.4 212.1 186 175.4 170.2 141 207 306.1 389.9 439.8 451.4 417.5 425.2 418.6 398.4 324.3 234.8 210.5 365.6 345.6 267.3 236 231.7 150.4 179.3 145.8 92.7 79.1 136.5 94.5 68.4 39.1 21.1 22.6 43.7 63.5 73.4 84.3 89.4 90.5 82.9 71.5 57.6 46.5 37.1 31 28.4 27
410.7 443.2 337.1 331.7 277.9 213.6 164.9 151.5 148.8 147.3 145.4 158.7 171.2 205 262.8 295.5 322.6 326.5 297.5 241.6 218.3 220.3 185.6 153.4 144.5 151 161.9 175.2 190.1 177.9 162.4 191.6 170.7 169.6 188.7 275.5 360 411.2 489.2 536.4 499.4 578.7 522.3 383.7 522.3 609.5 484.5 401.7 166.6 324.3 172.5 103 105.4 92 72.1 68.1 70.5 73.8 63.1 46.8 33.5 29 35.1 47.6 62.6 73.1 74.1 67 56.5 47.4 39.2 32.2 27.2 23.3 20.7 18.7
553.3 883.6 817 724.4 615.5 450 168.4 153.2 157.2 163.4 167.6 188.5 227.1 253.3 277.4 325.2 366.7 440.9 345 276.6 197.6 201 209.2 180.2 156.9 154.3 153.7 161.8 186.3 191.1 195.3 183.8 166 180.2 226.3 236.6 322.3 443.8 524.1 623.2 804.7 896.8 744.6 772.8 771.1 669.4 619.5 652.4 1115.1 505 171.5 58.1 45.6 46 56.1 62.6 66.4 64 60.4 50.3 39.3 35.1 37.2 43.6 52.9 58.5 55.9 48.9 42.1 35.1 28.4 25.7 23.3 20.4 17.9 16.8
259.5 896 962.7 985.3 1015.2 1055.5 1121.3 511.9 229.3 202 215.5 238.3 272.4 291.2 313.9 366.2 416.4 456.9 334.9 335.6 283.8 282.3 277.4 243.8 192 170.3 168.4 171 182.8 186.3 191.6 184.6 167.2 189.1 236.5 284.1 317.9 350.7 431.4 411.4 437 571 774.3 704.7 682.9 502.7 220 327.7 303.4 160.6 120.1 45.9 23 36.5 58.8 67.6 56.8 57.1 56.3 45.8 32.4 33.7 40.3 46.7 52.3 53.7 49.2 44.6 38.8 31.2 23.2 20.5 21 20.5 18.4 16.4
364.2 611.6 998 1018.2 1017.6 1058.3 1151 1122.1 719.7 412.5 285.8 234.8 275.4 302.6 377.4 418.1 411.5 378.3 344.1 381.5 378.9 366.5 326.5 275.5 208.8 181 175.8 168.3 202.4 183.4 184.4 187.1 190.2 209.6 225.9 243.6 265.1 252.5 247.9 266.9 293.6 315.1 462.4 493.8 462 414.7 291.3 246.1 182.5 117.4 94.7 56.6 48.4 87.9 95 93.3 72.5 54.3 45.2 38.2 27.2 42.6 45.8 52.3 56.6 54.3 49.8 46.1 41.5 35.4 25.8 19.3 21 21.3 20 18.7
314.8 513.5 863.4 969.6 1080.9 1062.3 1146.4 1081.9 894.1 667 452.9 322.8 352.3 399.4 504 478.7 432.9 344.6 324.8 362.1 405.2 377.6 327.6 287.8 207.1 182.5 187.6 169.8 152.1 171.7 194.6 223 236.7 232.9 229.3 230.1 222.7 202 151.9 175.9 170.2 236.7 337.3 425.3 480.4 463.6 322.7 233.2 151.3 120.8 97.4 72.5 75.5 98.6 99.7 98 87.4 57.4 47.7 49.8 58.5 53 42.2 46.3 60.2 52.3 50.2 48.9 46.3 44.4 37.2 30.2 26.3 24 21.7 19.9
278.2 403.9 354.4 554.3 796 1263.6 1117.9 1066.8 892.2 819.5 692.1 536.5 457.4 382.5 437.9 522.7 508.8 325.9 302.4 323.5 347.5 334.6 309.4 278.8 243.5 229.9 240.9 214 201.2 224.8 258.5 288.3 307 300.4 267.7 239.8 217 193.3 192.5 179.1 204.4 316.4 340.9 388.7 447.4 371.6 199.5 130.6 169.1 120.5 86 73.8 74.2 67.9 91 107.3 116.5 90.8 67.4 63.2 53.7 45.4 35.1 31.6 41.1 47.8 49.9 52 48 46.5 42.4 36.5 31.9 28.4 25.6 22.7
344.4 320.7 294.5 247.5 273.7 576.4 676.5 737.4 720.5 664.6 711.1 609.3 431.4 338.6 907.2 655 528.1 326.3 257.6 270.7 283.9 294.6 278.1 252.2 259.9 254.1 257.1 257.7 273.7 293.5 298.3 287.7 333.6 367.6 324.7 270.5 227.4 201.8 195.2 216.2 274.8 261.6 391.6 457.3 423.9 358.7 319.2 302.3 283.8 172.5 44.6 45.6 84.6 105.8 130.7 152.2 167.3 170.1 120.9 84.1 62 44.8 38.4 35.7 39.6 45.2 49.1 50.2 47.8 45.8 42.8 39 35.6 32.1 28.4 26.6
353.2 277.2 243.2 229.2 212.4 201.7 178.8 227.3 366.1 543.5 664.2 616.2 481.9 504.6 614.5 614 510.4 331.1 242.4 242.2 250.6 261.2 270.3 311.1 292.1 277.2 282.6 295.2 312.4 316.1 315.4 325.4 362.3 398.7 359.5 306.3 259.6 206.4 173.6 281 486.7 624.5 706.8 656.1 573 524.8 526.7 404.8 463.8 401.5 205.8 144.4 122.8 132.3 206.2 204 204.2 209.5 198.3 144.5 91 58.8 43.6 40.5 40.5 45.9 49.4 51.2 51.1 50.1 48.4 47.7 45.6 45 40.2 34.7
283.7 227.3 213.5 192.9 177.3 130.1 102 104.2 131 246.7 486.6 550 503.6 524.9 578.5 568.5 476.3 322.4 235.6 229 215.6 232.9 269.6 279.5 279.5 279.5 287 306.3 345.4 310.6 316.3 327.6 335.1 334.3 318.7 297.9 273 233.1 162 191 445.5 783.4 709.5 536.7 457.6 553.1 719.4 1186.1 855.8 1018.3 1053.9 608.4 274.2 450.1 295.5 214.1 266.7 251.9 206.1 157.5 112.2 81.6 65.1 56.2 55.5 57.1 58.7 60.3 63.5 67.7 69.8 73.8 75.7 74.6 72.7 68.2
329.6 224.7 232.4 195 153.2 76.4 78 89.5 100.4 120.4 215.5 398.1 498.9 531.2 568.4 540.1 431.1 283.6 219 213.9 216.5 229.5 244.5 251.3 252.8 260.1 259.8 251.9 249.9 266.3 302.2 306.7 302.7 295.6 294.2 278.6 256.9 257.8 202.4 82.1 246.6 435.6 370.1 375.1 378.1 397.6 699.8 901.6 935.8 1390.5 1771.3 1485.7 1203.6 1125.3 1023.6 494.5 285.7 271.8 177.2 141.5 127.5 112.1 107.3 102.1 95.1 84.3 82 84.2 92 102.4 110.4 113.4 117.4 120.1 121.4 120.5
308.7 244.4 277.4 223.3 157.4 92.3 74.3 76 81.4 102.2 162.1 318.6 513.3 483.6 499.4 484.5 380.4 251.3 206.2 199.4 200.9 199.4 194.8 190.6 201.2 230.6 223.6 185.8 157.7 200.3 248.9 271.9 288.5 268.6 251.1 247.7 233.9 274.8 270.2 199.6 232.2 292.1 277.9 410.1 428.6 431.3 563 701.9 771 1296.5 1579.7 1377.5 1111.2 717.3 1375.7 693.4 403.8 253.4 151.1 167.4 186 184.9 168.3 145.8 133.1 123.8 118.5 128 145.2 154.6 159.1 161.4 159.5 163.1 157.7 158.2
393.2 425 346 245.3 158.3 113 77.2 79.6 109.4 204.8 330.5 388.7 323.7 253.2 228.7 221.6 198.9 167.5 165.1 168.3 164.2 158.7 146.4 138.3 142.5 170.3 181.2 161.7 153.2 181.5 220.9 246.6 251.6 232.1 211 203.1 209.4 222.5 207.7 188.4 208.1 254.6 295.1 537.1 715.5 582 580.7 781.3 814.5 1143.2 1604.6 1294.9 1413 750.1 719.5 878.7 740.7 338.6 281.1 300.7 310.6 250.8 194.9 164.3 150 143.6 146.2 167.6 193.6 204.5 206.4 207.2 202.3 192 179.7 182
343 375.3 320.8 266.9 119.7 117.2 93.6 97.1 168.7 301.7 412.9 337.3 254.8 199 152.8 121.7 107.5 111 120.2 126.4 129.2 121.4 116 112.2 113.8 121.4 132.7 133.8 134.4 144.2 168.2 182.5 181.5 167.8 157.8 164.5 185.4 189.3 169 159.9 201.3 245.8 328.9 479.2 491.9 504.6 609.7 629.1 814.6 1008.8 1156.6 1407.6 1382.4 1744.9 1271.7 915.6 1023.6 1053.6 979.3 922.3 775.2 386.8 204.2 168.9 140.4 122.8 152.4 189.7 223.8 243.4 253.9 263.5 264.3 227.8 190.8 191
274.1 283.4 286.6 265.4 204.4 151.4 104.8 76.8 208.6 521 485.8 301.1 200.8 166.2 139.3 118.5 102.4 96.7 104.4 113.9 114.2 106.3 101 95.8 91.8 89.4 91.7 97.6 102.4 100.7 103.3 109.2 109.1 112.8 115.9 129.2 175.5 197.5 181.5 135.8 156.1 202.8 261.4 314.7 365.8 398.2 430.7 426.1 553.4 711.6 888.7 1047.3 1159.8 1298.5 1745.9 1792.6 2462.8 1402.8 1196.7 1465.1 1493.3 817.8 284 190.8 125 119.5 157.2 212.2 249 269.9 286.6 305.7 331.4 265.1 210 222.1
