datasets/global_precipitation_1950_2017/rasters/precip_1975-total.asc
NCOLS 720 
NROWS 347 
XLLCORNER -180 
YLLCORNER -90 
CELLSIZE 0.5 
NODATA_value -9999 
[rows 68 to 101 of 347, columns 532 to 607 of 720]
403.6 421.6 395.3 283.4 151.6 115.1 116.2 110.8 100.2 98.1 87.7 82.9 84.5 98.3 123.4 154.5 180 183.8 178.1 177.3 182.7 182.5 180.3 176.7 184.3 204.9 232.1 254.4 269.6 264.7 241.4 220.5 180.1 113.4 196.9 266.2 311 349.1 383.4 408.2 414 403.7 385.9 390.6 404.8 401.4 365.5 373.1 387.3 393.6 389.7 370.7 347.7 331.6 300.1 262.8 235.7 238.2 256.8 273.6 279.6 278.5 274.7 280.2 294.7 307.3 311.9 317.7 345.2 369.9 403.1 485.2 488.1 489.3 504 507
278 271.4 261.3 205.4 138.5 118.8 124.5 139.2 118.8 100.1 82.4 69.8 76.5 89.1 108.9 141.2 168.5 186.2 189.1 190.5 192.8 190.3 181.1 163 153 175.5 202.9 227 238.4 228.8 214.9 209.6 204.8 210.1 238.5 306.9 319.9 340 367.3 399.2 401.9 371 354.2 357.2 375.3 380.4 370.3 364.1 356.9 361.6 383 382.2 368.3 341 297.7 262.7 261.5 276.7 279.9 280.9 280.1 283.2 278.4 280.9 295.1 315.9 328.9 342.5 370.8 421.3 503.4 538 477.8 480.3 503 547.8
227.3 177.8 159.2 127.2 108 112.5 109.2 105.7 101.4 102.4 102.6 100.9 94.7 92.7 103.1 129.4 166.8 189.8 198.7 201.7 206.4 205.4 199.7 184 177.5 185.5 203.7 215.1 226.4 232 228.4 231.9 236.1 238.6 252.7 277.2 300.5 320.4 333.8 341.4 335 322.5 323.1 312.5 303.2 310.7 323.8 337.8 344.1 346 347.7 337.2 324.2 304.9 267.7 255.3 268.2 325.2 322.9 303.7 288.3 280 275.2 273.8 290.4 306 326.4 355.7 395 443.6 477.1 472.6 451.7 435.1 444 479.4
194.8 150 128.6 115.5 111.5 111.2 111.1 106.3 104.4 103.7 105.1 105.7 99.7 93.4 95.3 118.9 157.4 181.8 188.9 195.5 207.4 216 204.5 189.6 184.3 192.8 211.4 227.9 246.1 266.7 281.8 281.4 274.5 255.4 248.8 256 272.5 294.3 310.8 310.4 306.1 286.1 303.7 274.4 276.1 278.9 288.2 309.8 325.7 323 309.8 295.1 285.6 275.1 254 260.7 292.6 333.4 322.7 301.7 287.7 271.8 267.6 275.3 288.4 298 338.2 369.7 386.9 411.9 432.4 423.6 400.6 380 382.3 375
166.7 130.6 90.8 91.3 108.9 114.1 116.6 114.9 107.6 102.4 97.7 91.8 86.5 83 83.5 109.3 137.4 152.8 161.3 168.4 175.7 180.6 175.2 159.3 155.5 178.1 210.1 235.6 254.4 276.2 296.8 298.1 274 253.9 239 235.7 267.5 280.5 286.7 279.7 270 255.5 209.9 200.2 233.6 247.4 262 288.1 313.6 293.2 283 270.8 255 233.7 216.7 223.1 247.1 265.6 262.3 250.9 250.1 248.9 248.9 264.7 293.9 324.7 375 408.8 393 408.8 413.4 402.4 364 336.9 305 239.6
160.6 128.8 98.5 91.5 102.9 111.4 117.3 114.7 109.7 100.5 82.6 72.8 71.9 69.4 74.9 94.2 114.5 128.2 132 133 138.9 150.2 145.6 127.8 129.2 168.8 203.8 229.2 236.4 255.4 265.6 261.8 249.4 247 235.2 219.4 233.2 242.1 233.4 216.4 214.9 212 208.2 208.1 214.4 217.2 228.3 251.3 265.2 264.4 249.7 230.6 210 187.8 172.9 182.9 204.3 219.5 221 214 208.6 213.3 221.2 246.2 290.5 343.9 393.7 428.8 430.9 430.7 434.7 405.6 361.4 330.8 313.1 286
128.6 125.6 114.2 102.9 105.9 115.3 118.7 114.4 108.6 88.5 53.6 44.3 55.2 59.7 63.3 79.9 98.4 108.8 113.8 116.3 125.6 139.6 136.4 131.4 142.9 173.6 206.9 235.5 254.6 269 258.6 242.5 223.8 187.9 222.4 211.1 200.7 188.3 171.6 158 163.9 172.6 178.2 180 170.8 187.4 191.7 197.4 200.5 200.2 195 179.5 163.1 153.5 161.6 176.2 193.2 210.1 214.2 210.6 197.4 186.6 192.1 211.1 255.1 317.2 380.2 421.8 423.6 420.8 416.8 411.3 385.6 323.4 326.4 322.9
113.3 119.5 114.9 97.9 115.3 127.7 129.2 132.8 136.4 121.7 86.1 67.8 66 63.4 62.8 73.6 87 92.5 95.8 98.5 101.7 101.5 99.7 103.5 123.4 158.9 199.2 233.2 258.4 267.9 254.5 238.1 237.1 251 207 152.9 145.3 145.2 132.9 132.3 144.1 145.2 156.6 164.5 166.8 158 145.4 130.6 124.5 129.1 136.7 137.4 131.5 139.4 159.3 182.6 203.9 215.7 221.5 215.1 201.5 176.4 171.6 192.3 215.5 267.2 339.7 385.9 387.1 376.3 368.1 365.9 321 212.5 251.7 322
119.2 133.9 149.4 156.4 142.1 133.7 135.2 144.2 162.2 159.7 125.3 99.4 87.4 83.6 82.3 78.7 75.8 75.2 75.7 72.8 64.4 56 54.8 67.7 84.8 120.7 173.7 212.5 237.5 240.3 232.1 219.6 207.4 193.6 158.3 117.8 119 125.5 120.2 121.3 125.6 134.4 140.8 145.2 140.6 122.4 98.8 77.4 74.7 84.4 105.7 124 138.9 157.8 182.1 203.9 221.1 227.5 229.9 227.8 213.9 192.8 195.2 221 240.5 268.8 303.8 321.6 320.4 316.2 310.2 302.4 283.4 288.2 292.2 355.4
136.3 153 167.8 171.5 147.7 130.6 124.1 132.5 136.4 134.2 116.4 100.2 97 96.9 91.9 78.4 72 63.5 57.9 55.1 44.8 34.8 33.6 40.7 54.2 81.1 134.2 183.9 212.4 217.1 205.4 184.7 161 141 125.5 116.2 117.4 116.8 112.6 114.4 117.8 122.1 125.6 122.5 110.1 95.3 76.9 62.3 64.9 80.7 102.4 122.6 145.5 168.6 202.2 224.4 230.8 237.5 246.6 250.1 251.2 250.9 274.9 292.5 291.1 305.7 323.2 320.2 306.4 290.2 284.5 279 285.1 304.2 229.5 422.2
148.1 163.7 180.8 181.7 150.5 116.6 96.8 125.8 121.4 106.3 87.7 79.4 84.1 95.7 97.1 84.3 73.6 63.3 55.7 52.1 47.7 41.6 33.9 29.2 39.1 58.3 96.9 141.4 168.6 171.2 158.6 139.8 123.8 105.4 91.7 90.7 104.6 110.6 107.9 109.4 113.5 112.9 110.5 103.4 90.7 83 79.9 82.4 88.6 102 116.7 133.3 149.1 172 201.2 229.4 237.7 243.5 258.8 273.8 275.1 275.7 291.8 295.3 297.5 322.7 354 350.1 321.5 299.5 284.8 276.8 280.9 303.4 340.2 384.1
158.8 159.8 180.2 218.4 154.1 106 100.8 118.7 97.1 74.6 51.3 44.8 70.4 117.5 121.3 92.6 87.3 77 56.1 56.2 53.6 48.3 40.5 32.6 31.8 35.9 50.1 65.9 78.2 87.2 92.2 97.1 96.2 96 94.7 102 118.8 121.3 115.6 113 110.8 108 106.3 102.9 89.7 87.7 93.5 105.2 117.8 126.7 132.8 131.2 172.7 183.3 203.7 230.1 233.1 238.9 259 277.8 277.8 289.2 300.8 276.4 269.6 307.5 350 360.5 357.2 340.2 305.3 271.1 250.6 302.4 387 404.8
168.4 159.9 156.7 145.9 105.5 62.5 39.7 46.3 54.5 49.9 37.4 32.2 50.4 77.7 75.7 71.6 103.5 134.4 93 72.5 67.3 62.8 56.7 50.5 44.6 39.3 34.1 33 36.2 40.6 49.7 63.9 75.5 86.5 98.3 111.9 124.6 126.3 120 115.7 113.9 119.6 127.4 125.3 114.2 101.4 96.4 122.7 145.1 152 157.9 175.5 195.8 210.1 218.9 231.9 229.9 233.8 264.2 287.3 304.6 325.9 362 306.8 283.2 291.6 320.7 378.2 435.3 411.9 343 329.5 335.1 388.6 461.5 518.9
199.1 166.9 131.2 107 73.8 37.8 20.5 27.4 34.4 36.4 37.3 39.2 44.1 46.6 41.2 53.7 75.5 92.3 88.6 82.1 83.3 79.7 77 73.1 64.9 57.1 44.5 34.4 28.6 32 41.5 51 62.4 73.9 87.5 102.3 113.7 118 120.1 123.8 128.5 137.9 153.4 156.2 152.5 145 141.9 165.2 184.3 187 189.6 203.9 223.2 244.2 243.3 247.8 257.2 284.4 339 361.7 355.9 348.9 348.3 337.3 309.2 289.6 304.9 373.1 463.3 434.8 339.7 440.9 531.9 558.9 584.2 660.1
108.3 101.4 98.9 85.1 63.6 45.4 30.6 24.7 26.3 30.9 34.8 37.9 40.6 45.4 48.8 54.9 60.9 65.5 71.8 76.6 81.2 85.3 87.8 84 78.6 67.7 54.9 44.5 39.8 41 44.9 46.2 50.3 59.5 73.3 89 103.2 113.5 120.8 124.2 132.4 148.3 167.5 180.7 192 194.1 193.8 200.6 211.7 223.8 237.1 238.9 242.7 250.3 249.7 261.4 278.4 313.4 354.4 367.9 354.9 346.3 389 410.4 350.4 279 295.8 364.9 419.7 412.4 461.2 509.3 579.6 607.3 683.6 739.8
60.9 79.1 78.5 68 51.2 42 32.1 23.5 24 27.5 29.8 35.2 38.2 41.1 44.3 48 52 56.3 59 63.1 71.4 81.6 85.4 83.2 79.4 72.3 61.4 51.9 46.8 47.3 47.1 44.1 43.3 48.4 62.8 81.4 97.8 110.2 118.9 123.5 128 145.2 170.5 195.1 219.2 223 225.8 241.5 250.3 264.4 313.6 331.1 297.8 269.9 259.1 274.1 297.6 307.3 331.6 335.5 350.5 394.1 438.4 388.3 396.8 374.9 416.3 460.8 477.7 492.7 554.7 619.9 666.6 717.5 775 755.3
61.8 63.1 60.4 53.9 46.5 35.3 28.7 26.4 25.1 24.6 28.1 33.6 34.6 38.7 40.5 43.6 46.5 49 51.5 53.4 58.6 67.9 74.3 77.2 78.3 75 66.3 55.4 48.4 47.2 45.5 43.9 41.7 49 66.9 84 98.9 109.4 117.5 128.4 133.3 152.2 181.2 194.6 216.8 234 260 286.8 305.2 333.3 385.6 404.2 381.2 345.5 297.1 151.2 221.3 299.1 313.8 299.1 344.7 395 589 453.3 418.1 407.8 541.4 542.6 484.4 562.8 622.6 741.4 709.3 721.4 783.2 784.9
54.8 51.8 45.4 41.7 38.9 34.3 30.7 28.7 27.2 27.8 31.9 32.1 34.8 36.3 38.2 40.1 40.3 42.2 46.5 49.5 48 57.5 67.8 75.4 80 80.5 64 45.5 46.5 52.5 53.9 58.2 63.6 70.6 81 90.9 96.5 97.6 109.6 127.6 145.9 179.1 186.5 183.9 216.7 265.3 302 279.1 334.2 353.9 420.8 433.2 384.9 356.1 314.8 223.8 249.4 280.9 318.9 261.9 274.1 390.2 454.4 444.6 428.8 421.7 504.3 673.6 591.4 612.1 -9999 -9999 629.1 704.2 704.9 739.4
42 37.8 35 33.6 31.5 29 27.9 27.5 27.8 30 33.4 31.2 31.5 31.7 33.4 34.6 35.1 35.5 39.7 46.3 48.9 53.7 76.6 78.1 80.7 77.6 63 40.1 51.8 72.2 86.9 97.5 105 107.5 104.4 96.2 84.7 84.8 97.2 108.2 131.9 156.7 172.3 186.7 224.2 304.5 360.8 377.7 372.8 358.5 360.3 344.1 356.2 356.2 337.6 274.1 277.9 298.6 387.3 305.2 373 345.4 399.7 466.4 483.3 513.9 538.8 585.2 615.8 -9999 -9999 -9999 598.3 608.1 794.9 719.9
24.1 23 21.7 22 23.6 24 22.5 24.2 27.5 30.9 33.1 32.2 29.2 29 29.4 30.8 32.5 33.1 36.9 41.6 50.4 60.7 76.9 89.6 93.8 78.2 80.3 79.5 84.7 97.4 112.9 127.5 136.3 141.6 132.1 116 101 96.7 97.3 85.3 115.1 149.4 173.7 195.9 229 305.7 380.2 436.9 419.1 362 325.6 324.8 357.2 388.7 388 323.7 268.6 282.9 374.1 462.3 433.7 374.3 399.9 468.5 523.8 540.8 565.9 -9999 -9999 -9999 -9999 546.7 544.9 535.5 539 632.2
13.8 14.5 15.9 16.7 21.3 17.4 20 24.5 28.5 32.4 33.9 33.4 29.6 25.9 24.1 26.1 30.6 33.9 39 44.4 56.1 83.6 117.4 139.2 153.4 133.7 111.4 106.5 111.9 107.8 122 131.3 144.3 150.5 135.5 115.4 120.5 126.1 135.5 139.1 146.8 164.2 185.8 190.9 210.4 280.5 358.9 391.1 387.6 361.1 287.1 321.8 387.2 389.2 506.2 568.8 423.2 251.8 263.1 248.9 252.1 327.5 434.5 452.1 514.1 549.7 -9999 -9999 -9999 -9999 -9999 498.5 -9999 -9999 -9999 -9999
10.6 11.4 13.8 13.8 13.4 14.5 18.9 26 33.3 39.1 39.3 35.5 30.9 25.1 20.1 24.1 33.9 46.2 56.8 67.5 89 147.9 183.7 220.5 267 237.9 169.1 135.8 130.2 116.2 127.2 148.9 160 161.6 147.1 139.3 137.2 151.7 166.2 172.8 179.7 185.4 196.5 205.4 241.7 315 367 374.1 386.2 430.2 447.4 410.7 416.3 411 530.4 618.7 439.4 192.5 135.1 185.4 233.2 302.2 380.6 -9999 -9999 -9999 -9999 -9999 -9999 -9999 -9999 -9999 -9999 -9999 -9999 -9999
9 11 13.4 17.1 18.1 17.1 21 28.5 37.1 44.5 42.9 38.2 33.6 29.7 28.2 32.4 45.1 62.9 76.9 87.6 109.2 153.7 200.5 239.9 275.3 284.2 264 220.7 196.3 190.4 210.2 211.2 189.2 263.1 253.7 210.2 182.5 178.7 186 190.2 194 202.1 215 239.2 301.2 364.7 408.8 370.5 391.3 465.1 500.3 456.9 426.5 400.5 393.6 413.8 379.4 278 171.5 184.7 232.9 361 384.1 380.5 -9999 -9999 -9999 -9999 -9999 -9999 -9999 -9999 -9999 -9999 -9999 -9999
9.7 10.7 12.4 13.7 15.3 18.5 22.7 29 36.2 41.6 41.8 39.9 36.1 35.6 35.3 41 50.7 68.5 81.6 87.7 107.2 144.8 182.6 234.3 327.9 398.9 407.2 383.2 378.2 403.4 435.1 391.7 273 216.6 279.2 271.1 221.2 188.9 197.8 214 213.8 227.4 224 263.4 342.1 395.9 428.4 425.9 444.5 513.1 543.9 503.2 458.4 424.9 353.7 396 395.9 359.4 274.8 262.1 410.4 425.2 490.9 346.9 417.3 475.9 -9999 -9999 -9999 592.9 -9999 -9999 -9999 -9999 -9999 -9999
11.2 10.9 11.6 13.5 15.5 18.9 24.1 31.3 37.8 45.9 47.9 44.7 40.9 36.4 38.8 43.6 48.5 55.9 64.5 74.7 95.7 133.7 165.8 221.2 367.2 516 425.6 408.7 421.4 428.1 470.9 484.3 371.5 337.7 319.2 267.6 197.9 177 174.8 191.5 230.4 296.2 344.6 363 383.4 429.3 506.5 529.5 535.8 563.9 575.6 582.5 554.6 498.4 440.6 425.6 496.1 506.6 319.2 395.5 454.8 407.7 424.9 449.5 461.7 537.5 -9999 -9999 634.8 523.9 726.9 808.5 994 -9999 -9999 -9999
13.1 11.7 11.7 12.5 16.2 21.4 29.2 41.4 53.8 67.4 74.5 71.8 62.2 52.2 51 53.7 46.4 42.5 47.5 56 58.6 86.6 143.8 203.9 307.6 375.8 247.8 352.2 376.4 374.3 381.1 370.8 365.3 350.1 315.5 254.4 181.5 196.5 170.3 178.7 288 405.3 444.2 463.6 469.1 529.6 639.8 643.6 613.5 590.4 588 606.1 613.4 568.9 510.6 501.5 564.7 595.5 440.8 414.2 608.8 556.6 541.1 627.6 535.6 601 652.7 712.5 822.6 853.9 824.8 -9999 -9999 -9999 -9999 -9999
16 14.2 12.3 13.8 18.5 30.8 50.1 75.4 97.8 113 119.7 119.9 113.6 105.3 92.9 68.4 41.2 35.8 41.8 53.9 48.9 75.8 109 158.2 200.1 270.4 316.6 359.6 377 352.2 360.4 369.2 372.7 375.7 336 286.8 264.9 256.7 282.7 342 401.6 493.9 557.1 595.8 591.9 610.2 646.3 640.1 600.7 566.7 574.9 583 582.1 605.6 649.2 580.4 606.9 600.5 561.9 581.4 1381.2 764.5 888.1 711.3 681.2 759.3 758.3 924.4 1144.6 -9999 -9999 -9999 -9999 -9999 -9999 -9999
31.2 26.7 18.7 17.2 32.1 68 105.9 141.3 165 172.7 179.9 176.6 176.2 177.7 162.1 112.9 59.2 51.2 68.9 84.4 105.1 136 175.4 223.4 274.8 310.8 375.9 437 461 489.8 442.4 437.2 463.2 466.8 448 352.4 363.3 381.1 427.7 477.3 509.8 615.7 665.6 708.3 661.6 665 671.4 655.9 588.8 526.7 522.1 545.5 556.2 556.8 565.9 552.1 549.1 539.5 510.6 510.3 565.1 613 698 733.2 842.2 983.2 827.7 948.8 -9999 -9999 -9999 -9999 -9999 -9999 -9999 -9999
83.8 63.5 45.2 32.3 99.5 159.6 206.9 228.9 230 233.5 230.4 226.5 227.9 236.3 224.8 179 142.8 140.1 171.1 217 241.5 262.9 300.3 370.6 420.9 437.9 461.4 494.3 508.8 504.1 524.4 560.4 579.4 565.9 516.7 454.1 451.4 466.9 507.5 560.2 633.2 700.7 705.3 696.3 671.1 676 693.9 714.7 642.1 502.2 454.9 522.2 573.4 572.9 561.6 555.1 516.8 507.9 472.7 509.5 589.6 625.6 731.4 899.7 987.1 983 1046.9 -9999 -9999 -9999 -9999 -9999 -9999 -9999 -9999 -9999
175.1 165 159.1 203.7 285.8 303.4 295.3 289.2 283.9 278 271.7 267 264.9 258.4 248.1 238 245.2 283.3 346.3 398.4 418.6 423.6 429.9 461.7 493.8 499.5 510.7 525.7 530 543 608 655.2 620.5 608 587.9 568.1 569.9 655.8 601.2 592.7 645.9 748.9 802.5 746.1 658.5 607.3 668.9 830 809.7 569.4 476 560.5 626.3 621.7 576.1 555.3 529.2 521.8 532.3 563.8 589.8 708.4 799.3 863.7 887.7 995.5 1048.3 -9999 -9999 -9999 -9999 -9999 -9999 -9999 -9999 -9999
257.8 258.4 271.7 301.7 318.9 331.5 328.1 325.4 322.1 316.4 308.2 299 292.3 287.4 289 308.6 351.2 409.7 462.7 480.8 479.9 469.5 462.4 469.7 488 511.3 540.6 561.8 575.3 606.6 650.7 674.2 662.7 644.2 628.5 592.7 579.4 602 604.2 605.5 658.6 821 891.4 846.1 674.9 617.9 673.4 886 885.2 739 709.1 637.9 618.4 593.2 590.7 545.1 543.8 591.4 544 589.4 609.8 725 821.3 794.8 815 909 887.5 803.6 893.8 -9999 -9999 -9999 -9999 -9999 -9999 -9999
314.7 312.5 311.1 312.5 324.2 334.5 339.7 343.2 345.3 346.2 343 334.6 326 326.1 347 387.4 449.7 490.3 503.3 495.5 489 475.9 467.8 467.8 482.7 515.4 562.8 597.3 621.1 676.7 717.9 727.7 720.6 692.2 685.7 660.1 589.4 559.6 614.5 797.8 534.3 685.4 820 854 848.7 739.5 737.6 795.3 804.2 725.3 708.8 705.7 693.9 662.3 644.1 674.5 627.8 601.2 615.1 626.7 637 775.6 708.9 733.1 787.4 937.8 885 787.7 907.2 -9999 -9999 -9999 -9999 -9999 -9999 -9999
346.4 342 339.5 335.6 328.2 335.5 340.9 349.2 363.7 374.8 381 385 392.3 411.6 444.6 489.6 529.9 550.1 551.2 523.7 492.3 488.5 492.9 491 499.7 533.5 579.6 608.6 646.5 698.8 735.4 744.3 760.4 753.1 785.7 785.1 655.7 547.1 604.3 623.1 411.3 707.6 856 919.3 942.6 837 785.6 765.5 770.7 764.6 790 782.9 684 692.2 697.8 764.5 732.5 680.7 748 824.6 825.3 863.2 949.3 914.7 906.8 914.6 926.6 895.1 868.5 -9999 -9999 -9999 -9999 -9999 -9999 -9999
381.2 374.9 361 354.8 334.3 342.2 334.6 349.4 370.4 397.2 417 434.7 461.6 502.7 549.1 582.9 586 573.2 570.4 525.8 478.6 471 492.1 496 528.7 579.2 607.3 627.1 654.8 692.5 739.2 765.8 814.5 860.1 898.5 871.5 793.9 747 803.3 942 925 900 952.5 1019.3 976.8 873 681.1 710.2 781.3 805.3 877.2 862.9 777 732.2 698.3 784.6 800.3 844.4 938.2 945 996.2 944.3 930 1009.8 1087.3 1097.8 1178.8 1103.9 1059.7 1067.9 -9999 -9999 -9999 -9999 -9999 -9999
