datasets/global_precipitation_1950_2017/rasters/precip_1964-total.asc
NCOLS 720 
NROWS 347 
XLLCORNER -180 
YLLCORNER -90 
CELLSIZE 0.5 
NODATA_value -9999 
[rows 34 to 67 of 347, columns 608 to 683 of 720]
246.1 254.8 256.4 258.4 259.5 261.7 261.9 262.7 265.2 266 271.5 266.1 265.1 254.1 246.2 236.7 228.4 223.3 219.8 217.4 217.9 219.9 223.2 226.3 230.1 232 234.5 236.3 238.3 239.5 240.3 238.4 238.7 240.5 242 246.6 251.5 253.5 255.3 253.9 252.6 252.1 254.4 257.5 262 264 268.8 270.6 273.6 274.2 277 279.6 284.6 288.6 286.9 280.8 274.5 268.2 262.8 261.5 261.1 265 271.7 282.1 293.3 307.2 323.3 339.3 354.6 365.1 369.8 362.6 346.5 328.8 311.6 293.1
243.3 248.2 250.7 250.3 247.9 245.3 245.4 249.8 258 268.5 280.9 292.6 300.4 294.9 287.6 277.7 264.7 245.7 235.3 227.1 222.4 221.6 224.2 229 233.2 234 233.5 231.8 230.1 228.8 226.5 226.3 224.6 223.9 222.5 222.6 225.2 224 224.3 222.8 220.7 221.5 222.4 226.2 234.2 242.2 250.3 257.6 266.2 274.4 284.5 296.2 309.5 322.1 313.8 298.2 283.8 272 263.9 260.2 258.9 260.3 264.3 269.9 277.2 286.8 296.5 302.8 308.1 308.4 303.1 294.1 284.1 276.9 273.3 270.5
238.1 243.9 247.2 246.7 242.7 235.6 233.4 235.8 248.2 264.7 285.4 308.8 334.9 344 328 297.3 268.6 244.5 229 220.1 215.6 214.5 208.4 232.3 246.2 239.2 233.6 229.6 227.3 223.6 220 217.1 214.3 210.3 205.5 202.1 197.4 191 186.5 185.3 187.4 191.2 195.4 202.7 208.8 217.9 229 239.3 250.3 260.5 270.9 281.3 290.6 295 292.1 282.4 271 259.9 252.6 248.9 248 249.9 251.8 254 257.3 261.7 266 270 272.4 269.4 261.1 249.4 239.1 236.9 242.6 248.8
222.1 235.5 254.5 272.9 280.1 270.1 252.5 238.7 235.8 240.7 254.8 276 297.2 303.4 286.8 256.2 228.4 211.1 202 203.3 206.1 210.9 215.1 221.5 227.3 229 232 232.2 232 229.4 222.1 214 207.4 202.7 200.4 196.5 192.7 183 159.5 156.2 169.3 178.2 184.9 190.5 197.8 205.2 212.2 219.8 225.4 234.2 242.4 251.5 259.9 265.6 265.4 260.1 251.2 241 234 233.6 236.9 238.3 241.5 243.4 245.5 248.9 252.6 255 256 256.5 254.1 250.6 248 247 248.2 249.9
182.7 188.6 228.7 305.4 374.3 320.9 242.4 206.6 200.5 198.5 197.4 195.2 194.5 179.5 148.5 121.1 119.1 139 161.3 181.3 194.5 205.2 210.3 211.4 215.9 227.8 241 252.3 253.4 247.7 234 216.3 204.3 197.8 194.2 192.5 193.1 194.2 184.4 177.3 181.4 185.7 189.5 193.2 198.2 204.5 208.6 209.9 211.8 215.4 224.3 238.6 252.5 263.6 268.3 267.5 260.1 248.1 236.1 232.3 236.2 240.2 243.2 242.3 245.3 248 251.7 255 258.1 258.9 258.2 256.2 253.5 251.2 250 252.8
166.3 158.7 184.3 229.4 255.9 235.9 194.2 177.8 176.9 165.2 149 148.9 159.9 145 114.4 95.1 106.3 129.8 153.8 177.6 197.4 212.6 217.6 218.4 231.2 253.7 271.5 284.1 278.9 263.6 236.3 216.6 203.3 193.2 186.6 179.7 179.8 203.6 226.3 227.3 220.5 211.3 205.6 202.4 203.5 204.7 206.9 208.3 209.3 213.2 226.3 247.8 265.5 283 296.8 305.1 304.7 295.6 287.8 280.7 274.4 270.1 265.2 263.4 264.8 267 264.4 267.3 264.7 265.2 264.4 262.3 256.9 255.1 255.2 257.3
187.3 189.5 198.7 209.3 215 212.1 199.1 186.4 172.6 155.8 140.3 139.4 144.7 148.2 153.8 169.4 178.6 182.2 187 196.7 205 224.3 252.3 282.6 308.3 325 330.9 335.5 335.5 289.6 222.9 185.7 196 200.8 201.7 206.6 228.8 274.5 294.1 279.1 257.2 236.8 221.3 213.5 209.7 206.8 205.3 203.7 203.8 213.7 231.4 257 282 305.6 328.4 346.4 359.1 356.1 340.4 322.8 312.1 302.9 294.3 291.7 297.2 299.1 298.3 299.5 297.6 291 284.7 276 269.7 265.3 264.6 273
200.7 202 201.8 202.5 200.5 194.8 185.8 176.4 169.6 169 169.3 169.5 171.3 174.8 181.8 193.3 205.8 214.2 218.6 211 197 222.2 283 345.6 394.2 420.1 396.8 362.5 337.9 307.4 269.9 240.2 228.5 224.2 226.4 235.1 248.2 263 269.7 265.2 249.7 234.1 221.8 213.6 211 211.1 205.7 198.2 194.9 207.7 232.3 261.3 288.6 312.5 334.9 351.8 359.1 357.9 346.5 334.9 323.6 306.4 283.5 263.2 283.8 319.9 342.3 348.3 341.3 329.5 311.6 292.8 272.3 256.6 254.2 260.8
233.8 235 231.1 224.4 213.2 199.8 186.6 177.4 177.1 184.7 197.1 198.7 200.2 198.1 201.7 209.6 221.5 232.6 251.9 280.3 323.7 382.1 439.1 472 465.9 444.3 414.7 381 358.1 331.8 312.1 294.2 281 276.1 279.3 285.2 291.4 293.9 292.5 277.7 260.1 240 216.4 197.4 191.1 198.7 217.5 231 231.1 236.7 251.7 272.2 294.7 315.5 329.2 335.9 343.6 341.6 336.9 335.6 338.5 332.8 318.8 320.2 356.1 399.6 416 405.7 387.5 350.8 335.9 304 239.4 191 197.2 226.6
294.3 288.7 289.3 278.7 257.6 236.5 212.7 192.9 180.8 176 177.1 179.5 188.3 197.6 208.1 217.3 228.7 244.3 275.5 328.1 394.3 478.4 550.9 564.2 520.1 470.6 426.4 390.6 368.2 353 348.4 349.3 361.5 382.6 408 427.2 433.1 431.5 422.1 395.6 359.5 304 246.3 198.9 166.2 158.5 176.6 226.1 244 253.3 267.1 287.6 311.9 328.4 323.1 292.1 267.8 291.4 324 348.6 374 404.3 444.4 511.1 592.6 634.6 581.9 -9999 -9999 -9999 -9999 357.5 -9999 226.1 230.6 268
324.7 336 335.6 326.3 306 278.9 249 221.2 196.2 181.6 179.9 188.5 199.5 210.8 221.9 230.8 240.8 257.2 285.8 319.7 359 400.7 432.8 447.6 447.1 423.9 391 368.6 356.1 358.5 373.9 400.8 439.4 484.4 514.7 524.2 540.5 536.5 530.9 512.3 480.6 419.1 348 274.8 217.5 193.1 203.6 225.5 241.2 252.8 267.5 287.8 316.3 343.2 383.2 406.1 388.8 372.1 351 365.7 390.3 410.1 423.3 464.2 527.7 -9999 -9999 -9999 -9999 -9999 -9999 -9999 341.5 325.3 331.2 -9999
340.7 352.3 360.4 357.9 344.9 323.5 295.4 270.1 246.4 231.1 226.5 231.7 235.9 236.2 237.9 240.8 248.2 266 285 298.8 305.5 318.1 340.5 364.3 373.7 369 359.3 351.4 353.6 368.3 395.5 432.2 479.3 521.1 551.6 563.5 558.2 547.8 549.9 554.7 549.3 526 486 418.2 349.7 307.8 302.7 312.1 314.8 309.5 295.5 288.8 297.2 319.7 355.7 280.6 369.2 354.8 348.9 372.3 374.3 366.6 338.4 314.1 -9999 -9999 -9999 -9999 -9999 -9999 -9999 -9999 -9999 338.7 -9999 -9999
362.5 368 371.8 368.1 361.1 352.6 339.4 320.1 298.7 278.9 263.5 255.9 253.3 254.7 259.4 269.2 281.8 298.2 309.8 312.1 311.1 309.2 324.3 340.2 345.2 340.3 332.7 329.1 336.2 365.4 406 455.7 508.1 551 586.2 611.4 618.7 606.4 593 595 610.1 616.4 589 544.9 493.3 454.4 451.7 451 441.1 428.3 388.7 351.3 317.8 296.5 304 308.6 315.4 331.3 354 377.5 387.8 381.8 -9999 -9999 -9999 -9999 -9999 -9999 -9999 -9999 -9999 -9999 -9999 -9999 -9999 -9999
397.9 404.4 404.6 399.7 384 363.3 353.6 353.4 340.8 325.2 313 303 296.9 295.5 298.2 306.4 320.7 338.6 350.1 357.2 368.6 383.4 391.4 384.6 365.7 344.7 329.1 318 334.4 371.2 422.2 474.8 522.2 560.5 589.8 609 608.3 590.7 568.9 571.8 603.1 624.3 606.2 572.4 535.1 506.1 487.3 498.1 534.1 541.5 454 411.6 445.5 349 276.4 280.5 296.3 322.5 363.1 409.1 -9999 -9999 -9999 -9999 -9999 -9999 -9999 -9999 -9999 -9999 -9999 -9999 -9999 -9999 472.8 555.2
426.8 437.7 441.9 433.1 423 412 394.4 380 372.3 365.6 356.8 349.8 345.2 340.5 337.2 339 346.3 356.4 372.3 396.7 428.6 464.6 478.5 448.5 408.4 377.3 358.6 354.5 371.5 409.8 454.3 499.4 535.4 560.2 578.3 585.4 575 -9999 -9999 -9999 -9999 -9999 -9999 -9999 548 -9999 -9999 -9999 -9999 430.2 -9999 -9999 -9999 -9999 -9999 -9999 -9999 295.6 335 379.7 411 425 -9999 -9999 -9999 -9999 -9999 -9999 -9999 -9999 -9999 -9999 1028.7 642.5 626.2 693.9
445.8 467 488.3 474.6 436.7 424 408.2 387.3 373.5 371.8 368.7 365.7 363.5 361.9 361.2 362 369 377.1 388.7 403.4 424.6 442.4 444.9 430.4 410.6 396 390.2 399.8 424.3 461.3 499.8 527.8 552.4 565.6 577.2 587 -9999 -9999 -9999 -9999 -9999 -9999 -9999 -9999 -9999 -9999 -9999 -9999 -9999 -9999 -9999 -9999 -9999 -9999 -9999 -9999 -9999 -9999 -9999 -9999 -9999 -9999 -9999 -9999 -9999 -9999 -9999 -9999 -9999 -9999 -9999 895.7 1058.4 1000.8 947.1 959.3
442.8 451.7 459.5 447.3 422.7 404.9 388.5 371.4 361.7 361.5 365 365.9 366.7 368.8 372.9 379.4 385.8 391.8 395.4 396.8 400.6 400 396.6 390.6 384 388.9 405.7 427.8 459 490.8 523.9 553.1 572.6 -9999 -9999 -9999 -9999 -9999 -9999 -9999 -9999 -9999 -9999 -9999 -9999 -9999 -9999 -9999 -9999 -9999 -9999 -9999 -9999 -9999 -9999 -9999 -9999 -9999 -9999 -9999 -9999 -9999 -9999 -9999 -9999 -9999 -9999 -9999 -9999 363.5 359.9 520.2 733.2 914.6 1054.8 1174.8
418.8 413.3 392.9 361.1 356.5 367.7 369.8 366.7 360.3 356.8 364.5 375.8 381.6 383.2 388.1 396.7 401.9 404.4 399.7 396.2 387.5 376.8 370.8 360.7 355.4 373.9 407.4 441.9 472.9 500.4 519.3 539 -9999 -9999 -9999 -9999 -9999 -9999 -9999 -9999 -9999 -9999 -9999 -9999 -9999 -9999 -9999 -9999 -9999 -9999 -9999 -9999 -9999 -9999 -9999 -9999 -9999 -9999 -9999 -9999 -9999 -9999 -9999 -9999 -9999 -9999 498.8 552.5 568.6 577 614.8 681.1 786.5 922.7 1081.3 1279.3
413.8 406.2 395.7 382.5 376.7 378.3 385.5 383.5 375.4 370.8 387.6 406.2 417.6 421.5 423.8 426.7 426.6 422.7 413.6 401.4 388.7 375.3 366.5 362.1 367 383.9 421.6 464.6 494.7 510.4 -9999 -9999 -9999 -9999 -9999 -9999 -9999 -9999 -9999 -9999 -9999 -9999 -9999 -9999 -9999 -9999 -9999 -9999 -9999 -9999 -9999 -9999 -9999 -9999 -9999 -9999 -9999 -9999 -9999 -9999 -9999 -9999 -9999 -9999 -9999 -9999 537 666.4 770.2 826.3 846.2 857.1 867.1 912 1009.2 1157.4
424.4 434.2 425.9 420.5 419.8 420.1 430.2 449.2 433 423.2 435.4 455.1 461.1 466 463.8 458.7 450.7 439 424.9 413.4 400.2 384.7 371.9 352.1 322.5 355.2 444.9 548.2 602.1 -9999 -9999 -9999 -9999 -9999 -9999 -9999 -9999 -9999 -9999 -9999 -9999 -9999 -9999 -9999 -9999 -9999 -9999 -9999 -9999 -9999 -9999 -9999 -9999 -9999 -9999 -9999 -9999 -9999 -9999 -9999 -9999 -9999 -9999 -9999 576 599.6 716.6 901.3 1071.2 1127 1074.1 957.9 843.7 778 806.8 862.2
420.4 413.4 428.7 450.9 459.7 469.3 490.4 513.2 516.8 502.7 502.3 498.4 488.8 479.5 485.5 476.8 462.6 447.4 438.6 424.4 409 398.6 384.5 370.7 360.3 383.2 457.6 561.8 -9999 -9999 -9999 -9999 -9999 -9999 -9999 -9999 -9999 -9999 -9999 -9999 -9999 -9999 -9999 -9999 -9999 -9999 -9999 -9999 -9999 -9999 -9999 -9999 -9999 -9999 -9999 -9999 -9999 -9999 -9999 -9999 -9999 -9999 -9999 -9999 701 826.4 1014.4 1268.7 1532.2 1568.8 1296.4 1048.3 840.5 735.2 725.7 698.1
449.2 433.5 444.5 477.1 503 523.1 538.6 551 561.4 562.5 554.3 543.4 529.5 515.9 507.2 489 467.1 448.2 437.5 423.9 413.9 399.2 397.4 401.1 394 378.8 -9999 -9999 -9999 -9999 -9999 -9999 -9999 -9999 -9999 -9999 -9999 -9999 -9999 -9999 -9999 -9999 -9999 -9999 -9999 -9999 -9999 -9999 -9999 -9999 -9999 -9999 -9999 -9999 -9999 -9999 -9999 -9999 -9999 -9999 -9999 -9999 -9999 549.8 657.9 818.8 1009.8 1194.6 1253.3 874.3 998 1009.8 951.4 899.9 849 783
524.9 530.8 522.8 528.2 547.2 565.3 566 559.7 562.2 575.2 586.6 590.2 593.3 586 569.2 533.3 489.9 456.2 432.5 407.3 366.9 363.8 430.2 447.3 -9999 -9999 -9999 -9999 -9999 -9999 -9999 -9999 -9999 -9999 -9999 -9999 -9999 -9999 -9999 -9999 -9999 -9999 -9999 -9999 -9999 -9999 -9999 -9999 -9999 -9999 -9999 -9999 -9999 -9999 -9999 -9999 -9999 -9999 -9999 -9999 -9999 -9999 -9999 654.5 692.2 739.9 838 912.3 932.7 948.8 933.2 973.3 1034.4 1067.5 1064.2 1019.8
537.8 533.6 527.7 530.7 544.3 555 547.7 536.4 535 580.5 589.8 607.9 640.3 648.8 628.6 600.7 550.6 496.5 463.6 452.6 461 512.7 -9999 -9999 -9999 -9999 -9999 342.7 -9999 -9999 -9999 -9999 -9999 -9999 -9999 -9999 -9999 -9999 -9999 -9999 -9999 -9999 -9999 -9999 -9999 -9999 -9999 -9999 -9999 -9999 -9999 -9999 -9999 -9999 -9999 -9999 -9999 -9999 -9999 -9999 -9999 -9999 -9999 700.4 706.9 729.9 706.2 738 758 817.5 910.1 1061.7 1203.7 1318.2 1369.1 1319.7
639.8 501.2 479.9 475.6 479.9 497.4 513.1 509.6 520.3 540.2 555.9 576.3 594.1 604.4 608.3 607.2 592.1 560.7 531.9 510.3 496.6 512.4 549.9 536.9 493.3 443.9 -9999 -9999 -9999 455.9 -9999 564.7 -9999 -9999 -9999 -9999 -9999 780.5 -9999 -9999 -9999 -9999 -9999 -9999 -9999 -9999 -9999 -9999 -9999 -9999 -9999 -9999 -9999 -9999 -9999 -9999 -9999 -9999 -9999 -9999 -9999 -9999 -9999 -9999 698.6 757.9 798.3 842.9 929.1 1002.5 1115.5 1219.2 -9999 -9999 -9999 -9999
411.2 416.3 412.4 409 424.6 463.2 529.7 531 518.1 532 542.6 543.8 546.1 561.7 597.1 628.5 626.2 585.8 569.2 562 550.1 543.4 540.8 527.6 509 501.2 499 -9999 -9999 497.8 506.4 513.3 555.1 -9999 -9999 -9999 -9999 -9999 -9999 -9999 -9999 -9999 -9999 -9999 -9999 -9999 -9999 -9999 -9999 -9999 -9999 -9999 -9999 -9999 -9999 -9999 -9999 -9999 -9999 -9999 -9999 -9999 -9999 -9999 787.4 882 1028.6 1205.6 1411.1 1459.3 1387.9 1319 -9999 -9999 -9999 -9999
224.3 318.3 368 373.2 414.4 413 448 468.9 486.3 502.7 521.2 532.2 534.2 555.6 598.7 649.7 699.9 725 634.6 563.9 536.8 557.1 550.4 523.8 518.2 538.4 555.9 562 557.1 561.3 558.9 545.7 552.8 560.4 450.4 -9999 655.9 751 -9999 -9999 -9999 -9999 -9999 -9999 -9999 -9999 -9999 -9999 -9999 -9999 -9999 -9999 -9999 -9999 -9999 -9999 -9999 -9999 -9999 -9999 -9999 -9999 -9999 -9999 801.4 841.4 900.2 983.4 1922.9 1852.5 1406.6 1324 -9999 -9999 -9999 -9999
331.7 362.9 394.9 430.6 419 383.2 405.2 430 461.6 495.5 516.4 539.3 549.1 529.4 543.8 635.2 683.5 740.5 695.3 632.5 611.6 609.8 599 569.7 536.2 539 571.9 596 636.8 672.5 666.2 627.6 595.3 555 -9999 -9999 652.6 759.2 831.1 -9999 -9999 -9999 -9999 -9999 -9999 -9999 -9999 -9999 -9999 -9999 -9999 -9999 -9999 -9999 -9999 -9999 -9999 -9999 -9999 -9999 -9999 -9999 -9999 -9999 737.7 642.2 784 1011.4 1109.7 -9999 -9999 -9999 -9999 -9999 -9999 -9999
388.4 396.8 394.5 403.4 403.8 406.2 420.1 430.1 441.7 504.3 538.3 576.4 583.7 577.2 619 625 665.9 698.9 699.4 670.3 664.8 669.5 675.2 684.6 586.7 543.1 608.8 680.2 786.2 877.2 870 750 645.4 603.3 586.7 594.1 716.3 888 -9999 -9999 -9999 -9999 -9999 -9999 -9999 -9999 -9999 -9999 -9999 -9999 -9999 -9999 -9999 -9999 -9999 -9999 -9999 -9999 -9999 -9999 -9999 -9999 -9999 -9999 -9999 862.7 919.8 1062.4 1121.3 -9999 -9999 -9999 -9999 -9999 -9999 -9999
387.8 388.4 397.1 409.3 407.5 361.7 437.4 482.7 537.7 585.3 580.1 616.2 652.7 663.1 649.9 658.7 690.7 725.9 746.4 721.9 708.3 697.2 715.9 792.7 795.9 779.1 784 834.5 958.1 1100.8 1113.9 932.3 745 656.8 -9999 -9999 757.2 790 617.5 -9999 -9999 -9999 -9999 -9999 -9999 -9999 -9999 -9999 -9999 -9999 -9999 -9999 -9999 -9999 -9999 -9999 -9999 -9999 -9999 -9999 -9999 -9999 -9999 -9999 -9999 741.6 930.6 1180.1 -9999 -9999 -9999 -9999 -9999 -9999 -9999 -9999
379.6 384.5 396.3 417.8 434.6 456 480.3 541.5 574.9 623.7 668.6 656.8 741.6 743.8 697.2 683.3 682.3 672 689.2 710.5 708.1 686.8 697.8 772.6 874.3 1043.5 888.5 805.9 876.4 1166.4 1311.6 1124.9 908.4 -9999 -9999 -9999 788.5 928.5 783.4 -9999 -9999 -9999 -9999 -9999 -9999 -9999 -9999 -9999 -9999 -9999 -9999 -9999 -9999 -9999 -9999 -9999 -9999 -9999 -9999 -9999 -9999 -9999 -9999 -9999 -9999 612.1 1071.4 -9999 -9999 -9999 -9999 -9999 -9999 -9999 -9999 -9999
369 367.5 378.2 407.8 442.3 458.3 477.8 506 536.6 545.7 520.7 563.8 628.5 670.7 689.6 686.2 654.9 694.2 708.1 707.7 696.7 698.7 722 744.7 742.1 689.9 645.8 696.9 716.3 873.9 1013.1 1019.6 946.2 -9999 -9999 -9999 654.1 565 701 -9999 -9999 -9999 -9999 -9999 -9999 -9999 -9999 -9999 -9999 -9999 -9999 -9999 -9999 -9999 -9999 -9999 -9999 -9999 -9999 -9999 -9999 -9999 -9999 -9999 1754.8 -9999 -9999 -9999 -9999 -9999 -9999 -9999 -9999 -9999 -9999 -9999
363.5 355.4 362.9 390.1 422.5 422.7 408 480.3 466.3 473.8 462.1 503.6 598.4 645.6 704 792.3 842.9 814.1 774 737.2 697 684.6 710.8 731.6 722.5 676.3 661.3 712.7 779.1 854.1 900.4 884 861.5 -9999 -9999 -9999 909.4 603.4 739.5 722.1 -9999 -9999 -9999 -9999 -9999 -9999 -9999 -9999 -9999 -9999 -9999 -9999 -9999 -9999 -9999 -9999 -9999 -9999 -9999 -9999 -9999 -9999 2081.9 2007.6 -9999 -9999 -9999 -9999 -9999 -9999 -9999 -9999 -9999 -9999 -9999 -9999
382.8 376.6 366.6 383.8 402.5 401.2 389.1 371.1 389.5 421.1 456.1 469.5 522.3 629.8 735.6 837.9 898.2 855.4 807.7 766.9 724 721.2 744.9 774.5 829.8 820.2 801.2 822.7 838.7 830.6 791.4 729.7 727 -9999 -9999 -9999 1050.2 978.1 1024.6 985.5 -9999 -9999 -9999 -9999 -9999 -9999 -9999 -9999 -9999 -9999 -9999 -9999 -9999 -9999 -9999 -9999 -9999 -9999 -9999 -9999 -9999 -9999 -9999 -9999 -9999 -9999 -9999 -9999 -9999 -9999 -9999 -9999 -9999 -9999 -9999 -9999
