datasets/global_precipitation_1950_2017/rasters/precip_2009-total.asc
NCOLS 720 
NROWS 347 
XLLCORNER -180 
YLLCORNER -90 
CELLSIZE 0.5 
NODATA_value -9999 
[rows 306 to 339 of 347, columns 608 to 683 of 720]
518.5 522.5 528.7 532.1 535.7 539.1 540 542.9 545.5 547.4 548.9 549.5 550.8 551.4 551.3 551.2 550.2 550 551.2 552 553.4 554.4 555.7 556.4 556.3 555.2 555.1 564.3 563.7 558.7 561.8 563.7 564.8 564.9 565.9 566.7 567.5 568.7 570.8 571.9 572.2 573.6 575.1 576.1 577.9 579.2 579.9 581.1 582.6 584.1 584.6 586.3 588.2 589.8 587.9 590.2 589.8 591 592.5 592.7 592 592.2 594.3 597.2 601.3 605.8 610.9 615.2 621.4 626.8 625.2 620.6 -9999 -9999 -9999 -9999
515.6 519.2 524.4 530 535.3 537.8 540.9 542.8 544.7 546.2 547.3 547.7 549.2 549.6 549.9 550.1 550.2 550.6 551 552 553.1 554.2 554.4 554.9 555.1 555 555.5 556.7 558.6 560.8 563.2 564.8 566.2 566.3 567 568.4 568.4 570.7 572.6 574.6 576.2 577.4 578.8 580 580 582.1 582.7 583.8 584.6 586.2 587.2 588.7 589.1 589.6 588.9 587.3 583.6 582.6 582.8 581 580.8 581.2 580.6 580.7 581.8 584.8 588.5 591 592.5 593.2 589.8 583.1 569 556.9 -9999 -9999
507.1 513.4 520.7 527.3 533.4 536.8 538.5 541.6 544.1 546.4 548.3 548.3 549.8 550.9 551.3 552.1 552.7 551.9 552 552.6 553.2 553.4 554.3 555 556.7 557.1 558.1 559.5 560.3 561.4 562.4 564.7 565.2 567.6 568.8 569.9 572.2 573.4 574.7 576.1 577.8 579.1 580.6 581.9 582.1 582.7 584.4 583.2 586.3 585.4 585.1 583.7 583.5 584.3 584.8 573.3 570.3 581 579 576.6 574.9 571.3 571.4 569.6 565.3 564.8 563 559.7 557 552.8 547.3 539.3 529.8 519.1 504.4 489.7
489.7 499.9 509.8 504.3 522.9 525.4 528.2 531.9 537 541.3 545.2 548 550.2 551.6 552.2 552.8 553 553.6 553.7 554 554.2 554.3 555.2 556 557.3 558.4 559 560.2 561.9 563.1 565.4 567 568.5 569.6 571.4 573 573.9 575.3 576.9 578.2 578.1 579.7 580.5 579.9 578.2 577.3 575.6 573.6 571.7 569.2 568.9 568.8 568.8 570.5 569.8 569.1 568 566.9 565.4 564 559.9 560.3 553.8 547.4 545 542.1 538.6 535.1 528.2 520.4 509 506 496.2 485.6 473.8 461
454.2 466.2 453.8 482.1 486.4 490 496.1 507.8 518.5 516.4 530.3 532.8 537 542.6 547.5 549.1 551.9 552.9 553 554 554.9 555.1 556 557.1 558 559.6 561.3 563 564.4 565.9 567.2 565.6 569.9 570.7 571.4 571.6 571 570.4 572.1 571 569.2 568.1 565.6 565.7 560 559.7 553.2 552.6 551.4 551.8 551.2 550.8 549.7 548.6 547.8 546 545.4 543.9 541.3 539.2 536.7 530.2 525.6 521.3 517.6 512.8 507.3 499.5 491.8 486.6 480.1 463.8 463 452 442.2 432.6
388.8 398.1 406.2 411.7 419.2 431.3 444.4 455.5 462.1 467.8 473.9 484.7 495.9 507 515.6 525.1 523.2 537.5 540.3 543.2 548.4 549.4 551.2 554.3 557 559.5 561.6 562.9 562 562.6 561.8 561.2 560.2 557.9 556.2 553.9 554.7 551.9 545.1 543 543.2 543.9 544.4 534.4 536.9 533.9 533.3 532.7 532.3 532 531.4 531 530.3 529.8 528.9 527.8 526.8 525.7 524 513.3 501.8 490.9 484.1 480.5 475.8 471.8 467.5 461 454.8 448.5 441.3 434.1 425.7 420.3 412.7 405.5
305.9 312.5 319.4 327.7 336 343.4 352.5 361.2 370.4 382.6 392.2 402.3 413 423.7 436.3 447.2 460.8 476.4 487.1 491.9 500.1 505.1 515.8 518.6 528.1 536.4 542.8 543.3 542.9 545.3 547.7 549 522.1 542 534.9 517.5 516.2 512.6 507.1 506.5 506.1 505.4 501.9 501 500 499.4 499.5 499.2 498.8 499.1 499.1 499.1 472.8 470.9 468.6 491.7 488.9 481.4 470.3 460.6 455.6 452.8 449 445.3 440.5 434.2 425.4 421.1 418.7 410.5 405 397.1 391.2 385 377.7 372.3
224.9 230.8 235.9 240.2 245.1 255.3 262.4 269.9 276.4 281.3 290.6 295.2 303.5 312.3 322.8 335.1 348.5 362.7 376.1 391.6 408.3 419.4 428.4 438.6 453.2 467.1 473.4 483 489.8 495.4 498.3 496.8 495.2 493.5 473.8 466.6 464.1 461.5 449.6 447.7 445.9 439.2 437 435.8 435.1 429.2 428.1 427.1 434.6 433.6 433.2 432.2 432.3 430.7 430.2 420.7 422.3 417.4 414.9 412.3 409.4 406 401 394.4 392.3 388.8 385 380 375.2 369.6 364.5 359.3 354.7 350.7 346.8 344
163.8 167.9 171.4 174.2 177.6 181.2 180.8 185.7 191.1 193.3 194.4 195.6 197.6 199.9 203.2 207.2 215.2 228.2 240.2 255.9 274.7 292.7 306 320.6 335.8 350.8 362.1 375.5 386.7 395.4 394.8 400.4 399.5 398.9 396.5 393.7 390.9 388.1 375 371.5 366.9 364.6 362.5 361.3 360.4 360.8 360.8 361.5 362.8 364.1 365.3 366.1 353.6 362.9 358.9 355.8 353 350 348.9 347.9 346.6 345.1 342.8 340.6 337.7 335.4 332.7 332.9 329.7 326.7 324.2 321.8 319.7 319.3 319.6 320.2
114.3 111.7 109.3 106.6 108.6 114.1 120 121.3 119.1 116.8 114.2 111.9 109.4 107.9 106.6 109.1 114.4 132.3 136.2 150.6 158.8 165.7 191.9 193.9 213.3 226.6 239.5 252.3 264.8 271.5 275.2 284.9 297.3 299.6 286.7 290.9 295 296 293.9 291.8 291 297.4 292.5 294.3 293.7 293.9 294.1 294.6 295.9 295.8 296 297.3 296.9 297.2 296.9 296.6 295.9 294.9 295 293.2 292.7 294.8 293.6 291.6 291.9 289.9 291.7 290.4 289.1 289.1 289.5 289.8 288.7 288.4 289.1 295.4
69 66.5 63.9 61.7 59.5 77.6 58.7 62.2 66.6 66.5 64.1 61.6 58.9 57 58.4 67 73.6 73.8 79 81.9 85.6 86.8 91.8 99.6 108.6 118.7 130.3 146 163.1 173.9 183.7 192.7 212.4 212.5 222.1 226.2 228.1 228.9 229.4 228.7 228.5 236.9 236.9 237 239.8 242.7 242.6 242.2 241.9 242.9 247 249.6 249.9 249.2 252.5 250.5 252.7 254.1 253.4 253.5 254.4 255 255.7 254.2 255.4 257.1 257.6 256.5 256.1 255.9 256 256 256.8 257.9 261.7 263.4
48.9 46.7 44.8 43 41 39.2 37.2 35.9 34.7 38.8 36.8 35.2 36.2 35 37.5 32.7 34.6 34.9 53 44.6 52.8 62 69.7 75.6 82.3 90.1 98.6 110.4 118.3 128.9 139.5 149.8 159.8 170.9 173.1 178.6 182.9 185.9 187.7 189.1 189.5 189.7 200.4 194 197.7 201.2 206 214.5 211.8 212.6 215.8 215.7 224.2 216.4 218.2 224.1 227.2 228.8 228.2 227.3 227.5 229.3 228.5 227.8 227.1 226.5 226.3 226.1 226 226.1 226.6 227.7 228.8 230.5 237.9 239.6
31.8 30.5 29 28.3 27.1 26.1 25.5 24.8 24.1 21.4 20 20.1 23 24.1 25.8 27.3 28.6 32.1 37.7 43.2 46.1 49.5 53.6 58 64.8 74.2 81.6 88.7 96.1 110 115.2 126 135.2 143.1 143 149.9 155.4 160.4 164.5 168.1 171.1 181.9 183.1 181.1 183.9 187.1 186.9 186.4 189.9 191.6 193.2 195.6 201.5 202 203.5 205.8 205.6 205.9 205 205.2 204.8 203.9 203.7 203.3 202.1 202 202.5 202.2 203.7 204.1 205 205.7 206.8 207.9 209.3 211
23.8 18 17.4 17 16.6 16.4 16.3 16.3 17.5 17.4 19.2 20.4 22 22.9 24.6 26.7 29.5 33.6 36.2 39.1 42.1 45.7 50.6 55.7 60.6 68 71.7 79 87.6 96.4 100.3 107.6 115.1 122.7 129.6 136.5 141.6 146.4 153.2 155.6 160.7 164.9 168.7 169.1 171.9 172.5 172.7 172.1 171.9 171.5 170.5 170.7 181.8 181.6 189.1 184.9 186.4 185.4 184.9 184.3 183.5 183 182.7 182.1 181.7 181.4 181.1 181.3 180.9 181.3 180.8 180.7 181.3 187.9 188 188.4
17.1 16.4 16.5 16.3 16.3 16.7 16.8 17.2 17.8 19.2 20.3 21.7 21.8 24.9 27.4 27 29.2 31.9 34.7 38.5 42.5 45.5 49.6 53.8 58.2 65 70 75.1 80.5 86.4 95.5 98.4 105 111.1 117.6 126 131.5 138.6 141.3 146.2 151.5 155.1 157.9 159.9 161.4 162.4 162.8 163.6 163.9 163.7 163.5 162.9 163 162.3 174.3 165.2 169.3 171.1 170.4 169.7 169 168.3 167.8 167.1 166.7 166.1 165.5 165 164 163.5 162.4 164.5 163.4 159.6 158.7 158
13.9 13.9 14.6 14.7 15.3 16.2 17.1 17.7 18.9 20.6 21.8 22.9 24.6 26.6 28.4 30.3 32.6 35 37.1 39.5 40.9 45.7 49.9 53.4 58 62.9 71.9 73 78.5 83.9 89.7 95.6 101 106 111.3 116.1 121 125.6 129.8 134.4 137.8 141.2 143.7 145.7 147.5 148.9 149.5 149.9 150.1 150.1 150.2 150.2 150 149.6 159.8 159.7 159.2 162.6 159.8 157.7 157.1 157.1 156.8 156.4 155 154.4 153.2 152.3 153 152 150.8 149.1 147.6 146 144.1 136.1
13.8 13.8 14.8 15.7 16.8 18.1 18.5 19.9 21.7 22.4 23.9 24.7 26.4 27.5 29.4 31.3 33.2 35.4 37.5 40.7 43.7 46.4 50.6 54.2 58.5 62.4 66.4 70.8 76.3 80.3 84.6 89.2 94.1 98.6 103.1 107.9 112.3 120 124.4 128.7 132.4 135.8 138.8 136.5 138.5 140 141.1 142 142.5 142.9 142.9 143.4 143.2 143.7 143.4 144.3 148.3 155.6 149.4 151.8 151.1 150.2 149.2 147.9 146.9 145.5 143.8 142.5 140.8 144.9 142.9 141 132.8 130.8 128.4 126.4
14.2 15.1 15.3 16.7 17.2 19.6 19.1 21.2 22.5 24 24.7 27.6 27.4 28.1 29.5 30.6 32.8 38.1 36.5 39.7 42.5 45.6 49.5 52.3 55.6 58.9 62.4 65.9 70 77 81.1 85 89.4 94.1 99.3 103.5 107.9 112.1 116.1 120 124.1 126.8 130 132.5 134.3 136.5 137.8 139 140.2 140.7 140.9 141.1 141.1 140.6 140.2 139.7 139.3 146.1 146.3 146.2 148.1 145.8 149.6 151.4 152 141.1 140.3 139.2 137.7 143.1 140.7 134.2 132.3 129.9 127.7 125.1
15.5 16.3 16.5 17.6 18.9 20.3 22.5 22.8 23.6 25.1 26.3 27.1 28.3 29.8 31.1 32 34.2 36.1 37.8 39.9 42 44.4 47.1 49.9 52.6 56.4 59.7 63.5 67.2 71.2 75.2 81.3 84.3 89.9 93.9 98 102.1 106.3 110.7 115.2 119.9 123.6 127.8 132 135.4 138.1 140.5 134.4 135.6 145.8 147 148.2 148.8 149.6 150.1 142.4 143.5 144.1 144.6 145.6 146.2 146.7 149.5 144.8 146.4 145.5 144.6 150.2 148.1 145.8 143 141.8 140.4 138 136.8 135
16.7 17.4 18.1 20 20.7 22 23.1 24.3 25.3 26 25.8 26.2 28.2 29.4 30.9 32.4 34 35.8 37.8 39.9 42.3 44.4 47 49.6 52.3 55.2 58.5 62.2 65.9 69.4 73.4 77.2 81.1 85.5 91.5 94.9 99.1 103.6 107.6 112.1 116 119.6 123 126.1 129.3 131.7 140.2 136.6 139.5 141.9 144.9 147.1 146.7 148.1 149.2 150.8 151.6 151.6 153.5 154.6 151.2 151.5 151.8 152.1 151.8 152.3 157.3 157.2 156.4 155.5 154 153.2 152.3 -9999 -9999 -9999
18.9 19.9 20.7 20.5 21.5 22.3 22.9 24.1 24.5 25.8 26.7 27.6 29.1 29.9 31.7 33 35.1 36.8 38.5 40.4 42.1 44.3 46.6 49.1 51.8 54.5 57.5 60.9 63.7 67.3 70.7 74.8 78.4 82 90.1 90.6 95.8 100.6 105.4 109.1 112.9 116.7 119.8 127.6 131.5 130.3 133.5 136.6 139.7 142.3 144.9 147 149.4 151.9 153.3 153.7 154.3 154.2 160 155.3 157 158.4 160.2 161.3 162.5 163.5 164.5 165.5 165 164.6 166.5 166.8 -9999 -9999 -9999 -9999
18.6 19.2 19.9 20.7 20.7 21.8 22.6 23.4 24.3 24.9 25.9 27.2 28.1 29 30.4 31.6 33.1 41.8 43.4 45.8 47.6 50 52.3 54.7 57.1 60.2 62.8 65.9 68.9 71.9 75.3 78.8 82.2 85.6 89.2 93 92.2 97.2 102 106.7 111.5 115.5 119.1 122.9 125.9 128.5 131.2 133.3 135.7 137.3 138.9 151.5 142.6 144.6 146.6 148.6 150.3 151.8 153.9 155.6 157.5 159.2 159.5 160 159.9 165.7 167.3 162.7 164.7 -9999 -9999 -9999 -9999 -9999 -9999 -9999
16.7 17.4 18.6 18.6 20.7 21.1 21.4 22.9 23.3 24.3 25.2 26.7 27.6 28.7 30.4 31.9 32.8 34.3 36.1 43 45.8 48.3 51 54 57 59.8 62.5 65.7 68.3 71.6 74.7 71.9 75.4 79.3 83.4 87.7 91.4 95.2 99.4 107 108.4 113.2 117.9 122.2 125.7 128.9 131.9 134.9 137.5 139.9 142 144 145.3 146.7 147.8 148.7 149.6 150 150.8 151.2 151.6 166.6 154.4 156.5 158.3 160.3 161.8 164.1 169.5 170.3 173.4 176 179.5 182.9 -9999 -9999
15.5 16.8 17.2 17.9 18.7 19.5 20.2 21.1 21.8 23.3 24.1 25.3 26.5 27.8 29.3 30.4 32.1 33.8 36.4 38.2 40.4 42.9 45.5 48 50.5 53.5 56.2 59.1 62.5 65.5 68.7 72.2 75.7 79.5 83.2 87.1 90.7 95 99.1 102.9 107.1 110.8 114.8 119.8 122.9 127.1 131.5 134.9 137.8 140.9 143.6 146.5 148.9 150.6 152.1 153.8 155.3 156.9 167.3 169.2 170.5 162.1 163.5 164.9 167 168.5 170.1 171.5 173.2 174.6 181.2 182.5 183.8 186.2 -9999 -9999
12 13.1 14.6 15.9 16.8 17.3 18.4 19.5 20.2 21.5 22.5 23.8 24.7 26 27.4 29 30.7 32.5 34.2 36.3 38.4 40.5 42.7 45 47.8 50.3 53 55.9 58.7 61.6 64.6 68.1 71.7 74.9 81.5 85.3 88.7 90.2 94.4 98.2 102.5 106.3 110.6 114.8 118.8 122.8 126.6 131.4 134.4 138.2 141.6 145.1 147.8 150.8 153.6 155.9 157.8 160 163.6 166.6 168.6 170.8 172.6 171.8 173.4 175.3 177 178.7 180.2 181.8 183.5 185.1 191.4 193.7 195.2 197.8
12.3 9.1 10.3 11.4 13.2 14.7 16.3 16.8 17.8 18.8 20.1 21 22.1 23.7 25.1 26.7 28 30.1 31.7 33.6 35.7 37.6 39.9 42.1 44.6 46.9 49.4 52 54.7 57.6 60.4 63.4 66.5 69.5 73 76 79.4 82.9 86.5 90.5 93.7 97.7 101.2 105 108.5 112.5 116.1 120.4 123.9 129.3 131.6 135.4 139.1 142.6 146.2 148.9 152 154.7 157.9 160.1 162.6 165.1 167.5 169.6 171.8 174.1 176.1 178.1 180.4 182.3 184.6 186.7 188.6 191.1 197.7 199.7
6.3 6.4 6.9 11.4 8.6 9.9 11.1 12.9 15 16.3 17.1 18.1 19.4 20.7 22.1 23.3 24.7 26.5 28.1 29.6 31.5 33.3 35.2 37 39.1 41.5 43.6 45.7 48.2 50.7 53.2 55.9 58.7 61.4 64.2 67.2 69.8 73 75.8 79 82.1 85.2 88.6 91.6 94.9 98.1 101.5 104.8 108 111.5 114.7 117.8 121.2 127.8 127.9 131.5 135.1 138.9 142.2 145.3 147.7 150.5 153.4 156.2 159 161.6 164.4 166.7 169.5 172.2 174.4 177.4 180.1 182.6 185.5 188.2
5.1 5.3 5.4 5.8 5.9 6.3 7 11.7 9 10.5 12.3 14.1 16.1 17.1 18.5 19.8 20.7 21.9 23.2 24.9 26.3 27.6 29.3 31.2 32.8 34.5 36.5 38.4 40.2 42.2 44.2 46.4 48.8 50.8 53.3 55.6 58.1 60.5 63.1 65.5 67.9 70.6 73.4 75.9 78.5 81.2 83.9 86.6 89.2 92 94.5 97.4 100 102.6 105.6 108 110.8 113.4 116 123.2 122.5 126 129.5 133 135.8 138.3 141 143.5 145.9 148.6 150.8 153.3 156.2 158.4 161.1 163.8
4.7 5 4.9 5.1 5.3 5.6 5.6 5.8 6.2 6.6 7.1 12.3 9.4 11 12.7 14.6 16.3 17.6 18.9 20.1 21.1 22.4 23.7 24.9 26.1 27.4 29 30.5 32.2 33.7 35.1 36.9 38.6 40.4 42.2 44.1 45.7 47.5 49.4 51.4 53.3 55.2 57.4 59.3 61.5 63.3 65.7 67.7 69.7 71.7 74 76.1 78 80.1 82.3 84.2 86.7 88.6 90.6 92.9 95.1 97.2 99.3 101.5 103.4 105.8 112.6 111.4 114.6 117.8 120.7 122.9 125 127.1 129.3 131.2
4.5 4.8 4.6 4.9 5.1 5.3 5.4 5.5 5.7 5.8 6 6.1 6.6 7.3 7.9 8.2 13.3 10.2 11.7 13.7 15.5 17.4 18.6 19.7 20.6 21.6 22.5 23.5 24.6 25.7 27 28.4 29.6 30.8 32.2 33.4 34.8 36.2 37.5 38.7 40.3 41.6 42.8 44.5 45.7 47.4 48.9 50.3 52 53.2 54.8 56.6 58.2 59.6 61.1 62.5 64.2 65.8 67.4 68.9 70.5 72.1 73.5 75.2 76.5 78 79 80.1 81.6 82.9 84.1 85.2 87.2 88.9 91.8 94.3
3.8 3.9 4.1 4.1 4.4 4.5 4.7 4.7 4.9 5 5.3 5.5 5.7 5.9 6 6.5 6.8 7.3 7.9 8.5 9.1 9.4 10.6 15.4 13 14.5 16 17.7 18.7 19.7 20.2 21.2 22.1 23.2 24 24.7 25.7 26.8 27.4 28.6 24.7 25.7 26.5 27.6 28.7 29.7 30.7 31.7 32.8 33.7 34.8 36.1 37.1 38.1 39.2 40.4 41.3 42.4 43.6 44.9 42.1 43.1 44.4 45.7 46.9 48 49.2 50.5 51.8 53.1 54.4 55.3 56.9 58.1 59.6 60.8
2.8 2.8 2.9 3.1 3 3.3 3.2 3.3 3.5 3.6 3.7 3.8 3.9 3.9 4.2 4.2 4.5 4.7 4.7 4.8 5 5.2 5.3 4.8 5.2 5.7 6.6 7 7.4 7.8 8.4 8.9 9.1 10.1 10.2 11.1 11.7 12.3 13.1 13.6 14.3 14.9 15.5 16.2 16.9 17.7 18.5 18.9 19.6 20.4 21.1 22 22.7 23.4 24 24.9 25.8 26.5 27.4 28 28.7 29.6 30.5 31.5 32.4 33.1 34 34.9 35.7 36.3 37.3 38 38.7 39.7 40.5 41.5
2.5 2.6 2.7 2.8 2.9 2.8 3 3 3.1 3.2 3.3 3.4 3.5 3.7 3.8 3.8 3.8 4 4 4.3 4.3 4.5 1.7 2 2 2.3 2.6 3 3.4 3.7 4.2 4.6 5.3 6 6.7 7.5 8.4 9 9.3 9.9 10.3 10.9 11.1 11.6 12 12.4 12.9 13.5 14 14.5 14.7 15.5 16.1 16.5 17.2 17.4 18 18.6 18.9 19.3 20.1 20.6 21.1 21.7 22.1 22.8 23.3 23.8 24.3 25 25.7 26.2 26.8 27.3 27.8 28.3
2.2 2.2 2.3 2.5 2.5 2.5 2.7 2.7 2.7 2.7 2.8 2.8 2.9 3.1 3.1 3.2 3.3 3.5 3.5 3.6 3.7 0.1 0.2 0.2 0.3 0.4 0.6 0.7 1 1.2 1.4 1.4 1.7 1.9 2 2.3 2.6 2.8 3.2 3.5 3.9 4.4 4.7 5.4 5.9 6.6 7.2 7.7 8.2 9 9.6 10.3 11.1 11.2 11.6 12 12.3 12.6 13 13.1 13.5 14.2 14.1 14.7 15 15.6 15.9 16.2 16.6 16.8 17.1 17.8 18.1 18.5 18.8 18.9
