datasets/global_precipitation_1950_2017/rasters/precip_1972-total.asc
NCOLS 720 
NROWS 347 
XLLCORNER -180 
YLLCORNER -90 
CELLSIZE 0.5 
NODATA_value -9999 
[rows 68 to 101 of 347, columns 380 to 455 of 720]
627.3 566.1 573.3 563.4 541.7 484.5 663.1 470 419.9 505.5 576.2 595.5 574 581.5 635 712.8 839.3 748.9 838.6 1088.5 1203.6 807.1 703.5 656.7 674.3 687.3 713.7 688.9 630.7 627.2 612.5 616.2 605 582 583.3 630.4 630.3 579.4 565.7 545.9 528.1 475.4 441.6 438.7 390.9 409 425 425.5 452.3 455.3 467.4 474.7 483.7 485 539.3 490.7 481.3 478.5 451.4 412 340.2 345.1 355.2 344.8 300.8 240.3 203.1 202.3 184.1 167.9 174.5 166.6 153.5 152.1 146.4 153.9
622.6 577.5 578.6 587.3 575.9 524.3 749.1 761.7 535 596.1 648.1 542.8 563 588.4 628.3 655 660.6 708.7 856.9 812.9 788.2 658.3 571.8 539.7 719.2 780.5 1149.2 903 755.8 696.8 649.4 661.7 631.9 577.9 580.5 587.7 616.8 574.7 611.2 577.6 569.3 471.8 452.4 456.4 416.8 462.7 438.3 425.6 441.9 464.8 474.4 446.9 471.5 461.7 427.5 413.9 454.1 454.8 460.3 415 350.3 325.8 308.1 283.3 260.3 233.5 208.4 188.4 180.5 150.4 160.3 146.7 134.8 135.1 148.2 147.9
697.2 719.5 712.5 716.3 681.6 726.4 795.5 737.3 738.6 782.3 748 762.5 692 595 559.4 585.9 582.4 659.9 664.8 615.8 592.2 513.9 495.6 506.8 475.5 542.3 840.5 1084.2 920.7 925.5 747.5 730.2 615.7 463.5 558.1 564.3 572.8 562.5 550.6 549.9 504.9 452.8 426.5 412.4 389.9 405 387.8 390.6 416.5 432.8 430.8 435.9 456.1 431.4 424.1 412.1 437.7 451.6 442.5 400.1 299.4 314.6 289.4 248.4 247 229.9 209.1 195.7 170.9 154.1 148.2 133.1 128.7 143 117.4 116.8
1474.5 993.3 1038.3 951.3 996.7 1494.1 1180.2 1390.1 1108.5 1374.2 1481.1 1210 754.8 656.4 595 569.9 598.8 591.3 569.1 539.6 488.4 464.5 418.5 451.4 451.9 502.1 624 631.8 649 648.6 739.6 767.6 640.6 640.8 432.1 575.7 596.4 578.4 526.2 439.7 445.4 458.6 478.6 435 393.5 392.1 366.3 382.6 394.8 391.5 393.6 431.9 466.9 456 460.3 446.4 485.9 480.4 434.7 385.1 344.9 349 345.1 292.1 266.7 266.4 258.6 215.5 168.5 138.5 138.5 134.1 133.3 128.8 115.5 103.2
1525.4 664.8 892.3 876.1 965.3 1104 1034.4 802.2 695.4 924.2 1499.3 1110.2 873.9 757.9 734.9 728.3 615.3 554.3 545.4 526.7 501.5 471.9 454 425.1 398.3 621.9 563.5 539.2 628.2 609.2 550.7 790.3 714.6 565.3 597 662.2 685.6 633.6 547.4 440.8 416.6 398.6 410 400.1 390.2 398.1 434.4 402.7 391 396.3 399.5 425.5 464.9 445.3 497.8 526.6 467.4 417.6 402.8 421.2 384.8 397.8 398.3 370.6 332.5 311.3 258.4 194.9 181.2 178.3 159.9 143.3 132.3 114.7 97.3 87.7
491.8 467.3 675.4 690.8 645.6 997.3 1253 1075 1051.6 1016.9 1257.6 1124.1 999.1 846.2 669.5 699 681.1 642 582.1 534.9 543.6 552.9 540.9 520 518.3 567 565.5 611.7 423.1 699 602.2 701.7 789.9 735.1 535.3 593.7 640.8 625.9 572.1 504.5 425 354.1 344.5 354.6 374.2 386.5 363.3 357.2 409.5 400.7 385.2 399 399 -9999 -9999 -9999 -9999 430.7 407.5 448.1 452.2 460.7 474.9 546.2 429.5 341.9 276.9 251.4 229.2 205.1 177.1 158.4 133.8 99.6 86.4 84.5
871.9 987.6 810 1435.1 1429.1 1804.8 2772.6 2227.4 1661.4 1599 1316.6 1243 1244 1106.1 913.9 860 833.8 740.3 648.9 625.7 580.1 577.5 573.4 482.1 522.1 594.1 540.5 515 501.3 749.1 646.9 660.7 661.6 674.4 648 614.6 652.5 634.5 534.9 436.1 344.9 -9999 -9999 -9999 303.8 325 368.7 362.2 364.1 362.8 -9999 -9999 -9999 -9999 -9999 -9999 -9999 456.2 468.4 505.6 496.7 435.9 415.9 434.1 419.3 374 313.5 280.5 251 213.5 166.7 162.8 132.1 96 82.8 89.1
1439 1176.6 1852.2 1197.2 1115.7 1234.2 -9999 1321.6 1725.9 1752.9 1346.8 1159.6 1007.6 1046.6 1086.9 993.8 918.5 771 673.3 661.9 622.7 641.4 642.3 619 599.8 714.1 727 840.9 673.7 681.3 825.1 746.8 613.4 649 652.9 634.8 697.1 680.2 535.1 439 -9999 -9999 -9999 -9999 -9999 -9999 366.7 355.2 442.9 372.3 -9999 -9999 -9999 -9999 -9999 -9999 502.3 568.8 575.8 579.5 576.3 551.2 496.4 460.4 445.1 415.5 364.5 334.4 290.5 247 201.4 165.4 120.1 88.4 87.4 86.7
918.6 836.6 894.7 900.1 -9999 -9999 -9999 1071.6 1339.6 1880.2 2030.9 1451.3 1214 1124 1051.9 968 886.8 750.5 779.8 695.3 630 632.1 668.2 958 873.4 785.5 886.6 715.5 492.5 728.4 940 878.7 609.7 684.9 652.6 554 572.4 510.2 492 -9999 -9999 -9999 -9999 -9999 -9999 -9999 387.9 466.4 447.2 416.6 408.3 372.9 373.2 -9999 442.7 523.3 596.4 658 693.3 645.8 605 604.7 589.7 569.2 509.8 472.3 428.4 373.6 299.1 289.1 261.6 206.6 132.6 92.1 81.1 94.9
1118 1018.5 900.9 818.2 -9999 -9999 -9999 -9999 -9999 -9999 1723.7 1346.5 1324.4 1211.6 1160 970.4 953.1 929.6 870.5 749 688 708 731.4 658.4 902.6 834.5 804.3 596.1 592.3 636.9 764.1 680 683.9 552.6 617.7 481.3 412.1 450.2 -9999 -9999 -9999 -9999 -9999 -9999 -9999 -9999 -9999 550.3 579.6 -9999 -9999 -9999 -9999 -9999 -9999 610.4 690.4 825.2 886.1 812.5 776.3 735.8 702.5 642.1 601.5 524.5 450.2 373.9 315.3 303.6 274.7 219.8 165.8 130.3 101.8 91.1
2010 1142.5 1136.4 981.9 796.5 -9999 -9999 -9999 -9999 -9999 919.2 1186.5 1196.1 1186.8 913.1 887.4 994.3 1177 913.6 828.9 768.1 738.7 760.1 794.8 819.5 701.9 600.8 688 638.4 616.7 625.5 655.7 640 610.2 612 506.7 410.2 -9999 -9999 -9999 -9999 -9999 -9999 -9999 -9999 -9999 -9999 -9999 -9999 -9999 -9999 -9999 -9999 -9999 -9999 -9999 -9999 -9999 1487.1 1176.9 977.9 880.4 801.3 716.4 602.7 510.2 473.2 457.4 377.9 334.7 286.4 209.9 182.9 159.1 134.8 114.3
-9999 977.1 712.5 1401.3 1185.1 1116.8 -9999 -9999 -9999 -9999 -9999 -9999 878.2 1226.9 1245 1727.7 1175.1 881.5 827.1 851 750.7 741.2 734.4 719.5 750.2 720.4 674.8 604.6 655.9 748.9 643.2 668.7 688.3 721.3 695.4 573.5 524.9 -9999 -9999 -9999 -9999 -9999 -9999 -9999 -9999 -9999 -9999 -9999 -9999 -9999 -9999 -9999 -9999 -9999 -9999 -9999 -9999 -9999 -9999 1364.4 1618.2 1536.6 1083.6 871.4 778.1 686.4 580.6 495.3 491.5 484.8 406.3 331.1 268.6 203.5 219.9 219.8
-9999 995.3 766 801.8 978.3 1225.7 970.7 931.1 -9999 -9999 -9999 -9999 -9999 -9999 1196.3 1456.6 1718.1 1353.5 949.6 778.4 720.6 900.6 724.8 642.7 696.6 774.8 912.7 828.6 686.4 732.5 713.2 703.3 738.5 649.4 627.2 622.2 -9999 -9999 -9999 -9999 -9999 -9999 -9999 -9999 -9999 -9999 -9999 -9999 -9999 -9999 -9999 -9999 -9999 -9999 -9999 -9999 -9999 -9999 -9999 -9999 -9999 1486.1 1398.3 1737.6 1110.7 866.9 910.7 732.6 825.3 767.5 475.3 413 338.3 267 272.1 260.1
-9999 -9999 741.3 909.6 893.5 907.4 1021.9 1117.3 -9999 -9999 -9999 -9999 -9999 -9999 -9999 -9999 2020.3 1800.8 1806.9 1299.1 832.7 652.2 665.6 766.7 655 645.1 662 745.4 768.9 976.5 943.4 728.1 646.8 647.8 568.4 602.8 -9999 -9999 -9999 -9999 -9999 -9999 -9999 -9999 -9999 -9999 -9999 -9999 -9999 -9999 -9999 -9999 -9999 -9999 -9999 -9999 -9999 -9999 -9999 -9999 -9999 -9999 -9999 1579.6 1427.5 826.5 1217.9 1002.8 1079.6 768.2 782.6 535.4 453 428.4 343.7 235.7
-9999 -9999 -9999 847.5 968.5 1013.2 975.1 1081.3 1049.6 -9999 -9999 -9999 -9999 -9999 -9999 -9999 -9999 -9999 1567.6 2567.4 1310 655.8 626.1 606.1 662.9 565.1 717.6 771.3 487 490 552.7 530.5 547.1 553.3 625.1 630.6 -9999 -9999 -9999 -9999 -9999 -9999 -9999 -9999 -9999 -9999 -9999 -9999 -9999 -9999 -9999 -9999 -9999 -9999 -9999 -9999 -9999 -9999 -9999 -9999 -9999 -9999 -9999 1639.6 1455.8 1282.9 1085.6 820.1 852.7 952.6 806.5 718.8 831.3 696.7 424.1 208.9
-9999 -9999 -9999 -9999 798.1 1049.1 1372.9 1418.4 1126.8 801.9 807.7 1220.1 -9999 -9999 -9999 -9999 -9999 -9999 -9999 1437.8 1261.6 924.8 733.9 524.3 548.3 621.5 603.5 625 659.9 825 552.7 552.3 495.5 541.8 599.5 545.1 -9999 -9999 -9999 -9999 -9999 -9999 -9999 -9999 -9999 906.8 812.3 843.4 844.7 674.2 -9999 -9999 -9999 -9999 -9999 -9999 -9999 -9999 -9999 -9999 -9999 -9999 -9999 2261.5 1693.9 793.1 988.5 943.5 811.5 696.4 838.2 881.7 1038.7 1203 932.8 519.9
-9999 -9999 -9999 -9999 -9999 -9999 -9999 1161.6 1108.7 897.3 881.4 825.9 958.1 -9999 -9999 -9999 -9999 -9999 -9999 1206 1440 765 800.5 660.5 657.4 721.4 652.4 616.1 679.8 735.4 656.1 606.1 550.8 583.7 511.8 460.8 550.1 722.4 -9999 -9999 -9999 -9999 -9999 755.9 996.1 619.5 591.6 567.8 551.8 513.3 497.8 596.9 738.4 895.7 -9999 -9999 -9999 -9999 -9999 -9999 -9999 -9999 1888.8 1004.9 871.7 632.7 646.7 650.4 760.8 627.9 516.3 645.7 693.2 643.6 1013.6 792
-9999 -9999 -9999 -9999 -9999 -9999 -9999 -9999 -9999 1102.7 1118.3 923.5 808 870.7 879.7 -9999 -9999 -9999 -9999 947 999.3 658.8 837.9 897.7 1036.8 599 518.6 -9999 -9999 542.3 -9999 -9999 565.9 608.5 676.3 -9999 -9999 -9999 -9999 -9999 919.7 863.4 799.3 594.1 649.1 629.9 508.2 454.8 480.5 477.9 437.6 401.8 458.8 444 637.9 761.6 912.5 814.8 668.9 624.7 1152.7 1362.2 955.4 525 455.9 514.7 506.2 612.4 657.2 707.3 622.6 756.4 434.2 417.4 510.3 678.3
-9999 -9999 -9999 -9999 -9999 -9999 -9999 -9999 -9999 -9999 914.5 909.8 944.2 -9999 -9999 -9999 841.9 -9999 -9999 1261.4 1386.4 1032.1 820.6 745 723.7 -9999 -9999 -9999 480.6 -9999 -9999 -9999 -9999 581.8 774.5 732.5 595.1 664.3 809 546.3 589.4 612.3 602.1 554.3 549.5 589.7 447.6 399.1 434.4 434.5 417 398.3 376 392.1 460.3 544.9 549.4 526.8 417.8 415.5 434.9 478.7 510.1 562.4 442.8 611.2 483 394 524 660.9 525 469.4 796 583.9 439.5 393.3
-9999 -9999 -9999 -9999 -9999 -9999 -9999 -9999 -9999 -9999 -9999 -9999 872.3 -9999 -9999 -9999 -9999 -9999 -9999 1432.2 1426.9 1106.4 1430.7 987.9 626 570 -9999 -9999 -9999 -9999 -9999 -9999 405.2 534.1 614.6 597.4 574.1 615.3 647 505.4 415.9 365.4 368.4 367.7 387.6 353.3 354.6 375.8 412.8 411.3 408.2 376.3 382.4 439.2 431.3 497.5 473.3 462.8 367.3 407.3 434.6 445.2 464.8 507.2 500.2 567.8 547.6 359.7 330.7 379.9 359.4 797.2 746.7 882.6 509.3 353.2
-9999 -9999 -9999 -9999 -9999 -9999 -9999 -9999 -9999 -9999 -9999 -9999 1209.1 1484.7 -9999 -9999 -9999 -9999 -9999 -9999 -9999 1107 1082.4 909.4 679 619.9 685.3 -9999 -9999 -9999 -9999 -9999 483.2 479.1 511.9 452.9 476.4 551.2 444.9 480.4 458.5 369.7 355.1 347 340.7 312.9 319.8 387.8 346.1 345.1 322 365.9 392.4 420.2 496.8 459.2 439 484.7 598.3 642.2 694.1 675.6 641.4 607.1 678.4 622.8 524.8 447.9 333.4 340.3 385.1 550.1 734.4 612.5 498.3 447.7
-9999 -9999 -9999 -9999 -9999 -9999 -9999 -9999 -9999 -9999 -9999 -9999 1072.9 -9999 -9999 -9999 -9999 -9999 -9999 -9999 -9999 -9999 942.1 845.3 679.6 650.4 -9999 -9999 -9999 -9999 -9999 -9999 -9999 -9999 424 362.8 415.4 492.5 449.4 425.5 361.4 331.5 342.1 366.4 311.9 315 305.8 310.3 338.4 366.2 335.4 375.5 503.1 456.5 441.4 404.6 398.1 362.5 402 522.4 633.5 740.2 764.6 825.7 870 733.4 509.3 466.5 435.1 380.9 348.9 344.3 367.7 475.2 459.8 560.6
-9999 -9999 -9999 -9999 -9999 -9999 -9999 -9999 -9999 -9999 623.7 991.4 1167.6 -9999 -9999 -9999 -9999 -9999 -9999 -9999 -9999 -9999 -9999 702.3 -9999 -9999 545.1 647.2 681.8 -9999 -9999 -9999 -9999 417.6 433.9 448 415.3 429.7 474.7 408.5 364.8 356 444.5 339.1 339.8 309.9 283.8 281.8 307.5 306.2 323.3 391.9 475.4 469.5 370 405.1 406.3 340.4 442.8 595.2 538.6 584.3 723.1 888.4 995 786.9 520 522.5 514 456.4 357.7 336.6 272.8 328 360.1 410.4
-9999 -9999 -9999 -9999 -9999 542.7 641.1 614.2 612.2 852.1 -9999 -9999 -9999 -9999 -9999 -9999 -9999 -9999 -9999 -9999 -9999 1191.7 -9999 815.3 891.4 613.2 -9999 -9999 -9999 -9999 -9999 -9999 -9999 554.1 -9999 435.4 426.9 422.1 480.2 418.9 325 336.8 341.1 372.2 318.6 289.2 280.8 276.7 300.8 323 469.5 598.5 551.9 513 486.4 521.5 586.6 507.2 544.3 528.7 517.3 562.9 580.8 712 800.3 842.2 796.3 805.9 703.3 498.5 391 376.8 346.1 329.9 279.4 296.9
-9999 -9999 -9999 -9999 -9999 -9999 -9999 517.8 456.5 843.9 835.5 -9999 -9999 -9999 -9999 -9999 -9999 -9999 -9999 -9999 -9999 -9999 -9999 787.6 822 715.3 -9999 -9999 -9999 -9999 -9999 -9999 -9999 -9999 -9999 467.1 690.8 629.9 498.2 524.8 383.3 483.5 559.3 522.9 439.3 344.3 283.9 291 342.1 474.5 578.5 503.1 615.7 641.4 549.7 460 442.5 415.3 446.2 533.4 586.5 716.2 482.1 641.9 848.7 927.2 945.6 943.3 833.1 651.2 495.5 392.6 345.6 349 323.3 321.6
533.9 530.6 -9999 -9999 -9999 -9999 -9999 -9999 -9999 687.9 -9999 -9999 -9999 -9999 -9999 -9999 -9999 -9999 -9999 -9999 -9999 -9999 -9999 -9999 -9999 -9999 -9999 -9999 -9999 -9999 -9999 -9999 -9999 -9999 -9999 -9999 624.1 652.2 702.5 460.6 534.2 -9999 -9999 775 672.8 481.3 349.3 361.1 362.5 -9999 393 -9999 676.4 467.4 451.9 323.3 329.1 327.5 340.2 463.3 524 503.2 477.7 553.4 549.4 1231.2 844.4 1045.1 822 833.1 620.2 371.5 356.7 360.1 377.3 367.2
537.2 -9999 -9999 -9999 -9999 -9999 -9999 -9999 -9999 -9999 -9999 -9999 -9999 -9999 -9999 -9999 -9999 -9999 -9999 -9999 -9999 -9999 -9999 -9999 -9999 -9999 -9999 -9999 -9999 -9999 -9999 -9999 -9999 -9999 -9999 -9999 -9999 -9999 -9999 671.8 -9999 -9999 -9999 -9999 -9999 746.9 573.5 442.7 -9999 -9999 -9999 -9999 609.9 315.2 315.7 289.2 293.8 258.7 260.1 348.8 392 392.7 463.6 541.2 525 555.4 505.2 650.4 861.9 864.1 802 659.7 452.4 510.6 499 472
405.2 440.1 -9999 -9999 -9999 -9999 -9999 -9999 -9999 -9999 -9999 -9999 -9999 -9999 -9999 -9999 -9999 -9999 -9999 -9999 -9999 -9999 -9999 -9999 -9999 -9999 -9999 -9999 -9999 -9999 -9999 -9999 -9999 -9999 -9999 -9999 -9999 -9999 -9999 -9999 -9999 -9999 -9999 -9999 -9999 -9999 -9999 -9999 -9999 -9999 -9999 -9999 503 240.5 208.3 244.6 269.6 224.5 219.8 265.7 288.2 314.5 387.5 477.2 501.7 493.2 484.2 485.5 484.1 633.2 801.3 965.8 923.5 621.6 527.4 530.3
396.2 410 -9999 -9999 -9999 -9999 -9999 -9999 -9999 -9999 -9999 -9999 -9999 -9999 -9999 -9999 -9999 -9999 -9999 -9999 -9999 -9999 -9999 -9999 -9999 -9999 -9999 734.8 848.5 1071 589.9 -9999 488.9 -9999 -9999 -9999 -9999 -9999 -9999 -9999 -9999 -9999 -9999 -9999 -9999 -9999 276.1 240.9 -9999 -9999 -9999 -9999 556 147.9 230.2 254.6 225.8 221.9 229.8 251.6 212.8 221.5 254.8 298.1 323 339.5 342.6 368.3 391.6 479.7 671.2 827.2 788.7 487 410.1 443.7
358.3 381.8 375.9 -9999 -9999 -9999 -9999 -9999 -9999 -9999 -9999 -9999 -9999 -9999 -9999 -9999 -9999 -9999 -9999 -9999 -9999 -9999 -9999 -9999 -9999 -9999 -9999 -9999 -9999 -9999 -9999 -9999 -9999 -9999 -9999 -9999 -9999 -9999 -9999 -9999 -9999 -9999 -9999 -9999 -9999 333.7 269.7 -9999 -9999 -9999 -9999 -9999 670.9 309.6 194.2 204.3 225.9 219.5 222.2 225.9 223.8 224.2 232.9 227.8 232.2 249.4 268.8 288.8 324.3 336.8 417.8 522.2 541.4 465.3 415.5 416.9
-9999 -9999 -9999 -9999 -9999 -9999 -9999 -9999 -9999 -9999 -9999 -9999 -9999 -9999 -9999 -9999 -9999 -9999 -9999 -9999 -9999 -9999 -9999 -9999 -9999 -9999 -9999 -9999 -9999 -9999 -9999 -9999 -9999 -9999 -9999 -9999 -9999 -9999 -9999 -9999 -9999 -9999 -9999 -9999 -9999 -9999 -9999 -9999 -9999 -9999 -9999 804 396.8 90.1 121.1 182.1 205.2 212.9 214 216.9 216 223.9 248.4 222.7 216 214.9 222.1 224.3 252.7 286.4 303.2 378.2 428.5 456 386.1 415.6
210.2 239.3 -9999 -9999 -9999 -9999 -9999 -9999 -9999 -9999 -9999 -9999 -9999 -9999 -9999 -9999 -9999 -9999 -9999 -9999 -9999 -9999 -9999 -9999 -9999 -9999 -9999 -9999 -9999 -9999 -9999 -9999 -9999 -9999 -9999 -9999 -9999 -9999 -9999 -9999 -9999 -9999 -9999 -9999 -9999 -9999 -9999 -9999 -9999 -9999 -9999 965.7 247.5 79.4 98.6 152.5 174.2 186.8 195.6 198.2 200.6 206.7 209.3 205.7 202.5 198.3 201 212.8 231.7 262.4 313.1 356.1 392.3 412.7 413.8 452.3
220 208.4 -9999 -9999 -9999 -9999 -9999 -9999 -9999 -9999 -9999 -9999 -9999 -9999 -9999 -9999 -9999 -9999 -9999 -9999 -9999 -9999 -9999 -9999 -9999 -9999 -9999 -9999 -9999 -9999 -9999 -9999 -9999 -9999 -9999 -9999 -9999 -9999 -9999 -9999 -9999 -9999 -9999 -9999 -9999 -9999 -9999 -9999 -9999 -9999 449.5 443.3 120 114.5 125.8 94.3 89.2 126.8 163.7 176 178.8 182.4 188.1 186 183.7 184 188.7 203.1 198.7 224.5 255 279.7 280.3 332 420 443.8
175.6 175.9 201.1 209.2 258.5 309.2 350.5 413.5 -9999 -9999 -9999 -9999 -9999 -9999 -9999 -9999 -9999 -9999 -9999 -9999 -9999 -9999 406.4 528.6 363.3 -9999 -9999 -9999 -9999 -9999 -9999 -9999 -9999 -9999 -9999 -9999 -9999 -9999 -9999 -9999 -9999 -9999 -9999 -9999 -9999 -9999 -9999 -9999 -9999 -9999 400.6 297 173.3 212.8 186.4 93.9 71.4 99.7 135.7 154.3 157.5 162.2 160.8 149.1 140.3 154.2 167.1 163.5 182.7 183.8 191 193.7 196.1 206.5 298.8 369.4
