datasets/global_precipitation_1950_2017/rasters/precip_1997-total.asc
NCOLS 720 
NROWS 347 
XLLCORNER -180 
YLLCORNER -90 
CELLSIZE 0.5 
NODATA_value -9999 
[rows 68 to 101 of 347, columns 380 to 455 of 720]
757.2 581.6 623.7 633.7 569.1 642 940.3 604.1 421.7 583 606.5 536.4 471.6 453.7 538.8 654.6 822 807.2 1033.3 1122.5 937.1 700.7 625.4 624.5 770.4 824 833.4 754.6 645.7 606.4 596 590.8 598.8 645.6 649.4 658.1 670.9 670.8 746.5 723.7 740.3 714.1 688.2 673.7 690.4 682.5 655.8 684.7 756 760.1 737.4 700 666 654.4 697.6 673.2 672.1 676.6 659.5 628.6 599.1 585.5 559.2 518 460.3 418.3 427.2 419.7 397.8 390.9 387.4 363.5 340.8 344.2 317.4 295.4
632 546.5 571.4 613.2 596.7 646.1 965.2 981.7 580.7 705.7 717.1 535.1 533.2 598.6 575.2 563.2 577.9 603 693.7 745.1 615.7 590.7 625.6 520.6 860.7 946.6 1303.5 940.8 753 628.7 551.9 540.6 515.2 495.2 572.5 584.6 623 633 694 740.7 769.1 760 721.8 713.9 714.7 694.5 650 660 718.5 767 743.2 714.4 690.1 685.4 684.3 693.6 722.9 718.3 704.9 681.2 642.4 605.8 574.8 555.7 521.3 477.6 442 408.3 385.6 395.8 387.5 360.4 335.1 318.1 274.8 270.9
651.4 620.5 701.9 678.1 789.9 861.1 858.4 772.1 892 817.1 726.8 757.6 665.4 594.9 503.5 503.2 465.5 464.7 478.3 467.7 452.4 445.1 457.5 517.5 560.5 634 857.9 1088.6 948.5 967.2 630.8 571.4 426.2 290.2 434.5 531.9 531.6 599.8 642.8 663.5 667.4 667.7 712.6 706.9 679.8 633.7 573.9 608.9 690.8 751.8 760.2 732 715.8 712 683.6 673.2 741.9 753.1 744.2 724 642.9 616.9 581.9 563.6 543.4 500.1 467.8 435.7 418.1 400.4 378.7 345.2 341.2 362.6 300.2 276
1501.4 957.6 1060.1 1196.8 1330.7 2035.6 1499.9 1978.1 1495.5 1489.3 1729.1 1207.3 674.4 649.2 559.8 526.7 460.1 366.8 319.3 273.5 258.6 353.6 382.2 463.4 472.9 433.6 617.2 732.1 631.6 546.9 578.3 378.3 357.6 399.6 218.5 389.5 464.6 540.4 561.6 534.5 595.8 623.8 644 647.2 620 589.6 565.1 610.6 660.6 686.6 702 713.8 714.6 703.6 692.1 670.8 722.7 784.4 798.3 750.5 711.2 644.3 582.2 529.8 497 478.8 454 418.5 377.6 349.6 344.1 331 331.4 324.1 292.8 265.3
1912.4 697 945.8 957.7 1024.7 1287.2 1133.6 868.1 635.1 686.1 1239.4 860.7 667.9 483.7 550.9 575.2 444.9 328.6 329.1 360.2 308.6 352.4 417.2 424 466.3 613 515.3 486.6 595 554.2 400.7 450.2 298.6 240.7 378.4 495.7 541.6 590.7 550.6 551.6 583.4 591.1 612.3 626.3 611.7 608 626.9 630 631.5 648 662 679.7 715.5 676.3 698.5 708.9 753.3 832.2 840.1 812.3 734.6 675.3 621.4 564.4 502.2 465.9 421.7 370 356.9 347.4 323.2 303.1 293.7 277 254.9 237.8
413.8 237 697.9 730 647.9 970.6 1153.3 761.9 714.4 691.5 988.8 836.2 656.1 591.1 407.1 470.6 473.2 474.7 463.2 511.6 460.4 469.7 512.5 400.1 455.4 515.3 473.6 531.1 341.6 602.7 381.6 539.3 486.7 416.3 369.5 231.5 344 520.3 517.2 563.4 633.5 625.1 619.8 606.2 607.7 601.6 638.7 638.4 629.9 622.6 622.9 635.3 623.7 -9999 -9999 -9999 -9999 751.1 770.7 773.8 739.7 697.9 665.6 649.9 553.9 461 392.5 380.7 366.4 337.6 296.9 273.9 257.7 235.1 227.9 224.5
894 909.8 719 1294.1 1016.1 1287.2 2338.3 1987.3 1350.7 1234.5 923.7 927.4 875.5 791.3 602 473.1 501.7 533.4 525.2 524.8 456.2 480 477.1 364.9 425.7 467.5 408.8 382.2 360.5 586.2 274.7 424.9 371.9 256.7 368.2 390 389.3 427.7 511.4 598.7 579.7 -9999 -9999 -9999 606.9 596.2 629.1 646.7 631.4 610.1 -9999 -9999 -9999 -9999 -9999 -9999 -9999 797.8 789.7 767.8 722.8 659.5 616.2 609.9 544.7 455.8 384.1 373.6 390.9 332.2 270.3 256.2 245.1 227 226.5 248.5
1317 1043.8 1620.6 929.1 836 735.9 -9999 1055.6 1591.6 1451.2 1013.3 795.4 775.9 739.7 714.2 685.8 666.3 602.3 537.1 558.9 502.4 434 563 494 427.3 486.8 509 601.8 580.6 397.2 438.7 364.3 335.4 326.7 264.2 403.7 570.7 533.1 474.1 452.5 -9999 -9999 -9999 -9999 -9999 -9999 691.1 680.5 660.9 611.1 -9999 -9999 -9999 -9999 -9999 -9999 816.9 844.3 835.4 780.7 741.7 720 646.7 589.3 538.6 472.6 394.7 385.2 370.7 337.3 300.3 267.3 238.8 231.5 245.4 234
850.4 665 610.5 601.1 -9999 -9999 -9999 862.8 1221.9 1596.5 1301.8 1031.7 940.1 903.5 843.5 799.4 746.3 560.5 663.4 659.9 520.6 517.4 517.4 527.5 452.9 375.9 461.5 469.6 317.5 349.4 512.7 486.2 343.7 429.9 344.5 416.7 512.9 532.2 354.8 -9999 -9999 -9999 -9999 -9999 -9999 -9999 725.7 766.2 765.7 734.4 684.3 610.6 572.2 -9999 644.3 751.7 842.2 951.9 995.7 873.7 778.4 745.5 688.3 610.1 541.3 537.1 469 419.7 373 365.4 348.6 312.3 260.4 243.9 257.5 225.7
710.4 661.3 446.9 411.1 -9999 -9999 -9999 -9999 -9999 -9999 1461.8 1109.9 1090.2 1026.4 1017.7 880.1 883.9 864.1 800.3 680.3 621.8 641.5 591.3 383.8 493.5 463 455.9 337.5 225 273.2 485.1 493.8 532.3 338.9 274.7 333.8 329.4 421.1 -9999 -9999 -9999 -9999 -9999 -9999 -9999 -9999 -9999 889.1 1056.5 -9999 -9999 -9999 -9999 -9999 -9999 881 957.5 1096.2 1129 1034.9 888.1 782.4 737.3 634.4 600.1 581.9 511 442.5 399.6 374.7 364 331.8 292.1 264.7 243 230
1849.4 803.6 793.6 657.6 414.3 -9999 -9999 -9999 -9999 -9999 727.8 984.3 1091.8 1024 765.7 818.5 977.1 1163 891.2 827.7 723.1 591.9 582.8 658.8 591.6 410.5 378.7 563.6 380.4 343.8 414.7 531.2 501.8 377.9 430.5 373.1 355.8 -9999 -9999 -9999 -9999 -9999 -9999 -9999 -9999 -9999 -9999 -9999 -9999 -9999 -9999 -9999 -9999 -9999 -9999 -9999 -9999 -9999 1845.9 1439.3 1132.4 917.8 796.9 734.4 674.9 638.2 563.8 544.9 472.5 436.9 400 340.1 312.6 287.9 267.5 242.5
-9999 844.7 679.2 1220.2 902.2 799.2 -9999 -9999 -9999 -9999 -9999 -9999 649.4 1047.9 1108.2 1606.5 1134.3 829.8 727.3 812.9 623.8 587.7 563.8 556.6 578.9 495 549.9 387.3 402.8 404.5 290.5 568.5 609.1 578.8 531.6 517.5 500.5 -9999 -9999 -9999 -9999 -9999 -9999 -9999 -9999 -9999 -9999 -9999 -9999 -9999 -9999 -9999 -9999 -9999 -9999 -9999 -9999 -9999 -9999 1795.1 1873.3 1732.7 1142.2 888.9 789.2 626.9 660 601.4 582.8 551.4 547.6 486.6 405.5 317.7 317.7 308.5
-9999 949.9 784.5 732.3 760.3 881.2 720.2 645.7 -9999 -9999 -9999 -9999 -9999 -9999 944.1 1152 1408.9 1040.3 675.3 547 483.6 712.1 525.1 411.8 580.3 628.4 764.3 673.2 504 554.5 558.3 598.7 683.6 658.1 699.5 686.3 -9999 -9999 -9999 -9999 -9999 -9999 -9999 -9999 -9999 -9999 -9999 -9999 -9999 -9999 -9999 -9999 -9999 -9999 -9999 -9999 -9999 -9999 -9999 -9999 -9999 1697.2 1606.1 1768.1 1163.8 807.9 897.8 811.7 996.9 1009.9 702.8 613.9 485.8 407.6 356 313.1
-9999 -9999 748.4 850.9 706.6 686.7 778.2 839 -9999 -9999 -9999 -9999 -9999 -9999 -9999 -9999 1586.4 1254.3 1303.4 883.3 362.5 387.2 511.4 632.1 534.7 520.8 572.8 561.1 653.3 895.5 859.8 688.2 667.7 711.4 676.1 713.1 -9999 -9999 -9999 -9999 -9999 -9999 -9999 -9999 -9999 -9999 -9999 -9999 -9999 -9999 -9999 -9999 -9999 -9999 -9999 -9999 -9999 -9999 -9999 -9999 -9999 -9999 -9999 1764.7 1565.5 1064.6 1107.4 979 1185.2 1000.4 970.8 678.2 506.7 569.6 489.1 301.3
-9999 -9999 -9999 684.6 629.8 719.7 690.8 768.4 726 -9999 -9999 -9999 -9999 -9999 -9999 -9999 -9999 -9999 1049.1 2110.4 919.2 301.1 436 465.7 551.9 622 726.3 814.7 449.2 427.6 454.6 522.6 606 629.6 785.1 839.6 -9999 -9999 -9999 -9999 -9999 -9999 -9999 -9999 -9999 -9999 -9999 -9999 -9999 -9999 -9999 -9999 -9999 -9999 -9999 -9999 -9999 -9999 -9999 -9999 -9999 -9999 -9999 1480.4 1152.1 858.1 860.4 699.8 835 947 807.5 808.1 1013.1 760.5 468.3 228.8
-9999 -9999 -9999 -9999 587.9 737.3 894 1020.3 736.9 384.9 400.6 584.5 -9999 -9999 -9999 -9999 -9999 -9999 -9999 964.4 849.6 574.8 434.3 289.8 406.5 604.1 654.4 701 793 1059.2 635.5 623.2 540.2 675.8 830.1 797.9 -9999 -9999 -9999 -9999 -9999 -9999 -9999 -9999 -9999 1134.6 948 951.4 948.2 790.3 -9999 -9999 -9999 -9999 -9999 -9999 -9999 -9999 -9999 -9999 -9999 -9999 -9999 2230 1494.5 437.2 568.4 633 602.3 475 725.5 783.1 940.6 1122.9 827.3 438.3
-9999 -9999 -9999 -9999 -9999 -9999 -9999 892.1 884.5 583.3 542.7 561.3 615.4 -9999 -9999 -9999 -9999 -9999 -9999 784.4 1049.6 348.6 371.9 172.6 405.1 611.1 630.1 658.2 817.4 920.2 766.4 680.8 640.9 740.7 705.3 730.7 839.3 1045.5 -9999 -9999 -9999 -9999 -9999 1257.4 1397.9 776.3 648.8 480.4 559.5 571.1 551.3 626.1 729.6 943.3 -9999 -9999 -9999 -9999 -9999 -9999 -9999 -9999 1900.5 903.2 812.5 411 400.2 465.1 582.2 457.1 416 550.8 637.9 530.5 773.3 663.8
-9999 -9999 -9999 -9999 -9999 -9999 -9999 -9999 -9999 980.7 923.5 647.6 595.4 633.5 641.1 -9999 -9999 -9999 -9999 688.6 685.3 345.7 527.2 556 766.5 438.5 395.6 -9999 -9999 658.8 -9999 -9999 630.5 745.2 808 -9999 -9999 -9999 -9999 -9999 1172.6 1056.4 981.9 730.7 830.6 751.5 618.5 550.1 549.8 535.1 486.2 472.2 518.8 498.9 702.1 815.8 979.9 917.4 833.7 854.3 1455.8 1639.8 1029.8 514.5 395.9 395.6 381.4 378.8 449.5 584.3 595.2 632.4 404.6 419.2 462.5 564.2
-9999 -9999 -9999 -9999 -9999 -9999 -9999 -9999 -9999 -9999 721.5 700.1 818.3 -9999 -9999 -9999 498.5 -9999 -9999 1033.6 1109.2 778.4 536.9 343 438.1 -9999 -9999 -9999 477.1 -9999 -9999 -9999 -9999 803.3 916.4 912.5 856.7 928.2 1067.7 722 701.7 722.4 728.4 664.3 637.2 665.7 582.3 529.3 561.7 553.7 517.1 487.4 424.5 412.3 467.7 540.6 577.2 590.6 517.8 530.8 525.3 535 453 408.8 379.9 483.8 350.1 236.5 316.1 459.7 521.6 445.2 677.8 504.7 405.2 350.8
-9999 -9999 -9999 -9999 -9999 -9999 -9999 -9999 -9999 -9999 -9999 -9999 644.8 -9999 -9999 -9999 -9999 -9999 -9999 1033.7 1098.5 930.7 1232 732 403.8 348.2 -9999 -9999 -9999 -9999 -9999 -9999 733.6 789.6 821.5 793.2 809.4 877.8 888.4 657.6 507.4 441.8 482.6 478 471 457.5 479.5 526.4 575 630.3 545 442.9 387.1 385.8 413.9 491.5 492.7 533.6 435.6 499.5 524 491.6 417.7 450.5 442.1 470.6 426.8 219.5 184.5 239.9 289.4 656.7 568 627.9 427 268.8
-9999 -9999 -9999 -9999 -9999 -9999 -9999 -9999 -9999 -9999 -9999 -9999 1006.3 1263.1 -9999 -9999 -9999 -9999 -9999 -9999 -9999 1014.8 962.8 749.5 521.5 459.2 531.5 -9999 -9999 -9999 -9999 -9999 648 664.7 810 788.8 798.5 880.6 676.1 632.3 566.5 463 454.7 450 458.8 459.2 486.8 549 491.6 457.6 406.8 400.7 381.8 395.9 417.6 437.2 512.7 612 698.9 806.1 875.5 762.2 616.9 577.2 580 495.1 418.6 371.9 247.7 232.5 281.4 431.6 568.8 418.3 345 346.8
-9999 -9999 -9999 -9999 -9999 -9999 -9999 -9999 -9999 -9999 -9999 -9999 1005.9 -9999 -9999 -9999 -9999 -9999 -9999 -9999 -9999 -9999 892 871.3 626.2 561.2 -9999 -9999 -9999 -9999 -9999 -9999 -9999 -9999 759.3 863.8 773.8 778.4 651.7 587.3 459.4 423.3 449.8 490.6 433.6 441.1 462.2 472.6 461.7 427 406 427 592.3 511 452.2 425.2 465.2 400.8 442.2 572.7 686.3 741.3 722 757.6 711.7 588.4 409.8 386.7 360.3 302 268.9 258.4 251.1 278.4 272.6 457.9
-9999 -9999 -9999 -9999 -9999 -9999 -9999 -9999 -9999 -9999 620.5 1048.4 1131.6 -9999 -9999 -9999 -9999 -9999 -9999 -9999 -9999 -9999 -9999 601 -9999 -9999 459.5 490.1 545.1 -9999 -9999 -9999 -9999 659.4 796.4 767.7 707 635.2 626.1 567.2 517.3 538.1 632 536.9 453.2 417.8 419.1 448.8 433.1 424.7 429.3 470.1 565.1 555.8 411.9 458.3 449 382 486.5 723.6 522.6 527.9 655.6 770.5 834.6 680.3 464.4 405.1 384.9 354.2 274.6 260.2 200.2 189.3 219.8 329.1
-9999 -9999 -9999 -9999 -9999 649 808.6 792.4 894.5 873.1 -9999 -9999 -9999 -9999 -9999 -9999 -9999 -9999 -9999 -9999 -9999 700.5 -9999 633 727.3 476.4 -9999 -9999 -9999 -9999 -9999 -9999 -9999 577.4 -9999 723.8 712.3 641.9 626.4 585.9 453.1 526.8 589.3 597.2 493.6 413.3 408.8 396.2 419.1 473.5 639.2 819.4 743.4 723.6 673.4 672.9 757.9 588.8 520 470.4 396.1 463.6 497.2 624.2 674.1 718.2 682.5 679.6 592.4 377.3 283.1 284.8 245.5 223 188.9 235.2
-9999 -9999 -9999 -9999 -9999 -9999 -9999 696.8 602.5 762.7 735.5 -9999 -9999 -9999 -9999 -9999 -9999 -9999 -9999 -9999 -9999 -9999 -9999 705.8 700.4 604.1 -9999 -9999 -9999 -9999 -9999 -9999 -9999 -9999 -9999 673.4 1119 1032.9 737 733.3 777.9 1027 1135.9 967.9 775.8 584.8 487.6 476.9 519 677.7 772.8 735.6 814.8 876.7 752.1 632.8 537.2 466 434.4 480.4 504.7 589.2 465 526 650.5 775.5 806.8 811.1 712.6 536.1 388.4 284.6 246 257.9 239.3 260
543.3 551.7 -9999 -9999 -9999 -9999 -9999 -9999 -9999 759.4 -9999 -9999 -9999 -9999 -9999 -9999 -9999 -9999 -9999 -9999 -9999 -9999 -9999 -9999 -9999 -9999 -9999 -9999 -9999 -9999 -9999 -9999 -9999 -9999 -9999 -9999 1021.4 1062.1 1057.2 822.4 1067.7 -9999 -9999 1453.2 1136.6 810.3 603.7 691.3 748 -9999 649.2 -9999 854.4 646.2 620.3 477.2 345.2 209.4 216 401.3 501.4 450.1 319.1 413 400.5 1081.3 704.9 914.8 685.9 719.8 512.7 265.1 262.7 278.5 305.2 295.9
566.7 -9999 -9999 -9999 -9999 -9999 -9999 -9999 -9999 -9999 -9999 -9999 -9999 -9999 -9999 -9999 -9999 -9999 -9999 -9999 -9999 -9999 -9999 -9999 -9999 -9999 -9999 -9999 -9999 -9999 -9999 -9999 -9999 -9999 -9999 -9999 -9999 -9999 -9999 1131.3 -9999 -9999 -9999 -9999 -9999 1046.5 821.2 793.6 -9999 -9999 -9999 -9999 994 479.3 359.1 331.3 287.6 216.7 206.7 283 307.4 286.4 338 401.7 365.7 397.4 363.4 535.4 748.1 759.9 713.5 586.7 385.4 453.4 454 428.2
387 359.1 -9999 -9999 -9999 -9999 -9999 -9999 -9999 -9999 -9999 -9999 -9999 -9999 -9999 -9999 -9999 -9999 -9999 -9999 -9999 -9999 -9999 -9999 -9999 -9999 -9999 -9999 -9999 -9999 -9999 -9999 -9999 -9999 -9999 -9999 -9999 -9999 -9999 -9999 -9999 -9999 -9999 -9999 -9999 -9999 -9999 -9999 -9999 -9999 -9999 -9999 722.8 387.4 250.7 250.8 261.4 208.7 191.7 203.8 212.4 216.6 275 344.3 351.9 347.8 358.9 391.8 413 569.8 757.1 942.1 910.7 617.5 527.8 511.7
343.9 335.7 -9999 -9999 -9999 -9999 -9999 -9999 -9999 -9999 -9999 -9999 -9999 -9999 -9999 -9999 -9999 -9999 -9999 -9999 -9999 -9999 -9999 -9999 -9999 -9999 -9999 664.5 753.8 916.7 626.9 -9999 569.1 -9999 -9999 -9999 -9999 -9999 -9999 -9999 -9999 -9999 -9999 -9999 -9999 -9999 342.7 290.4 -9999 -9999 -9999 -9999 725.8 222 283.6 238.3 183.9 176.2 175.3 185.3 147.3 120.2 128 157.2 167.5 187.9 206.8 267.9 340.9 467.7 670.4 841.8 803.2 511.6 429.2 428.2
267.8 261.7 291.4 -9999 -9999 -9999 -9999 -9999 -9999 -9999 -9999 -9999 -9999 -9999 -9999 -9999 -9999 -9999 -9999 -9999 -9999 -9999 -9999 -9999 -9999 -9999 -9999 -9999 -9999 -9999 -9999 -9999 -9999 -9999 -9999 -9999 -9999 -9999 -9999 -9999 -9999 -9999 -9999 -9999 -9999 504.1 360.6 -9999 -9999 -9999 -9999 -9999 698.7 419.2 223.2 164.7 195.1 175.1 162.5 149.2 121.1 92.8 86.6 78.1 80 97.1 132.5 207.5 313.5 354.9 456.9 561.4 580 503.8 436 405.5
-9999 -9999 -9999 -9999 -9999 -9999 -9999 -9999 -9999 -9999 -9999 -9999 -9999 -9999 -9999 -9999 -9999 -9999 -9999 -9999 -9999 -9999 -9999 -9999 -9999 -9999 -9999 -9999 -9999 -9999 -9999 -9999 -9999 -9999 -9999 -9999 -9999 -9999 -9999 -9999 -9999 -9999 -9999 -9999 -9999 -9999 -9999 -9999 -9999 -9999 -9999 942.7 580.1 131.4 153.6 151.1 148.3 159.3 152.6 134.9 102.8 81.2 96 75.3 70.2 72.4 102 164.2 244 312.9 348.4 430.2 472.9 502.8 422.4 401.2
168.3 283.1 -9999 -9999 -9999 -9999 -9999 -9999 -9999 -9999 -9999 -9999 -9999 -9999 -9999 -9999 -9999 -9999 -9999 -9999 -9999 -9999 -9999 -9999 -9999 -9999 -9999 -9999 -9999 -9999 -9999 -9999 -9999 -9999 -9999 -9999 -9999 -9999 -9999 -9999 -9999 -9999 -9999 -9999 -9999 -9999 -9999 -9999 -9999 -9999 -9999 1098.7 387.5 147.4 135.9 149.1 140.4 145.6 149.3 131.8 107.1 88.9 78 72.8 64.9 62.5 83.9 147.6 204.9 268.6 342.9 375.3 406.4 423.5 408.5 402.6
165.2 186.6 -9999 -9999 -9999 -9999 -9999 -9999 -9999 -9999 -9999 -9999 -9999 -9999 -9999 -9999 -9999 -9999 -9999 -9999 -9999 -9999 -9999 -9999 -9999 -9999 -9999 -9999 -9999 -9999 -9999 -9999 -9999 -9999 -9999 -9999 -9999 -9999 -9999 -9999 -9999 -9999 -9999 -9999 -9999 -9999 -9999 -9999 -9999 -9999 720.2 713.5 213.5 135 185.8 108.5 67.1 107.6 141.4 137 114.5 94.8 83.7 73.9 61.1 55.9 73.5 127 167.6 213.7 257.7 291.7 286.4 320.7 385.9 373.6
133.9 142.4 181.5 226.8 280.4 235 226.6 240.3 -9999 -9999 -9999 -9999 -9999 -9999 -9999 -9999 -9999 -9999 -9999 -9999 -9999 -9999 393.5 482.5 330.6 -9999 -9999 -9999 -9999 -9999 -9999 -9999 -9999 -9999 -9999 -9999 -9999 -9999 -9999 -9999 -9999 -9999 -9999 -9999 -9999 -9999 -9999 -9999 -9999 -9999 510.4 535.9 283.7 312.6 257.8 120.6 79.3 105.8 136.3 140.3 118.4 98.7 80.5 57.2 38.6 46.7 68.3 91.2 148.8 176.2 190.3 193.8 189.2 189.4 263.7 313.6
