datasets/global_precipitation_1950_2017/rasters/precip_2016-total.asc
NCOLS 720 
NROWS 347 
XLLCORNER -180 
YLLCORNER -90 
CELLSIZE 0.5 
NODATA_value -9999 
[rows 136 to 169 of 347, columns 380 to 455 of 720]
355.5 412.3 446.8 412.8 388.5 372.9 376.3 376.8 396.8 428.9 452.8 460.7 433.2 344.3 248.5 170.6 137 124.4 137.1 216.6 290.2 282.3 288.2 277.8 219.3 245.4 248.1 227.8 202.7 211.4 247.4 305.5 367.5 387.3 347.8 275.8 218.1 201 206.7 221.4 229.7 215.5 183.9 179.2 182 216.7 267.1 271.8 260.8 337.9 370.7 346.5 326 397.5 436.2 456 491.4 546.5 549.2 -9999 -9999 -9999 -9999 -9999 -9999 163 251.2 376.8 438.2 392.2 338.4 290.6 232.2 165.2 103.7 69.9
389.3 423.4 454.9 436.4 405 400.5 396.3 389.5 411 445.8 464.3 474.1 481.9 468.8 386.1 287.2 231.5 210 268.5 342.4 333.3 271.2 295.1 355.4 340.6 318.2 303.8 220.5 198.3 205 225 281.5 394.3 460.2 361.4 256.9 206.8 195.4 215.9 244.2 261.7 263.3 216.4 203.6 186.3 258.8 316.8 351.1 389.8 574.7 545.4 497.6 444.5 449.7 488.5 601.9 710.2 690.6 569 571.9 555.4 -9999 -9999 -9999 -9999 -9999 270.3 363.2 395 360 305.9 247.1 190.2 132.3 93.8 71.4
410.9 424.8 470.3 460.1 419.3 397.7 387 389 422.1 459.7 473.5 488 499.9 498.8 487.3 455.8 424.9 412.3 414.1 399.6 366.6 322 334.4 400.3 424.1 412.1 399.1 253.5 209.1 208.9 196.7 237.7 350.3 462.5 322 213.3 215 204.5 239.9 284.2 301.7 294.2 246.4 219.1 207.8 293.9 385.9 405.5 485.7 627.6 684.5 632.5 583.7 536.4 670 930.2 1041.3 714.8 631.2 605.5 596.2 591.2 389.6 -9999 -9999 -9999 281.7 380.4 396.5 320.4 237.3 176.8 131.3 93.5 72.7 76.1
409.3 446 498.8 480.3 435.5 400.6 387.8 396.7 431.9 465 479 518.1 512.7 502.1 502.7 490.3 451.3 434.2 422.9 417.1 405.8 383.7 373.5 452.8 461.7 450.8 485.2 463.7 333.6 214.4 143.6 186.1 210.9 221.2 256.9 245.7 253 274.8 314.2 341.6 323.1 343.2 322.9 267 232.7 259.2 330.6 350.3 526.8 679.3 698.1 744.7 776.4 876.9 1110.6 1102.5 999.4 759.6 663.3 644.5 636.3 630.7 408 107.7 -9999 142.2 -9999 392.9 450.6 265.3 160.1 114.5 82.4 64.6 60.6 -9999
491.5 501.4 498.9 483.2 443.4 422.8 422.8 420.1 432 454.1 544 601.1 547.2 534.4 551 529.9 458.7 488.2 485 424.3 471.2 453.7 443.9 491.7 474.2 470.9 525.9 574.4 536 329.7 157.6 163.7 190.6 212.9 257.5 296.9 341.2 355.3 350.9 392.2 409.1 404.5 385 342.8 314.5 337.1 334.7 398.3 562.1 654.9 732.3 837 970.4 1093.2 1224.9 1227.8 1072.8 758.1 670.8 644.4 661.7 656.6 347.2 111.8 102.4 -9999 135 259.1 280.2 149.4 88.7 -9999 -9999 -9999 -9999 -9999
555.1 538.4 544.9 488.2 464 510.9 570.8 610.4 557 614 652.8 668.7 641.9 649.4 623.5 592 623.7 662.4 647.1 588.7 598.9 584.7 551.5 530.4 519.6 528.9 548.8 582.9 525.6 425.4 306.4 245.2 247.1 244.2 297.1 349.8 372 403.8 431.8 457.2 461 453.9 383.8 433.7 360.2 367.5 416.2 574.5 671.3 701.2 800.5 923.9 1038.8 1156.1 1267.5 1275.5 1255.3 878.8 777.8 743.9 703.5 688.6 241 131 112 88.4 -9999 96.4 104.1 -9999 -9999 -9999 -9999 -9999 -9999 -9999
649.5 674.4 739 676.1 605.5 660.5 713.9 767.2 752.6 747 778.9 721.9 727.4 705.1 655.5 739.4 750.4 791.8 720.9 632 615.1 605.8 580.3 560 527.6 468.9 594.9 549 461.7 379.7 373.9 389.2 385.8 380.1 388.5 393.1 409.4 467.4 573 661.4 600 603.9 596.1 521.8 438.3 423.5 490.2 671.1 759.4 798.8 833.2 878.2 1072.4 1304.3 1334.5 1411.4 1503.1 1151.6 893.1 863.3 839.7 815.1 161.4 142.9 131.3 125.2 82.6 -9999 -9999 -9999 -9999 -9999 -9999 -9999 -9999 -9999
780.9 768.8 809.3 820.8 755.4 749.8 741.2 834.3 828 760 802.9 819 810.9 753.4 751.5 821.9 791.2 786.9 782.5 712.6 722 691.9 627.1 574.6 545.1 554.5 582.2 606.9 499.4 401.3 407.2 434.8 414.3 419.1 435.8 443 470.7 584.7 668.4 677.3 708.6 656.6 741.6 640.3 506.8 579.5 620.1 776.2 869.2 870.8 859.8 1024.2 1373 1547.2 1632.7 1630.5 1673.7 1310.9 1034.6 989.2 943.8 875.2 209.5 142.8 134.5 173.8 -9999 -9999 -9999 -9999 -9999 -9999 -9999 -9999 -9999 -9999
830 784.7 784 805.9 811.7 846.8 873.8 913.9 937.6 888.8 874.5 868 827.4 876.9 882.4 891.4 863.3 825.9 842.7 828.4 838.2 803.1 738.9 663.8 651.3 644 619.5 577.7 533.7 511.1 516.1 496.4 456.6 442.9 457.6 473.7 538.7 665.2 704.5 739 750 752.8 759.4 712.9 577.7 554.8 682.1 858.1 920.9 953.4 963.3 1392.8 1612.2 1549.4 1642.9 1557.4 1483.3 1137.8 1013.1 962.9 873 864 261 159.9 144.1 117.6 97.7 -9999 -9999 -9999 -9999 -9999 -9999 -9999 -9999 -9999
975.5 888.1 825.2 845.6 1082.5 1285 1210.5 1044.6 910.8 916.7 861 883.1 970.7 960.3 934 882.5 887 889.7 891.7 898.5 921.7 901.2 869.2 800.7 760.3 729 688.2 630.2 591.7 603 632 546.3 496.8 471.3 479.2 501.3 568.3 681.5 741.8 768.4 801.2 788 798.6 739.2 658.6 654.5 792.2 938.3 1027.8 1093.3 1274.6 1638.4 1777.7 1900.4 1712.4 1411.5 1221.9 952.5 840 894.2 901.2 882.2 309.1 208.9 188.8 171.1 190 176.2 -9999 -9999 -9999 201.6 242.9 271.6 286.3 231.9
1053 1001.9 923.9 987.4 1248.6 1422.1 1639 1096 930.1 914.4 892.5 908.5 1012 963.9 1011.4 1005.6 1011.6 1064.3 1049.6 988.2 996.6 1013.2 971.8 884 807.4 748.1 721.5 737.4 725.7 704.4 676.5 621.4 560.8 566 618.3 648.8 651.5 717.9 769.3 789.3 798.8 773.6 790.7 734.1 680.4 720.4 826.2 890.3 1028.3 1294.3 1566.7 1765.6 1886.8 1767.5 1495.3 1174.9 1114.9 869 761.3 888.1 939.2 895.5 511.8 434.6 431.2 451.4 472.8 392.9 256.5 165.7 218.7 258.8 252.7 253.5 255.1 215.9
1072.6 1061.8 991 972.8 1049.4 1125.9 1134 974.8 856.9 921.4 901.4 1001.3 1027.2 1063.1 1107.8 1141.1 1178 1153.9 1136 1103.5 1094.2 1104.7 1067.7 958.8 851.1 789.6 789 825.2 799.6 764.7 826.8 850 847.5 839 873.7 874.4 873.9 856.5 842.1 835.5 843.6 849.9 827 788.2 793.5 777.5 833.4 944.6 1184.3 1513.4 1728 1870.6 1947.5 1815.2 1675.9 1300.1 1082.8 922 772.4 999.2 972.8 813.1 648.7 611.2 634.4 609.8 523.6 412.4 336 326.1 379.7 236.6 231.8 224.4 206.9 166.7
1094.4 1058.1 958.8 937.4 932.2 1011.2 1023.4 953 800.3 961.2 957.3 938.3 988.7 1074.8 1109.5 1150.7 1230.9 1195.3 1171.1 1195.2 1215.7 1217.2 1206.4 1107.6 962.9 865.5 879.4 938.2 1024 930.1 990 1060.9 1063 1009.3 952.9 928.1 920.7 889.4 861.5 849.1 888.5 922.5 861.7 814.3 777.3 798.6 826.5 951.2 1253.9 1517.6 1763.1 1928.5 2095.3 1912.1 1448.1 1246.9 961.5 1064.5 716.8 633.4 604.3 802.9 710.2 663.8 723.8 654.7 576.8 398.5 329.8 301.4 242.4 200.7 201 179.7 153.3 132.3
1072.7 1057.4 995.1 1000 1068.8 1185.9 1323.8 1206.6 911.3 971.2 1035.5 966.4 999.2 1047.4 1064.1 1146.1 1248.5 1291.6 1243 1277.6 1322.6 1351.3 1347.3 1303.7 1151.6 1025.5 1009.8 1047.2 1063 1066.5 1113.1 1183 1152.5 1056.7 973 921.9 943.7 919.5 876.3 876.2 905.4 945.7 885.9 816.3 792.5 808.4 829.3 974.5 1185.3 1276.1 1704.4 1923.7 2071.1 1818.3 1508.5 1172.3 937.4 712.9 584.7 421.8 533.9 876.7 783.2 660.2 636.3 601.1 543 408.5 307.5 265.2 225.4 196.8 166.1 136.3 106.6 103.8
1051.8 1060.5 1132.5 1217.1 1240 1297.7 1357.7 1353 1210 1053.9 1104.6 1089.2 1096.1 1109.6 1138.5 1229.9 1272.7 1261.7 1269.5 1337.3 1378.7 1417.8 1427.6 1454.9 1473.6 1445 1339.6 1246.8 1178.8 1153.5 1156.4 1212.2 1214.6 1135.9 1055.7 1034.3 1022.3 959.5 896 892.7 908.7 918.5 882.3 830.7 842.4 867 899.4 1016.3 1169.3 1291.1 1923.2 1888.4 1973.5 2204.3 1624.1 1210.3 909.6 631.5 591 624.4 601.9 730.1 856.1 647.4 589.4 559 505.5 370.4 280.9 239.6 200.4 166.6 127.5 102.6 88 92.1
1085.9 1182.7 1451.3 1531.6 1443.3 1387.5 1373.6 1382.8 1417.6 1232.8 1204.6 1214.7 1184.8 1197.8 1204 1273.4 1355.2 1363.9 1375.5 1397.1 1421.9 1459.4 1509.3 1581.9 1670.5 1692.7 1632.5 1507.5 1366.2 1262 1226.9 1263.6 1318.7 1219.2 1136.4 1131 1101.9 1004.7 944.5 922.5 890.9 852.5 835.7 849.7 905.8 921.9 962.4 1028.4 1189.8 1551.6 1954.8 1984.5 1925.2 1889.9 1517.2 962.6 866.3 544.7 736.9 746.8 691.8 704.1 771.1 689.3 498.1 411 325.4 270.2 264.4 251.6 216.4 145.6 113.3 101.7 95.9 95.8
1434.7 1614.2 1658 1622.7 1557.4 1470.7 1394 1369 1461.1 1449.7 1342.8 1305.6 1243.9 1264.7 1370.3 1440.3 1462.1 1476.3 1491.1 1492.3 1505.8 1573.5 1640.1 1714.1 1730.3 1735.4 1718.3 1681.8 1584 1409.9 1309.1 1314.9 1327 1249.6 1182 1166.2 1100 958.5 980.7 960.3 891.5 808 818.9 867.1 922.8 951.1 971.8 1012.2 1122.2 1646.4 1936 1944 1955.8 1888.3 1519.6 1188.7 939.5 892 660 692.6 592.5 636.5 670 420 244.4 232.8 230.2 243.6 259.5 266.6 248.2 170.4 114.1 107.8 101.2 98.4
2129.2 1881 1739.6 1648.8 1597.5 1557.5 1468.1 1445.2 1519.8 1534.7 1472.6 1440.1 1349.1 1390.6 1480.4 1553.5 1595.4 1577.7 1550.5 1600 1659 1670.8 1690.1 1744.4 1748.3 1754.7 1747.6 1732.1 1706.8 1600.9 1464.9 1409.9 1378.2 1327.2 1235.7 1160.4 1089 1033.5 987.3 967.1 915.2 844.4 862.3 888 928.5 959.3 950.7 981.1 1121.7 1669.3 1767.1 1853.2 2036.9 1781.5 1363 1375 642.7 928 679.4 567.8 569.2 613.7 614.9 302 221.3 199.7 194.1 209.4 238.1 237.1 221.5 157.5 110.5 101.3 97.8 84.8
2301.7 1813.9 1815.5 1659 1613.6 1627.2 1573.6 1504.1 1523.4 1526.2 1498.9 1435.4 1347.3 1433.6 1562.5 1663 1705.7 1673.7 1643.2 1686 1702.6 1690.8 1631 1730 1755.5 1789.8 1777 1769.9 1768.6 1740.2 1670.1 1555 1474.7 1429.8 1361 1265.9 1151.1 1065.1 1038.2 1022.7 969.7 905 896.3 916.4 943.7 960.3 967.3 973.2 1234.3 1620.3 1664.2 1710.5 1585.8 1298.7 900.3 968.9 1475 2019.7 1198.1 628 581.5 594.1 540.4 253.6 200.9 177.7 161.6 164.2 187.7 193.6 189.6 138.3 98.5 94.6 90.1 88
2288.6 2023.3 1895.7 1652.9 1581.5 1588.1 1567.9 1510.8 1513.4 1448.5 1480.8 1404.2 1427.2 1540.1 1709.5 1833.8 1838.7 1754.3 1713.1 1745.2 1736.6 1714.4 1722.6 1745.9 1801.7 1864.8 1830.6 1850.5 1848.4 1804.4 1728.9 1617.3 1500.9 1442.3 1414.8 1394.1 1367.8 1308.4 1280.4 1261.2 1181.6 947.7 924.5 921.1 939.7 942.3 939.8 934.6 1183.1 1505.2 1535 1538.3 1361.1 1234.2 950.5 817 793.7 1228.7 828.4 654.4 630.2 611.7 498.2 230.1 191.3 175.6 155.6 139.8 149.9 150.2 138.1 122.3 103.8 92.1 87.9 92.5
2120.1 2114.7 1843.2 1619 1569.3 1564.6 1534.3 1523.6 1540.7 1523.2 1504.6 1494.5 1536 1655.4 1839.3 2023.6 1982.5 1836.3 1743.3 1746.8 1743.7 1752.5 1799.2 1738.3 1819.9 1877 1888.3 1932.7 1919 1813.5 1741.9 1629.2 1479.6 1399.7 1377.7 1385.6 1382.2 1381.3 1386.4 1379.1 1341.2 1049 964.1 945.6 966.6 976.8 907.5 847.2 816.8 989.3 1078.4 1097.6 1087.9 1041.7 923.1 819.4 797.9 790.1 684.5 678.2 617.2 547.4 363.8 203.8 189.3 187.4 179.5 163.3 142.6 133.8 119.3 113.9 101.6 89.1 83.7 90.5
2699.2 2879.6 1545.9 1641.7 1551.7 1537.9 1528.1 1546.8 1578.6 1597.6 1596.5 1614.3 1648.7 1733.1 1897.3 2070 2118.4 1831.8 1764.9 1815 1823.4 1813.5 1816.2 1900.5 1791.7 1911.1 1919.2 1969.1 1926.1 1823.9 1722.9 1628.7 1490.6 1379.3 1345.3 1350.9 1343.5 1332.3 1335.6 1334 1306.5 1178.1 1036.8 977.7 1053.9 995.5 876.6 838.7 686.9 554.8 550.1 528.6 566.3 533.5 596.8 734.3 814.6 756.8 680.3 600 507.7 429.4 286.4 220.1 202.2 207.6 228.3 209.9 170.8 133 106.8 118.6 97.3 74.1 76.2 85.1
2770 2649.2 1890.3 1727.1 1577.6 1558.3 1477.4 1559.7 1557.9 1597.7 1643 1731.3 1719.9 1762.1 1885.1 2107.4 2249.5 1747.2 1782.6 1859.7 1867.7 1870.1 1895.1 1930.3 1874 1890.1 1932.9 1942.1 1906.7 1828.7 1740.5 1684.7 1586.7 1486.2 1425.8 1416.1 1337.1 1355.8 1381.3 1334.8 1275.5 1272.5 1202 1182.5 1122.4 1114.6 958.6 958.6 552.9 500.4 418.1 398.2 387.8 393.3 436.9 550.2 728.2 733.4 648.9 500.9 406.7 365.6 289.2 248.3 231.5 230.4 262.4 245.3 207.1 166 159.5 154.1 109.3 76.7 73.9 79.2
2543.5 2354 1933.5 1734 1544.8 1593.4 1627.1 1582.6 1562 1576 1620.7 1669.9 1684.1 1767.7 1948 2152.2 2117.8 2000.7 1884.4 1904.1 1883.6 1862 1857.7 1888.3 1894.4 1898.4 1917.9 1907.3 1865 1798.6 1757.3 1715.4 1670.4 1678.9 1639.6 1537.8 1481.4 1516.9 1550.9 1264.8 1348.9 1451.8 1273.6 1238.3 1159 1121 983.3 859.1 679.7 533.2 393.3 349.6 348.7 376 467.2 584.5 731.2 774.7 733.5 537.9 450.2 395 334.7 287.1 270.7 257.8 315.8 309.5 283.6 233.6 203.1 207.7 171.8 114.9 91.6 -9999
2646.1 2289.5 2010.6 1820.3 1722.7 1672.1 1626.7 1597.3 1578.5 1570.6 1604.4 1622.7 1704.9 1764.2 1927.4 2043.6 1987.7 1927.9 1930.6 1919.5 1890 1887.9 1831.8 1862.7 1884.8 1859.8 1860.7 1854.9 1811.5 1728.4 1690.7 1660.5 1670.2 1700.3 1777.2 1788.9 1684 1586.9 1457.5 1572.5 1375.5 1247.7 1235.3 1090.8 1221.4 1192.1 1090 876.9 696.5 613.8 341.8 235.8 293.5 426.3 587.4 703.8 770.5 793.8 765.7 613.8 487.9 420.2 385.7 333 305.7 324.5 435.2 461.6 389.3 344.6 284.5 274.5 278.8 221.9 -9999 -9999
2892.8 2164 1962.1 1877 1835.8 1774 1674.4 1610.2 1532.2 1469.4 1445.8 1538.9 1636.8 1723.6 1828 1870 1872.6 1866.9 1882.7 1865.8 1877.1 1883.4 1861.5 1874.3 1878.5 1850.3 1833.8 1803 1758.7 1636.3 1596.3 1578.3 1661.7 1764.2 1839.6 1891.4 1769.5 1640.9 1620.3 1617.7 1316.1 1289.4 1122.4 1085.9 1413.8 1229.7 1115.7 936.4 756.1 747.8 447.3 254.1 293.2 498.8 645.1 712.9 778.4 780.3 699.6 529.2 452.6 424.8 403 371.2 345.9 367.8 468.9 449.4 381.3 411.8 356.1 385.9 339 -9999 -9999 -9999
2715.2 2199.1 1903.2 1964 1944.5 1868.4 1715 1592.3 1465.5 1394.1 1268.2 1439.2 1588.1 1701.1 1784.6 1774.5 1787.4 1831.6 1832.2 1841.3 1850.7 1839.2 1831.1 1942.2 1850.1 1833.8 1870.8 1821.2 1724.2 1626.3 1545.1 1499.2 1604.4 1763.4 1767.9 1747.2 1705.5 1658.8 1458.4 1282.2 1115.1 1162.1 1030.6 999.6 1271.9 1292.5 1223.4 1113.7 877 839.9 746.3 521.1 440.7 533.5 610 632.8 763.5 752.4 472.8 403.9 392.3 390.6 391.8 385 388.4 363.6 418.6 425.6 404.7 403.5 373.7 -9999 -9999 -9999 -9999 -9999
2540.3 2500.6 2102.6 2128.1 2065.9 1980.3 1788.4 1646.9 1538.4 1461.2 1341.1 1406.9 1643.7 1711.6 1788.9 1797.5 1826.4 1781.2 1798.6 1818.9 1847.3 1837.9 1845.2 1879.6 1925.5 1927.6 1918.1 1877.9 1805.3 1672.2 1544.3 1474.8 1523.7 1613.7 1602.4 1592 1634 1549.8 1168.8 1151.6 1045.8 999.8 727.1 1169.1 1144.7 1212.1 1186.1 1169.2 1047 1021.1 1077 923.8 591.2 492.5 589.4 670.8 686.6 576.9 368.9 350.5 347.7 352.5 364.7 404.1 416.3 402.2 401.1 398.6 407.5 413.8 -9999 -9999 -9999 -9999 -9999 -9999
2692.4 2464.4 2167.8 2092.4 2157.9 2106.3 1907.7 1694.8 1624.8 1568.8 1549.2 1544 1649.4 1719.8 1805.7 1812 1794 1770.2 1774.6 1813.2 1985.9 2061.8 1997.5 2019.1 2034.6 1984.3 1901.6 1837.5 1806.3 1694.4 1517.2 1472.4 1566 1629.4 1577.2 1488 1532.7 1408 1192.9 1142.9 1007.5 963.7 1135.3 1141.9 1039.7 1105.7 1224.4 1204.2 1016.3 1074.5 1110.7 844.3 666.7 541.4 644.6 682.8 560 383.4 308.1 303 313.1 327.6 376.7 470.9 504 512.5 446.1 389.2 -9999 -9999 -9999 -9999 -9999 -9999 -9999 -9999
2212 2323.8 2070.5 2042.5 2205.1 2308.7 2048.3 1788.8 1709.7 1748.7 1780.5 1756 1724.3 1738.6 1789.4 1793.2 1785 1796 1845.2 1958.4 2114.2 2148.9 2146.3 2159.9 2164.5 2063.9 1900.1 1819.4 1722.2 1605.2 1496.9 1493.9 1592.9 1699.4 1658.8 1550.3 1455.5 1314.7 1277.9 1172.7 1212.4 1100.8 1067.8 1105.9 1186.6 1286.8 1235.3 1240.3 1304.6 1295 1151.6 1342.8 858.7 593.1 722.9 713.5 444 343.3 289.7 266.4 286.8 324.9 377.1 461.5 501.4 545.9 479.2 -9999 -9999 -9999 -9999 -9999 -9999 -9999 -9999 -9999
2495.4 2195 2049.5 2032.7 2185.1 2272 2068.1 1849.9 1762.5 1859 1960.6 1970.2 1804.5 1738 1761.5 1787.3 1749.4 1831.8 2003.2 2080.4 2148 2148.2 2175.8 2226.2 2299.8 2205 1974.6 1876.9 1799.8 1646.9 1574.3 1537 1590.6 1675.6 1672.7 1554.6 1315.7 1225.4 1282.5 981.4 902.9 990.1 768.3 1034.8 1274.6 1321 1390.9 1074.2 1251.1 1646.7 1355.2 1028.9 697.6 682.6 678.6 861.1 532.9 335.6 286.8 268.5 287.1 312.8 338.7 398.3 426.6 469.8 -9999 -9999 -9999 -9999 -9999 -9999 -9999 -9999 -9999 -9999
2326.1 2046 2137.1 2022.2 2121.4 2198.5 2066 1918.7 1800 1771.2 1898 1814.2 1696.4 1616.5 1650.8 1742.4 1759.8 1845.7 1989.7 2065.1 2113.5 2154.6 2197.5 2222.4 2243.9 2127.6 1983.9 1916.2 1882.5 1741.6 1632 1574.6 1587.4 1712.2 1712.7 1510 1200.1 1157.9 1083.1 750.7 889 811 755.7 965.6 1937.3 1485.9 1359 913.5 1208.7 1070.5 1518.7 1083.2 997.7 854.2 1589.2 1295 504.6 354 280.3 284.2 295.9 300.9 301.7 343 337.2 -9999 -9999 -9999 -9999 -9999 -9999 -9999 -9999 -9999 -9999 -9999
2067.2 2412.5 2413.3 2335.8 2220.6 2102.2 2078.7 1968.1 1892.3 1917.2 1717.7 1659.7 1557.5 1511.7 1561 1681.7 1815.5 1840.4 1954.8 2051.7 2079.1 2114.5 2151.4 2173.9 2138.9 2023.8 1920.4 1853.5 1815.8 1820 1752.4 1641.4 1645.9 1780.6 1829.8 1246.8 1215.2 1192.9 1130.8 991.9 807.4 772.9 863.6 1017.4 1469.7 1758.2 941.9 783.2 1026.9 1549.4 1608 794.1 685.2 2014.5 1010.2 700.7 595.1 470 308.9 304.2 316.7 326.6 376.5 330.8 -9999 -9999 -9999 -9999 -9999 -9999 -9999 -9999 -9999 -9999 -9999 -9999
2248.1 2470.7 2505.3 2578 2257.4 2141.3 2253.3 2147.8 1955 1834.9 1573 1537.3 1480 1283.6 1499.9 1612.9 1747 1889.3 1927.4 2008.2 2041.4 2049.7 2095.2 2100.3 2070.7 2025.1 1915.1 1810 1824.8 1807.7 1766.9 1596.6 1683.8 1826.9 1963.7 1548.5 1338.7 1200.9 1256.2 1155.4 609.2 638.1 996.6 1589.2 1531.3 1586.2 734 802.7 1126.1 1281.3 1068.5 608.9 875.5 972.6 858.1 911.9 801.4 611.5 407.5 370.1 395.7 562.8 629.6 484.9 -9999 -9999 -9999 -9999 -9999 -9999 -9999 -9999 -9999 -9999 -9999 -9999
