datasets/global_precipitation_1950_2017/rasters/precip_1963-total.asc
NCOLS 720 
NROWS 347 
XLLCORNER -180 
YLLCORNER -90 
CELLSIZE 0.5 
NODATA_value -9999 
[rows 136 to 169 of 347, columns 380 to 455 of 720]
299.4 327.7 333.4 262.2 214 187.2 183.6 193.6 226.2 267.8 295.7 311.5 300.6 231.1 156.3 96.6 71.8 75.1 130.4 231.3 314.8 326.9 366.6 388.1 372.6 438.5 433.4 397.2 355.1 350.9 380.3 433.6 498.8 520.1 479 387.8 296.9 241.7 209.4 166.7 143.5 143.2 139.7 129.2 107.7 122.2 231.7 222.2 166.9 261 316.9 291.9 270 370.2 348.8 309.3 389 533.9 542.6 -9999 -9999 -9999 -9999 -9999 -9999 171.4 316 491 575.2 529.8 466.6 409.3 343.9 269.9 201.4 154.2
325.7 340.6 347.9 289.4 224 189.3 175 193.7 235 276.8 300.1 316.9 338.6 340.7 279.5 204.1 171.8 178.9 268.8 360.9 361.3 323 387 497.1 544.9 559.2 518 404.3 361.1 348.5 362.1 415.6 528.7 596.3 501.7 389.6 295.1 226.4 224.8 212.6 186.7 195.3 204.4 196.2 126.7 245.2 294.7 299.8 333.9 522.8 521.7 467.4 410.2 415 405.9 493.8 611.1 547 500.7 539.1 532.6 -9999 -9999 -9999 -9999 -9999 327.4 477.6 541.1 496.1 418.1 342.8 276.5 214.5 171.7 144.2
331.6 345.8 373.7 323.7 247.9 185.1 162.5 197.7 250.3 290.4 290.8 321.5 346.3 361.9 377.1 376.4 365.2 398.6 426 426.3 401 373.7 429.2 552.7 640.5 666.4 640.8 454.9 385.5 345.9 338.5 376.2 484.5 599 461.8 360.6 323.2 240.6 322.8 329.5 254.2 231.3 252.2 259.2 269.6 333.4 312.6 370.8 458 547.4 647.8 625.4 558 484.6 579.6 831.2 958.5 633.2 544.1 542.3 550 553.5 351.5 -9999 -9999 -9999 336.3 528 589.3 464.6 325.8 242.7 191 152.4 140.2 135.5
334.7 383.8 413.6 353.8 289.4 220.7 197.3 220.3 270 297.6 319.9 356.5 352.9 363.6 403.5 412.8 387.3 414.8 446.1 459.4 445.5 414.8 460.2 610.9 686.9 721.3 753.3 695.3 522.1 370.1 285.9 322.8 342.9 350.4 377.8 348.3 321.9 341 501.2 379 186.5 283.6 336.3 309.2 294.2 286 438.7 477.6 595.8 656.7 607.3 733.1 758.4 813.4 1001 981.1 914.4 684.7 598.4 598.7 600.5 599.7 376.3 42.3 -9999 109.7 -9999 573.9 725.1 387 199.1 138.3 112.8 102.1 112 -9999
523.6 509.2 431.8 357.3 337 262.6 259.5 261.5 279.1 299.8 366.5 430 403.5 434.6 495.3 473.8 368.5 470.5 519.1 479.6 520.3 496.2 528.8 654.1 727.8 752.6 811.3 840.8 762.3 519.1 313.6 305.8 319 325.6 330.5 319.5 321.8 323.7 291.5 338 366.4 390.7 430.9 338.4 314.8 350.3 462.8 510.8 603.4 752.4 718.8 820 925.7 1004.4 1098.1 1092.3 967.2 695.5 635.7 618.6 634.3 606 290.3 41.9 45.1 -9999 129.9 358.2 410.3 163.1 55.7 -9999 -9999 -9999 -9999 -9999
660.4 609.7 508.9 403.7 371.9 407.9 460.1 477.6 382.4 398 415.7 465.7 517.6 616.1 652.8 584.2 601.9 675.4 695.9 653 649.7 611.3 583.5 643.6 771.1 818.5 835.7 854 779.7 661.7 514.7 414.1 374.5 324.1 316.9 314.1 290.1 321.9 352.4 398.1 405.7 480.4 503.7 439.5 382.8 471.8 496.1 559.2 645.7 711.9 813.3 913 991.2 1074.4 1150.3 1145 1152.9 833.9 790.7 753.4 675.3 591.2 125.2 53.5 75.7 59.2 -9999 123.1 120.3 -9999 -9999 -9999 -9999 -9999 -9999 -9999
707.9 693.8 699.1 605.9 531.9 600.7 656.2 664.7 567.6 483.3 468.1 477.8 598 702 729.1 752.1 748.4 789.4 788.9 700.8 673.3 610.8 535.4 579.1 722.3 729.4 855.5 792 711.6 639.7 609.5 554.6 495.8 434 378.7 343.6 368.2 394.5 536.3 664.2 603.3 638.7 575.3 547.8 515.9 582.1 578.9 667 735 792.1 856.4 932.7 1096.2 1271.9 1213.2 1302.8 1425.8 1137.4 922.1 906.5 814 627 84.4 47.8 108.2 147.4 101.1 -9999 -9999 -9999 -9999 -9999 -9999 -9999 -9999 -9999
800.4 755.2 756.6 752.6 700 714 704.8 760.7 665.1 519.1 527.1 580.1 633.4 696.2 773.7 833.2 775.8 798.4 783.9 754.1 777.2 713.8 608.6 592.9 676.3 767.1 803 780.6 728 655.6 613.9 544.8 494.8 463.5 413.5 371.1 305.1 485.8 625.1 693.9 748.7 752.2 810.9 685 611.1 735.9 717.6 804.3 835.1 864.5 880.3 1126.7 1493.1 1625.7 1523.5 1551.4 1673.3 1356.8 1126.5 1089.8 931.5 559.9 84.2 37.4 102.9 212.4 -9999 -9999 -9999 -9999 -9999 -9999 -9999 -9999 -9999 -9999
837.5 781.3 751.6 751.8 783.2 842.4 856.9 867.9 841.9 716.5 629.9 651.6 649.1 798 902.5 948.8 905.1 829.4 797.3 857.5 906.2 861.8 763.2 700 766.2 824 816.9 774.6 749.4 726.2 664.7 539.3 432.1 462.1 435.7 429.3 448.1 583 640.8 763.1 806 835.8 831.8 744.8 606.2 630.3 768.9 907 938.6 969.3 990.4 1508 1812.7 1849.6 1770.5 1643 1593.3 1246.9 1182.9 1147 988.5 741.1 148.2 64.8 103.4 142.1 118.4 -9999 -9999 -9999 -9999 -9999 -9999 -9999 -9999 -9999
980 881 818.8 855.7 1165.2 1383.6 1260.3 1040.2 907.4 835.6 758.1 675.4 928 919.2 971.9 998.2 964.4 879.8 854.4 903.8 971.7 945.4 902.7 860.4 875.3 887.6 857.8 801.3 767.1 765.5 742.4 574.3 485.8 459.9 448.8 464.9 510.8 631.5 733.7 800.5 853.7 888.5 855.7 710.5 570.3 629.4 857.9 1023.3 1064 1112.4 1274 1687.3 1930 2124.8 1959.4 1671.5 1405.2 1083 998.5 1008 1023.8 922.7 313 190.6 229.8 244.6 282.1 279.8 -9999 -9999 -9999 279.4 312.4 326 327.4 262.3
1064.2 1013.4 972.6 1175.5 1537.8 1696 1832.4 1170.6 915.7 890.9 632.1 779.2 1048.4 947.4 999.6 1039.7 993.9 933.4 898.2 912.7 962.5 982.4 968.4 927.1 903.5 883.2 861.1 868.4 857 825.1 774.1 676 551.4 510.2 529.7 538.5 554.2 668.4 771.7 823.6 859.4 861.9 823 682.7 538.3 708 899.5 1050.8 1132.3 1280.1 1515.2 1662 1860.3 1902.2 1767.4 1487.9 1288.8 988.4 905.6 1047.2 1076.7 990.9 583.9 542 572.1 605.7 645.5 573.7 402 277.1 346.1 393.7 367.6 348.5 332.3 268.2
1117.1 1126.9 1160 1315 1424.3 1489.4 1473.4 1178.8 902.6 1011.1 980.4 1091.7 1095.2 1073.2 1050.9 1075.5 1061.9 908.7 877.5 939.2 1012.9 1043.6 1041.2 982.7 914 882.5 891.7 924.7 881.8 851.5 937.3 946.9 861.9 723.8 663.4 641.4 654.5 712.9 775.2 806.2 817.8 826.8 811.6 788.4 851.8 802.8 909 1078.3 1261.5 1508.7 1681.5 1609.5 1663.1 1692.6 1769.3 1443 1152.8 1023.5 963 1242.7 1185.3 933.4 712.9 673.3 761.1 772.2 713.2 597.7 530.2 508.9 572.2 388.5 374.3 344.9 300.5 232.1
1186 1187.5 1215.2 1333 1332 1398.8 1461.6 1267.8 866.8 1070.6 1030.3 1139.8 1104.9 1117.8 1073.5 1093.2 1155 953.3 906.4 1027 1155.9 1199.7 1186.6 1106.3 990.8 914.9 944.1 1010.9 1091.9 1033.1 1146.8 1210.3 1127.9 917.4 724.1 614.1 644.7 687.5 717.2 709.3 719.1 677 756.7 797.8 792.9 832.3 921.9 1104.3 1382.7 1560.5 1632.8 1402.7 1688.5 1691.3 1449.4 1313.2 962.2 1016.2 1009.4 1023.8 958.1 980.2 794.5 731.7 869.5 858.9 777.5 598.4 543.1 503.6 419.4 364.1 362.5 308.8 249.9 214.9
1200.7 1208.6 1273.1 1389.1 1459.1 1541 1631.3 1498.9 1075.5 1087.4 1124.3 1050.1 1231.8 1186.8 1077 1085.1 1089.6 1070.7 999.2 1143.9 1320.9 1353.8 1318.8 1263.6 1123.2 1005.7 1014.4 1092.4 1158.1 1226 1340.9 1411.8 1270.3 1033.9 760.6 571.8 713 747 720.8 705.7 679.7 633.6 705.9 757.6 793.2 863.9 984.6 1213.2 1425.5 1463.8 1777.4 1784.6 1937.1 1772.1 1592.1 1284.4 1054 1027.5 1074 936.8 1016.3 1187.8 966 833.7 848.4 840.3 785.6 654.4 551.4 494.7 438.2 394.4 329.9 266.9 220 205.4
1194.9 1193.6 1303.5 1479.4 1560.9 1627 1673.6 1672.6 1452.6 1189.8 1273.9 1364.9 1352.3 1247.1 1107.5 1033.8 1031.6 858 991.4 1211.7 1384.5 1389 1372.9 1358.6 1341 1309.5 1253.9 1236.8 1258 1336.2 1428.8 1478.7 1377.7 1183.7 994.3 944.3 966.2 850.2 735.8 743.4 714.5 685.9 701.8 752.8 863.4 970.9 1099.7 1292.4 1507.3 1629.9 2166.8 2221.7 2140.2 2307.4 1743.2 1347.9 1141.9 1040.4 1142.1 1169.9 1160.4 1223.4 1197 930.2 868.8 846.6 799.7 676.6 561.8 504.2 437.6 369.3 292.3 238.1 221.5 217.6
1239.8 1297.2 1472.6 1585.3 1626.7 1683.3 1725.4 1736.2 1714.3 1419.7 1391.8 1473.9 1350.4 1190.4 1122.8 1055.2 1056.4 1081.9 1167.5 1286.9 1370.5 1377 1364 1380.3 1422.3 1439.1 1437.8 1412.7 1391 1405.5 1459.8 1511.4 1496.7 1318.5 1194.5 1241.5 1182.5 989.9 873.8 830.7 781.4 720.8 742.9 871.3 1011.2 1068.9 1132.5 1254.6 1460.4 1824 2221.3 2276.1 2141.5 2089.2 1623.1 926.9 1041.1 908.4 1235.3 1353.5 1325.8 1326.7 1284.2 1103.5 862.5 762.6 665.2 570.1 546.5 523.9 465.5 344.7 270.5 240.8 233.1 236.1
1574.4 1674.6 1604.4 1551.8 1612.6 1685.8 1766 1765.9 1715.7 1539.8 1304.9 1256.8 1255.7 1210.1 1206.8 1158.7 1005.1 1255.6 1383.3 1361.3 1343.9 1363.5 1384 1412.8 1417.1 1429.5 1464 1509.4 1534.3 1492.4 1512.3 1544.6 1527.6 1386.6 1283.7 1264.3 1169.9 990 965.1 920.4 859 821.5 923.8 1014.7 1088.4 1091 1102.2 1165.4 1296.5 1837.8 2145.1 2166 2173.2 2121.1 1670 1195.1 1113 1119 1130.6 1404.5 1328 1322.5 1293.7 974.4 606.3 527.6 534.1 537 552.2 545.7 483.3 354.3 268.9 246 245.9 252.6
2217.2 1907.1 1653 1493.7 1595.1 1685.9 1689.8 1680.3 1673.6 1538.4 1299.2 1206.7 1240.1 1265.8 1279.2 1308.6 1425.6 1398.5 1417.5 1360.4 1330.5 1338.2 1375 1379.1 1385.2 1433.3 1472.6 1523.5 1604 1633.5 1644.5 1658.5 1615.4 1515.2 1384.8 1258.1 1157 1069.3 976.8 958.2 929.8 926.1 1028.6 1085.2 1091.6 1087.4 1071 1087.8 1227.6 1777.5 1878 1988.9 2223.3 2023.5 1609.7 1569.5 856.5 1172.3 1142 1271.5 1323 1323.2 1316.7 902.3 574.3 482.3 496.5 525 549.3 524.1 465 353.8 274.8 252.2 247.9 265.6
2422.7 1782.6 1704 1545.4 1600.4 1724.7 1619.4 1553.9 1576 1448.2 1285.5 1217.2 1280.7 1331.5 1344.4 1404.7 1539.9 1408.6 1338.8 1309.1 1256.8 1292.9 1414 1369.8 1390.5 1465.2 1488.6 1548.6 1652.6 1768.6 1833.3 1794.1 1730.3 1675.2 1594.8 1443.1 1263.4 1116.5 1039.6 1006.8 983 1001.2 1104.8 1125.9 1085.7 1069.4 1058.9 1049.9 1282.8 1657.1 1699.9 1774.2 1740.8 1545.3 1182.8 1209.8 1661.3 2268.9 1603.4 1183.3 1217.8 1240.4 1167.3 727.3 514.2 453.9 466.8 488.8 505.8 484.6 446.8 350.8 277.7 261.8 261 273.4
2358.5 1805.4 1699.3 1470.4 1402.3 1473.6 1415.5 1378.1 1457.6 1324.7 1278.4 1230.9 1353.1 1544.5 1620.2 1557.4 1478.9 1313.7 1255.6 1284.5 1213.6 1285.1 1392.5 1417.2 1501.8 1599 1596.2 1648.2 1752.7 1860.5 1896.8 1851.1 1760.7 1729.6 1744.5 1701.8 1587 1415.4 1290.1 1254 1205.4 1036.5 1073.1 1054.9 1032.7 1017.6 977.8 933 1135 1465.2 1533.6 1590.7 1492.2 1462.1 1255.9 1067.4 938.1 1428.8 1131.2 1018.6 1073.2 1067.7 920.7 524 445.6 438.2 452.1 463.3 469.9 452.6 404.7 350.2 297.5 271.4 270.1 286.8
1843.1 1887.4 1548.6 1381.8 1397.8 1438.3 1409.7 1410.6 1463.4 1418.3 1345.5 1342.4 1486.3 1765.7 1812.6 1579.8 1446.6 1314.6 1277 1275 1271.1 1342.9 1433.8 1437.5 1613 1739.2 1726.4 1732.5 1800.1 1925.1 1960.9 1879.1 1766.2 1742.7 1800.2 1836.4 1775.5 1608.2 1447.5 1428.3 1415.1 1153.1 1057.4 993.3 1019.2 988.5 864.9 739.9 654.6 858.4 1023.6 1110.1 1171.3 1206.1 1152.1 1013.8 901.1 915.2 819.7 890.1 895.7 827.2 606 405.2 403.1 429.4 450.9 463.7 446.6 436.8 409.7 352.9 288.9 262.3 269.3 290.9
2669.8 2617.3 1090.7 1359.4 1587.8 1574.8 1522.3 1504.2 1561 1518.8 1436.5 1424.7 1523.7 1657.1 1639.3 1483.8 1308.7 1292.2 1339.6 1398.5 1409.2 1436.3 1477.5 1657.6 1683.9 1854.7 1798.7 1729.4 1728.3 1900.8 1957.8 1890.5 1806.1 1794.3 1854.9 1933.8 1949.4 1745.4 1458.5 1444.7 1459.8 1348.3 1153.8 1049.7 1086.8 980.7 818.5 713.5 480.9 409.5 500.9 551.8 625.8 660.1 748.4 865.9 928.1 869.6 783.1 718.2 649.5 591.5 449.2 373.5 385.2 424.7 477.3 493 463.9 436 428.8 366.7 261.9 227.2 255.1 280.8
2714 2424.2 1524.3 1395.7 1489 1619 1600.1 1591.1 1536.5 1506.8 1463.9 1476.3 1505.8 1568.9 1506.5 1411.4 1280.1 1353.9 1406.9 1494.2 1498 1491.4 1555.8 1703.7 1775.4 1830.3 1808.6 1710.9 1698.8 1820.1 1874.3 1883.1 1880.3 1914.4 1948.7 2024.4 1991 1865 1657.8 1554.1 1510.6 1513.4 1428.3 1338.4 1165.6 1123 963.5 876.3 325.1 349.9 386.2 409.4 437.4 463.1 495.5 641.9 862 880.3 800.8 612.7 493.4 477 385.5 364.8 376.4 419.1 497.4 522.3 481.6 441.2 430.7 400.9 307.5 250.5 249.7 266.2
2293.4 2137.7 1586.4 1429.5 1234.3 1599.8 1771 1683.7 1613 1560.4 1523.8 1476.5 1456.9 1606.8 1603.8 1555.5 1474.6 1540.3 1504.9 1575 1535.6 1476.1 1504.8 1613.6 1726 1792.5 1821.6 1782.8 1764.7 1793.7 1855.4 1840.1 1888.4 2061.7 2153.7 2083.3 2023.9 1951.6 1864.2 1520 1624.5 1762.1 1518 1297.8 1246.9 1269.7 1127.6 858.8 567.1 469.6 394.5 377.5 364.8 360.8 428.4 661.3 888.5 968.9 935.8 687.9 540.4 445.6 388.4 365.9 391.6 424 551 586.1 561.9 485 455.2 449.3 389.4 313 276.9 -9999
2274.1 1979.7 1786.3 1654.8 1615.7 1653.2 1701 1717 1731 1713.4 1729 1750.8 1958.5 1795.2 1742.8 1642.9 1544.8 1544.7 1597.3 1657 1561.9 1475.9 1453.1 1511.7 1614.9 1697 1797.1 1834.6 1827 1752.9 1831.8 1839.4 1907.1 2094.9 2252.2 2309.4 2147.5 1928 1703 1766.8 1601.5 1436.4 1389.5 1157.4 1425.6 1378.1 1196.1 925.4 672.1 611.7 351.7 243.4 279.6 363.7 524.3 851.8 966.6 956 906.5 708 526.5 417.1 387.9 391.5 404.7 480 670.6 715.8 634 559.1 478 453.8 482.3 430.6 -9999 -9999
2337.8 1852.8 1758.1 1766.1 1764.7 1754.2 1771.1 1828 1830.9 1802.3 1808.2 1894.2 1975.1 1878.8 1749.6 1638.4 1623.1 1662.7 1699.8 1660.6 1584.8 1494.7 1458.9 1475.7 1540.5 1624.9 1779.1 1848.1 1856.2 1675.2 1755.2 1848.1 1989 2169.5 2321.7 2663.5 2156.8 1888 1798.8 1750 1481.3 1437.2 1282.3 1346.1 1820 1529.4 1284.1 1018.6 801.7 822.3 497 265.3 313.5 600.9 853.2 1053 1058.6 839.6 656.2 496.8 370.4 355.9 375.2 404.7 388.3 456.8 637.9 637.3 589.1 600.1 493.1 443.9 521.5 -9999 -9999 -9999
2151.7 1901.9 1699.1 1883.9 1849.7 1852.1 1885.7 1958.2 1923.9 1803.1 1853.2 1932.8 1957.4 1895.6 1770.1 1614.2 1607.8 1797 1859.6 1798.4 1677.1 1523.2 1451.6 1553.8 1496.1 1587.2 1806.6 1872.4 1837.6 1796.2 1836 1884.4 2024.2 2168.5 2138.7 1919.8 1775.9 1815.9 1641.8 1510 1311.5 1311.7 1203.7 1262.5 1594.1 1476.2 1375.2 1244.1 1012 1019.4 911.6 680.5 577.1 696.9 953.4 1103.9 1160.7 947.2 453.7 299.6 283.7 309.3 352.3 386.5 405 405.1 534 586 587.5 576.7 594.4 -9999 -9999 -9999 -9999 -9999
2170.4 2314.3 2031.5 2145.1 1953.8 1954.9 1947.2 1967.5 1802.7 1589.6 1859.7 1964.6 1949.3 1899.9 1839.2 1788.4 1812.5 1914.2 1997.3 1927.7 1806.2 1615.9 1524.8 1539 1587.9 1688.3 1845.6 1923.7 1947.5 1935 2002.9 1967.7 2004.4 2061.2 1959 1728.2 1678.9 1675.9 1429.4 1542.1 1483 1308 1149.3 1456.8 1374 1292 1179.8 1366.5 1314.5 1309.7 1324.7 1230.7 794.8 551.2 883.7 1150.7 1136.2 841.9 397.3 261.3 265.7 299.1 347 410.4 418.8 431.9 487.8 535.5 564.2 582.2 -9999 -9999 -9999 -9999 -9999 -9999
2481 2416.6 2099 1997.1 1988.8 1994.2 1948 1984.3 1899.3 1766.4 1872.8 1923 1914.4 1894.2 1880.6 1855.3 1849.7 1916.9 1982 1969.3 1969.8 1898.2 1726.4 1711.1 1748.7 1798 1858.9 1895.5 1971.3 1956.1 1928.1 1938.3 2029.1 2106.9 2096.8 1811.3 1714.6 1607.7 1522.8 1540.8 1452.7 1469.2 1509.3 1431.6 1350.5 1302.4 1541.6 1711.6 1577.8 1418.6 1309.6 1318.4 1013 626.1 877 1181.6 1016.5 628.4 406.1 329.2 300.8 333.8 418.7 515.9 548.2 576.4 543.3 514.2 -9999 -9999 -9999 -9999 -9999 -9999 -9999 -9999
1747.4 2246.4 1967.5 1865.6 1952.3 1993.9 1865.1 1978.1 1975.1 1944.9 1917.8 1910.3 1889.7 1863.2 1840.6 1810 1799.2 1865 1966.3 2036.4 2063.1 1968.7 1857.7 1850.4 1912.3 1918.2 1868.8 1870.4 1787.7 1779.2 1780.2 1862 1996.7 2090.5 2057.8 1933 1740.4 1577.2 1583.9 1503.6 1681.1 1432.3 1329.9 1319.3 1370.5 1578.4 1504.3 1737.2 1851.3 1740.5 1413.1 1657.6 1177.6 799.5 1197.6 1417 966.2 582.2 460.6 385.6 376.2 422 486.4 572.9 611.7 641.6 604.8 -9999 -9999 -9999 -9999 -9999 -9999 -9999 -9999 -9999
2332.1 1929.9 1916.1 2035.3 1999.7 1838.7 1864.7 1931 1937 1950.7 1873.4 1942.9 1847.8 1796.9 1794.9 1793.6 1716.9 1856.7 2055.3 2067 2017.9 1903.1 1866.5 1918.9 2048.7 2073.5 1960.3 1934.2 1890.6 1824.8 1829 1858.4 1951.5 2031.9 2021.7 1920.8 1636.4 1501.9 1519.3 1280.1 1203.6 1350.2 1126.9 1366.7 1544.4 1636.9 1933.6 1473.6 1724.8 2125.3 1933.2 1380.6 983.4 1069.3 1265.6 1717.3 1137.4 643.7 532.7 443.7 439.7 457.4 491.8 569.4 607.4 612.1 -9999 -9999 -9999 -9999 -9999 -9999 -9999 -9999 -9999 -9999
2055.3 1581.2 1913.5 2189 2115 1997.5 1968 1939.8 1888.2 1793 1806.5 1752.4 1669.3 1701.8 1738.5 1802.7 1827.4 1902.6 2023.9 2008.5 1956.2 1918.6 1894.9 1917.1 1985.1 2014.1 1983.7 1978.2 2008 1928.7 1870.2 1857.1 1905.2 2028.6 2041.6 1882.6 1566.6 1503.4 1425.7 1182.8 1637.5 1402.1 1321.4 1514.5 2292.4 1878.7 1859.2 1268.3 1694.3 1542.2 1974.1 1349.9 1225 1192.5 1634.3 1927.6 1098.6 672.8 513.8 446.5 452.3 461.8 496.7 557.9 580 -9999 -9999 -9999 -9999 -9999 -9999 -9999 -9999 -9999 -9999 -9999
1670.7 1894 2038.6 2155.6 2038.1 2106.3 2058.6 1935.5 1917.3 2023.4 1868.5 1694.7 1660 1732.1 1768.5 1820.9 1913.9 1931 1991.8 2006.6 1939.6 1909.5 1886.8 1894.3 1899.2 1925.6 1952.6 1934.3 1943 1964.9 1939.9 1858.3 1885.3 2070.1 2186.9 1715.5 1701.2 1673.6 1608.5 1508.7 1393.9 1211.2 1483.8 1734.5 2090 2249.2 1355.3 1205.1 1442 1782.1 1937.5 1267.5 1055.7 2634.4 1500.1 1040.3 926.1 732.8 509.5 472 487 533.2 607.8 569 -9999 -9999 -9999 -9999 -9999 -9999 -9999 -9999 -9999 -9999 -9999 -9999
1994 2116.3 2126.8 2206.4 1935.2 1999.4 2185.9 1974.8 1999.5 2067.4 1936.3 1910.3 1828.2 1622 1769.7 1777.9 1861.9 1993.4 2003.8 2023 1973.6 1925.4 1893.4 1866.8 1887.9 1943.6 1942.9 1879.1 1908 1916.4 1899.2 1746.8 1860.1 2037.9 2254.2 2007.3 1868.7 1779.2 1726.8 1669 1082.1 1075.4 1611.9 2539.1 2288.6 2165.1 1095 1142.2 1667.7 1661.8 1509.6 1345.3 1420.1 1487.6 1339.5 1281.5 1109.7 919.6 651 576.7 617 814.6 921.3 773.8 -9999 -9999 -9999 -9999 -9999 -9999 -9999 -9999 -9999 -9999 -9999 -9999
