datasets/global_precipitation_1950_2017/rasters/precip_2000-total.asc
NCOLS 720 
NROWS 347 
XLLCORNER -180 
YLLCORNER -90 
CELLSIZE 0.5 
NODATA_value -9999 
[rows 0 to 33 of 347, columns 228 to 303 of 720]
-9999 -9999 -9999 -9999 -9999 -9999 -9999 -9999 -9999 -9999 -9999 -9999 -9999 -9999 -9999 -9999 -9999 -9999 -9999 -9999 -9999 -9999 -9999 -9999 -9999 -9999 -9999 -9999 -9999 -9999 -9999 -9999 -9999 -9999 -9999 -9999 -9999 -9999 -9999 -9999 -9999 -9999 -9999 -9999 -9999 112.5 112.5 -9999 -9999 -9999 -9999 -9999 111.7 -9999 112.5 112.7 113.1 113.2 113.7 113.8 114 114.1 114.7 115.4 116.1 116.4 117.6 118.5 119.7 120.9 121.8 123.2 123.9 125.6 127.3 128.7
127.6 129.3 131.2 132.9 134.7 -9999 -9999 -9999 -9999 -9999 -9999 -9999 -9999 -9999 -9999 -9999 -9999 -9999 -9999 -9999 -9999 -9999 -9999 -9999 -9999 -9999 -9999 -9999 -9999 -9999 -9999 -9999 -9999 -9999 -9999 -9999 -9999 -9999 -9999 -9999 114.1 114.3 114.1 114.6 114.5 114.8 115 114.8 -9999 -9999 115.4 115.4 115.9 116.1 117 116.7 117.6 118.3 119 119.5 119.9 120.8 121.5 122.4 123.4 124.3 125.1 126.4 127.3 128.4 130.2 131.2 132.9 134.1 135.5 137.1
109.7 111.2 113 114.4 115.9 117.9 119.3 120.1 121.1 121.8 -9999 -9999 -9999 -9999 -9999 -9999 -9999 -9999 -9999 -9999 -9999 -9999 115.3 114.8 -9999 114 113.5 113.5 -9999 -9999 113 112.9 112.5 112.5 112.8 112.3 -9999 -9999 -9999 -9999 113.7 114.1 114.4 115 115.2 -9999 -9999 117.3 117.7 118.2 118.5 119.2 120.5 121.2 122.3 122.5 123.4 124.2 125.3 126.6 127.2 128.2 129.2 130.3 131.3 132.3 133.7 135.1 135.8 137.7 138.7 140.7 142.3 143.4 145.2 146.8
81.1 -9999 80.1 82.7 -9999 -9999 -9999 -9999 -9999 94.4 95.7 97 98.2 99.5 -9999 101.6 102.3 102.8 103.2 103.8 104.3 104.6 104.7 105 -9999 106.1 106.2 106.6 106.7 107.1 107.3 -9999 108.4 108.6 109.5 109.9 110.6 110.9 111.9 112 112.6 113.3 114 114.8 115.3 116.6 117 118.2 119.5 120.3 121.6 122.8 123.5 125.2 125.7 126.4 128.5 129 130.1 131.6 132.7 133.9 134.9 136.5 137.4 139.1 140.1 -9999 143.1 144.7 145.6 147.8 149.6 150.9 152.9 154.3
80.4 -9999 -9999 -9999 -9999 -9999 -9999 -9999 -9999 -9999 86.3 87.7 89.1 90.1 91.2 92.6 93.4 94.2 94.8 95.6 96.8 97.5 98 99.2 99.6 100.1 100.8 101.5 102.2 102.7 103.4 104 104.3 105.3 106.2 106.5 107.8 108.7 109.3 110.5 111.7 112.7 113.5 114.5 115.5 116.8 118 119.6 120.6 121.9 123 124.9 126.6 127.6 128.6 129.8 131.3 132.5 133 135 137.1 138.7 140.5 140.3 141.7 143.3 144.5 145.8 147.2 148.8 150.7 152.2 152.9 153.9 155.6 157.5
-9999 88 87.8 87.6 87.5 87.3 87.3 87.2 87.7 88 88.7 89.1 89.6 90 91.1 91.7 92.3 93.1 94 94.4 95 95.6 96.3 97 97.6 98.3 98.7 99.4 100.3 101.1 101.6 102.5 103.4 104 104.8 105.3 106.1 106.9 108.1 109.4 110.7 111.9 113.1 114.2 115.6 116.7 118.9 120.3 121.4 123.3 124.8 126.4 127.7 129.1 130.1 131.5 134.1 134.7 136.7 137.7 139.8 140.9 142.6 143.6 144.9 146.1 147.5 148.6 149.9 152 153.5 153.9 156 158.1 158.8 160.3
95.1 94.5 93.6 93.2 93 92.8 92.6 91.9 92.8 92.3 92.4 92.7 92.9 92.5 92.6 93.1 93.3 93.7 94.4 95.1 95.3 95.8 96.3 97 97.2 97.7 98.4 99.6 100.1 100.9 101.9 102.3 102.7 103.4 103.8 104.7 105.6 106.2 107.5 108.9 109.5 110.9 112.9 114 115.3 117.2 118.5 120.1 121.7 123.6 125.7 127.1 128.8 130.4 131.9 134.6 135.2 136.6 138.5 140.3 142.3 143.6 145.1 146.6 148.4 149.7 151.2 152.5 153.3 154.8 155.6 156.8 158.1 158.9 160.4 161.7
-9999 -9999 98.2 97.5 96.5 96.3 97.4 96.1 96.2 96.3 96.6 96.8 96.9 97 97.3 97.6 98 96.7 96.5 96.8 97.2 97.1 97.7 97.9 98.5 99.1 99.7 100.1 100.7 101.3 101.8 102.5 102.6 103.2 103.9 104.5 104.5 105.8 107 108.5 109.6 110.5 112.2 113.6 115.5 116.8 118.6 120.3 122.4 124.4 125.7 127.7 129.6 131.6 133.9 135.7 137.4 139.5 141 143 145 146.8 148.2 150.3 152.1 153.1 154.4 156 156.3 157.7 159.1 160.1 160.8 162 162 164.4
-9999 100.1 99.8 100 98.9 99.2 99.7 99.9 100.2 99.4 99.6 99.4 99.9 100 100.4 100.8 101.3 101 101.1 101.2 100.6 101.2 102.3 99.9 100.5 101 101.2 101.5 102.2 102.5 103.3 103.2 103.4 103.7 104 104.3 104.8 105.8 106.6 108.2 108.8 110 111.3 113.6 115.4 116.9 119 120.9 122.5 125 127.1 129 131.1 133 135.9 137.9 140.3 142.6 144.5 146.4 148.4 150.4 152.1 154.3 156 157.2 158.5 161.1 161.3 161.8 163.5 164.5 165.2 165.3 166.3 166.9
97.7 98.7 99.3 100.3 100.3 101 102.1 102.9 104 104.2 104.5 104.8 104.1 106.3 105 105 105.7 105.8 106.3 106.3 106.7 106.3 106.3 106.7 105.7 105.7 106.2 106.4 105.4 105.2 105.4 105.6 105.9 105.6 105.3 107 105.7 106.9 107.8 108.8 109 110.5 112.2 113.7 115.2 116.9 119.1 121 123.6 126.2 128.8 131.8 134.3 136.8 139.5 143.4 144.1 146.7 151.7 154 156.5 158.4 159.9 161.4 162.7 163.8 164.4 165.5 166.5 168.1 169.1 169.9 170.7 171 171.8 170.7
95.1 97.3 99.5 101.3 103.1 104.9 106.7 108.5 109.8 110.9 112.1 112.9 113 112.6 112.7 113.1 113 113.6 113.6 113.5 112.5 113 112.8 112.8 113.8 112.1 111.7 111.4 112.5 112.8 110 109.9 110.2 110.4 109.6 109.4 110.2 108.4 111 109.5 110.1 111.3 113 114.4 115.7 117.2 119.5 122 125.1 128.4 131.5 135.4 142.3 141.7 144.5 147.7 150.6 153.9 156.6 159.2 161.4 163.8 166.1 167.8 169.4 171.2 172.2 172.5 173.1 173.5 174.7 176.2 176.8 177 177.6 177.5
96.4 101.7 106.4 110.1 113.3 116.2 118.3 120 121.2 122.8 123.7 124 124.2 124.3 122.9 122.1 122.4 123.3 122.8 122.7 122.9 122.7 122.4 121.4 122.1 120.8 120.9 118.5 120.1 119.4 119 118.7 115.5 117.4 117.1 116.8 115.9 115.3 115.5 116.1 115.6 116.1 115.6 116.4 118.3 120 122.5 125.3 129.1 133.7 138.5 143.9 148.1 152.5 156.7 160.4 164 167 170.5 172.9 174.5 176 176.7 177.2 177.4 183.4 179.4 180.8 182.1 183.3 184.4 184.7 185.7 186 185.1 184.1
126.9 131.1 133.8 136.1 137.8 138.8 139.4 139.3 139.5 139 138.9 138.4 136.7 135.7 135 136.1 135.3 134.1 135 134 134.6 132.9 132.7 132.5 133.6 133.3 132.8 132.9 129.4 130.8 130.2 130.8 129.5 129.5 127.8 127 126 126.1 124.5 124.3 125.5 125.2 125.9 126.7 128.1 130.5 133.8 138.5 143.3 148.6 153.8 158.9 163.8 168.1 171.5 174.9 178 180.5 183.1 184.8 184.9 184.8 188.9 190.4 191.9 193.3 193.2 195.5 196.3 197 197.2 196.3 196.2 196.1 196.1 192.8
183 178.1 173.9 170.3 167.2 164.4 162.1 158.9 157.1 156.8 154.1 153.2 151.8 150.8 149.8 149.1 149.3 148.1 147.3 146.9 146.7 146.4 147.3 147.2 147.4 147.7 147.6 147.7 147 147.2 146.1 145.9 144.8 145.1 143 142.5 143.2 143.1 143.3 144.2 145.4 146.6 148.2 150.2 151.8 154.8 160.8 163.6 166.3 173.6 178.6 183 187.3 190.1 184.1 186.2 188.9 191.4 194.7 201.2 202.3 197.7 198.6 200.4 201.5 203.3 204.4 205.2 205.9 205.9 206.6 206.6 206.4 206.8 204.7 202.5
-9999 202.9 195.4 -9999 184.3 -9999 -9999 -9999 169.3 166.9 166.8 164.4 163.6 162 161.8 162.6 162 161.6 162.8 162.4 161.5 161.7 162.3 162 163.1 162.8 163.4 164.8 164.6 164.7 165 165.1 164.6 164.7 165.5 165.8 167.7 167.3 168.8 170.5 171.9 171.3 178.8 179.4 181 183.8 186.6 190.4 194 197 199.4 200.6 203 204.9 206.4 207.8 207 208.4 209.2 210.7 210.9 211.7 213 213.2 213.9 215.1 215.5 215.7 216.1 216.1 215.9 215.2 216.5 214.2 213.5 212.9
-9999 -9999 -9999 -9999 -9999 -9999 -9999 -9999 -9999 -9999 -9999 -9999 -9999 -9999 172 173.3 174 174.7 175.6 177.1 177.9 178.7 180.1 179 179.8 182.5 183.2 184.7 185.2 185.6 185.8 184.3 185.5 187.8 187.4 188.8 190.8 192.2 195 194.7 196.8 202.1 201.8 201.5 202.7 204.9 206.5 209.3 211.7 214.6 216.7 218.3 219.1 220.6 221.4 221.9 222 222.8 223.1 223.6 223.6 224.1 223.3 223.8 224.2 224.4 224.5 224.3 224.4 224.4 224.3 224.7 225 224.5 224.9 223.3
-9999 -9999 -9999 -9999 -9999 -9999 -9999 -9999 -9999 -9999 -9999 -9999 -9999 -9999 -9999 183.6 185.2 187.2 189.3 190.3 191.5 193.2 195 196.5 198.2 199.8 201.9 203.7 205.2 203.4 203.8 204.8 204.4 207.6 208 207.4 209.8 213 213.9 216.7 218.4 219.6 221.9 219 220 218.7 219.3 220.6 222.1 224.5 223.5 225.4 229 229.6 231.1 231.6 231.3 230.9 231.1 231.7 232 232.9 232.5 232.1 232.9 232.8 232.6 232.3 233.3 232.9 233 232.4 232.2 231.4 231.3 231
-9999 -9999 -9999 -9999 -9999 -9999 -9999 -9999 -9999 -9999 -9999 -9999 -9999 -9999 -9999 -9999 -9999 -9999 202.8 203.8 204.7 206.1 207.4 209.5 210.6 211.8 212.6 214.6 215.3 218.1 220.1 222.4 223.5 224 226.3 225.4 225.5 225.1 226.9 226.4 224.7 224.4 223.1 220.6 218.6 217.8 218.7 219.8 221.8 224.9 228.4 230.3 233 235.2 235.8 237.4 237.7 238 239 238.9 240.2 240.4 240.2 240.5 242.6 241.6 240.6 240.2 240.4 240.1 239.6 238.3 238.3 238.4 237.8 236.6
-9999 -9999 -9999 -9999 -9999 -9999 -9999 -9999 -9999 -9999 -9999 -9999 -9999 -9999 -9999 -9999 -9999 -9999 -9999 -9999 215.4 217.2 218.3 219.4 220.8 222.5 223.7 226.6 229 231.4 234 234.8 235.8 237.1 237.1 236.3 236.7 235.4 234.2 231 230.6 227.7 223.7 221.6 223.8 223.6 221.3 221.5 222.9 224.7 227.8 232.3 234.5 239.1 241 243.2 244.1 244.8 244.6 245.4 245.9 246.4 250.1 249.5 248.8 248.5 248.5 247.8 246.5 245.6 245.7 245.5 245.4 245.2 244.5 243.9
-9999 -9999 -9999 -9999 -9999 -9999 -9999 -9999 -9999 -9999 -9999 -9999 -9999 -9999 -9999 -9999 -9999 -9999 -9999 -9999 227.3 228.9 230.6 232.7 234.6 236.5 237.1 239.5 241.3 242.4 242.1 243.4 243.8 243.1 242.4 241.1 239.1 239.7 237.5 237.2 233.1 230.7 228.8 226.2 224.2 221.4 221.5 223.1 225.4 228.2 231.4 235.4 237.1 242.2 246.6 249.5 251.6 252.9 253.9 253 253.9 257.5 257.4 255.9 256.1 255.8 254.4 254.1 254.5 253.8 253.3 254 253.2 253.1 251.5 251.5
-9999 -9999 -9999 -9999 -9999 -9999 -9999 -9999 -9999 -9999 -9999 -9999 -9999 -9999 -9999 -9999 -9999 -9999 -9999 -9999 -9999 -9999 235.7 237.4 239.2 239.9 241.2 242 242.7 242.7 243.6 241.7 241.6 243.3 242.5 241.5 241 239.5 237.9 237.2 235 232.5 229.9 229.2 229.1 227.2 223.3 223.2 223 223.1 224.9 229.5 235.8 248.9 251.9 256.4 260 261.4 262.9 262.6 269.2 269.7 269 267.9 267.5 267 265.8 264.9 263.5 264.5 264.2 263.5 263.1 262.5 262.5 262.1
-9999 -9999 -9999 -9999 -9999 -9999 -9999 -9999 -9999 -9999 -9999 -9999 -9999 -9999 -9999 -9999 -9999 -9999 -9999 -9999 230.2 231.7 233.6 234.5 236.6 238.5 238.5 239.8 241.5 242.9 244.8 245.3 245.3 244.7 243.8 243.9 243.3 242.3 239.4 238 237.5 237.3 234 229.6 228.3 226.2 223.3 226.5 222.8 224.7 230.5 238.8 245.3 252.4 259.8 267.5 274.6 279.1 281.4 290.1 289.3 287.8 286.7 284.1 283.8 280.4 279.4 277.2 277.8 276.1 274.3 274.3 273.2 271.4 271.2 271.7
-9999 -9999 -9999 -9999 -9999 -9999 -9999 -9999 -9999 -9999 -9999 -9999 -9999 -9999 -9999 -9999 -9999 -9999 -9999 -9999 -9999 -9999 236.7 237.5 238.8 240.3 241.8 243.7 245 246.4 246.4 249.2 249.3 249.5 249.1 248.9 245.2 244.8 244.7 244.6 244 242.8 241.4 239.9 239.3 237.6 232.4 233.4 231 229.8 248.1 244.2 258.6 272 284.8 295.9 304.6 319.5 324.2 322.7 320.1 318.3 313.7 309 306.3 304 301.3 297.3 293.8 291.9 286.8 284 282.2 281 279.7 280.2
-9999 -9999 -9999 -9999 -9999 -9999 -9999 -9999 -9999 -9999 -9999 -9999 -9999 -9999 -9999 -9999 -9999 -9999 -9999 -9999 242.4 242.7 242.9 243 -9999 -9999 243.9 243.9 245.7 246.9 248.3 249 247.8 249 250.4 251.8 253.3 252.2 251.3 252.2 252.5 247 249 247.4 246.4 244.9 243 247.5 244.1 248.1 254.4 272.1 290.1 311.7 333.8 358.2 375.1 388.5 387.1 382.2 377.3 368.3 360.3 352 346.3 338.4 331.8 325.1 319 312 306.2 300.5 295.5 291.2 292.7 290.4
-9999 -9999 -9999 -9999 -9999 -9999 -9999 -9999 -9999 -9999 -9999 -9999 -9999 -9999 -9999 -9999 -9999 -9999 -9999 -9999 -9999 -9999 -9999 -9999 245.6 -9999 239.5 237.8 238.3 240.4 240.4 245.2 248.1 252.2 254.5 257.3 258.8 259.3 260 257.3 257 255.1 254.7 254.4 252 250.5 259.7 263.4 259.2 274.2 293 317.3 354.2 400.6 445.7 453.5 503.8 497 495.5 475.1 458.6 448.5 432.8 420.4 411 395.8 384.3 373.5 361.7 352.1 343.6 333.7 325 316.7 308.7 304
-9999 -9999 -9999 -9999 -9999 -9999 -9999 -9999 -9999 -9999 -9999 -9999 -9999 -9999 -9999 -9999 -9999 -9999 -9999 -9999 -9999 -9999 -9999 259.8 252.1 245.1 -9999 -9999 -9999 235 -9999 251.3 257.2 261.6 264.6 266.9 268.1 268.3 268.2 265.5 265.7 265.7 265.1 265.7 264.6 267.2 268 272.4 279.5 302.9 336.4 383.3 441.8 507.2 557.4 593.6 630.1 602.6 612.1 595.2 580.9 559.6 540.9 520.6 497.4 481.8 465.1 448.3 432 412.2 401.8 386 373.2 361.7 351.6 343.3
-9999 -9999 -9999 -9999 -9999 -9999 -9999 -9999 -9999 -9999 -9999 -9999 -9999 -9999 -9999 -9999 -9999 -9999 -9999 -9999 -9999 -9999 -9999 287.4 274.3 -9999 257.8 261.5 266.4 270.4 274.3 276.6 278.7 279.7 280.3 280.1 278.6 277.3 275.8 271.1 271.5 270.1 269 269.9 269.3 277.9 289.1 300.1 317.1 346.8 396.9 459.2 539.1 619.6 650.2 700.5 715.3 718 702.5 676.3 670.9 642.1 629.3 613 600.5 584.4 568.7 552.9 532.3 515.4 495.3 476.2 457.1 437.1 419 403.1
-9999 -9999 -9999 -9999 -9999 -9999 -9999 -9999 -9999 -9999 -9999 -9999 -9999 -9999 -9999 -9999 -9999 -9999 -9999 -9999 -9999 -9999 377.9 375.6 365.5 347.7 330.4 322 -9999 313.3 -9999 304.9 302 298.8 295.9 290.6 288.2 284.9 281.5 278.4 275 272.1 270 270.7 271.1 279.9 297.1 328 364.1 407.3 468.2 538.4 612.1 671 725.1 741.4 763.5 758.5 748.5 739.7 725 712.1 703.1 695.5 687.1 670 660 651.9 639.4 627.3 610.2 590.8 571.4 549.7 527.3 504.6
-9999 -9999 -9999 -9999 -9999 -9999 -9999 -9999 -9999 -9999 -9999 -9999 -9999 -9999 -9999 -9999 -9999 -9999 -9999 -9999 -9999 -9999 -9999 -9999 -9999 -9999 -9999 -9999 -9999 -9999 318.5 316.7 312.9 308.8 306 301.2 296.3 291.2 286.7 282.7 279.2 277.1 274.1 273.6 277.3 293.6 324.7 366 417 475.3 553.9 620.4 664 703.8 747.5 775.8 778.1 776.8 773.1 761.6 755.5 749 742.1 736.6 731.6 724.2 718.9 716.4 708.6 704.3 693.3 683.5 669.9 656.6 638.9 619.6
-9999 -9999 -9999 -9999 -9999 -9999 -9999 -9999 -9999 -9999 -9999 -9999 -9999 -9999 -9999 -9999 -9999 -9999 -9999 -9999 -9999 -9999 -9999 -9999 -9999 -9999 -9999 -9999 -9999 342.1 331.2 325.3 318.3 311.7 306.1 300.4 293.4 287.8 282.9 277.6 274.1 271 268.9 273.1 288.4 317.9 365.6 425.9 493.2 567.3 650.1 700.3 733.2 749 766.4 789.5 792.3 788.8 781 773.5 765.9 758.2 750.5 744.1 739.6 735 731.6 729 726.2 723.2 721.1 717.9 715.8 713 708.9 702.3
-9999 -9999 -9999 -9999 -9999 -9999 -9999 -9999 -9999 -9999 -9999 -9999 -9999 -9999 -9999 -9999 -9999 -9999 -9999 -9999 -9999 -9999 -9999 -9999 -9999 -9999 362.5 355.8 -9999 -9999 324.5 314 304.1 296.8 289 285.1 278.4 272 265 261.3 258 262.4 256.7 267.4 301.7 358.2 431.2 510.3 590.1 649.9 725.7 762 770.4 780.1 796.5 796.4 796.8 798.4 792.8 783.1 773.7 763.3 756.3 748.1 744.6 740.3 736.1 730.6 -9999 723.4 -9999 -9999 -9999 -9999 -9999 -9999
233.8 228.6 224.4 -9999 -9999 -9999 -9999 -9999 -9999 -9999 -9999 -9999 -9999 -9999 -9999 -9999 -9999 -9999 -9999 -9999 -9999 -9999 -9999 -9999 -9999 330.1 -9999 -9999 321.9 -9999 291.7 274.7 267.7 259.1 256.6 257.6 255.1 255.3 246.7 237.8 236.7 234.7 260.5 285.8 335.3 429.1 527.8 616.9 679.8 726.1 769.9 791.3 800.6 808.9 813.7 813.4 810.8 807.5 801.7 794.1 779.6 770.9 763 755.9 747.9 745.3 -9999 -9999 -9999 -9999 -9999 -9999 -9999 -9999 -9999 -9999
242.9 233.6 223.5 -9999 -9999 -9999 -9999 -9999 -9999 -9999 -9999 -9999 -9999 -9999 -9999 -9999 -9999 -9999 -9999 -9999 -9999 -9999 -9999 -9999 281.8 -9999 308.6 324.1 332.3 318.9 261.3 214.5 210.8 218.8 228.7 236.8 240.1 235.5 227.1 223.6 224 230.2 259.2 324.2 418.3 524.2 619.6 694.9 745.4 779.2 795.1 808.5 811.5 817.1 818.4 819.9 818.9 815.8 810.6 799.7 789.6 787.7 778.9 769.2 759.6 -9999 -9999 -9999 -9999 -9999 -9999 -9999 -9999 -9999 -9999 -9999
264.5 257.1 251.3 248.7 249.4 253.8 284.3 385.3 512.3 -9999 -9999 -9999 -9999 -9999 -9999 -9999 -9999 -9999 -9999 -9999 -9999 -9999 -9999 -9999 -9999 -9999 320.6 345.2 353.7 336.5 291.5 250.1 240.6 244 250 262.9 254.2 252.8 238.1 235.4 229.5 247.3 299.6 393.7 502.7 604.5 694.8 744.7 775.7 794 805.7 816.9 821.9 827.2 827.7 827.1 825.1 821.8 816.9 812.7 806.6 799.5 794.5 788.8 -9999 -9999 -9999 -9999 -9999 -9999 -9999 -9999 -9999 -9999 -9999 -9999
