datasets/global_precipitation_1950_2017/rasters/precip_1995-total.asc
NCOLS 720 
NROWS 347 
XLLCORNER -180 
YLLCORNER -90 
CELLSIZE 0.5 
NODATA_value -9999 
[rows 34 to 67 of 347, columns 456 to 531 of 720]
620.9 623.3 611.7 607.6 597.3 590.5 582.9 572.3 564 561.7 569.1 576.6 583 587 586.9 586.3 586.1 587.6 578.9 565.4 548.7 533.6 526.4 538.4 560.9 577.1 576.3 570.5 571.4 579.5 590.2 598.5 606.4 613.6 617.5 607.9 588 570.1 557.7 535.9 518.6 500.8 488.3 476.7 467.8 457.3 444.8 430.3 417.6 406.2 406.4 415.3 426.8 440.7 454.6 470.4 488.1 506.8 524.2 538.3 548.6 556.4 564.6 571.6 578.1 585.1 591.7 596.7 599.3 601.8 607.5 618.3 628.1 631.2 632.2 635.5
661.8 668.1 673 668.7 658.8 651.7 642.3 631.9 620.8 613.8 611.1 612.4 616.1 618.9 619.4 620.2 617.6 616.7 615 608.5 595.4 580 565.1 555.3 550.1 545.6 540 532.9 526.6 530 522 516.1 499.2 501 540.7 561.6 566.5 565.7 557.1 542.9 528.1 515.9 508 501.4 499 498.3 500.3 506 512.1 513.5 505.7 496.6 492.7 495.2 504.2 516.6 528.1 539.7 552.7 560.8 563 564.5 567 570.1 573 575.2 575 573.8 572 578.8 594.9 614.4 628.3 635.3 642.6 654.4
674.5 682.2 696.6 705.2 698.1 687 676.9 673.1 667 651.4 641.4 640.3 642.4 647.1 652.2 654.1 653.8 654.7 654.8 647 631.8 610 584.9 561.1 538 517.1 503.6 498.3 496.3 503.6 518.7 535.9 559.9 579.8 572.6 566.1 562.3 558.1 554.4 545.6 529 524.2 519.8 524.3 525.9 527 529.9 534.6 538.7 545.4 543.3 536 531.5 531.6 536.5 545.3 553.9 560.3 566.5 570.1 572.2 573.8 576.2 579.3 582.6 584.6 584.8 583.4 583.2 587.1 597.4 606.4 622.3 639.8 662.4 681.5
682.3 673.5 673.2 677.1 674.6 666.5 658.4 650.6 642.3 638.8 639.6 644.2 652.1 665.4 675.3 675 669.8 666.1 664.3 659 640.3 608.8 571.2 530.2 492.2 466 457 458.6 466.4 478.4 495.1 515.3 533.4 544.8 551.9 554 554.4 554.2 555.2 553.6 551.2 545.9 542.5 541.3 540.9 539.1 535.9 538.2 539.6 541.6 543.3 544.3 545.9 549.5 554.6 560 564.8 568.3 571.5 574.1 578.1 584 590.4 598 606 614 620.1 624.7 627.3 630.3 633.8 640 650.4 670.5 697.9 708.7
635 634.6 637.7 645.5 652 644.3 633.5 622.4 609.6 606.6 605.9 610.9 625.1 645.5 663 669.7 670.4 675.2 683.4 681.9 651 602.7 550.2 497.9 455.4 429.7 422.3 422 425.5 438.1 459.9 483.8 504.6 520.3 532.5 536.1 536.2 536.6 541.6 541.5 546.8 543.1 542.6 541.9 539.4 539.6 543 544 543.7 545.6 549.6 553.8 556.7 559.6 563.1 568.1 572.1 577 581 585.1 590.7 599 609.3 619.8 630.9 642.3 651.1 655.8 658 661.2 665.7 672.5 680.3 694.6 708.4 715.7
568.4 609.7 632.3 632.2 633 631.1 623.2 605.5 583.7 561.9 541.6 535.1 550.9 576.8 602.2 620.5 634 642.5 645.1 637.5 612.1 573.3 527.9 485.3 449.1 424.4 403.7 381.8 374.2 392 423 459.7 488.2 503.3 511.4 517.1 520.7 523.2 525 528.7 533 534.7 534 536.7 542.1 542.9 547.7 546.7 548.3 549.5 552.9 558.1 559.9 566.1 572 576.2 580.6 585.3 589.7 594.7 600.6 608.9 620.2 633.1 647.6 662 674.7 683 684.6 683.4 681.7 683.4 683.6 685.5 687.4 691.4
574.7 625.4 639.7 627.3 623.9 625.9 620.4 603.2 581 559.4 541.2 530.4 536.8 552.3 568.6 580.9 591.1 600.2 604.9 597.5 576.4 546.7 512.9 477.2 449.1 433.2 418.1 404.4 396.2 397 415.6 456.6 493.8 510.8 512.6 515.2 518.1 521.2 523.8 528.8 530.6 534.9 538.9 544.8 548.9 550.7 549.1 551.4 553.8 556.3 560.2 562.9 568.7 575.9 582.1 587 590.6 594.2 597.7 601.2 606.2 614.8 626.5 639.8 654.7 669 681.2 690.7 695.2 691.4 685.1 678.5 672.3 668 664.3 663.8
600.4 607.6 608.6 604.9 604.4 608.5 606.9 597.6 585.9 576 567.9 563.6 561.3 562.3 562.1 559.8 560.7 575.9 591.7 593.7 580.9 555.5 523.1 493.5 471 462.2 464.7 462.9 455.4 452.8 457.6 469.9 483.4 493.5 502.7 523.2 544.3 547.2 547.8 550.8 556.1 563.2 575 583.3 586.3 589.3 584.8 579 573.7 566.8 564.4 572.7 584.2 593.8 598.6 602.1 603.8 605.2 608.8 611.4 617.8 627 637.8 647.7 658.6 667.3 675.9 681.1 682.9 683 674.9 667.8 657.4 643.6 630.6 625.4
615.4 631.8 630.1 590.7 550.5 554.8 575.2 581.5 584.9 586.6 590.5 591.1 587.7 586.4 587.3 589.8 599.6 614.3 631.7 642.9 629.4 593.4 553.7 522.1 507.5 523.4 531.2 510.5 493.2 485.3 478.9 483 487.4 493.7 484.2 466.1 529.3 545.6 554 565.3 585.3 606.9 633.1 664.2 672.5 656.3 643.7 624.7 607.5 586.1 578.6 589.4 598.6 605.5 611.6 614.8 617 619.9 621.7 626.4 632.9 641 646 652.1 658.4 664.6 671 675.5 679 677.8 672.7 662.8 650.5 633.7 618.9 607
598.2 600 589.2 568.7 552.2 590.6 571.5 574.3 582.5 595 607.3 615.6 612.6 612.7 619.7 632.7 647.2 664.3 681.5 688.6 664.2 611.6 555.2 518.8 499.7 493.3 491.6 488.6 485 482.7 478.4 481.9 491.2 501.7 502.7 506.2 516 533.9 552.1 571.2 591.5 613.7 639.1 673.1 709.4 723.3 685.4 655.4 640.3 635 631.8 612.8 603 605.7 607.8 608.2 612 617.2 623.4 633.7 643.7 650.1 653.6 655.7 658.9 663.4 669.9 677 683.1 683.7 681.8 674 665.2 650.6 631.2 614.7
564.3 557.2 551.3 545.7 542.7 547.9 556.8 566.2 574 584.5 596.1 604.4 610.6 621.4 637.6 657.8 675.9 687.2 689.5 659 619.3 567.9 516.9 479.4 456.3 448.7 450.2 453 455.9 456.2 462.8 472.2 487 499.3 505.8 509.9 523.8 542.1 563.2 584.3 605.7 619.4 621.8 637.9 651.8 650.6 635.3 628.9 623 609.5 561.6 584.9 593.9 593.9 592.2 584.5 580.1 590.4 612.7 634 651.6 663.3 659.7 653.9 658.1 663.7 667.5 671.7 678.3 685 689.9 695.7 696.3 687 671.6 650.1
511.7 521.4 536.2 542.5 541.2 539.2 543.7 554.4 562.3 570 576.1 586.5 601.1 621.3 647.8 669.9 693.3 700.7 686.8 647.4 591.4 527.9 473.8 436.4 417.7 418.4 428.3 434.8 436.9 436.3 438.5 445 462.4 487.9 494.5 491.8 497.8 521.2 546.4 571 594.2 616.1 621.4 615.5 613.1 612.2 611.1 609.9 599.5 586.7 580.1 585.6 590 586.3 580 572.8 568.8 583.4 608.2 628.3 642.9 653.6 653.4 651.3 654.5 652.9 652.8 656.9 666.7 680.4 699.2 716.1 724.6 721.3 705.6 679.5
424.2 515.6 535.3 536.6 543.6 539.7 548.4 569.1 578.8 578.4 573.7 573 563 634.5 647.9 672.7 701.1 706.5 691.8 658.9 597 523.9 472.6 444.1 432.7 433.8 438.6 442.4 441.4 434.9 428.2 417.3 409.9 418.8 430.2 444.8 457.7 472.9 488.3 511.3 538.4 564 567.1 562.6 566.4 575.3 576.3 575.1 571.2 568.4 571.6 583.3 590.7 588.7 580.9 578.5 581.1 584.9 597 595.2 593.4 598.5 601.5 604 607.9 613.5 626.9 641.4 649.9 655.8 681.5 715.6 732 724.3 707.2 677.7
616.5 603.9 595.4 594.2 595.8 599.7 612.7 635 644.1 631.8 610.7 594.6 589.4 603.1 621.6 649.8 679.2 686.7 706.4 703.5 661.3 590.1 516 475.2 447.4 419 446.1 462.9 468 460.2 439.1 426 407.8 385 406.9 450.2 462.1 440.3 418.4 430.4 464.6 482.5 487 508.6 540.5 551.2 545.3 537.6 532.4 526.5 531.6 545.7 560 570.9 574 575.3 576.3 576.2 569.6 561.1 554.3 550.3 543.9 533.4 527.6 540.6 579.1 631.4 624.4 584.8 590 619.7 643.6 655.1 652.6 640.7
628.5 648.8 654.8 662.1 662 655.7 658.6 680.4 695.1 673.1 629.3 584.9 549.6 548 577 612.6 642.4 655.8 776.7 803.3 744.8 671.9 589.8 530.2 498.9 504.5 508.2 497.9 494.7 483.6 464.2 447.6 441.6 433.2 436.1 448.2 453.9 443.9 429.5 431.6 450.1 469.6 474.4 485.8 503 507.1 496 487.3 484.3 487.6 497.7 517.8 533.5 543.5 552.2 566.6 593.3 608.8 574.6 536.7 518.5 519.5 505.1 481.1 459.9 455.2 475.4 494.4 499.2 485.9 498.1 519.5 528.6 550.2 566.7 580.2
613.6 650.6 685.3 703.7 671.7 659.4 653 657.2 666.5 650 613.9 575.6 558.6 564 561.3 562.3 547.5 653.3 751.8 765.9 747.7 685 622.9 593.3 535.9 493.1 519.5 510.4 497.9 487.2 481.1 479.3 475.9 473.5 473.2 472.3 466.1 449.5 432 418.6 415.8 420 425.2 430.3 433.4 432.9 427.5 419.4 414.2 421.6 439.9 465.3 489.3 503.6 512.5 518 515.1 523.9 525.6 509.8 505.5 496.2 472.6 449.5 439.3 446.8 458.4 464.7 480 485.5 487.3 491.5 493.7 500 517.9 541.4
548.5 602.1 642.8 663.1 660 643.2 632.4 633.8 630.5 620.6 596.3 557.9 525.4 485.6 514.2 556.4 621.8 631.8 614.3 605.8 643.6 685.9 639.3 523.4 536.3 511.7 497.5 488 472.9 461.5 463.8 479.3 477 494.8 516.1 497.4 469.4 444.1 421.1 404.2 376.6 380.4 391.9 389.5 383.7 378.5 371.9 368.3 367.6 371.4 382.7 403.6 434.2 459 475 494.2 523.7 485.9 448.9 444.9 452.2 453.6 447.4 433.9 416.9 421.1 451.5 478 501.1 513 501.7 502.2 496.6 488.5 489.5 501.1
475 522.4 560.9 583.9 583.4 582.3 596.6 603 591.9 576.4 560.1 555.5 533.7 511.9 496 521.3 555.2 580 502.2 368.5 569.3 625.5 562.7 527.9 503.2 477.3 467.3 479 441 402.8 396.2 422.3 443.9 466.9 481.1 470.9 455.8 444.5 430.4 408.9 398 404.7 407.9 389.8 372 353.4 351.5 352.4 350.5 355.5 366.6 381.8 399.6 413.3 420.6 424.6 423.8 402.2 380.6 395 425.3 451.9 465.8 464.4 451.1 447.9 463.1 483.2 505.7 526.9 556.2 585.2 558.6 499 452.9 446.6
426.2 446.4 467.7 442 458.9 525.9 551.7 554.4 540.1 514.8 493.4 490.3 492.4 497.2 501.1 520.6 544.3 561.2 556.9 577.6 642.7 586.6 511 437.9 401.7 385.2 379.4 375 372.2 367.4 376 395.1 426.7 441.1 418.5 418 426.7 427.4 422.8 417.7 411.5 405.6 397.1 389.1 382.2 368.9 357.2 364 365.6 369.9 374.7 378.6 386.6 395.1 376.7 366.4 366.1 369.9 377.2 398.5 422.4 452.9 481.9 487.3 480.1 474.4 468.2 467.2 479.1 507.2 544.4 569.3 557.7 525.7 483.3 430.9
531.8 488.7 491.8 486.9 498.8 527 542.6 548.3 540 496.1 447.8 437 436.2 455.3 474.1 515.3 545.9 546.9 539.1 528.9 532 502.1 433.5 369.7 354.7 309 363.5 345.5 340.6 340.5 340.5 341.3 365.8 381.5 387.1 394 402.2 415.3 426.2 415.6 391.2 368.8 361.8 371.9 389.7 399 390.1 386.1 392.5 391 379 371.7 368.9 366 357.7 339.2 312.1 306.7 335.8 366.1 389.7 416.7 449.7 472.7 479.1 479.3 476.3 474.1 479.2 499.7 521.3 535.7 545.6 553.1 532 480.5
539.4 527.9 523.1 520.4 516.3 501.1 502 545.1 570.2 518 501.5 499.6 458.4 432.1 429.3 502.7 558.6 567.9 536.7 512.7 496.2 492.3 467.3 434.5 379 356.5 340.4 316 308.9 298.6 281.2 292.2 313.8 322.7 315.2 311.8 342.4 374 392.6 367.2 338.1 331 339.5 346.4 356.1 364.6 369.1 370 371.2 367 359.7 359 362.5 370.8 362.6 335.2 312.1 309.8 330.5 355.7 366.7 382.1 415.3 448 465.3 470.9 486.5 500.2 520.4 534.5 524.2 498.5 508.1 550.3 550.7 492.9
511.5 506.8 523.5 547.1 534.5 523.2 514.4 516.4 505.4 445.1 404.8 402.6 403.5 416.9 434.8 465.8 515.8 538.4 500.9 421.8 441.1 481.3 481.3 456 404.5 357.5 312.5 290.1 287.7 269.4 243.9 250.8 264.3 267.5 264.8 271.5 284.6 298.2 301.2 286.2 264.7 293.8 319.3 325.1 331 342.6 356.9 351.2 344.7 325.6 285.2 285.5 316.3 323.6 307.6 291.8 289.2 295.4 315.1 340.5 361.7 385.3 415.9 462 474.9 453.4 453.7 468.3 496.7 519.4 508.8 515.6 532.9 534.4 533 526.4
485.8 508.1 535.3 534 519.8 510.3 485.1 462.2 434.5 397.5 359.9 328.9 359.1 401.2 407.5 436.9 505.8 563.8 574 562.9 561.2 555.1 528.5 491.2 417.8 340.2 293.6 254.5 255.6 238.9 214.2 230.2 248.8 251.5 244.7 251.6 259.6 271.8 290.2 282.6 283.6 299.6 310.2 309.7 307.9 305.4 309.3 313.1 310.7 307.3 307.6 301.2 274.7 256.7 261.9 245.4 275.3 272.9 304.1 335.2 351.7 374.1 402.4 420.8 404.5 417.2 423.3 430 432 445.5 484.8 538.5 503.8 504.4 518.6 526.9
441.8 453.6 469.5 477.3 469.6 461 444 421.3 390.4 389.9 379.4 379.6 390.9 424.2 463.4 524.2 524.4 614.1 624.1 583.4 559.4 527.5 489.7 381.6 270.9 261.9 265.1 253.9 239.8 233.7 234.4 245.5 260.3 265.1 265 254.7 242.2 229.1 229.3 242.9 260.7 296.5 319.6 300 289.4 267.1 254.1 279.2 283.2 294.2 312.5 311 286.8 276 285.3 281.7 292.5 323.4 326 337.7 352.4 358.8 366.2 374.2 376.8 368.5 364 408.8 420.9 442.2 457.9 463.6 456.1 468.4 493 524.2
430 416.9 455.7 476.4 445.8 429.1 404.3 398.1 372.8 343.4 362.8 398.2 419.9 381.4 417.2 473.2 499.6 523.7 524 470 384.8 347.4 315.3 273.9 229.6 222.2 215.4 208.5 207.2 206.2 210.3 225.5 246.1 266.9 268 253.2 224.4 185.7 187.1 215.4 225.2 241.1 248.8 246.7 249.1 247.4 270.2 304.2 296.1 317 319.5 310.9 307.9 307.7 301.1 293.8 294.9 317.5 332.9 329.2 327.7 331.4 349.5 358.2 371.7 377 385.4 415.9 433 458.8 519.6 471.5 372.7 420.9 466.2 487.2
419.5 427.6 437.8 464.3 459.1 412 370.9 373.4 388.4 315.3 319.7 390.4 426.1 401.7 421.4 470.2 495.6 493.8 513.2 438.6 314.6 274.9 249.5 242.4 231.9 223.5 215.1 204.7 203.8 201 202.7 211.7 207.3 217.9 239 214 207.8 213.6 229.4 245.3 250.1 235.2 219.7 213.4 221 231.8 243.6 256 261.4 279.6 284.5 327.9 315 295.8 292.5 292.5 301.5 314.7 323.6 339.6 344.9 331.2 353.5 357.5 353.8 350.5 345.9 373.7 404.1 429.7 471.8 497.4 467.9 487.4 521.7 556.5
400.1 375.6 393.3 454.4 515 437.2 357 395.8 398.1 367.6 350.8 353.7 362.9 366.8 386.6 403.5 414.1 423.9 422.1 379.7 305.1 239.8 221.8 228.3 235.1 237.2 217.4 205.9 205.5 209.6 215.9 234.6 204.1 179 148.3 143 178.4 200.7 221.7 261.1 263.3 235.2 173.4 191 214.7 212.4 222.3 228.3 241.8 259.7 275 277.9 273 284.6 286 279.4 275.8 285.9 297.8 303.1 312.5 312.1 325 332.6 317.2 288.1 327.4 386.5 429.7 398.7 409.9 410.5 458.5 502.4 549.2 594.3
406.2 378.5 370.9 387.8 404.5 380.7 326.9 351.9 313.5 334.2 329.8 323.1 318.4 319 326.1 330.6 347.4 376.6 385 364.4 317.1 265.8 229.8 223 225.4 214.3 184.9 198.6 201.9 206.7 194 187.7 178.1 173.1 156.3 158 183.8 198.3 218.2 255.1 275.7 264.3 238.8 205 181.5 209.4 224.2 227.1 237.6 247.9 251.6 256.1 266.6 266.1 262.2 253.3 254.5 261.7 265.8 274.3 285.6 292.3 301.5 317.2 328.4 330.9 340.6 382.5 413.4 401.9 417.5 461.7 507.2 502.5 506 588
499.7 460.6 433.7 383.3 360 349.7 329.1 319.6 314.1 314.4 310.3 294.8 281.6 272 272.1 290.2 323.6 375.1 416 355.9 293.5 253.9 217.2 209.4 217.8 200.5 196.2 196.7 176.1 174 170.1 162.1 160.1 163.9 169.8 173.4 181.2 206.9 245.7 275 293.6 295 289.6 263.6 246.5 246.7 251.9 265.3 270.9 274 274.8 270.5 260.2 248.7 239.6 229.3 235.9 253.8 217 238 259.9 277 275.2 307.6 328.6 335.6 349.1 375.5 396.6 399.4 432 494.2 551.9 644.7 690.4 601.2
793.8 563.5 445.5 376.8 355.5 331 299.1 277.4 267.3 268.2 269 264.5 261 267.7 268.8 259.1 265.7 301.1 326.3 272.3 200.1 217.6 202.5 195 201.6 192.1 176.9 163.9 154.1 146.6 149.8 155.4 151.4 150.9 160.6 167.7 166.7 199.5 260.1 292.1 319.9 360.6 434.3 258.1 254.7 265.6 276.1 281.1 285.3 304.6 315.1 291.3 259.5 237 230.3 223.9 219.3 206.8 196.9 211.6 237.9 265.4 281.2 305.6 330.3 345.6 353.1 401.8 440.8 413.1 455.4 495.9 488.3 540 566.1 622.1
343.3 352.9 338.3 307.9 286.9 278.1 268 240.4 232.2 224.5 216.8 211 213.4 243.9 253.6 253.8 243.9 247.4 261.2 258.1 238.7 231.8 226 218 211.1 192.6 165.3 147.5 146.2 139.5 154 154.6 151.4 148.6 157 169.7 181.5 185.3 180.4 236.4 295.1 326.5 305 267.2 266.2 278.7 350 272.9 260.7 263.3 264.9 251.3 228.9 213.6 221.6 222.4 212.6 195.5 183.6 183.5 190.2 219.5 262.8 287.7 319.6 354.8 393.1 515 616.3 541.8 499.2 496.9 499.1 467.9 490.1 538
302.2 291.9 255.3 256.4 251.7 230.7 210.3 200.7 191.8 186.2 187.7 199 217.6 205.6 211 233.2 225.7 248.6 306.2 298.4 272.4 242.4 246.1 258.4 212.9 184 161.7 158.1 161 167.8 165 152.9 139.8 146.5 156.4 168.2 179.6 187.9 201.2 220.2 247.9 263.6 254.2 242 239.9 246.4 230.7 216.3 229.3 221.8 204.4 194.6 197.8 201.9 209.8 215.5 217.6 211.5 197.1 175.4 154.8 185.1 234.3 259.8 279.7 305.7 372.6 460.2 519.6 520.7 464 427.2 401.8 367 407.7 405.5
284 276.1 246.8 223.4 199.8 171 148.5 161 153.6 156.1 168.6 182 196.5 204.1 203.6 205.8 229.4 259.8 200.1 208.5 215.4 203.3 195.8 193.2 177 160.4 137.6 134.7 146.4 157.3 156.8 151.8 151.3 165.9 173.4 153.3 175.9 209.8 216.7 218.5 219 214.7 212.3 210.1 201.8 199.2 194.3 192.6 202.8 208.2 208.1 189.9 202 254.7 301.1 311.6 302.2 265.4 246.6 222.9 209.6 211.8 229.3 238.3 234.4 264.3 316.2 325.2 456.2 553.1 398.9 379.6 428.4 454.2 478.3 504.9
241.1 224 199.2 183.2 164.7 152.2 148.8 146.9 147.8 151.4 160.4 167.4 179.5 193 201.1 206.9 209.4 212.1 197.3 168.2 190.7 200.3 196.7 185.1 168.3 149.6 123.6 119.5 133 142.6 141.5 144 161.6 175.7 176.3 166.5 164.8 182.3 193.3 190.6 182 182.7 189.5 191.1 190.6 192.2 185.3 191.2 194.3 199.8 196.4 156 184.3 283.8 399.1 455.2 416.4 327.8 278.2 247.8 225.8 214.9 218.1 229.5 237.6 240.6 256.5 288.9 371.8 388.9 419.4 387 507.3 485.3 484.4 534.9
