datasets/global_precipitation_1950_2017/rasters/precip_2016-total.asc
NCOLS 720 
NROWS 347 
XLLCORNER -180 
YLLCORNER -90 
CELLSIZE 0.5 
NODATA_value -9999 
[rows 34 to 67 of 347, columns 152 to 227 of 720]
200 202.4 202.9 204.7 206 207.2 205.7 207.9 210.8 212.5 213.4 214.2 216.7 218.9 218 215 214.2 209.5 203.6 199.1 192.1 185.2 177.7 169.3 160.3 148.9 142.1 138 135.7 140.6 149.5 161.2 179.9 197.1 213.3 226.2 -9999 -9999 242 -9999 244 -9999 -9999 -9999 -9999 -9999 -9999 -9999 -9999 -9999 -9999 -9999 -9999 -9999 -9999 -9999 -9999 -9999 -9999 -9999 301 303.2 307.7 312.9 317.5 322.4 326.1 329.2 331.9 332.6 331.6 334.5 -9999 -9999 -9999 394.1
226.1 229.2 234.4 238.4 241.5 242.9 245.3 248.2 250.8 254 255 255.5 266.6 268.1 267.9 266.5 265.8 262.9 257.3 250.3 241.7 232.6 221.7 208.5 191.4 172.6 156.9 145.7 -9999 -9999 148.4 165.1 182.9 200.5 217.3 -9999 244.4 256 263.9 -9999 -9999 -9999 -9999 -9999 -9999 -9999 -9999 -9999 -9999 -9999 -9999 -9999 -9999 -9999 -9999 -9999 -9999 -9999 -9999 -9999 -9999 360.1 363.2 368.5 371.1 371.3 371.2 370.6 371.9 373.6 374.7 375.2 -9999 -9999 -9999 -9999
246.6 253.8 260.4 265.3 267.3 268.3 267.1 270.8 272.9 276.5 280.8 283.7 292.4 299.8 306.1 311.6 312.1 312.2 306.9 300.1 289.2 276 261 244.9 229.2 212.6 196.7 185.6 180.7 178.9 185.3 195.4 208.4 224.4 -9999 -9999 270.1 283.2 -9999 303.7 -9999 -9999 -9999 -9999 -9999 -9999 -9999 -9999 -9999 -9999 -9999 -9999 -9999 364.4 375.2 379.9 381.3 -9999 385.8 389.6 391.6 398.2 399.6 406.1 409.3 410.2 411 410.4 410.7 410.7 410.4 410 409.8 409.4 -9999 -9999
263.8 270.3 276.2 279.1 276.1 277.5 279.7 280 283.5 285.7 289.6 295 301.6 309.5 319.3 331.5 342.7 346.5 341.8 332.3 319.2 302.5 286.7 270 256.8 244.5 234.6 226.3 222.4 221.8 224.7 231.8 240.3 -9999 -9999 282.9 296.5 311 323.3 333.7 339.6 339.2 334.8 -9999 -9999 -9999 -9999 -9999 -9999 -9999 -9999 -9999 367.1 374.8 381.7 388.1 388.3 394.3 399.2 401 411.1 417.7 422.4 429.2 434.9 438.7 442.4 445 445.5 444.7 443.7 441.9 439.8 438.2 436.7 435.5
272.5 275.6 279.3 280.9 282.5 281.5 275.8 280.4 282.3 285.7 290.2 293.6 297.3 301.3 303.8 305.9 364.9 364.6 356.5 346.2 328.7 312.2 295.3 278.8 267 255.5 249.5 244.7 244.6 246.2 250.9 255.7 -9999 -9999 -9999 298.6 311.9 325.7 338.9 351.4 364 349.7 328.7 327.2 327.1 -9999 -9999 -9999 -9999 -9999 -9999 -9999 -9999 -9999 382.9 -9999 -9999 -9999 -9999 -9999 -9999 -9999 440.3 447.6 455.4 460.8 466.8 470.7 472.8 473.1 472.6 470.2 469.6 471.9 476.4 482.2
275.1 279.8 279.7 281.7 284.8 284.6 285.7 286.7 288.1 293 298.9 301.3 305.2 309.6 315.7 325.8 336.2 341.6 337.9 326.8 310.3 291.9 274.5 -9999 248 241.8 238.2 240.1 -9999 -9999 -9999 -9999 -9999 -9999 291.7 302 312.6 322.5 331.2 336.6 -9999 -9999 -9999 320.2 322.8 328.7 333.8 339.3 -9999 -9999 -9999 -9999 -9999 -9999 -9999 -9999 -9999 -9999 -9999 -9999 -9999 -9999 459.2 -9999 -9999 479.2 483.2 486.7 489.4 490 488.5 486.7 487.4 491.8 498.1 508.7
281.8 286 288.1 290.3 294 296.6 298.9 301.4 304.3 305.4 308.1 312.6 318.1 322.1 326.4 330.3 330.9 328.5 319.9 304.8 284.6 261.9 239.7 223.7 214.4 213.3 217.7 -9999 -9999 -9999 -9999 -9999 -9999 -9999 -9999 -9999 -9999 313 319.4 -9999 -9999 -9999 -9999 -9999 -9999 -9999 -9999 -9999 -9999 -9999 -9999 -9999 363.4 -9999 -9999 -9999 -9999 -9999 -9999 -9999 -9999 -9999 -9999 -9999 -9999 495.2 497.9 502.1 507.3 509.2 504.4 502.1 -9999 -9999 503.8 512.4
296.2 297.9 301.5 305.2 308.4 312.7 316.7 318.1 317.6 319.6 322.5 327.6 330.9 333.3 335.8 338 335.6 329.8 318.7 301.2 278.4 252.4 226.8 -9999 -9999 -9999 -9999 -9999 -9999 -9999 -9999 -9999 -9999 -9999 -9999 -9999 -9999 -9999 -9999 -9999 -9999 324.2 326.5 330 -9999 -9999 -9999 -9999 -9999 -9999 -9999 -9999 -9999 -9999 -9999 -9999 -9999 -9999 -9999 -9999 -9999 -9999 -9999 -9999 -9999 -9999 -9999 -9999 -9999 527.5 519.8 511.9 506 500.8 -9999 -9999
303 303.4 307.6 314.7 320.5 326.5 330.9 333.9 335.4 337 338.6 341.4 343.6 347.4 350.6 352.6 353.2 351 344.3 332.1 315.2 295.1 -9999 -9999 -9999 -9999 -9999 -9999 -9999 -9999 -9999 -9999 -9999 -9999 -9999 -9999 -9999 -9999 -9999 -9999 -9999 320.3 -9999 -9999 -9999 -9999 -9999 -9999 368.4 -9999 -9999 -9999 405.5 420.8 439.8 461.7 485.2 509.5 -9999 551.2 566.2 574.9 -9999 -9999 -9999 -9999 -9999 -9999 -9999 -9999 -9999 511.9 504.9 499.1 491.7 484
299.4 300.6 303.3 314.1 326 340.5 348.6 352.7 352.9 351.7 352.4 354 359.2 362.8 367.9 373.9 380.4 386.6 389 385.5 374.8 -9999 -9999 -9999 -9999 -9999 -9999 -9999 -9999 -9999 -9999 -9999 -9999 -9999 -9999 -9999 -9999 -9999 -9999 -9999 -9999 -9999 -9999 -9999 -9999 -9999 -9999 -9999 377.8 -9999 -9999 -9999 427.5 446.7 467.3 492.3 519.1 550.7 577.4 599.2 617.4 624.3 620.9 611.4 -9999 -9999 -9999 -9999 -9999 -9999 -9999 -9999 -9999 -9999 -9999 -9999
298 295.9 294.2 295.7 303.6 321.4 360.3 360.3 357.2 356.3 359.1 361.3 369.5 373.6 383.4 393.2 405.7 417.8 430.4 435 -9999 -9999 -9999 -9999 -9999 -9999 -9999 -9999 -9999 -9999 -9999 -9999 -9999 -9999 -9999 -9999 -9999 -9999 -9999 -9999 -9999 -9999 -9999 -9999 -9999 -9999 -9999 -9999 -9999 -9999 -9999 -9999 -9999 456.3 478 505.9 532.8 564.2 595.2 624.6 643.2 647.5 639.6 625.9 609.2 -9999 -9999 -9999 -9999 -9999 -9999 -9999 -9999 -9999 -9999 -9999
312.9 307.3 296.8 293.5 296.1 295.8 312.8 329.7 345.5 357.9 364.4 374.6 381.3 388 395.8 403.8 410.3 420.8 428.3 -9999 -9999 -9999 -9999 -9999 -9999 -9999 -9999 -9999 -9999 -9999 -9999 -9999 -9999 -9999 -9999 -9999 -9999 -9999 -9999 -9999 -9999 -9999 -9999 -9999 -9999 -9999 -9999 -9999 -9999 -9999 -9999 -9999 -9999 448.8 470.9 496.7 523.6 551 577.5 599.4 614.3 620.3 619.6 612.7 596.8 587 584.7 573.6 559.6 -9999 -9999 -9999 -9999 -9999 -9999 -9999
349.9 338.3 335.1 326.9 324.9 325.8 337.9 355.2 374.5 390.9 400.5 409.1 413.8 417.4 415.2 412.1 408.7 405 402.7 -9999 -9999 -9999 -9999 -9999 -9999 -9999 -9999 -9999 -9999 -9999 -9999 -9999 -9999 -9999 -9999 -9999 -9999 -9999 -9999 -9999 -9999 -9999 -9999 -9999 -9999 -9999 -9999 -9999 -9999 -9999 -9999 -9999 -9999 426.3 445.1 467.5 491.1 514.6 536.9 556 570.2 579.3 580.9 582.1 582.4 576.8 570.6 565.1 563.8 -9999 -9999 545.7 -9999 -9999 -9999 -9999
415.5 413.4 404.9 394.9 391.7 396.5 403.4 420.1 436 452.2 465.8 478.4 479.7 469.1 454.8 427.9 403.6 384 -9999 -9999 -9999 -9999 -9999 -9999 -9999 -9999 -9999 -9999 -9999 -9999 -9999 -9999 -9999 -9999 -9999 -9999 -9999 -9999 -9999 -9999 -9999 -9999 -9999 -9999 -9999 -9999 -9999 -9999 -9999 -9999 -9999 -9999 -9999 394.3 411.1 430.1 451.3 472.7 492.8 510.1 526.9 540 547.4 555.9 563.8 568.2 571.7 573.5 575.3 -9999 -9999 -9999 -9999 -9999 -9999 -9999
490.7 511.7 510.7 506.4 494.8 496.5 501.6 515.2 531.9 546.7 558.7 561.6 546.1 511.6 476.9 431.5 390.1 355.5 -9999 -9999 -9999 -9999 -9999 -9999 -9999 -9999 -9999 -9999 -9999 -9999 -9999 -9999 -9999 -9999 -9999 -9999 -9999 -9999 -9999 -9999 -9999 -9999 -9999 -9999 -9999 -9999 -9999 -9999 -9999 -9999 -9999 -9999 350.6 364.9 380.2 398.4 418.2 439.8 458.5 479.7 496.9 514.7 531.6 548.1 562.5 574.9 588.2 597.4 602.7 605.8 -9999 -9999 -9999 -9999 -9999 -9999
557.2 570.7 568 556.5 545.5 542.8 543.1 555.2 568.9 581.2 591.2 587.4 564.2 525.6 477.1 424.6 373.6 333.3 306.5 288.8 313.3 314.8 -9999 -9999 -9999 -9999 -9999 -9999 -9999 -9999 -9999 -9999 -9999 -9999 -9999 -9999 -9999 -9999 -9999 -9999 -9999 -9999 -9999 -9999 -9999 -9999 -9999 -9999 -9999 -9999 -9999 316.3 327.4 341.5 355.9 373.2 392.6 413.5 436.3 458.8 481.6 503.3 526.9 552.6 577.8 599.4 608.3 624.8 -9999 637.8 639.1 -9999 -9999 -9999 -9999 612
624.9 615.9 585.7 554.3 528.8 519 525.7 537.6 550.8 565.7 575.2 575.3 558.2 516.3 469.9 417.6 370.7 337.3 316.6 306.8 302.7 301.4 -9999 -9999 -9999 -9999 -9999 -9999 -9999 -9999 -9999 -9999 -9999 -9999 -9999 -9999 -9999 -9999 -9999 -9999 -9999 -9999 -9999 -9999 -9999 -9999 -9999 -9999 -9999 -9999 -9999 -9999 312.1 326.7 342.3 361.1 381.1 402.5 425.1 447.8 473 498.3 527.9 558.7 584.3 602.7 619.7 633.9 642.8 650.7 654.1 -9999 640.7 630.7 620.8 612.4
620.9 602.8 575.6 541.6 510.4 500.3 504.9 516 528.9 546.2 555.8 556.9 547.4 517.7 468.3 416.6 373.1 343.5 320.4 305.8 295.5 287.4 284 -9999 -9999 -9999 -9999 -9999 -9999 -9999 -9999 -9999 -9999 -9999 -9999 -9999 -9999 -9999 -9999 -9999 -9999 -9999 -9999 -9999 -9999 -9999 -9999 -9999 -9999 -9999 -9999 -9999 -9999 -9999 343 360.5 382.9 402.3 425.5 447.4 470.5 497.8 525.9 551.1 576.2 595.2 610.5 623.7 632.6 637.1 636.6 631.6 623.9 614.7 603.7 591.6
600.9 591.3 572.4 544.1 514.5 492.2 490 501.1 523.1 547.2 558.8 556.1 542.1 515.1 473.5 426.8 383.9 346.1 319.2 299.3 280.7 263.3 255.6 -9999 -9999 -9999 290.3 -9999 -9999 -9999 -9999 -9999 -9999 -9999 -9999 -9999 -9999 -9999 -9999 -9999 -9999 -9999 -9999 -9999 -9999 -9999 -9999 -9999 -9999 -9999 -9999 -9999 -9999 -9999 360.4 379.6 397.8 421 435.2 457.7 477.9 503.7 528.9 549.7 567.9 582.4 591 600.8 606.3 608 606.8 604.1 599.7 591.6 581 571.2
603 601 584.2 553.1 516.3 487.6 482.8 493.6 510.1 559.4 587.7 570.7 555.1 537 508.8 467 407.9 349.4 313.1 302 287.3 264 253.5 263.2 276.2 289.7 310 335.6 351.2 376.6 405.3 -9999 -9999 -9999 -9999 -9999 -9999 -9999 -9999 -9999 -9999 -9999 -9999 -9999 -9999 -9999 -9999 -9999 -9999 -9999 -9999 -9999 -9999 -9999 -9999 414.1 431.3 453.3 469.9 487.1 506.8 529.5 545 554.8 562 566.3 566.9 571 571.5 569.2 569.6 571.7 574 573.1 559.7 549.8
608.9 602.8 594.3 577.2 552.1 529.5 516.4 507.7 501.5 523.4 545.8 553.2 561.7 568.7 571.5 540.7 470.3 382.3 329.1 323.9 328.3 320.1 310.6 306.9 310.3 322.7 343.9 369.5 389.9 416.1 429.8 451 462.9 -9999 -9999 -9999 -9999 -9999 -9999 -9999 -9999 -9999 -9999 -9999 -9999 -9999 -9999 -9999 -9999 344.4 362.5 -9999 -9999 -9999 -9999 476.4 488.9 501.9 517.8 536.2 554 568.6 576 578.2 575.5 565.9 567 561.1 558.9 558.2 561.7 564.2 566.7 563.6 554.9 540.9
612 603.4 596.7 592.2 577.5 557.8 535.4 521.8 522 531.9 536.7 551.8 575 573.2 571.4 560.4 516.6 466.9 431.5 412.3 401.1 391.1 374.6 362.7 363.6 376.9 394.5 417.4 440.5 463 478 487.6 497.7 510.5 525.5 -9999 -9999 -9999 -9999 -9999 -9999 -9999 -9999 -9999 -9999 -9999 -9999 -9999 -9999 -9999 -9999 -9999 -9999 -9999 547.1 551 557.7 566.6 576.5 592.3 604.8 613.7 613.4 603.3 598.5 591.8 585.1 586 581.8 580 581.3 582.7 584.9 582.5 572.8 552.7
619.4 606.8 596.4 591.5 582.3 552.7 526.3 511 503.9 503.5 502.8 497.6 502.2 513.5 521 527.9 532.9 529.7 517.7 501.8 483.4 463.7 442 429.8 431.4 439.7 450.7 469.8 490.6 511.5 526 528.4 534.7 542.9 553.1 562.3 570.2 571.1 -9999 561.8 561.9 -9999 -9999 -9999 -9999 -9999 -9999 -9999 -9999 -9999 -9999 -9999 618.9 621.8 619.6 619.6 620.5 622.5 628.4 631.5 637.1 640.1 638.7 633.3 629.3 623.8 615.2 614.1 612 610.2 609.3 613.7 620.4 620.8 611 589.3
611.8 600.4 598.5 615.5 535.4 470.9 500.2 508.5 504.1 489.7 450.7 385.9 349.3 413.7 470.5 514.3 546.7 563 565.7 556.7 539 515.2 497.8 485.4 483.4 486.5 490.8 504.6 516 534.8 548.9 557.3 563.3 569.5 574.2 577.8 582.9 587.3 587.5 587 590.6 589.9 588.8 594.5 -9999 -9999 -9999 -9999 -9999 627.1 649.1 671.9 686.3 689.6 685 675.8 662.8 654.7 646 641.9 638.4 639.2 643.2 648.3 649.4 648.1 646.9 647.2 646.4 643.7 641.3 641.8 643.2 646 632.6 609.5
566.6 571.4 566.6 539.2 513 527.6 538 554.2 555.8 535.7 484.5 430.9 426.5 450.3 483.3 532.7 575.6 609.1 620 608.9 582.4 552.1 525.3 505.5 495 496.5 501.7 505.3 518.1 543.2 568 584.8 596.6 600.9 599.2 598.4 594.8 595.7 598 600.4 611.9 622 640.4 -9999 -9999 -9999 -9999 -9999 -9999 665.9 696.1 737.7 772.4 777.2 758 729.5 702.2 678.1 657.6 640.5 626.2 622.9 634 645.9 657.2 665.6 671.2 673.6 675.2 672.7 669.5 664.8 658.6 651.8 642.9 636.5
569.3 605.1 621.7 608.1 575 553.8 588.5 627.4 652 644 606.9 558.4 531.2 529.9 541.6 573 609.3 642.6 668.9 654.9 619.6 581.8 540.7 495.9 469 488.8 516.4 530.1 549.1 575.2 599 620.6 633.3 642.1 635.4 628.2 623.6 615.2 615.6 617.1 631.9 658.2 692.6 724.8 -9999 -9999 -9999 -9999 -9999 -9999 738.1 816.1 886 867.3 814.5 766.4 725.8 694.6 669.1 643.3 615.4 618 633.7 652.1 669 682.5 692.1 696.6 700.2 701.5 696.3 689 683.5 677.7 671.5 661.7
608.3 670.9 772.3 803.2 750.9 727.5 737.1 752.4 783.6 775.8 737.1 671.4 636.7 620.7 608.5 611.1 623.4 634.5 637.2 631.8 621.6 609.4 583.9 542.6 508.7 526.6 564.3 594.6 619.8 631.8 646 665.7 680.2 692.1 681.2 663.9 650.2 636.9 624.9 624.6 648.9 709.2 773.4 802 -9999 -9999 -9999 -9999 -9999 -9999 791 832 865.8 854.4 815.3 775.8 739.4 706.8 680.4 655.3 638.1 640.2 654.5 673 690.2 704.5 715 727 739.2 742.7 734 719.5 707.4 707.3 712.5 690.1
611 693.7 914 954.6 845.6 851.8 812.5 794.4 792.9 798.7 760.6 717.9 695.1 669.3 644.5 630.3 622.5 615.5 614.1 617.6 623 622.8 638.8 661.2 654.5 649.4 657.4 667.3 675.6 685.7 701.4 728.1 744 730.3 696 665.6 639.5 620.4 592.6 607.1 655.6 773.7 870.3 883.2 -9999 -9999 854.5 -9999 -9999 -9999 827.6 826.8 822 810.4 789.2 764.6 741.2 720.7 701 680.8 672.7 673.2 681.7 696.3 717.2 737.5 760.9 786.7 809.5 821.5 812.7 780.2 725.1 673.6 701.5 693.8
505.7 538.2 636.5 685.2 650.6 686.7 689.3 698.4 696.8 693.2 685.7 668.4 657 638.6 637.6 645 627.5 612.2 620.9 639.9 657.2 674.1 716.1 750.9 761.4 762.2 760.5 773.2 761.9 750 737.4 752.9 813 734.4 651.2 589.4 567.8 551.5 529 543.8 645.2 787.9 887 913.1 922.1 -9999 -9999 -9999 -9999 -9999 -9999 829.3 808.8 789.9 762.8 749 753.3 756.3 743.9 725.4 712.3 712 717.1 731.6 752.2 782.4 823.3 863.3 902.6 935.6 949.3 927.6 856.5 771.9 724 689.9
513.5 474 522.1 538 546.9 586.2 645.9 693.1 575 600.3 570.5 594.1 642.3 701 744.6 695.9 669.6 689.4 710.6 732.8 753.3 760.3 760 778.3 793.8 805.4 815.2 843.6 838.7 784.3 709.7 610 626 632.5 575 514.4 508 503.9 509.7 532.4 629.4 815.1 876.5 895.5 915.5 934 944.1 -9999 -9999 -9999 839 811.6 785.9 751.6 725.5 743.4 796.5 810.1 799.4 784.5 776.6 769.9 769.5 764.9 780.9 808.4 858.3 915.6 973.8 1014.3 1037.8 1010.9 937.3 859.2 793.9 732.7
483.8 504.9 531.5 583.5 609.8 629.4 632.1 601.6 634.4 680.7 655.1 641.7 673.2 717.1 721.2 727.8 748.3 782.9 825.5 867.2 857.3 819.2 787.4 772.9 793.8 810.3 807 797.2 788.2 797.8 741.2 662.1 646.5 636.1 592.1 575 555.1 549.7 570.3 634.7 756.8 837 857.6 880.6 895.6 908.7 919.5 850.3 -9999 838.1 809.8 785.5 760 722.6 735.5 793.4 816.5 815.7 809.9 806.5 800.4 793.4 786.8 780.6 758 775.6 854.2 940.9 1001 1041.1 1062.2 1055.2 1020.6 983.7 945.4 900.5
413.1 452 493.5 551.2 612.2 580.2 702.7 658.7 752.1 752.5 675.9 569.3 605.9 694.7 691.2 708.4 730.6 770.2 856.8 904.5 855.4 794.1 762.5 741 759.7 799.9 823.4 826.4 834.2 855.2 847.9 839 808.5 762.3 743.6 727 708.7 689.4 668.7 672.4 722.5 795.2 846 874.4 883.8 879.5 860.4 833.4 810.2 792.7 804.5 799.5 772.7 733.3 766.2 810.1 823.3 829.9 832.3 818.8 818.4 823.3 824.4 816.2 770.5 672.6 883.7 1069.9 1042.7 1012.5 1034.6 1102.6 1104.6 1092.6 1077.5 1057.5
491.3 523.6 558.9 528.5 606.3 615.5 613.9 606 550.5 597.8 668.7 653.2 619.7 609.6 666.4 762.5 732.9 818.1 946.2 971.8 878.5 795.7 751.3 640.7 809.4 855.1 898.4 922.5 924.5 934.7 888 857.6 800.5 752.2 753.3 722.7 715.2 693.6 640.9 642.9 686.7 752.9 803.5 861.8 874.6 877.3 870.6 837.6 810.5 849.7 828.2 764.3 718.1 704.9 736.8 807.7 844.9 855.6 885.1 894.8 885 900.9 914.2 1011.1 1000.1 980.2 1009.1 1056.1 1041.1 1024.2 1062.9 1100.3 1119.1 1107 1047 1086.2
655.3 559.8 585.7 625.4 710.2 711.6 718.9 642.1 619 667.5 700.6 684.4 603.5 644.3 681.9 764.1 796.5 789.5 979.5 1142.7 881.5 808.5 829.1 805.1 868 967.9 1022.9 1013.2 948.6 907.1 895.6 911.5 798.3 688 656 659.6 680.6 639.7 599.1 609.5 662.8 768.6 790.8 861.1 884.8 859.4 852.3 839.8 850.9 845.8 796.1 736.8 681.8 716.9 762.4 823.1 862.8 882.5 913.3 961.6 940.9 884.3 908.5 1103.5 1148.6 1024.2 1002.5 1000.1 985 1001.3 1056.2 1086.3 1123.9 1209.1 -9999 -9999
