datasets/global_precipitation_1950_2017/rasters/precip_2009-total.asc
NCOLS 720 
NROWS 347 
XLLCORNER -180 
YLLCORNER -90 
CELLSIZE 0.5 
NODATA_value -9999 
[rows 68 to 101 of 347, columns 456 to 531 of 720]
216.8 196.7 186.8 181.1 178.3 169.1 159.1 154.2 149.5 145.8 145.3 143.8 150.5 158.9 153 155.1 163.4 180.5 187.6 178.6 156.7 163.1 169 170.1 161.2 144.7 135.2 128.8 125.3 128 133.6 139.1 143.3 152.9 162.3 172 185.7 213.2 216.1 190.8 176 186.4 202.9 234.2 308.5 459.5 542.2 502.8 391.3 312.9 300.7 296.6 289.4 372.1 532.7 810.1 591.9 413.3 281.7 271.6 260.2 257.3 267.9 275.2 288.8 298.1 294.5 330 381.5 426.7 454.7 461.5 467.8 473 498.7 515.1
199 190.2 184.3 181.8 172.9 155.5 136.8 127.4 141 139.3 139.2 138.7 143.1 147.1 145.1 141.3 132.6 159.2 164.5 154.5 158 173.1 174.7 165.8 145.7 129.7 124.6 117.1 115 117.1 123.5 130.4 134.4 142 150.6 162.4 201.9 269.1 263.6 178.7 153.4 168.1 184 204.9 299.6 540.4 834.3 922.8 522.1 301.8 269.1 246.7 279.7 345.3 435.2 500.8 453.6 335.7 245.8 220.1 218.6 222.7 224.1 249.9 272.2 293 285.6 284 291.3 293.5 321.8 328.6 370.7 410.1 440.6 449.4
175.2 164.5 163.8 161.5 150.6 134.6 129.5 127.9 134.7 142.8 144.5 142.8 138.3 129.8 134.8 141.3 148.1 153.5 153.5 160.8 177.1 191.4 163.8 143.5 127.1 115.5 109.7 97.1 93.4 99.3 102.3 103.7 106.9 113.7 129.7 148.5 163.7 184.9 186.1 160.8 156.4 167.6 187.6 157.3 215.1 341.4 451.5 475.4 367.3 218.8 216.2 225.4 230.2 237.2 206 238.4 225 172.8 147.7 167.2 189.7 198.5 215.6 240.9 263.3 268.1 261.5 247.5 227 205.1 224.5 247 257.3 277.1 299.8 363.2
171 163.3 156 148.4 140.3 132.4 133.5 141.3 138.7 138.8 137.9 136.1 133.7 134.1 134.5 140.4 152.6 160.5 159.9 151.9 130 129.3 127.6 116.8 106 91 83.3 79.2 79.6 78.3 77.3 73.8 70.4 75.4 92.5 107.2 113.7 109.9 116.8 110.3 123.2 138.6 156.4 171.5 200.1 235.3 273.8 297.4 299.8 251.7 207.2 188.2 179.9 175.3 172.4 167.3 158 146.3 140.5 148.4 162.5 178.2 199.4 221.9 239.2 252.6 275.5 270.4 227.7 192.1 223 230.5 194.5 243.4 245.2 267
189.4 174.6 159.1 154.2 149.1 141.5 137.9 142.5 141.5 136.4 128.3 125.9 129.6 132.1 133.7 134.6 141.2 153.7 154 145.7 133 119 108.4 100.2 82.8 66.7 59 57.6 57 57.1 58.8 60.9 64 67.3 71.1 77.5 86.6 93 94.4 93.1 95.3 103.2 120.7 144.4 168.4 180.3 222.4 252 241.1 198.2 162.8 159.1 161.1 147.9 141.7 128.6 121.1 122.2 127.5 128.9 140.7 156.5 167.8 186.9 225.8 259.5 324.5 368.3 304.3 282.9 277.1 259.3 240.1 242 206.9 179.7
213.7 188.1 155.4 150.2 146 152.2 154.4 155.9 156.1 143.2 130.6 119.3 128.7 133.1 135.4 134.2 140.1 152.6 160.8 145.9 126 102.5 90 79.2 65.5 55.5 50.4 51.2 45.8 43.2 44.2 53.2 64.9 70.9 65.8 63.2 64.9 72 71.5 73 77 82.8 95.5 112.9 131.7 149 173.5 191.7 180.9 154.4 140.9 135.9 130.9 121.3 95.1 102.1 99.5 97.9 112.1 126.7 143.5 161.7 167.9 182.2 226.2 249.3 287.2 309.1 296.3 313.1 321 286.4 236 163.6 114.3 96.6
238.7 214.1 185 170.3 163.5 162.3 163.1 163.3 159 148.6 136.1 130.3 129.4 129.9 132.8 135.2 136.7 144.8 151.3 143.4 125.5 101.9 83.5 69.9 59 51.7 46.4 43.3 39.6 35.6 32.6 35.9 41.7 45 48.2 47.9 53.7 67.2 78.7 76.5 76 81.6 89 96.6 110.5 121 128 132.1 124.2 116.3 112.2 108.5 112.8 110.5 106.6 104 103.5 108.8 122.3 153.7 187.2 209.3 239.1 286.2 320.6 306.6 270.2 231.1 229.1 243.2 263.9 250.9 206.2 142.1 108.8 100.7
250.4 240.2 218.5 195 184.6 178.5 175.2 174.8 173.3 162.4 146.7 134.5 130.4 131.6 134 134.6 134.3 133.7 131.9 125.5 110.6 87.5 72.6 61.9 55.7 52.3 49.1 45 41 34.2 27.9 20.7 18.4 23.4 27.2 33.8 45.5 55.9 67.4 74.7 83 92.2 97.4 98.7 105.1 112.4 113.5 117.4 119.7 118.1 114.9 113.7 118.8 123.5 126.5 126 145.3 161.7 162 209.3 255.2 252.2 323.6 403.6 479.4 482.8 303.7 195.5 155.4 173 213.1 219 169 125.3 116.5 116.5
256.5 246.4 226.6 216.5 208 197.7 190.1 187.6 182.4 171.2 157.7 141.5 131.2 130.1 132 131.4 132.4 126.2 118.6 107.7 87.8 72.3 66 61.8 57.9 52.9 48.2 43.3 38.7 33.7 28.8 22.2 19 21.9 26.1 32.4 41.9 41 49 68.2 93.9 115.2 119.7 118.5 118 115.3 115.7 115.9 118.8 125.8 135.2 141.8 135.9 139.8 141.3 158 181.6 211.6 247 278.8 333.2 384.2 345 406.3 491.1 547.8 354.9 203.3 153.1 140.3 144.1 152.1 143.8 130.5 132.4 140.6
261.7 245.9 236.3 236.1 228.3 216.6 202.9 189.2 178.7 167.7 151.9 134.8 122.5 119.8 123.5 133.8 155.9 120.8 106 90.4 73 61.4 59.4 59.6 58 52.9 47.5 42.1 38.4 34.9 33 30 29.1 29.3 33.6 41.7 52.3 55.1 64.4 88 116.7 133.7 136.1 135.1 131.8 127.1 126.6 125.2 119.2 140.9 166.6 176.2 173.2 174 195.8 214.1 220.3 259 292.5 346.7 419.1 549.6 589.9 358.7 308.6 314.3 278.2 202.1 144.9 105 111 126.8 144.2 154.9 160.8 177.4
299.5 261.4 246.9 252.6 253.9 235.9 204.2 185.7 165.8 148.8 135.3 118 106.2 104 110.3 118 121.5 111.2 93.1 73.4 62.2 56.9 57.5 62.3 61.8 58.6 51.8 45 40.8 37.4 37.1 38.8 39.8 39.9 41.1 44.3 54.4 68.4 91 129.9 140 156.3 183.9 181.8 177.6 178.3 179.6 179.7 181.2 191.1 202 249.9 238.1 238.2 276.2 276.4 306.6 307.6 340.3 355.4 389.5 440.7 335 163.2 163.4 251.3 303.5 278.8 192.4 124 110.8 137 162.5 174.5 184.5 195.6
446.4 404.9 278.5 267.5 262 240 195.1 167.2 148.8 132.5 115.9 96.2 86.5 85.9 92.5 102.5 104.8 96.9 77 60.7 60.1 73.8 65 68.7 68.8 64.1 56.8 52.1 50.1 49.2 51.5 55.6 58.3 56 49.7 44.3 52.2 84.9 121.9 161.1 217.3 293.2 175.3 243.2 221.8 237 251.7 265.3 259.6 249.1 252 274 329.1 347.2 337.8 366.9 443.3 535.7 485 404.9 315.8 339.9 305.5 240 248.7 298.2 334.8 339.2 279.4 208.4 186 209.5 226.9 221.7 207.6 207.1
495.4 474.3 408.5 276.8 257.9 233.6 187.5 153.8 133.5 118.7 95.8 70.5 59.2 63.5 73.5 83.7 91.1 81.1 65.7 59.1 56.3 50.7 60 80.4 72.7 64.9 59.6 58.7 61.2 64.6 67.9 72.2 76.6 69.7 62.4 56.7 72.4 109.6 147.9 189.9 199.9 307.7 341.8 320.3 298.9 328.5 326.9 308.5 301.5 309.9 331.4 355.6 366.6 395.3 417.4 467 556.6 772 902.1 710.5 506.9 474.2 418.8 391.3 377.9 430.1 483.3 417.1 378.4 287 262.2 308.1 321.3 286.2 235 198.2
440.4 435.2 425.5 354.4 257 214.4 172.5 138.3 116.3 98.2 80.6 64.4 57 62.1 70.8 77 77.7 68.6 62.3 57.4 55.4 52.8 57.2 57.7 59.1 58.9 56.6 58.4 65.4 71.9 77 77 77.9 78.3 78.8 92.6 118 148.1 166.7 209.6 237.8 305.9 392.3 543.3 612.6 459.7 373.5 296.6 301.2 323.4 336.9 462.7 461.4 451.4 465.6 533 526.6 642.4 702.4 618.3 601.2 738.2 545.1 429 378.7 431.5 468.8 414.7 269 189.3 200.3 264.5 298.1 246.4 186.2 164.8
413 424.5 419.4 400.1 357.7 233.3 160 126.7 103.6 91.3 84.2 79 79.1 83 88.9 92.3 91.7 84.2 73.3 64.8 60.2 60 62.7 54.2 55.6 57.9 55.2 51.5 54.7 64 76.7 78.9 75.9 76.9 92.3 132.6 175.8 196.8 219.5 251.6 280 351.2 538.4 661.8 826.3 775.1 540.8 364.6 326.9 452.6 463.7 478.5 435.5 471.4 404.7 290.5 323.7 343.2 334.9 356.6 423.4 451.6 448 432.8 386.5 372.8 366.9 204.6 120.9 90.8 102.7 135.7 153.6 142.8 114.4 94.1
485.2 431.8 411.8 384.2 345 270.2 168.9 130.6 112.9 101.9 97.6 98 103 109.5 116.5 119.3 115.6 100.9 85.5 73.7 65.2 60.1 58.4 56 62.5 68.5 62 57.4 49 55 75.9 86 82.6 66.8 110.6 165.5 214.2 234.1 254.6 276.9 298.1 400.2 550.9 885.1 892.4 727.5 460.9 537.6 396.2 282.1 391.6 384.7 323.4 323.1 313.7 370.8 351.1 317.1 295.7 319.2 319.8 235.9 314.2 267.3 187 168.2 125 77.5 53.3 41.7 49.7 69.8 83.3 82.5 66.8 45.5
576.6 479.8 352.1 358.8 297.8 235.5 170.2 132.8 113.3 104.1 103.7 115.6 126.8 136.4 144.9 144.5 132.4 113.7 92.1 78.6 73.8 68.5 63.2 61.2 60.3 68 75.1 74.9 79.1 85.9 93 105.1 118 138.3 174.7 242 289.4 302.7 302.5 291 314.7 397.1 511.3 710.9 950.8 456.9 271.8 228.3 262.7 737.9 600.7 786.5 520.4 257.1 234.1 260.5 275.2 279.2 275.2 271.6 257.9 247.1 204.2 113.7 64.7 56 55.2 47.9 43.6 42.1 45.6 54 60.3 60.4 54.6 46.7
564 473.4 387.7 308.7 228.9 191.6 161 132.4 117.7 112.3 118.8 133.4 146.6 151.7 149.9 155.9 141.9 125.9 104.4 91.1 90.1 89.4 83.5 77 76.2 82.8 95.9 110.8 129.3 127.1 119.4 130.1 155 195 277 358.3 374.6 393.8 399.6 375.3 344.9 360.7 442.5 448.4 461.1 136.2 113.4 96 143.3 247.5 450.3 649.6 462.2 218.6 188.3 213.5 225.8 235.4 226.5 200.9 202.3 196.9 150.6 91.3 55.2 41.4 37.3 38.8 38.8 39.2 40 41.2 45.7 46.9 46.8 42.6
347.1 287.7 237 207.9 186.9 150.4 136.6 129 124 129.2 125.7 138.7 158.8 154.2 157.1 158.3 155.3 147 136 126.7 121.4 120.7 116.9 110.7 106 108.6 121.6 141.2 158.2 154.2 155 164.7 180.9 213.8 289.7 356.2 406.6 409.1 421.9 480.5 423.4 368.4 298.3 196.5 174.7 139.5 192.6 153.8 187.6 261.4 374.4 378.6 269.9 221.3 156.3 139.7 146.3 152.7 121.1 89.8 86.6 86.1 82.1 69.6 50 37.3 34 34.8 32.9 30.4 28.2 26.9 27 28.2 33.5 33.5
410 396.6 246.4 210.6 191.9 156.1 135.1 125 122.3 117.2 119.2 131.9 142.3 151.4 159.3 165.1 186.7 184.7 166 155.7 156 156 151.5 143 138.1 138.9 147.7 161 174 180.8 186.8 186.3 181.5 156.4 228.1 319.5 380.3 370.3 393.5 455.8 456.1 413.8 382.9 308.9 231.2 212.8 371.9 314.2 240.2 232.8 288.6 182.5 195.2 164.3 133.3 87.5 154.5 102.7 75.1 47 33.2 32.2 46.3 50.1 43.4 38.3 33.4 29.9 25.4 20.3 16.8 14.3 12.6 12.3 14.6 16.4
454.9 425.8 319 299.9 245.9 183.3 140.7 127.4 133 134.1 133.8 137.9 148.8 163.1 166 181.9 219 234.4 228.9 198.6 183.6 179.4 175.3 166.2 163.9 164.7 168.6 182.1 208.7 215 205 208.9 192.3 189.3 201 282.9 376.7 436.1 496.9 531.1 484.2 539 488 361 510 594.3 449.8 351.9 132.6 295.8 172.1 112 127.8 115.9 91.1 72.8 72.3 73.9 60.1 45 36.9 35.6 38.1 39.9 38.5 35.2 29.6 23.3 17.6 13.3 10 8.4 8.4 10.2 12.3 13.8
530.1 947.2 877.3 771.5 648.7 430.2 164.4 147 158.1 168.1 164.7 164.3 175.7 189.1 199.1 222.3 254 320 263.9 229.4 204 198.5 199.3 184.3 178.3 182.7 180.4 197.6 236.2 273.5 309.7 240.9 224.6 221.4 235.3 235.9 364.4 536.4 580.4 569.1 691.1 823.4 758.5 760.3 812.8 731.8 614.8 608.3 1017 458.7 155.4 62.3 64.7 72.1 77.3 74 64.5 51.3 39.7 33.8 31.3 30.3 30.4 30.4 30.1 28.8 24.2 19.6 15.5 12.1 9.4 8.3 10 12.6 14.1 15.1
203.4 1034.6 1090 1087.4 1104.1 1131.9 1103.8 475.2 251.8 238.9 239.7 234.3 232.4 230.7 231.6 260.5 295.2 340.1 259.3 274.6 241.7 250.5 258.3 244.1 215.8 208.1 208.5 214.7 223 217.5 273.8 256.5 232.3 216.4 225.7 293.9 370.7 444.3 488.6 381.9 425.2 574.3 816.6 758.1 759.8 555.9 267.2 348.4 314.2 169.2 127.3 64.7 55.5 70.4 81.1 76 49 36.4 29.8 26.6 21.5 21.7 24.2 26.8 28.6 28 24.1 21.1 17.9 14.2 12 11.3 12.9 15.6 18 16
394.1 724.9 1123.9 1139.5 1122.1 1139.1 1153.4 1100.7 741.6 458.7 334.2 260 264.5 242.9 293.9 307.9 298.4 286 277.6 321.4 302.7 302.8 296.1 271 244.2 231.3 224.1 228.7 224.4 214.1 222.8 229 211.6 185.8 172.1 255.8 311 300.1 274.6 279.1 297 296.4 456.7 528.3 538.5 469.1 311.7 278.8 243.7 190.7 157.7 110.8 89.4 112 108.5 97.6 64.4 37.1 26.1 20.4 13.8 20.7 23 27.7 31.9 29.9 27 24.8 21.9 19 15.4 13.1 14.9 17.3 19.6 20.4
348.2 582.7 970.8 1039.1 1137.7 1090.6 1138.8 1081.9 950.4 751.4 514.9 355 349.5 357.6 432.3 388.7 337.2 267 271.1 321.8 377.3 343.5 300.6 274.9 246 232.5 232.5 219.8 217.2 227.8 226.4 236.1 228.8 206.2 211 251.1 260.1 226.2 158.3 188.4 190.9 235.4 320.4 429.3 525.3 501.7 326.3 259.9 250.8 251 230.1 187.3 139.8 107.9 102.1 93.4 74.4 39.6 27.1 24.9 31.1 27.6 19.2 19.5 30.4 29 29.1 29.6 27 27.3 22.3 18.3 17.7 18.5 19.4 19.9
331.5 472.4 409.8 624 832.3 1269 1078 1031.3 1001 997.3 778.3 547.4 438.3 352.8 388.6 449.6 431.4 264.3 252.5 287.1 323.2 316.8 297.4 276.1 253 225.5 224 229.4 231.9 251.5 265.8 275.1 264.6 247.4 224.3 228.3 233.4 227.6 239.8 210.4 230.8 331.2 346.4 401.6 485.4 435.8 302.7 274.3 311.1 272.1 250.3 226.7 177.4 111.1 77.7 76.9 85.8 61.9 39.9 36.4 27.5 21.7 16.2 15.5 17.7 24.2 29.1 31 28.4 27.8 25.1 22.3 21.2 21.2 21.4 21.3
440.6 416.9 383.2 337.2 361.5 597.4 674.1 748.2 801.8 793.3 716.2 521.2 355.9 293.6 865.1 592.1 462.6 280.9 210 237.5 267.7 290.2 284.2 261.7 269.3 250.4 247 265.7 288.9 298.5 282.3 253.4 253.7 261.6 240.3 227.3 217.3 216.7 224.9 249.8 307.8 294.9 426.5 492.7 489.9 451.9 484.2 577.1 518.7 344.8 226.2 191.6 152.7 116 104.6 94.7 98.4 108.5 75.1 47.3 31.9 20.2 16.6 16.1 17.7 20.8 25 27 26.7 25.9 24.4 23 22.9 22.4 22.2 22.3
464.4 388.5 337.1 309.1 273.3 219.5 213.3 281.1 384.9 467.8 391.1 300.2 284.1 377.1 516.3 536.1 448.6 289.8 210.9 222.2 248.2 275.8 295.6 332.2 310.1 298.9 305.1 317.6 335.9 321.7 288.5 266 264.6 273.5 257.2 246.1 229.1 195.2 185.4 312 534.4 686.1 784.9 744.1 650.7 559.3 555.5 611.9 569.4 404.9 208.6 154.5 121.7 103.9 143.7 134.8 125.5 120 127.9 95 55 30 19.8 17.5 18.3 19.6 22.3 24.7 25.6 26 26.3 27.7 28.8 31.8 31.3 30.1
424.8 368.2 331 281.1 239.1 173.6 140.7 131.9 123.3 125.5 206.1 227.3 261.5 327.9 425 453 397.4 274.2 203.3 215.9 216.3 249.5 319.6 314.7 311.7 314.3 322.4 342.5 368.8 334.5 312.6 283.5 255.9 236.8 230 232.1 225.5 206.8 163.5 226.8 517.5 875.3 803.8 651.9 549.9 554.6 574.8 881.8 616 725.1 648.2 301 181.9 280.1 184.9 131.7 174.2 160.4 119.4 83.9 68.4 52.9 35.8 23.9 20.8 20.8 22.3 24.6 28.2 34.6 40.5 47 53.4 60.3 66.1 71.8
483.2 380.9 355.1 298.5 236.3 127.5 126.3 125.2 95.3 55.5 68.1 179.8 271.2 330.4 401.2 403.4 329.8 219.3 179 193.4 210.5 240.4 279.1 297.9 309.1 325.2 328 329.5 329.2 325.2 326 292.9 258.2 226.9 225.9 206 206.4 231.5 204.8 126 354.6 571.3 517.4 567.8 522.1 446.5 646.1 752.3 862.6 976.4 1028.3 799.3 760.4 827 774.2 367.3 207.8 199.6 121 72 49 50 50.5 42.9 30.3 24.2 23.5 27.9 39.6 55 69.6 80 93.2 110.5 130.6 147.9
419.9 348.3 379.3 327.6 257.5 173.7 147 141.2 120.5 88.5 80 171.2 345.1 330.7 366.9 362.3 270.8 169.1 150.7 164.2 181.5 205.7 234 253.2 281.9 318.5 319.6 310.8 301.9 299.2 298.1 284.4 264.1 233.3 207 195.8 199.2 251.7 269.5 273.9 373.4 474.9 479.7 608.6 598.3 507.6 596.4 715.8 546.2 718.2 824.7 674.6 711 524.6 1186.8 558.3 338.9 192.9 97.7 65.3 52 61.8 55.9 42.7 36.3 29.8 27.5 41 65.9 85.8 100 115.9 132.7 162.7 191.9 217.2
475.2 505.1 433.6 338.6 256 211.2 166.3 160.8 179.6 241.7 314.2 327.8 242.1 162.3 142 148.9 136.5 110.6 114.7 139.5 160.6 188.6 210.7 227 239.8 269 286.1 279.4 271.5 272.9 278 274.8 257.5 231.6 208.5 197.9 207.8 225.6 246.2 266.2 326.4 384.3 425.4 649.4 801.9 635.1 648.2 733.8 501.8 514 739.5 622.8 922.3 483.6 499.6 659.6 568.8 229.5 102.6 84 112 86.4 47.6 32 27.9 24.5 29 51.8 83.1 101.4 115.1 136 158.5 193.3 235.5 273.5
406.4 435 394.7 357.3 219.5 222.9 197.7 190.6 250.3 364.3 445.6 338.5 229.2 158.7 106.5 79.5 72.1 83.2 101.9 130.3 163.9 194.3 217.7 223.7 219.8 221.8 225.3 219.2 206.7 213.7 227.7 229.9 217.8 207.7 206.4 221.3 243.5 253.8 242.1 242.4 288.6 329.2 392.1 501.4 466.7 448.5 558.9 487.1 451.2 406 421.2 518 726.5 1270.3 904.3 643.7 770.2 752.2 628.9 593.7 524.2 184.8 28.7 28.1 22.6 8.5 24.4 54.2 81.3 102.4 114.4 134.2 160 204.4 252.1 291
302.9 310.5 326.5 330.3 301 271.6 221.5 179 291.5 592.7 538.6 329.6 210.7 162.2 123.8 96.5 84.2 90.5 108.4 134.6 167.4 198.3 223.3 216.3 195.9 176.5 162.3 154.3 147 147.9 151.8 166.5 180.8 198.1 222.2 265.7 301.4 298.9 262.4 212.5 227.6 265.4 291.9 277.4 246.3 226.2 252.6 227 211.7 216.7 289.3 452.3 590 791.1 1321.2 1431.2 2095.9 985 752.6 1057.7 1170.3 565.8 115 49.8 19.6 9.1 23.2 55.8 84 97.1 110.4 124.9 152.7 193.5 245.4 292.2
