datasets/global_precipitation_1950_2017/rasters/precip_1964-total.asc
NCOLS 720 
NROWS 347 
XLLCORNER -180 
YLLCORNER -90 
CELLSIZE 0.5 
NODATA_value -9999 
[rows 306 to 339 of 347, columns 152 to 227 of 720]
-9999 -9999 -9999 -9999 -9999 -9999 -9999 -9999 -9999 -9999 -9999 -9999 -9999 -9999 -9999 -9999 -9999 -9999 -9999 -9999 -9999 -9999 -9999 -9999 -9999 -9999 -9999 -9999 -9999 -9999 -9999 -9999 -9999 -9999 -9999 -9999 -9999 -9999 -9999 -9999 -9999 -9999 -9999 -9999 -9999 -9999 -9999 -9999 -9999 -9999 -9999 -9999 -9999 -9999 -9999 -9999 -9999 693.5 -9999 -9999 -9999 -9999 -9999 -9999 -9999 576.1 560 543.1 533.2 -9999 -9999 503.3 507.8 513.8 522.3 523.6
-9999 -9999 -9999 -9999 -9999 -9999 -9999 -9999 -9999 -9999 -9999 -9999 -9999 -9999 -9999 -9999 -9999 -9999 -9999 -9999 -9999 -9999 -9999 -9999 -9999 -9999 -9999 -9999 -9999 -9999 -9999 -9999 -9999 -9999 -9999 -9999 -9999 -9999 -9999 -9999 -9999 -9999 -9999 -9999 -9999 -9999 -9999 -9999 -9999 -9999 -9999 -9999 -9999 -9999 -9999 -9999 -9999 -9999 -9999 -9999 -9999 -9999 -9999 -9999 -9999 -9999 563.4 -9999 540.9 531.1 -9999 -9999 525 529.1 538.3 547.7
-9999 -9999 -9999 -9999 -9999 -9999 -9999 -9999 -9999 -9999 -9999 -9999 -9999 -9999 -9999 -9999 -9999 -9999 -9999 -9999 -9999 -9999 -9999 -9999 -9999 -9999 -9999 -9999 -9999 -9999 -9999 -9999 -9999 -9999 -9999 -9999 -9999 -9999 -9999 -9999 -9999 -9999 -9999 -9999 -9999 -9999 -9999 -9999 -9999 -9999 -9999 -9999 -9999 -9999 -9999 -9999 -9999 -9999 -9999 -9999 -9999 -9999 -9999 -9999 -9999 -9999 568.8 555.6 546.7 539 536.7 -9999 -9999 542.2 549.7 559.9
-9999 -9999 -9999 -9999 -9999 -9999 -9999 -9999 -9999 -9999 -9999 -9999 -9999 -9999 -9999 -9999 -9999 -9999 -9999 -9999 -9999 -9999 -9999 -9999 -9999 -9999 -9999 -9999 -9999 -9999 -9999 -9999 -9999 -9999 -9999 -9999 -9999 -9999 -9999 -9999 -9999 -9999 -9999 -9999 -9999 -9999 -9999 -9999 -9999 -9999 -9999 -9999 -9999 -9999 -9999 -9999 -9999 -9999 -9999 -9999 -9999 -9999 606.3 594.5 585 576.6 568.2 561.9 555.7 551.7 551.8 552.9 -9999 554.3 560.8 568.6
-9999 -9999 -9999 -9999 -9999 -9999 -9999 -9999 -9999 -9999 673.5 -9999 -9999 -9999 -9999 -9999 -9999 -9999 -9999 -9999 -9999 -9999 -9999 -9999 -9999 -9999 -9999 -9999 -9999 -9999 -9999 -9999 -9999 -9999 -9999 -9999 -9999 -9999 -9999 -9999 -9999 -9999 -9999 -9999 -9999 -9999 -9999 -9999 -9999 -9999 -9999 -9999 -9999 -9999 -9999 -9999 -9999 -9999 591.8 596.4 586.5 578.2 573.4 -9999 562.7 557.8 553.7 551.1 549.1 548.8 549.9 552.3 -9999 -9999 568 576.2
-9999 -9999 -9999 -9999 -9999 -9999 -9999 671.3 671.5 672.5 673.2 673.7 673.9 673.4 672 -9999 -9999 -9999 -9999 -9999 -9999 -9999 -9999 -9999 -9999 -9999 -9999 -9999 -9999 -9999 -9999 -9999 -9999 -9999 -9999 -9999 -9999 -9999 -9999 -9999 -9999 -9999 -9999 -9999 -9999 -9999 -9999 -9999 -9999 -9999 -9999 -9999 -9999 -9999 -9999 -9999 -9999 -9999 -9999 -9999 -9999 -9999 -9999 -9999 -9999 526.1 -9999 527.2 529.1 531.9 -9999 -9999 -9999 -9999 558 564.6
-9999 670.3 -9999 -9999 -9999 -9999 -9999 -9999 669.8 671.8 -9999 -9999 -9999 -9999 -9999 -9999 -9999 -9999 -9999 -9999 -9999 -9999 -9999 -9999 -9999 594.5 -9999 -9999 -9999 -9999 561.9 555.7 -9999 -9999 -9999 -9999 -9999 -9999 -9999 -9999 -9999 -9999 -9999 -9999 -9999 -9999 -9999 -9999 -9999 -9999 -9999 496.1 494.7 -9999 -9999 -9999 -9999 -9999 -9999 -9999 -9999 -9999 -9999 -9999 -9999 -9999 -9999 -9999 -9999 -9999 -9999 -9999 -9999 533.1 540.6 547.6
-9999 680.5 679.7 678.6 677.9 676.2 674.5 668.8 665.2 666.2 661.5 656.8 650.6 646.7 -9999 -9999 622.9 614.9 606.8 598.9 590 580.8 570.7 561.1 552.1 -9999 -9999 525.5 517.2 509.9 501.3 492.8 484 478.3 -9999 471.1 467.5 -9999 -9999 -9999 -9999 -9999 -9999 -9999 -9999 -9999 -9999 -9999 436.6 431.4 -9999 430.7 431.3 -9999 -9999 -9999 429 433.8 435.6 -9999 434.6 -9999 -9999 -9999 -9999 -9999 458.1 -9999 472 479.7 487.1 495.7 503.6 512.2 520.5 529.5
-9999 -9999 687.5 684.4 681.7 -9999 -9999 668.5 664.3 656.7 648.6 640.5 631.8 622.1 612.3 601.7 591.2 579.9 569.8 558.9 547.4 535.5 523.2 511.6 501.1 490.9 483.8 472.9 463.3 452.9 442.9 433.3 424.9 418.3 413.6 409.6 405.2 400.6 393.9 387.1 383.3 379.5 380.3 -9999 -9999 -9999 378.3 380.2 380.5 378 377.4 376.6 378.6 379.5 -9999 -9999 384.3 388.1 391.3 392.4 395 398.9 405.1 410.8 415.7 422.9 430 438.3 446.3 454.3 463 470.6 479.6 489 498.7 508.4
-9999 -9999 -9999 -9999 -9999 674.7 665.1 656.2 646.8 637.2 627.3 617 606 593.9 581.9 569.3 556.4 543.3 531 517.1 503.4 490 481.1 468.8 454.9 440.3 429.5 418.3 408.5 400.5 393.1 383.9 379.4 370.1 363 353.7 354.2 346.4 338.6 334.6 331.7 328.4 326.5 327.2 328.7 330.1 331.3 332 334.4 336.8 338.9 341.1 343.1 345.1 347.7 350.6 352.8 355.3 358.9 363.3 368.4 373.1 378.3 383.7 391.6 398.9 406.5 413.9 421.6 429.6 438 447.6 457.1 466.8 476.4 486.7
-9999 -9999 -9999 -9999 -9999 -9999 -9999 -9999 627.2 615 601.8 588.9 575.7 562.3 549.3 536.1 522.4 509.8 496.6 483.2 469.2 456.1 440.5 426 411.7 397.5 383.8 375.4 364.6 354.1 343.9 336.1 326.6 319.3 313.6 308.8 303.8 300.5 297.3 293.2 291.4 290.4 289.4 287.4 287.8 292.4 297.3 302.5 306.5 309.9 313.2 317.1 321.3 325 328.2 331.1 334.2 336.9 339.9 343.2 348 353.2 358.1 364 371 378 384.9 392.6 400.2 410.3 417.7 427 436.4 445.5 455.2 465
649.2 645.1 639.8 635.2 -9999 -9999 -9999 -9999 -9999 585.3 571.5 556.8 542.5 528.7 515.2 502.1 489.5 477 463.5 450.3 437.2 423 408.8 394.6 380.3 366.1 354.3 342.9 330.4 320.6 311.9 303 294.8 287.2 280.5 274.2 268.7 264.8 262.9 261.4 260.2 260.5 260.9 264.9 264.3 266.8 273 280.7 287.5 293.2 298.1 302.7 306.9 311.7 316.3 319.2 321.5 324 326.2 330.2 334.4 338.9 343.9 349.6 355.3 361.9 368.5 375.6 384.1 391.8 400.5 409 417.7 426.7 436.3 445.6
609.7 604.2 597.8 590.5 587 582.7 577.5 570.4 560 546.7 532.9 519.4 506.1 493.1 480.1 467.8 455.4 442.9 430.6 418 405.5 392.1 379.1 365.7 352.5 339.2 326.6 314.2 304.9 296.4 288.7 281.3 274.1 266 258.5 252.4 247.1 243.9 241.4 241 242 244.5 247.2 249.9 253.3 256.4 259.2 263.1 270.8 277.6 283.8 289.5 294 298.6 302.1 305.7 308.7 311.9 315.1 318.9 323.3 328.1 333.3 338.3 343.7 349.5 355.7 362.3 370 377.2 384.9 392.4 399.9 411.3 419 426.3
544.3 550.7 544.4 537.7 532.6 526.9 522.3 517.7 509.3 498.3 487 476.3 465.6 455 444.1 432.2 421.4 410.2 398.1 386.8 372.7 360.2 347.9 335.9 328.7 314.8 306.6 298.9 287.9 280.4 272.9 266.2 260 254.5 249.7 245 241.8 239 237.5 238.1 239.4 241.2 243.8 246.3 249.5 251.8 254.1 257.4 259 263.9 270 -9999 -9999 -9999 288.9 293.1 296.9 302.8 304.6 309.5 314.4 318.8 323.1 328.7 334.2 340 345.1 351.9 358.5 365.6 372.6 -9999 -9999 -9999 -9999 -9999
485.5 482 481.4 480.3 475.4 469.4 463.4 456.3 451 447.1 441.9 434.8 426.2 414.9 404.9 395.1 385.5 375.9 366.2 357 346.1 336.4 327.1 318.2 309.3 300.6 292.3 284 276.3 278.2 264.3 260.1 256.4 253.4 250.6 247.7 244.9 243.3 243.8 242.7 243.4 244.6 246.4 248.2 249.5 251.1 252.6 254 256.1 258.5 261.6 265.7 270.8 -9999 -9999 -9999 -9999 -9999 -9999 -9999 -9999 -9999 -9999 -9999 -9999 -9999 -9999 -9999 -9999 -9999 -9999 -9999 -9999 -9999 -9999 -9999
394.2 394.8 394.6 393.6 393.8 391.1 387.6 384 381.5 379.7 377.3 373.9 369.9 364 357.6 351 343.9 338.2 331.5 325.2 318.7 312.5 306.6 300.7 293.8 286.3 279.1 273.3 268 265 262 259.5 257.2 255.2 252.8 250.2 247.7 246.4 245.8 245.6 245.9 246 246.3 250.8 251.4 252.4 251.7 253.9 255.4 257.3 259.9 262.9 266.5 269.7 274.1 -9999 -9999 -9999 -9999 -9999 -9999 -9999 -9999 -9999 -9999 -9999 -9999 -9999 -9999 -9999 -9999 -9999 -9999 -9999 -9999 -9999
303.5 305.5 307.7 309.8 311.6 311 313.4 312.8 312 311.3 310.7 309.5 308 305.4 303.3 300.9 298.3 295.5 292.4 289.4 287.1 283.9 281 277.7 273.6 269.4 270.8 262.5 260 257.6 255.7 254.7 252.7 250.6 248.9 247.1 246.5 246.8 247.2 247.9 249 245 246.2 247.5 248.8 250.1 252.7 254.4 256.1 258 261.3 263.3 265.8 268.2 272.7 275.5 279.4 282 285.9 289.9 294.1 298.1 -9999 -9999 -9999 -9999 -9999 -9999 -9999 -9999 -9999 -9999 -9999 -9999 -9999 -9999
226.6 230.1 233.2 236 237.9 239.8 241.2 246.3 245.3 247.2 249.1 250.2 250.6 250.6 251.5 250.8 250.4 249.5 249.8 250 250.4 250.4 250.3 249.6 250.1 247.8 247.2 247.2 246.6 245.6 244.4 243.6 243.9 242.4 242.4 242.6 242.6 242.8 245.7 244 245.2 246.3 248.1 250.1 251.4 252.7 254.1 255.6 257.8 259.9 262.7 -9999 -9999 -9999 -9999 -9999 -9999 -9999 -9999 -9999 -9999 -9999 -9999 -9999 -9999 -9999 -9999 -9999 -9999 -9999 -9999 -9999 -9999 -9999 -9999 -9999
164.6 169.2 173.6 178.1 179.6 181.3 183.7 185.1 187.7 191.1 194.2 197.2 200.3 202.1 203.5 204.5 205.9 207.4 208.8 210.3 212.5 214.4 216.2 217.7 219.4 221.1 222 222.4 223.9 224.6 225.9 227.2 229.1 230 231.5 232.4 234.8 235.2 236.7 238.2 240.4 -9999 -9999 -9999 -9999 -9999 251.5 253.4 255.2 258.2 259.8 262.3 -9999 -9999 -9999 -9999 -9999 -9999 -9999 -9999 -9999 -9999 -9999 -9999 -9999 -9999 -9999 -9999 -9999 309.7 312.5 314.6 317.8 -9999 -9999 -9999
118.3 120.5 130.4 128.4 132.8 137.3 139.6 146.4 149.3 148.3 151.6 152.4 154 157 161.6 165.6 167.9 172.5 175.2 174.9 177.7 179.4 181.2 183.5 185.7 188.2 191.3 194 196.8 199.9 202.8 204.5 206.6 209.2 211.6 213.4 216.2 218.4 221.1 223.3 225.9 228.3 230.5 233.1 235.7 -9999 -9999 243.9 246.3 248.8 -9999 -9999 -9999 -9999 -9999 -9999 -9999 -9999 -9999 -9999 -9999 -9999 -9999 -9999 -9999 290.2 292 294.8 297 -9999 -9999 -9999 -9999 -9999 -9999 -9999
86.5 89.7 99.1 102.5 98.8 103.1 106.7 109.8 112.5 114.8 117 118.3 126.9 129.6 126.3 130.2 133.6 136.4 139.4 140.7 142.8 145.7 149.2 151.7 154.3 157.8 161.3 164.1 167.1 170.1 173 175.7 178.8 181.7 184.8 187.3 190.7 193.4 196.6 199.7 202.8 205.6 209 211.8 215.2 218.5 221.2 223.8 227.1 230.2 233.2 236.4 239.8 241.9 246.2 248.8 -9999 -9999 -9999 -9999 -9999 -9999 -9999 -9999 -9999 -9999 -9999 -9999 -9999 -9999 -9999 -9999 -9999 -9999 -9999 -9999
64.6 68.3 71.8 74.3 76.7 79 81 83.8 86.3 88.7 91.4 94.6 97.1 97.9 102.1 101.7 104.7 108.8 111.3 112.7 114.9 117.9 123.6 125.8 126.3 129.3 131.6 134.6 137.3 139.2 142.8 144.8 148 151.4 154.5 157.8 161.8 164.7 167.9 170.9 174.1 177.2 180.5 183.8 187.1 190.4 193.5 196.9 200.2 203.8 207 210.3 213.6 216.9 220.2 223.4 -9999 -9999 -9999 -9999 -9999 -9999 -9999 -9999 -9999 -9999 -9999 -9999 -9999 -9999 -9999 -9999 -9999 -9999 -9999 -9999
51.1 53.3 55.7 57.8 59.5 61.3 63.9 66.8 70.3 72.1 72.4 74.7 77 79.2 81 83 87.2 87 89.2 92.6 93.9 96.6 99.3 101.4 103.6 105.9 108.1 110.2 112.6 115.3 117.7 120.3 123.1 125.3 127.8 129.9 132.3 134.9 137.2 140.4 143.4 146.6 149.5 152.5 155.6 158.7 162.1 165 168 171.6 174.7 178.3 181.5 185.4 188.7 191.5 195.1 -9999 -9999 -9999 -9999 -9999 -9999 -9999 -9999 -9999 -9999 -9999 -9999 -9999 -9999 -9999 -9999 -9999 -9999 -9999
47.3 48.8 50.2 51.5 52.8 55.3 57 58.6 60.1 61.9 63.5 65.3 66.7 68.1 69.8 71.3 73.1 74.9 76.6 78 80.2 82 83.2 85.1 87.3 89.2 90.6 92.7 94.6 96.7 98.5 100.4 102.3 104.3 106.7 108.5 110.6 112.5 114.4 117 119.3 121.6 123.3 125 126.7 128.7 130.7 132.5 135.2 137.8 140.4 143.2 145.8 148.5 151.8 154.3 157.2 160.2 163 166.5 169.9 173.3 176.7 179.9 181.8 184 186 188 190.4 193.3 196.1 198.5 201.1 -9999 -9999 -9999
40.6 39.3 41.4 42.3 42.6 42.9 44.3 46.2 48.3 49.3 50 52.6 52.2 53.7 53.9 58.5 57.4 59.4 61.4 63.7 65.4 65.9 66.5 67.8 70.3 72.3 75.2 77.3 78.6 79.2 80.5 81.2 82.2 83.9 86.3 88.7 91.3 93.4 95.3 96.5 97.3 98.4 100 101 102.1 104 105.2 106.8 108.3 110 111.6 113.4 115 117.1 118.8 120.6 122.7 124.6 127.3 130.5 133.6 136.6 140.3 142.8 144.7 146.4 148 150 152.7 155.7 158.8 162.1 165.2 167.8 169.3 170.7
33.3 34.3 35.7 36.6 36.5 36.8 37 37.2 38.5 39 40.1 41.4 43.2 44.1 44.7 45.1 45.1 51 51.9 48.7 50.3 52 53.9 55.1 56.6 58.6 60.7 62.4 63.6 64.1 64.6 65.1 65.9 67 69 71 73.1 75 76.5 77.5 77.9 78.8 79.7 80.6 81.9 83.1 84.1 84.4 85.9 87.1 88.3 89.4 90.8 92.4 93.5 95 96.2 97.6 99.8 102.6 105.6 108.5 111.4 113.8 115.2 116.7 118.2 119.8 122.3 125.4 128.3 131.5 134.4 136.8 138.3 139.5
29.1 29.6 30.1 31.1 31.6 31.8 32.4 32.3 32.8 32.8 33.2 34 34.7 35.6 36.4 37.5 38.1 38.4 39 40.1 41.3 42.7 43.8 44.3 44.9 47.7 47.1 48.5 50 51.2 52.3 52.6 53.1 54.3 55.7 57.1 58.7 60.5 61.8 62.3 62.9 63.6 64.1 64.8 65.4 66 66.9 67.9 68.4 69 70.2 70.9 71.7 72.5 73.9 74.7 75.6 76.5 78.1 80.4 82.9 85.3 87.9 89.6 90.9 92 93.3 94.4 96.2 99 101.8 104.5 109.2 110.9 112.4 113.8
26.1 26.4 27.1 27.4 27.6 27.7 28.4 28.3 29 29.2 29.4 29.4 31.4 32.2 31 31.5 32.2 32.7 33.6 33.8 34.6 35.6 36.6 37.1 37.5 38 38.1 38.2 39 43 43.2 43.4 43.5 44.3 45.6 46.4 48.1 49.5 50.7 50.8 51 51.7 52.1 52.5 52.9 53.6 54 54.6 55 55.7 56.3 57 57.6 57.9 58.9 59.5 60.1 66.3 67.2 63.9 65.9 67.9 69.8 71.3 72.2 72.8 73.7 80.2 81.6 78.3 80.5 84.9 87.1 88.7 90 91.1
23.8 24.1 24.3 24.2 25.1 25.4 25.4 25.9 26.5 26.5 26.6 26.6 26.9 27.3 27.5 27.7 28.3 29 29.2 29.4 29.7 29.8 31.8 30.4 31 31.9 32.3 33.3 33.9 34.1 34.8 35.6 36.6 36.9 37.1 37.5 40 38.8 39.6 40.4 41.5 42.5 43 43.3 43.8 44.1 44.4 45.1 45.4 45.8 46.1 46.5 47.2 47.5 48.2 48.5 48.8 53.5 54.3 51.7 53.3 54.5 56.5 57.3 58.3 58.5 59.1 64.1 65.2 62.6 64.3 68.3 70.1 71.5 72.4 73.3
21 21.1 21.1 21.4 21.6 22.1 22.4 22.8 22.8 23.1 23.5 23.6 23.9 24.1 24.3 24.3 25.5 24.8 25.3 25.8 26.1 26.4 27.1 27.5 27.3 27.8 28.4 28.9 29.3 29.5 29.7 31.3 30.5 31 31.6 32 32.6 33 33.1 33.1 33.4 36.2 34.7 35.4 36 36.8 37.4 37.9 38.4 38.7 39.1 39.1 39.3 39.9 40.5 40.7 40.9 44.4 44.8 43 44 45.3 46.5 47.3 47.6 47.9 48.3 52.3 53 50.7 54.4 55.6 56.8 58.1 58.7 59.3
18.8 18.9 18.9 19.4 19.6 19.7 19.7 20.1 20.7 20.7 20.8 20.8 21 21.4 21.6 22.1 22.2 22.6 22.8 22.8 23.4 23.5 23.9 23.9 24.1 24.2 25.1 25.3 25.7 25.9 26.3 26.6 26.9 27 27.1 27.3 28.9 27.5 27.9 28.5 29 29.3 29.5 30.1 30.2 30.3 32.3 31.1 31.6 32.4 33 33.5 33.6 33.9 34.4 34.7 35 37.6 37.9 36.4 37.2 38 38.8 39.4 39.6 40 40.5 43.3 46.1 44.5 45.4 46.1 47.1 47.9 48.6 49
17.3 17.7 17.9 17.9 18.1 18.4 18.4 18.6 18.9 19.1 19.2 19.4 19.6 19.6 19.8 20 20.2 20.5 20.6 20.8 20.8 21.1 21.6 21.5 21.7 22 22.4 22.8 23 22.9 22.9 23.1 24.1 23.5 23.9 24.2 24.6 24.7 24.8 25 25 25.5 26.5 25.7 26.2 26.5 27.1 27.1 27.2 27.6 28 28.1 29.6 29.7 30 30.1 30.2 31.9 31 31.3 32 32.3 33.2 33.4 33.4 33.8 34.1 38.3 39 37.7 38.1 39 39.7 40.2 40.2 40.7
16.8 16.9 17 17.3 16.8 17.1 17.1 17.5 17.7 17.7 17.8 17.9 17.9 17.9 18.2 18.2 18.4 18.4 18.6 18.7 18.9 19 19.3 19.4 19.6 19.7 19.9 20.4 20.6 20.6 20.8 20.8 21 21.3 21.5 21.4 21.5 21.6 21.7 22.5 22.6 22.4 22.7 23.2 23.3 23.3 23.3 24 24.4 23.9 24.2 24.8 24.9 25.3 25.8 25.8 26.1 26.1 26.8 26.9 26.9 27.2 28.3 28.6 27.9 30.4 31.1 31.3 31.7 32.5 32.7 32.9 33.2 33.3 33.7 34
16.3 16.5 16.5 16.5 16.5 16.5 16.5 16.4 16.4 16.4 16.6 16.7 16.7 16.7 16.7 16.7 16.7 16.8 16.8 16.9 17 17.1 17.1 17.2 18 18.1 18.2 18.6 18.6 18.7 18.5 18.7 18.8 19 19.2 19.2 19.2 19.6 19.7 19.7 19.9 20 20.1 20.2 20.4 20.5 20.7 20.8 21.1 21.2 21.3 21.5 22.3 22.3 22.1 22.5 22.6 23.3 23.6 23.2 23.4 23.8 23.9 26 26.2 25.7 25.8 26.5 26.5 26.5 26.5 26.7 27.2 27.4 27.5 28.2
