datasets/global_precipitation_1950_2017/rasters/precip_1950-total.asc
NCOLS 720 
NROWS 347 
XLLCORNER -180 
YLLCORNER -90 
CELLSIZE 0.5 
NODATA_value -9999 
[rows 102 to 135 of 347, columns 456 to 531 of 720]
244.5 259.9 314.8 342.2 295.3 253.1 172.8 142.9 256.6 556.6 450.8 189.4 107.5 122.3 115 91.8 74.8 66.7 69 64.6 62.6 62.3 60.5 56.1 49 44.1 49.1 65.6 78.5 77.3 90.8 123.6 164.4 198.4 219.6 237.3 279.6 330.1 300.9 251.2 227.8 240.3 254.1 241.5 213.5 195.5 208.7 252.4 325.2 609.8 754.7 816.7 942.5 1196.5 1603.4 2123.1 3354.2 2717.6 2563.8 2261.7 1500 1309.5 613.7 179.1 165.2 170.5 159.1 151.7 178 189.8 214 234 265 287.8 267.5 299.1
224.7 241.8 371.4 362.1 324.5 254.3 180.4 148.7 168 206.1 192.9 98.9 56.8 103 88.2 71.7 60.2 61.5 66.3 68.6 68.8 65.2 56.5 46.3 37.2 29 26.5 36.6 48.6 63.1 92.7 123.2 142.9 207.9 224 235.2 268.5 314.2 313.6 284.1 260.2 254.7 243.2 228.2 202.5 187.6 133.8 217.5 369.4 556.8 558.4 716.4 844.3 962.1 1238.5 1576.3 2294 2183 1818.9 2742 1339.7 1149.5 798.9 732.6 546.7 450.4 279.7 170.8 231.1 273.8 286.4 296.3 311.7 304.8 328.6 394.8
173.5 170.4 244.3 285.3 299.9 292.4 239.1 125.4 102.4 95.1 102.3 70.3 55.8 55.1 46.6 43.5 49.2 59.8 68.2 72.3 74.8 72.3 53.8 33.2 26 22.9 21.7 18.8 31.2 53.5 89.5 124.3 138.2 183.1 229.5 242.6 269.1 284.6 287.7 289.2 277.5 264.6 252.6 235.9 202.4 158.9 158.8 208.1 294.1 419.9 458.6 516 672.8 688.6 875.2 1044.8 1139.4 1533.5 1606.9 1533.8 1031.2 865.4 1568.7 1763.6 1673 1137.2 307.6 228.7 430.7 479.4 418.6 372.7 348 391.4 549.3 763.6
164.4 167.1 201.7 223.4 307 306.2 279.6 187.6 132.4 116.3 115 78.3 52.8 29.9 26.4 24.4 33.8 58.9 69 75.9 78.8 72.7 51.7 26.5 21.1 24.9 32.1 30.1 34 50 74.9 120.4 149.9 185.1 227.7 256.2 277.6 277.8 280.5 296.4 289.1 278.3 280.3 271.6 208.7 157.5 162.2 202.4 274.8 372.3 399.9 445.1 546.4 627 631.3 802.6 939.1 984.5 1828.8 1596.3 1913.1 1679.4 1750.1 1781.5 1618.8 943.3 335.4 388.8 618.1 869.8 879.3 563.6 505.9 820.6 1301.7 1610.4
127.1 155 190.6 255.6 299.3 305.2 272.8 238.6 227.1 209.5 199.7 201.1 132.8 39.6 31 23.2 28.1 56.6 81.6 78.6 78.2 77.1 54.3 27.6 20.1 20.9 24 27.9 33.6 45.6 68.5 102.5 128.7 149.5 189.4 236.9 257.2 264.4 266.8 313.3 320 305.7 343.5 358 253.3 144.8 154.9 165.2 212.7 310.1 332.9 387.2 510 616.5 553.6 579.9 730.1 1003.5 1470.8 1893.4 2034.3 1135 1504.8 1396.7 2044.9 1365.9 301.3 537 837 995.9 979.6 871.3 1034.2 1843.9 2090.4 2256
170.6 -9999 -9999 -9999 -9999 256.4 231.5 212.8 245.5 253.9 225.3 203.6 165.9 93 52.2 43.2 56.6 70.6 77.1 77.3 76.4 73 54.9 33.2 23.4 24.4 18.7 19.9 28.3 41.8 63.6 89 111.3 130.9 164.6 204.7 235.5 250 256.5 258.9 288.7 327.6 391.7 450.1 301.5 173.6 141.4 153.8 172.1 247.3 287.6 283.7 445.4 450.5 493.2 546.5 641.5 876.3 993.4 1173 1303 2185.7 1703.3 1618.3 1876.1 1796.9 1318.2 895.2 969.3 1060.6 889.3 685.7 604.2 1695.6 2085 2226.2
-9999 -9999 -9999 -9999 -9999 229.2 210.9 208.3 213.2 210.4 210.8 206 156.3 113 74.9 54.3 82.8 99.2 81.6 75.1 75.6 74.7 58.5 37.6 23.5 16.8 7.6 11.2 24.7 37.2 57 81 97.5 118.4 158.5 228 300.3 326.4 281.9 244.9 247.1 304.9 385.3 370.9 281.8 179.9 136.9 167.2 209.8 235.2 249.5 160.2 350.5 431.5 466 400.1 508 613.9 1090 906.8 950.4 1092.5 2108.7 2349.6 1899 1744.6 1536.1 937.9 830.6 1010.8 849.9 572.4 622.3 1309.2 1817.9 1965.1
149.3 -9999 -9999 -9999 -9999 -9999 182.2 188.9 165.8 158.6 163.2 157.7 136.3 112.6 93 78.9 86.4 92 82.4 78.2 75.8 73.2 58.8 42.1 31.4 29.2 22.7 20.8 26.8 33.5 49.5 75.4 94 106.2 155.8 260.2 352.4 379.8 292.1 268 261.9 361 312.3 236.5 179.2 199.8 158.3 187.8 224.4 257.7 271.9 327.8 366.1 436.6 435.6 384.4 339.9 498.8 656.1 890.9 761.7 859.2 1153.8 1418.8 1817.4 1826.4 1764 1605.1 1674 1588.2 1060.8 351.4 1231.4 1419.5 1144.6 1010.7
93.9 -9999 -9999 -9999 -9999 -9999 -9999 172.2 164.2 155 129 123.4 130.7 121.6 104.6 92.8 97.9 98.9 94.1 84.8 78.4 71.4 59.5 45.2 41.3 53.4 83.9 50 35.2 35.9 48.6 69.6 88.7 109.1 175.8 286.9 372.3 424.9 347.3 311.8 373.5 409.4 220.9 144.2 106.5 126.8 142.8 184.6 263.4 310.2 312.8 320.3 378.9 467.9 499.3 409.2 325.3 496.4 599.5 779.3 944.3 825.4 799.6 1008.3 887.2 1396.6 1379.6 1313 1278.7 1270 1591.2 1788.1 2188 1890.8 1191.5 1045.1
90.6 62.5 -9999 -9999 -9999 -9999 -9999 -9999 143.8 135.9 132.6 127 123.6 117.2 107.1 104.4 110.8 114.1 106.9 91.3 78.6 64.6 52 47.7 46.8 46.7 55.4 53.4 50.5 47.9 55.7 73.5 90.2 108.4 174.3 257.7 303.8 410.4 367.9 269.1 202.5 82.3 74.6 85.9 90.3 108.4 135.9 157 235.1 290.2 272.3 359.1 432.8 463.8 510.2 421.1 507.3 622.9 553.6 843.8 765.4 634.1 892.4 756.9 885 924.2 978 988.7 1355.9 1257.3 1587.3 1664 2022.4 1943.8 1631.5 1761.1
65.3 46.9 37.5 -9999 -9999 -9999 -9999 -9999 -9999 -9999 121.7 119.5 117.1 114.6 106.9 103.1 118.5 119.5 107.2 89.4 74.4 62.5 50.2 50.2 53.2 32.3 45.2 53.3 56.6 55.9 61.7 66.8 80.5 90.5 143.1 204.1 211.3 237.2 252.3 184.1 127.6 87.1 65 62.9 78.9 109.1 135.1 154.5 234.7 270.7 362.6 426.5 398.7 445.5 592.9 595.3 607.3 650.1 560.1 783.7 765.3 624 619.4 820.3 713.1 764.2 720.2 860.1 949.4 1117.7 1506.1 1182.4 1325.3 1387 1809.9 1560.9
41.1 31.2 25.7 23.1 -9999 -9999 -9999 -9999 -9999 -9999 -9999 125.1 115.1 115.6 -9999 81.4 -9999 -9999 88.2 75.2 73.9 68.7 52.4 49.2 50.8 48 48.4 58.8 61.6 60.5 57 45.3 40.6 69.9 118.3 171.3 192.1 191.1 150.5 120.2 107.2 84.2 73.7 62.3 87.6 127.8 133.5 178 234.6 259.3 288.9 264.5 300.7 442.4 593.1 696.3 673.2 757.2 597.8 672.5 505.9 648 595.9 756.7 869.8 664.3 709 840.7 903.5 975.2 1059.6 1051 1119.6 1152 1475.2 916
43.4 29.7 20.6 18.4 -9999 -9999 -9999 -9999 -9999 -9999 -9999 -9999 -9999 -9999 -9999 -9999 -9999 -9999 68.9 70.1 72.7 68.9 59.1 48.5 47.9 48.2 51.8 67.6 71.6 60.6 57.9 53.2 57.4 77.5 119.1 165.7 192.9 166.1 114.2 84.9 78.9 78.5 94.6 101.7 124 148.6 165.3 176.7 234.1 239.9 269.5 205.8 368.3 539 709.6 931.5 827.8 749.3 657.8 474.6 725.5 783 688 785.9 674 907.4 1010.2 776.1 956.2 986 858.9 1050.5 1015.4 923.7 590.8 866.9
58.5 34 20.4 17.9 -9999 -9999 28.9 -9999 -9999 -9999 -9999 -9999 -9999 -9999 -9999 -9999 81.4 -9999 -9999 53.3 66.5 65.6 56 48.6 46.4 46.4 48.8 55.3 50.8 44.5 43.2 51.4 71.5 98.7 118.4 132.3 138.2 120.7 115.9 94.3 76.7 76.7 108.7 115.1 123.8 144.7 192.6 187.9 213.6 295.9 544.7 406.9 516.2 593 736 767.2 889 901.1 689.5 676.6 790.5 542.5 732.7 571.4 752.6 890.4 836 902.3 894.1 1110.6 1047 1162.3 882.3 1020 910.1 922.5
62.8 40.3 24.3 21.3 22.3 -9999 31.7 -9999 -9999 -9999 -9999 -9999 -9999 -9999 -9999 99.2 140 -9999 -9999 -9999 -9999 -9999 -9999 -9999 -9999 -9999 50.5 57.4 24.1 -9999 18.5 -9999 -9999 -9999 -9999 -9999 -9999 88.9 131 121.7 92.2 92.8 123.8 86.7 126.3 127.3 149.2 214.3 346.5 486.8 722.1 678.8 929.3 894 720 832.5 909.2 662 346.4 836.3 781 773.6 898.5 844.4 890.8 869.5 887.7 983 1163.9 1048.4 1252 1314.4 893.9 692.6 1028.9 1175.2
55.1 43.6 30.8 25.7 24.2 26.2 25.7 -9999 -9999 -9999 -9999 -9999 -9999 63.4 71.3 111.8 102.3 -9999 -9999 -9999 -9999 -9999 -9999 -9999 -9999 -9999 -9999 -9999 -9999 -9999 -9999 -9999 -9999 -9999 -9999 -9999 -9999 -9999 -9999 157 133 146.5 176.4 170.1 162.3 205.1 269.3 210.6 524.1 1321.9 947.1 972 932.6 867.5 944.8 762.2 624 598.8 717.7 746.2 742.1 806.7 1033.1 1075.9 917.2 928.9 1248 1143.1 1247.3 1205.2 1165.6 1198.2 1299.8 952.7 998.9 1351.7
56.3 46.2 35.9 28.7 25.9 24.7 23.9 22.7 -9999 -9999 -9999 -9999 -9999 80.6 76.9 99.1 80.3 47.9 -9999 -9999 -9999 -9999 -9999 -9999 -9999 -9999 -9999 -9999 -9999 -9999 -9999 -9999 -9999 -9999 -9999 -9999 -9999 -9999 -9999 162.3 163.7 213.3 266.3 301.4 284.2 268.9 431.7 496.8 796.8 1292.5 1207.1 936.8 1058.6 1021.3 895.3 777.9 932.9 776.4 912.5 661.7 741.3 934.4 1010.5 1033.4 985.2 982.8 1192.5 1493 1477.1 1204.7 1172.8 1247.3 1374.5 1240.9 1173 1198.5
55.7 46.4 37.8 30.6 26.3 24.3 23.9 24.8 31.2 51.7 89 106.7 99.3 89.4 85.9 79.1 63.6 76.7 87.6 68 -9999 -9999 -9999 -9999 -9999 -9999 -9999 -9999 -9999 -9999 -9999 -9999 -9999 -9999 -9999 -9999 -9999 -9999 -9999 -9999 201.1 220.2 357.7 434.3 394.1 294 580.4 747.5 846 1152.7 1334.1 1439.1 1219.4 1209.3 936.4 1082.4 1030.6 931 711 808.9 907.4 1032.5 994.6 970.4 1103.3 1266.8 1333.4 1218.9 1478.3 1433.7 1272.7 1383.4 1276.4 1343.7 1411.1 1778.4
54.1 47.7 39.6 32.6 27.9 25.5 26 28.7 36.8 61.3 91 109.3 101.2 94.6 86.1 79.9 106.9 127.7 141.9 136.5 65.5 50.2 -9999 -9999 -9999 -9999 -9999 -9999 -9999 -9999 -9999 -9999 -9999 -9999 -9999 -9999 -9999 -9999 -9999 -9999 -9999 267.6 373.1 477.4 582.5 389.5 496.2 416.2 884.4 1311 1459.1 1236.8 1285.2 1395.6 1115.1 1075.2 1197.7 968 846.7 1088.4 1189 1268 1160 1036.5 1277.7 1408.8 1385.5 1292.3 1447.5 1575.7 1237.5 1492.5 1653 1388.8 1472.2 1601.3
57.7 50.1 42.5 35.3 30.1 28 29 32.8 44.3 67.2 97.4 111 105.1 97.5 90.2 126.8 148 152.5 164.5 150.7 95.8 71.9 59.5 -9999 -9999 -9999 -9999 -9999 -9999 -9999 -9999 -9999 -9999 -9999 -9999 -9999 -9999 -9999 -9999 -9999 -9999 -9999 -9999 -9999 -9999 474.2 559.9 426.7 1160.4 1255.2 1185.9 1265.6 1152.9 1079.5 976.9 878.6 1117.3 1142.8 1150.5 1394.6 1292.7 1197.5 1047.8 1192.2 1529.3 1601.5 1537.7 1255.4 1054.2 1599.4 1531.7 1539.9 1482.9 1294.9 1456.6 1473.2
65.5 55.5 47.8 40.6 34.9 31.5 34.6 39.8 54.7 76.9 107.2 114 107.2 99.7 125.5 158.3 168.8 168.3 139.5 112.1 90.7 85 89.9 160 -9999 -9999 -9999 -9999 -9999 -9999 -9999 -9999 -9999 -9999 -9999 -9999 -9999 -9999 -9999 -9999 -9999 -9999 251.2 457.1 549.8 718 607.6 642.2 635.7 903.1 1287.9 1122.6 1293.4 790.6 942.8 868.6 815.1 935.2 1128.9 1014.3 1542.7 1496.9 1100.1 1340.9 1555.6 1529.5 1185.5 1081.6 1190.5 1412.4 1534 1551.5 1462 1422.5 1566 1628.2
74.5 64.7 56.1 47.8 41.5 37.4 40.5 47.6 63.3 89.5 113 116.6 108.7 117.3 152.2 169.7 153.2 123.9 92.8 76.8 72.1 76.9 119.4 -9999 -9999 -9999 -9999 -9999 -9999 -9999 -9999 -9999 -9999 -9999 -9999 -9999 -9999 -9999 -9999 -9999 -9999 -9999 -9999 467.3 662.6 773.6 447.2 728.3 -9999 736.1 1050.8 1084.4 876.3 899.6 590.8 735.4 774.7 984.3 1086.8 908.4 930.8 715.9 894.7 1258.4 1533.7 1352.9 1015.9 914.4 1399.2 1541.6 1625.4 1581.8 1555.1 1508.5 1660 1695
80.6 75.1 67.1 57.3 50.2 43.6 44.9 54.2 69.3 96.6 117 117 113.6 138.8 148.5 122 88.1 67.1 57 51.3 43.8 38.7 -9999 -9999 -9999 -9999 -9999 -9999 -9999 -9999 -9999 -9999 -9999 -9999 -9999 -9999 -9999 -9999 -9999 -9999 -9999 -9999 -9999 -9999 726.8 688.7 435.3 649.3 -9999 708.7 1017 1456.1 722.7 431.1 508.9 649.9 711.7 613.8 642.2 708.4 707.4 706.3 810.1 837.5 993.8 1029.8 1051.9 1102.6 1289.4 1365.7 1388.3 1595.4 1461.8 1315.5 1438.3 1584.2
87.8 87.4 84 67.3 54.9 44.8 44.2 49.2 57.5 65.3 69.5 71.6 80.4 97.3 89.5 62.3 44.1 37.2 36.7 35.6 22.7 -9999 -9999 -9999 -9999 -9999 -9999 -9999 -9999 -9999 -9999 -9999 -9999 -9999 -9999 -9999 -9999 -9999 -9999 -9999 -9999 -9999 -9999 -9999 -9999 583.3 -9999 -9999 -9999 -9999 2157.7 2374.3 602.7 426.5 443.8 487.4 548 531.1 527.8 623.9 657.2 831.3 936.2 1066.2 1095.9 1364.8 1083 1099.6 1522.1 1347.6 1341.1 1732 1456.8 1273.6 1198.7 1555.6
92.7 93.3 91.4 84 67.1 58.3 57 59.5 61.7 63.1 63.8 64.1 65 62.8 53.5 31.1 20.1 19.7 25.1 32.4 -9999 -9999 -9999 -9999 -9999 -9999 -9999 -9999 -9999 -9999 -9999 -9999 -9999 -9999 -9999 -9999 -9999 -9999 -9999 -9999 -9999 -9999 -9999 -9999 -9999 -9999 -9999 -9999 -9999 1346 2491.3 1166.7 606.7 438 595.9 586.4 514.1 571.4 689.3 612.8 752.4 872.4 933.3 944.1 1178.7 1408.7 1433.1 1254 1350 1309.3 1350.2 1756.6 1411.5 1385.7 1591.9 1785
93.7 90.9 85.9 74.3 65.9 63.8 64.1 65.7 65 63.8 64.3 64.4 64 63.9 56.2 38.8 28.6 29.7 41.7 -9999 -9999 -9999 -9999 -9999 -9999 -9999 -9999 -9999 -9999 -9999 -9999 -9999 -9999 -9999 -9999 -9999 -9999 -9999 -9999 -9999 -9999 -9999 -9999 -9999 -9999 -9999 -9999 -9999 -9999 1555.9 2656.7 2036.4 636.1 576.4 640.7 655.6 599.3 564 506.6 650.5 750.4 763.3 868.5 1081.5 1182.8 1349.6 1294.8 1113.1 1108.7 1089.9 1314.5 1562.7 1407 1197.2 970.8 -9999
87.9 83.5 75.9 71.9 68.8 67.3 65.4 65.7 66.7 65.8 66.5 67 66.3 64.8 59.9 51.3 46.4 54.3 72.5 -9999 -9999 -9999 -9999 -9999 -9999 -9999 -9999 -9999 -9999 -9999 -9999 -9999 -9999 -9999 -9999 -9999 -9999 -9999 -9999 -9999 -9999 -9999 -9999 -9999 -9999 -9999 -9999 -9999 -9999 -9999 2197.1 986.5 711.9 503 605.4 770.9 711.8 716.2 796.8 691.7 551.3 617.8 825.1 1008.7 1141.6 1219.3 1271.2 1137.3 1238.6 1453.6 1206.7 1169.7 1154.1 1117.7 -9999 -9999
83.4 78.6 75.4 72.1 70.6 70.5 70.1 68.5 67.6 66.8 68.3 69.1 69 66 63.3 61.3 62.8 74.5 -9999 -9999 -9999 -9999 -9999 -9999 -9999 -9999 -9999 -9999 -9999 -9999 -9999 -9999 -9999 -9999 -9999 -9999 -9999 -9999 -9999 -9999 -9999 -9999 -9999 -9999 -9999 -9999 -9999 -9999 -9999 -9999 3702.2 1130.2 646.4 591.6 608.7 685.5 710.3 721.3 825.5 876.5 734.3 662.6 865.9 925.3 1136.9 1117.8 1333.3 1197.3 1363.5 1483.7 1267.6 1103.1 958 -9999 -9999 -9999
80.3 77.2 77.1 75.7 75.6 74.4 75.3 72.9 72.3 71.8 70.4 71.2 72.3 71 69.3 68.6 77.4 -9999 -9999 -9999 -9999 -9999 -9999 -9999 -9999 -9999 -9999 -9999 -9999 -9999 -9999 -9999 -9999 -9999 -9999 -9999 -9999 -9999 -9999 -9999 -9999 -9999 -9999 -9999 -9999 -9999 -9999 -9999 -9999 -9999 2983.7 1112.2 523.9 558.3 599.9 646.1 678.2 696.7 792.6 913.9 839.2 896.3 805.3 791.5 946.9 1122.9 1193.1 1162.6 1271.7 1285.2 1011.2 817.6 -9999 -9999 -9999 -9999
88.1 76.4 77.5 78.9 82.4 81.6 80.8 79.3 74.5 72.8 71.8 73.3 74.3 72.3 72.3 -9999 -9999 -9999 -9999 -9999 -9999 -9999 -9999 -9999 -9999 -9999 -9999 -9999 -9999 -9999 -9999 -9999 -9999 -9999 -9999 -9999 -9999 -9999 -9999 -9999 -9999 -9999 -9999 -9999 -9999 -9999 -9999 -9999 -9999 -9999 3370.5 2247.1 757.9 576.6 680.6 638.1 724.1 810.4 775 786.7 880.9 926 869.5 906.3 977.5 1163.9 1313.8 1321.9 1056.7 821.8 921.5 -9999 -9999 -9999 -9999 -9999
79.5 69.9 80.9 84.3 87.7 87.7 86.2 83.4 79.7 73.1 68.3 68.6 72.9 69 74.5 -9999 -9999 -9999 -9999 -9999 -9999 -9999 -9999 -9999 -9999 -9999 -9999 -9999 -9999 -9999 -9999 -9999 -9999 -9999 -9999 -9999 -9999 -9999 -9999 -9999 -9999 -9999 -9999 -9999 -9999 -9999 -9999 -9999 -9999 -9999 3140.4 2958 1028.2 900.4 598.4 600.4 644.8 789.1 757.6 701.6 1016.3 920.3 790.5 834.2 1049.3 1183.6 1328 1327.2 1105 -9999 -9999 -9999 -9999 -9999 -9999 -9999
67.4 69.4 81.1 89.5 97.1 98.5 95.2 91.1 85.1 75.1 67 -9999 -9999 -9999 -9999 -9999 -9999 -9999 -9999 -9999 -9999 -9999 -9999 -9999 -9999 -9999 -9999 -9999 -9999 -9999 -9999 -9999 -9999 -9999 -9999 -9999 -9999 -9999 -9999 -9999 -9999 -9999 -9999 -9999 -9999 -9999 -9999 -9999 -9999 -9999 -9999 4079.1 1193.2 795.8 726.1 549.3 514.4 588.3 584.9 834.2 798.3 686.4 702.6 728.4 580.6 916.1 1012.1 1190.7 1448.3 -9999 -9999 -9999 -9999 -9999 -9999 -9999
64.5 66.3 69.1 90.6 106.5 111.1 109.5 105.4 97.3 -9999 -9999 -9999 -9999 -9999 -9999 -9999 -9999 -9999 -9999 -9999 -9999 -9999 -9999 -9999 -9999 -9999 -9999 -9999 -9999 -9999 -9999 -9999 -9999 -9999 -9999 -9999 -9999 -9999 -9999 -9999 -9999 -9999 -9999 -9999 -9999 -9999 -9999 -9999 -9999 -9999 -9999 3949.3 1378.4 798.8 659.8 519.1 479.5 409.9 589.4 667.6 620.6 597.3 572.8 617.8 688.5 841.1 -9999 -9999 -9999 -9999 -9999 -9999 -9999 -9999 -9999 -9999
61.3 52.9 51.1 80 111.3 129.1 129.2 121.6 -9999 -9999 -9999 -9999 -9999 -9999 -9999 -9999 -9999 -9999 -9999 -9999 -9999 -9999 -9999 -9999 -9999 -9999 -9999 -9999 -9999 -9999 -9999 -9999 -9999 -9999 -9999 -9999 -9999 -9999 -9999 -9999 -9999 -9999 -9999 -9999 -9999 -9999 -9999 -9999 -9999 -9999 -9999 3472.6 2392.3 1314.2 640.2 544.2 526.7 515 516.9 537.1 595.1 616.8 575.4 535.8 794.7 -9999 -9999 -9999 -9999 -9999 -9999 -9999 -9999 -9999 -9999 -9999
