datasets/global_precipitation_1950_2017/rasters/precip_1969-total.asc
NCOLS 720 
NROWS 347 
XLLCORNER -180 
YLLCORNER -90 
CELLSIZE 0.5 
NODATA_value -9999 
[rows 102 to 135 of 347, columns 456 to 531 of 720]
261.4 276.7 332.3 357.9 307.6 264.8 184.8 156.5 277.9 585.7 481.9 216 124 129.6 120.3 104.3 89.3 81.6 85.8 88.8 93.1 97.3 101.1 103 100 91.6 85.5 94.3 94.9 85.1 80.6 78.3 77.2 76.7 80.3 90.5 136.8 198.8 189.4 164.8 146.8 155.4 179.4 179.9 171.9 172.9 193 252.5 382.5 562.2 507.5 478.4 665.5 886.2 1071.2 1312.2 2836.6 1961.9 1404.1 1253.7 754.2 617.7 322.6 151.1 162.9 157.1 152.4 144.9 173.2 209.7 233.4 242.3 215.1 205.5 222.5 284.3
241.4 256.9 387.1 376.3 339.1 271.5 200.8 178.5 205.2 248.5 239.3 145.5 93.3 129.6 115.9 97.7 81.8 76.6 79.5 86 89 89.8 87.9 80.3 71.2 61.1 49.5 48.2 50.4 47.9 48.9 44.5 32.6 69.9 68.2 74.8 120 177.6 194.3 183.2 165.5 167.2 170 165.9 167 181 145.4 249.6 423.1 505.4 386.7 416.9 481.4 512.9 492.4 975.6 1614 1341 1062.5 1694.2 643.6 577.4 598.2 618 462 386.1 248.1 239.1 293.6 313.2 317.1 303.2 251.3 222.9 316.8 444.3
186.9 181 255.8 299.6 317.5 317.3 270.3 171.4 161.2 159.7 174.1 138.2 119.5 113.9 101.3 86.2 76.6 76.1 79.4 83.9 92.5 92.3 76 59.2 48.1 40.5 30.8 23.5 22.5 22.1 27.5 30.8 24.6 43.7 74 86.7 119.7 147.9 168.1 178 176.8 174.8 175.2 166.4 154.3 139.3 155.8 216.6 279 305.7 295.8 306.8 432.2 463.3 430.6 540.2 723.6 1284.3 969.9 943 499.3 512.6 1202.7 1376 1398.8 1015.5 461.6 414.6 536.4 556.7 463 384 336.7 387.3 637.8 875.9
171.3 171.2 210.3 239.2 327 336.4 320.7 242 205.5 198.7 197.6 163 130 101.9 87.6 72.4 70 77.5 79.9 85.1 95.5 93.7 72.1 46.4 36.8 34.1 32.2 20.3 13.6 13.1 16.2 28.2 37.2 53.7 82.8 110.2 133.6 143.1 159.9 188.6 188.1 179.5 184.3 182.2 139.3 111.6 137.1 173.4 206 216.9 186.7 161.7 230.4 328.1 304.3 320 616.5 808.6 1144 1301.3 1628.7 1385.1 1491 1389.5 1427.1 935.1 486.5 512.4 694 907.1 903.1 590.1 514.3 943.6 1420.3 1728.1
134.2 156.8 199.3 273.6 326.2 342.6 326.1 309 312.5 302.4 289.8 282.9 199.5 106.9 87.4 70.8 68.3 81.3 94.1 90.4 97.9 100.1 76.4 51.1 39.4 32.8 26 18.8 10.8 7.2 8.8 18.1 25.4 32.1 54.9 92.1 114.8 132 146.5 209.5 223.1 204.5 222.2 229.1 159.1 87.3 119.5 113.6 96.2 119.9 111.9 121 146.6 294.7 329.5 289.4 691.1 849 783.9 1157.5 1984 964.3 1379.4 1463.6 2238.2 1416.2 437.9 591.5 847.4 978.6 999.8 881.1 1235.1 2052 2240.4 2349.4
170.5 -9999 -9999 -9999 -9999 295.8 289.2 292.3 345.8 362.8 324.7 289.3 234.7 152.3 109.8 92.3 97.3 102.1 97.6 93.5 98.6 97.7 78 56.6 43.8 40.5 26.8 18.1 12.4 6.9 7.6 13.2 18.1 22.9 34.1 48.9 69.2 91.7 124.6 168.6 213.7 239.1 254.7 270.4 179.2 100.6 84.9 69.4 43.8 88 121 134.9 148.1 270.2 429.3 403.2 360.6 516.7 665.8 851.5 1239.4 1938.4 1518.5 1656.9 2044.2 1700.6 1260 870.7 924.7 1028 921.5 748.7 767.3 1941.2 2335.9 2443.1
-9999 -9999 -9999 -9999 -9999 264.4 264.3 285.7 311.5 317.1 308.1 290.3 229.7 172.3 132.7 106.8 134.3 144.8 110.2 97.4 98.8 98.7 79.3 56.9 42.2 31.7 18 12.8 15.8 10.5 9.1 11.5 12.1 19.3 27.4 44.9 54.8 71.6 110.8 160.1 221.2 281.3 304.1 234.4 165.7 114.4 60.3 51.5 58.5 83 96.2 124.3 180.7 280.3 400.2 564.4 555.5 570.6 598.9 870.1 1112.4 1292 1709 1955.8 1613.9 1468.3 1334.2 798.3 762.1 1026.2 939.7 607.6 814.9 1609.3 2093.3 2272.9
167.7 -9999 -9999 -9999 -9999 -9999 235.7 261.7 258.6 254.7 253.5 245.6 210.1 169.7 150.6 137.4 142.6 139.7 117.1 105.4 100.9 95.9 78.7 57.8 44.1 37.8 29.4 22.2 21.4 12.2 8.9 14 16.9 10.8 24.3 63.7 83 94.4 109.7 215.2 346.9 445.3 325.3 180.4 91.4 133 77.6 57.7 71.9 114.4 141.8 185.8 226.4 267 277.4 349.9 441.9 1073.3 639.4 826.8 1079.4 1267.8 1358.8 1411.6 1668.4 1743.1 1690.2 1628.6 1736.2 1688.9 1206.4 290.3 1514.1 1741.2 1457.2 1255.8
143.2 -9999 -9999 -9999 -9999 -9999 -9999 248.7 249.8 243.7 213 205 206.3 185.4 165 152.6 153.5 143.9 132.5 117 104.5 94.6 79.2 59 49.7 57.3 84.5 49.4 32.5 23.3 20.7 25.2 26.6 25.8 47.4 98.5 125.3 162.4 160.2 265.8 524.5 553.5 276 126.4 37.7 44.7 71.7 95 130.2 153.5 163.8 174 182.9 211.6 354.8 573.2 449.7 497.3 709.7 724.7 718.3 973.1 1058.1 1163.1 1337.2 1528.4 1452.2 1428.2 1384.1 1366.5 1764.1 2024.6 2474.7 2222.5 1547.1 1346.9
153.8 141.3 -9999 -9999 -9999 -9999 -9999 -9999 228.9 219.2 216.2 209.2 200.3 187.5 172.7 165.4 165.1 160.7 147.5 125.2 106 87.3 71.4 61.2 54.6 51.4 55.4 51.5 49.1 43.1 46.4 59.1 63.8 56.4 72.2 99.9 89.5 152.7 172.8 184.3 222.6 80.7 69.3 56.6 16.6 25.3 75.3 112.6 129.7 148.9 156.6 168.5 192.2 258.2 362.5 386.8 675.1 737.6 582.3 624.7 601.9 726.8 875.6 903 1040.6 1309.5 1188.6 1094.9 1449.9 1346.2 1740.3 1901.4 2309.9 2276.5 1992.7 2318.6
147.2 140 138.2 -9999 -9999 -9999 -9999 -9999 -9999 -9999 205.6 206.4 199 189.4 174.9 162 168.5 162.5 144.6 122.1 100.4 84 68.3 63.4 61.1 42.1 45.1 50.4 52.1 56.5 67.4 84.4 95.6 75.7 78.2 92 86.1 92.6 103.6 78.3 72 66.6 38.9 17.3 2.1 6.2 44.8 94.5 139.8 145.7 172.7 193.5 268.8 276 285 404.1 644.5 732.3 623.6 588.1 725.5 803.2 855 818.4 935.5 932 930 1015.7 1058.8 1277.3 1531.1 1481.8 1809.6 1745 2233.1 2209.1
135.1 132.1 134 139.7 -9999 -9999 -9999 -9999 -9999 -9999 -9999 212.1 196.1 187.6 -9999 132.7 -9999 -9999 119.4 99.9 93.7 86.1 68.4 62.2 60.2 52.6 49.9 56.9 59.1 59.6 64.3 68.5 63.7 66.1 80.9 98.3 93.9 85.6 53.5 33.7 33.1 32.1 16.2 3.5 3.1 23.9 39.5 42.9 86.7 122.6 173.1 183.4 230.3 239.7 358.3 536.9 529.7 786.1 736.1 699 642.8 804.6 834.3 751.8 781.4 943 970.4 1022.8 1021.7 1183.7 1233.1 1268.9 1432.4 1668.4 1857.6 1648.7
140.3 133.6 134.2 141.9 -9999 -9999 -9999 -9999 -9999 -9999 -9999 -9999 -9999 -9999 -9999 -9999 -9999 -9999 92.9 90.3 92 86.3 74.6 60.4 57.2 54.2 55.9 71.4 70.2 54.2 57.4 63.4 64 67.3 90.7 112.6 113.6 84 41.7 32.4 36.1 30.4 27.4 19.1 26 53.6 79.6 46.9 60.7 102.8 126.3 219.9 261.8 295.9 499.6 675.2 601.2 930.8 749.8 739.5 549.5 780.1 773.7 737.7 751.6 925.6 960.9 1014.8 1099 1132.3 1270.7 1241.5 1305.2 1412.2 1369.3 1307.8
160.9 142.7 134.6 136.8 -9999 -9999 111 -9999 -9999 -9999 -9999 -9999 -9999 -9999 -9999 -9999 112.6 -9999 -9999 76.8 88.6 84.5 71.5 60.6 57.3 55.9 57.8 64.2 55.8 42.3 47.6 61 71.2 79.9 87.6 87.5 69.8 46.1 45.2 43.9 40 28.6 32.6 20.6 26.1 42.9 55.6 39.6 37.3 61.1 119.7 175.5 354.9 538.2 461.9 834.6 771 779.5 701.8 804.8 859.5 807.5 871.2 838.8 919.4 1067.2 1044.1 997.1 1053.8 1220.7 1259.8 1089 1253.6 1519.9 1192 1186
169.1 149.8 136.3 131.3 125.5 -9999 105.1 -9999 -9999 -9999 -9999 -9999 -9999 -9999 -9999 138.4 173.2 -9999 -9999 -9999 -9999 -9999 -9999 -9999 -9999 -9999 63.8 65.2 39.7 -9999 31.4 -9999 -9999 -9999 -9999 -9999 -9999 32 57.7 56.4 39.8 44.5 41 5.5 45.1 39.7 57.3 70.4 86.8 163.2 222.6 286.5 462.5 661 741.9 544.4 752.5 728.4 1005.3 1034.2 987.6 914.4 1124 1081.3 1140 1013.7 986.7 954.5 1086 1174.2 1112.6 992 1127.7 1005.6 837.3 1506.4
163.6 153.8 139.2 130.1 122.8 115 105 -9999 -9999 -9999 -9999 -9999 -9999 115.7 114.7 148.2 136.7 -9999 -9999 -9999 -9999 -9999 -9999 -9999 -9999 -9999 -9999 -9999 -9999 -9999 -9999 -9999 -9999 -9999 -9999 -9999 -9999 -9999 -9999 68.6 66 68.7 62 51.2 46.9 82.8 149.7 22.9 34.5 631.8 446.5 580 670.4 898.7 964.8 983.8 1120.4 921.1 1109.2 1291.8 1540.8 1251.3 1254.8 1207.1 1347.2 1090.8 1091.5 1116.9 1127.2 1088.2 1023.9 1349.2 1203.4 1211.3 1097 1258.6
163.3 152.8 141.9 131.3 123.3 115.9 107.3 99.3 -9999 -9999 -9999 -9999 -9999 128.2 117 135.1 116.2 83.7 -9999 -9999 -9999 -9999 -9999 -9999 -9999 -9999 -9999 -9999 -9999 -9999 -9999 -9999 -9999 -9999 -9999 -9999 -9999 -9999 -9999 74.9 68.3 73.4 82.4 87.5 79.2 64.9 116.7 174.2 234.1 421.8 538.8 453 721 995.7 1122 1271.4 1096.7 1171.2 1192.8 1365.3 1540.1 1377.9 1505.9 1323.1 1244.8 1413.3 1191.4 1284.2 1266.6 945.2 798.7 1030.7 944.9 1072.4 1107.5 1122.9
161.2 153.1 142.7 132.8 124.3 117.4 109.7 103.9 103.4 116 142.6 151.5 140.9 131.9 123.2 114.8 99.5 106.4 117.8 101.8 -9999 -9999 -9999 -9999 -9999 -9999 -9999 -9999 -9999 -9999 -9999 -9999 -9999 -9999 -9999 -9999 -9999 -9999 -9999 -9999 78.9 61.8 136 165 154.6 91.7 147 201.7 323.9 368.1 485.9 442.6 764 1066.9 1135.9 1282.5 1185 1161.6 1300.6 1550.1 1668.5 1481.8 1639.8 1221.4 1184 1353.4 1171.2 1168.9 1188.4 989.6 1049.2 1285.3 1200.5 997 998.3 938.3
158.4 152.7 142.9 135.1 126.1 118.6 111.2 106.8 106.2 120.7 141.1 149.3 138 130.4 120.5 111.6 134.5 154.7 169.4 165.8 91.2 69.7 -9999 -9999 -9999 -9999 -9999 -9999 -9999 -9999 -9999 -9999 -9999 -9999 -9999 -9999 -9999 -9999 -9999 -9999 -9999 148.9 159.8 123.6 225.2 186.6 228.1 259.6 444.1 567.2 770.5 839.8 973.1 1092.1 1331 1165.8 1246.3 1211.9 1282.6 1570.8 1545.7 1441.7 1378.8 1181 1311.3 1298.2 1019.2 1288.1 1234.5 1043.7 1286.5 1204.8 1152.5 1103.7 1300 776.7
158.6 150.8 143.7 135.6 123.2 115.3 107.6 105.5 109.2 123.4 140.6 145.4 135.9 127.9 120.1 153.3 172.2 175.3 186.2 171 112.6 86.6 73.6 -9999 -9999 -9999 -9999 -9999 -9999 -9999 -9999 -9999 -9999 -9999 -9999 -9999 -9999 -9999 -9999 -9999 -9999 -9999 -9999 -9999 -9999 301.4 282.4 235.4 940 717.8 803.4 1003.5 727.7 1086.5 1189.1 1071 1216.9 1191.1 1180.1 1493 1545.6 1599.1 1423.2 1103.6 1223.8 1230.8 1090 1410.3 1287.1 1242.1 1305.2 1248.2 1394.3 1515 1299.7 1222.8
160.9 152.2 145.8 135.2 123.7 112.2 106.2 104.7 111.8 123.7 142.5 141.7 133.2 126.7 151.7 180.4 188.2 186.2 155.4 126 101.8 94.5 98.9 163.1 -9999 -9999 -9999 -9999 -9999 -9999 -9999 -9999 -9999 -9999 -9999 -9999 -9999 -9999 -9999 -9999 -9999 -9999 330.5 423.6 415.9 358.9 410.6 398.8 503.2 811.9 1153.4 1283 1033.8 798.4 940.2 1092.7 1077.4 1158.1 1381.8 1310.1 1779.8 1724.8 1004.2 1295.3 1348.8 1338.5 1025.6 977.8 1091.8 1089.1 1322.8 1326.1 1409.2 1253.8 1259.4 1160.2
163.6 155.4 146.2 134.6 121.1 108.7 103.6 103.6 112.5 128.9 141.5 138.5 131.8 143.1 174 187.7 168 136.9 103.6 85.9 78.5 81.3 122.2 -9999 -9999 -9999 -9999 -9999 -9999 -9999 -9999 -9999 -9999 -9999 -9999 -9999 -9999 -9999 -9999 -9999 -9999 -9999 -9999 401.3 526.8 479.6 378.5 434.7 -9999 709 963.5 1439.9 1067.9 793.8 880.8 1006.7 950.4 1199 1376 1174.5 896.4 1113.6 1102.4 1124.4 1373.9 1113.6 899.4 841.7 788.6 801.4 1132.5 1331.6 1372.8 1378.5 1299.4 1235.3
167.1 159.8 145.2 134.6 119.5 105.7 98.9 101.4 107.9 126.1 138.5 135.5 137.5 160.1 166.1 136.1 99.7 76.6 64.1 56.4 46.9 41 -9999 -9999 -9999 -9999 -9999 -9999 -9999 -9999 -9999 -9999 -9999 -9999 -9999 -9999 -9999 -9999 -9999 -9999 -9999 -9999 -9999 -9999 610.7 559.1 377.8 593.3 -9999 812.2 1390.7 1929.9 899.6 755.3 992.1 842.5 940.7 818.7 793.2 785.5 799.4 866.4 1015.7 1448.5 1457.1 1443.9 961.7 896 972.3 987.1 1183.4 1278 1302.5 1326.9 1430.2 1261.6
171.7 164.3 152.9 131.5 113.2 98.1 90.3 88.8 90.2 92.2 92.3 92.1 100 114.2 103.8 73.5 54 45.2 41.8 38.1 23.9 -9999 -9999 -9999 -9999 -9999 -9999 -9999 -9999 -9999 -9999 -9999 -9999 -9999 -9999 -9999 -9999 -9999 -9999 -9999 -9999 -9999 -9999 -9999 -9999 717 -9999 -9999 -9999 -9999 2168.5 2096.9 836.9 841.4 1128.1 998 863.3 667.6 604 790.4 731 959.1 1034.2 1204.1 1350.9 787 1032.8 993.9 1245.2 1018.6 1106.4 1252.8 1322.5 1390.9 1295.8 1304.2
172.7 163 150.8 133.7 113.3 97.8 89.5 86.1 82.5 79.8 77.5 76.8 75.8 73.8 65 41.9 29.4 26.5 29.6 33.5 -9999 -9999 -9999 -9999 -9999 -9999 -9999 -9999 -9999 -9999 -9999 -9999 -9999 -9999 -9999 -9999 -9999 -9999 -9999 -9999 -9999 -9999 -9999 -9999 -9999 -9999 -9999 -9999 -9999 1901.4 2771.9 1377.6 958 793.2 977.2 999.7 875.4 894.4 891.7 1004.5 1079.5 1046.4 1156.1 648.6 1452.1 1241.4 1525.9 1348.8 1357.6 1038.7 1158.9 1389.8 1384 1443.6 1418.8 1533.7
170.9 156.7 138 119.3 105 94.8 88.4 84.5 80.5 76.4 73.8 72.7 71 70.5 63 45.6 35.6 35.4 44.3 -9999 -9999 -9999 -9999 -9999 -9999 -9999 -9999 -9999 -9999 -9999 -9999 -9999 -9999 -9999 -9999 -9999 -9999 -9999 -9999 -9999 -9999 -9999 -9999 -9999 -9999 -9999 -9999 -9999 -9999 2443.7 3599.8 2023.2 622 826 787.6 898.6 1037.5 969.7 1069.5 929 1141.4 1166.4 1098.7 1153.9 1267.6 1452.4 1587.5 1486.5 1468.5 1344.4 1127.9 1203.9 1406.7 1385.6 1259.6 -9999
169.2 149.6 128 111.4 99 92.1 84.5 79.9 77.1 74 72.7 72.6 71.2 69.1 64.7 56.9 51.3 57.3 73.6 -9999 -9999 -9999 -9999 -9999 -9999 -9999 -9999 -9999 -9999 -9999 -9999 -9999 -9999 -9999 -9999 -9999 -9999 -9999 -9999 -9999 -9999 -9999 -9999 -9999 -9999 -9999 -9999 -9999 -9999 -9999 2441.3 1061.5 691.4 737.8 619.9 735.3 868.6 958.1 911.8 1079.9 1004.7 1225.2 1135.2 1279.6 1577 1615.4 1557 1710.6 1785 1684.9 1111.9 1369.9 1459 1238.7 -9999 -9999
164.9 142.4 123.3 108.1 96.4 90.1 84.6 78.9 75.4 72.4 72.4 72.8 72.5 69.4 66.8 64.7 66.1 75.7 -9999 -9999 -9999 -9999 -9999 -9999 -9999 -9999 -9999 -9999 -9999 -9999 -9999 -9999 -9999 -9999 -9999 -9999 -9999 -9999 -9999 -9999 -9999 -9999 -9999 -9999 -9999 -9999 -9999 -9999 -9999 -9999 3918.1 1408.4 628.9 660 803.1 623.1 544.5 869.7 916.2 907.6 1112.1 976.1 1169.6 1115.9 1750.9 1647.3 1351.6 1650.6 1908.6 1753.7 1171 1270.7 1058.6 -9999 -9999 -9999
155.7 136.1 119.6 106.6 97.9 91.5 87.7 80.2 76.2 73.7 71.4 71.8 73 72 70.6 70.5 78.4 -9999 -9999 -9999 -9999 -9999 -9999 -9999 -9999 -9999 -9999 -9999 -9999 -9999 -9999 -9999 -9999 -9999 -9999 -9999 -9999 -9999 -9999 -9999 -9999 -9999 -9999 -9999 -9999 -9999 -9999 -9999 -9999 -9999 2658.1 1506.2 634.5 743.8 716.4 697 628.3 694.5 788.3 1126.3 900.2 849.2 1038.2 1272.1 674.4 1597.4 1471 1640.3 1719.2 1663.7 1118.8 993.7 -9999 -9999 -9999 -9999
158.3 128.8 114.8 106.3 102.2 95.5 90.7 85 77 72.6 69.9 71.4 72.9 71.4 71.8 -9999 -9999 -9999 -9999 -9999 -9999 -9999 -9999 -9999 -9999 -9999 -9999 -9999 -9999 -9999 -9999 -9999 -9999 -9999 -9999 -9999 -9999 -9999 -9999 -9999 -9999 -9999 -9999 -9999 -9999 -9999 -9999 -9999 -9999 -9999 3419 2500.6 744.4 640.7 763.3 786.9 646.7 717.7 772 808 559.3 712.6 937.5 1221 1321.9 1439.9 1611.6 1542.9 1659.6 1471.1 1034.6 -9999 -9999 -9999 -9999 -9999
141.5 114.7 114.1 108.3 105 100.2 94.6 88 81 72.8 65.4 64.6 69.8 65.5 71.8 -9999 -9999 -9999 -9999 -9999 -9999 -9999 -9999 -9999 -9999 -9999 -9999 -9999 -9999 -9999 -9999 -9999 -9999 -9999 -9999 -9999 -9999 -9999 -9999 -9999 -9999 -9999 -9999 -9999 -9999 -9999 -9999 -9999 -9999 -9999 3524.1 2938.6 818.9 517.9 629.8 642.2 774.9 912.6 753.9 944.8 608.4 773.9 636.7 1052.6 1452.3 1394.7 1581.5 1508.4 1152.9 -9999 -9999 -9999 -9999 -9999 -9999 -9999
122.9 110.6 111.7 111.5 112.4 109 102.5 95.4 86.9 74.7 64.1 -9999 -9999 -9999 -9999 -9999 -9999 -9999 -9999 -9999 -9999 -9999 -9999 -9999 -9999 -9999 -9999 -9999 -9999 -9999 -9999 -9999 -9999 -9999 -9999 -9999 -9999 -9999 -9999 -9999 -9999 -9999 -9999 -9999 -9999 -9999 -9999 -9999 -9999 -9999 -9999 3443.2 1029.8 614 446.9 634.5 718 535.9 568.7 431.7 655.8 611 786.7 980.9 1358.4 1491 1194 992.8 1114.4 -9999 -9999 -9999 -9999 -9999 -9999 -9999
115.6 106.6 100.1 113.4 122.8 121.7 115.8 108.6 98.3 -9999 -9999 -9999 -9999 -9999 -9999 -9999 -9999 -9999 -9999 -9999 -9999 -9999 -9999 -9999 -9999 -9999 -9999 -9999 -9999 -9999 -9999 -9999 -9999 -9999 -9999 -9999 -9999 -9999 -9999 -9999 -9999 -9999 -9999 -9999 -9999 -9999 -9999 -9999 -9999 -9999 -9999 3380.7 1332.9 543.6 581.5 578.9 600.9 510.8 571.2 740.8 589.1 577.7 710.1 1026.8 1267.8 1488.1 -9999 -9999 -9999 -9999 -9999 -9999 -9999 -9999 -9999 -9999
109.3 94.2 84.7 106.8 129.8 140.3 135.4 123.7 -9999 -9999 -9999 -9999 -9999 -9999 -9999 -9999 -9999 -9999 -9999 -9999 -9999 -9999 -9999 -9999 -9999 -9999 -9999 -9999 -9999 -9999 -9999 -9999 -9999 -9999 -9999 -9999 -9999 -9999 -9999 -9999 -9999 -9999 -9999 -9999 -9999 -9999 -9999 -9999 -9999 -9999 -9999 2926.5 2400.1 791.1 612.4 699 630.3 427.4 586.6 599.6 534.4 755.4 989.8 1178.2 1398.4 -9999 -9999 -9999 -9999 -9999 -9999 -9999 -9999 -9999 -9999 -9999
