datasets/global_precipitation_1950_2017/rasters/precip_2001-total.asc
NCOLS 720 
NROWS 347 
XLLCORNER -180 
YLLCORNER -90 
CELLSIZE 0.5 
NODATA_value -9999 
[rows 306 to 339 of 347, columns 532 to 607 of 720]
283.6 299.6 315 326.2 336.2 346.2 356.3 366.5 376.3 383.9 391.5 399.1 406.2 413.1 417.6 421.9 425.7 431.2 434.9 436.6 439.6 442.2 443.8 444 443 441.3 438.2 435.4 432.2 427.5 422.6 418.7 413.5 408.4 402.6 397.1 393.8 387.4 382.3 381.1 375.2 372.5 370.6 369.4 368.9 369.4 370.4 372.3 371.5 374.7 379.6 383.1 390 395.8 400.1 410.7 412 419.7 432.2 438.1 444.5 451.9 459.8 467.4 474.7 482.3 489.1 495.6 501.9 508.7 516.4 518.5 523.8 529 534.8 540.8
265.4 272 288.7 303.7 314.8 325.8 335.6 346.5 356.3 366.1 375.2 384.1 393.1 400.9 407.1 413.9 421.3 428.6 433 436.1 438 440.6 442.4 443.1 443.1 441.8 439.4 434.8 430.5 425.7 420.4 414.7 409 403.7 398.7 393.2 385.8 377.3 372.7 372 371.7 368.4 365.2 363.6 364.6 366.5 368.9 372.3 374.6 376.3 381 381 387.6 393.2 399.4 404.4 410 416.1 423 431.1 438.7 446.5 453.5 461.5 468.5 475.2 481.7 487.8 494.4 501.3 508.7 516 523 528.6 533 537.2
234.9 247.1 260.2 273.8 286.8 302.7 310.7 323.1 335.3 347.5 359.7 371.5 378.8 387.4 399.5 407.4 414.5 420.5 425.7 431.4 435.8 438.8 434.7 435.5 441.2 439.5 435.7 431.4 427.7 423.2 417.6 411.1 405.3 399.6 393.5 387.5 381.3 380.2 377 367.7 368.9 364.8 363.3 361.4 362.2 363.6 365.3 368 370.5 372.6 375.5 379.3 381.2 387.3 393 397.6 403.7 410 416.6 423.6 430.4 438.5 444.2 451.4 459 463.9 469.6 476.2 483.2 488.5 496.4 504.2 512.2 518.4 522.5 526.3
205.1 221.4 234.7 253 263.8 275.7 296.1 309.5 323 336.8 340.6 351.7 360.4 370.1 382.1 390.2 408.5 415.4 421.4 425.9 417.7 421 415.7 415.8 421.8 419.4 425.9 420.7 415.5 409.5 396.4 390.1 381.3 375.8 370.8 364.6 359.2 354.3 350.6 346.2 343.6 341.6 340.4 339.8 340 341.3 342.6 344.9 347.6 350.8 354.5 358.8 364.1 364.1 371.5 377.2 382.6 389.6 394.2 400.6 409.1 419 418.7 426 434.6 435.6 448.3 453.9 460.9 464.9 470.4 479.2 488 495 499 502.8
204.8 216.6 220.2 240.6 252.2 263.4 275.4 287 293.7 309 323 333.7 342 350.2 360.9 370.6 378.8 382.6 385.3 386.2 386 384.4 372.5 367.9 376.8 372.5 367.4 362.3 356.4 349.8 343.3 336.4 324.9 319.4 318.3 313.3 308.6 304.7 295.6 293.7 291.5 290.9 290.5 290.5 291.5 292.1 295.3 298.3 301 304.1 308.2 312.5 317.7 320.6 326.3 331.8 336.7 343.6 347.8 353.6 364 372.2 380.7 389.5 386.7 395.2 404 410.8 418.1 421.6 425.2 430.1 439.4 447 451.5 460
192.4 200.2 205.4 213.4 220.3 230 243.3 254.3 256.2 269 279.5 287.4 292.8 300.4 307.1 313.7 319.8 324.9 325.4 321.5 316.3 311.4 305.6 301.9 298.1 293.3 287.1 279.1 270.5 263.1 261.2 249.8 245.6 239.7 234.6 231.7 229.3 228.1 227.6 226.4 225.4 220.9 221.8 225.6 227.8 228.6 231.1 235.5 242 245.2 248 251.5 255.2 258.2 263.9 269.3 275.3 278.6 284.4 290.3 296.9 302.8 309.9 317.4 323.8 330.1 336.4 342.4 349 354.5 357.5 364.2 369.7 376.6 384.7 387.2
163.8 166.6 169.7 175.6 180 184.4 194.8 193.6 200.8 209.9 216.7 222 225.9 228 229.9 230.2 229.8 230.7 228.3 225.9 223.2 220.3 217.4 212.6 205.6 197.7 189 179.1 172.9 171.5 170 168.3 167.4 162.8 154.5 146.3 138.6 168.9 167.5 166.5 166.2 166.6 167.2 168 169 170.2 172.8 182 180.9 181.9 186.3 190.6 195.2 199.1 201.9 208.7 210.7 211.8 216.5 223.5 229.3 233.7 242.7 247.6 249.6 255.4 259.7 266.5 272 277.9 283.1 288.9 294.6 300.2 305.3 311.9
125.6 126 127.8 130.4 131.3 132.8 133.2 134.2 137.6 144.4 150 154.3 158.1 158.3 156 153.1 149.2 147.3 145.5 145.6 145.7 145.7 145.9 142.9 136.1 128.2 120.6 112.6 109.3 109.3 109.8 110.8 111.9 109.4 103.1 97.1 92.2 87.5 127.6 127.7 127.3 127.9 128.2 129.1 129.3 130.1 131 137.5 138.2 142.2 145 148.3 151.7 154 156.6 157.7 158 159.9 163.5 167.8 172 176.4 180.7 184.5 187.3 190.3 193.5 199.6 204.8 210.3 213.4 217.6 222.2 226.4 228.7 234.2
89.6 88.3 90 88.8 87.4 86.1 84.6 83.2 84.6 89.5 94.2 98.1 101.3 101.4 98.4 94.7 91.1 90.2 89.7 92 93.7 95 96.2 93.8 88.7 83.6 78.6 73.7 72.4 73.7 75.3 77.6 79.4 78.1 74.4 70.5 67 63.3 63.5 66.1 68.7 71.4 74.4 77.9 81.4 85.3 103.5 104.5 105.9 107 114.1 117.1 120.5 122.3 125 122.7 122.5 125.4 127.1 129.2 130.6 136.8 138.8 140.8 143.5 141.5 144.1 145.3 149.4 144.4 152.7 156.6 161.1 163.6 165.2 170.8
58.6 58.7 59.9 58.2 56.6 54.7 52.8 51.6 51.7 55.1 58 60.8 63.6 63.9 61.7 59.9 61 60.1 60 61.2 62.8 64.2 65.7 65.3 61.3 58.6 55.9 53.4 52.6 54.1 55.4 57 58.6 58.1 55.7 53.3 51 48.7 48.9 50.3 52.7 54.4 56.7 59.2 61.8 64.5 67.5 71 73.3 76.4 79.9 83.3 87 89.4 97.7 95 97 99 100.2 100.5 101.8 96.7 96.5 97.9 95.9 94 92 89.6 105.5 106.5 107.8 109.7 112.5 114.2 115.3 116.6
30.3 33.2 35.7 34.4 34.9 34.5 33.5 32.5 32.9 35.5 38.1 40.4 42.5 43.3 42.7 45.3 44.7 43.7 43.6 45 46.1 47.3 48.5 48.5 46.9 44.9 42.2 40.4 40 41.2 42.6 44.1 44.9 44.8 43.1 41.6 40.2 38.7 38.4 39.8 41.3 42.2 44 46.6 47.1 49.2 51.3 53.6 56 58.3 60.7 63.5 66.2 66.7 68.7 66.9 70.4 72.3 72.6 60.1 63.1 66 69.2 69.7 67.3 65 62.5 59.7 79.9 78.1 75.2 72.1 77.5 78.1 82.4 69.6
19 21.2 22.4 21.9 21.4 20.7 20.4 21.6 22.8 24.4 26.4 28.2 30.3 31.7 34.5 33.9 33.1 32.4 32.8 33.7 34.7 35.8 37.4 37.2 36 35 34.3 31.8 31.3 32.3 33 34 35 35.2 34.1 33.1 32.1 31.5 33.3 32.2 33.3 34.3 35.4 36.4 37.8 38 40 41.2 42.2 43.8 45.6 46.5 45 44.9 43.8 43.2 41.7 40.1 40.5 42.4 44.4 46.4 48.8 48.8 46.8 44.5 42.3 39.8 52.1 48.9 46.4 47 48.4 50.1 47.4 44.3
13.3 14.3 15 14.6 14.4 13.9 14.4 15.7 15.8 16.3 16.7 16.6 17.4 18.2 22.6 23.2 24.3 24.6 25 25.8 26.7 27.7 28.6 28.6 28.4 27.8 27.5 27.2 27.4 27.2 27.8 28.6 29.6 30.4 29 29.2 28.5 28.7 28.8 29.2 29.9 30.4 30.6 31.3 31.8 32.2 32.5 33.6 33.6 32.5 31.4 31.1 31.8 32.8 30.2 31.3 30.1 28.8 28.8 29.8 31.1 32.5 34.1 33.9 32.1 30.3 28.5 26.5 26.5 27.7 30.5 30.2 30 27.9 26.4 24.9
9.3 10 10.4 10.5 10.3 10.4 10.6 11 11.4 11.8 11.7 11.7 11.9 15.7 16.2 17.1 17.7 18.7 19.2 19.5 19.7 20.3 21.2 22 22.9 23.9 23.9 24.3 24.8 25 25.6 26.4 27.2 27.6 27.6 27.8 27.9 28.2 28.4 28.7 28.7 28.9 29 28.9 29 28.8 27.9 27.1 26.4 26 25.9 25.8 25.7 22.3 22.6 22.3 22 21.7 21.3 20.8 20.3 19.7 19.2 19 18.7 18.7 17.3 17.2 17.4 15.8 15.1 13.7 12.9 12.1 18.4 16.6
5.6 6 5.9 6.5 7 7 7.5 7.8 7.8 8.1 8.3 8.5 11.1 11.8 12.7 13.6 14.8 15.7 16.5 16.8 17.5 18.1 18.4 19.2 20.2 21.2 22 22.3 23.3 23.6 24.3 25.1 25.6 26.3 26.8 27.1 27.7 27.9 27.9 28.2 27.9 27.8 27.4 27.2 26.5 26 25.5 25 24.3 23.3 22.9 22.5 18.3 17.9 17.7 17.5 17.2 16.9 16.2 15.3 14.4 13.4 12.7 12.5 12.5 12.2 10.2 10.3 10.9 10.5 9.9 9.4 9 9.1 9.8 9.4
3.1 3.7 4 4.3 4.5 4.9 5.2 5.3 6 6.3 6.7 9.1 9.4 10.2 10.6 11.3 11.9 11.9 13 13.8 14.8 15.9 16.9 17.6 18.4 19 20.2 20.9 21.5 22.3 23.2 23.7 24.5 25.4 26 26.5 26.9 27.4 27.5 27.9 27.6 27.3 26.9 26.4 25.8 25.2 24.4 23.3 22.7 21.5 20.6 19.6 16.5 15.8 14.8 13.8 13.2 13.4 12.6 11.5 11.1 10.7 10.5 9.8 8.7 8.5 8 8.8 8.8 7.6 7.8 7.8 7.9 8.3 8.3 8.5
2 2.3 2.6 2.9 3 3.3 3.8 4.1 6.4 6.7 7.3 7.9 8.6 8.9 9.4 9.7 10.5 10.7 11.5 12 12.4 13.2 14.5 15.2 15.5 16.2 17 18.2 19 19.8 20.6 21.1 21.8 22.8 23.3 24.4 24.6 25.4 25.8 25.7 26.1 25.7 25.3 24.7 23.6 22.5 21.6 20.6 19.4 18.4 17.3 14.4 13.5 12.9 12.4 11.9 11.2 11 10.8 10.4 9.8 8.9 8.9 8.9 8.5 8.2 7.8 7.8 7.5 7.3 7.3 7.5 7.7 7.7 8.5 8.5
2.3 2.5 2.8 3.1 3.6 4.2 4.9 5.1 5.1 6 6.4 6.7 7.2 7.4 8.3 8.5 8.8 9.5 9.6 10 10.4 11 11.9 12.1 12.8 13.4 13.9 14.1 15 15.4 15.5 15.9 16.6 16.7 17.3 17.7 18.3 18.7 19.4 19.8 20.2 19.8 19 18 16.3 15.4 14.9 13.9 13.5 13 12 11.8 11.4 11 10.7 10.4 10.1 9.8 9.6 8.9 8.7 8.4 8.3 8.2 8 7.9 7.6 7.5 7.5 7.4 7.7 8.2 8.6 8.9 9 9.6
2.7 2.9 3.1 3.2 3.7 3.9 4.3 4.6 5 5.3 5.7 6.1 6.3 6.7 7.2 7.4 7.5 7.7 8.4 8.6 9.5 9.6 9.8 10 10.3 10.6 10.7 11 11.2 11.6 11.5 11.8 11.7 11.8 11.7 11.2 11.5 11.5 11.4 12 13.2 14.2 14.5 13.7 12.7 11.8 11.2 10.9 10.7 11.6 10.8 10.4 10.3 10 9.6 9.3 9.1 9 9 8.7 8.6 8.9 9 8.9 8.7 8.8 8.7 9 9.3 9.5 9.5 9.9 10.6 11.1 11.4 12.1
3.2 3.4 3.6 3.9 4.1 4.3 4.4 4.5 4.9 5.1 5.5 5.6 6.1 6.3 6.5 7 7.5 7.2 7.7 7.8 8.3 8.4 8.7 8.9 9 9.4 9.6 9.7 9.9 10.2 10.6 10.9 10.9 11.3 12 12.6 13.8 14.3 14.4 15.3 15.6 16 16.2 16.1 16.2 15.8 15.4 14.9 17.9 17.1 16.6 15.9 15 14.6 13.9 13.3 12.9 12.4 12 11.7 11.3 10.9 10.7 10.4 10.5 10.4 11.5 12.2 12 12.3 12.9 13 13.3 13.8 14 14.4
3.8 4 4.3 4.4 4.5 4.7 5 5.1 5.8 5.8 6 5.7 5.9 6.1 6.3 6.6 6.9 7.1 7.5 7.6 7.9 8.4 8.3 8.7 9 9.4 9.8 10.3 10.9 11.4 12.1 12.8 13.2 14.2 13.9 15.3 15.9 16.4 16.8 17.2 17.5 17.5 16.9 16.8 16.6 16.3 16 19.9 19.5 19.1 18.7 18.2 17.7 17.2 16.6 16.2 15.8 17.2 16.8 16.2 15.8 16.5 16.3 16.5 16.5 16.5 16.6 16.3 16.7 16.8 16.8 16.7 17.2 17.3 18.1 18.2
4.8 4.9 5.1 4.8 4.9 5.2 5.4 5.6 5.8 6.2 6.4 6.2 6.5 6.7 7.2 7.2 7.6 7.6 8.1 8.3 8.8 8.9 9.6 10.2 10.7 11.2 11.7 12 13.2 12.9 13.4 13.9 14.3 14.7 15.2 15.5 15.7 15.9 16.2 16.5 16.7 16.8 16.9 16.8 18.2 22.2 22.1 22 21.8 21.6 21.4 21.1 20.7 20.6 20.3 20 19.2 18.6 18.4 18.2 18.1 18.1 18 17.7 17.9 17.7 17.6 17.5 17.5 18.3 18.4 18 18.2 18.5 19.1 19.7
4.9 5.1 5.4 5.6 5.9 6 6 6.3 6.4 6.6 6.8 7.1 7.3 8 8.3 8 8.4 8.5 8.9 9.4 9.2 9.4 9.8 10.1 11.2 11.4 11.8 12 12.4 12.7 13 13.4 13.6 16.3 16.5 17 17.3 17.3 17.6 17.3 16.1 16 16.3 16.3 20.5 20.4 20.5 20.3 20.4 20.3 20.1 19.8 19.5 19.3 19.1 18.9 18.6 18.5 18.3 18.3 18.3 18.1 17.9 17.9 18.1 17.9 17.8 17.6 17.8 17.7 17.6 18.9 18.4 18.9 19.2 19.6
5.1 5.3 5.5 5.8 5.9 6.2 6.9 7.2 7.4 7.7 7.1 7.3 8.3 8.5 8.7 9.2 10 10.2 10.6 10.8 10.6 10.8 11.3 11.5 11.8 12 12.6 12.9 13.2 13.3 13.6 14.2 14.5 14.7 14.9 13.9 14.1 14.2 14.4 14.4 14.6 14.6 18.5 18.8 19 19 18.8 18.9 18.9 18.9 18.9 18.8 18.7 18.5 18.4 18.1 18.3 18.4 18.2 19.2 19 19.2 19 19.2 19.2 18.9 18.9 19.2 19.4 17 17.1 17.4 17.4 17.9 18.8 19.8
5.5 5.7 5.8 6 6.1 6.2 6.4 6.8 7 7.2 7.4 8 8.4 8.6 8.9 9.1 9.4 10.2 10.3 10.5 10.6 10.9 11.3 11.6 11.9 12.2 11.6 11.2 11.6 11.9 12 12.2 12.4 12.5 12.6 12.8 12.9 12.9 12.9 13.6 13.5 13.7 13.8 14 14.1 14 14 17.4 17.5 17.5 17.3 17.4 17.5 17.4 17.5 17.4 17.3 17.3 17.3 17.4 17.2 17.3 17.1 17 17 16.7 17.1 17 16.8 17 16.9 16.7 17 17.1 17.5 18.2
5.5 5.6 5.8 6 6.1 6.2 6.3 6.6 7.3 7.5 7.7 7.8 7.9 8.4 8.5 8.6 8.8 9 9.2 9.6 9.7 9.9 10.1 10.1 10.3 10.5 10.7 10.8 10.9 11.1 11.3 11.4 11.3 11.4 11.4 11.2 11.5 11.9 12 12.2 12.3 12.7 12.7 12.7 12.8 12.9 13 12.8 12.9 13.2 13.2 13.3 13.1 13.3 13.3 13.3 16.2 16 16.1 16.1 16 15.8 16 15.8 16 16 16 16.1 16.1 16.1 16.4 16.3 16.5 16.7 17 17.2
5.3 5.4 5.5 5.7 5.7 5.9 6 6.2 6.4 6.6 6.8 7 7.1 7.2 7.9 8 8.1 8.4 8.4 8.5 8.8 9.1 9.1 9.5 9.5 9.8 10 10.1 10.3 10.5 10.3 10.4 10.7 10.9 11.1 11.3 11.4 11.4 11.7 11.7 11.9 11.9 11.8 12 12.1 12.1 12.3 12.1 12.2 12.3 12.3 12.3 12.4 12.5 12.6 12.5 12.8 12.8 12.9 12.9 12.7 13 13 13.3 13.3 13.2 13 12.7 15.2 15.1 15.4 15.7 15.7 16 16.2 16.5
3.8 3.8 3.9 4.2 4.4 5.6 5.6 5.7 5.8 5.9 6.2 6.2 6.5 7.1 7.2 7.2 7.3 7.4 7.5 7.5 7.5 8.2 8.5 8.6 8.9 8.6 8.9 9 9.3 9.3 9.3 9.6 9.7 9.8 10 10 10.1 10.1 10.3 10.3 10.5 10.7 10.9 10.9 10.9 10.9 10.9 11.1 11.2 11.2 11.2 11.3 11.4 11.4 11.4 11.6 11.6 11.4 11.7 11.7 11.8 11.9 12 12 12.1 12 12.3 12.3 12.7 12.7 12.9 13.2 13.3 13.6 13.9 14.1
3.4 3.5 3.6 3.7 3.9 4 4.1 4.2 4.2 4.2 4.3 4.7 5.9 5.9 6.2 6.2 6.4 6.4 6.3 6.5 6.5 6.8 6.9 7 7.1 7.1 7.3 7.5 7.5 7.5 7.8 8.5 8.6 8.6 8.5 8.7 9 8.8 8.9 8.9 9 8.9 9.2 9.4 9.4 9.4 9.5 9.7 9.7 9.6 9.7 9.6 10 10 10 10.2 10.3 10.2 10.2 10.5 10.6 10.6 10.6 10.8 10.9 11 11.2 11.4 11.3 11.7 11.9 11.9 12.2 12.6 12.7 13
3.2 3.1 3.1 3.1 3.3 3.4 3.7 3.8 3.9 3.9 4 3.9 4 4 4.3 4.3 4.6 4.6 4.6 4.7 4.7 5.8 6 6 6.1 6.1 6.1 6.1 6.3 6.5 6.6 7.1 7 7 7.3 6.7 6.7 6.7 6.9 6.9 7 7.1 7.8 7.7 7.9 7.9 7.6 7.6 7.9 8 8.1 8.1 8.1 8.6 8.6 8.6 8.5 8.6 8.8 8.9 8.9 9 9.5 9.4 9.6 9.7 10.1 10.3 10.5 10.7 10.8 10.9 11.1 11.5 11.6 12.1
2.6 2.7 2.7 2.7 2.8 2.9 2.9 3.1 3.1 3.4 3.4 3.4 3.4 3.4 3.6 3.7 3.7 3.7 3.8 3.7 3.7 3.9 4 4 4 4.2 4.3 4.3 4.4 4.4 4.4 4.4 5.5 5.7 5.7 5.7 5.7 5.8 5.8 5.8 5.7 5.6 5.7 5.8 5.8 5.9 5.8 5.8 5.8 5.9 5.9 5.9 6 7 7.2 7.2 6.9 7 5.8 6.4 6.5 6.7 6.6 6.7 7 7.2 7.3 7.7 7.9 8 8.4 8.4 8.9 9.2 9.3 9.7
2 2 2.1 2.2 2.5 2.3 2.3 2.3 2.3 2.4 2.4 2.5 2.7 2.8 3.2 3.2 3.2 3.2 3.2 3.3 3.4 3.6 3.7 3.7 3.7 3.7 3.7 3.7 3.7 3.7 3.6 3.7 3.6 3.7 3.8 3.8 3.9 4.1 4.1 4.1 4.1 4 4 4 4 4.1 4.1 4.1 4.9 5.1 5.1 4.9 4.7 4.9 4.9 5.1 5.1 5.2 5.1 5.4 5.5 5.6 5.4 5.6 5.8 5.8 5.8 6 6 6.3 6.3 6.6 6.6 6.8 6.9 7.2
1.7 1.7 1.7 1.8 1.8 1.8 1.7 1.8 1.8 1.8 1.8 2 2 2 2.2 2.4 2.4 2.5 2.8 2.7 2.7 2.8 2.9 2.9 2.9 2.9 2.9 3 3.2 3.2 3.2 3.2 3.1 3.1 3.2 3.2 3.2 3.1 3 3.1 3.2 3.2 3.5 3.6 3.6 3.6 3.6 3.5 3.5 3.6 3.8 3.8 3.8 3.7 3.7 3.8 3.9 3.9 4.1 4.1 4.2 4.4 4.3 4.3 4.3 4.7 4.8 4.9 4.8 4.8 5.2 5.2 5.1 5.4 5.4 6.2
1 1.1 1.1 1.1 1.2 1.2 1.2 1.2 1.3 1.3 1.4 1.4 1.4 1.4 1.5 1.4 1.4 1.5 1.5 1.6 1.7 1.8 1.8 1.9 1.9 2 2.2 2.2 2.1 2.3 2.3 2.3 2.4 2.5 2.7 2.7 2.7 2.8 2.9 2.9 2.9 2.8 2.8 2.8 2.8 2.8 2.9 2.9 3.2 3.1 3.2 3.2 3.4 3.4 3.4 3.4 3.4 3.3 3.4 3.5 3.6 3.6 3.7 3.7 3.7 3.7 3.9 4.1 4.1 4.1 4.3 4.4 4.4 4.6 4.8 4.9
