datasets/global_precipitation_1950_2017/rasters/precip_1980-total.asc
NCOLS 720 
NROWS 347 
XLLCORNER -180 
YLLCORNER -90 
CELLSIZE 0.5 
NODATA_value -9999 
[rows 68 to 101 of 347, columns 380 to 455 of 720]
796.5 680.8 816.2 766.1 702.7 842.9 1105.4 802.7 596.3 612 569.4 534.8 469.5 431 548.5 667.3 789.3 733.1 932.7 1155.9 987.2 804.5 767.6 863.5 1001.2 1003.9 1011.7 1014.2 991.2 971.7 905.8 851 823.9 805.1 779.8 779.9 808.3 855.1 765.8 760.9 783.6 660.5 648.1 699.4 711.8 737.9 762.4 721.8 688.1 584 528.4 546 593.4 632.5 758.6 645.9 649.7 643 637 612 571.6 591.8 580.1 549.8 519.9 470.9 434.7 429.8 402 391 384.8 346.2 292.9 271.3 277 284.8
731.4 699.3 738.7 746.5 723.3 711.6 1118 1055.5 656.7 641.5 604.2 446.6 482.8 513.7 580.4 639.5 644.3 686.4 834.7 824.5 778 732.5 756 798.1 1159.3 1241.9 1790.5 1370.5 1208.6 1054.2 913 834.4 759.1 694.8 709.4 693.3 722.5 734.1 731 687.8 554 731.3 674.6 632.6 671.4 748.1 751 701.2 655.2 609.5 394.7 561.6 592.2 621.7 613.4 590.5 629.4 656.4 687.4 661.4 628.5 625.6 587.4 549 519.5 487.3 450.3 401.6 348.5 363.6 369.4 322.3 275 257.8 253.5 256.2
866.5 876.6 948.6 1028.1 918.6 898.4 1003.7 906.1 831.2 827.4 615.3 595.3 645.9 572.1 546.4 581.5 591.9 673.2 687 676.3 707.5 673.1 697.7 801 822.6 733.2 1107.3 1498.1 1287.2 1311.4 924.1 797.1 656.7 508.8 661.5 690.3 691.3 707.6 704.9 711.5 656.6 606.7 642.9 647.3 657.5 721.1 700.3 637.6 622.2 605.4 578.7 564 559.2 625.5 611.5 601.4 597.1 632.1 712.4 710.2 623.2 619.7 573.8 535.7 520.6 499.6 487.6 428.2 394.3 380.4 352.6 304.3 266.8 216.6 203.5 209.6
1682.7 1232.4 1261.9 1393.5 1458.2 2279 1546.6 1501 1311.1 1404.8 1206.6 991.3 614.3 562.8 577.7 566.5 632 626.7 612.3 634.9 644.7 666 692.1 781.2 780 870.2 956 953 922.1 844.8 797.4 659.4 572.7 636.2 493.4 665.8 680.9 688.3 655.1 585.5 621.8 621.1 644.9 635.1 627.5 654.8 668.7 629.2 563.7 530.7 538.4 558.7 601.2 585.5 577.2 548.2 585 640.1 706.9 703.5 720.6 612.3 541.5 524.8 518 482.8 441.9 424.3 392.1 375.8 344 304.2 275.2 232.7 201.1 186.7
1649.5 800.8 945.5 956.2 1178.7 1281.6 1401.5 1011 809.5 910.6 1261.9 858.1 733.1 694.2 685.5 709.9 618.8 581.8 574.8 564.6 588.7 625.1 718.2 748.1 702.9 857.5 726 752.6 845.7 802 667.3 809.5 661.6 513.5 661.8 792.3 789.1 722.8 739.5 608 607 599.2 581.7 564.3 560 564.3 536 527.1 470.3 460.9 465.7 512.9 584.6 545.9 567.4 581.4 600.4 653 681.2 677.3 654.2 620.3 579 547.3 496.1 471.2 438.1 399.8 385.5 359.1 322.1 284.6 251.2 213.8 183.8 163.5
501.6 488.1 614.1 577.1 585.3 1023.9 1427.5 1082.9 947.3 889.5 1036.3 918.6 778.1 727 581.4 629.2 616.5 611.3 564.4 523.3 546.4 601.1 647.6 661.2 665.7 694 687.2 744.8 601 889.3 677.6 692.9 717.6 619.1 424.1 593.1 598.6 666.8 695.8 766 648.2 585.6 523.4 518.2 532 549.8 555.5 482.7 410.7 420.1 390.8 526.1 506.3 -9999 -9999 -9999 -9999 592.2 645.6 695.9 681.8 661.4 649.3 588.2 549.6 486 435 402.9 369.3 315.1 267.9 249.3 224.3 190.4 175.9 160.7
722.1 850.7 657.5 1012.6 1065.3 1613.3 2643.7 2368.3 1681.3 1616 1245.9 1154.5 1022.6 939.7 788.5 723.2 701.8 642 592.3 574.1 475.4 560.5 646.3 478.5 563.3 686.3 660.2 686 662.6 861.7 676.9 645 567 485 531.9 601.6 646.2 711.5 627.6 566.6 554.5 -9999 -9999 -9999 375.2 398.8 388.6 406 440.3 491.2 -9999 -9999 -9999 -9999 -9999 -9999 -9999 653.9 682.3 718.3 698.5 624.4 590.3 595.6 570.4 507.8 453.2 412.2 323.6 269.4 196.2 238.6 214.4 190.4 188.5 214.8
1265.2 1110.7 1735 1000.2 843.1 964.1 -9999 1421.1 1876.6 1790.2 1235.1 1065.1 1028.5 956.9 862.6 849.9 799.7 661.7 584.9 597.7 577 623 645.3 659.8 661.7 786.1 777.5 922.6 772.4 796.3 828.7 723.1 538.9 552.9 551.2 533 569.5 578.9 527 459.7 -9999 -9999 -9999 -9999 -9999 -9999 401.3 386.8 422.8 431.9 -9999 -9999 -9999 -9999 -9999 -9999 649 625.1 657.2 737.8 750 690.1 618.5 576.8 550.6 505.9 474.8 433.9 373.6 301.2 237.4 224.7 204.7 196.1 206 181.8
896.6 778.4 788 745.4 -9999 -9999 -9999 1123.9 1532.2 2084.7 1612.4 1356.4 1232.3 1135.4 1026.5 965.4 888 680.5 722.7 604.8 631.7 670.9 662.6 1077.3 1044.9 774.5 732 637.6 439.8 712.2 747.3 799 550 616 576.7 465 520 588.3 497.9 -9999 -9999 -9999 -9999 -9999 -9999 -9999 458.2 523.6 549.1 516.2 528.7 508 461.3 -9999 533.5 612.7 662.5 711.9 750.3 739.4 711 686.7 626 585.1 542.1 511.6 458.1 419.3 375.9 342.5 311.7 283.6 239.4 207.7 182 164.9
748.4 800.1 683.6 730.4 -9999 -9999 -9999 -9999 -9999 -9999 1841.3 1456.2 1438.8 1333.7 1274.2 1064.7 1002.1 932 892.5 771.3 751.5 820.5 760.9 646.3 877.6 735.5 672.3 525.8 596 766.1 801.8 683 664 496.9 616.3 436.3 366.8 451.6 -9999 -9999 -9999 -9999 -9999 -9999 -9999 -9999 -9999 560.9 883 -9999 -9999 -9999 -9999 -9999 -9999 683.8 750.1 893.6 946.4 969.2 845.8 754.7 694.7 593.1 566.2 538.4 478.1 397.2 326 331.7 327.8 316.3 320.2 292.5 219.8 192.9
1837.9 929.6 1107.8 977.6 720.4 -9999 -9999 -9999 -9999 -9999 1098.4 1373.5 1420.1 1365 1020 965.1 1066.3 1227.7 998.5 920.3 870.4 845.8 812.4 780.1 761 587 507.2 723.5 680.8 574.8 562.4 619.6 628 546.8 511.5 420.4 340.2 -9999 -9999 -9999 -9999 -9999 -9999 -9999 -9999 -9999 -9999 -9999 -9999 -9999 -9999 -9999 -9999 -9999 -9999 -9999 -9999 -9999 1910.5 1367 1103.9 924.6 793.3 695.3 602.9 544.8 521.3 517.7 410.7 362.7 337 295.1 349.5 360.1 266.6 228.8
-9999 1069.9 1085.8 1561.1 1236.6 1099.9 -9999 -9999 -9999 -9999 -9999 -9999 1157.1 1425.5 1385.2 1775 982.6 978 979.3 974.6 925.2 906 822.3 771.7 740.3 637.2 624 486.1 562.5 650.5 525.3 644.6 684.1 679.4 613.7 480.1 483.4 -9999 -9999 -9999 -9999 -9999 -9999 -9999 -9999 -9999 -9999 -9999 -9999 -9999 -9999 -9999 -9999 -9999 -9999 -9999 -9999 -9999 -9999 1637.1 1852.7 1762.3 1162.9 913.2 783.8 609.3 618.3 540.9 497.7 454.7 423.9 401.1 390.5 341.2 361.6 359.9
-9999 1177.5 1046.8 960.7 914.8 1071.6 1040.4 991.9 -9999 -9999 -9999 -9999 -9999 -9999 1299.3 1605.3 1782.6 1412.3 1113.3 949 868 1023.8 773.1 727.4 743.1 785.4 955 857.6 624.4 626.3 640.9 676.9 760 680.7 623.2 425.3 -9999 -9999 -9999 -9999 -9999 -9999 -9999 -9999 -9999 -9999 -9999 -9999 -9999 -9999 -9999 -9999 -9999 -9999 -9999 -9999 -9999 -9999 -9999 -9999 -9999 1843.6 1726.6 1758.5 1204.1 865.1 949.2 755.8 804.9 805.4 489 409.1 450.3 409.3 413.2 405.4
-9999 -9999 1010.7 1061.1 856 828.2 984.6 1053.8 -9999 -9999 -9999 -9999 -9999 -9999 -9999 -9999 2117.1 1988.4 2136.1 1560.2 973.5 744.5 754.6 837.3 699.6 658.1 775.2 689.1 769.6 1089.6 979.6 780.7 783.5 745.1 641.3 658.2 -9999 -9999 -9999 -9999 -9999 -9999 -9999 -9999 -9999 -9999 -9999 -9999 -9999 -9999 -9999 -9999 -9999 -9999 -9999 -9999 -9999 -9999 -9999 -9999 -9999 -9999 -9999 2075.5 1816.8 1340.5 1269.3 937.7 822.3 845.5 757.8 535.6 464.6 539.8 463.9 327.1
-9999 -9999 -9999 899.7 926.9 936 910 1031.3 1062.1 -9999 -9999 -9999 -9999 -9999 -9999 -9999 -9999 -9999 1981.4 2776.5 1441.2 613.1 656.4 600.8 629.4 512.2 671.3 636.4 492.9 550.4 553.5 585.4 633.7 633 677.3 668.4 -9999 -9999 -9999 -9999 -9999 -9999 -9999 -9999 -9999 -9999 -9999 -9999 -9999 -9999 -9999 -9999 -9999 -9999 -9999 -9999 -9999 -9999 -9999 -9999 -9999 -9999 -9999 2056.1 1770.4 1345.6 1126.4 773.5 797.7 784.6 702 688 998.3 687 403.7 233.4
-9999 -9999 -9999 -9999 769.8 1067.1 1291.6 1398.7 1126.4 892.9 655.2 578.1 -9999 -9999 -9999 -9999 -9999 -9999 -9999 1525.7 1345.7 910.9 711.5 502.9 551.1 633.9 636.8 624.2 654.2 795.7 624.3 607.5 453.1 637.1 666.5 672.7 -9999 -9999 -9999 -9999 -9999 -9999 -9999 -9999 -9999 992.8 865.1 877.8 898.1 693.9 -9999 -9999 -9999 -9999 -9999 -9999 -9999 -9999 -9999 -9999 -9999 -9999 -9999 2475.4 1908.9 573.5 809.9 755.2 583.6 353.6 635.6 671.1 764.3 899.2 693.1 419.7
-9999 -9999 -9999 -9999 -9999 -9999 -9999 1352 1419.2 1031.2 852.6 708.8 648.9 -9999 -9999 -9999 -9999 -9999 -9999 1366 1520.2 722.3 755.4 677.3 699.3 759.7 701.9 654.6 692.4 755.1 734.3 710.5 667.5 798 654.3 717.5 748.8 941.5 -9999 -9999 -9999 -9999 -9999 834.2 1632.5 568.5 606.2 499.6 525.7 519.7 514.6 616 663.7 928.4 -9999 -9999 -9999 -9999 -9999 -9999 -9999 -9999 1864.2 896.2 859.4 445.9 464.8 484 524.6 399.2 375 433 480.7 443.6 724.2 572.3
-9999 -9999 -9999 -9999 -9999 -9999 -9999 -9999 -9999 1639.2 1316.8 827 690 692.4 672.2 -9999 -9999 -9999 -9999 1020 1013.7 573.2 719.2 800.5 1012.9 649.3 576 -9999 -9999 630.2 -9999 -9999 700.7 745.8 762.2 -9999 -9999 -9999 -9999 -9999 893.3 865.2 952.5 609.8 766 664.4 510.2 448 475 492.8 465.2 480.9 513.5 506.7 734.2 828.3 1005.7 916.6 770.1 760.5 1252.1 1371.9 863 400.4 337.2 360.7 334 335 390.9 493.1 512.5 548.3 310.3 353 395.5 439.5
-9999 -9999 -9999 -9999 -9999 -9999 -9999 -9999 -9999 -9999 1150 1165.3 1129 -9999 -9999 -9999 745.2 -9999 -9999 1241.4 1313.7 941.8 746.6 566.8 640.7 -9999 -9999 -9999 547.5 -9999 -9999 -9999 -9999 843.2 875.3 772.3 743.8 824.5 937.2 572.8 584.7 623.9 637.4 559.4 539.5 585.3 460 421.6 510.6 552 506.7 454.5 431.3 442.9 499.9 570.5 615.9 591.5 436.8 425.5 400.5 415.6 360.6 350.1 349 453.3 308.9 206.4 308 433.7 432.7 291.6 568.4 434 339.6 273.3
-9999 -9999 -9999 -9999 -9999 -9999 -9999 -9999 -9999 -9999 -9999 -9999 966.6 -9999 -9999 -9999 -9999 -9999 -9999 1229 1239.3 1008 1354 951.4 523.9 480.6 -9999 -9999 -9999 -9999 -9999 -9999 688.1 787.7 789.9 763.9 758.2 759 791.8 575 465.5 391.4 397.8 382 376.6 415.6 387.4 425 540.5 685.8 585.1 459.1 415.4 417 469.1 495.8 517.6 550.9 420.3 472.2 485.2 458.8 393.3 437.1 414.3 417.6 370.6 191.4 171.1 219 249.6 578.4 538.9 660.9 443.3 334.2
-9999 -9999 -9999 -9999 -9999 -9999 -9999 -9999 -9999 -9999 -9999 -9999 1237.6 1324.8 -9999 -9999 -9999 -9999 -9999 -9999 -9999 1043.5 1085.7 938 685.4 612.5 692 -9999 -9999 -9999 -9999 -9999 678.2 641.7 702.3 677.8 705.4 870.6 639.7 638.6 606.4 440.7 390.2 378.4 370.2 368.6 381.6 454.1 454.6 462 454.7 425.1 408.5 402.8 393.7 445.9 569.1 639.9 733.4 759.5 947.4 811.7 618.1 575.3 523.9 423 349.6 346.5 215.9 200.8 250 409.7 545.9 419.7 388.2 416
-9999 -9999 -9999 -9999 -9999 -9999 -9999 -9999 -9999 -9999 -9999 -9999 1223.1 -9999 -9999 -9999 -9999 -9999 -9999 -9999 -9999 -9999 1069.9 1142.5 866.3 758.5 -9999 -9999 -9999 -9999 -9999 -9999 -9999 -9999 702.2 598.4 625.1 757.9 624.9 573.9 450.8 465.7 419.5 424.9 367.9 372.5 385.6 399.3 399.2 386.9 395.8 419.6 532.1 488.2 455.7 454.7 510.5 404.1 443.6 545.2 710.4 736.2 596.4 600.5 617.5 480 361.9 355.5 307.1 269.5 244.7 255 264.9 288.8 321.9 555.1
-9999 -9999 -9999 -9999 -9999 -9999 -9999 -9999 -9999 -9999 570.2 999.8 1120.1 -9999 -9999 -9999 -9999 -9999 -9999 -9999 -9999 -9999 -9999 812.2 -9999 -9999 562.5 522.6 591.6 -9999 -9999 -9999 -9999 662.5 768.5 751.9 673.7 595.4 590.8 548.1 526 502.8 558.8 417.1 387.8 382.6 364.5 371.3 357.5 375.6 411.8 467.5 601.3 594.7 411.8 493.3 501.1 428.9 522.7 788.1 613.9 525.3 563.2 694.9 789.9 610.1 396.3 390.5 368.6 333 255.5 263.2 204.9 240.5 313.7 488.3
-9999 -9999 -9999 -9999 -9999 589 653.9 592.5 616.4 630.5 -9999 -9999 -9999 -9999 -9999 -9999 -9999 -9999 -9999 -9999 -9999 913.4 -9999 900.4 1022.6 710.2 -9999 -9999 -9999 -9999 -9999 -9999 -9999 652.3 -9999 706 653.5 594.7 612.4 504.9 426.6 470.1 489.2 530.1 429.5 339.6 330.8 312.8 346.3 434.6 674.8 841.1 811.1 751.5 667.7 703.6 867.7 668.4 599.7 581.8 544 505.2 478.5 582.8 653.2 695.5 650.5 657.9 553.8 356.3 276.4 303.2 282 276.5 307.3 436
-9999 -9999 -9999 -9999 -9999 -9999 -9999 433.9 270.2 504.9 487.2 -9999 -9999 -9999 -9999 -9999 -9999 -9999 -9999 -9999 -9999 -9999 -9999 912 966.2 842.9 -9999 -9999 -9999 -9999 -9999 -9999 -9999 -9999 -9999 787 917.3 940.9 648.3 403.9 401.3 658 795.2 778.4 629.3 458.9 376.3 365 442.5 700.8 936.1 776.4 905.3 938.5 667.8 564.8 554.9 487.6 501 560.1 572.1 631.4 561.9 597.7 703.5 799.6 820.2 814.4 693.7 520 385.5 306.4 283 319.6 394.5 484.4
351.6 215.1 -9999 -9999 -9999 -9999 -9999 -9999 -9999 487.7 -9999 -9999 -9999 -9999 -9999 -9999 -9999 -9999 -9999 -9999 -9999 -9999 -9999 -9999 -9999 -9999 -9999 -9999 -9999 -9999 -9999 -9999 -9999 -9999 -9999 -9999 844.5 957.7 875.8 485 627.3 -9999 -9999 1095.9 985.7 686.2 476.3 534.5 639.8 -9999 728 -9999 942.7 712.3 511.1 382.4 369.1 356.8 364.1 477.4 546.2 522.8 481 537.7 493.7 1138.9 743.8 932.4 700.3 701 487.3 242.7 262 310.4 466.6 535.7
328.7 -9999 -9999 -9999 -9999 -9999 -9999 -9999 -9999 -9999 -9999 -9999 -9999 -9999 -9999 -9999 -9999 -9999 -9999 -9999 -9999 -9999 -9999 -9999 -9999 -9999 -9999 -9999 -9999 -9999 -9999 -9999 -9999 -9999 -9999 -9999 -9999 -9999 -9999 839.4 -9999 -9999 -9999 -9999 -9999 1000.2 748.9 607.7 -9999 -9999 -9999 -9999 1050.8 498.6 310 307.3 294 241.8 237.7 329 367.7 372.8 453.7 532.3 496 504.3 424.9 554.3 738.8 725.1 663.5 525.5 303.5 405.4 536.9 621.7
227.3 152.1 -9999 -9999 -9999 -9999 -9999 -9999 -9999 -9999 -9999 -9999 -9999 -9999 -9999 -9999 -9999 -9999 -9999 -9999 -9999 -9999 -9999 -9999 -9999 -9999 -9999 -9999 -9999 -9999 -9999 -9999 -9999 -9999 -9999 -9999 -9999 -9999 -9999 -9999 -9999 -9999 -9999 -9999 -9999 -9999 -9999 -9999 -9999 -9999 -9999 -9999 705 393.5 243.9 232.9 228.8 150.7 147.5 210.3 239.7 271.8 363.7 460.1 481.1 465 428.8 392.5 359.4 491.8 661 828.6 774.7 509.8 519.8 635.3
165 169.9 -9999 -9999 -9999 -9999 -9999 -9999 -9999 -9999 -9999 -9999 -9999 -9999 -9999 -9999 -9999 -9999 -9999 -9999 -9999 -9999 -9999 -9999 -9999 -9999 -9999 660.2 796.8 846.4 534.2 -9999 503 -9999 -9999 -9999 -9999 -9999 -9999 -9999 -9999 -9999 -9999 -9999 -9999 -9999 306 262.8 -9999 -9999 -9999 -9999 691.1 227.6 251.5 222.5 160.8 141.7 149.8 177.9 143.9 158.6 205.3 260.6 287.3 301.9 290.3 285.5 270.4 353.7 544.7 694.2 647.7 368.9 351.1 464.2
140.5 208.2 189.3 -9999 -9999 -9999 -9999 -9999 -9999 -9999 -9999 -9999 -9999 -9999 -9999 -9999 -9999 -9999 -9999 -9999 -9999 -9999 -9999 -9999 -9999 -9999 -9999 -9999 -9999 -9999 -9999 -9999 -9999 -9999 -9999 -9999 -9999 -9999 -9999 -9999 -9999 -9999 -9999 -9999 -9999 478.4 376.6 -9999 -9999 -9999 -9999 -9999 823.7 455 231.1 150.1 152 128.8 132.7 144.9 151.8 161.2 178.8 179.5 192 212.5 222.9 222.9 246.3 251.1 334.3 434 442.9 361.8 343.1 396
-9999 -9999 -9999 -9999 -9999 -9999 -9999 -9999 -9999 -9999 -9999 -9999 -9999 -9999 -9999 -9999 -9999 -9999 -9999 -9999 -9999 -9999 -9999 -9999 -9999 -9999 -9999 -9999 -9999 -9999 -9999 -9999 -9999 -9999 -9999 -9999 -9999 -9999 -9999 -9999 -9999 -9999 -9999 -9999 -9999 -9999 -9999 -9999 -9999 -9999 -9999 1241.4 826 186.4 189.4 130.4 95.7 102 114.9 130.7 140.8 160.7 194.6 166.2 163.9 166.1 168.4 168.8 184.8 220.5 237.2 308.4 336.7 349.6 302.1 372.7
194.7 149.4 -9999 -9999 -9999 -9999 -9999 -9999 -9999 -9999 -9999 -9999 -9999 -9999 -9999 -9999 -9999 -9999 -9999 -9999 -9999 -9999 -9999 -9999 -9999 -9999 -9999 -9999 -9999 -9999 -9999 -9999 -9999 -9999 -9999 -9999 -9999 -9999 -9999 -9999 -9999 -9999 -9999 -9999 -9999 -9999 -9999 -9999 -9999 -9999 -9999 1241.1 539.8 190.4 168 133.8 89 86.7 98.9 109.7 121.2 133.3 140.7 142.5 139 129.5 131.5 147.2 165.1 190.6 240 267.4 307.2 338.1 349.9 399.8
166.1 96.5 -9999 -9999 -9999 -9999 -9999 -9999 -9999 -9999 -9999 -9999 -9999 -9999 -9999 -9999 -9999 -9999 -9999 -9999 -9999 -9999 -9999 -9999 -9999 -9999 -9999 -9999 -9999 -9999 -9999 -9999 -9999 -9999 -9999 -9999 -9999 -9999 -9999 -9999 -9999 -9999 -9999 -9999 -9999 -9999 -9999 -9999 -9999 -9999 662.1 673.1 236.2 169.2 197.4 75 18.8 40.3 82.7 98.4 102.9 105.8 113.6 115.2 111 110.3 114 130.8 131.3 148.1 179 207.1 214.3 273.5 367.3 396.8
102.8 106.9 144.4 148.8 203.1 326 439.1 416.5 -9999 -9999 -9999 -9999 -9999 -9999 -9999 -9999 -9999 -9999 -9999 -9999 -9999 -9999 282.8 369.3 219.5 -9999 -9999 -9999 -9999 -9999 -9999 -9999 -9999 -9999 -9999 -9999 -9999 -9999 -9999 -9999 -9999 -9999 -9999 -9999 -9999 -9999 -9999 -9999 -9999 -9999 398.3 441.9 312.3 324.2 241.5 68.1 19.7 45.5 88.1 103.4 98.5 96.9 91.1 78.2 67.3 79.8 90.2 80.8 102.1 106.6 116.6 122.8 130.7 148.1 247.5 322.2
