datasets/global_precipitation_1950_2017/rasters/precip_2007-total.asc
NCOLS 720 
NROWS 347 
XLLCORNER -180 
YLLCORNER -90 
CELLSIZE 0.5 
NODATA_value -9999 
[rows 34 to 67 of 347, columns 532 to 607 of 720]
591.9 612.2 628.6 647 655.1 650.3 637.1 620.7 606.9 597 591.4 584.1 577.6 574.2 569.9 564.6 559.7 549.3 537.3 520.3 501.7 479.8 458.5 439.8 426.2 415.7 408.7 402 395.9 391.7 388 384.8 382.3 379.3 376.1 370.8 367.7 360.8 356.6 349.7 344.3 338.9 333.1 329.5 327.7 324.8 322.7 321.6 320.2 320 320.5 321.3 321.7 321.4 320.2 319.2 314 321.9 325.6 330.4 336.3 343.5 351.1 361.2 372.5 384.9 398.1 414.3 430.7 446.8 463 477.8 489.3 499.9 504.9 507.6
633.7 673 712 755.7 734.8 691.3 638.4 587.7 562.2 567.2 574.8 575.7 569.6 565 557.4 549.4 539.4 525.2 507.6 489.5 469.3 447.9 431 416.2 405.4 397.2 393.9 392.4 394 394.9 395.5 395.7 394.2 394.9 392 389.8 386.4 381 374.5 365.7 357.6 351.5 344.7 339.4 336 332.7 330.9 330.4 329.9 327.7 324.6 323.9 322.5 320.9 320.8 319.7 319.8 321.4 323.6 327.2 330.1 334.6 341 349.8 360.5 371.9 385.6 402.6 419.8 435.7 448.1 459.7 469.1 478.4 483.9 486.3
671.5 703.2 722.4 732.6 728.2 704.7 665.2 623.6 596.9 584.1 578.4 568.6 558.2 547.6 537.5 528.4 518.7 501.9 488.3 470.1 451.2 432.2 413.6 393.5 378.4 369.4 373.6 383.3 392.6 398.4 401.5 403.2 405 405 403.3 401.4 400.2 397.8 393 386.1 379.3 374.3 368.1 363.8 359 355.4 353.6 351 347.2 343.9 339.8 337.2 333.8 331.2 328.4 325.8 325.4 324 324.5 324 325.4 326.6 329.6 336.4 343 352.2 363.1 376.8 391.7 408.9 422.6 435.8 446.7 455.3 463.4 466.4
689 708.6 721.8 726.6 719.4 703.5 680.9 654.2 626.6 602 580.1 557.7 537.7 524 513 505.4 496.7 484.2 473.5 458.4 443.8 430 415.1 400.1 383.1 374.9 383.7 398.4 406.9 409.7 410.2 410 409.7 408.5 407.6 406.7 406 404.4 402.7 399.9 397.2 394 392 390.6 388.3 385.2 380.7 377.6 373.8 369 363.1 359.1 353.6 349 342.5 337.5 332.6 329 325.8 323.6 320.3 319.2 319.9 323.5 329.2 338.2 348.4 361.7 374.2 388.4 404.3 415 425.9 434.9 442.6 451
672.3 694.7 718.9 725.4 709.5 684.2 660.4 643.3 619.2 591.9 564.4 549.7 523.1 508.1 494.5 484.4 481.9 475.2 464.4 453.2 442 436.1 432.4 427.5 423.1 423.7 428.2 433.7 422.6 422 419.4 416.8 412.8 409.2 406.4 403.9 402.7 402.7 402.6 403.7 403.2 403.1 403.5 403.6 404 401.7 396.9 392.8 390 388.3 382.3 378.4 370.1 363.3 358.2 350.9 343.3 334.6 327 322 317.5 315.3 315.7 317.9 322.4 330.5 342.5 358.1 374.2 390.6 404.5 415.1 421.5 426 433.3 440.3
636.5 649.6 655.9 653.9 643 631.5 624.2 615.5 602.5 584 566.6 560 536.7 521.7 507.5 497.5 489.2 481.1 467.5 455.2 446 443.5 444.3 442.6 440.9 438.9 438.5 437.5 434.3 428.9 422.9 417.3 411.7 406.1 400.8 396.1 395 397.2 400.2 402.8 405 406.8 408.4 410.4 410.2 409 405 399.9 395.3 389.9 385.7 381.1 377.2 370.1 362.8 353.7 346.9 339.9 329.3 320.2 314.1 310 309.2 308.6 311.2 317.9 331.9 351 372.4 391.6 407 419.4 421.4 423.3 427.3 434
602.8 612.4 618.8 617.1 574.7 584.4 591.6 595.3 598.9 601.3 601.3 601.2 592.6 575.7 558.2 541.5 526.1 512.1 500.8 492.3 484.7 477.3 472.1 465.1 454.3 446.8 438.7 432.1 425.5 419.4 415.2 412.4 410 406.9 402.3 398.7 398.6 400.5 403 405.5 408 411.2 415.6 419.3 421.1 418.2 411.9 403.2 394 386 379.5 376.9 380.8 378.2 354.7 343.2 343.7 338.8 329.2 314.5 302.3 294.1 293.2 295 298.1 305.8 321.2 340.4 360.4 378.9 393.5 404.1 412.5 416.1 418.3 425.5
578.1 591.7 602.3 604.9 591.6 572.1 569.9 589.7 613 632.6 648.7 660.2 659 645.4 614.3 592 569.9 555.4 546.6 544.1 542 535.6 523.4 508.2 487.3 467.2 449.2 434.3 421.1 410.9 406.2 408.3 412 413.1 412.1 410.6 409.7 409.1 409 409.8 412 414.3 417.8 422.3 424.4 421.8 414 402.1 387.6 372.3 362 363.8 371 374.5 364.1 349.6 341.8 337.6 327.5 309.3 286.4 265 274.2 294.4 307.7 318.7 331.7 346.7 359.2 368.3 377 387.3 393.4 398.4 403.2 406.5
592.6 600.4 612.6 614.9 603.8 584.8 592.5 624.6 652.9 669.5 685 695.1 691 668.1 638.7 610 584.7 575.1 583.8 594.3 600 594.2 582.7 555.4 530.2 500.4 473.8 450.1 435.7 425.8 421.2 422.3 424.7 426.3 426.2 424.2 421.1 418.5 416.4 414.7 414.1 413.7 414.8 415.3 414.9 412.7 407.4 399 387.7 375.3 366.2 367 369.8 368.5 361.6 353.7 352.1 352.5 347.2 335.5 323.3 316.9 324.5 332 332.4 335 345.5 358.8 362.4 361.9 363.7 366.8 370.7 374.3 376.6 374.2
634 638.7 647.2 656.7 665.6 676.2 693.6 710 702.4 694.5 680.5 673.1 661.7 647.9 635 613.2 593 588.4 601 618.6 633 627.6 603.2 571.9 540.9 513.4 488.7 469.2 454.3 444.7 439.8 437.3 438 439 438.7 435.5 430.6 425.4 420.5 417 414.6 413.3 413 412.1 412.4 411.1 408.1 404.3 398.2 392.4 387.5 385.4 386.1 385.9 388.2 390.8 395.9 397.7 389.7 374.9 359.5 347.7 341.2 337.1 334.3 332 332.9 338.2 342.2 346.9 348.4 349.6 350.6 349.1 345 340.6
675.9 674.4 680.6 691.2 703.3 713.7 717.9 711.5 709.8 681.8 639.1 599.2 587.2 616 654.5 651.1 623.9 607.6 601.4 599 593.5 577.1 554.1 532.1 516.1 502.3 487.6 474.4 465.8 457.3 451.9 448.7 446.9 445 441 437.3 429.9 423.4 416.9 411.5 410.3 411.9 414.9 418.2 420.1 417.6 416.1 413.9 411.1 408 407.9 410.3 412.3 416.4 421.2 426.1 431.5 433.6 430.6 419.6 398.1 377.4 359.9 344.1 330.2 317.3 311.8 318.5 331.5 342 348.2 351.5 349.9 347.4 347.9 344.4
705.2 692 687.5 689.5 696.1 710 732.5 734 708.1 649.8 563.2 482.5 447.9 488.2 564 586.8 589.5 584.9 569.9 550.7 525.3 499 474.9 468.1 473.9 477.8 473.7 467.7 461.9 459.4 461.9 465.6 465.9 458.8 446.8 433.8 421.1 408.6 397.9 391.7 391.8 396.1 404.1 410.9 415.7 419.5 422.7 426.1 435.1 441.4 452.2 461.3 464.2 462.3 459.7 460.4 462.7 467.5 462.6 444.8 421.5 398.8 378.7 359 339.7 323.7 318.4 332.3 350.3 361.1 365.6 368.8 371.9 375.1 380.5 382.1
705.3 688.5 677.6 672.3 670.9 684.5 710.4 741.2 766.4 697 596.8 503.6 440.3 509.5 551.9 539.9 539.4 542.3 530.6 500.7 461.8 444.8 438.6 440.6 447.9 455.6 455.5 449.6 446.3 450.1 457.6 470.2 475.6 454.6 427.9 406.5 389.4 374.1 359.4 350.2 349.8 355.5 364.9 377.4 404 420.7 431.7 446.2 461.9 481.9 497.2 508.2 509.5 502.7 497.6 489.6 479.9 470 456.6 440.1 423.6 407 393.7 382.1 370.9 363.1 361.9 367.5 376.1 382.3 388.4 399.1 411.9 427.9 444.7 459.8
688.4 675.7 668 663.1 660.4 665.6 684.1 704 706.2 695.1 674.4 622.3 573.5 547.7 471.5 456.3 479.5 484.9 475.8 444.2 410.6 399.8 394.3 397.7 399.5 403.3 407.4 410.2 412.2 416.2 421.6 425.5 420.4 398.7 372.1 362.6 350.8 332.5 309.6 294.3 296 308 329.1 355.5 387.8 409.9 434.8 460.9 486 509.5 527 531.4 524.3 520.8 527.4 522.7 508.1 482.7 455.9 428.7 414.8 405.6 400.1 395.8 389.6 384.3 384.3 387.1 392.8 400.3 411.1 424 446.8 479.8 521.2 560
676.5 674 675.2 668.6 631.3 588.3 580.5 606.5 636.9 659.2 665 639 594.6 547.2 506.3 482.4 467.1 451.7 432.8 410.6 393.3 378.6 365.7 356.2 353.5 356.5 361.1 368.2 372 373 380 389.2 396.6 389.9 375 357 334 304.6 278.4 260.7 253.7 263.4 283.5 313.9 350.5 392.2 435.7 471.3 499.3 521.5 534.5 544.3 544.8 552.5 564.8 556.6 531.5 494.3 455.9 431.1 411.5 404.6 402.2 398.9 395 393.5 396.2 400.8 407.7 415 418.9 424 448 502.5 576.1 647.5
674 681.6 680.9 680.6 539.5 386.9 476.3 504.3 533.6 571.1 589.7 581.5 565.6 550.3 533.2 513.7 488.9 460.4 433.4 412 389 369.6 356.2 345.5 338.3 332.7 339.7 346.8 357.5 363.9 375.1 390.2 404.7 410 396.8 371.5 341.5 306.8 281.8 268.6 257.3 245.3 250.5 299.4 348.8 394.9 445.6 492.5 502.5 504.9 513.3 532.6 565.5 613.3 591.2 541.6 508.7 481.5 451 423.5 409.2 404 399.6 395 391.3 392.9 398.6 405.1 413.3 420.5 423.6 430.8 465.3 534.7 626.6 721
635.1 627.9 603.5 560.4 498.6 478.4 522 501.3 508.4 530.4 543.6 548.9 551.4 549.4 541.5 528.9 527.8 464.8 448.6 424.8 396.3 372.4 356.2 350.7 351 348.7 348.3 351.8 361.6 377.3 396.8 414.4 428.6 434.8 418 393.2 365.4 335 302.3 291.2 287.6 292.2 304.3 323.2 351.7 396.2 409.9 447.4 464.6 477.6 487.5 497.1 509.7 525.6 514.5 488.7 443.4 468.1 453.5 420.8 404.8 397.4 384.9 376.1 373.7 375.8 385.2 397.8 411.6 426.9 446 474.9 522.4 590.5 669.7 744.8
575 570.5 554.4 530.6 514.4 514.3 528.5 532.6 534.9 536.6 534.1 530.1 525.3 521.9 496.8 491.4 481.6 466.3 439.8 415.9 403 397.7 381.2 369.8 365.9 357.8 349.6 350.2 356.6 373.3 397.5 420.7 436.5 431.2 416.9 403.9 394.5 383.7 373.1 362 354.1 338.7 338.2 349.1 351 319.7 345.7 382.3 407.5 425.5 429.8 435.7 461.5 482.8 493.9 504.1 516.5 506.5 476.8 446.6 407.9 381.3 361.1 353 360.4 367.8 376.7 390.3 405.2 433.6 464.7 502.8 547.2 622.6 687.1 735.4
545.1 547 546.2 538.7 529.2 542.4 572.9 562.8 551.4 546.1 536.1 528.6 526.8 515.4 493.8 457.8 424.8 401.6 352.6 393.6 408.3 414.8 416.1 414.3 405.3 387.9 369.6 354.6 349.3 356.1 376.2 416.4 481.9 460.6 424.5 408.6 406.5 399.7 417.4 450.4 425 366.6 341.4 351.4 347.3 341 343.1 354.5 371.6 391.1 400.7 423.7 447.7 461.3 469.2 472.1 470.4 464.8 451.6 432 398.2 378.6 369.8 371.2 370.4 368.8 377.2 393.1 416.4 446.2 483.1 514.5 561.6 620.9 683.6 724.1
574.6 566 566.2 568.3 573.6 578.6 577.3 567.9 556 547 534 519.6 499.9 485.4 477.6 449.3 426.9 426 443 438.3 444.3 455.5 469 482.7 480.2 461.4 428.6 384.1 345.5 328.5 322.1 331.1 371.1 383.5 381.8 379 387.1 413.9 455.7 486.2 436.1 412.9 407.5 400.7 388 369 342.5 324.9 320.2 328.9 356.2 387.6 415.6 424.4 423.4 416.9 406.3 396.1 385.8 376.1 374.9 376.8 379.4 380.8 381.9 373.2 381.9 400.3 427 458.9 482.9 501.8 540.9 606.3 675.6 724.9
549.4 580.9 590.8 573.8 602.7 615.2 606.4 596.4 530 512 519.7 527.6 531.5 449.4 466.9 451.1 449.6 472.9 533.4 411 480.7 504.4 556.2 550.7 534.1 500.5 452.3 386.4 331.4 306.7 293.9 310.9 307.6 286.2 307.4 336.3 357.9 386 410.7 417.4 394.8 403 422.6 429.7 399.1 362.5 328.9 299.2 278.5 275.8 292.7 324.3 361.5 377.6 378.5 373 369 365.3 349.1 340.9 355.1 376.1 389.4 388.4 383.6 378.8 374.6 385.8 419 453.5 475.8 497.7 540.4 610.5 681.5 742.7
616.7 629.2 654.3 643.9 544.1 586.9 573.5 517.8 476.5 457.4 455.6 472.6 488.7 482.9 454.5 411.3 466.4 381.8 478.4 485.3 484.1 503.6 525.2 533.5 517.8 478 414.3 345.3 305.7 296.1 291.9 305 311 299.3 299.3 310.4 317.6 338.8 363.1 400.7 391.5 388.6 387.3 384.4 373.7 354.6 330.5 237 219.1 265.1 302.3 337.6 367.3 378.4 373.5 365.1 352.3 327 289.5 296.9 338.7 375 401.1 400.4 389.3 381.1 375.4 392.6 431.5 459.1 477.6 504.9 550.9 622 695.2 746.1
645.2 701.9 873 1059.9 961.1 899.5 687.3 425.7 400.6 357.1 352.8 401.7 435.5 457.3 478.4 365.9 415.2 514.6 503.9 483.9 482.2 486.2 483.8 467.8 440.5 407.9 371.5 324.1 266.4 170.4 289.6 287.6 283.4 278.1 280.3 291.6 304.5 317.3 335 347.6 355.2 367.2 379.8 378 380.8 367.5 348 338.2 321.6 320.6 333.2 356 375.3 380.2 373.1 364.7 352.5 335.9 324.6 331.8 345.7 356.3 367.7 380.2 393.1 410.7 430.4 446.8 465.1 475.4 487.2 511.2 547.6 612.2 679.5 714.4
608.2 647.2 753.3 967.2 1272 1609.8 1095.7 597.6 435.2 362.1 338.5 352.3 400.4 486.8 515 465.3 465.1 488.1 491 491.2 494.8 492.8 478.3 449.4 415.2 386.1 374.2 346.5 303 305.1 288.4 271.2 258.1 259.9 266.4 275.7 273.8 270.8 304.1 307.7 316.1 325 344.6 371.3 376.5 391.7 420.3 415.7 370.6 347.9 346.9 359.5 373.4 379.5 377.7 360.4 346.8 335 338.7 354.2 366.4 367.7 371.9 386 412.4 440.7 469 485.7 485.7 484 491.2 493.3 502.1 541.1 601.3 653.5
504 524.9 583.2 734.4 921.8 918.9 795.7 655.6 454.2 360.5 318.4 342.2 370.5 460.8 597.4 615.4 588.3 589.5 570.1 524.8 494.8 484.8 476.1 456.3 433.4 414.7 392.7 377 380.9 354.6 292.6 228.8 229.1 238.1 249.2 296.2 323.5 300.1 288.3 282.2 284.3 289.9 290.3 293.2 302.2 346 481 490.5 299.8 303.9 340.9 375.5 369.9 348.5 335.4 329.7 318.5 303.8 307.6 338.3 366.2 376 376.6 385 404.3 433.4 461.9 486.2 483.8 471.8 481.9 504.3 499.1 484.2 519.3 600.9
544.4 507.2 514.7 674.1 774.1 808.5 768.4 579.5 275.1 308.7 268.2 342.1 402.9 411.1 508.2 585.5 621.5 646.6 639.5 567.3 495.2 460.4 451.7 437.6 417.7 412.8 394.7 371.8 353.4 331.5 295.1 272.9 270.2 269.3 279.4 323.1 387.6 358.2 309.7 285.6 274.4 254 237.5 237.3 229.9 233.4 316.5 348.3 338.7 319.1 313.5 316.8 314.4 305.5 288.8 289.9 288.7 292.7 318.9 334.2 332 339 351.9 366.2 379.9 397.4 427.2 445.8 443.8 445.5 460.2 482.1 464.7 447.4 463.4 489.1
631.1 740.7 849.5 808.5 809 886.5 815 616.5 454.6 390.1 397.4 443.3 539.4 504.7 628.6 686.2 726.6 717.6 626.7 505.7 421.2 390.6 400 417.1 434.9 401.1 362.2 330.3 316.4 321.5 326.1 317.4 290.2 261.5 277.6 304.6 331.1 340.1 358.2 295.8 271.3 204 192.3 183 257.8 235.1 295.6 339.7 348.1 321.9 275.4 249.7 277.7 310.3 306.1 293.2 261 253.4 274.1 287.4 289 299.7 331.1 353 363.8 376.2 383.1 413.7 429.5 435.4 436.3 416.8 410.6 413.6 405.4 352.4
689.9 804.4 905.4 828.2 754.1 732.1 655.5 464 423.4 412.7 418 456.7 504.2 668.8 1122.5 744.8 637.5 576.3 446.1 319.1 262 288.7 323.2 353.6 361.1 331.9 284.4 244.3 257.4 301.8 341.2 366.2 360.3 327.6 332.8 381 384.5 349.3 347.1 330.5 279.7 238.7 234.2 247.3 267.9 291.9 327.4 383.8 363.1 315 278.7 260 241.1 235.9 224.8 213.3 184.7 137.6 116.7 172.5 221 245.7 280.4 314.2 336.1 362.1 384.7 429.7 443.1 427.3 424.4 414.6 402.8 399.2 381.9 355.9
600.3 644.3 627.2 782.4 869 789.5 678.6 539.4 440.8 398 386.7 396 429.9 295.6 293.7 301 297 297.2 274 231.5 218.2 231.8 264.7 285.3 290.2 271.5 242.4 235.7 261 319.8 366.3 399.8 483.9 568.6 477.2 445 491 421.7 327.9 311.8 246.8 281.2 248 236.3 240.3 254.6 242.2 192.2 245.3 264.1 256.2 238.2 187 126.9 144.7 159.9 154.9 136.8 145.1 184.9 213.1 235.4 273.6 299.7 306 323.8 349.8 376.2 388.6 388.7 397.7 416.4 424.3 411.5 393.4 379.8
576.9 631.4 757.9 817.2 742.8 708 592 407.8 309.2 298.7 306.8 305.5 297.1 287 275.5 244.3 192 186.9 239.3 247.5 237.9 233.1 231.6 227.8 223.1 215.5 216 228.2 261.7 291.2 338 411.4 442.2 515.1 561.8 404 489.2 581.5 578.7 528.5 443.3 300.5 171.3 218.3 238.9 255.5 251.2 235.2 229.3 222.9 217.9 209.9 168.7 136.5 138.6 156 160.8 150.3 190 222.8 230 233.5 263.7 277 283.4 290.6 304.4 317.9 324.8 330.8 344.1 358.4 369 373.7 376.2 373.8
444.9 517.7 570 520.3 534.9 491.4 361 265.6 235.8 229 253.3 275.1 275.8 270.9 258.7 256.6 275.8 278 254.5 249.5 235 229.5 228.8 221.5 209.9 201.2 185.1 182.2 221.3 270.5 326.3 389.7 452.2 537.7 662.1 709 623.7 617.7 601.4 522.1 366.2 222.9 238.1 235.1 260.5 290.9 282.8 269.4 262.4 231.7 195.8 154 165 170.6 168.4 175.2 206.1 220.5 235.8 241.9 226.8 235 265.1 282.5 266.1 259.8 277.9 291.2 287.5 292.7 298.5 302.6 310.4 318.6 327.2 332.6
388.4 454.4 462.2 436.3 391.6 287.9 211.8 173.8 152.4 148.2 174.6 197.1 204.1 216.3 227.1 224.2 226.9 209.2 186.3 190.3 198.8 214.5 236.1 240.4 230.9 216.8 205.8 204.7 219 241.5 284.9 350.9 410.1 425.8 455.5 464.2 447 399.8 305.1 324.2 319.5 286.6 289 285.9 276.4 288.5 295.7 290.6 294.6 264.3 223 171.9 164.9 177.3 186.3 197.4 202.7 212.2 239.5 252.7 225.5 226.8 249.9 259.6 233.4 194 193.9 213.2 240.7 263.7 272.1 272.6 280.2 288.8 294.3 299.8
534.8 501.2 455.2 356.5 221.4 129.1 110.2 94.5 59.9 67.8 98.8 103.1 102.1 111.8 140.5 167.8 164.9 131.7 143.4 154 165.5 188.6 220.9 239.4 238.7 230.1 221.3 222.2 228.8 234.6 260.3 305.5 339.6 361 371.7 370.6 369.8 365.9 329.9 326 356.6 339.1 306 297.9 294.7 296.8 314.1 332.6 324 308.2 307.4 241.3 185.2 169.1 190.7 204.2 193.4 197.4 211.1 223.2 224.2 233.1 251.9 235.3 197.7 142.3 89 149.3 201.9 253.1 278.9 287.9 286.6 293.7 297.6 301.9
542.3 536.3 464.8 324 176.6 120.9 101.5 92.4 81.4 83.8 86.9 73.9 68.3 91.6 124.9 159 179.3 169.5 153.6 138.6 130.6 153 189.8 213.2 224.8 225 222.2 210.8 204.8 235.8 259.3 277.4 286.9 305.9 315.3 318.6 325.5 327.4 309.1 297.2 288.1 267 261.6 272.8 310.1 327.5 316.6 323.7 325.5 315.5 303.6 250.3 196.5 130.7 160.8 160.2 132.4 144.5 189.2 228.6 252.3 296 389.4 244.4 179.9 179.8 184.8 200.1 217.7 244.2 268.9 284.3 295.3 303.6 317.3 328.2
