datasets/global_precipitation_1950_2017/rasters/precip_1966-total.asc
NCOLS 720 
NROWS 347 
XLLCORNER -180 
YLLCORNER -90 
CELLSIZE 0.5 
NODATA_value -9999 
[rows 68 to 101 of 347, columns 532 to 607 of 720]
576.9 556.1 515.5 391.3 222.2 147.8 131.1 118.4 116.2 131.3 135.3 137.2 147.6 166.6 191.3 219.6 239.8 242.3 235.1 223.7 210.1 199.8 191.2 179.7 180.6 195.2 220.9 250.1 272.4 263.7 234.5 198.6 149.8 89.8 211.4 301.1 340.4 352.1 346.9 343.4 340.1 333.1 335.2 359.1 389.4 414.9 408.1 383.9 366.2 354.5 347.3 334 322.7 318 294.2 263.6 239.5 241.5 261.7 286.7 303.8 312.4 306.6 308.1 323.6 326.9 324.4 326.3 355.8 368.9 393.4 471.9 482 501.9 531.3 542.3
500.7 483.7 424 340.8 245 188.5 156.7 135.8 122.7 122.8 116.7 110 119.9 137.4 161.2 193.2 218.7 222.1 215.2 204.2 195.3 185.7 172.2 155.4 149.7 172.7 202.3 234.7 256 262.8 271.4 256.6 234.1 245 293 375.7 371.9 360.1 347.2 345.7 345.4 338.3 338.9 352.3 378 388.9 372.7 343 308.8 306 340.9 344.8 335.1 312.2 261.1 208.3 191.9 207.5 227.1 248.9 257.3 252.1 266 289.1 309.3 329.3 341.1 351.6 378.5 421.1 495.1 525.8 473.1 504 553.8 617.6
321.5 299 302.1 276.8 251.5 229.7 193.2 159.8 138.2 123.7 110.1 104.6 109.1 117.4 135.1 162.7 195.4 207.8 202.7 193.9 187.3 181 171.1 161.5 161.7 177.5 208.5 234.8 258.4 278.5 288.5 286.9 280.3 283.8 303.1 327.6 339.7 338 330.2 328.1 326.6 327.6 333.2 326.2 318 313.4 301 286.1 277.9 282.2 298.4 308.4 304.4 275.5 219.8 175.6 149.5 220.2 236.3 237.9 241.3 244.3 252.7 266.8 289.8 307.7 325.2 349.4 384.4 430.9 467.8 478.7 490.2 516.8 565 629.5
268.5 238.7 247.1 271.8 279 253.4 224.2 193.6 168.3 144 119.6 108.4 109 113 121 147.3 183.4 198.6 194 185.5 178 167.6 152.7 152.4 156.7 176.8 205.7 233.7 261.2 283.5 296.1 296.7 296.9 287.3 286.3 291.9 297.5 301.6 304 306.3 309.9 306.2 318.9 292.4 288 274.7 252.9 237.4 226.1 222.5 243.7 276.6 289.2 260.5 219.1 196.8 202.8 243 240.5 231.6 228.6 230.2 237.6 259.8 289.7 307.5 325.6 339.5 352.4 380.4 431.1 466.1 495 532.1 579.6 596.6
204.3 185.8 145.4 172.3 228.5 232.8 219 208.3 196.1 177.9 154.3 135.3 124.1 117.1 118.8 149 179.3 191 189.7 185.1 175.6 161.2 149.4 135.7 135.4 158.5 196.5 227 248.9 271.1 287.2 289.1 281.9 274.9 267.6 263.5 285.1 286.6 292.3 288.5 284.4 273.7 234.2 226.1 252.3 248.5 232.5 216.1 198 163.9 193 230.7 244.3 233.1 217.2 211.3 217.2 229 226.2 218.7 214 212.9 212.3 238 282.2 315.4 341.6 350.1 332.9 374.8 424.4 459.1 484.9 515.6 538.5 531.3
132.8 144.3 137 153.2 192 210.7 210.9 212.1 219.4 204.9 166.2 140.1 130.6 124.3 132.9 160.2 186.7 197.1 199.4 208.3 213.7 205 174.8 140.4 129.3 158.9 191.7 217.9 226.7 239.5 255.6 265 268.2 274.9 264.8 251.7 257.8 261.8 258 245.5 247.2 244.9 239.3 239.5 243.4 236 222.5 211.8 195.9 182.8 188.3 202.1 211.1 210.6 206.2 211.2 224.6 236.3 238.1 230.1 220 214.4 214.6 234.7 274.8 320.2 356.4 380 386.5 412.2 444.5 451.2 456.3 470.7 472.6 466
122.7 128 136.6 157.6 183.3 202 207.2 205 201.3 176.9 131.3 112.3 120.9 125.7 139 161.5 184.6 196.3 203.9 220.2 241 228.2 194 167 161.9 178.2 197.9 215.6 221.6 221.7 236.7 248.6 253.4 249.7 253.5 241.7 232 220.4 211.4 206.5 220.8 226.3 224 228.2 226.9 225.8 208.4 191 177.2 169.2 172.7 177.6 183.5 193 201.5 213.8 232.2 256.9 276.4 263.2 233.2 209.8 205.1 214.6 248.4 301 354.6 397 413.1 430 430.9 406.1 407.9 450 458 442.5
130.9 129.8 131.7 139.6 177.3 197.2 198.8 198.2 196.2 179.6 146 128.2 126 125.5 132 148.4 165.2 170.1 173.4 176.7 174.9 163 149.9 147.2 156.5 178.4 201.7 219.1 229.5 235.3 239.5 244.4 251 256.5 223.6 179.3 178 180.6 169.6 173.1 178.9 198.6 206.8 211.9 210.5 193.9 168.8 145.3 128.6 126.3 134.3 142.9 151.1 161.3 174.8 196.1 223.5 258.9 289 270.8 226.1 190.2 183.6 198.9 215 262.9 337.8 400.4 425.5 435.6 438.9 432 461.3 539.6 525.4 492.4
160.4 163.2 172.3 188.3 182.7 181 184.8 191.7 203.4 199.6 170.2 145.4 134.7 131.9 133.7 131.2 128 126 124.5 115.8 99.2 84.1 87.1 106 125.9 153.6 191.1 216.2 230.7 237.3 239.4 239.3 236.2 224.9 192.3 154.7 154.6 158.8 151.9 150.8 154.6 169 183.1 188.4 179.2 156.7 127 102.7 93.1 91.5 97.2 105.9 115.2 128.5 147.5 165.1 186.9 212.2 233.4 232.8 216.1 195.1 197.8 221.1 238.1 267.8 314.4 358.2 390.3 415.2 434 462.8 508.5 571.9 545.4 535.2
178.1 185.4 193.2 195.4 176.7 163.2 161 170.4 173.1 170 150.9 134.4 132.6 135.8 128.2 113.3 99.9 86.9 79.7 73.9 57.1 42.4 50.9 72.9 97 125.2 166.7 203 223.2 233.1 230.8 223.2 211.2 198.1 188.7 176.9 162.4 141.5 126.8 132.4 142 151.6 159.8 160.3 146.5 122.1 98.7 82.9 78.4 76.1 73.6 75.1 85.8 103.6 128.3 138.6 141.1 172.9 204.1 219.8 227.6 237.2 267.6 286.9 286 297.1 320.6 347.4 377.6 403.3 415.5 441.8 485.6 539 469.8 620.3
180.1 188.9 201.5 200.8 171 141.7 133.5 164.8 151.7 129.9 107.9 100.4 113.6 136.5 135.6 109.5 82.1 63.2 53.1 52.7 51.2 51 50.7 55.5 74.9 99 133 169.2 193.7 200.7 196.9 190.3 186.3 182.7 186.8 183 159.3 133.3 113.6 117.3 130.2 135.7 136.4 129.1 109.4 87.6 73.2 69.1 66.4 63.4 59 59.9 70.2 89.9 117.2 144 155.3 171.7 205.7 222.7 233.4 250.8 281.2 292.8 293.6 301.9 313.5 336.2 364.2 391.9 403.6 417.5 447.5 492 546.1 622.2
186.1 181.4 197.2 233.8 167.8 120.3 123.5 146.3 116.2 85.9 54.8 48.3 97 177.2 180.6 111.8 72.5 43.6 28.9 35.5 43.3 46.8 49.3 50.6 56.7 62.9 79.2 95.2 108.7 122.9 133.1 147.5 155.7 166.4 173.3 166.2 148.5 137.9 130.7 126.1 123.3 120.1 112.6 97.4 70.4 55.5 51.5 55.1 57.1 56.8 52.2 45.9 82.6 92 118.8 151.4 162.3 173.8 205.5 224.1 235.9 263.4 290.2 278.8 265.6 293 319.2 330 370.2 397.9 397.3 389.3 386.8 439.1 516.8 532.2
191.6 179.7 172.1 157.4 110.7 59 30.9 44.2 57.7 54.6 40.7 39.6 68.9 112.2 99 66 66.4 75.9 45.8 40.6 45.1 49.4 53.1 55.7 56.7 54.1 51.4 52.9 58.9 68.2 80.9 99.2 116.9 134 145.4 146.1 141.1 137 132.5 126.6 119.6 117.2 111.6 89.5 61.1 37.6 30.5 44.2 57.3 61.1 63.3 76 93.9 109.8 129.4 157.9 170.4 183 216.5 243 268.7 302.9 345.4 295.9 277.8 290.5 316.5 374.5 445.9 445.7 395 397.9 412.4 445.6 491.3 508.8
224.1 187.9 145.7 115.3 75.2 32.2 14.7 20.1 33.6 40.2 43.4 48.4 52.7 46.4 26.5 30.6 45.1 53.1 50 48.8 51.6 56.2 61 64.5 62.8 57.9 49.6 43.2 39.9 44.1 53.9 67.9 85.9 101.6 115 124.6 128 127.9 126.3 123.5 121.5 122.8 120.9 106.5 89 72.7 58.1 65.4 77.1 83 87.6 101 121.2 139.7 149.6 182.5 215 256.5 312.6 336.5 333.5 331.4 336.5 330.9 312.5 303 321.8 386.7 475.8 450.2 357.4 440 495.6 510.2 547.7 628.9
128.5 118.8 110.6 91.4 65.1 42.4 26.3 20.6 24.9 32.5 39 42.8 42.3 40.1 35.7 35.9 38.7 41.2 43.5 48.5 56.3 64 68.4 68.5 66.3 61.3 52.9 46.4 39.4 35 38 46.8 59.2 72.7 86.2 98.5 107.5 111.4 112.3 112.1 114.3 119.1 127 130.7 131.2 121.3 107 98.3 102.2 117 132.8 138.6 140.7 141.3 166.5 232.1 275.9 317.5 364.3 372.9 341.3 332.9 376.2 385.8 347.5 292 319 379.7 427.4 419.1 476.1 528.7 513.9 527.6 642.9 738.4
75.7 91.3 86.2 71.1 51.5 39.3 28.6 18.5 20.3 26.3 30.8 35.9 35.9 33.8 32.2 32.5 34 38 40 44.9 55.4 66.4 69.9 68.6 67.1 64.7 58.8 51.2 43.1 37.2 36.1 41.4 47.4 54.8 64.4 76.6 86.8 93.5 94.8 98.2 106 111.5 124 145.8 167.7 162.9 150.3 148.8 139.6 153.6 208.6 234.7 212.5 195.6 212.9 274.2 318.2 339.2 381.4 391.9 401.7 442.1 456 387.5 415.1 403.5 440 466.6 476.7 465.3 527 621.5 639.6 679.9 743.5 752.7
74.4 70 61.9 50.6 42 30 22.9 19.4 18.5 20.7 25.7 29.7 27.5 28 26.8 27.6 29.3 31.4 34.1 39.9 49.7 59.1 64.6 67.7 68.5 68.1 65.1 59.5 52.3 47.6 44.5 46 47.8 51.9 61.7 71.1 80.1 84.8 84.6 84.4 65 85.4 120.7 152.2 174.8 186.3 202.6 218.8 219.1 232.7 278.3 317.1 314 276.5 241 148.7 251.8 359 400.5 413.2 492.6 560.7 694.9 536.9 503 490.4 599.7 553.9 448.8 450.5 458.6 672.2 695.6 734.1 809.9 762.5
60.8 52.1 40.3 32.7 30.8 27.2 23.2 20.5 18.5 19.4 23.4 21.7 22.9 22.5 24 24.6 24 24.9 27.1 32.7 46.2 53.9 62.1 68.1 68.6 68.3 67.8 65.6 63.8 61.7 57.4 59.2 63.6 67.2 70.7 74 76.6 74.5 76.7 82.4 88.5 109.7 150.5 169.7 191.8 228.2 262.7 251 286.2 271.5 302.5 326.3 331 301.5 275.9 236.4 305.8 349.7 426.6 405.4 436.8 560.2 604 569.7 572.5 614.8 673.6 735.8 599.2 598.9 -9999 -9999 688.4 812.6 892 965.8
43.5 35.4 29 26.1 24 22.5 21.3 20.3 19.3 19.8 22 18.3 18 18 19.3 20 19.2 18.6 22.7 33.6 49.2 49.7 70.8 72.2 72.4 70.6 70.7 67.6 73 81 86.6 91.3 97.1 97.4 89.3 76 64.8 62.6 68.6 74.9 91.5 115.7 145.9 172 207.3 272.2 316.1 326 317.9 301.9 298.7 286.9 322.4 331.2 319.6 329.3 377.4 424.4 535.6 469.4 555.6 579.9 597.9 639.3 665 748 756.8 701.7 661.9 -9999 -9999 -9999 758.5 836.2 1117.5 1143.1
24.1 20.5 17.7 17.3 18.4 19 17.3 17.1 18.4 19.6 20.5 19 15.6 16.4 17.3 18.6 19 19 24.4 32.6 46.1 56.5 72.1 83.9 85.2 68 77.2 84.3 93.8 97.8 100.5 109.6 122 127.8 114 92.7 74.8 70.9 71 59.8 86.4 123.6 164.2 201.4 232.9 287.3 335.1 359.8 353.2 328.1 322.3 342.6 382.8 420.7 441.3 427.1 414.8 448.1 556.6 644.5 608.5 603.1 628 653.3 628.2 653.2 686.8 -9999 -9999 -9999 -9999 723.2 784.4 833.2 908.5 1094
14.7 13 12.6 11.3 17.1 16.2 16.6 16.7 17.5 18.9 19.6 19.3 16.7 14.8 13.9 16.5 22 26.3 33.3 40.6 53.8 78.5 111.1 132.4 146.6 127 107 111.8 126.8 96.7 99.8 99.4 128 134.1 112.1 86.9 89.4 94 104.6 107.9 117.4 145.2 192 226.7 244 282.2 336.8 360.3 365.1 348.6 340.9 394.2 447.5 466.1 670.8 768.8 601.4 459.8 496.7 502.8 565.6 645.8 710.6 646.5 630.2 629.5 -9999 -9999 -9999 -9999 -9999 706.2 -9999 -9999 -9999 -9999
14.2 11.3 12.6 14.2 17.2 16.7 16.3 17 20 22.4 22.5 20.5 18.2 14.7 11 16.8 29.8 46.3 59.9 69.3 86.4 142.8 176.3 213.7 267.3 235.2 159.1 123.4 98.3 87.2 110.1 147.2 171.9 139.9 106.2 104.6 101 112.6 128.4 136.8 137.9 155 189.5 224.2 259.2 306.9 346.3 369.6 401.9 459.5 489.1 469.7 459.5 397.3 660.3 791.6 612.4 418.7 422.5 451.7 542.5 616.5 663.6 -9999 -9999 -9999 -9999 -9999 -9999 -9999 -9999 -9999 -9999 -9999 -9999 -9999
14.8 13.6 14.5 19 20.1 18 16.9 18.3 21.6 24.8 24 22.4 21.2 20.2 21.6 29.6 47.9 73.2 93 100 110.9 143.6 185.7 222.6 259.8 263.2 230.9 178.1 149.7 150.7 188.1 215.5 216.7 266.1 235.6 184.2 147.6 129.5 130.6 134.9 141.3 158.3 185 220.3 281.9 332.8 358.1 348.9 409.7 497.4 540.5 511 497.6 504.7 499.5 531.5 489.3 393.4 342.3 382.6 458.8 625.8 650.3 624.5 -9999 -9999 -9999 -9999 -9999 -9999 -9999 -9999 -9999 -9999 -9999 -9999
15 13.6 14.5 15.8 16.7 17.8 17.3 18.5 21.7 24 24.4 25.3 25.4 28.2 32.6 42.2 58.4 84.8 106 104.3 105.2 122 144.5 196.5 288.5 350.3 344.1 306.4 299.4 341 394.1 367.3 267.5 223.6 271.8 254.2 188.4 133 116 122 142 177.2 183.7 230.6 325.4 372.8 388.6 390.2 448.1 552.2 597.3 555.1 533.4 552.2 455.7 477.3 455.7 409.8 336.9 319.1 440.8 540 722.8 575.3 585.7 547.3 -9999 -9999 -9999 647.8 -9999 -9999 -9999 -9999 -9999 -9999
14.8 13.9 13.9 15.2 16.3 18 20 23.8 27.1 33.8 36.4 36.3 36.4 35 40.4 48.6 55.6 65.5 77.3 82.7 88 103.7 118.1 174 317.7 454.2 349.8 316.4 319.9 345.8 412.9 437.5 325.8 306.1 292.8 247.6 175.2 141.9 111.7 107 175.9 250.9 306.7 350.1 430.4 465.9 494.4 505.6 533.3 596.9 607.3 553.1 562.7 555.6 481.5 432.1 485.3 454.8 352.4 385.3 377.1 390.2 542.3 644.6 602.1 508.2 -9999 -9999 548.9 386.5 606.8 666.6 788.1 -9999 -9999 -9999
15.1 14.2 14.7 15.8 18 21.3 26.9 36.6 47.7 60.7 69.5 71.4 67 60.9 61.2 62 50.9 44.4 49.1 56.9 56.5 67.9 106 165.2 264.9 314.2 175 271.3 293.4 297.1 275.9 223.2 263.4 296.4 282.6 234.8 166 201.8 178.9 203.2 329.2 439.9 459.3 478.4 508.9 547.7 588.4 578 586 589.4 587.1 566.2 587.3 573 498.7 431.6 435.5 452.9 308.3 296.9 506.1 531.6 496.3 619.1 503.7 445.8 450.8 466 551 611.8 686.6 -9999 -9999 -9999 -9999 -9999
16.7 15.2 15.3 17.3 21.7 32.2 48.1 69.9 91.3 108.2 118.5 124.4 126.4 125.3 115.1 87.9 52.8 35.8 37.6 49.1 47.1 59.1 70.9 126 172.9 213.4 242.7 278.1 295.1 289.9 267.7 238.1 266.4 307.6 297.9 271.5 258.7 275.6 337.4 450.5 564.8 607.1 615.1 612.8 592.5 589.9 587.7 575.9 573.7 575.7 600.7 601.7 576.5 570.5 601.6 497.2 461.7 429.1 352.3 331.3 1224.7 606.8 681.3 580.3 568.7 547.3 482.5 533.4 613.4 -9999 -9999 -9999 -9999 -9999 -9999 -9999
23.6 19.1 16.1 18.7 32.8 61.9 98.5 133.1 158 168.1 177.4 182.8 194.5 210.2 199.1 144.7 82.7 58.6 61 66.3 75.2 90.9 106.8 141.3 183.4 212.2 277.1 342.4 371.2 404.7 355.4 346.4 379.6 391.5 367.9 326.4 357.4 399.4 497.4 582.8 648.5 700.6 677 635.5 617.3 631 630.2 603.8 564.3 544.4 562.4 575.1 565.8 525 488.5 444.8 421.1 391.4 348 336.3 371.1 410.6 485 530 600.5 688.5 488.2 553.8 -9999 -9999 -9999 -9999 -9999 -9999 -9999 -9999
49.3 34.9 25.2 23.3 83.2 143.4 189.5 211.8 215.4 220.9 221 225.9 242.7 278.1 278.9 209.7 152.3 124.2 128.8 149.7 165.9 174.9 184.6 211.9 233.6 263.7 321.4 377.8 406.9 407.5 444.9 491.3 517.4 508.7 462.9 439.6 457.3 512.8 587 612.8 681.6 737.3 698.3 650.4 612 647.4 660.9 623.4 576.9 504.2 497.5 515.8 544.9 512.2 460.6 399.9 360.1 377.7 377 384.4 395.7 414 506.2 632.9 703.1 642.5 627.2 -9999 -9999 -9999 -9999 -9999 -9999 -9999 -9999 -9999
98.4 94.6 98.9 154 245.1 266 261.8 257.9 254.4 251.9 248.1 245.4 250.5 260.3 262.8 239 214.4 215.2 245.6 284.3 310.6 323 311.5 286.6 277.7 306.6 343.2 386.8 421 459.3 542.4 598.7 580.1 574.9 579.2 617 629.9 681.2 629.9 591.4 622.2 670.9 682.4 659.9 578.8 534.1 541.6 660.5 671.4 492.2 420.1 486.4 517.3 506.6 466.1 450.1 423.8 382.6 353.7 343.3 384.4 509.4 587.4 601.2 593.5 581.1 546.5 -9999 -9999 -9999 -9999 -9999 -9999 -9999 -9999 -9999
131.8 141.6 170.1 220.4 255.1 275.3 277.2 277.7 276.1 270.9 264.4 254.2 245.4 248.4 255.5 263.8 281.6 308.3 328.7 327.6 359.9 396.1 401.6 364.8 339.8 346.5 377.1 418.3 469.2 547.5 626.1 668.9 680.6 682.7 681.8 679.1 659.1 622.6 618.8 617 613.5 660.1 652.9 692.4 562 484.5 512.1 677.9 688.1 538.3 489 489.9 507.4 478.9 458.6 405.4 384.4 389.8 340.4 341.4 387.6 523.2 656.5 546.2 485.4 528.5 520.4 479.4 650.7 -9999 -9999 -9999 -9999 -9999 -9999 -9999
157.4 171.9 190.9 216 247.9 267.4 276.5 281.7 283.7 283.1 279.1 270.2 261.4 261.5 276.9 304 347.5 369.4 369.7 362.7 387.1 431.9 466.1 414.7 384.1 390.4 426 469.6 541.6 659.8 766.3 800.4 793.7 809.2 783.1 679.1 567.9 483.9 566.1 833.6 478.8 535.1 622.9 660.8 664.8 565.9 563.1 545.7 557.9 513.2 480.6 506 541.8 498 450.2 450.2 368.6 355.2 452.3 695.8 427.6 467.6 393.5 436 457.8 551.1 522.9 543.5 787.8 -9999 -9999 -9999 -9999 -9999 -9999 -9999
180.3 197.3 221.3 242.6 251.4 264.3 272.8 279.4 290.4 296.1 295.8 293.4 294.1 306.9 333.4 372.6 405.3 411 402.9 403.8 406.2 410.6 425 430.7 432.5 453.9 494.4 537.6 614.8 710.8 796.7 815.1 803.4 798.2 780.6 712.4 571 415.3 497.5 563.5 317.2 505.3 623.1 659.5 660 574.1 554.6 517.6 510.6 511.1 522 538.4 557.9 518.2 443 429.3 356.9 366.5 505.7 582.1 533 528.8 523.2 473.7 472.1 518.8 592.1 670.3 691.5 -9999 -9999 -9999 -9999 -9999 -9999 -9999
216 235.1 249.9 267.6 261.1 272.5 265.6 275 289.5 307.3 312.7 314.1 326.6 355.2 393.7 428.3 445.7 434.4 418.8 424.5 422.4 405 426.2 453.6 498 552.7 581.7 613 660.4 704.6 753.3 771.8 775 765.5 742.1 741.9 737 703.9 737.8 860.6 789 686.6 696.3 707.6 625.5 498.8 376.3 403.6 472.3 502.2 527.9 509.5 516.3 478.6 392.1 432.7 357.1 425.9 610.9 690.5 633.2 572.4 666.1 546 543.1 592.8 759.2 774.2 786.8 781.7 -9999 -9999 -9999 -9999 -9999 -9999
