datasets/global_precipitation_1950_2017/rasters/precip_1989-total.asc
NCOLS 720 
NROWS 347 
XLLCORNER -180 
YLLCORNER -90 
CELLSIZE 0.5 
NODATA_value -9999 
[rows 102 to 135 of 347, columns 532 to 607 of 720]
326.1 361.1 366 364 352.8 336.2 350.2 366.1 388.4 411.5 432.4 447 475.2 518.6 563.1 588 591.3 588 577.3 565.6 571.9 579.4 589 610.7 643.6 663.5 667.6 681.5 722.4 740.8 789.1 849.2 863.6 799.6 717.5 694.7 676.8 715.2 925.5 1160.4 1226.1 1197.5 1216.5 1282.7 1234.4 932 766.1 840.2 1030.7 1147.9 1119.4 1076.4 1050.2 1130 1097.2 1085.5 1070.6 1115.3 1103 1105.4 1209.7 1160.8 1209.7 1150.8 1125.2 1199.5 1215.6 1210.4 1193.1 1120.1 1111.2 -9999 -9999 -9999 -9999 -9999
511.5 522.2 476.3 397.1 349.6 336.8 337.5 343 361.3 393.4 424.6 452 474.9 531.4 580.7 596.6 595.7 588.2 577.9 564.2 553.7 557.9 563.5 591.9 636.4 650.1 648.1 633 670 714.1 773.2 855.4 908.8 847.1 808.7 824.9 788.7 763.8 946.7 1134.7 1195.4 1210.4 1217.1 1285.5 1309.6 1198.3 1107.3 1143.4 1203.2 1208.6 1177.1 1118.7 1075.6 1057.6 832.9 1105.1 1222.2 1269.5 1276.6 1262.3 1339.3 1313.4 1329.7 1255.8 1108.5 1201.6 1267.5 1241.6 1180.2 1145.4 1168.8 1150.9 -9999 -9999 -9999 -9999
993.4 893.1 653.1 433.7 332 320.4 334.7 333.5 339.4 372.5 412.2 448 482.9 563.5 621.5 618.4 607.6 598.4 587.9 577.1 557.5 542.1 530.2 560 606.5 635.2 640.1 649.2 683.4 713.3 750.7 784.5 742.5 785.4 926.7 984.9 884 803.9 979 1177.6 1239.3 1212.5 1011.4 1251 1386.7 1391.2 1362.4 1389.6 1405.9 1384.2 1392.1 1305.5 1171.4 1134.9 1151.1 1304.7 1449.2 1453.2 1456.8 1487 1542.2 1575.9 1537 1395.5 1291.8 1342.7 1386.1 1346.4 1119.9 1127.9 1100.9 -9999 -9999 -9999 -9999 -9999
1813.9 1414.9 869.5 489.9 349.5 325.9 344.4 355.6 354.6 365 392.1 429.8 485 580.7 656.3 629.9 614 620.1 628.5 628 607.4 569.6 552 551.4 589.6 625.4 639.2 665.9 713.2 735.9 771.5 793.3 758.7 882.2 1011 968.8 975.3 965.7 1077.9 1252 1329.1 1264.1 1332.8 1578.3 1476.8 1492.9 1519.4 1514.6 1515.2 1489 1532.9 1424.3 1297.6 1271.8 1360.2 1454 1687.9 1571 1621.9 1798.9 1673.3 1655 1713.8 1740.5 1682 1556.1 1539.3 1433.1 1269.1 1283.6 1290.2 -9999 -9999 -9999 -9999 -9999
2236.1 1825.2 1075.8 540 416.5 405 402.6 390.3 366.5 348.8 352.6 378.4 425.7 500.9 569.5 591.5 597.6 634.7 699.2 743.8 711.6 654 596.8 584.4 608.7 638.6 616.8 669.2 770.3 781.1 818.6 837.1 943.7 1258.7 1352.1 1087.4 1006.1 982.9 1033 1142.9 1180.2 1191.3 1314 1565.4 1568.5 1605.8 1769.5 1711.4 1590.5 1490.6 1471.9 1382.3 1432.3 1404.8 1515 1653.1 1672 1634.3 1591.8 1662.7 1726 1756.7 1850.5 1951 2219.9 1931.6 1865.4 1620 1587 -9999 1511.6 -9999 -9999 -9999 -9999 -9999
2116.4 1689.8 1063 561.4 512.8 462.8 471.4 441.8 381.9 328.8 332.7 325.4 338.5 384.4 472.8 556.3 548.2 604.7 721.1 808 842.8 793.7 690.7 646.2 655.3 621.4 591.6 657.3 750.7 798.2 873.3 905.3 997.7 1322.7 1618.1 1175.1 1152.3 1053.6 1000.9 1075.4 1073.3 1088.4 1177.5 1264.9 1367.4 1494.6 1615 1609.9 1533.5 1511.5 1476 1421.9 1422.3 1459.1 1537.4 1799 1788 1642.6 1547.4 1626.8 1692.8 1815.3 1914.2 1882.4 1989.9 1922.3 1821.4 1676.8 1621.1 1617.5 1606.1 1611 1621.1 -9999 -9999 -9999
1773.8 1060.9 429.7 499 708.2 404.1 503.2 373.5 375.5 337.2 316.2 294 272.3 258.8 355.3 610.2 873.8 951.2 1235 1320 1339.3 1281.4 999.1 730.4 681.2 647.8 634.8 637.6 611.8 758.8 942.7 969.7 980 961.5 1510.5 1407.9 1212.7 1152.9 1115.8 1115.1 1085 1100.5 1151.6 1185.3 1188.7 1344.5 1463.1 1524 1478.6 1523.9 1599.1 1588.7 1524 1504.1 1474.9 1629.1 1747 1720.1 1676.8 1679.6 1752.4 1765.5 2043 2013.9 2046.9 2065.9 1953.8 1778.1 1420.1 1740.2 1830.5 1785.8 -9999 -9999 -9999 -9999
811.5 348.8 219.3 805.4 1223.1 1554.8 907.2 318.8 359.8 319.9 293.9 262.8 228.3 201.3 253.8 1293.7 2593.3 3261.8 3592 3048.2 2685.5 2597.9 2037.8 1109.2 829.2 716.6 704.2 664.8 629 779.5 950.2 965.1 948.2 1002.7 1082.2 1094.5 1186.3 1237.5 1266.4 1189.3 1115.3 1105.8 1141.5 1126.3 1212.4 1403.5 1407.5 1427.3 1526.9 1599.3 1663 1684.1 1570.6 1536.8 1557.3 1642.5 1750.6 1739.2 1673.7 1640 1663.7 1703.7 1941.1 2100.4 2125.2 2126 1999.2 1846.3 1820.5 2015.9 2075.5 -9999 -9999 -9999 -9999 -9999
1102.5 892.6 1213.8 1821.3 1766.5 1309.6 899.4 668.9 455.9 396.9 498.3 339.3 234.3 220.6 430.7 3396.3 4780.8 4876 4219.8 3103.4 2732.4 2811.1 2953 1904.7 1189.8 779.4 748.3 779.5 805.8 862.8 922.5 915 885.3 884.8 850 760.6 992.3 1111.9 1131.3 1107.4 1061 1024.1 1047.6 994.2 933.4 1106.9 1239 1305.1 1509.5 1552.7 1509.1 1531.7 1522.8 1480.9 1610.4 1706.2 1821 1747.4 1574.1 1564.6 1652.4 1815.3 2056.1 2154.4 2130.6 1937 1890.8 1847.3 1882 1920.5 -9999 -9999 -9999 -9999 -9999 -9999
1779.7 1605.6 2483.8 2224.2 2232.3 1275.4 609 1492.9 2973.2 3122.1 2612.3 1838.5 904.2 845.5 1966.7 3485 3931.2 4635.6 3103.1 2510.3 2551.1 2923.9 3505.4 3074.1 2010.7 1203.2 922 966.7 1014.8 993.9 944.8 875.4 835.5 843.7 749.5 652.6 707.9 773.1 785.3 863 975.7 1067.9 1059.8 959.6 923.3 1005.3 1099.8 1132.9 1249.7 1287.7 1301.9 1395.7 1557.4 1624.7 1657.3 1725 1858.6 1720.8 1499.1 1460.7 1536.4 1539.2 1785.3 1953.8 1930 1809.2 1805 1805.9 1851.7 -9999 -9999 -9999 -9999 -9999 -9999 -9999
995.3 1413.6 1005.9 1680.4 2597.2 2376.5 2333.7 4568.9 4570.1 3238.7 2830.6 2599.8 2379.6 2274.4 2270.1 2745.2 3027.1 2352.8 2376.6 2530 2528.8 3067.2 3611.5 3615.8 2984.9 1777.6 1151.1 1159.7 1099.8 1053.6 940.2 793.5 697.8 688 622.3 523.4 594.8 618.5 608.9 747.6 911.5 974.4 955.4 928.7 970.4 976 1029.8 1032.3 1157.1 1222.4 1170.3 1288.6 1556.6 1848.2 1658.6 1592.8 1562.4 1391 1351.6 1428.4 1488.5 1376.2 1730.5 1788.8 1695.1 1696.6 1678 1716.1 1739.7 -9999 -9999 -9999 -9999 -9999 -9999 -9999
1492.8 1556.9 2255.5 2496.5 3129.7 3457.1 3841.6 4651.4 4351.3 3199 3170 2448.9 1927.3 2250.2 2325.9 2095.3 2037.8 2362.4 2459.8 2468.2 2567.3 3202.2 3502.3 3500.3 3156.5 2093.7 1207.2 1223.7 1101.8 1092.6 924.4 738.4 602 616.9 602.7 586.4 572.7 618.9 690.8 831.1 915.6 905.2 867.3 872.8 908.7 943.8 1047 1110.6 1239.9 1374.6 1229.9 1268 1358.2 1405.4 1482.5 1375.2 1347.5 1284.7 1275.4 1404.3 1527.7 1488.1 1547.8 1563.5 1528.1 1530.7 1524.3 1730.1 -9999 -9999 -9999 -9999 -9999 -9999 -9999 -9999
1042.7 1544.9 2103.4 2529.5 2607.4 3242.5 3056.4 3624.6 3099.6 3096.8 2590.7 2028.2 2108 1865.6 2118.2 1750.9 2420.4 2461.1 2587.8 2638.2 2485 2743.4 2990.8 2973 2510 1946.6 1283.8 1138.6 1113.5 1030 817.2 668.4 653.8 626.4 573.8 603.2 656.6 713.6 814.3 898.5 886.9 839.9 872.3 912.9 945.1 990.2 1065.8 1102 1259.4 1276.1 1180.8 1220.7 1299.9 1383.7 1398.2 1358.9 1301 1263.8 1249.9 1365.4 1408.3 1411.7 1401 1544.9 1517.8 1417 1270.7 -9999 -9999 -9999 -9999 -9999 -9999 -9999 -9999 -9999
874.7 1397.6 1848.6 1915.7 1827.2 1847.5 1433.2 2657.4 3271 3124.4 3138.6 3306.7 3233.3 2242.8 1628.1 1620.1 1780.2 2100.1 2278.4 2149.9 2057.4 2225.6 2290.6 2211.5 2048.3 1584.5 1209.6 1082.9 1038.6 957.1 693.6 489.9 593.9 672.6 674 747.8 780 717.5 780.9 855.3 855 835.8 929.3 988.1 1004.5 1030.9 1208.1 1343 1456.7 1387.1 1197.4 1168.1 1268.6 1380.1 1404.4 1351.3 1326.5 1300.3 1256 1379.9 1411.4 1375.4 1339.8 1492.8 1604.7 1364.9 1173.7 -9999 -9999 -9999 -9999 -9999 -9999 -9999 -9999 -9999
1181 1376 1290.3 1580.5 1456.2 1734 1916.5 2264.2 3170.5 3816 11404.1 13519.3 5326.5 4105.7 3227.3 2465.5 2000.1 1911.7 2085.6 1939.6 1949.2 2104.5 2144.3 1979.4 1662.5 1442.3 1092.8 1052.6 951.8 842.2 628.5 598.3 721.2 808.4 789 776.8 789.4 755.8 751.6 822.1 830.9 807.7 933.3 1093.3 1163.5 1180 1302.9 1441.2 1350.3 1396.3 1272.7 1169.6 1207.1 1206.4 1250 1310.5 1363.5 1342.6 1376.8 1459.8 1455.1 1388.7 1371.2 1384.1 1298.8 1123.5 951.8 -9999 -9999 -9999 -9999 -9999 -9999 -9999 -9999 -9999
1254.6 1267.3 1157.3 1462.5 1315 1510.8 1862.4 2005.5 2478.7 2948 5372.2 5186.2 4698.2 4153.4 3933.5 2060.9 1956.8 2253.9 2192.5 1893.1 1801.9 1897.3 1943.1 1739.7 1534.9 1422.8 1192.6 1057.4 970.6 820.6 638.1 647 766.3 831.7 814.2 758.1 755.6 853.3 903.9 854.6 805.9 836.1 1007.1 1239.2 1305.7 1262.7 1066.3 1260.8 1275.6 1233 1154.6 1123.3 1161.8 1180 1192.6 1206.1 1380.7 1474 1479.5 1476.5 1444 1388.2 1311.6 1252.1 1127.9 1060 -9999 -9999 -9999 -9999 1432 962.4 -9999 -9999 -9999 -9999
1528.5 1448.8 1189 1473 1410 1429.3 1520.1 1632.6 1785.6 1992.8 2264.8 2203.1 3132.5 3446.6 3489 1919.6 2027.6 2189.5 2083.5 1770.4 1738.6 1777.9 1826.6 1520.3 1438.3 1381.5 1273.2 1089.4 988.3 918.3 737.6 667.6 745 797.9 791.9 828 888.5 828.5 797.2 800.6 832.3 829.6 945.2 1244.5 1306.7 1158 995.6 982.7 971.8 1116.3 1023.4 1077.1 1197 1324.4 1470.6 1462.1 1534.6 1548.7 1481.4 1453.9 1475.1 1349.8 1210.1 1177.7 -9999 -9999 -9999 -9999 -9999 1692.2 2345.8 -9999 -9999 -9999 -9999 -9999
1839.7 1640.2 1439.7 1711.7 1359.5 1311.7 1305.8 -9999 -9999 1620.9 1610.2 1732.7 2377.1 2254.5 2441.5 2242 2135.8 1980.8 1723.9 1553.5 1607 1617 1598.5 1466.9 1431.8 1374.4 1314 1117.2 997.8 1032.9 955.2 657.8 623.5 705.7 668.4 1178.6 1182.1 932 902.6 938.8 892 830.7 928.7 1196 1271.4 1200.8 922.2 846 998.8 1002.3 926.5 1067.6 1353.4 1558.9 1639 1728.2 1641.6 1622.5 1498.6 1389.2 1319.5 1239.9 1081.7 -9999 -9999 -9999 -9999 -9999 548.4 1006.5 953.7 -9999 -9999 -9999 -9999 -9999
1492.4 1508.7 1413.6 1427.1 1276.1 1279.2 1199.5 1429.5 1491.9 1767.8 1731.9 1781 2663.7 3735.3 2419.2 2054.8 1907 1548.1 1160.1 1170.7 1571.9 1270.2 1558.1 1515.4 1414.2 1348 1306.7 1243.6 1211 1286 1333.3 1140.6 999 756.8 743.5 1167.1 1244.3 1558.7 1396.4 1035 1020.5 1042.4 1069.2 1120.2 1105.6 1109.1 894.9 909 970.5 991.3 1071.5 1202.9 1598.6 1730.1 1568.2 1606.5 1629.6 1591.3 1300.1 1159.1 1141.5 1142.7 -9999 -9999 -9999 -9999 -9999 -9999 1015.9 1729.1 1055.2 -9999 -9999 -9999 -9999 -9999
1576.6 1561.5 1724.2 1536.8 1522.7 1442.9 1387.2 1512.2 2080.5 -9999 -9999 2263.5 2339.7 3124.1 2452.8 1916.7 1460.7 1168.6 915.7 931 1555.1 1660 1353.9 1417.3 1359 1196.8 1239.3 1418.8 1395.4 1363.9 1426.6 1680.1 1530.7 1120.2 1261.9 1623.3 1614.4 1907 1734.7 1140.9 1080.1 1201.5 1029.6 916.1 836.1 849.2 814.1 697.2 860.4 1081.5 1195.3 1324.8 1565.5 1681.3 1554.6 -9999 1743.7 1541.8 -9999 -9999 -9999 -9999 -9999 -9999 -9999 -9999 -9999 -9999 479.7 3092.9 -9999 -9999 -9999 -9999 -9999 -9999
1647.3 1685.3 1796.8 1598.8 1569.3 1565.8 1474.3 1842.6 2454.1 2375.9 -9999 -9999 2465.8 2938.3 2571.6 1830.1 1085.9 936.6 849.2 843.7 955.3 1294.8 1302.9 1329.6 1297.9 1232.6 1251.1 1361.3 1311.1 1198.2 1357.5 1229 1388.6 1407.5 1709.4 2337.7 1669.9 1806.7 1421.7 1242.1 1255.5 1067.5 957.5 1139.5 1004.3 989.6 859.7 475.4 862.6 1274.6 1407.5 1407.2 1472.1 1628.4 1550.5 -9999 -9999 -9999 -9999 -9999 -9999 -9999 -9999 -9999 -9999 -9999 -9999 -9999 -9999 2132.9 -9999 -9999 -9999 -9999 -9999 -9999
1669.9 1731.8 1607.8 1639.8 1602.8 1697.9 1616.6 -9999 -9999 -9999 -9999 -9999 2929.6 3144.9 2874 1716.8 1196.9 918.4 738.4 776.4 860.7 1226.9 1663.3 1512.9 1322.5 1122 1083.9 1117.4 1214 1174.2 1348.4 1691.4 1408.7 1556.3 1700 1655.3 1443.7 1603.5 1146.2 1310 1153.8 917.2 1101.9 2021.2 1698.9 1212.5 1193.6 1219.5 1211.5 1292.2 1409.7 -9999 1504.3 -9999 -9999 -9999 -9999 -9999 -9999 -9999 -9999 -9999 -9999 -9999 -9999 -9999 -9999 -9999 -9999 -9999 -9999 -9999 -9999 -9999 -9999 -9999
1554.3 1805.8 -9999 -9999 -9999 -9999 -9999 -9999 -9999 -9999 -9999 -9999 3647.3 4034.3 3624.3 2442.2 1386 936.2 818.8 763.9 731.4 2052 1863.8 1649.8 1479.2 1165.1 1042.2 1004.7 1185.3 1391.8 1512.6 1353.4 1449.6 1628.7 1618.2 1298.3 1118.4 1102 1155.8 800.6 1044.7 1154.3 2003.2 -9999 -9999 -9999 -9999 -9999 1551.5 -9999 -9999 -9999 -9999 -9999 -9999 -9999 -9999 -9999 -9999 -9999 -9999 -9999 -9999 -9999 -9999 -9999 -9999 -9999 -9999 -9999 -9999 -9999 -9999 -9999 -9999 -9999
1588.1 1492.6 -9999 -9999 -9999 -9999 -9999 -9999 -9999 -9999 -9999 -9999 -9999 4330.6 4057.7 2768.1 1339.6 945.3 793.6 775.9 851.4 1606.6 1642.4 1516.5 1519.3 1338.5 1308.1 1323.7 1355.4 1397.5 1292 1336.3 1468 1577.9 1519.5 1261.2 1126.2 1167.4 1700.5 1660.8 1347 1061.6 -9999 -9999 -9999 -9999 -9999 -9999 1682.7 -9999 -9999 -9999 -9999 -9999 -9999 -9999 -9999 -9999 -9999 -9999 -9999 -9999 -9999 -9999 -9999 -9999 -9999 -9999 -9999 -9999 -9999 -9999 -9999 -9999 -9999 -9999
1715 -9999 -9999 -9999 -9999 -9999 -9999 -9999 -9999 -9999 -9999 -9999 -9999 -9999 -9999 3569.8 1452 1021.9 800 826 860.4 1232.2 1436.2 1448.8 1406.1 1484 1576.1 1626.5 1474.3 1386.3 1341 1417.2 1448.6 1445.5 1468.7 1305.6 1127.9 1111.9 1425.1 1616.5 1270.6 -9999 -9999 -9999 -9999 -9999 -9999 -9999 -9999 -9999 -9999 -9999 -9999 -9999 -9999 -9999 -9999 -9999 -9999 -9999 -9999 -9999 -9999 -9999 -9999 -9999 -9999 -9999 -9999 -9999 -9999 -9999 -9999 -9999 -9999 -9999
-9999 -9999 -9999 -9999 -9999 -9999 -9999 -9999 -9999 -9999 -9999 -9999 -9999 -9999 -9999 4059.6 2668.6 1002 778.8 798.7 1247.4 1233.4 1201.6 1275.2 1272.8 1340.1 1504.7 1610.6 1462.4 1276.9 1243.1 1370.7 1377.9 1588.9 1604 1385.4 1021.3 941.4 1228.9 960.2 -9999 -9999 -9999 -9999 -9999 -9999 -9999 1797.7 2064.8 2091.1 -9999 -9999 -9999 -9999 -9999 -9999 -9999 -9999 -9999 -9999 -9999 -9999 -9999 -9999 -9999 -9999 -9999 -9999 -9999 -9999 -9999 -9999 -9999 -9999 -9999 -9999
-9999 -9999 -9999 -9999 -9999 -9999 -9999 -9999 -9999 -9999 -9999 -9999 -9999 -9999 -9999 -9999 3166 1035.3 710 643.6 1355.2 1620 1416 1282 1243.3 1216.6 1232.9 1204.7 1165.7 1051.3 1165.5 1215.1 1883.5 2104.8 1514.1 1356.9 886.4 1010.3 852 705.1 -9999 -9999 -9999 -9999 -9999 678.7 1400.6 1841.3 2103.9 -9999 -9999 -9999 -9999 -9999 -9999 -9999 -9999 -9999 -9999 -9999 -9999 -9999 -9999 -9999 -9999 -9999 -9999 -9999 -9999 -9999 -9999 -9999 -9999 -9999 -9999 -9999
-9999 -9999 -9999 -9999 -9999 -9999 -9999 -9999 -9999 -9999 -9999 -9999 -9999 -9999 -9999 -9999 2830.4 1704.5 658.8 764.3 1736.1 2339.9 2148.9 1489.9 1206.4 1178.7 1083 1038.3 991.4 945.2 1105.1 1477.4 2270.2 2415.4 2143.2 2729.8 1978.5 1455.8 960.6 -9999 -9999 -9999 -9999 -9999 -9999 900.5 1343.5 1570.4 1847 -9999 -9999 -9999 -9999 -9999 -9999 -9999 -9999 -9999 -9999 -9999 -9999 -9999 -9999 -9999 -9999 -9999 -9999 -9999 -9999 -9999 -9999 -9999 -9999 -9999 -9999 -9999
-9999 -9999 -9999 -9999 -9999 -9999 -9999 -9999 -9999 -9999 -9999 -9999 -9999 -9999 -9999 -9999 -9999 1736.9 668.6 758.1 1791 2589.1 2540.4 1395.1 1030.9 993.5 980.8 962 827.2 978.3 1175.7 1371.9 1688.7 1857.8 2281.2 2935.6 2794.6 2090.4 1419.2 1602.2 -9999 -9999 -9999 -9999 -9999 -9999 -9999 -9999 -9999 -9999 -9999 -9999 -9999 -9999 -9999 -9999 -9999 -9999 -9999 -9999 -9999 -9999 -9999 -9999 -9999 -9999 -9999 -9999 -9999 2475.5 2080.9 1353.2 1305.7 -9999 -9999 -9999
-9999 -9999 -9999 -9999 -9999 -9999 -9999 -9999 -9999 -9999 -9999 -9999 -9999 -9999 -9999 -9999 -9999 2248 895.3 949.1 1300.6 2389.2 2612.9 1920.7 1284.5 1101.4 1014.7 1090.8 1158.1 1087 1107 1163.2 1348.9 1349.6 1664.2 2212.3 2244.6 2138.7 2204.3 2091.6 1799.7 -9999 -9999 -9999 -9999 -9999 -9999 -9999 -9999 -9999 -9999 -9999 -9999 -9999 -9999 -9999 -9999 -9999 -9999 -9999 -9999 -9999 -9999 -9999 -9999 -9999 -9999 -9999 -9999 2910.7 2073.2 1118.8 -9999 -9999 -9999 -9999
-9999 -9999 -9999 -9999 -9999 -9999 -9999 -9999 -9999 -9999 -9999 -9999 -9999 -9999 -9999 -9999 -9999 1581.6 1088.8 1013.1 1214.5 2358.8 3315.6 1459.1 1690 1194.7 925.7 1194.7 1331.5 1240.5 1102 1096.5 1279.1 1334.7 1372.7 1602.9 1714 1932.4 2419.4 2129.7 1421.2 1265.7 -9999 -9999 -9999 -9999 -9999 -9999 -9999 -9999 -9999 -9999 -9999 -9999 -9999 -9999 -9999 -9999 -9999 -9999 -9999 -9999 -9999 -9999 -9999 -9999 -9999 -9999 -9999 3120.8 2869.4 1952.6 1641.1 -9999 -9999 -9999
-9999 -9999 -9999 -9999 -9999 -9999 -9999 -9999 -9999 -9999 -9999 -9999 -9999 -9999 -9999 -9999 -9999 1284.3 1100 1017.5 1365.9 1797.2 3879.9 3620.4 2771.4 1132.9 1098.4 1219 1448.3 1240.7 1074.1 1074.3 1175.1 1235 1271.2 1412.7 1550.2 1556.8 1665 1632.5 1504.5 1271.1 1584.4 -9999 -9999 -9999 -9999 -9999 -9999 -9999 -9999 -9999 -9999 -9999 -9999 -9999 -9999 -9999 -9999 -9999 -9999 -9999 -9999 -9999 -9999 -9999 -9999 -9999 -9999 3333.1 2780.1 1892.7 2285.4 -9999 -9999 -9999
-9999 -9999 -9999 -9999 -9999 -9999 -9999 -9999 -9999 -9999 -9999 -9999 -9999 -9999 -9999 -9999 1418.8 1390.5 1123.4 1141.4 -9999 -9999 -9999 4162.4 3205.3 1564 1072.7 1066.1 1126.8 1122.9 1088.4 1010.5 1064.1 1162.7 1138.4 1290.3 1352.2 1438.1 1421.3 1625.6 1647.1 1702.4 1556.3 1637.4 -9999 -9999 -9999 -9999 -9999 -9999 -9999 -9999 -9999 -9999 -9999 -9999 -9999 -9999 -9999 -9999 -9999 -9999 -9999 -9999 -9999 -9999 -9999 -9999 -9999 3432.4 2280.8 2606 -9999 -9999 -9999 -9999
-9999 -9999 -9999 -9999 -9999 -9999 -9999 -9999 -9999 -9999 -9999 -9999 -9999 -9999 -9999 -9999 -9999 -9999 -9999 -9999 -9999 -9999 -9999 4335.9 3198.8 1792.1 1134.7 907.9 864.1 994.5 1042.7 947 936.5 1086.2 1165 1178.6 1230.6 1332.3 1630.3 1803.9 1547.5 2081.1 1962.6 1196.9 716 -9999 -9999 -9999 -9999 -9999 -9999 -9999 -9999 -9999 -9999 -9999 -9999 -9999 -9999 -9999 -9999 -9999 -9999 -9999 -9999 -9999 -9999 -9999 2187.6 1833.6 1972.7 -9999 -9999 -9999 -9999 -9999
