datasets/global_precipitation_1950_2017/rasters/precip_1999-total.asc
NCOLS 720 
NROWS 347 
XLLCORNER -180 
YLLCORNER -90 
CELLSIZE 0.5 
NODATA_value -9999 
[rows 170 to 203 of 347, columns 380 to 455 of 720]
2106.8 2208.4 2167.8 2172.6 2105.5 2084.1 2132.7 2091.7 2197 2230.5 2031.8 1946.5 1804.6 1729.9 1719.7 1797.3 1800.1 1885.1 1979.3 2078 2116.2 2116 2127.1 2101.9 2059 2017.2 1946.8 1884.3 1869.6 1806.7 1681.2 1691.7 1826.8 2003.1 2166.4 2011.6 1844 1706.1 1303.7 1395.7 1122.2 1096.4 1381.2 1639.8 1744.8 1379.4 1110.8 1069.5 1199 1198.3 922.9 669.5 325.7 1155.9 558.6 710.8 567.9 555.4 479.3 517.6 717.2 818.4 827.5 -9999 -9999 -9999 -9999 -9999 -9999 -9999 -9999 -9999 -9999 -9999 -9999 -9999
2021.3 1983.2 1978.9 1976 1879.9 1897 2007.2 2037.7 2198.6 2337.4 2113.6 1968.6 1831 1760.5 1724 1768.7 1780.6 1795.7 1892.6 2050.8 2096.6 2060.7 2078.3 2113 2090.4 1991.5 1875.9 1791.9 1787.5 1622.2 1598.7 1586.4 1801 2054.9 2152.1 2173.8 1834.5 1778.3 1316.5 1208.6 1100.6 989.7 1146.4 1264 1190.8 1109.3 1032.8 1002.1 984 834.6 781.4 725.8 449.3 566.4 527.6 464.8 478 511.2 548.9 806.3 1001.6 938.9 -9999 -9999 -9999 -9999 -9999 -9999 -9999 -9999 -9999 -9999 -9999 -9999 -9999 -9999
1792.8 1638.2 1614.6 1675.8 1657.4 1774 1864.6 2021.3 1989.4 2232.6 2154.7 2010.3 1755.3 1728.3 1694.2 1719.8 1735.8 1731.9 1717 1809.2 1826.5 1840.6 1923.1 2061.7 2067.9 1903.4 1778.3 1728.2 1689.9 1601.4 1600.8 1606.9 1756.4 1963.8 2119.6 2368.9 2515.8 1341.7 1149 1175.6 1112.4 1056.2 1035.9 1058.7 1024.7 965.7 870.7 840.7 807.4 778.9 741.2 650 593.2 496.6 869.6 624.3 509.9 539.8 732.8 987.9 -9999 -9999 -9999 -9999 -9999 -9999 -9999 -9999 -9999 -9999 -9999 -9999 -9999 -9999 -9999 -9999
-9999 1799.7 1602.3 1502.2 1425.6 1603.1 1692.4 1816.9 1938.7 2083.8 2099.6 2021.3 1750.5 1711.4 1677.6 1655.1 1678.9 1652.9 1645.2 1658.2 1668.2 1685 1659.7 1834.4 1856.1 1775.4 1742.4 1701.4 1653.8 1593.4 1580.2 1602.4 1664.2 1843.7 2268.1 2594.8 2657.8 1249.6 885.6 1137.7 1142.3 1079.8 1016.3 1017.7 956.5 887.5 791.5 784.7 683.6 785.1 875.4 848.8 784.9 891.1 1586.6 969.7 882.9 487.7 794.2 1016.6 -9999 -9999 -9999 -9999 -9999 -9999 -9999 -9999 -9999 -9999 -9999 -9999 -9999 -9999 -9999 -9999
-9999 -9999 1570.5 1421.1 1390.6 1429.2 1651.1 1556.8 1655.6 1930.1 1798.3 1732.6 1689.5 1699.9 1696.5 1688.1 1636.5 1649.7 1663.7 1683.7 1689.2 1669.6 1620.4 1670.9 1716.8 1659.5 1687.3 1664 1611.2 1576 1533.9 1488.5 1471.8 1582.7 1944.1 2230.1 2098.2 1015.8 1011.6 1253.2 1153.4 1181.3 1053.5 909.9 895.3 916.9 760.9 736.9 692 786 909.8 817.1 812.3 799.6 701.4 587.1 577.8 569.4 891.8 951.6 -9999 -9999 -9999 -9999 -9999 -9999 -9999 -9999 -9999 -9999 -9999 -9999 -9999 -9999 -9999 -9999
-9999 -9999 -9999 1447.7 1514.2 1412.5 1400.9 1439.8 1566.8 1638.2 1704.4 1566.8 1590.9 1681.4 1736.8 1759.5 1599.4 1629.4 1671.3 1710.5 1702.6 1721.1 1683 1643.1 1629.9 1564 1600.9 1606.3 1579.5 1546.6 1447.6 1340.2 1301.5 1297.4 1380.6 1461.3 1274.5 1137.2 1087 1123.9 1180.2 1148.9 1021.8 906.2 897.2 833.5 740.4 744.2 770.6 685 766.6 745.2 697.2 445.9 507 501 755.5 1005.3 1040.2 -9999 -9999 -9999 -9999 -9999 -9999 -9999 -9999 -9999 -9999 -9999 -9999 -9999 -9999 -9999 -9999 -9999
-9999 -9999 -9999 -9999 1478.4 1554.5 1461.7 1454.3 1542.9 1525.9 1585.9 1559.4 1592.8 1671.1 1749.9 1762.5 1711.4 1682.2 1715 1739.2 1727.4 1729.3 1690 1627.1 1614.5 1598.3 1589.8 1565.1 1545.3 1497 1397.1 1320.2 1257.1 1226.5 1280 1390.9 1266.7 1115.8 1016.3 989.8 1119.2 1010.8 947.6 911.3 915.7 916.1 837.5 783.8 686.6 655.3 683.8 701.9 669.4 575.5 570.6 810.7 976 1161.5 -9999 -9999 -9999 -9999 -9999 -9999 -9999 -9999 -9999 -9999 -9999 -9999 -9999 -9999 -9999 -9999 -9999 -9999
-9999 -9999 -9999 -9999 1314.2 1437 1380.1 1314 1466.7 1538.8 1749.8 1665 1697.6 1673.9 1721.4 1775.3 1748.3 1760.2 1775.5 1762.3 1724.5 1681.7 1647.7 1640.7 1646.1 1626.2 1588.4 1557.4 1528.8 1517.5 1329.1 1316 1207.2 1149.1 1160.4 1211.1 1178.7 1057.7 996.7 976.2 984.7 953 952.9 947.1 989.5 840.4 843.2 801.2 677.2 665.4 639.3 636.1 660.7 661.2 563.8 817.8 1275.5 1447.1 -9999 1848.5 -9999 -9999 -9999 -9999 -9999 -9999 -9999 -9999 -9999 -9999 -9999 -9999 -9999 -9999 -9999 -9999
-9999 -9999 -9999 -9999 1050.5 1196.3 1254.7 1262.9 1452.4 1531 1539.2 1724 1736.8 1676.4 1749.1 1810.8 1801.8 1824.1 1806.2 1772.4 1606.3 1557 1601.2 1673.8 1664.1 1637 1547.9 1477 1531.5 1518.7 1435.8 1332.8 1150.7 1096.8 1111.9 1135.2 1115.1 1057.9 1045.3 1026.2 1006.4 1016.7 1027.7 1000.8 956.6 885.9 858.2 776.2 678.6 686.6 669.9 658.2 662.2 695.8 744.6 868.3 1032 1250.8 -9999 -9999 -9999 -9999 -9999 -9999 -9999 -9999 -9999 -9999 -9999 -9999 -9999 -9999 -9999 -9999 -9999 -9999
-9999 -9999 -9999 -9999 -9999 1099.7 1197.4 1313.5 1455.9 1471.2 1507.2 1593.6 1733.7 1754.6 1765 1828.6 1864.5 1831.7 1833.8 1756.2 1576.1 1506.2 1565.5 1680.8 1712.7 1655.6 1522.5 1418.2 1555 1585.9 1490.7 1328 1068.6 1048.7 1072.5 1102.4 1091 1064.3 1060.1 1073.9 1021.9 1010.7 1064.6 1006.7 958.4 864.6 842 795.1 709.1 687.5 683.6 658.8 659.7 763.6 883.6 1026.6 1059.6 1274.9 1498.9 -9999 -9999 -9999 -9999 -9999 -9999 -9999 -9999 -9999 -9999 -9999 -9999 -9999 -9999 -9999 -9999 -9999
-9999 -9999 -9999 -9999 -9999 908.5 1192.3 1280.1 1471.4 1495 1440.7 1561.3 1735.8 1766.8 1730.4 1795.6 1851 1839.8 1830.3 1759 1619.3 1580.1 1593.2 1632.7 1681.5 1665.2 1549.6 1451.4 1428.7 1483.5 1432.2 1339.8 1146.5 1025.4 1059.2 1098.7 1079 1033.6 1072.8 1125 990.4 956 969.6 984.5 940.5 867 854 846.9 782.7 674.5 660.8 686.8 720.4 714.6 1054.6 934.8 1160.8 1133.6 1124 -9999 -9999 -9999 -9999 -9999 -9999 -9999 -9999 -9999 -9999 -9999 -9999 -9999 -9999 -9999 -9999 -9999
-9999 -9999 -9999 -9999 -9999 -9999 925.7 1049.1 1520.1 1705 1710.4 1674.5 1666 1674.6 1652.6 1679.5 1771.3 1822 1787.6 1726.7 1682.4 1716.2 1641.7 1581.1 1617.2 1621.9 1539.1 1475.7 1489.7 1479.2 1416.2 1375.1 1206.6 1074.7 1133.7 1085.2 1040.5 977.7 890.6 1175.1 979.8 886.4 970.2 963.6 970.3 936.4 909.6 874.1 802.3 742.4 625.4 655.2 912.7 1336.4 1364.6 1585.3 1427.7 1196.3 1262.8 -9999 -9999 -9999 -9999 -9999 -9999 -9999 -9999 -9999 -9999 -9999 -9999 -9999 -9999 -9999 -9999 -9999
-9999 -9999 -9999 -9999 -9999 -9999 728.7 868 1452.5 1731 1794 1634.7 1455.4 1433.5 1416 1473.8 1701.5 1768 1743.1 1678.1 1661.9 1631.9 1569.3 1576 1581 1601.7 1536.5 1495.9 1534.9 1495.6 1414 1354.3 1189.3 1026.7 1075.5 1059.5 1019.1 1004.5 1013.8 1057 999.6 994.2 988 931.9 1001.3 1017.5 981.9 923.8 837.8 842.9 856.9 869.9 1238.3 1784.2 1678.9 1577.1 1285.5 1219.3 1386.8 -9999 -9999 -9999 -9999 -9999 -9999 -9999 -9999 -9999 -9999 -9999 -9999 -9999 -9999 -9999 -9999 -9999
-9999 -9999 -9999 -9999 -9999 -9999 -9999 909.5 1281.9 1412.9 1419.3 1409.1 1416.4 1393.7 1363.4 1479.5 1713.1 1775.7 1740.5 1670.9 1622.8 1597.8 1564.6 1571.4 1547.5 1499.7 1493.5 1490.3 1459.1 1415.7 1388.6 1340.7 1233.4 1101.1 1118.4 1081.2 1038.5 1027.8 1065.4 1115 1092.6 1106.4 1022.4 916.5 981 1032.2 1036.1 1035.7 921.4 870.2 1121.4 1169.2 1583.7 1759.7 1885.1 1650.5 1197.3 1252.9 1399.3 -9999 -9999 -9999 -9999 -9999 -9999 -9999 -9999 -9999 -9999 -9999 -9999 -9999 -9999 -9999 -9999 -9999
-9999 -9999 -9999 -9999 -9999 -9999 -9999 892.3 1229.8 1257.9 1105.2 1223.3 1349 1437.7 1469.5 1546.6 1725.9 1774.2 1706.6 1612.1 1550.5 1543 1553.9 1547.7 1449.3 1359 1355.4 1404.2 1416.7 1461.4 1378 1312 1286.8 1199.6 1173.2 1112.8 1059.2 1218.9 1153.1 1236.2 1186.2 1077.9 1094.1 1010.7 999.7 1170.1 1122.3 1343.4 1344 1105.1 1473 1622.3 1887 2104.1 1905.2 1631.1 1243.3 1281.8 1230.3 -9999 -9999 -9999 -9999 -9999 -9999 -9999 -9999 -9999 -9999 -9999 -9999 -9999 -9999 -9999 -9999 -9999
-9999 -9999 -9999 -9999 -9999 -9999 820.8 880.9 1057.7 1299.6 1288.3 1213.8 1282.8 1468.3 1665.2 1591 1656.5 1673.2 1599.2 1509.2 1445.4 1441 1477.6 1449.1 1346.9 1348.8 1368.7 1384.8 1355.1 1299.5 1347.9 1298.6 1283.2 1201.4 1143.6 1117.5 1122.5 1182 1209.7 1226.4 1215.4 1151.1 1099.1 1046.9 893.6 1278 1753.5 2416.4 1725.9 1371.7 1642.6 1823.6 1813.2 1570.8 1616.7 1362.3 1254.4 1246.2 1220.8 -9999 -9999 -9999 -9999 -9999 -9999 -9999 -9999 -9999 -9999 -9999 -9999 -9999 -9999 -9999 -9999 -9999
-9999 -9999 -9999 -9999 -9999 -9999 1001.4 1161.5 995.3 1126.9 1231 1221.1 1316.2 1406 1510.6 1483.2 1522.3 1565.1 1534.9 1483.5 1388.2 1396.3 1451.6 1414.1 1350.3 1357.9 1401.9 1405 1361.9 1329.3 1296.2 1260.3 1253.6 1152.1 1065.3 1110.3 1163.3 1239.1 1144.9 1225.8 1214.3 1166.9 1137.3 1071.6 1083.8 1223.6 1935.7 2056.9 1673.3 1587.3 1665.4 1750.1 1653.7 1593.1 1385.7 1247.9 1233.4 1228.7 1188.5 -9999 -9999 -9999 -9999 -9999 -9999 -9999 -9999 -9999 -9999 -9999 -9999 -9999 -9999 -9999 -9999 -9999
-9999 -9999 -9999 -9999 -9999 -9999 -9999 876.6 997.1 1253.1 1322.4 1301.4 1323 1388.3 1436.4 1461.7 1551.1 1539.5 1522.5 1466.1 1403.3 1414.5 1456.1 1416.3 1381.3 1385.6 1431.1 1449.9 1454 1361.2 1285.3 1222.9 1272.3 1093.4 1075.4 1139.6 1162.2 1127.5 1215.1 1355.6 1293.7 1175.8 1182.4 1097.9 1143.3 1240.5 1398.4 1594.4 1618.4 1454.9 1507 1482.7 1481.1 1411.3 1286.1 1248.4 1219.4 1234.8 1204 1162 1248.6 -9999 -9999 -9999 -9999 -9999 -9999 -9999 -9999 -9999 -9999 -9999 -9999 -9999 -9999 -9999
-9999 -9999 -9999 -9999 -9999 -9999 -9999 590.7 914 1337.8 1376.3 1402.7 1443.9 1494.1 1467.7 1496.7 1556.6 1506.9 1462.8 1393.4 1377.4 1408.2 1448 1412.1 1355.9 1387.4 1428.8 1476.1 1532 1429.3 1322.8 1259.4 1251 1182.6 1235.9 1220.2 1201.8 1208.3 1323.1 1446.4 1364.7 1206.5 1172.9 1170.6 1207.9 1299.5 1265 1429.4 1778.3 1609.7 1488.3 1438.8 1430.9 1333.6 1307.6 1306.2 1240.5 1214.2 1210.6 1175.7 1135.5 -9999 -9999 -9999 -9999 -9999 -9999 -9999 -9999 -9999 -9999 -9999 -9999 -9999 -9999 -9999
-9999 -9999 -9999 -9999 -9999 -9999 -9999 -9999 1033.1 1191.6 1338.8 1376.5 1430.9 1503.3 1417.9 1382.9 1421.6 1411.3 1311.6 1248 1249.6 1337.8 1409.9 1396.8 1366.6 1397.5 1424.7 1487 1547.3 1457.7 1349.3 1304 1340.7 1320.4 1301.7 1291.1 1255.3 1200.1 1414 1513.1 1429.8 1279.9 1229.8 1217.7 1302.6 1276.9 1332.4 1367.6 1925.2 1807.6 1764 1521.6 1406.6 1328.7 1297.6 1403.9 1354.1 1248.8 1241.3 1218.4 1092.3 -9999 -9999 -9999 -9999 -9999 -9999 -9999 -9999 -9999 -9999 -9999 -9999 -9999 -9999 -9999
-9999 -9999 -9999 -9999 -9999 -9999 -9999 -9999 1236.3 1204.5 1320.2 1371.5 1437.5 1417.2 1293.6 1287.5 1358.3 1337.6 1232.1 1152.7 1159.7 1239.3 1347.1 1327.3 1318.8 1353.4 1384.6 1400.4 1421.1 1445.2 1412.4 1386.1 1415.6 1395.8 1382.5 1339.9 1344.8 1312.8 1429.9 1475.6 1460.6 1261.4 1177 1249.9 1288.3 1257.4 1419 1678.7 2282.1 1845 1731.7 1640 1462.1 1449.3 1505.3 1576.9 1563.8 1363.5 1309.6 1252.7 1145.4 -9999 -9999 -9999 -9999 -9999 2166.8 -9999 -9999 -9999 -9999 -9999 -9999 -9999 -9999 -9999
-9999 -9999 -9999 -9999 -9999 -9999 -9999 497.6 1127.2 1305.1 1352.7 1373.3 1346.1 1290.5 1258.8 1282.1 1357.4 1344.3 1212.5 1119.5 1103 1120.6 1132.2 1106.4 1122.7 1160.7 1231.9 1316.5 1373.3 1412.7 1391 1360.3 1379.7 1435 1402.9 1411.2 1401.2 1350.7 1269.3 1292.2 1263.1 1219.6 1230.5 1258.2 1223.4 1226.2 1291.2 1857.3 2097.4 1683.1 1641.5 1618.7 1613.9 1588.8 1593 1679.1 1573.3 1307.5 1240.1 1225.3 1170.9 -9999 -9999 -9999 -9999 -9999 -9999 -9999 -9999 -9999 -9999 -9999 -9999 -9999 -9999 -9999
-9999 -9999 -9999 -9999 -9999 -9999 391.8 701 1234.8 1418 1309.1 1371.7 1291.5 1266.2 1249.2 1273.5 1326.5 1313.1 1116.4 1045 1019.6 1001.7 1017.4 1041 1079.4 1023.6 1046.8 1151.2 1250.1 1280.5 1232.2 1258.9 1322.3 1393.7 1421.9 1426.5 1446.1 1360.8 1292.1 1279.6 1253.5 1233.7 1211.2 1128.7 1164.9 1207 1213.5 1450.5 1845.9 1742.6 1635.7 1582.4 1568.5 1475.2 1448.4 1431.1 1322.6 1117.2 1112 1103.2 998.1 -9999 -9999 -9999 -9999 -9999 -9999 -9999 -9999 -9999 -9999 -9999 -9999 -9999 -9999 -9999
-9999 -9999 -9999 -9999 -9999 369.6 517.3 906.7 1221.6 1302.5 1237.5 1177.9 1223.5 1161.6 1175.5 1212.8 1284.5 1114.1 1013.8 994.3 979 963.5 967.5 995.5 1020.9 985.9 997.1 1012.4 1038.8 1079 1144.5 1171.6 1216.5 1272.9 1323.5 1332.1 1335.4 1369.7 1274.9 1280.1 1317.8 1270.3 1193.8 1094.1 1190 1260.7 1152.1 1255.1 1611.6 1559.5 1189.9 1662.7 1521.9 1405.4 1334.1 1270.4 1214 1107 1079.8 1019.6 896.6 -9999 -9999 -9999 -9999 -9999 -9999 -9999 -9999 -9999 -9999 -9999 -9999 -9999 -9999 -9999
-9999 -9999 -9999 -9999 -9999 413.1 778.6 1014.6 1105.8 1195.3 1241.4 1149 1107.4 1129 1096.7 1023 979.5 982.5 986 991.3 973.1 958.8 944.8 950.3 966.9 971.8 981.1 977.5 985.9 1021.3 1080.1 1121 1157.4 1173 1199.4 1250.5 1294.9 1267.9 1170 1200.5 1254.7 1236.4 1181.1 1178 1228 1308.8 1248.1 1169.9 1231.9 1489.8 1361.1 1477 1439 1349.7 1347.7 1254.7 1225.8 1175 1127.6 1024.7 869.7 -9999 -9999 -9999 -9999 -9999 -9999 -9999 -9999 -9999 -9999 -9999 -9999 -9999 -9999 -9999
-9999 -9999 -9999 -9999 -9999 565.6 877.5 991.6 1018 1083.6 1122.5 1034.6 1023.8 1038.5 1006.7 978.5 953.9 924.2 930.1 946.8 954.4 963 960.2 942.5 909 916.4 940.2 934.5 920.8 922.2 986.5 1043.4 1050 1004.4 1010.9 1093.5 1116 1134.3 1147.5 1110.3 1098.3 1150.7 1182.7 1243 1340.3 1259.6 1204.3 1184.4 1244.9 1178.4 998.8 1100.3 1166.5 1219.7 1276.8 1260.8 1233.4 1203.5 1165.7 1047.1 813.7 -9999 -9999 -9999 -9999 -9999 -9999 -9999 -9999 -9999 -9999 -9999 -9999 -9999 -9999 -9999
-9999 -9999 -9999 -9999 -9999 562.8 843.7 886.1 897.7 894.9 865.5 937.1 949.9 976.5 973.9 966 933.2 884.9 865.1 875.6 892.1 924.2 943.7 901.8 855 849.5 884.4 878.3 856.8 839.2 866.5 886.5 871.6 902.8 937.7 989.5 1023.1 1029 1051.3 1026.9 997.3 1098.5 1197 1327.8 1580.1 1434.2 1284.6 1267.3 1139 1132.1 1003.9 1043.6 1050 1120.2 1205.7 1232.6 1239.3 1204.3 1172.5 1163.8 885.8 770.1 -9999 -9999 -9999 -9999 -9999 -9999 -9999 -9999 -9999 -9999 -9999 -9999 -9999 1273.3
-9999 -9999 -9999 -9999 126.5 561.5 864.6 718.4 765.6 739.3 679.8 766.9 846.7 907.3 958.9 947.7 910.2 855.8 820.6 818.9 810.9 828.8 853.9 839.3 811.6 843.3 865.6 830 815.9 801.1 776.4 739 759.1 840.6 872.4 819.2 764.6 816.1 939 929 844 1095.5 1156.7 1237.8 1100 1205.7 1226.9 1286.9 1211.6 1101.5 1372.8 1408.1 1205.6 1524.6 1471.8 1392.4 1268.4 1172.1 1082.3 1066.1 961.7 -9999 -9999 -9999 -9999 -9999 -9999 -9999 -9999 -9999 -9999 -9999 -9999 -9999 1138.2 1143.3
-9999 -9999 -9999 -9999 130.3 440 775.1 750.1 726.9 688.3 682.8 696 709.7 741.1 897.3 942.3 879.4 841 822 803.7 784.2 776 781.4 806.3 800.6 795.9 772.1 754.7 728.7 696.5 659.9 648.8 667.1 694.8 729.8 702 760 756.7 814.1 852.6 860.4 940.5 1058.4 1058.2 916 1050.9 1133.5 1073.8 1067.5 1005.2 1266.8 1840.4 1875.6 1841.2 1663.8 1514.9 1376.8 1144.6 1081.1 1016.9 970 -9999 -9999 -9999 -9999 -9999 -9999 -9999 -9999 -9999 -9999 -9999 -9999 1042.2 1095.3 1099.2
-9999 -9999 -9999 -9999 110.7 204 688.6 672.3 570 660.7 703 697.8 687.5 688.4 723.4 729.4 709 747.5 793.3 798.6 763 732.2 734.2 763.1 752.6 720.8 659.2 662.4 613.3 583.5 567 584 623.3 651.6 677.3 709.2 739.4 746.2 813.1 903 919.8 935.1 963.6 940.4 901.9 949.7 878.5 738.6 894.9 1043.8 1364.9 1825.5 1823.3 1768.1 1652.1 1560.2 1410.6 1179.5 1106.2 1019.6 -9999 -9999 -9999 -9999 -9999 -9999 -9999 -9999 -9999 966.9 905.5 972.3 1033.8 1031.8 1133.5 1122.4
-9999 -9999 -9999 112.1 109.8 121 512.4 576 571.8 611.4 660 641 626.4 611 599.5 589.6 594 592.2 574.3 597.5 631.3 609.2 554 527.2 628.2 641.4 621.7 596 562.8 548.5 514.1 532.6 554.6 611 674.9 722 730.9 730.7 814.5 914.6 958.2 977.3 986.3 935 936.1 825.9 795.2 722.4 766.5 886.1 889.3 1032.2 1247.5 1393.3 1406.2 1412.4 1323.7 1234.9 1184.7 -9999 -9999 -9999 -9999 -9999 -9999 -9999 -9999 -9999 -9999 1032.2 1081 1072.3 1110 1138.1 1185.8 1279.9
-9999 -9999 -9999 -9999 120.7 204.3 381.1 414 435.6 443.4 519 588 541.2 519.2 544.1 585.2 590.6 593.2 562.4 552.6 539.3 506.8 474.6 444.5 445.1 517.2 562.1 564.9 568.9 496.8 446.4 496.9 564.2 574.1 670.2 716.5 743.5 765.4 840.7 902.6 978 1039.6 1066.8 1019.8 887.4 935.4 899 794.3 781 819.5 876.3 820.1 895.9 1302.3 1389.4 1378.4 -9999 -9999 -9999 -9999 -9999 -9999 -9999 -9999 -9999 -9999 -9999 -9999 966.2 1125.4 1184.3 1169.2 1141.6 1119.8 1108.9 990.1
-9999 -9999 -9999 123.5 171.4 306.9 366.5 376 398.4 416.4 426.7 511.1 481.8 475.8 476.1 564.8 577.7 581.4 527.8 566.4 554.2 500.7 441.6 395.5 385.7 427.6 505.7 541.9 528.6 441.2 335.2 421.3 433.7 473.7 544.5 625.1 720.2 809.3 871.9 925.7 978.1 1041.1 1062.1 1094.7 1057.6 1410.5 1509.9 1232.1 1029.4 966.5 1041.2 1038 1108.8 1313.6 -9999 -9999 -9999 -9999 -9999 -9999 -9999 -9999 -9999 -9999 -9999 -9999 -9999 -9999 931.3 1308.8 1301.1 1188.7 1136 1065.5 974.3 757.1
-9999 -9999 -9999 -9999 217.3 288.3 314.6 357.3 376.1 404.6 420.6 453 456.6 444.7 438.4 491.1 523.1 544.1 540.1 548 541.3 485.2 409.4 359.7 342 385.7 458.5 503.6 483.1 440.4 418.5 486.2 410.9 406.4 490.4 559.9 675.1 817 870.3 909.5 992.4 1008.7 1021.2 1077.3 1226.5 1258.1 1666.9 1475.7 1322.3 1142.5 1120.7 1081 1146.2 1286.6 -9999 -9999 -9999 -9999 -9999 -9999 -9999 -9999 -9999 -9999 -9999 -9999 -9999 -9999 875.4 1167.9 1252.1 1220.3 1171.4 1057.9 1010.5 814.1
