datasets/global_precipitation_1950_2017/rasters/precip_1974-total.asc
NCOLS 720 
NROWS 347 
XLLCORNER -180 
YLLCORNER -90 
CELLSIZE 0.5 
NODATA_value -9999 
[rows 306 to 339 of 347, columns 608 to 683 of 720]
604 607 611.7 614.3 616.9 619.2 621.2 623.1 625 625.7 626.5 626.2 626.7 626.1 625 624.2 622.5 621.4 621.5 621.9 622.2 622.3 622.8 622.6 621.1 619.3 617.5 624.4 622.6 617 618 619.4 619.6 619.3 618.8 619.1 619.1 619.6 620.2 621.3 622 622.9 624.6 625.9 627.3 628.2 629.2 630.6 631.8 633.7 634.6 636.1 638.2 640.3 639 641.6 641.8 643.5 645.8 646.7 647.5 648.6 651 654.7 659.6 665 670.7 675.5 682.1 686.7 687 680.9 -9999 -9999 -9999 -9999
598 601.4 605.7 610.2 614.7 616.4 618.8 619.8 621.1 621.9 622.3 623.6 623.7 623.3 622.8 621.8 621.4 620.9 620.4 621 621.4 621.9 621.4 620.9 620.1 618.8 618 617.8 618 618.9 620.2 621.1 622 622 622.3 622.5 623.3 624.2 625.3 627.1 627.9 629.3 630.7 632.2 632.2 634.5 634.9 636 637 638.9 640.3 642 642.5 643.7 643.4 643 640.1 640.1 640.7 640.5 641 641.8 641.9 643.7 644.2 648.1 652.1 655.4 657.5 657.5 654.3 647.7 635.4 623.2 -9999 -9999
586.6 592.6 599.5 605.5 611 613.6 614.6 617 619.1 620.5 621.3 621.3 621.8 621.9 621.6 621.8 621.8 621.4 620.6 620.4 620.6 620.4 620.5 620.2 620.6 620.1 619.6 619.6 620 620.7 621.1 622.8 623.1 624.6 625.5 626.6 628 629.3 630.8 632.2 633.7 635.3 637 638.5 638.9 639.8 641.6 639.5 642.7 641.9 642.1 641.1 642 643.1 644.1 633 630.5 643.1 641.7 640.2 638.9 637.3 636.6 635.1 631.5 631.6 630.1 627.1 625.2 621.5 616 608.3 598.9 587 573.6 559.2
566 575.9 585.7 579.9 597.9 600.4 602.4 606.2 610.9 614.3 617.1 619 620.6 621.1 621.1 620.6 620.2 621.1 620 619.9 620.1 619.7 620.1 619.8 620.2 620 619.8 620.5 621.8 622.7 624.4 625.8 627.2 628.5 629.9 631.7 632.6 633.6 635.6 637 637.5 638.9 639.9 639.9 638.4 638 636.8 635.6 634.2 632.6 633.2 633.6 634.3 634.5 634.4 634.4 634.1 633.4 632.6 631.7 630 628.5 623.1 617 614.6 612.2 609.3 605.6 599.1 591.6 580.1 576.9 567.2 556.5 544.8 531.8
527.1 539 526.9 555.2 559.2 562.9 568.6 579.2 589.5 587.7 600.3 602.4 605.7 610.2 614.7 615.8 617.8 618.5 618.6 619.1 619.8 619.7 619.9 619.9 620 620.7 622.3 623.7 624.8 626.2 627.1 626 630 631.1 632 632.5 631.9 631.7 633.6 633 632 630.6 628.9 629.2 624.2 624.7 618.9 619 619.5 619.9 620 620.5 620.3 619.7 619.6 618.7 617.9 616.9 615.3 614 611.9 605.4 599.1 595.3 591.2 586.6 581.4 573.5 566 560.5 554 537.6 536.2 525.6 515.3 505.9
459 468.2 475.7 481.7 489.1 501.3 513.9 524.2 530.8 536.2 541.9 551.8 562.3 572.8 580.9 589.6 588.2 601.5 604.4 607.5 612.1 612.5 613.4 616.1 618.3 620.9 622.9 624.1 623.3 624.1 623.6 623.4 622.3 621.1 619.3 617 618.5 616.3 610.1 608.3 609.2 610.9 612.3 602.8 606.4 604.2 604.4 604.9 605.2 605.7 605.7 606.1 606 605.9 605.4 604.7 604.1 602.8 601.2 591.2 580 569.5 563.1 559.8 555.5 551.7 547.7 541.4 535.1 528.9 521.8 514.5 505.9 497.5 489.5 482
372.8 379.5 387 394.8 403.2 410.5 419.2 427.4 436.5 448.1 457.2 466.6 476.7 487.1 499.7 510 523.5 538.9 549.8 554.8 562.1 566.6 577.9 579.6 589.5 598.3 604.4 605.5 605.6 608.3 611.2 613.4 586.9 607.5 601 584.3 584 581.1 576.2 576.6 576.8 577.4 574.6 574.8 574.8 574.7 575.6 576 576.4 577.1 577.6 578.5 552.3 551 549.3 572.4 570 562.5 551.7 541.8 537.1 533.8 530.6 527.4 523.1 517 509 505.2 503.2 495.8 490.4 482.7 476.6 470.6 463 457
288.7 294.9 299.2 303.3 308.6 318.5 325.2 332.5 338.8 343.6 352.3 356.9 364.7 373.7 383.8 395.8 409 423.5 437.3 452 468.6 480.2 489.5 499.8 514.9 529.2 536.2 546.2 554 560.2 563.9 563.1 562.7 562.1 543.6 537.5 535.3 533.8 523.3 521.7 520.6 515.9 514.6 514.1 514.1 508.6 508.3 507.8 515.2 514.9 514.6 514.6 514.1 513.6 512.8 503.4 505.3 500.9 498.7 496.9 494.1 491.1 486.6 480.2 477.5 474.6 471.7 467.6 463.7 458.9 454.5 449.9 445.9 442.1 437.7 433.8
223.7 227.8 231.4 234.2 237.1 240.5 240.4 245 250 251.6 252.8 254.1 255.7 258.4 261.2 265.8 274 286.8 299.6 315.7 334.8 353.4 367.2 382.9 398.4 414.9 427.3 441.1 453.1 463.1 463.5 469.9 469.9 470.1 469 467.1 465.4 463.4 451.4 449.3 445.3 443.8 442.7 442 441.9 442.4 443 444 445.6 447.2 449 450.2 438.3 447.7 444 441.3 438.7 437.2 436.2 435.9 435 433.7 432.2 430.5 428.3 426.7 424.7 422.4 420.4 418.2 416.6 415.1 413.8 412.5 411.5 410.5
169.6 167 164.7 162 163.8 169.8 175.4 176.6 174.9 172 169.7 167.5 165.7 164.3 162.9 165.9 171.6 190.2 194.5 210 219.2 226.6 254.4 257 278.3 292.2 306.1 320.3 333.8 341.4 346 356.7 369.7 373.1 361.1 366.5 371.3 373.2 372.1 371 370.9 377.9 374.1 376.4 376.4 377.1 377.7 378.3 380 380.2 381.2 382 382.3 382.9 384.6 384.8 384.2 383.9 383.9 382.8 382.8 385.2 384.3 383 383.6 382.1 384.4 383.8 382.7 383.3 382.7 383.1 382.1 381.7 381.7 387.6
118.3 115.7 112.7 110.1 107.7 129 106.9 111.7 116.7 116.7 114.1 111.4 108.9 107 109.1 119.5 127.4 128.2 135 139.1 144 147.6 154.6 163.6 173.8 185.4 198.2 215 233 244.3 255 264.9 285.5 286.5 297.1 302.1 304.7 306.7 307.8 308.2 308.9 318.3 319.2 320.1 323.3 327.2 327.3 327.6 327.8 329.3 332.9 336.4 337.2 337 340.2 338.9 341.3 343 344 344.4 345.6 346.6 347.7 346.3 348.2 350.3 351 350.5 350.3 350 350.3 350.5 351 351.7 352.8 355
91.7 89.4 87.5 85.5 83.6 81.6 79.9 78.5 77.5 82.3 80.2 79.3 80.8 80 83 80.1 82.8 84.1 105.8 96.9 108.1 119.7 129.8 137.3 145.4 154.9 165.1 178.3 187.3 198.7 210.1 221.2 232.3 244.1 247.4 253.8 259.3 263.4 266.3 268.7 270.1 271.1 283.1 277.3 281.8 286.4 291.8 300.6 298.3 299 303.4 303.6 312.7 305.5 307.7 314.2 317.4 319.4 319.3 318.9 319.3 321.4 321.6 321.4 321.1 320.8 320.8 320.8 321 321.5 322.1 323.1 324.2 325.9 333.5 335.6
67.3 66.3 65 63.9 63.4 62.3 61.9 61.9 61.7 60.9 60.2 60.9 64.7 66.1 69.2 71.7 74.2 78.8 86.1 93.9 99.1 104.6 110.3 116.7 125.6 136.7 145.6 154.2 163.3 178 184.5 196.5 207.1 216.2 217 225 232 238 243.2 247.8 252 263.9 265.9 264.7 268.3 272.3 272.8 273.5 276.4 278.8 281.9 284.7 291.3 292.2 294.3 297 297.6 298.1 297.8 298.1 298.5 298.5 298.4 298.3 298 298.2 299.1 299.7 300.4 301.7 302.8 303.8 305.4 307 308.9 311
55.4 49.8 49.6 50 50 50.4 51.3 51.8 54 54.9 56.8 58.9 61.1 63.2 65.8 69.7 73.8 79.3 83.5 88.5 93.5 98.8 105.5 113 119.6 128.6 133.3 142.4 152.6 162.9 168.6 177.5 186.2 195.4 203.7 211.6 218.4 224.2 232.1 235.7 241.5 246.7 251.5 252.9 256.6 258.1 258.9 259.2 259.8 260.2 260.1 260.6 272.4 272.6 281.1 277.3 279.2 279.2 278.9 278.8 278.9 279.2 279.1 279.6 279.6 279.9 280.2 280.7 281.1 282 282.3 283.5 284.1 291.4 292.1 293.2
45.2 45.9 46.3 47 48 48.5 49.7 50.8 52.3 54.2 56.3 58.5 60.7 64.1 67.8 68.8 72.2 76.7 81.5 87 93 97.3 103.6 110.3 116.4 123.8 130.5 137.2 144.2 152 162.6 167.4 175.5 183.3 191.5 201.5 208.1 216.5 220.4 226.6 232.4 237.2 241 243.9 246.5 248.3 249.7 251.1 252 252.9 253.4 254 254.6 254.5 267 258.4 263.5 265.9 265.9 265.9 265.8 266.1 266.3 266.4 266.6 266.5 266.5 266.7 266.6 266.8 266.9 269.9 270.1 267.6 268 268.6
39.8 40.7 42.3 43 44.3 45.7 47.5 48.5 51 54.3 56.2 59.1 61.4 64.7 67.9 71.4 75.4 79.5 83.1 87.4 91 96.8 102.7 108.6 114.3 120.9 131.4 134.3 141.2 148.4 156.2 163.7 170.7 177.3 184.4 190.7 197.1 203.4 209 214 218.8 223 226.7 230 232.5 234.6 236.5 237.7 238.8 239.6 240.1 241.2 242 242.2 253.5 253.9 254.3 258.3 256.4 254.8 255.2 255.6 256.1 256.2 255.6 255.8 255.4 255.3 257 257.1 256.7 256.2 255.8 255.4 254.4 247.8
37.3 38.4 40.1 41.5 43.2 45.6 47.1 49.2 52 53.8 56.3 58.8 61.7 64.1 67.6 71.1 74.5 78.8 83.2 87.8 92.2 97.4 102.7 108 114.1 119.5 125.3 130.9 138.2 144.4 150.2 156.4 162.8 169.2 175.3 181.8 187.9 196.8 202.6 208.2 213 217.6 221.7 220.6 223.4 225.8 228 229.6 231.1 232.5 233.5 234.8 235.6 236.5 237.4 238.4 243.4 251.6 246 249.3 249.2 249 248.7 248.4 248 247.3 246.9 246.1 245.2 250.5 249.5 248.5 241.4 240.4 239.6 238.8
35.6 37.8 39.2 40.9 42.3 45.7 46.2 48.6 51.7 54.5 56.9 61 62.5 64.4 67.4 69.9 73.4 80.6 80.9 85.6 90.3 95.2 100.6 105.2 110.2 115.2 120.4 125.7 131.5 140.1 145.6 151.6 157.5 164.1 170.5 176.4 182.3 188.4 193.4 198.6 203.9 208.3 212.7 216.2 219.4 222.2 224.9 226.7 228.7 230.1 230.8 231.6 232.5 232.9 233.4 233.8 234.1 241.8 242.6 243 245.2 244.4 248.6 250.8 252.4 243 242.9 242.8 242.3 248.1 246.8 241.3 241 239.7 239 237.2
35.4 37.1 38.3 40.8 42.7 45 48.2 50 52.7 54.7 57.3 59.8 62.2 65.1 68.1 71.2 74.3 77.6 81.4 85 89.1 93.3 97.7 102.3 106.8 112.2 117.1 122.7 128 133.8 139.8 146.9 151.8 158.8 164.5 170.4 175.9 181.8 187.5 193.3 198.7 204 209 214 218.3 221.9 225.3 220.5 222.5 233.3 235.2 237.5 239 240.6 241.7 235.7 237.5 238.8 240.4 241.7 243.2 244.3 247.2 244 245.9 245.7 245.8 251.5 250.5 249.1 248 248 247.6 245.9 246.6 245.8
34.8 36.2 38.1 41.4 43.4 45.9 47.9 50.4 52.8 55 55.7 58.6 61.1 64 67 70.2 73.6 77.1 80.8 84.5 88.4 92.7 97.1 101.4 106.2 110.7 115.7 120.7 126.3 131.3 137.2 143.2 148.3 154.3 160.7 165.9 171.2 177 182.4 188.2 193.2 198.5 203.2 207.2 211.5 214.5 222.7 221 225 228.2 231.8 234.8 236 238.4 240.5 242.7 244.4 244.8 247.9 249.3 246.9 248 249.1 249.9 250.6 251.6 257.4 258.2 258.1 258.1 257 257 257.2 -9999 -9999 -9999
36.4 38 40.4 40.9 42.9 44.9 47.1 49.7 51.4 53.9 56.3 58.8 61.5 64.2 67.2 70.3 73.9 76.9 80.7 84.6 87.9 92 96 100.4 104.8 109.2 113.7 118.8 123.5 128.8 133.7 139.1 144.6 149.9 158.6 161.6 167.7 174 179.5 184.8 189.5 194.3 198.8 207.1 211.9 211.9 216.1 219.9 223.8 227.4 230.6 234.1 237.2 240.5 242.4 243.8 244.8 245.8 252.2 248.5 250.8 253.1 255.3 256.9 259.1 260.7 262.6 264 264.4 264.9 267.3 268.5 -9999 -9999 -9999 -9999
35.4 37 39 40.6 42.6 44.7 46.9 48.5 50.7 52.9 55.2 57.8 60.3 62.7 65.5 68.4 71.5 82 85.2 89.1 92.9 96.6 100.8 104.5 108.8 113.1 117.3 122 126.7 131.1 136.1 141.2 146.1 151.2 156.6 161.6 163.2 169.3 175 180.7 186.7 191.5 196.1 200.8 204.5 208.5 212.2 215 218.1 220.6 223.4 236.4 228.3 231.2 233.7 236.7 239.2 241.6 244.2 246.6 249.1 251.6 252.3 253.4 253.9 260.5 262.4 258.3 260.7 -9999 -9999 -9999 -9999 -9999 -9999 -9999
34.1 35.8 37.7 39.3 42.1 43.9 45.3 48 49.9 52.1 54.3 56.8 59.4 61.6 64.8 67.5 70.3 73.7 77.3 85.5 89.8 93.8 97.8 102.2 106.9 111.1 114.9 120 124.3 129.1 133.8 134 139.1 144.3 149.6 154.8 160.1 165.4 170.6 178.7 181.4 187.2 192.4 197.7 202.2 206.5 210.1 214 217.3 220.3 223.1 225.8 228.2 230.1 231.7 233.5 235.1 236.1 237.6 238.1 239.6 254.8 243.5 246.3 248.3 250.8 253.1 255.6 261.8 263 265.7 269.2 272.8 276.9 -9999 -9999
34.2 36.3 38 39.6 41.4 43.2 45 47.2 49.1 51.4 53.6 55.9 58.2 60.9 63.6 66.2 69.2 72.3 76.3 79.7 83.3 87.1 91.2 95.2 99 103.5 107.7 112.5 117 121.7 126.5 131.2 136.3 141.4 146.6 151.8 156.8 162.2 167.3 172.4 177.4 182.4 187.3 193 196.9 201.7 206.5 210.6 214.8 217.9 221.5 224.7 227.7 230.3 232.7 234.7 237 239 250.1 252.4 254.2 246.5 248.4 250.3 251.9 254.2 255.9 257.8 259.9 261.8 269.1 270.7 272.2 275.3 -9999 -9999
32.3 34.3 36.3 39.2 40.8 42.5 44.3 46.4 48.2 50.2 52 54.6 56.6 59.1 61.7 64.4 67 70.2 72.9 76.2 79.7 83.2 86.6 90.3 94.4 98.1 102.4 106.5 110.5 115.3 119.7 124.6 129.3 134 141.2 145.9 150.9 154.4 159.6 164.5 169.9 174.5 179.8 184.2 189.3 193.7 198.1 203.6 207.1 211.5 215.4 219.5 222.9 226.1 229.4 232.3 235 237.6 241.7 244.5 247.3 249.7 251.9 251.8 254 255.8 258.2 259.9 262.2 264.1 266 268.2 274.6 277.5 279 282
33.8 31.4 33.6 35.7 37.9 40.4 42.6 44.5 46.2 48.2 50.2 52.3 54.1 56.4 58.7 61.3 63.5 66.5 69.2 72 75.1 77.9 81.3 84.9 88.3 91.9 95.3 99.5 103.3 107.3 111.3 115.7 120.1 124.5 128.9 133.4 138 142.5 147.6 152.1 156.7 161.4 166.1 170.7 175.4 179.7 184.2 188.8 193.1 198.7 201.2 205.5 209.7 213.9 217.7 221.2 224.3 227.6 230.9 233.7 236.5 239.4 242.1 244.8 247.2 249.6 252 254.4 257.1 258.9 261.4 263.9 266.2 268.9 275.5 277.8
29 29.9 31.2 36.2 34 35.9 38.3 40.6 43.3 45.7 47 49.1 51.1 52.9 55 57.1 59.3 61.7 64.3 66.6 69.2 71.9 74.6 77.2 80 83.4 86.4 89.8 93.1 96.5 99.9 103.5 107.2 110.9 115.1 118.7 122.7 126.8 130.4 134.8 138.9 142.6 147.3 150.9 155 159.3 163.6 167.4 171.4 175.5 179.1 182.8 186.9 192.4 194.8 198.5 202.4 206.3 209.9 213.2 216.4 219.6 222.9 225.9 228.5 231.7 234.6 237.4 240.3 243.3 245.6 248.9 251.8 254.3 257.4 260.4
27.6 28.4 29.4 30.5 31.5 32.6 33.7 39.2 36.7 39.2 41.4 44 46.8 48.6 50.4 52.3 53.9 55.8 57.5 60.1 61.9 64.1 66.4 68.8 71.2 73.4 76 78.9 81.2 84 86.5 89.3 92.4 95.3 98.5 101.3 104.6 107.8 111.1 114.3 117.3 120.8 124.2 127.5 130.9 133.9 137.5 140.9 144.2 147.5 150.7 154.1 157.4 160.3 164 166.9 170.3 173.4 176.6 182.9 183.8 187.2 190.7 194.5 197.6 200.6 203.3 206.3 209.2 212.1 214.8 217.3 220.2 222.9 225.9 228.4
25.7 26.5 27.3 28.3 28.9 29.9 31 32.1 33 34.1 35.2 40.7 38.1 40.4 42.8 45 47.5 49.5 51.3 52.9 54.2 56.1 57.8 59.7 61.2 63.1 65.1 67.4 69.3 71 73.1 75.4 77.3 79.8 82 84.1 86.7 88.8 91.3 93.4 96.1 98.3 100.8 103.4 106.1 108.2 111.2 113.7 116.3 118.4 121.4 123.7 126.3 128.9 131.4 133.6 136.5 139 141.3 144 146.5 148.9 151.2 154 156.2 158.8 165.7 164.8 168.1 171.6 174.9 177.2 179.5 181.7 184.2 186.6
23.5 24.6 24.9 25.8 26.6 27.4 28 29.1 29.8 30.4 31.5 32.2 33.2 34.4 35.2 36.2 41.8 38.8 40.7 43.4 45.5 47.7 49.5 50.9 51.9 53.7 55 56.1 57.8 59.3 60.9 62.4 64 65.8 67.3 68.8 70.6 72.3 73.8 75.6 77.5 79.2 80.7 82.5 84.2 86.2 87.9 89.7 91.7 93.3 95.2 97.1 99 100.7 102.3 104.1 106.1 107.9 110 111.7 113.4 115.3 117.1 119.2 120.5 121.8 123.6 124.8 126.5 127.8 129.1 130.6 132.8 134.6 137.8 140.1
20.8 21.3 21.6 22.6 23.3 23.9 24.6 25.3 25.7 26.6 27.2 28.3 28.9 29.6 30.2 31.4 31.9 32.8 33.6 34.3 35.4 36.1 37.3 42.6 40.4 42.2 44.3 46.3 47.5 48.8 49.6 50.9 51.9 53.4 54.5 55.3 56.7 58.2 59.1 60.3 56.2 57.4 58.6 60.1 61.4 62.4 64 65 66.2 67.7 69 70.6 71.6 72.7 74.3 75.3 76.7 78.4 79.5 80.7 78 79.3 80.8 82.3 83.8 85.2 86.6 87.9 89.3 90.8 92.2 93.7 95.4 96.5 98 99.3
17.5 17.5 18.1 18.8 18.7 19.4 19.6 20.1 21 21.1 21.5 22.3 22.5 23.2 23.7 24.1 25 25.5 25.8 26.3 26.8 27.8 28 27.1 28.5 29.4 30.8 31.5 32 32.6 33.5 34.2 34.7 35.5 36.2 37.1 37.6 38.5 39.3 40 41.2 41.8 42.5 43.6 44.6 45.4 46.1 46.9 47.9 48.9 49.9 50.8 51.7 52.6 53.4 54.5 55.6 56.4 57.6 58.2 59.2 60.3 61.3 62.2 63.3 64.2 65.1 66 67.1 68.1 69.2 70.2 71.2 72.2 73 74.1
15.4 15.6 15.9 16.4 16.7 17 17.2 17.7 18.1 18.4 18.7 19.1 19.6 20 20.4 21 21.1 21.6 22 22.8 22.8 23.3 17.3 18.2 18.9 20 20.5 21.5 22.3 23.3 24.5 25.6 26.5 27.4 28.4 29.6 30.5 31.3 31.9 32.5 33 33.8 34.2 34.9 35.5 35.8 36.5 37.4 38 38.5 38.9 39.6 40.2 40.9 41.9 42.1 42.9 43.7 44.4 44.8 45.6 46.4 47 47.9 48.4 49.1 49.6 50.4 50.9 51.8 52.5 53.2 53.8 54.4 55 55.7
13.3 13.4 13.7 14.1 14.4 14.6 15 15.1 15.5 15.8 16.1 16.3 16.5 17 17.3 17.7 17.9 18.3 18.3 18.6 19.1 11.1 11.5 12 12.5 12.9 13.3 13.7 14.6 15.1 15.6 16 16.9 17.3 17.9 18.5 19.5 20 20.9 21.6 22.1 23 23.5 24.4 25.3 26.2 27.1 27.7 28.7 29.5 30.1 30.8 31.7 32 32.6 32.9 33.2 33.7 34.3 34.6 35 35.7 35.7 36.2 36.7 37.3 37.8 38.2 38.8 39 39.4 40.3 40.5 41 41.5 41.7
