datasets/global_precipitation_1950_2017/rasters/precip_1973-total.asc
NCOLS 720 
NROWS 347 
XLLCORNER -180 
YLLCORNER -90 
CELLSIZE 0.5 
NODATA_value -9999 
[rows 34 to 67 of 347, columns 608 to 683 of 720]
349.6 339.3 324.7 313 302.4 293.2 283.7 274.7 265.4 262.3 257.6 251.9 249.3 241.2 235.4 228.6 224 221.4 220.8 220.5 222.1 223.2 223.9 225 225.2 226.2 227.8 228.9 228.7 227.9 225.3 220.2 214.1 208.4 203 196.8 191.7 186.5 185.4 188 195.8 206.2 215.4 220.5 223.5 221.9 220.4 216.4 212.5 208.6 206.3 206.4 210.9 215.3 219.9 224.6 227.9 229.8 229.5 230.2 230.2 230.9 232.1 233.5 235.5 234 234.9 236.7 238.1 240.5 244.4 244.6 243.4 245.1 249.6 256.7
310.8 303.4 292.3 280.7 267.1 256.2 250.4 251.3 255.8 262.2 268 273.2 276.2 270.7 268.9 265.7 260.9 249.4 246.5 244.2 242.9 241.1 235.4 226.2 218.7 215.9 216.9 219.2 220.4 223 222.4 223 221 220.5 217.1 214.4 211.1 209.2 208.5 209.1 210.3 213.4 214.7 215.7 216.1 214.7 214.4 214.1 215.2 216.7 220.9 227.4 236.2 246.5 241.9 232.3 224.5 218.9 212.8 209.7 206.6 205.2 206.9 209.9 213.2 218.7 225.2 229.8 233.7 236.6 237.1 237.9 238.5 239.9 242.4 247.7
265.7 261.7 254.6 247.2 239.7 233.8 234.2 242.9 254.3 266.1 275.7 283.3 288.9 291.3 286.8 277.4 267.8 262 257.1 255.3 253.9 254.2 249.7 222.2 201.4 205.7 212.3 216.7 223 228.2 232.7 235 235.6 235 235 234.5 233.2 231.8 229.5 227.8 225.5 223.3 220.9 218.8 216.4 214 213 212.8 214.2 216.3 221.5 227.6 233.2 235.4 232.5 225.2 215.4 203.9 193.1 185.2 180.9 181.8 186.6 193.7 200.3 204.6 211 216.8 222.3 225.7 228.1 231.9 236.6 236.4 232.2 232.4
223.3 225.1 225.4 233.6 237.8 243.6 252.4 262.4 273.9 281.2 288.5 293.2 294.4 289.7 279.5 266.8 255.1 250.1 249.5 254.9 256.6 257.1 253.7 249.6 246.4 244.9 247.8 250.6 252.9 255.3 253.4 250.1 245.8 244.4 244.2 246.9 251.8 252.1 243.4 236.8 234.7 231.2 224.3 218 211.9 206.2 202.1 199.3 200.8 205.4 211.7 220.8 227.6 231.1 228.6 222.1 210.9 197.2 182.6 171.6 171.4 177.8 185.2 191.3 196 200.4 205.3 209.3 212 213.6 215 215.7 215.4 214.1 214.5 217
189.2 186.9 198.9 216.4 223.7 244.5 280.8 300.5 303.1 304.9 310.5 316.8 319.1 294.6 251.2 212.6 204 220.9 242.3 259.6 271 284.7 297.1 303.9 304.4 302.4 301.1 301.4 299.4 292.9 280.1 263.5 250.4 241.3 235.4 234 239.1 245.9 242.5 233.3 227.4 220.2 211.6 203.9 200.3 197.3 193.5 188.6 188.2 195.7 209.2 227.1 242.4 253 255 249.8 239.8 227.6 216.9 212 210.4 208.9 206.6 202.3 202.4 203.1 204.9 208.8 214 216.2 212.9 203.9 193.1 186.5 189.4 195.9
181.4 174.1 189.1 216.2 247.2 280 310.3 318.9 316.5 319 327.8 328.5 326.4 305.3 268 240.4 237.5 247.4 258 272.1 285.5 304.2 319.1 329.1 335.1 338.6 338 338 328 313.1 289.1 270.1 253.3 234.5 216 195.2 181.9 195 213 215.2 211.6 202.5 190.4 185.8 195.6 202.7 206 207.7 209.8 216 231.5 251.9 271.2 290 302.1 298.6 284.2 264.6 253.3 246.3 241.9 238.9 233.9 230.1 226.3 221.9 212.4 208.8 204.1 208.1 211.4 207.5 193.5 183.2 182.3 195.3
200.6 202.4 212 228.5 247.4 266.2 277.5 286 293.5 301.5 311.5 310.5 298.9 290 293 307.7 307.9 291.3 281.2 282.9 289.5 304.4 325.9 348.5 368 376.5 373.4 370.5 368 333.1 279.9 252.6 253.1 239.9 217.4 195.4 187 204.5 211 211.6 212.1 210.6 209.6 211 216.1 221.4 229.3 237 242.6 247.7 254.9 267.9 287.3 309 326.4 310.4 292.4 280.9 272.8 269 270.1 270.8 270.5 269.3 268.8 260.9 247.7 236 222.3 218.3 231.9 242.1 248.5 245.5 246.5 253.6
200.3 204.5 208.2 216 225.6 233.3 238.6 241.8 239.3 237.5 234.7 230.3 230.4 235.2 244.5 253.7 259.1 261.8 267.5 273 274 292 326.6 368.5 408.1 434.8 414.4 382.2 362.3 339.4 310.1 286 268 250.3 232.9 221.3 212.4 212.2 215.1 218.1 218.5 221.1 226.9 233.5 243.4 252.2 257.6 270.8 283.4 265.6 269.6 270.5 280.7 311.8 305.6 290.9 277.7 274.3 273.1 275.9 280.9 284.5 284.9 277.5 284.5 297.1 305.6 310.6 309.8 309.2 312.1 318 321.5 328.3 335.1 337.7
196.9 196.1 200 204.5 207.3 208.5 206.9 205 203.4 200.7 191.7 168 182.5 197.2 209.1 211.6 210.6 215.5 236.1 266.8 297.1 326.6 354.6 377.5 391.2 396.4 391.5 374.9 360.7 344.4 326.5 307.7 289.8 275.3 263.3 255.6 249.2 249 250 247.7 245.1 244.3 245.2 248.1 254.6 261.7 276.4 283 268.3 240 195.6 214.7 308.4 367 329.3 293.8 281.6 277.2 272.5 276.5 287.6 296.2 300.2 304.8 317.7 334.5 345.9 350.6 355.4 359.3 355.2 358.3 380.4 373 351.5 351.8
201.2 202.7 206.4 209 210.5 210.1 207 204.5 204.6 205 203.9 200.5 201 205.8 214.3 215.5 215.3 220 242.8 276.5 310.4 343.7 368 378.1 377.5 374.1 367.9 358.3 348.1 338.5 329.2 324.6 325.9 335 349.2 360.7 364.8 366.3 364.4 352 332.3 301.4 273.7 257.2 243.7 235 242.5 281.2 271.1 244.7 218 226.6 271.5 297.7 272.5 224.3 190.8 210.5 249.3 283.6 314.5 342 366.4 391.2 416.3 424.2 401 -9999 -9999 -9999 -9999 339.1 -9999 307.5 322.8 347.6
221.2 223.4 226.9 229.9 230.4 228.5 224.8 220.2 217.2 216.9 217.5 217.5 221.6 230.2 242.7 255.6 262 268.2 283.9 301.4 319.3 337.2 351.3 357.2 360.6 360.7 356.2 347.9 337.4 335 335.6 344.1 366.6 395.8 418.8 429.2 452.6 450.9 455.1 447.7 434.4 400.1 361 324.7 297.3 277.8 272.9 273.4 261.1 225.6 182.6 169.5 219.6 253.3 267.5 292.8 352.5 345.1 309.3 325.5 364.1 395.6 415.1 423.8 431.9 -9999 -9999 -9999 -9999 -9999 -9999 -9999 352.7 355.8 371.7 -9999
253.4 246.6 246.6 253.4 263 269.5 269.1 263.5 250.9 241.2 237.3 238.3 241.9 249.5 263.6 277.1 284.1 292.7 309.6 334.5 353.6 358 357.8 359.8 363.8 368.6 369 366.6 363.5 358.2 356.6 360.3 379.5 401.2 421.9 438.2 449.8 457.4 462.8 470.5 483.1 489.8 487.5 468.2 453.1 433.7 419.6 414.1 399 376.1 334.8 312.7 337.6 340.8 264.7 199.2 248.3 292.8 315.6 355.9 385.5 417.6 438.8 450.9 -9999 -9999 -9999 -9999 -9999 -9999 -9999 -9999 -9999 377.2 -9999 -9999
340.7 341.4 342.8 347.2 358.1 363.1 357 342.8 317.8 290.8 270.8 259.4 257.9 266 276.6 285.5 291.6 300.7 321.3 352.8 384.8 382.9 369.8 367.8 375.4 386.6 394.7 398 393.5 383.7 372.1 373.2 382.8 394.3 406.2 415.5 421.2 431.6 450 479.2 523.8 562.7 570.4 583.1 608.3 638.9 658.2 652.2 639.8 640.4 599.1 546.6 499.1 452 403.1 364.1 349.4 354.7 365.1 381.2 395.9 411.8 -9999 -9999 -9999 -9999 -9999 -9999 -9999 -9999 -9999 -9999 -9999 -9999 -9999 -9999
464.6 489 498.2 494.1 477.5 453.1 435.9 422 399.4 372.9 353.5 342.6 337.2 333.9 329 316.9 300.7 285.1 288.9 312.8 338.1 353.7 360.6 368.9 381.6 398.6 415.3 424.9 413.4 392.6 377.1 368.9 365.8 368.5 375.5 389.5 408.7 432.2 448.2 460 491.6 526.4 550.1 601.8 665.7 712.4 747 765.1 802 827.6 745.5 687.9 729.5 554.4 434.4 422.1 421.9 420.8 416.7 399.9 -9999 -9999 -9999 -9999 -9999 -9999 -9999 -9999 -9999 -9999 -9999 -9999 -9999 -9999 597.6 561.3
572.3 619.7 623.2 589.1 545.6 524 503 477.3 453.1 435.1 427 429.8 434.2 428.8 408.3 376.9 344.1 318.5 312.3 326.5 344.1 355.2 363.3 371.5 383 395.5 403 402.1 395.1 378.6 360.1 343.2 328.3 309.8 288.3 288.4 334.3 -9999 -9999 -9999 -9999 -9999 -9999 -9999 756.5 -9999 -9999 -9999 -9999 781.4 -9999 -9999 -9999 -9999 -9999 -9999 -9999 454.8 470.7 461.9 438.7 428.3 -9999 -9999 -9999 -9999 -9999 -9999 -9999 -9999 -9999 -9999 696.4 667.4 608.2 555.1
669.5 747.8 767.2 698.3 596.5 561.6 533.6 487 441.4 432.3 447.3 466.1 490.9 500.1 468.2 429.1 397.9 375.7 364.6 362.8 366.8 374.5 382.3 390.9 400.2 408.1 407.1 400.2 391.3 382.2 369.6 338 314.1 275 215.8 171.3 -9999 -9999 -9999 -9999 -9999 -9999 -9999 -9999 -9999 -9999 -9999 -9999 -9999 -9999 -9999 -9999 -9999 -9999 -9999 -9999 -9999 -9999 -9999 -9999 -9999 -9999 -9999 -9999 -9999 -9999 -9999 -9999 -9999 -9999 -9999 619.3 636.1 604.8 552.2 503.2
668 712.8 721.8 692.7 644.4 602.6 559.1 509.8 468.2 450.5 450.4 451.5 451.5 446.8 438.8 428.3 416.6 406.9 399.3 397.6 403.3 410.4 422.7 434.4 441.4 444.8 445.3 435.8 425.2 405.4 381.7 353.8 339.5 -9999 -9999 -9999 -9999 -9999 -9999 -9999 -9999 -9999 -9999 -9999 -9999 -9999 -9999 -9999 -9999 -9999 -9999 -9999 -9999 -9999 -9999 -9999 -9999 -9999 -9999 -9999 -9999 -9999 -9999 -9999 -9999 -9999 -9999 -9999 -9999 586.8 558.9 553.3 534.2 503 464.2 423.6
617.1 628.3 620.3 599.5 591 589.6 570.1 537.1 499.9 465.9 448.9 433.4 418.2 404.2 406.8 418.1 424.6 426.3 425.4 427.9 434.4 442.5 460.7 474.8 480.9 481.5 480.8 478.7 468.8 442.3 407.4 378.6 -9999 -9999 -9999 -9999 -9999 -9999 -9999 -9999 -9999 -9999 -9999 -9999 -9999 -9999 -9999 -9999 -9999 -9999 -9999 -9999 -9999 -9999 -9999 -9999 -9999 -9999 -9999 -9999 -9999 -9999 -9999 -9999 -9999 -9999 584 613.7 652.5 682.2 639 569.5 497.1 436.8 386.2 375
576.8 582.7 585.2 585.4 584.8 584.3 572.8 546.3 503.6 463.2 446.5 439.7 435.2 433.2 434.3 438.2 441 441.8 441.3 445.7 448.5 453.3 459.9 466 475 486.3 508 529 534.7 516.6 -9999 -9999 -9999 -9999 -9999 -9999 -9999 -9999 -9999 -9999 -9999 -9999 -9999 -9999 -9999 -9999 -9999 -9999 -9999 -9999 -9999 -9999 -9999 -9999 -9999 -9999 -9999 -9999 -9999 -9999 -9999 -9999 -9999 -9999 -9999 -9999 593.3 605.4 612.2 614.1 598.9 565.1 510.9 466.6 461.9 488.5
556 582.2 574.1 566.6 562.6 565.7 564.8 555.7 511.7 470 461.7 460.6 462.4 464.8 462.8 460.3 455.3 448.8 443.2 445.8 448.9 449.4 450.7 440 421.3 456.7 538.9 629.6 673.3 -9999 -9999 -9999 -9999 -9999 -9999 -9999 -9999 -9999 -9999 -9999 -9999 -9999 -9999 -9999 -9999 -9999 -9999 -9999 -9999 -9999 -9999 -9999 -9999 -9999 -9999 -9999 -9999 -9999 -9999 -9999 -9999 -9999 -9999 -9999 661.8 648.9 634.5 616.2 592.8 578.4 567.7 549.9 535.3 528.7 556.7 607.3
497.9 503.6 519.4 531.3 518.6 511.8 508.9 503.9 496.7 477 476.3 476.9 474.8 472 482.1 473.7 461.1 447.2 440.3 436.2 437.6 447.9 455.7 458.1 460.1 485.7 551.9 644.3 -9999 -9999 -9999 -9999 -9999 -9999 -9999 -9999 -9999 -9999 -9999 -9999 -9999 -9999 -9999 -9999 -9999 -9999 -9999 -9999 -9999 -9999 -9999 -9999 -9999 -9999 -9999 -9999 -9999 -9999 -9999 -9999 -9999 -9999 -9999 -9999 766.2 722.5 673.1 616.8 567.5 554.6 538.3 514.9 541.1 602.1 629.8 688.7
459.9 459.9 466.8 474.4 471.9 469.5 472.2 483.8 496.1 501.8 500.6 499.8 498 493.9 490.9 479.8 464.6 450.7 438.7 424.9 414.5 430.1 458.6 479 476.2 460.1 -9999 -9999 -9999 -9999 -9999 -9999 -9999 -9999 -9999 -9999 -9999 -9999 -9999 -9999 -9999 -9999 -9999 -9999 -9999 -9999 -9999 -9999 -9999 -9999 -9999 -9999 -9999 -9999 -9999 -9999 -9999 -9999 -9999 -9999 -9999 -9999 -9999 814.4 837 774.7 699.6 624.5 561.1 542.7 536.8 527 564.7 638.4 682.7 700.9
419 409.8 427.8 444 440.5 430.7 452.4 481.4 497.2 506.4 519.9 531.2 544.6 545.6 535 516 493.7 478.6 471.7 455.9 434.5 453.6 512.6 523.4 -9999 -9999 -9999 -9999 -9999 -9999 -9999 -9999 -9999 -9999 -9999 -9999 -9999 -9999 -9999 -9999 -9999 -9999 -9999 -9999 -9999 -9999 -9999 -9999 -9999 -9999 -9999 -9999 -9999 -9999 -9999 -9999 -9999 -9999 -9999 -9999 -9999 -9999 -9999 888.7 842.2 768.4 675.2 585.1 544.3 535.1 536.1 613 705.3 778.1 814.3 807.9
434.7 428.8 433.1 443.3 446.9 453.2 490.6 522.3 497.9 503 510.6 545 589.3 601.7 582.8 564.8 543.8 531.8 536.3 556.5 588 621.9 -9999 -9999 -9999 -9999 -9999 339.1 -9999 -9999 -9999 -9999 -9999 -9999 -9999 -9999 -9999 -9999 -9999 -9999 -9999 -9999 -9999 -9999 -9999 -9999 -9999 -9999 -9999 -9999 -9999 -9999 -9999 -9999 -9999 -9999 -9999 -9999 -9999 -9999 -9999 -9999 -9999 850.9 821.9 743.5 634.8 544 515.5 614.5 664.4 788.1 921.6 1003.9 1037.4 1011.2
551.5 427.7 421.5 429.3 443.3 477.4 550.6 597.9 536.5 515.4 523.3 536.7 552.5 558.7 554.7 548.1 547.1 549.9 564.8 593.9 625.1 634.5 638.7 609.5 562 515 -9999 -9999 -9999 432.9 -9999 397.1 -9999 -9999 -9999 -9999 -9999 587 -9999 -9999 -9999 -9999 -9999 -9999 -9999 -9999 -9999 -9999 -9999 -9999 -9999 -9999 -9999 -9999 -9999 -9999 -9999 -9999 -9999 -9999 -9999 -9999 -9999 -9999 814.3 738.5 640 623.2 660.1 708 871 1057.3 -9999 -9999 -9999 -9999
360.3 381.4 395 403.4 415.1 419.4 432.7 473.7 499.9 525 532.9 526 523.5 530.5 548.3 556.7 537.6 498.4 523.9 574.4 599.6 605.6 601.3 580.3 554.2 543.3 528.6 -9999 -9999 480.7 498.2 507.5 485 -9999 -9999 -9999 -9999 -9999 -9999 -9999 -9999 -9999 -9999 -9999 -9999 -9999 -9999 -9999 -9999 -9999 -9999 -9999 -9999 -9999 -9999 -9999 -9999 -9999 -9999 -9999 -9999 -9999 -9999 -9999 759.2 721.7 666.4 650.9 861.4 923.2 968.8 1022 -9999 -9999 -9999 -9999
226.3 313.5 368.8 384.1 442.7 417.1 419.1 445 484.3 513.2 517 519 521.7 539.7 569 590.1 585.8 576.4 578.8 614.6 616.4 591.9 575.6 567.1 555.1 527.2 506.8 494 479.4 486 503.5 509.9 522.1 555.4 331.3 -9999 388 572 -9999 -9999 -9999 -9999 -9999 -9999 -9999 -9999 -9999 -9999 -9999 -9999 -9999 -9999 -9999 -9999 -9999 -9999 -9999 -9999 -9999 -9999 -9999 -9999 -9999 -9999 766 728.7 753.4 802.8 940.7 976.8 885.7 876.8 -9999 -9999 -9999 -9999
322.2 359.2 391.7 419.2 411.8 385.5 393.7 408.8 451 499.6 507.4 491.9 511.7 542.1 571.4 641.6 615.4 614.3 614.6 623.5 617.8 592.2 564 542 510.7 482.3 479 478.6 484.5 495.1 492.5 473.9 460 435 -9999 -9999 455.4 532.5 585.1 -9999 -9999 -9999 -9999 -9999 -9999 -9999 -9999 -9999 -9999 -9999 -9999 -9999 -9999 -9999 -9999 -9999 -9999 -9999 -9999 -9999 -9999 -9999 -9999 -9999 783.5 565.9 789 783.8 747.2 -9999 -9999 -9999 -9999 -9999 -9999 -9999
384.4 404.2 406.9 413.9 417.2 412.7 382.7 354 368.5 440.9 464.6 468.8 492.4 546.2 569.7 579.9 603.5 623.3 637.6 664.4 657.9 605.6 562.8 537.8 480.9 448 459.1 468.3 490.3 516.5 511.3 459.4 409 418.5 473.5 506.6 537.7 593.7 -9999 -9999 -9999 -9999 -9999 -9999 -9999 -9999 -9999 -9999 -9999 -9999 -9999 -9999 -9999 -9999 -9999 -9999 -9999 -9999 -9999 -9999 -9999 -9999 -9999 -9999 -9999 737.3 774.6 864.3 808.1 -9999 -9999 -9999 -9999 -9999 -9999 -9999
396.6 401.1 413.4 426.6 426.2 416.5 425.2 406.5 461.1 386.8 402.9 457.6 496.3 528.4 558.1 587.6 612.8 621.3 621.6 636.3 625.3 595.8 578.1 595.4 565.2 497.2 471.8 475.5 493.3 491.9 480.4 457.3 488.3 577 -9999 -9999 585.6 590.5 520.1 -9999 -9999 -9999 -9999 -9999 -9999 -9999 -9999 -9999 -9999 -9999 -9999 -9999 -9999 -9999 -9999 -9999 -9999 -9999 -9999 -9999 -9999 -9999 -9999 -9999 -9999 765.6 920.8 1184.5 -9999 -9999 -9999 -9999 -9999 -9999 -9999 -9999
384.1 399 417.6 445.2 468 488.5 480.2 507.9 528.7 456.1 448.4 470.1 515.2 540.6 573.6 603 617.3 629.7 631.1 629.5 614.7 586.2 573 545.6 489.1 416.2 433.9 453.6 464.7 468.2 458.4 506 572.2 -9999 -9999 -9999 620.8 701.6 601.9 -9999 -9999 -9999 -9999 -9999 -9999 -9999 -9999 -9999 -9999 -9999 -9999 -9999 -9999 -9999 -9999 -9999 -9999 -9999 -9999 -9999 -9999 -9999 -9999 -9999 -9999 732.5 1154.1 -9999 -9999 -9999 -9999 -9999 -9999 -9999 -9999 -9999
365.5 380.6 405.8 443 477.8 484.1 482.3 474.2 433.1 442.2 476.7 500.2 538.5 578.6 604.6 630.4 654.7 629.7 637.2 647.5 631.1 614.8 583.1 529.4 473.9 426.5 389.6 450.2 509.3 538.8 570.8 582.2 583.9 -9999 -9999 -9999 563.1 664.4 656.1 -9999 -9999 -9999 -9999 -9999 -9999 -9999 -9999 -9999 -9999 -9999 -9999 -9999 -9999 -9999 -9999 -9999 -9999 -9999 -9999 -9999 -9999 -9999 -9999 -9999 1762.8 -9999 -9999 -9999 -9999 -9999 -9999 -9999 -9999 -9999 -9999 -9999
358.8 359.3 384.4 431.6 478.1 489.9 492.8 485.4 495.7 508.3 517.3 547.9 592.5 599.9 608.6 591.3 595.8 625.5 642.9 657.9 674 679.9 645.8 591 540.9 489 467.7 507 593.4 719.3 746.6 664.7 630.6 -9999 -9999 -9999 640.1 630.8 704.5 748.3 -9999 -9999 -9999 -9999 -9999 -9999 -9999 -9999 -9999 -9999 -9999 -9999 -9999 -9999 -9999 -9999 -9999 -9999 -9999 -9999 -9999 -9999 1140.9 1222.9 -9999 -9999 -9999 -9999 -9999 -9999 -9999 -9999 -9999 -9999 -9999 -9999
377.3 373.2 373.6 414.3 460.2 476.3 476.1 517.4 557.2 569.3 546.6 516.6 550 589.4 608.5 621.3 633.9 638.2 649.2 653.6 659.1 658.1 649.8 611.2 579.6 534.8 585.3 673.6 737.4 756.5 725.3 668.4 645.6 -9999 -9999 -9999 664.3 717.5 817.2 834.6 -9999 -9999 -9999 -9999 -9999 -9999 -9999 -9999 -9999 -9999 -9999 -9999 -9999 -9999 -9999 -9999 -9999 -9999 -9999 -9999 -9999 -9999 -9999 -9999 -9999 -9999 -9999 -9999 -9999 -9999 -9999 -9999 -9999 -9999 -9999 -9999
