datasets/global_precipitation_1950_2017/rasters/precip_2001-total.asc
NCOLS 720 
NROWS 347 
XLLCORNER -180 
YLLCORNER -90 
CELLSIZE 0.5 
NODATA_value -9999 
[rows 306 to 339 of 347, columns 304 to 379 of 720]
-9999 -9999 -9999 -9999 -9999 -9999 -9999 -9999 -9999 -9999 -9999 -9999 -9999 -9999 -9999 -9999 -9999 -9999 -9999 -9999 -9999 -9999 -9999 -9999 -9999 -9999 -9999 -9999 -9999 -9999 -9999 -9999 -9999 -9999 -9999 -9999 -9999 -9999 -9999 -9999 -9999 -9999 -9999 -9999 -9999 -9999 -9999 -9999 -9999 -9999 -9999 -9999 -9999 -9999 -9999 -9999 -9999 -9999 -9999 -9999 -9999 -9999 -9999 -9999 -9999 -9999 -9999 -9999 -9999 -9999 -9999 -9999 -9999 -9999 -9999 -9999
-9999 -9999 -9999 -9999 -9999 -9999 -9999 -9999 -9999 -9999 -9999 -9999 -9999 -9999 -9999 -9999 -9999 -9999 -9999 -9999 -9999 -9999 -9999 -9999 -9999 -9999 -9999 -9999 -9999 -9999 -9999 -9999 -9999 -9999 -9999 -9999 -9999 -9999 -9999 -9999 -9999 -9999 -9999 -9999 -9999 -9999 -9999 -9999 -9999 -9999 -9999 -9999 -9999 -9999 -9999 -9999 -9999 -9999 -9999 -9999 -9999 -9999 -9999 -9999 -9999 -9999 -9999 -9999 -9999 -9999 -9999 -9999 -9999 -9999 -9999 -9999
-9999 -9999 -9999 -9999 -9999 -9999 -9999 -9999 -9999 -9999 -9999 -9999 -9999 -9999 -9999 -9999 -9999 -9999 -9999 -9999 -9999 -9999 -9999 -9999 -9999 -9999 -9999 -9999 -9999 -9999 -9999 -9999 -9999 -9999 -9999 -9999 -9999 -9999 -9999 -9999 -9999 -9999 -9999 418.9 -9999 -9999 -9999 -9999 -9999 -9999 -9999 -9999 -9999 -9999 -9999 -9999 -9999 -9999 -9999 -9999 -9999 -9999 -9999 -9999 -9999 335 329.5 324 318.8 314.2 310.2 306.4 301.5 297.7 293.7 290.9
-9999 -9999 -9999 -9999 -9999 -9999 -9999 -9999 -9999 -9999 -9999 -9999 -9999 -9999 -9999 -9999 -9999 -9999 -9999 -9999 -9999 -9999 -9999 -9999 -9999 -9999 -9999 -9999 -9999 -9999 -9999 -9999 -9999 -9999 -9999 415.4 414.3 413.4 -9999 -9999 -9999 417.2 415.8 414.8 -9999 -9999 -9999 -9999 -9999 -9999 -9999 -9999 -9999 -9999 -9999 -9999 -9999 363.1 359.2 356.1 353.5 351.2 348.1 344.7 340.6 337.7 334.7 331.6 330.4 328 328 327.1 326.6 326.5 329.4 333.7
-9999 -9999 -9999 -9999 -9999 -9999 -9999 -9999 -9999 -9999 -9999 -9999 -9999 -9999 -9999 -9999 -9999 -9999 -9999 -9999 -9999 -9999 -9999 -9999 -9999 -9999 -9999 -9999 -9999 -9999 -9999 -9999 -9999 -9999 421 419.8 418.4 417.2 416.2 415.2 415.3 412.9 411.8 409.8 407.4 405.5 402.7 399.9 394.9 388.8 382.9 379.4 376.1 372.5 369.1 365.7 362.7 359.2 355 353.1 350.3 348.8 348.1 346.8 344 341.2 339.3 339 339.1 339.5 340.5 344.3 342.5 345 347.8 352.9
-9999 -9999 -9999 -9999 -9999 -9999 -9999 -9999 -9999 -9999 -9999 -9999 -9999 -9999 -9999 -9999 -9999 -9999 -9999 -9999 -9999 -9999 -9999 -9999 -9999 -9999 -9999 -9999 -9999 -9999 -9999 -9999 -9999 -9999 414.8 414.5 413.8 412.7 411.7 410.9 410.4 409.3 405.1 402.7 402.1 398.4 394.9 391.2 386 381.8 378.1 374.6 371.4 368.1 365 361.9 359.1 356.8 354.7 352 350.4 349.7 349.1 348.9 348.4 347 345.7 346.8 347.3 348.5 349.9 351.1 351.9 353.6 356.2 358.6
-9999 -9999 -9999 -9999 -9999 -9999 -9999 -9999 -9999 -9999 -9999 -9999 -9999 -9999 -9999 -9999 -9999 -9999 -9999 -9999 -9999 -9999 -9999 -9999 -9999 -9999 -9999 -9999 -9999 -9999 410.5 409.6 409.7 409.5 409.4 409 408.8 408.3 407.6 406.9 405.6 404.1 402.4 399.4 396.2 392.6 389.5 385.6 381.8 378.3 374.9 371.9 369.6 366.6 364.7 361.2 358.8 356.5 354.5 353 351.9 351.3 350.9 351 351.2 351.8 351 351.9 353.4 354.3 355.1 355.9 356.4 357.8 367.7 369.3
-9999 -9999 -9999 -9999 -9999 -9999 -9999 -9999 -9999 -9999 -9999 -9999 -9999 -9999 -9999 -9999 -9999 -9999 -9999 -9999 -9999 -9999 -9999 -9999 395.8 395.8 395.7 404.3 402.5 402.3 402.4 403 402.8 403 403.1 403 403.2 403.5 401.9 402.9 402 401 398.8 397.5 394 390.4 387.3 384 381.3 377.6 374.3 371.6 369.9 366.6 364.4 362.4 359.3 357.5 356 354.7 353.8 352.4 352.6 352.1 353 353.5 354.4 355.1 355.1 355.4 355.6 355.9 364.1 365.8 367.7 369.1
-9999 -9999 -9999 -9999 -9999 -9999 -9999 -9999 -9999 -9999 -9999 -9999 -9999 -9999 -9999 -9999 -9999 -9999 -9999 -9999 -9999 -9999 -9999 -9999 386.1 386.5 393.3 393.8 395.6 394.2 394.4 394.8 397.3 398.1 398.7 399.1 399.1 400.2 399.6 400.1 398.5 398.1 397 395.3 391.3 389.9 387 384.1 379.3 376.9 376.7 372.6 369.7 367.4 365.2 363.5 360.9 359.3 358.3 357.3 356.3 355.4 354.7 354.8 354.9 355.1 363 362.7 364 365.2 365.4 365.2 367 368.1 369.1 370.1
-9999 -9999 -9999 -9999 -9999 -9999 -9999 -9999 -9999 -9999 -9999 -9999 -9999 -9999 -9999 -9999 -9999 -9999 -9999 -9999 -9999 -9999 -9999 -9999 -9999 383.4 384.2 384.5 385.1 385.8 386.2 387.1 388.7 388.5 390.4 390.6 391.7 392.2 392.9 393 392.1 391.3 391 389.3 387.6 384.9 383 380.3 379.5 376 374.1 372 370.1 368.1 366.2 364.3 363 361.5 359.8 358.6 357.5 356.6 356.4 362 362.7 362.7 362.5 363.2 364.3 365.2 367.6 366.7 367.4 367.9 368.5 368.2
-9999 -9999 -9999 -9999 -9999 -9999 -9999 -9999 -9999 -9999 -9999 -9999 -9999 -9999 -9999 -9999 -9999 -9999 -9999 -9999 363.9 368.3 368.6 369.3 370.3 370.7 372 372.8 373.9 375.6 376.1 377.5 378.2 380 381.4 382.2 384.4 384.7 385.6 385 384.9 384.8 386.1 384.6 383.6 379.8 380.2 378 376.9 374.7 372.5 370.5 369.3 368.1 366.7 365.2 364 362.8 361.8 366 364 363.3 363.3 363.3 363.8 363.8 364.1 364.3 365.1 365.4 365.8 365.7 365.5 365.2 364.7 364.2
-9999 -9999 -9999 -9999 -9999 -9999 -9999 -9999 -9999 -9999 -9999 -9999 -9999 -9999 -9999 -9999 -9999 -9999 349.3 352.3 352.8 352.9 353.2 353.6 354.4 355.3 357 357.4 359.8 360 364.8 366 367.6 369.1 370.2 371.3 372.3 374.2 374.6 374.5 374.6 374.4 374.7 378.9 375.8 375 374.3 373.5 372.7 372.3 370.8 370.9 369.6 368.5 367.6 368.6 367.8 366.9 366.1 366 366 365.2 364.9 364.4 364.3 363.9 363.4 362.6 362.6 362.1 361.7 361.1 359.6 358.3 355.4 354.4
-9999 -9999 -9999 -9999 -9999 -9999 -9999 -9999 -9999 324.9 326.5 327.5 327.7 327.5 327.6 327.5 332.3 331.6 331.7 332.1 332.6 333.2 333.5 335 335.7 338.4 339 340.5 341.8 343.4 348.8 350.9 353 354.9 356.8 358.5 360.1 358.2 359.9 360.9 362.9 362.1 362.3 363.5 364.5 364.4 364.6 365.4 366.1 366.6 367.3 367.8 367 367.1 367 366.2 366.2 366.4 365.8 365.1 363.8 363.7 363 361.8 361.3 359.4 357.9 355.7 352.9 351.5 349.8 347.3 343.8 340.1 337 332.2
-9999 278.4 281.1 283.6 286 288 289.7 290.9 292.5 294.4 296.6 297.9 299 299.9 302.9 303.6 304.6 305.5 306.3 307.9 309.1 311.3 311.8 313.6 315 316.9 319.2 321.9 323.9 326 329.7 331.8 334.1 336.5 338.4 340.3 342.2 345.6 344.9 346.5 347.5 348.1 348.5 350.5 351.4 352 352.5 353.8 355.2 355.9 356.9 357.7 358.5 359 359.4 359.2 358.8 359.4 358.8 357.3 355.8 354.4 353.1 351.3 347.2 346.7 343.5 338.8 334 331 325.9 320.3 315.1 311.1 305.2 298.7
243.5 246.5 249.5 252.7 255.6 258.4 260.8 263.2 265.4 267.5 269.4 272.1 273.9 276.1 277.1 279 280.6 283.2 284.1 285.8 287.7 289.3 291.2 293 295.1 297.7 299.6 303 305.3 307.3 309.4 311.8 314 316.3 318.9 320.2 322.5 324.8 327.1 328.8 330.4 332.3 333.1 336.3 337.5 338.2 338.9 339.8 340.7 341.2 341.9 342.3 342.9 343.2 343.2 343.1 342.6 341.4 340.3 337.7 335.3 333.9 329.9 326.5 322.5 316.6 311.8 307 303.3 296.7 290 283.4 276.8 270.5 264.3 258.2
216.7 220.8 223.6 226.7 229.5 232.2 235.3 238.8 241.5 244.1 246.6 249.2 251.6 254.3 255.7 257.8 260 262 263.9 265.6 267.4 270 272.2 274.3 276.8 278.4 280.5 282.6 287.6 288.1 292.7 292 294.5 296.7 298.9 301.3 304.1 305.7 307.6 309.5 312 314.7 316.3 317.8 319.3 320.3 321.3 322.1 323.4 324 324.4 323.8 322.8 321.6 319.8 317.4 315.4 312.9 310.3 307.5 304.3 299.6 295.3 289.9 284.4 278.3 273.4 265.7 259.2 252.1 245.1 240.8 231 224.2 217.3 210.4
199.1 202.2 205.6 208.7 211.2 213.4 216.3 219.1 221.6 224.8 227.2 229.5 231.7 235.1 236.1 238.3 240.6 242.8 244.9 247.2 249.7 252.4 254.9 257 259.9 261.3 265.6 264.4 268.5 270.5 272.3 274.7 276.7 279 281.8 282.8 284.4 286.3 291.8 290.5 292.7 294.8 296.2 298.2 299.2 299.3 299.2 299.3 298.8 298.2 297.2 298.8 297.2 294.9 291.7 288.5 284.3 280.2 275.6 270.4 265.2 260.3 256.8 250.6 243.2 236.6 229.7 222.3 216.3 209.3 202.3 194.2 186.9 182.1 173.5 168.3
190.7 193 193 197.1 199.1 200.7 202.7 205.7 208.3 210.7 213.1 215.3 216.9 218.5 220.4 225.3 224.9 227.3 229.8 232.5 234.9 237.3 241 241.7 243.8 246.8 248.4 250 256.1 257.2 259.3 259.6 262.3 263.6 264.6 267.1 269.2 270.9 272.3 274.2 275.8 277.4 278.7 279.7 280.3 280.1 279.5 278.2 276.3 274.1 271.2 267.9 264.9 261 256.8 252 247.1 241.9 236.5 230.8 225.4 218.5 213 207.6 201.9 196.7 179.1 171.1 162.7 168.7 161.8 143.4 138.8 134.4 128.8 125.1
183.7 185.8 185.2 187.6 189.8 192.2 193.9 196.4 197.4 200 202.6 205 206.3 207.7 209.5 211.4 213.8 215.6 217.7 220 222.5 228.2 230.2 231.5 231.4 234 237.4 238.9 240.8 242.4 243.6 245.1 252.8 251.6 253 254.5 256.1 257.4 259 260.2 261 261.4 261.8 261.3 260.6 259.2 256.7 254.4 251 246.9 242.1 237.1 231.5 225.7 219.2 212 210.8 198.6 192.9 187 181.2 175.1 154.8 148.4 142.2 136.4 130.6 125.6 120.8 117 112.3 104 105.8 93.7 91.8 89.6
179.3 181.1 179.9 181.9 184.1 185.9 187.6 188.9 190.5 191.4 195.8 196.3 197.8 200.3 202 205.2 207.7 207.8 210 212.2 214.3 215.9 218.2 219.6 222.6 224.8 227 229.2 231 232.3 233.3 238.1 240.3 241.9 242.1 243.6 244.7 245.7 246.1 246.5 246.4 245.6 244.5 242.9 240.9 238.1 234.7 230.9 226.9 221 213.9 210 199.2 191.1 182.9 175.3 167.3 158.9 151.3 143.9 137 130.4 124.3 118.7 113.6 109.2 105 97.2 89 80.2 90.3 69.4 68 66.1 65.3 63.9
177.4 179 176.3 177.8 179.6 180 181.8 183.3 184.9 186.5 192.2 194 191.8 195.6 197.7 199.3 201.3 203 204.2 207.7 209.5 211.2 210.9 213.4 214.6 217.6 218.4 220.2 221.9 223.2 224.7 225.9 227.1 228.1 229.1 234 234.6 235 234.7 234.5 233.6 232.4 231 228.5 222.1 217.8 213 209.9 203.1 196.8 189.2 180.3 172.1 164.4 156.4 148.2 140.6 132.8 126 119.7 114.3 108.9 103.4 96.7 88.6 80.5 72.3 84 61.3 57.9 54.8 52.1 50 48.3 64.1 62.1
172.1 173.5 173.1 174.6 176.5 177.8 179.7 181.3 182.4 184.1 187.1 189.1 189.3 191.1 192.8 194.7 197.8 197.9 199.6 200.7 203.7 205.5 205.7 207.6 209.2 212 212.3 213.5 215.1 216.2 217.1 217.7 218.8 219.2 219.2 219.4 219.2 221.8 221.8 220.1 219.2 216.9 213.4 209.3 205.2 200.1 194 187.9 181.5 174.1 166.7 160.1 150.5 146.4 140.7 132.6 119.4 112.2 105.5 99.5 94.3 87.2 84.7 75 69.8 65.7 61.7 57.7 54.2 50.6 47.7 44.6 42.1 40.2 38.4 37.2
169.9 171.2 172.5 173.8 177.8 179 179.1 180.8 181.6 183.1 184.6 186.2 187.5 188.9 191.2 192.4 194.1 195.3 196.6 197.8 199 200.3 201.3 202.3 203.6 204.4 205.3 206.2 207 206.9 207.5 207.4 206.4 205.8 205 204.3 204 203.9 204.8 202.1 200.7 196.4 191.6 186.9 181.9 176.6 171.1 165.1 158.8 152.1 146.6 138.7 131.7 124.7 117.8 111 103.8 95.9 90.6 83.1 78.7 73.5 69.1 65.1 61.5 57.8 54.2 50.7 47.4 44.4 41.5 38.7 36 34.1 32.2 30.4
170.2 171.4 171.7 172.3 173.3 174.5 175.5 177.2 178.2 179.7 180.7 181.7 182.4 183.6 184.1 185.5 186.6 187.4 188 188.9 189.5 190.3 190.5 191.2 190.5 190.8 190.7 190.7 191.3 190.9 189.8 189.3 187.9 186.5 183.3 182.2 183.8 182 178.7 175.5 171.8 170.5 166.8 162.3 154.2 151.9 146.1 141.5 134.2 128.2 122.8 117 110.9 105.3 99 92.4 86.3 79.9 74.8 69.8 68.3 63.6 59.7 53 49.5 46.1 43.1 40.2 37.3 34 31 27.9 25.7 23.7 22 20.5
162.4 163.2 164.2 165.6 165.5 166.4 166.9 167.7 167.4 167.9 167.8 169 169.3 169.7 170.1 170 170.9 170.6 170.9 170.8 170.4 170.4 170.3 169.7 169.4 168.8 168 166.3 165.9 164.5 163.7 162.3 159.9 158.6 155.8 153.2 150.9 148.9 147.4 146.1 142.5 138.6 135.4 131.1 128.6 124.1 119.3 114.6 109.9 105.3 100.1 95 89.8 84.7 79.6 74.3 69.4 64.7 60.8 56.4 52.3 51.2 47.7 41.6 39 36.1 33.2 30.6 28.2 25.9 24.1 21.9 20.6 18.8 17.5 16.1
148 148.1 148.6 148 149.5 149.8 148.7 149 148.7 148.9 149 149 148.7 148.4 147.2 146.7 146.8 146 145.3 145.4 144.7 143.3 142.8 142.2 141.1 140.2 138.9 137.8 136.2 134.8 132.9 131.1 129.3 127.2 125.4 123.1 120.9 120.4 117.7 114.6 112.8 108.6 105.7 102.5 99.2 95.9 92.4 88.7 84.9 81.4 77.3 73.4 70.2 66.4 62.3 58.9 55.6 51.8 48.8 45.9 43 40.1 38.1 34.1 31.8 28.7 26.2 23.9 21.7 19.4 20.9 19.2 17.8 13.9 12.8 12
126.9 126.5 126.4 126.8 126.6 126.7 126.8 124.9 125.1 124.4 124 123.7 123.1 122.6 121.8 120.9 120.1 119.3 118.7 117.3 116.6 115.3 114.1 113.2 111.8 111.2 109.7 108.1 106.7 105.2 103.5 102 99.9 98.4 96.4 94.4 93.3 92.2 90 87.7 85.5 83.2 80.6 78.2 75.6 72.1 69.8 67.1 64.8 62 58.9 56.1 53.1 50.5 47.8 45.9 42.7 40.2 38 36.9 34.4 32 29.8 27.7 26.3 23.8 21.9 20 18.5 16.7 15.6 14.2 13.2 11.8 10.8 9.8
101 100.6 100.4 100 99.6 99.7 98.9 99.5 99.3 97.5 97 96.5 96.1 95.3 94.6 94.1 93 92.2 91.3 90.5 89.6 89.1 88 87.1 86.2 84.9 83.7 82.9 81.7 80.5 79.3 78 76.7 74.8 73.2 71.6 69.9 68.2 66.3 64.4 63.7 62.9 60.2 58.6 57.1 55.4 53.1 51.4 49.2 45.2 43.2 41.7 39.8 37.9 36.4 35.1 33.1 31.7 30.1 28.2 26.7 25 23.3 21.8 20.3 18.8 16.9 17.3 16 14.6 13.3 12.2 11.6 10.9 10.3 9.4
74.4 74 74 73.8 73.3 73.1 72.7 72.4 72 72.1 71.6 70.8 70.3 69.5 68.9 68.2 67.8 67.3 66.7 66 65.5 64.9 64 63.2 62.7 61.9 60.8 60 59.4 58.2 57.3 56.6 55.5 54.6 53.6 52.4 51.5 50.6 49.6 47.8 46.3 45 43.3 41.7 40.8 41.6 38.3 36.7 35.7 34.8 33.6 32.5 31.2 26.6 25.7 24.8 24.1 23.1 22.1 21.3 20.3 19.3 18.2 17.7 17.1 15.9 15.1 13.9 13.2 12.4 11.1 10.5 9.4 9 7.9 7.6
50.8 50.5 50.3 50.2 49.9 49.7 49.6 49.3 48.7 48.5 48.2 47.8 47.5 47 46.3 46 45.3 45.2 44.7 44.3 43.6 43.2 42.6 42 41.5 40.4 40.3 39.5 38.9 38.3 37.6 37 36.2 35.9 34.9 34.4 33.6 32.7 35.7 35.1 34.6 33.9 28.8 28.2 27.6 27 26.2 25.4 24.8 24.2 23.6 22.3 21.5 20.5 19.7 18.9 18.1 17.4 16.9 15.2 14.4 14 13.1 13 12.2 11.2 10.5 9.9 8.9 8.5 7.8 7.4 7 6.8 6.4 6.2
31.8 31.8 31.5 31.4 31.3 30.9 30.6 29.8 31 30.8 30.3 30.3 30.3 29.7 29.5 29.4 29.2 29.1 28.6 28.6 27.9 27.6 27.2 27.2 26.9 26.4 26.2 26 25.2 25.2 24.6 24.1 23.8 23.5 23 22.5 22.2 19 18.8 18.1 17.7 17.5 17.1 16.8 16.2 15.8 15.4 15.1 14.8 14.3 14 13.6 13.1 12.8 12.5 12 11.6 11.4 10.9 10.5 10 9.2 8.6 8.4 8.8 8.4 8 7.5 7 6.3 6.1 5.8 5.7 5.3 5 4.6
18.1 18 18.1 18 17.9 17.8 17.7 17.5 17.3 17.2 17.1 17.2 17.2 17 16.9 16.8 16.6 16.4 16 16.1 16.2 16.1 15.6 15.3 15.4 15 14.7 14.5 14.1 14.2 14.1 13.8 13.3 13.2 13.1 12.9 12.6 12.4 12.2 12 11.7 11.6 11.4 11.3 10.9 10.8 10.6 10.5 10.1 9.9 9.7 9.5 9.2 8.7 8.4 8.1 7.6 7.3 6.9 7.7 6.2 5.8 6.1 5.5 5.4 5.2 4.3 4.3 4.1 3.8 3.6 3.7 3.7 3.6 3.5 3.1
10 10.1 10.2 10.2 10.4 10.4 10.5 10.6 10.2 10.1 10.4 10.4 10.3 10.2 10.1 10.1 9.9 9.9 9.9 10 9.8 9.7 9.6 9.5 9.3 9.4 9.4 9.1 8.9 8.8 8.7 8.8 8.5 8.3 8.2 8.2 8.4 8.1 8 7.6 7.7 7.7 7.4 7.3 7.2 7.1 6.8 6.6 6.4 6.1 6 5.9 5.7 5.3 5 5 4.6 5.1 4.2 4.2 4.1 4.2 4.1 3.8 3.8 3.6 3.6 3.4 3.1 3.1 3.1 3 2.9 3 2.9 2.7
5.8 5.9 5.8 5.8 5.7 5.5 5.5 5.5 5.7 5.7 6.2 6.2 6.2 6.2 6.2 6.3 6.3 6.2 5.6 5.7 5.6 5.6 5.6 5.6 5.5 5.4 5.4 5.5 5.5 5.5 5.5 5.3 5.3 5.3 5.1 5.1 5.1 5.1 4.8 4.7 4.7 4.4 4.4 4.2 4 3.8 4.2 4 3.5 3.2 3.2 3.2 3.2 3.3 3.3 3.2 3.1 3 3 2.8 2.6 2.8 2.7 2.7 2.6 2.5 2.5 2.4 2.4 2.3 2.4 2.4 2.2 2.1 2.2 2.2
