datasets/global_precipitation_1950_2017/rasters/precip_1956-total.asc
NCOLS 720 
NROWS 347 
XLLCORNER -180 
YLLCORNER -90 
CELLSIZE 0.5 
NODATA_value -9999 
[rows 306 to 339 of 347, columns 456 to 531 of 720]
899.7 900.4 899.5 897 888.7 875.9 862 847 833.5 821.3 810.3 796 779.8 760.2 737.9 715.6 692.9 669.5 647.1 626.3 608.5 592.9 578 560.4 546.2 536.2 522 509 499.6 489.2 485 481.8 478.1 474.3 470.3 465.4 459.8 453.6 446.4 437.5 429.7 423.6 -9999 -9999 -9999 -9999 -9999 -9999 -9999 -9999 -9999 -9999 280.6 -9999 -9999 235.5 213.7 204.8 199 196.4 195.6 198.8 213.9 219.9 239.9 262.8 280.7 298.9 318 339.9 364.2 388.1 411.9 434.4 453.9 477.1
898 896.3 892.9 889.4 883.3 873.1 862.3 855.1 847.4 835 830.4 812.3 797.7 779.9 758.5 736.4 715.8 694.7 673.2 653.1 634.7 616.8 595.7 576.2 561.7 550.7 539.4 526 511.6 499 490.6 484.4 476.8 469.7 463.5 458.3 451.7 443.7 435.7 426.6 418 408.6 -9999 -9999 -9999 -9999 -9999 -9999 -9999 314.5 304.7 294 277.6 261.5 265.8 241.6 235.2 230.6 228.1 226.4 225.7 227.5 232.7 257.8 252 271 291.2 306.6 321.1 339.4 360.7 381.9 402.9 423.5 441.1 456.3
905.1 902 898.1 892 887.7 885.1 880.4 873.9 867.7 854.5 842.3 820.7 811.9 792.2 773.8 755.7 735.2 715.5 695.7 676.3 655.8 638.7 613.6 604.6 588.1 564 555.9 538.4 523.7 508 495.9 488.1 476.6 471.4 462.9 449.3 443.8 433.7 424.8 415.8 405.6 398.3 -9999 -9999 -9999 -9999 -9999 -9999 324.1 314.7 304.5 301.7 281.2 289.7 282.4 257.9 254.6 252.9 253.6 253.3 252 252.7 256.1 281.4 290.4 281 307.1 313.3 328.1 343.7 361.7 379.8 398.6 417 430.1 443.7
901.8 898.3 892.6 889.6 893.5 895.3 890.8 888.1 871.8 860.9 853.2 841.1 824.9 807.9 791.1 773.8 754.7 734.8 714.8 695.1 673.5 652.8 632.9 613.7 595.1 578.1 559.2 545.5 532.6 516.6 501.7 488.4 475.6 464.3 453.6 442.9 432.4 423.7 413 402.9 390.2 -9999 -9999 -9999 -9999 -9999 -9999 320.7 317.8 310.1 296.9 287.8 282.3 278.3 272.7 266.2 262.3 258.9 270.2 270.3 257.9 262.1 267.9 275.2 282.1 288.6 296 307.7 323 330.9 353.6 355.2 379.4 394.7 404.6 439.1
886.6 889.1 891.7 871.9 896.1 893.3 889.8 883.4 870.7 861.4 854.3 841.1 827 812.1 796.9 781.7 764.8 747.1 727 707.7 688.5 668.3 648 626.4 607 588.3 570.6 553.3 537.1 520 502.4 487.6 473.8 461.1 449.1 437.9 427.2 415.6 403.3 394.6 382.7 -9999 -9999 -9999 -9999 325.2 316.8 303.6 313 307.5 298 293.2 289.5 287.4 283.8 279 275.3 272.5 275.5 271.4 272.7 293.4 296.6 300.8 306.4 321 314.3 329.9 346.5 373.4 381.9 393.9 405.8 418.3 440.9 455.5
864.6 865.8 867 864.1 871.6 867.2 862.2 856.4 858.1 850.6 834.9 825.5 814.9 802.9 789.7 775.5 760.1 743.4 729.1 710.2 688 668.6 649.5 630.3 611 592.2 573.4 555.4 535.7 517.9 503 487.1 471.9 458.1 445.2 433.1 421.9 411.3 397.2 390.5 383.5 370.7 352 339.1 327.7 322.1 308.4 304.5 297.8 297.6 280 311 307.2 304.1 301.2 299.9 298.6 306.1 307.1 308.1 309.3 311.3 328.9 284.6 297.2 308.6 322.7 337.2 361.5 376.8 393.6 403.2 413.4 426.6 440.2 452.2
799.8 809 803.3 803.5 803.1 801.6 805.8 808.7 811 806.2 792.8 780.2 766 756.9 746.7 735.1 727 715.8 703.4 686 666.7 647 628.1 610.8 592.8 575.5 558.3 539.7 520.9 502.8 487.7 473.7 461.5 447.6 434.8 422.6 411.6 398 384.5 374.7 367.1 354.4 339.7 322.4 305.8 295.5 292.4 290.4 290.1 307.1 292.4 288.1 278.9 270 275 310.2 313.3 316.9 321.6 248.4 261.8 270.1 278.4 288 298.5 308.9 323 337.1 351.9 365.9 381.1 394.9 408.5 413.5 422.8 430.6
715.2 714.5 712.8 710.7 711.4 715 718.5 721.3 723 720.1 710.3 701.4 691 681 671.7 665 658.7 650.5 640.6 626.8 610 593.6 577.4 563.2 548.8 534.4 518.4 501 484.1 467.6 453.6 441.4 430 420.5 411.7 398 384.9 372.1 359.4 349.4 338.6 327.3 314.8 311.6 301 292.4 308.5 306.5 306.6 307.6 272.1 272.4 273.7 274.5 274.4 268.4 262.6 256.5 254 254.4 259.5 265.4 275.1 279.9 288.6 298.2 308.1 318.5 329.2 340.6 353.4 365.1 376.1 387.1 391.2 393.8
595.9 598.6 601 602.4 603.5 604.1 604.1 603.8 603.2 601.1 598 592.3 586.1 580.4 574.2 567.8 560.8 552.6 543.2 533 522.3 511.8 501.3 490.9 479.5 466.2 453.8 439.3 424.5 411.1 401.4 392.1 378.9 365.7 353.7 341.6 345.7 325 321.5 314.2 304.1 300.9 289.1 283.6 278.2 274.9 267.7 288.3 291.2 290.2 290.1 283.8 279.9 269.7 241.9 242.8 244.3 246.5 245.8 245.9 249.7 254.5 260.1 266.3 273.3 280.7 288.3 297 305.5 314.2 323.5 332.5 340.5 350.3 354.1 355.6
480.3 486 489.8 493.2 494.1 491.8 489.7 485.1 481.5 479.9 480.2 479.5 478.2 476.1 471.4 463.3 455.4 446.9 437 429.8 425 420.1 414.8 406.5 395.5 383.5 371.5 359.6 352.2 343 331 319.4 308.7 298.4 289.2 280.3 272.2 263.9 256.6 252.9 256.6 258.7 256.5 255.4 252.9 246.4 245.2 261.9 263.2 265.3 267.5 264.4 260 255.6 251.7 227.8 229.5 231.1 233 233.7 233.4 242.2 234.8 237.9 241.6 245.8 250.7 256.1 262.4 268.6 275.1 282.2 289 296 304.1 311.5
408.6 404.9 409.6 412.9 416.9 416.5 412.8 387.9 383 381.4 382.8 383.7 384.1 384.3 381 373.6 365.2 356.9 347.1 341.9 336.6 326.8 317.6 307.7 297.9 295.4 293.6 292.2 290.4 285.1 251.4 250.1 249.2 248.6 268 262.1 256.5 251.1 247 250.8 240 233.1 233.6 234.1 232.4 228.3 226 238 240.2 242.1 244.8 245.7 242.6 239.7 222.3 224.2 219.6 221.5 223.5 224.1 224.1 223.9 224.1 225 226.6 229.2 232.7 236.3 240.2 245.2 250.4 255.3 261.3 266.6 273.1 279.2
331.6 328.7 331 335.1 338.8 342.5 342.9 338.3 333.5 332.6 334.1 335.9 331.2 324.9 318.3 311.4 321.7 303.3 303.8 299.9 292.6 285.1 269 269.5 266 259.2 252.6 246.3 240.8 238.6 238.9 239.5 239.7 240.1 237.9 233.8 230.8 229 231.1 228.7 229.7 230.9 232.2 223.1 217.3 215.2 213.3 223.5 221.9 224.3 226.8 229.3 228.9 227.3 215 216.6 218.4 218.1 215.9 217.3 217.9 218.9 219.9 221.3 223.6 226.4 229.3 233 236.8 240.9 244.9 249 253.4 258.1 262.5 267.5
285.2 282 278.8 277.3 280.2 283.6 286.3 285.1 284.3 279.7 274.7 270 265.4 256.9 254.8 249.8 244.4 239.3 236.4 234.4 235 235.7 236.4 237.5 235.6 230.9 226.1 222.2 218.6 217 218.1 218.8 219.7 220.1 219.3 218.6 220.2 218.6 215.7 216.4 218.1 219.6 221.3 223 223.4 211.8 205.5 205 210.5 212.6 214.8 217.1 219 209.3 210.9 212.8 215.2 217.1 219.5 216.6 215.8 217.1 218.6 220.2 222.5 225.5 228.4 231.5 234.7 237.8 241.4 244.9 248.4 252.2 256.1 259.9
240.9 243.9 244.9 246.5 247.8 241.4 243.2 245.7 247.7 246.6 226.4 227.3 227.9 229.3 228.5 224.8 221 217.2 213.8 212.7 213.4 215.1 215.8 216.8 215.7 212.3 209.6 206.9 205.4 205.2 205.8 206 207 207.5 207 211.6 208.9 208.5 207.9 208.9 210.8 212.7 214.5 215.8 216.6 216.1 216.5 216.4 208.7 205.8 204.8 206 206.8 207.9 209.5 211.5 213.8 215.7 218.2 219.8 221.2 216.6 218.2 219.9 222.4 225 227.6 230.1 232.9 236.2 239.1 242.3 245.4 248.6 252 255.5
218 216.2 214.3 221.2 214.6 216.5 217.9 215.8 213.7 216.7 210.1 210.4 211.4 212.3 211.3 208.7 206.4 204.3 202.2 201.4 201.8 202.2 203 203.8 202.9 201.9 199.9 198.3 197 196.6 198.7 198.3 199.3 206.5 204.9 204.2 203.9 203.6 204.1 205.3 207 208.1 210 211.7 212.6 213.4 214 215.2 216.9 219.1 209.1 204.9 206.1 207.3 208.8 210.6 212.9 215.5 217.2 219 220.5 222.5 224.3 220 221.9 224.5 226.7 229.4 231.9 234.8 237.8 240.2 243.2 246 248.5 251.1
201 200.2 196.4 196.9 201.2 201.3 195.3 196 197 196.1 195.3 194.1 200 198.6 197.2 197.8 193.1 193.3 193.8 193.4 192.1 191.3 190.5 189.3 188.7 189.4 189.7 190 192.3 192.5 191.7 197.4 195.7 196.3 196.4 197.4 198.3 199.7 201.4 202.6 203.9 205.3 206.4 207.6 208.9 210.1 213.3 214.3 215.5 217.2 218.9 220.6 222 211.9 208.2 209.7 211.4 213.2 216.1 218.1 218.6 220.5 222.9 225.3 227.5 222.9 225 227.1 230.5 233.2 234.3 237.1 239.5 242.3 244.5 247
184.7 185.4 184.2 184.4 184.2 184.9 185.5 185.3 187.1 187.7 185.2 185.3 185.7 186.1 186 185.6 185 184.8 187.7 195.9 177.4 178 178 178.2 178 177.6 177.2 180.3 189.7 194.7 192.5 193.4 194.2 195.1 196 196.3 197.1 198.3 199.5 202.4 203.7 205 204.6 206.1 207.8 210.2 211.1 212.8 214.4 216.2 217.6 219.3 220.6 222.3 224 225.4 215.9 212 213.7 215.7 217.4 219.7 221.3 223.2 225.2 227.5 229.6 227.2 227.6 229.9 232.4 234.6 236.7 238.9 241 243.2
178.3 178.5 178.3 178.5 178.6 178.4 178.8 179.2 179.3 179.8 180 179.9 183.1 183.4 196.7 196.4 182.8 182.5 184.8 184.6 182.6 182.9 196.1 196.2 196.1 193 186.3 190.7 193 193.7 193 193.9 195 195.9 196.6 197.1 197.7 198.7 199.8 201 202.2 203.7 204.9 206.7 207.8 209.4 210.7 212.1 214.1 214.8 216.2 218.1 219.3 221.1 222.8 223.5 225.8 227.3 228.9 230.5 221.4 217.5 219.2 221.6 223.2 225.1 227.3 229.3 231.4 233.3 228.9 231.1 233.2 235.7 237.6 239.3
176.2 176.3 176.7 176.7 176.8 176.7 176.7 176.9 193.5 193.9 193.9 193.9 193.3 193.4 194 193.8 193.6 193.3 194.7 194.4 193.2 193.5 193.7 194.4 193 193.3 193.6 194.2 202.3 193.9 193.8 194.8 195.6 196.3 196.8 197.1 197.6 198.8 200 200.9 202.2 203.3 204.4 206 207 208.3 209.5 210.9 212.2 213.6 214.9 216.4 217.6 219.1 220.4 222.3 223.6 225 226.8 228.4 230.1 231.7 233.2 235.4 220.6 222.4 224 225.8 227.7 229.8 231.8 233.5 230.9 231.3 233.2 235.1
191 191.2 191.4 191.2 191.3 191.4 191.1 191.1 191.2 191.2 191 191.1 191.1 191.3 192.4 192.1 191.9 192.1 192.5 192.3 192.3 193.4 194 197.6 193.1 193.4 193.8 194.5 195.7 196.4 202.1 195 195.6 196.3 196.9 197.5 197.7 198.1 199.1 200.5 201.4 202.2 203.4 204.7 206 207.1 208.2 209.5 210.7 211.8 213.2 214.6 215.9 217.2 218.6 219.6 221.1 222.4 223.9 225.5 227.1 228.9 230.5 231.9 233.6 235.1 236.7 238.5 229.1 225.5 227.4 229.1 231 232.8 234.6 232
191.7 191.9 192.1 192.1 192.4 192.4 192.6 192.6 192.4 192.6 192.5 192.4 193 193 192.8 192.9 192.8 193.3 192.4 192.4 192.6 193.2 197.1 192.8 193.2 193.2 193.7 194.2 195.4 195.9 196.2 196.8 202.6 209.1 196.1 196.6 197.1 197.7 198.8 199.7 200.6 201.5 202.6 203.8 204.8 205.6 206.6 207.4 208.5 209.7 210.7 212 213.2 214.5 215.7 216.9 218.2 219.6 221.1 222.3 223.8 225.3 226.8 228.2 229.5 231.1 232.8 234.4 235.6 237.1 238.8 240.4 241.8 232.6 229.2 230.7
192.2 190.7 190.9 191 191.1 192.5 192.4 192.3 192.4 192.4 188.9 189 188.9 188.7 188.9 188.9 188.9 188.8 188.8 188.9 188.7 187.8 188.4 191.3 192 192.6 193 193.6 194.5 195.3 195.2 195.8 196.3 197 197.4 203 209.3 196.7 197.4 198.3 199.4 200.1 201 201.8 202.4 203.7 204.4 205.4 206.3 207.5 208.5 209.5 210.7 211.9 212.8 214.1 215.2 216.3 217.4 218.6 220 221.5 222.9 224.1 225.5 226.7 228.1 229.6 230.9 232.5 233.6 235.1 236.4 237.7 238.8 240.5
188.9 188.9 188.9 188.9 188.8 188.9 188.9 189 188.8 188.9 188.9 187.5 187.5 187.5 187.5 187.3 187.6 187.9 188 188 187.9 187.8 188.3 188.8 189.6 191.6 192.4 192.9 193.2 193.6 194.1 194.6 195.1 195.6 196.2 196.6 196.9 197.7 203.3 209.7 211.4 198.2 198.9 199.8 200.8 201.8 202.9 203.8 204.2 205.3 206 207 207.9 208.9 210 211 211.9 213 214 215.1 216 217.1 218.7 220 221.2 222.3 223.4 224.7 225.9 227.2 228.3 229.5 230.7 232 232.8 233.8
187.5 187.5 187.3 187.9 188 188 187.9 187.8 187.8 187.9 187.8 187.6 187.7 187.8 187.3 187.5 187.4 187.5 187.2 187.3 187.5 187.9 187.9 188 188.4 188.7 189.1 189.9 191.8 192.5 192.6 192.8 193.4 193.9 194.3 194.6 195.1 195.4 196.4 197.3 198 198.4 204.8 210.5 211.2 198 199.2 200.1 201 201.9 203.8 204.5 205 205.9 206.8 207.4 208.3 209.2 210.1 211.6 212.8 213.8 214.8 215.8 216.6 217.5 218.8 219.7 220.5 222 222.8 224 224.7 225.6 226.6 227.5
191.3 191.4 190.7 191.3 192.3 194.1 186.2 186.4 186.5 186.5 186 186.7 186.6 186.6 186.6 186.5 186.5 186.4 186.3 186.5 186.6 186.7 186.8 187.3 187.4 187.8 187.9 187.8 188.1 188.4 189.4 191.1 191.7 191.9 192.1 192.7 193 193.4 193.9 194.7 195.5 196.5 197.2 197.9 198.6 198.9 205.3 210.7 211.4 199.2 200 200.8 201.6 202.6 203.5 205.3 206.1 206.9 207.2 208 208.8 209.8 210.5 211.4 212.3 213.1 214.4 215.4 216.2 217.2 218 218.8 219.5 220.4 221.4 222.4
189.3 189.4 189.7 188.6 190 189.8 190.1 190 190.2 189.9 189.9 190.5 190.5 191.5 191.6 193.1 185.5 185.5 185.4 185.1 185 185.4 185.3 185.5 185.8 186 186.2 186.3 186.3 186.7 186.8 187.2 187.5 187.6 190.9 189.9 190.2 190.6 191 191.6 192.4 193.1 194.1 194.7 195.3 196 196.8 197.7 198.5 199.3 204.3 205.5 206.3 207.2 208.7 196.8 201.9 202.7 203.4 204.4 205.3 206.1 206.8 207.6 208.4 208.8 209.4 210.2 211.2 211.5 212.3 212.9 213.8 214.7 215.3 216.5
186.5 186.5 186.8 186.8 187 186.9 187.2 187.4 187.5 187.6 187.6 187.7 185.3 188.1 188 188.1 188.1 188.1 188 188 188.1 187.8 188.8 189.4 189.3 189.4 189.7 190 191.3 191.3 184.5 184.7 184.4 185.3 185.3 185.5 185.7 184.7 187.3 187.8 188.4 188.9 189.5 190.4 191.2 191.5 190.8 191.7 192.4 193.2 194 194.8 195.5 196.2 197.1 198.1 198.8 199.3 199.9 200.5 187.9 188.5 189.3 190 191.6 198.9 203.4 204.1 205.6 206.1 207 207.2 208.1 208.6 209 209.7
183.4 183.2 183.4 183.5 183.7 183.7 183.6 183.8 184.1 184 184.2 184.1 184.4 184.4 184.6 184.5 184.6 184.7 184.9 184.9 185 184.9 185.1 184.7 184.8 185.2 185.1 185.4 185.6 185.7 185.8 185.8 185.9 186.3 187.5 187.8 188 188.4 188.8 188.7 182.1 182.3 181.6 182 183.3 183.8 184.5 185.1 186.1 186.6 187.4 187.8 188.5 188.9 189.6 190.2 190.7 191.4 191.7 195 195.6 196.4 196.9 197.3 198.2 198.9 199.4 187.4 188.2 189 190.3 196.9 201.2 201.8 202.6 203
180.3 180.3 180.3 180.3 180.1 179.8 180 180 180.2 180.1 180.2 180.3 180.6 180.8 180.7 180.9 181.1 181.4 181.5 181.5 181.5 181.8 182 182 182 182.2 182.3 182.6 181.8 182.8 182.6 182.7 182.8 182.7 183 183.1 184.1 184.9 184.7 184.8 185.1 185.2 185.4 185.6 179.6 180.7 181.3 181.6 180.7 181.2 182.3 182.9 183.2 183.8 184.1 184.5 185.3 185.8 186.4 186.8 187.4 188 188.3 189 189.6 189.9 190.4 193.1 194.2 194.8 195.4 195.6 196.2 196.6 196.9 197.6
177.7 177.7 177.7 177.5 177.6 177.6 177.3 177.4 177.3 177.4 177.6 177.6 177.7 177.9 177.9 178.1 178.1 178.3 178.4 178.2 178.5 178.9 179 179 179.1 179 179.3 179.4 179.5 179.4 179.4 179.6 179.5 179.7 179.6 179.4 179.4 179.3 179.5 180.2 181.3 181.3 181.4 181.5 181.4 181.6 181.7 182.1 177.4 178 178.2 178.6 179.1 179.4 179.7 180.1 180.6 181.7 180.4 181 181.3 181.8 182.2 182.6 183 183.4 183.8 184.3 184.2 184.5 184.9 185.8 185.8 186.4 186.9 187.3
174.7 174.5 174.4 174.4 174.4 173.9 174.2 174.1 174.3 174.3 174.5 174.5 174.5 174.6 174.8 174.8 174.9 174.9 175 175.1 175.3 175.1 175.2 175.3 175.5 175.4 175.6 175.7 175.7 175.9 175.8 175.9 176.1 174.4 176 175.8 175.8 175.8 175.7 175.7 175.7 175.5 175.9 176.4 177.6 177.3 177.4 177.4 177.5 177.7 177.8 177.6 178.2 173.8 174.1 174.3 174.7 175.4 175.7 175.8 176.4 176.7 176.8 177.3 176 176.3 176.5 176.8 177.2 177.4 177.8 178.2 178.6 179.2 179.6 180.3
171.5 171.3 171.1 171.2 171.1 170.7 170.8 170.8 170.6 170.5 170.6 170.8 170.6 170.8 170.9 171 171 170.9 170.9 171.1 171.2 171.2 171.2 171.2 171.2 171.4 171.5 171.5 171.4 171.7 171.5 171.6 171.7 171.7 171.6 171.7 170.2 171.7 171.7 171.5 171.6 171.8 171.5 171.6 171.4 171.5 171.8 172.1 173.2 173 173 173 173.1 173.1 173.4 173.8 173.5 173.7 175.1 170 170.3 170.7 171.6 171.2 171.5 171.8 172.2 172.1 172.7 173.3 173.5 174 174 174.3 174.5 174.8
167.4 167.3 167.3 166.9 167 166.8 166.9 166.6 166.4 166.3 166.5 166.6 166.5 166.6 166.8 166.7 166.8 167.1 167 167.1 167 167.1 167.1 167.2 167.1 167.4 167.4 167.5 167.4 167.5 167.5 167.6 167.5 167.7 167.7 167.8 167.9 167.8 167.9 167.9 166.7 166.8 167.9 167.9 167.9 167.7 167.8 167.9 167.8 167.8 167.7 167.4 167.7 168.6 168.5 168.4 168.5 168.4 168.6 168.8 168.9 169.3 169.6 169.5 169.9 170.5 170.9 166.4 166.8 166.9 167.3 167.3 167.7 167.7 168.2 167.7
163.7 163.6 163.5 163.2 163.1 163.3 163.2 163 163 162.9 163 163.1 163 163 163.1 163.3 163.2 163.2 163.3 163.4 163.4 163.4 163.3 163.4 163.7 163.6 163.7 163.7 163.8 163.9 163.7 163.9 163.7 164 164 163.9 164 164 164 163.9 164.1 163.9 164.1 164 164.1 164 163 163.9 164 163.9 163.9 163.8 163.8 163.6 163.5 163.5 163.4 163.2 163.2 164.2 164 164.1 164 164.1 164.1 164.1 164.4 164.3 164.4 164.6 164.8 164.7 164.7 165.4 166 166.1
