datasets/global_precipitation_1950_2017/rasters/precip_2004-total.asc
NCOLS 720 
NROWS 347 
XLLCORNER -180 
YLLCORNER -90 
CELLSIZE 0.5 
NODATA_value -9999 
[rows 0 to 33 of 347, columns 228 to 303 of 720]
-9999 -9999 -9999 -9999 -9999 -9999 -9999 -9999 -9999 -9999 -9999 -9999 -9999 -9999 -9999 -9999 -9999 -9999 -9999 -9999 -9999 -9999 -9999 -9999 -9999 -9999 -9999 -9999 -9999 -9999 -9999 -9999 -9999 -9999 -9999 -9999 -9999 -9999 -9999 -9999 -9999 -9999 -9999 -9999 -9999 113.8 112.8 -9999 -9999 -9999 -9999 -9999 107.5 -9999 106.4 105.4 105.1 104.4 104.3 104.1 103.6 103.2 103.3 103.6 103.9 104.2 104.9 106 106.8 107.8 108.8 110 111.3 112.8 114.5 116
157.2 158.6 159.8 160.8 162 -9999 -9999 -9999 -9999 -9999 -9999 -9999 -9999 -9999 -9999 -9999 -9999 -9999 -9999 -9999 -9999 -9999 -9999 -9999 -9999 -9999 -9999 -9999 -9999 -9999 -9999 -9999 -9999 -9999 -9999 -9999 -9999 -9999 -9999 -9999 122.2 121.4 120.4 119.6 119.2 118.2 117.8 116.9 -9999 -9999 115.1 114.8 114 113.8 113.5 113.3 113 113 112.9 113.1 113 113.4 113.6 114 114.7 115.3 116.2 117.8 118.8 119.2 120.9 121.8 124 125.1 126.7 128.3
141.1 142 143.6 145 146.4 147.8 149.3 149.8 150.6 150.9 -9999 -9999 -9999 -9999 -9999 -9999 -9999 -9999 -9999 -9999 -9999 -9999 139.6 138.6 -9999 136.9 135.7 134.8 -9999 -9999 131.7 130.9 130 129.3 129 128 -9999 -9999 -9999 -9999 125.3 124.7 124.3 123.9 123.5 -9999 -9999 122.7 122.5 122.4 121.9 121.8 122 121.9 122 122.4 122.5 122.7 122.9 123.5 123.5 124.3 125 125.4 126.1 127 128.2 129.1 131.4 131.6 133 134.8 136.2 137.9 139.4 141.4
113.7 -9999 113 115.4 -9999 -9999 -9999 -9999 -9999 128.6 130.1 131.6 132.7 133.6 -9999 134.1 134.8 134.7 134.3 134.4 134.2 133.8 133.3 133 -9999 132.1 131.6 131.4 130.5 130.5 129.9 -9999 129.1 128.5 128.4 128 127.9 127.7 127.6 127.3 127.1 127.5 127.2 127.4 126.9 127.3 127 127.2 127.8 127.9 128 128 128.8 129.1 129.3 129.9 130.4 130.8 131.2 131.8 132.5 133.6 133.8 134.6 135.5 136.8 137.6 -9999 140.1 142.8 143 144.6 146.2 147.9 149.7 151.2
114.8 -9999 -9999 -9999 -9999 -9999 -9999 -9999 -9999 -9999 121.8 123.3 124.3 125.1 125.8 126.6 126.6 127.4 127.6 127.7 127.8 128.1 128.2 128.1 128.1 127.8 127.8 127.8 127.5 127.5 127.3 127.3 127.2 127.3 127.3 127.3 127.1 127.4 127.6 127.7 127.8 128.2 128.3 128.7 129.1 129.7 129.9 130.7 130.8 131.2 132.2 132.4 133.1 133.8 134.2 135.2 136.4 137 137.1 137.9 139.5 140.6 141 141.9 143.2 143.9 144.8 145.9 147 149.7 149.7 151 152.3 153.9 155.6 157.5
-9999 122.6 122.8 122.7 122.1 122.3 122.3 122.2 122.5 122.6 123.1 123.2 123.5 123.6 124.3 124.4 124.7 125 125 125.2 125.4 125.3 125.3 125.6 125.5 125.4 125.5 124.9 125.2 125.3 125.2 125.5 125.7 125.8 126 125.9 126.1 126 126.5 127.1 127.7 128.5 128.7 129.3 130.2 130.8 131.6 132.3 133.7 134.1 134.7 135.6 136.6 137.3 138.3 139.4 140 141.3 142.6 142.9 144 145.4 146.2 146.9 147.6 148.6 149.7 151.4 151.6 152.9 154.2 155.1 156.4 157.6 158.9 160
129.1 128.1 127.4 126.9 126.6 126.2 125.9 125.4 126.7 124.8 124.9 124.8 125.1 124.8 125.1 124.8 124.7 124.2 124.4 124 123.7 123.8 124 124.1 124.2 123.9 123.9 124.2 123.8 123.9 124.1 123.8 124 123.8 123.7 124.4 124.3 124.6 125.1 126.4 126.1 127.1 129 128.8 130 131 132 132.7 133.9 135.9 136.4 137.5 138.7 139.9 141.6 142.6 143.8 144.6 145.5 147.1 148 148.7 150.2 151.2 152.2 153.2 154.1 155.2 155.9 157.2 157.6 159 160 160.5 161.4 162.6
-9999 -9999 129.9 129.5 128.8 128.4 128.7 127.8 127.7 127.7 127.4 127.4 127.1 127 126.9 126.9 126.5 126.3 125.5 124.4 124.4 123.6 123.4 123.5 123.3 123.4 123.4 123.4 123.4 123.6 123.1 123.4 122.8 122.2 122.3 122.4 122 122.4 123 124.2 124.9 125.7 126.6 127.9 129.1 130.2 132 133.2 134.7 136.5 137.7 138.5 140.1 141.8 143.7 145.7 146.6 148.6 149.6 151 152.4 153.6 154.8 155.9 157.2 157.8 159 160.2 160.3 161.3 162.4 163.3 163.8 164.9 165.1 165.4
-9999 129.6 129.4 129.4 128.2 128.3 128.2 128.4 128.5 127.8 127.9 127.8 127.9 127.8 127.3 127.3 127.4 127.2 126.5 125.9 125 124.9 126 122.6 122.5 122.8 122.3 122.4 122.6 122.8 123 122.5 122.1 121.9 120.8 120.8 120.6 121.4 121.9 123 123.1 124.2 125.2 126.9 128.4 129.6 131.3 133.1 134.7 136.7 138.9 140.5 142.7 144.5 147 149.2 151.4 153.4 154.9 156.6 158 159.7 161.1 162.5 163.9 164.9 165.4 167.1 167.2 167.8 168.8 169.6 170.1 170.9 171.1 171.3
124.7 125.4 125.3 125.7 126.3 127 127.7 128.3 128.4 128.2 128.3 128.2 127.7 129.7 128.1 127.5 127.8 127.1 127 126.9 126.4 125.2 124.4 125.4 122.8 122.9 122.8 122.9 122.5 122.3 122.3 121.8 122 121 120.3 121.4 119.5 120.8 121.1 121.6 121.7 123.4 124.8 126.1 127.5 128.6 130.8 132.5 135 137.4 140.1 143.3 145.8 149.1 152 156.3 157 159.4 164.7 167.1 169.2 170.9 172.1 172.8 173.8 174.4 174.6 175.5 176.5 177.7 178.4 179.9 179.5 179.5 179.6 178.7
118.6 119.6 121 122.7 124.2 125.2 126.4 127.2 128.2 129 129.5 130 129.8 130.1 129.6 130 129.2 128.8 128.8 128.4 127.8 127.2 126.6 125.8 127.2 124.4 123.4 122.6 124.1 124.5 121.6 120.3 120.7 120.7 119.8 119.2 119.4 119 121.2 119.8 120.7 121.6 123.6 124.7 126.3 127.8 129.6 132.9 136.2 139.6 143 146.9 154 154.3 157.9 161.4 164.9 167.8 170.7 173.9 176.3 178.6 180.8 182.5 184 186.1 187 187.1 187.6 188.2 189 190.5 191.2 191.4 191.7 191.2
113.6 117 120.2 123.2 125.5 127.6 129.1 130.7 131.6 132.8 132.2 132.7 132.8 132.8 132.7 132.6 132.1 133.4 131.3 131.2 131 131 130.3 129.1 129.5 127.3 127 126.9 126 125.8 125.5 124.2 123.6 123.4 123.3 123.5 122.2 121.6 122.1 123 123 123.5 123.9 125.3 127.1 129.1 131.6 135.3 139.4 144.1 149.7 155.8 160.8 166.1 170.7 175.9 179.4 183 186.5 189.6 192.5 194.3 195.1 195.9 195.7 202.6 198.6 200.1 201.6 203 204.1 204.4 204.5 205.2 204.4 203.2
126 129.3 131.8 134 136.1 137.3 138.2 138.1 138.8 138.5 139 138.5 136.8 136.5 136.4 136.5 136.5 135.6 135.6 135.1 136.1 134.9 134.2 134.1 134.3 133.9 132.9 132.8 132.1 132.1 131.7 131.6 130.8 131.2 130.3 130.1 129.5 131 129.5 129.6 130.9 130.8 131.6 132.4 134.3 138.1 141.7 147.2 153 159.3 165.6 172.1 177.6 183 187.5 192.3 196.5 199.7 203 205.4 206.4 207.9 213 214.7 216.9 218.9 220.1 221.3 222.5 223.1 223.4 222.6 222.8 222.8 222.4 218.3
157.3 155.5 153.6 152.4 151.1 150.5 149.3 148.3 146.5 146.8 144.7 143.7 143.1 142.3 142.3 142.1 141.2 140.5 140 140.8 141.2 140.9 141.3 141.3 141.4 141.6 141 142.5 141.8 142.4 141.8 142.2 143 143.6 142.7 142.7 142.9 143.2 144.1 145.4 146.8 148.7 151.6 153.3 155.9 159.8 168.9 171.9 175 183.7 190.7 196.9 202.4 206.9 202.6 206.9 211.2 214.9 219.7 227.5 230.1 227.2 230 232.2 234.9 237.4 239.2 240.6 241.5 242.1 242.5 243.2 242.9 243.2 240.7 238.1
-9999 169.9 167.1 -9999 161.3 -9999 -9999 -9999 152.4 150.5 150 149.2 148.6 148 147.7 146.9 147 147.2 148.7 149.1 148.7 149 149.7 149.8 150.1 150.8 153.5 154.4 154.6 154.8 155 155.2 154.6 156.2 157.7 159 161.6 162.4 164.8 167.4 169.2 169.4 178.4 178.6 182 186.7 191.2 197.7 203.5 208.5 213.9 216.8 221.6 225.7 230.2 233.7 235.7 238.8 242 245.9 247.9 250 253.5 255.5 258 259.8 261.7 263.2 264.1 264.6 264.7 264.4 266 263.2 262.4 261.2
-9999 -9999 -9999 -9999 -9999 -9999 -9999 -9999 -9999 -9999 -9999 -9999 -9999 -9999 153.5 154.4 155.2 156.2 157.5 159.4 159.8 160.8 161.9 162.9 160.9 164.9 165.5 167 167.6 168.4 168.4 166.2 172.4 173.6 172.6 174.8 176.5 180.9 183.6 184.7 189 195.6 196.8 197.5 201.2 206 210.3 216.6 222.8 228.3 233.8 238.5 243.1 248.2 251.3 255.4 259.4 263.7 267.1 270 272.9 275.6 277.6 280.3 282.3 284.2 286.2 287.4 288.5 289.5 290 290.5 290.7 290 290.3 287.9
-9999 -9999 -9999 -9999 -9999 -9999 -9999 -9999 -9999 -9999 -9999 -9999 -9999 -9999 -9999 164.7 165.9 166.4 168.2 168.9 169.8 171.3 173.1 174.6 175.8 177.2 179.1 180.7 182.1 179.1 179.5 182.1 184.4 184.7 186.3 187.1 189.7 193.7 196.9 201.4 204.7 208.9 213 215.6 216.4 219.4 223.7 228.3 234.7 241 247.8 253.1 259.2 266.2 270.6 275.7 280.2 283.8 287.8 292 295.6 299.6 303 305.3 308.6 311.2 313.2 315.1 316.6 317.5 318.5 318.7 319.1 318.3 317.9 317.3
-9999 -9999 -9999 -9999 -9999 -9999 -9999 -9999 -9999 -9999 -9999 -9999 -9999 -9999 -9999 -9999 -9999 -9999 180.7 181.2 181.8 182.6 183.3 184.1 184.6 186.2 186 187.3 187.8 191.9 193.1 195.7 197.1 198.3 198.7 199.7 201.4 202.9 204.5 205.9 207.1 209.9 211.9 212.2 215.1 219 224.4 231 239 247.7 256.5 264.6 272.3 279.4 286 292.9 298.8 304.6 309.8 314.4 319.6 324.2 328.4 332.7 337.8 339.6 341.6 343.6 345 347 348.1 348.2 348.4 348 347.6 346.2
-9999 -9999 -9999 -9999 -9999 -9999 -9999 -9999 -9999 -9999 -9999 -9999 -9999 -9999 -9999 -9999 -9999 -9999 -9999 -9999 193.2 194.4 195.1 196.1 196.9 197.2 198.5 200 201 203.1 204.8 205.5 205.5 207.7 207.6 210.9 207.9 207.2 207.8 209.2 209 210.1 209.1 211.4 217.7 222 229.2 232.4 240.6 250 260.1 271.1 279.4 291 300.8 310.3 317 326.3 332.2 337.3 343.3 349.4 358.4 362.9 366.2 370 373.1 375.2 376.4 377.2 378.5 378.7 378.8 378.4 377.8 377.1
-9999 -9999 -9999 -9999 -9999 -9999 -9999 -9999 -9999 -9999 -9999 -9999 -9999 -9999 -9999 -9999 -9999 -9999 -9999 -9999 206.6 207.3 207.7 208.4 209.9 210.4 211 211.7 210.9 212 212.4 213.2 212.9 213.2 213.1 214.6 213.8 211.1 211 210.8 211 211 210.6 212.8 215.5 218.1 224.5 231.8 242.7 254.7 265.1 277.6 287.2 303.7 315.9 327.5 337.7 346.2 354.4 361.4 370 380.4 387.1 392 396.3 399.7 400.4 404.6 406.6 408.5 410.3 411.4 410.7 409.7 409.6 407.6
-9999 -9999 -9999 -9999 -9999 -9999 -9999 -9999 -9999 -9999 -9999 -9999 -9999 -9999 -9999 -9999 -9999 -9999 -9999 -9999 -9999 -9999 215.1 214.8 214.8 215.4 214.2 214 213.6 214.3 214.3 214.3 214 213.8 213.8 213.5 213 213.5 210.7 210.9 210.7 213.2 209.7 212.9 217.3 222.2 226.3 230.5 237.5 245.1 257.7 270.2 288.9 311.7 325.9 340.5 353.8 365 375.1 385 397.2 405.7 411.3 415.7 423.4 430.4 431.3 437.5 436.3 441.2 441.5 442.3 442.9 442.8 443.1 442.6
-9999 -9999 -9999 -9999 -9999 -9999 -9999 -9999 -9999 -9999 -9999 -9999 -9999 -9999 -9999 -9999 -9999 -9999 -9999 -9999 216.1 215.7 215.4 215.8 216.4 217.1 215.3 215.5 214.6 216 215.7 216.3 216.9 217.2 217.2 217.6 217.6 216.5 214.3 214.6 215 215.5 216.4 214.5 216.1 218.2 219.9 229 233.8 242.6 258.2 275.2 294.7 313.7 334.5 354.4 371.2 385.8 395.8 415.3 424.7 431.8 437.9 447.9 456.9 456.4 462.8 466.3 473.7 475.7 477.6 480 480.9 480.3 480.5 480.2
-9999 -9999 -9999 -9999 -9999 -9999 -9999 -9999 -9999 -9999 -9999 -9999 -9999 -9999 -9999 -9999 -9999 -9999 -9999 -9999 -9999 -9999 218 217.8 218.7 217.9 218.2 217.7 218.5 218.7 219.6 220.2 220.8 221.9 222.7 222.7 219.5 219.7 219.5 219.6 220.1 220.8 220.2 221.5 223.8 225.4 223.1 229.8 234.3 239.8 266.6 272.7 298.3 325.2 350.7 375.1 399.3 424.6 439 451.5 460.6 469.3 474.9 479.6 485.9 495.7 502.9 506.8 510.9 515.4 515.4 515.7 515.1 514.2 512.6 513.6
-9999 -9999 -9999 -9999 -9999 -9999 -9999 -9999 -9999 -9999 -9999 -9999 -9999 -9999 -9999 -9999 -9999 -9999 -9999 -9999 220.8 220.4 219.8 218.3 -9999 -9999 215.4 215.3 215.4 216 217.1 218.8 217.3 219 220 220.9 221.4 222 219.8 220.2 220.7 217.9 219.4 220.4 221.6 223.4 226.5 235.3 237.3 249.3 264.6 291 320 354.8 391.9 428.4 454.8 484.8 495.2 501.9 511.3 515.3 522.6 528.2 533.9 539.3 545.9 550.7 554.6 556.1 557 553.9 551.8 550.5 542.2 542.5
-9999 -9999 -9999 -9999 -9999 -9999 -9999 -9999 -9999 -9999 -9999 -9999 -9999 -9999 -9999 -9999 -9999 -9999 -9999 -9999 -9999 -9999 -9999 -9999 215.6 -9999 206.6 203.9 203.8 206.2 206.2 210.9 214.5 218.6 220.5 221.2 222.6 222.3 223.1 221.8 221.7 219.6 218.7 219.4 219.7 220 232.9 241 242.3 265.5 292 324.6 371.6 429.8 487.4 509.7 574.4 581.4 591.7 586.4 587 595.1 597.1 597.5 603.5 603.4 605.3 605.9 605.1 605.4 603.9 599.7 595.1 593 583.2 578.4
-9999 -9999 -9999 -9999 -9999 -9999 -9999 -9999 -9999 -9999 -9999 -9999 -9999 -9999 -9999 -9999 -9999 -9999 -9999 -9999 -9999 -9999 -9999 228.5 219.9 210.8 -9999 -9999 -9999 197.2 -9999 213.7 219.5 223.4 226.6 228.5 227.7 227.1 226.7 224.8 223.6 222.6 221.9 222.8 223.3 227.3 231 239.4 252.9 283.4 323.6 376.5 445.4 522.2 584.6 633.8 683.7 670.8 694.6 694.9 699.1 696.3 694.8 694.5 676.6 685.5 683.4 679 673.5 651.1 657.5 648.6 640.5 635.5 627.7 621.3
-9999 -9999 -9999 -9999 -9999 -9999 -9999 -9999 -9999 -9999 -9999 -9999 -9999 -9999 -9999 -9999 -9999 -9999 -9999 -9999 -9999 -9999 -9999 255 240.8 -9999 221.2 223.6 227.2 230.5 236.7 239.4 240.5 240.9 240.2 239 236.7 232.5 229.7 224.6 220.2 217.3 215.8 216.4 217.4 229.6 244 258.9 278.8 315.4 370.2 440.4 527.3 618.9 661.1 723.2 755.2 769.6 769.9 761.9 775.9 765.5 771.5 772.7 776.1 773.5 771.5 767.9 757.2 758.2 738.1 725.4 713.8 698.1 683.8 671.4
-9999 -9999 -9999 -9999 -9999 -9999 -9999 -9999 -9999 -9999 -9999 -9999 -9999 -9999 -9999 -9999 -9999 -9999 -9999 -9999 -9999 -9999 345.1 340.7 328.9 309.2 291.2 282.5 -9999 275 -9999 266.1 261.5 256.6 252 243.7 238.6 232.6 225.5 219.7 213.9 209.6 207.4 206.5 205.7 215.5 234.1 272.1 316.2 363.7 429.7 505.7 586.9 655.5 720.5 748.3 779.3 793 797.1 806.1 811.6 816.4 825.9 835.6 843.3 839.2 843.3 847.1 853.9 850.1 840.5 834.6 820 802.9 784.5 765.7
-9999 -9999 -9999 -9999 -9999 -9999 -9999 -9999 -9999 -9999 -9999 -9999 -9999 -9999 -9999 -9999 -9999 -9999 -9999 -9999 -9999 -9999 -9999 -9999 -9999 -9999 -9999 -9999 -9999 -9999 278.1 274.8 268.9 260.9 251.8 243.9 234 225.4 218.3 211 206.2 199.4 195.6 194.8 202.5 218.8 248.6 292.7 349.1 415.7 498.1 574.6 625.1 674.3 725.2 760.3 774.3 787.4 799.1 812.6 821 831 840.8 852 863.1 869.6 878.1 890.5 896.2 903.1 895.9 900.5 893.8 887.1 875.3 861.1
-9999 -9999 -9999 -9999 -9999 -9999 -9999 -9999 -9999 -9999 -9999 -9999 -9999 -9999 -9999 -9999 -9999 -9999 -9999 -9999 -9999 -9999 -9999 -9999 -9999 -9999 -9999 -9999 -9999 302.5 289.5 279.4 267.2 253.9 242.1 230.6 219.1 208.2 200.7 193.6 188.1 183 179.9 184.3 198.6 229.9 281.7 347.3 418.4 494.7 585.8 641.9 677.7 705.5 729.9 759 768.7 779.8 789.8 800.1 809.8 819.3 826.6 835.1 844.8 856.3 866.7 878.6 890.1 901.5 911.3 919.5 926.4 930.6 933.2 933.2
-9999 -9999 -9999 -9999 -9999 -9999 -9999 -9999 -9999 -9999 -9999 -9999 -9999 -9999 -9999 -9999 -9999 -9999 -9999 -9999 -9999 -9999 -9999 -9999 -9999 -9999 332.8 323.3 -9999 -9999 280.2 261.8 242.1 225.9 209.3 198.3 186.8 176.3 166.2 162.3 160.1 163.6 162.6 171.8 202.2 263.4 343.9 427.1 509.5 573.5 653.8 695.3 716.4 730 754.4 760.1 765.9 775 784.8 794.1 802.7 807.7 812.4 820.4 825.6 834.2 844.8 856.9 -9999 883.4 -9999 -9999 -9999 -9999 -9999 -9999
218.6 205.9 191.5 -9999 -9999 -9999 -9999 -9999 -9999 -9999 -9999 -9999 -9999 -9999 -9999 -9999 -9999 -9999 -9999 -9999 -9999 -9999 -9999 -9999 -9999 354.7 -9999 -9999 310.5 -9999 244.5 206.2 181.5 159.8 150.4 145.7 140.3 139.4 133.9 130.1 133 133.5 156.7 180 230.9 333.8 439.2 534.1 600.3 651.5 700.2 729.3 745.3 758.8 770.2 770.5 774.8 778.9 788 793.7 797.2 797.6 799.4 805.3 811.6 815.7 -9999 -9999 -9999 -9999 -9999 -9999 -9999 -9999 -9999 -9999
243.2 227.6 210.9 -9999 -9999 -9999 -9999 -9999 -9999 -9999 -9999 -9999 -9999 -9999 -9999 -9999 -9999 -9999 -9999 -9999 -9999 -9999 -9999 -9999 408.8 -9999 399.5 381.4 354.7 307.3 203.7 111.2 88 89.2 96.7 105.4 110.6 110 107.9 109.6 113.7 121.6 147.9 211.6 317 431.6 535.1 615.3 671.5 711.7 735.5 753.2 766.6 773.6 777.3 781.8 784.7 785.8 786.6 796.8 797 799.3 798.9 802.1 809.6 -9999 -9999 -9999 -9999 -9999 -9999 -9999 -9999 -9999 -9999 -9999
292.2 280.9 268.7 257.7 249.6 246.1 271.7 367.9 489.9 -9999 -9999 -9999 -9999 -9999 -9999 -9999 -9999 -9999 -9999 -9999 -9999 -9999 -9999 -9999 -9999 -9999 429.7 411.6 379.6 323.2 229.1 142.3 113.1 110.7 108.4 120.9 118.2 121.6 113.7 114.4 115.8 133.6 179.2 287.5 406 519.4 617.1 675 712.2 738.5 757 774 781 790.8 793.4 795 794.7 794.1 792.7 793.6 796.7 799.5 805.8 812.4 -9999 -9999 -9999 -9999 -9999 -9999 -9999 -9999 -9999 -9999 -9999 -9999
