datasets/global_precipitation_1950_2017/rasters/precip_1965-total.asc
NCOLS 720 
NROWS 347 
XLLCORNER -180 
YLLCORNER -90 
CELLSIZE 0.5 
NODATA_value -9999 
[rows 0 to 33 of 347, columns 532 to 607 of 720]
-9999 -9999 -9999 -9999 -9999 -9999 -9999 -9999 -9999 -9999 -9999 -9999 -9999 -9999 -9999 -9999 -9999 -9999 -9999 -9999 -9999 -9999 -9999 -9999 -9999 -9999 -9999 -9999 -9999 -9999 -9999 -9999 -9999 -9999 -9999 -9999 -9999 -9999 -9999 -9999 -9999 -9999 -9999 -9999 -9999 -9999 -9999 -9999 -9999 -9999 -9999 -9999 -9999 -9999 -9999 -9999 -9999 -9999 -9999 -9999 -9999 -9999 -9999 -9999 -9999 -9999 -9999 -9999 -9999 -9999 -9999 -9999 -9999 -9999 -9999 -9999
-9999 -9999 -9999 -9999 -9999 -9999 -9999 -9999 -9999 -9999 -9999 -9999 -9999 -9999 -9999 -9999 -9999 -9999 -9999 -9999 -9999 -9999 -9999 -9999 -9999 -9999 -9999 -9999 -9999 -9999 -9999 -9999 -9999 -9999 -9999 -9999 -9999 -9999 -9999 -9999 -9999 -9999 -9999 -9999 -9999 -9999 -9999 -9999 -9999 -9999 -9999 -9999 -9999 -9999 -9999 -9999 -9999 -9999 -9999 -9999 -9999 -9999 -9999 -9999 -9999 -9999 -9999 -9999 -9999 -9999 -9999 -9999 -9999 -9999 -9999 -9999
-9999 -9999 -9999 -9999 -9999 -9999 -9999 -9999 -9999 -9999 -9999 -9999 -9999 -9999 -9999 -9999 -9999 -9999 -9999 -9999 -9999 -9999 -9999 -9999 -9999 -9999 -9999 -9999 -9999 -9999 -9999 -9999 -9999 -9999 -9999 -9999 -9999 -9999 -9999 -9999 -9999 -9999 -9999 -9999 -9999 -9999 -9999 -9999 -9999 -9999 -9999 -9999 -9999 -9999 -9999 -9999 -9999 -9999 -9999 -9999 -9999 -9999 -9999 -9999 -9999 -9999 -9999 -9999 -9999 -9999 -9999 -9999 -9999 -9999 -9999 -9999
-9999 -9999 -9999 -9999 -9999 -9999 -9999 -9999 -9999 -9999 -9999 -9999 -9999 -9999 -9999 -9999 -9999 -9999 -9999 -9999 -9999 -9999 -9999 -9999 -9999 -9999 -9999 -9999 -9999 -9999 -9999 -9999 -9999 -9999 -9999 -9999 -9999 -9999 -9999 -9999 -9999 -9999 -9999 -9999 -9999 -9999 -9999 -9999 -9999 -9999 -9999 -9999 -9999 -9999 -9999 -9999 -9999 -9999 -9999 -9999 -9999 -9999 -9999 -9999 -9999 -9999 -9999 -9999 -9999 -9999 -9999 -9999 -9999 -9999 -9999 -9999
-9999 -9999 -9999 -9999 -9999 -9999 -9999 -9999 -9999 -9999 -9999 -9999 -9999 -9999 -9999 -9999 -9999 -9999 -9999 165.1 -9999 -9999 -9999 -9999 -9999 -9999 -9999 -9999 -9999 -9999 -9999 -9999 -9999 -9999 -9999 -9999 -9999 -9999 -9999 -9999 -9999 -9999 -9999 -9999 -9999 -9999 -9999 -9999 -9999 -9999 -9999 -9999 -9999 -9999 -9999 -9999 -9999 -9999 -9999 -9999 -9999 -9999 -9999 -9999 -9999 -9999 -9999 -9999 -9999 -9999 -9999 -9999 -9999 -9999 -9999 -9999
-9999 -9999 -9999 -9999 -9999 -9999 -9999 -9999 -9999 -9999 -9999 -9999 -9999 166.8 -9999 165.9 165.5 167.3 164.7 164.8 164.8 165.8 166.4 166.8 -9999 -9999 -9999 -9999 -9999 -9999 -9999 -9999 -9999 -9999 -9999 -9999 -9999 -9999 -9999 -9999 -9999 -9999 -9999 -9999 -9999 -9999 -9999 -9999 -9999 -9999 -9999 -9999 -9999 -9999 -9999 -9999 -9999 -9999 -9999 -9999 -9999 -9999 -9999 -9999 -9999 -9999 -9999 -9999 -9999 -9999 -9999 -9999 -9999 -9999 -9999 -9999
-9999 -9999 -9999 -9999 -9999 -9999 -9999 -9999 -9999 -9999 -9999 -9999 168.6 167.3 -9999 164.8 164 164.5 164.9 165.3 165.8 166.7 166.2 -9999 -9999 -9999 -9999 -9999 -9999 -9999 -9999 -9999 -9999 -9999 -9999 -9999 -9999 -9999 -9999 -9999 -9999 -9999 -9999 -9999 -9999 -9999 -9999 -9999 -9999 -9999 -9999 -9999 -9999 -9999 -9999 -9999 -9999 -9999 -9999 -9999 -9999 -9999 -9999 -9999 -9999 -9999 -9999 -9999 -9999 -9999 -9999 -9999 -9999 -9999 -9999 -9999
-9999 -9999 -9999 -9999 -9999 -9999 -9999 -9999 -9999 -9999 -9999 -9999 -9999 159.6 159 -9999 159.8 160.8 161.9 162.2 164.4 -9999 167.6 169.3 170.7 171.4 171.1 170.7 -9999 -9999 -9999 -9999 -9999 -9999 -9999 -9999 -9999 -9999 -9999 -9999 -9999 -9999 -9999 -9999 -9999 -9999 -9999 -9999 -9999 -9999 -9999 -9999 -9999 -9999 -9999 -9999 -9999 -9999 -9999 -9999 -9999 -9999 -9999 -9999 -9999 -9999 -9999 -9999 -9999 -9999 -9999 -9999 -9999 -9999 -9999 -9999
-9999 -9999 -9999 -9999 -9999 -9999 -9999 -9999 -9999 -9999 -9999 -9999 -9999 -9999 -9999 -9999 -9999 161.7 163.8 166.2 170 172.9 175.8 178.4 180 180.8 180.2 -9999 -9999 -9999 -9999 167.9 -9999 165.1 -9999 -9999 -9999 -9999 -9999 -9999 -9999 -9999 -9999 -9999 -9999 -9999 -9999 -9999 -9999 -9999 -9999 -9999 -9999 -9999 -9999 -9999 -9999 -9999 -9999 -9999 -9999 -9999 -9999 -9999 -9999 -9999 -9999 -9999 -9999 -9999 -9999 -9999 -9999 -9999 -9999 -9999
-9999 -9999 -9999 -9999 -9999 -9999 -9999 -9999 -9999 -9999 -9999 -9999 -9999 -9999 -9999 -9999 -9999 -9999 -9999 -9999 -9999 -9999 -9999 -9999 -9999 -9999 -9999 -9999 -9999 190.3 185.3 183.7 182.5 183 182.6 182.6 182.4 182.4 182 -9999 -9999 -9999 -9999 -9999 -9999 -9999 -9999 -9999 -9999 -9999 -9999 -9999 -9999 -9999 -9999 -9999 -9999 -9999 -9999 -9999 -9999 -9999 -9999 -9999 -9999 -9999 -9999 -9999 -9999 -9999 -9999 -9999 -9999 -9999 -9999 -9999
-9999 -9999 -9999 -9999 -9999 -9999 -9999 -9999 -9999 -9999 -9999 -9999 -9999 -9999 -9999 -9999 -9999 -9999 -9999 -9999 -9999 -9999 -9999 -9999 -9999 -9999 -9999 -9999 195 194.2 192.8 189.6 186.1 183.7 183.6 187.3 -9999 -9999 -9999 -9999 186.7 -9999 -9999 -9999 -9999 -9999 -9999 -9999 -9999 -9999 -9999 -9999 -9999 -9999 -9999 -9999 -9999 -9999 -9999 -9999 -9999 -9999 -9999 -9999 -9999 -9999 -9999 -9999 -9999 -9999 -9999 -9999 -9999 -9999 -9999 -9999
-9999 -9999 -9999 -9999 -9999 -9999 -9999 -9999 -9999 -9999 -9999 -9999 -9999 -9999 -9999 -9999 -9999 -9999 -9999 -9999 -9999 -9999 -9999 -9999 -9999 -9999 -9999 -9999 -9999 -9999 -9999 -9999 -9999 -9999 -9999 -9999 -9999 -9999 -9999 -9999 -9999 -9999 -9999 -9999 -9999 -9999 -9999 -9999 -9999 -9999 -9999 -9999 -9999 -9999 -9999 -9999 -9999 -9999 -9999 -9999 -9999 -9999 -9999 -9999 -9999 -9999 -9999 -9999 -9999 -9999 -9999 -9999 -9999 -9999 -9999 -9999
-9999 -9999 -9999 -9999 -9999 -9999 -9999 -9999 -9999 -9999 -9999 -9999 -9999 -9999 -9999 -9999 -9999 -9999 -9999 -9999 -9999 -9999 -9999 -9999 -9999 -9999 -9999 -9999 -9999 -9999 -9999 -9999 201.4 203.5 206 206.6 204.8 197.9 187.3 -9999 -9999 -9999 -9999 -9999 -9999 -9999 -9999 -9999 -9999 -9999 -9999 -9999 -9999 -9999 -9999 -9999 -9999 -9999 -9999 -9999 -9999 -9999 -9999 -9999 -9999 -9999 -9999 -9999 -9999 -9999 -9999 -9999 -9999 -9999 -9999 -9999
-9999 -9999 -9999 -9999 -9999 -9999 -9999 -9999 -9999 -9999 -9999 -9999 -9999 -9999 -9999 -9999 -9999 -9999 -9999 -9999 -9999 -9999 -9999 -9999 -9999 -9999 -9999 -9999 -9999 -9999 186.3 189.4 190.1 193.3 192.6 192.3 192.7 190.5 188.3 190.2 191.4 194.5 -9999 -9999 -9999 -9999 -9999 -9999 -9999 -9999 268.5 -9999 -9999 -9999 -9999 -9999 -9999 -9999 -9999 -9999 -9999 -9999 -9999 -9999 -9999 -9999 -9999 -9999 -9999 -9999 -9999 -9999 -9999 -9999 -9999 -9999
-9999 -9999 -9999 -9999 -9999 -9999 -9999 -9999 -9999 -9999 -9999 -9999 -9999 -9999 -9999 -9999 -9999 -9999 -9999 257 236.2 -9999 -9999 -9999 -9999 -9999 -9999 190.8 191.4 192.3 192.4 193.3 195.8 197.6 200.7 200.5 199.1 196.4 195.8 193.5 192.9 197.2 202 206.8 212.9 219.3 225.7 228.4 232.5 230.5 228.7 224.2 217.6 -9999 -9999 -9999 -9999 -9999 -9999 -9999 -9999 -9999 -9999 -9999 -9999 -9999 -9999 -9999 -9999 -9999 -9999 -9999 -9999 -9999 -9999 -9999
-9999 -9999 -9999 -9999 -9999 -9999 -9999 -9999 -9999 -9999 -9999 -9999 -9999 231.8 237.1 242.5 244.7 244.6 241.6 235.5 229.2 222.4 216.2 212.9 209.4 208.7 209.1 211 213.6 217.5 221.4 222.1 228.5 229.6 232.7 234.6 233.9 232.4 227 219.5 210.2 199.6 192.8 190.9 189.7 191.2 189.9 188.2 185.7 182.6 181 177.2 174.8 172.9 173.8 178 -9999 -9999 -9999 -9999 -9999 -9999 -9999 -9999 -9999 -9999 -9999 -9999 -9999 -9999 -9999 -9999 -9999 -9999 -9999 -9999
-9999 -9999 -9999 -9999 -9999 215.9 214.3 213.6 213.1 213 213.9 215.3 217.3 219.9 222.3 224.6 225.9 228.4 230.3 231.1 232.9 235.7 236.1 237.7 238 238.7 240.1 244.8 244.3 243.8 244.4 243.9 241.2 240.7 240.3 244.2 243.9 241.2 231.4 217.5 203.9 190.2 179.8 172.3 166.7 161.6 157.6 155.2 155 155.3 155.8 157 159.4 162.9 167.1 -9999 -9999 -9999 -9999 -9999 -9999 -9999 -9999 -9999 -9999 -9999 -9999 -9999 -9999 -9999 -9999 -9999 -9999 -9999 -9999 -9999
-9999 -9999 223.6 220 219.1 217.4 216.1 215 214.5 215.3 213.7 215 216.2 218.5 221.6 225.1 228.2 233.3 237.4 242 245.7 251.7 255.9 257.8 262.1 263.4 263.3 264.6 263.7 261.1 256.7 248.7 240.6 234.5 232.7 232.6 231.1 222.7 215.7 205 192.6 179.6 167.1 156.7 148.2 141.3 136.9 133.6 131.3 129.3 129.2 128.7 -9999 -9999 -9999 -9999 -9999 -9999 -9999 -9999 -9999 -9999 -9999 -9999 -9999 -9999 -9999 -9999 -9999 -9999 -9999 -9999 -9999 -9999 -9999 -9999
-9999 239.2 233.4 229.3 225.3 222.6 220.5 218.8 217.5 217.8 217.1 218 218.5 221.3 224.1 229.8 234.7 240.2 246.2 251.7 256.8 264 267.8 270.8 270.1 273 273.3 275.6 278.6 280.3 276.5 264.1 251 241.2 235.1 229 222.3 213.4 204.3 193.5 181.7 171.1 159.3 148.1 137.7 128.3 120.6 113.3 -9999 -9999 -9999 110.5 115.9 119.1 -9999 -9999 -9999 -9999 -9999 -9999 -9999 -9999 -9999 -9999 -9999 -9999 -9999 -9999 -9999 -9999 -9999 -9999 -9999 -9999 -9999 -9999
260.4 253.2 247.4 237.8 232.3 227.8 225.4 222.9 222.2 222.5 222.9 224.6 224.2 227.5 230.4 235.3 240.5 245.1 250 255.1 260.5 264.3 266.6 267 264.6 262.1 264.4 264.6 260.8 260.5 256 250.6 244.2 236.3 229.3 221.5 212.4 204 194.1 184.3 174.8 164.7 155.4 147.4 142.6 -9999 -9999 144.2 130 -9999 110.4 -9999 -9999 -9999 129.4 -9999 -9999 -9999 -9999 -9999 -9999 -9999 -9999 -9999 -9999 -9999 -9999 -9999 -9999 -9999 -9999 -9999 -9999 -9999 -9999 -9999
278.1 268.7 259 247.2 237 228.5 222.1 221.4 226.3 233.3 237.7 241.8 248.3 253.8 258.7 262.8 263.5 265.3 266.3 266.4 265.5 264.7 263.3 260.5 258.2 254.7 251.3 247 242.3 237.5 233.7 228.7 222.9 218.9 213.6 206.5 198.7 191.2 185.3 178.1 -9999 -9999 -9999 -9999 -9999 141.2 139.1 139.1 139.4 138.5 137.6 137.1 137.9 139.8 143 146.6 151.1 155.9 161 166.6 172.6 179 184.5 190.6 195.4 -9999 -9999 -9999 -9999 -9999 -9999 -9999 -9999 -9999 -9999 183.5
308.6 300.4 292.8 284.4 277 272.2 271.6 274.8 280.8 288.9 295.4 301 305 306.9 307.6 304.1 300.8 299.9 294.7 288.1 285.3 280.7 276.2 272.3 266 259.5 252.5 245.2 236.9 228.5 222.5 215.9 209.2 202.9 197.5 192.7 189.2 185.2 180.6 177 171.9 166.3 161.9 157.7 152.3 149.3 146.7 148.2 146.5 146.8 147.8 149.3 150.5 152 153.8 156.6 159.1 162 165.9 170 175.4 180.4 186.9 192.4 198.2 205.6 212.6 219.7 221.7 220.5 218.6 217 217.8 219.7 222.2 226.1
356.5 370.4 375.4 389.2 401 413.8 424.5 427.9 428.5 421.7 412.3 400.7 387.3 377 366.6 357.1 346.3 333.9 324.6 318.6 308.7 300.4 294.6 287.1 282.2 274.9 268.2 262.7 255.8 247.8 238.6 221.1 207.1 187.3 179.5 181.3 183.4 183.4 181.2 179.4 177.4 174.2 170 165.9 161.4 157.7 155.1 152.8 151.8 151.9 152.3 152.8 153.8 155.1 156.9 158.3 159.8 161.2 164.4 166.6 169.8 174.1 179 184.2 190.3 196.7 204.2 210.1 217 223 228 233.1 233.3 242.7 247.4 252.8
442.6 481.7 529.8 567.1 603.6 634.1 626 623.7 613 590.5 556.1 515.7 476.6 439.9 406.6 378.7 357.6 342.9 333.2 328.4 322.2 316.5 311.2 308 299.6 294 288.3 283.3 279.6 276.2 274.3 273.4 264.8 230.8 214.3 204.7 199 196.5 192.7 189.9 186 182.7 177 173.2 169.1 164.5 160.5 158.1 155.8 154.8 153.8 152.1 150.5 148.1 146.2 144.2 145.9 150.1 153.7 157.6 162 167.4 172.8 178.7 185.6 193 201.5 210.1 218.4 224.6 230.2 234 236.5 239 241.2 244.9
539.9 600.8 663.3 734.1 800.3 865.4 904.5 915.8 883.6 818 734.2 647.2 556.5 472.3 402.4 350.5 319.4 313.7 319 325.3 328.3 328.1 324.9 318.7 312.7 307 301 293.4 287.4 283 278.6 272 263.1 237.3 230.6 224.1 219.1 213 208 202.9 198.3 194 189.5 184.4 179 174.8 171 167.2 163.8 162.4 159.4 157.2 155.3 153.1 154.9 153.1 153.1 154.8 157.5 160.7 164.2 168.9 173.8 180 186.1 194.1 203.6 213.3 223.1 230.6 236.4 240.6 242.8 245.9 249.6 249.3
591.4 663 700.4 778.4 865.1 957.2 1030.4 1074 1037.3 937.1 820.9 707.2 607.8 511.8 441.7 397 369.8 358 354.4 354.5 354 350.6 344.7 336.5 328.2 318.9 308 303.9 294.4 288.6 281.8 277.7 272.6 252.7 247.7 243.7 239.3 234.8 230.7 226.7 222 216.3 210.2 205 199.5 194.5 192.5 186.5 183.4 181.4 176.4 173.3 171.1 167.7 166.6 165.9 166.6 167.4 168.9 171.8 175.7 181.1 186.6 193.5 201.4 210.4 221.1 232.7 244.6 254.2 261.2 266.4 269.3 270.4 272 269.3
612.6 650.5 691.6 738.7 773.1 808.7 834 848 838.1 801.3 747 685.6 615.3 566.3 517.8 480.7 451.8 431.6 415.6 405.3 394.1 383.3 372.8 357.4 344.4 331.7 320.1 310.5 301.8 295.4 290.8 286.2 282.7 272.4 270.3 267.9 265.6 262.2 259.4 255.8 250.6 247.2 242.7 238.4 233.1 228.8 224.4 219.7 215.3 210.2 204.4 197.5 190.9 183.7 177.6 173.5 174.1 178.5 184 190.8 197.5 203.9 212.4 219.5 230.3 239.3 251.4 263.2 274 283.7 292.6 300.1 305.6 308.5 307.3 303.9
645.3 659 682.7 700 716.6 719.7 722.2 716.7 712.8 697.3 681.2 651.9 619.7 591.4 563 535.8 511.9 490.1 469.2 447.8 426.9 408.9 390.5 373 357.4 343 330.7 322.4 315.4 309.7 304.5 301 297.1 293.5 290 288.5 286.3 285 281.2 278.7 277.1 273.9 270.8 268.3 264.6 259.9 254.8 253 248 243.4 238.3 232.1 225.4 217.2 210.6 205.5 203.6 205.2 210.2 216.8 223.3 231.3 238.4 245.2 252.9 259.9 269.1 280 291.9 304.9 318 331.4 342.5 352.8 359 358.7
729.6 698.2 705.5 711.8 704.7 697.8 688.4 679.7 675.4 664.7 654.1 643.3 626.6 611 593.3 575.8 554.4 529.8 502.1 478.5 453.3 432.8 407.6 390.4 372.6 358.9 344.1 336.8 329.6 323.2 319.3 314.9 310.9 306.3 303.8 301 298.5 296.2 293.5 290 288.3 286.2 284.4 281.4 280.1 279.8 278.2 277.9 278.8 279.4 279.9 278.8 275.3 271.1 265.2 259.2 253.8 250.8 249 250.2 252.9 256.4 259.1 261.1 262 264.4 270 279.1 293.8 312.1 334 358.3 383.1 406.2 423.9 432.9
712.3 725.2 719.9 704 698.8 695.4 685.5 678 674.6 669.4 663.9 656.1 646.2 635.1 622.7 612.2 596.8 574 545.2 515.6 488.4 463.8 441.9 419.7 401.4 384.5 367.5 355.3 346.2 337.7 332.9 321.9 317.6 311.9 307.1 302.8 299.9 299.2 297 294.2 292.4 288.9 287.8 286.4 286.5 287.8 290.5 294.3 301 308.1 315.7 321.5 323.8 325.9 320.3 310.5 298.8 287.2 278.3 271.4 265.9 261.7 258.6 254.7 246.4 243.5 251.3 266.2 285.6 308.6 335.9 366.3 399.6 433.3 464.5 487.4
683.5 698.8 710.5 714.1 716.2 707 699.6 691.2 690.9 688.4 686.5 682.6 677 670.9 665.7 658.1 651 635.9 612 583.4 552 521.9 493.5 467.1 442.5 417.4 395.7 377.5 362.3 342.7 333.4 325.7 315.4 305.5 301.7 298.9 296.1 293.2 291.9 289.5 286.2 284 282.2 281.8 282.1 284.4 288.8 294.9 304 315.4 327 338.7 348.1 348.7 340.9 328.7 315.8 303.1 291 281.1 271.2 261.8 253 244.6 239.1 241.9 251.6 265.4 282.6 301.8 322.3 345.1 368.8 392.6 411.9 425.4
709.5 713.4 698.3 691 690.7 694.3 698.8 704 710.4 708.1 706.3 694.2 678.4 662.4 646.6 640.7 641.7 643.3 638.3 627.5 612.1 586 555.8 519.5 487 453.9 424.9 398.9 376.6 356 342.1 329.1 319.1 310.6 303.8 297.7 292.5 290.7 285.7 281 276.9 272.9 269.5 267.3 267.3 269.6 275.2 282.4 291.6 301.5 310.8 319.4 324.5 326 324.1 319.5 313.1 305.3 298.1 290.6 283.4 276.1 270 266.2 264.5 266 270.1 277 285.6 293.9 302.7 310.9 319.7 325.8 332.8 339
627.8 621.4 632 642 655.8 673.4 693.8 714.5 729.6 740.8 739.1 719.8 676.3 613.2 553.5 543.8 579.7 627.8 657.3 671.6 664.3 646 614.9 576.1 535.7 497.6 463.3 432.5 402.7 378.3 356.5 342.2 328.6 317 305.6 296.8 289.9 283 277.8 273.5 267.3 261.5 255.8 250.9 249.5 253.1 259.8 268.3 278.4 288.6 297.9 305.8 312.4 315.9 318.5 317.9 315.2 311.7 306 301.5 295.9 291.8 287.4 283.9 281.6 280.8 282.5 284.8 287.9 291.5 294.3 295.4 292.3 288.7 282.5 283.7
558.1 573.5 586.7 602.7 624.9 654.8 689.1 724.8 766.5 808.7 850.4 880.1 878.9 817.8 688.1 642.9 694.1 734.5 751.6 751.8 736 703.2 661 614.2 573.4 532.7 493.9 459.7 428.2 400.4 376.7 360.4 339.8 324.7 311.9 299 289.3 283.5 277.6 271.3 265 260.1 255.8 252.1 251 253.2 258.9 266.8 275.9 285.6 294.8 302.9 310.6 315.3 319.7 322.3 322.8 320.6 317.4 313.9 309.3 305.8 300.8 296.2 293.9 292.9 292.6 293.3 296.2 296.1 298.1 299.9 301.9 307.3 334.2 320.8
