datasets/global_precipitation_1950_2017/rasters/precip_1977-total.asc
NCOLS 720 
NROWS 347 
XLLCORNER -180 
YLLCORNER -90 
CELLSIZE 0.5 
NODATA_value -9999 
[rows 170 to 203 of 347, columns 228 to 303 of 720]
3165.1 2953.8 3345.8 3206.6 2409.4 2332.1 2418 2257 2046.5 2153.7 2342.8 2457.4 2396.7 2245.8 2147.5 2135 2293.3 2526.8 2445.2 2211.7 2081.2 2034.4 1992.5 1746.4 1820.6 1840.9 1949.6 2248.3 2105 2010.7 2218.3 2375.2 2643.4 -9999 2450 2636.2 2498.9 2672.3 2736.7 2587 2906 2155 1605.6 -9999 -9999 -9999 -9999 -9999 -9999 -9999 -9999 -9999 -9999 -9999 -9999 -9999 -9999 -9999 -9999 -9999 -9999 -9999 -9999 -9999 -9999 -9999 -9999 -9999 -9999 -9999 -9999 -9999 -9999 -9999 -9999 -9999
3367.7 4183.1 3960.6 3571 2928 2681 2628.2 2448.7 2389.6 2396.4 2474.8 2500.3 2299.8 1979.9 2108.5 2082.9 2158.5 2478.9 2575.6 2267.9 2144.9 1931.9 1744.7 1789 1893.7 2003.4 2101.2 2215.8 2314.2 2441 2444.8 2601.5 2507.4 2425.8 2291.8 2424.2 2338.1 2294.8 2430.9 2368 2156.1 1777.1 1642.9 -9999 -9999 -9999 -9999 -9999 -9999 -9999 -9999 -9999 -9999 -9999 -9999 -9999 -9999 -9999 -9999 -9999 -9999 -9999 -9999 -9999 -9999 -9999 -9999 -9999 -9999 -9999 -9999 -9999 -9999 -9999 -9999 -9999
3320.2 3656.3 3369.9 3005.4 2618.5 2642.7 2735.6 2671.3 2476 2488 2753.7 2424 2163.3 2126.1 2080 2097.4 2147.2 2619.7 2586.3 2404.5 2151.3 1949.6 2008.5 1557.7 2107.6 2231.6 2253.1 2262.7 2378 2472.8 2483.9 2487.9 2567.2 2372.8 2229.7 2173.7 2147.2 2005.9 2166.9 2211 2237.3 2036.7 1806.8 -9999 1864.1 1568.3 1640 -9999 -9999 -9999 -9999 -9999 -9999 -9999 -9999 -9999 -9999 -9999 -9999 -9999 -9999 -9999 -9999 -9999 -9999 -9999 -9999 -9999 -9999 -9999 -9999 -9999 -9999 -9999 -9999 -9999
3269.6 2972.9 2473.4 2410.7 2362.9 2578.7 2901.6 2794.6 2543.8 2326.1 2551.4 2265.4 1892.4 2127 2116.1 2168.7 2126.4 2470.3 2398.9 2317.9 2173.7 2018.8 1848.6 1746.8 1911.7 2187.2 2338.9 2284.6 2320.7 2318.5 2330.4 2324.8 2361.4 2144.7 1987.3 1724.4 1783.2 1778.8 2011.8 2148.5 2177.6 2272.1 1621.2 1900.3 2005.5 1655.7 1418.5 1509.9 1399.4 1003.4 1196.9 1043.9 1130 1938 -9999 -9999 -9999 -9999 -9999 -9999 -9999 -9999 -9999 -9999 -9999 -9999 -9999 -9999 -9999 -9999 -9999 -9999 -9999 -9999 -9999 -9999
3304.3 2826.3 2373.3 2223.7 2084 2552.9 2758.6 2729.3 2757.4 2743.5 2518.8 2277.8 2127.8 2295.4 2195.7 2195 2242 2568.6 2487.6 2332.7 2236.8 2067.7 1730.7 1805.9 1953.7 2201.4 2364.1 2388.2 2373.2 2370.7 2202.7 2109.4 2432.5 2069.1 1902.7 1675.8 1538.7 1577.9 1822.7 1917.8 2035.1 2062.6 1864 1978 2119.3 2385.8 2286 1718.1 1462.5 1235.1 1085.2 692.6 556.2 778.4 1556.4 -9999 -9999 -9999 -9999 -9999 -9999 -9999 -9999 -9999 -9999 -9999 -9999 -9999 -9999 -9999 -9999 -9999 -9999 -9999 -9999 -9999
3192.8 2871.6 2455.9 2314.5 2316.6 2576 2657.2 2762.5 2820.9 2819.1 2626.8 2377.8 2193.7 2238.5 2224.4 2253.7 2397 2534.6 2483.6 2441.9 2307.9 2002.9 1654.4 1724 1971.4 2117.1 2181.6 2319.8 2348.7 2309.3 2197.8 2140.2 2225 2105.1 1942.4 1844 1802.2 1729.4 1589.8 1657.7 1712.6 1227 1961.2 1644.5 1686.6 1870 2023 2055.1 1764.1 1292.4 1249.5 762.6 973.9 839.1 1445.9 1350.5 -9999 -9999 -9999 -9999 -9999 -9999 -9999 -9999 -9999 -9999 -9999 -9999 -9999 -9999 -9999 -9999 -9999 -9999 -9999 -9999
3096.6 2869.2 2604.5 2573.3 2617.6 2591.9 2633.1 2887.3 2819.8 2748 2719.1 2609.3 2398.9 2349.9 2442.5 2523 2555.1 2536.8 2555 2354.8 2341.7 1951.3 1472.8 1636 1886.3 2044.7 2104.5 2151.9 2205.9 2215.7 2155.7 2091.2 1958.4 1743.6 1716.7 1969.2 1854.7 1653.1 1477.2 1396.7 1255.2 1392.4 1938.8 1621.9 1672.6 1807.9 1562 1715.5 1490.8 929.9 881.7 1399.3 965.8 1007.9 928.5 1048 1032.4 -9999 -9999 -9999 -9999 -9999 -9999 -9999 -9999 -9999 -9999 -9999 -9999 -9999 -9999 -9999 -9999 -9999 -9999 -9999
3060.7 2848.8 2558.6 2532.1 2697.5 2625.3 2577.9 2547.4 2469.6 2494.5 2652.5 2733.8 2695.2 2723.3 2775.4 2745.5 2647.7 2523.8 2470.1 2494.7 2381 2003.5 1711.4 1748.9 1918.5 2050.5 2109.1 2143.8 2178.3 2179.8 2114.2 1997.8 1868.6 1675.8 1544.9 1730.3 1622.3 1507.2 1414.9 1196.3 1081.1 1213 1466 1499.3 1434.1 1982.5 1511.4 1501 1235.5 1141.1 1004 664.5 855.5 986.1 912 1078.5 953.2 975.1 681.1 1147.5 841.6 -9999 -9999 -9999 -9999 -9999 -9999 -9999 -9999 -9999 -9999 -9999 -9999 -9999 -9999 -9999
3111.5 2935.5 2555.4 2267.3 2500.2 2590.4 2342.9 2135.6 2038 2473.9 2514.1 2709.2 2856.5 2920.9 2893.9 2782.5 2661.3 2550.4 2496.3 2407.1 2219.7 2004.1 1811 1830.3 1988.5 2090.9 2134.9 2181.1 2244.1 2277.2 2277.9 2059.9 1861.2 1764.8 1608.4 1735.5 1653.3 1608.1 1466.4 1405.9 1213.4 1162.3 1202.1 1259.5 1314.6 1195.9 1593.8 1527.3 1290.3 815.8 731.5 531.7 848.5 995.2 761.1 1265.3 933.1 1130.6 879.8 495.3 1011.6 1432.4 -9999 -9999 -9999 -9999 -9999 -9999 -9999 -9999 -9999 -9999 -9999 -9999 -9999 -9999
3164.5 3025.9 2987.6 2416.9 2478.9 2429.1 2201.5 1986.7 1843.8 2231.4 2489.1 2759.4 2901.2 2998.8 2985.3 2843.8 2660.7 2685.8 2573.7 2353.4 2164.7 2069 2010.5 2109.1 2194.9 2176 2166.8 2210.4 2281.2 2367 2393.9 2183.1 1834.8 1670.9 1596.4 1649.4 1659.2 1520.6 1381.7 1288.5 1373.2 1604.4 1284.3 1160.5 1252.5 1345.9 1411.5 1178 925.3 660.4 609.3 680.6 928.1 1082.4 1044.7 1007.7 1536.2 990.2 892.5 746.1 730.8 1269.5 -9999 -9999 -9999 -9999 -9999 -9999 -9999 -9999 -9999 -9999 -9999 -9999 -9999 -9999
2476.3 2450.9 2465.3 2498.3 2544.4 2465.9 2339.3 2245.6 2369.9 2409 2599.6 2692 2773.9 3056.1 3060.8 2911.2 2872.9 2902.5 2798.1 2453.3 2176.1 2126.6 2155.1 2359.2 2420.6 2288.9 2262.4 2262.7 2360.9 2525.9 2498.8 2385.2 1908.2 1696.2 1639.1 1802.7 1898.3 1647 1568.8 1303.2 1312.6 1241.8 1487.2 1197.5 1077.1 1181 1232.8 922.5 745.6 792.7 707.5 834.1 1258.2 1301.8 534.2 1371.6 1077.9 951.1 866.5 615 1257.9 1195.8 -9999 -9999 -9999 -9999 -9999 -9999 -9999 -9999 -9999 -9999 -9999 -9999 -9999 -9999
2212.7 1795.4 2148 2713.5 2592.6 2535.6 2543.4 2380.3 2373.4 2557 2759.8 2769.3 2405.8 2923.8 2953.6 2824.8 2954.4 3055.3 2871.2 2514.3 2189.2 2117.2 2151.5 2238.4 2324.7 2360 2384 2399.7 2431 2534.6 2364.1 2240 1971.4 1815 1587.8 1868.9 1836.2 1650.3 1604.3 1321.9 1211.7 1068.4 1053.9 826 976.4 996.4 846.2 735.9 800.3 786.1 772.7 774.4 922.6 1160.5 945.9 1404.1 2197.4 1145.4 806.4 672.4 1087.5 832.7 -9999 -9999 -9999 -9999 -9999 -9999 -9999 -9999 -9999 -9999 -9999 -9999 -9999 -9999
2357.8 1610.2 2063.4 2444.9 2492.3 2537.3 2553.9 2438.8 2408.5 2624 2871.2 3164.5 2856.6 2861.6 2895.8 2888 2981.3 3014.2 2852.2 2524.9 2207.6 2101.2 2130.9 2175.9 2230.3 2351.1 2515.8 2608.7 2597.5 2717.4 2539.7 2206.1 1946.9 1909.7 1739.2 1640.2 1741.2 1573.1 1766.3 1404.8 1246.2 1042 1063.6 954.8 973.6 950 842 861.5 825 667.5 657.9 714.3 767.1 863.8 913.1 969.5 832.6 946.2 1074.2 691.5 1044.8 1381.5 -9999 -9999 -9999 -9999 -9999 -9999 -9999 -9999 -9999 -9999 -9999 -9999 -9999 -9999
2366.3 2012.1 2102.5 2300.7 2444.6 2434.8 2451.7 2419.6 2401.1 2536.4 2743.6 2864.4 2835.4 2805.2 2855.3 2932 2979.7 2946.1 2765.6 2468.3 2262.8 2178.5 2166.5 2149.6 2192.7 2357.8 2590.9 2688.2 2656.8 2643.2 2462.2 2178.2 1984.9 1743 1657 1502 1961.6 1787.7 1604.9 1299.2 1462.7 1248 1097.6 1080.7 1119.1 1210.1 1051 956.1 664.8 593 556.8 564.6 498.2 737 823.8 778.1 672.6 545 966.9 790.2 762.5 1665.1 -9999 -9999 -9999 -9999 -9999 -9999 -9999 -9999 -9999 -9999 -9999 -9999 -9999 -9999
2205.4 2032 2179.3 2326.2 2360.4 2385.1 2444.8 2446 2424.3 2395.7 2487.9 2501.4 2491.7 2541.3 2651.1 2812.4 2912 2806.1 2586.1 2371.2 2278.5 2258.6 2230.4 2171.9 2253.5 2462.1 2620.5 2691.8 2650.9 2566.8 2362.7 2196 2218.7 2063.8 1762.3 1573.8 1715.4 1661.8 2056.5 1296.7 1415.9 1238.8 1198.6 1564 909 931.1 991.9 761.3 610.2 586.7 523.7 604.4 413.7 674.5 452.4 414.8 527.1 998.4 936.8 903.2 1744.5 2388.1 -9999 -9999 -9999 -9999 -9999 -9999 -9999 -9999 -9999 -9999 -9999 -9999 -9999 -9999
1929.2 1930.1 2118.6 2332.5 2478.7 2608.2 2580.4 2493.3 2403.4 2287.6 2216.6 2153.1 2156.5 2237.9 2349.9 2501.2 2613.9 2553.2 2401.7 2293.2 2290.4 2341.5 2354.7 2357.9 2489.8 2678.1 2817.3 2677.6 2548.2 2435 2319.6 2240.9 2228 2214.3 2003 1614.9 1418.7 1597.9 1478 1141.3 1196.8 1036.5 1253.5 1150.7 831.9 885.1 780.4 878.9 641 586.6 491.3 643.7 551.8 523 490.9 579 1258.7 961.8 1038.2 1744.4 1952.9 -9999 -9999 -9999 -9999 -9999 -9999 -9999 -9999 -9999 -9999 -9999 -9999 -9999 -9999 -9999
1851.1 1817.6 2050.4 2280.8 2594.8 2917.2 2755.3 2386.9 2240.2 2140.6 2029.3 2001.8 2085.9 2148.7 2246.8 2324 2379.5 2382.4 2307.1 2240.2 2317.6 2304.7 2247.4 2434.5 2635.3 2779.5 2756 2455.4 2395.3 2349.8 2264.8 2254.5 2244.1 2429.2 1944.8 1791.8 1685 1630 1534.8 1179.3 952.4 1118.7 1149 1127.9 930.4 767.9 1070.2 725.3 627.8 670.2 534.1 513 583.6 427.9 476.5 746.9 807.5 844.1 1323.3 1455.4 -9999 -9999 -9999 -9999 -9999 -9999 -9999 -9999 -9999 -9999 -9999 -9999 -9999 -9999 -9999 -9999
1839.4 1832.8 1878.7 2217.5 2556.7 2770.3 2427.3 2107.4 2034.3 1973.5 1949.4 2013.7 2147.3 2177.9 2291.4 2331.6 2346.9 2351.3 2310.9 2257 2320.3 2127.5 2013 2462.1 2694.6 2637.4 2518.5 2328.6 2272.6 2138.8 1996 1963.2 1903.3 1711.2 1489.8 1765.6 1736.5 1662.3 1547.5 1237.3 1188.6 1197.6 1163.2 1060.9 1026.1 774.7 835.1 784.4 788.3 592 559.4 819.9 621.4 589.1 561.2 758 641.3 1020.8 1322.5 -9999 -9999 -9999 -9999 -9999 -9999 -9999 -9999 -9999 -9999 -9999 -9999 -9999 -9999 -9999 -9999 -9999
1885.1 1712 1778.5 2026.2 2327.7 2379.1 2168.2 1978.6 1881.3 1924.5 1943.9 2022 2136.7 2245.3 2325.2 2323.7 2342.6 2374.8 2347.6 2293.5 2276.1 2270.3 2423.3 2482.6 2571.2 2331.9 2415.7 2303.4 2196.2 2066.5 1926.7 1800.9 1675.2 1610.4 1629.8 1725.1 1634.8 1730.6 1641.2 1190.7 1078.3 1087.8 1155.6 1107.8 1110.7 769.4 786.8 769.4 537.9 635.2 724 1049.8 706.6 477.1 702.2 808.8 1758.6 1630.1 -9999 -9999 -9999 -9999 -9999 -9999 -9999 -9999 -9999 -9999 -9999 -9999 -9999 -9999 -9999 -9999 -9999 -9999
1730.7 1858.8 1772.8 1934.4 2175.5 2212.5 2079.7 1957.5 1918.3 1957.5 1987.7 2053.4 2136.3 2230.9 2275.7 2283.1 2346 2386.2 2371.3 2338.2 2323.9 2335.6 2377.3 2345.8 2284.7 2193.5 2262.2 2227.7 2148.2 2025.5 1919.9 1806.8 1629.4 1596.5 1593.3 1605.8 1852.2 1665 1601.6 1423.5 1071.9 913.1 1082.8 1086.4 878.1 682 987.6 872 768.9 791.2 785.8 663 470.4 514.3 726.9 856.9 1178.9 1677.1 -9999 -9999 -9999 -9999 -9999 -9999 -9999 -9999 -9999 -9999 -9999 -9999 -9999 -9999 -9999 -9999 -9999 -9999
1730.1 1865.4 1843.2 1835.9 1932.8 2054.6 2006 1971.8 1967.2 1984.5 2089.4 2112.8 2188 2248.1 2267.4 2289.1 2348 2382.4 2408.9 2364.8 2453.2 2326.7 2295.8 2123.7 2070.5 2144.7 2188.7 2182 2155.5 2030.4 1944.7 1841.1 1585.4 1483.8 1559.7 1552.6 1715.5 1459.3 1647.5 1418.2 1208 1037.6 1066.8 1047.5 927.2 937.3 949.9 874.6 755.1 890.5 1458.7 736 604.8 774.3 835.6 1559 1719 -9999 -9999 -9999 -9999 -9999 -9999 -9999 -9999 -9999 -9999 -9999 -9999 -9999 -9999 -9999 -9999 -9999 -9999 -9999
1780.5 1887.5 1900.3 1858.4 1807.5 1806.4 1924.1 1989.8 1996.4 2013.4 2057.6 2155.2 2220.2 2236.2 2247.5 2274.2 2284.1 2288.8 2342.4 2183.9 2035.4 2058.1 2034.6 1996 2057.6 2125.6 2147.3 2146.2 2146.7 2010.1 1965.1 1855.3 1648.3 1610.7 1511.5 1584 1384.1 1093.2 1449.4 1345 1249.5 975.2 1032.7 930.3 798.6 1001.4 704.4 776.3 752.4 1069 840 868.1 758.1 906.9 1312.9 1881.4 -9999 -9999 -9999 -9999 -9999 -9999 -9999 -9999 -9999 -9999 -9999 -9999 -9999 -9999 -9999 -9999 -9999 -9999 -9999 -9999
1895.6 1972.4 1985.3 1881 1831.6 1796 1862.2 2005.8 2054.3 2078.4 2126.7 2163.8 2194.3 2204.9 2198.7 2152.4 2140.8 2075.8 1962.6 1817.8 1632.9 2030.8 2038.4 2025.4 2058 2074.6 2075 2035.7 1950.5 1909.8 1854.2 1846.1 1742.4 1681.3 1602.2 1498.2 1318.4 1443.4 1447.6 1207.5 1070.9 957.6 901.6 849.6 812.4 1027.3 1038.5 936.5 790 1314.4 716.7 470 550 981.8 -9999 1933 -9999 -9999 -9999 -9999 -9999 -9999 -9999 -9999 -9999 -9999 -9999 -9999 -9999 -9999 -9999 -9999 -9999 -9999 -9999 -9999
1859.7 1937.5 2019.2 1828 1805.7 1802.3 1814.8 2007.3 2115.5 2088.8 2088.6 2144.6 2187.4 2151.6 2061.7 1901.7 1900.6 1834.3 1675.1 1638.4 1665.4 1914.3 2047.7 2123 2021.3 1938 1886 1754.1 1736.8 1704.6 1677.8 1697 1684.5 1783.3 1723.5 1459.7 1446.6 1403.1 1364.3 1110.5 1076.7 857.4 779 1115.6 995 1063.9 1084.4 980.6 1191.5 858.1 729.6 715.1 804.6 1899 -9999 -9999 -9999 -9999 -9999 -9999 -9999 -9999 -9999 -9999 -9999 -9999 -9999 -9999 -9999 -9999 -9999 -9999 -9999 -9999 -9999 -9999
1835.1 1733.4 1839.5 1806.1 1768.7 1782.4 1803.1 1848.8 2081.7 1935.2 1889.4 1893.8 1921.7 1917.9 1893.9 1855.5 1828 1819.9 1763.2 1713.6 1642.7 1818.5 2072.3 1944.6 1852.1 1765.5 1624.6 1466.2 1564.3 1574.6 1530.1 1609.5 1665 1734.4 1962.7 1616 1898.9 1814.1 1312 1109.3 1096.5 946.1 1003.5 962.2 914.4 1152.6 836.8 753.5 790.8 877.7 559.1 851.8 2085.1 2330.2 -9999 -9999 -9999 -9999 -9999 -9999 -9999 -9999 -9999 -9999 -9999 -9999 -9999 -9999 -9999 -9999 -9999 -9999 -9999 -9999 -9999 -9999
1875.2 1762.1 1736.6 1801 1819.7 1775.6 1770.7 1679.9 1449.7 1532.8 1528.2 1504.6 1512.5 1555.9 1711 1756.1 1722.9 1804.1 1808.5 1778.4 1533.7 1504.3 1978.3 1786.3 1729.3 1628.8 1482.4 1424.6 1505.3 1555.6 1539.5 1685.6 1646.5 1723.6 1839.3 1774.5 2272.6 1965 1231.6 1052.2 1074.8 953.3 846.6 902.5 694 791 954.2 566.5 635.4 917.4 675 833.7 1507.7 1429.1 -9999 -9999 -9999 -9999 -9999 -9999 -9999 -9999 -9999 -9999 -9999 -9999 -9999 -9999 -9999 -9999 -9999 -9999 -9999 -9999 -9999 -9999
2128 1791 1941.3 1754.9 1767.9 1743.6 1732.5 1520.4 1370.8 1353.5 1333.9 1304.9 1312.1 1410.2 1496.9 1612.8 1540.9 1617.2 1577.6 1649.6 1198.9 1444 1827 1824.3 1857.6 1572.2 1418.7 1390.2 1474.8 1570.1 1636.7 1693.1 1928.8 1750.8 1827.4 1690.3 1574.9 1466.4 1175.6 1054.5 1054.7 1148.8 992.5 897.4 738.4 725.8 547.6 706.1 240.6 606.7 811.2 1046.8 1331.7 2194.4 -9999 -9999 -9999 -9999 -9999 -9999 -9999 -9999 -9999 -9999 -9999 -9999 -9999 -9999 -9999 -9999 -9999 -9999 -9999 -9999 -9999 -9999
1976.8 1932.2 1746.1 1746 1728.9 1927.1 1712 1463.8 1342.3 1316.6 1324.9 1299.7 1317.5 1464.7 1387.6 1650.9 1405.5 1270.2 1463.7 1507 1557 1621.3 1714.1 1588.3 1636.7 1410.4 1415.5 1522.6 1487 1345.2 1322.3 1615.3 1525 1471.4 1641.6 1363 1408.7 1439.8 1198 948.3 925.6 1131.2 924.8 843.3 886.6 739.1 780.2 820.5 736.8 659.6 925.6 968.4 1040.4 1434.3 -9999 -9999 -9999 -9999 -9999 -9999 -9999 -9999 -9999 -9999 -9999 -9999 -9999 -9999 -9999 -9999 -9999 -9999 -9999 -9999 -9999 -9999
2642.4 2845.5 2832.7 2384.8 1784.3 2055.5 1672.3 1391.9 1274.1 1320.5 1349.6 1350 1347.5 1344 1210.4 1148.6 1225.3 1271.4 1313.7 1607.5 1733.4 2152.5 1659.9 1566.6 1564.6 1462.3 1576.8 1749.1 1681.4 1374.5 1533.7 1611.5 1548.4 1766.3 1484.1 1255.2 1172 1319.3 1084.2 798.5 818.9 994 979.3 749.7 758 793.8 937.8 836.2 726.9 771.9 1679 909.4 1198.7 1484.6 -9999 -9999 -9999 -9999 -9999 -9999 -9999 -9999 -9999 -9999 -9999 -9999 -9999 -9999 -9999 -9999 -9999 -9999 -9999 -9999 -9999 -9999
3769 4481.7 4594 3777.8 2059.3 1596.5 1452.6 1428.1 1228.1 1378.8 1407.3 1358.3 1343.5 1278.2 1239.3 1305.3 1171.5 1328.8 1551.4 1481.4 1636.2 1729.2 1503.9 1532.2 1822 1543.2 1361.7 1616.4 1558 1262.8 1685.9 1609.9 1473.9 1513 1426.2 1269.7 1345.8 1063.7 1115.7 932.8 784.6 773.1 1225.7 817 888.4 856.3 745.8 795 814.3 929.7 918 1025.5 1388.9 1544.6 -9999 -9999 -9999 -9999 -9999 -9999 -9999 -9999 -9999 -9999 -9999 -9999 -9999 -9999 -9999 -9999 -9999 -9999 -9999 -9999 -9999 -9999
3218.6 4713.3 5005.3 3334.5 2064.4 1533.1 1346.2 1274.9 1277.5 1344.2 1352.8 1280.2 1213.7 1196.3 1184.1 1151 1258.2 1188.1 1333.5 1397.9 1495 1551.4 1500.2 1462.8 1754.5 1626.2 1279.3 1566.7 1616 1403.1 1474 1409.4 1447.7 1468.7 1312.6 1312.8 1181.5 1280.2 1204.6 948.7 859.8 737.4 747.2 889.3 820.2 909 950 860.3 735.3 797.3 1000.5 1137.5 1294.4 1391.9 -9999 -9999 -9999 -9999 -9999 -9999 -9999 -9999 -9999 -9999 -9999 -9999 -9999 -9999 -9999 -9999 -9999 -9999 -9999 -9999 -9999 -9999
1762 3528.6 3210.9 2295.6 1777.9 1395.2 1335.2 1321.2 1249.5 1179.7 1152.7 1119.3 1049.2 1037.7 1107.4 1124.7 1177.7 1061.4 1201.1 1223.2 1303.8 1458.1 1679.9 2005.3 1798.6 1686.7 1658.4 1614.8 1549.8 1401.2 1405.9 1448 1391.3 1380.5 1307.2 1332 1295.3 1319.1 1067.4 1003.6 908.8 896.6 708.5 820.4 889.1 723.1 885.5 790.6 933.7 1045.4 1026.7 1192.1 1402.9 981.4 -9999 -9999 -9999 -9999 -9999 -9999 -9999 -9999 -9999 -9999 -9999 -9999 -9999 -9999 -9999 -9999 -9999 -9999 -9999 -9999 -9999 -9999
821.3 1021.9 1358.1 1196.6 1290.4 1604 1539.2 1446 1197.5 1069.9 1047 1043.4 1013.3 1028.1 1094.2 1174.3 1323.4 1150.3 1170.7 1096.4 885.6 1510.1 1941.5 2136.7 1664.9 1348.3 1623 1494.1 1551.2 1536.9 1446.5 1552.3 1594 1538.2 1238.9 1188.5 1290.4 1287.1 1101.2 1002.9 924.8 911 925 995.2 1063.1 931.8 928.5 1053 1141 1165.3 1072.1 1115.2 1489 1456.8 -9999 -9999 -9999 -9999 -9999 -9999 -9999 -9999 -9999 -9999 -9999 -9999 -9999 -9999 -9999 -9999 -9999 -9999 -9999 -9999 -9999 -9999
556.7 501.2 641.2 700.7 888.9 1445.3 1577.1 1505.5 1227.9 1091.2 1076.6 1079.5 1009.3 1046.1 1086.7 1121.6 1079.6 920.8 1023.9 1227.2 1552 1615.7 1764.4 1054.5 1620.3 1596.4 1622.7 1682.9 1557 1503.6 1593.7 1632.7 1485.6 1452.2 1259.4 1402.2 1240.9 1201.7 1185.8 1132.8 969.9 892.4 914.6 922.6 1215.1 1176.9 1131 1052.1 1059.8 834.2 1235.5 1078 1206.1 -9999 -9999 -9999 -9999 -9999 -9999 -9999 -9999 -9999 -9999 -9999 -9999 -9999 -9999 -9999 -9999 -9999 -9999 -9999 -9999 -9999 -9999 -9999
