datasets/global_precipitation_1950_2017/rasters/precip_1987-total.asc
NCOLS 720 
NROWS 347 
XLLCORNER -180 
YLLCORNER -90 
CELLSIZE 0.5 
NODATA_value -9999 
[rows 68 to 101 of 347, columns 380 to 455 of 720]
887.6 787.4 926.7 857.1 732.3 799.1 1152 787.2 624.7 699 724 685.1 612 578.7 679.8 782.9 831.9 773.7 854.1 795.8 885 720.5 630.2 638.7 675.2 744.9 757.5 684.7 611.5 615.8 617.6 610.7 601.3 584.3 589.3 629.3 607.3 533.8 664.8 567.9 533 482.4 432.9 407.7 411.7 432.5 428.4 406.5 413.2 386.4 426.7 445.9 465.6 447.7 420.1 445.5 461.1 454.5 464 454.7 412.1 485.2 529.4 568.5 500.7 422.2 386.8 410.7 414.6 442.5 424.2 376.6 326.6 306.4 311.2 308.4
871.3 843.1 860.3 868.7 711.1 822.3 1186.5 1175.3 726.8 726.9 731.7 585.2 613.3 622.4 636.6 593.3 591 578.5 673.9 611.5 623.7 579.1 586.9 554.8 791.2 860.3 1159.5 952.9 767.4 660.5 582.9 561.2 558.7 575.8 622.9 555.8 576.7 544.7 589.4 547.2 446.1 476.6 475 486 424.8 431.2 411.7 394.3 413.1 409.6 234.6 403.9 455.2 475.6 466.5 457.4 467.9 483.9 510.6 510.8 522.7 519.7 507.9 488 471.8 456.7 439.7 409 347 420.2 428.2 382.4 337.4 318 304.9 305.8
939.3 965.8 931 1060.2 926.5 952 1030 978.6 896.4 923.9 762.8 750 753.8 642.9 593.2 582.8 538.3 564.2 542.8 519 525.2 463.6 456.6 507.4 555.9 651.7 861.9 1139 930.8 913.4 623.3 537.5 411.2 317.4 525.5 481.7 476.1 486.2 507.7 570.2 518.6 457.9 465.7 442.1 404.5 370.3 351.4 371.8 412.9 435.9 435.3 424.1 478.4 543.4 530.6 512.1 553.8 556.6 538.5 572.6 564.7 542.9 491.5 432.5 461.6 492.2 493.3 454.4 438 432 414.8 380.4 360 353.4 341.8 326.6
1634.3 1261.6 1272.6 1286.1 1367 2156.4 1615.9 2018.8 1411.4 1484.6 1397 1123.1 703.2 632.9 625.8 647.4 589.5 579.2 556.8 521.6 481.1 463.3 451.5 508.3 515.7 562 667.4 697.4 580.6 551.3 604.7 477.3 372.8 488.3 235.3 489.6 499.8 466.9 469.2 452.6 506.8 473.6 455.3 422.5 372.7 350.7 376 394.1 401.6 391.5 395.5 455 530.2 537 559 543.4 642.2 675.7 645.3 605.6 568 516.9 478.8 531.5 552.9 519.5 489.2 469.8 440.2 424.7 410.9 391.5 379.9 365.1 347.6 314.7
1787.5 789.6 1062.4 1114.2 1180.5 1414.1 1463.4 1092.9 775.4 720.3 1288.5 915.7 725.4 598.1 692.5 721.6 632.4 591.2 596.6 533.4 516.8 506.5 559.1 590.1 479.5 625.7 539.8 431.5 535.1 502 348.2 481.5 335.7 280 269.7 515.6 509.2 496.2 496.6 518.6 462.1 389.6 385.6 381.7 351.3 344.4 336.2 349.3 359.8 398.8 434.1 483.9 565.3 515.3 479.6 486.6 587 665.3 665.9 671 603.7 563.3 556.3 585.2 586.1 565.6 508.5 445.5 431.4 420.5 395.2 384.5 379.1 345.9 321 274.3
667.7 651.5 889.8 841.4 715.6 1213.6 1561.8 1258.9 927.1 908.5 1067.1 958.3 912 861.4 864.1 731.9 655.9 623.5 553.1 487 502.7 482.7 443 523 489.8 421.5 399.6 512.5 280.8 529.3 347.6 438.9 434 438.9 322 294.4 304.9 452.8 476.7 462.2 421.1 353.9 346.1 348.2 372.7 410.4 333.5 333.4 358 399.7 508.5 443.3 482.2 -9999 -9999 -9999 -9999 584.6 612 640.8 648.6 638.1 642.6 711.3 639.1 578.1 532.7 546.3 447.7 384.9 346.4 331.6 308.3 268.9 245.6 233.5
953.4 1051.2 940.3 1459.5 1357.9 1759.3 2821.9 2678.3 1825.9 1620.4 1150.9 1068.9 1116.5 1026.6 878.7 770.3 691 649.8 593.9 536.1 490.1 552.8 583.1 388.7 377 443.6 433.6 359 301.2 482.2 264 348.2 338.5 262.2 263.2 321.7 321.2 311.3 412.2 436.7 358.5 -9999 -9999 -9999 332.7 322.7 340.5 350.2 363.2 367.6 -9999 -9999 -9999 -9999 -9999 -9999 -9999 649 659.9 685.1 696.4 632.2 602.1 629.4 625.4 592.3 545.9 503.2 430.1 361.5 303 304.2 263.8 218.7 203.3 226.2
1302.4 1232.1 1946.8 1240.1 1097.1 1160.1 -9999 1333.9 1772 1699.4 1236.2 970.7 895.2 884.2 809.6 774.2 745.7 650.3 561.6 569.2 510.7 433.5 574.5 444.8 383.6 447.2 467.4 538.4 395 369.9 390.8 371.1 352.9 350.9 267.9 285.8 481.7 435.4 389.6 372.9 -9999 -9999 -9999 -9999 -9999 -9999 358.9 346.6 371.7 412.7 -9999 -9999 -9999 -9999 -9999 -9999 638.6 635.7 671.2 766.5 785.1 705.4 658.4 637.3 634.1 622 594.2 546 480.8 406.2 334.1 288.4 227 186.2 180.1 170.7
784.7 946.7 915.2 793.3 -9999 -9999 -9999 1034.4 1364.2 1743 1629.9 1222 1087.6 961.2 813.8 725.3 703.3 643.3 720 658.5 646.6 561.3 475.4 557.8 453 415.7 504.9 380.1 377 418.2 375.4 377.8 407.4 404.3 360.9 211.7 345 393.3 293.4 -9999 -9999 -9999 -9999 -9999 -9999 -9999 373.2 493.8 532.3 539.7 531.1 527.5 515.7 -9999 646 637.9 620.4 714.2 766.6 760.1 736.2 726.8 714.1 694.1 659.2 663.7 587.1 536 482.9 424 362.7 291.8 209.2 167.5 149.2 146.2
767.9 823.8 665.5 666.7 -9999 -9999 -9999 -9999 -9999 -9999 1512.7 1181.9 1173.5 1052.6 965.1 818.7 853.9 883.6 873.7 825.3 933.6 769.7 567.9 353.7 444.8 538.4 506.3 358.5 257.4 283.2 490.8 405.1 436.2 374.3 333.2 256.4 189.5 311 -9999 -9999 -9999 -9999 -9999 -9999 -9999 -9999 -9999 632.4 875 -9999 -9999 -9999 -9999 -9999 -9999 736.4 739.9 899.6 969.1 964.6 935.3 815.2 765.3 675.2 657.5 643.5 589.4 504 422 336.7 321 289.3 224.4 187.6 178.9 171
1912.4 957.2 975.9 830 555.2 -9999 -9999 -9999 -9999 -9999 836.4 1099 1135.6 1125 837.6 827.6 979.3 1180.3 947.9 883.6 852.7 756.8 615.4 536.2 566.5 544.7 441.7 526.1 414.6 367.8 405.6 469.5 447.9 309.1 427.7 402.7 153.4 -9999 -9999 -9999 -9999 -9999 -9999 -9999 -9999 -9999 -9999 -9999 -9999 -9999 -9999 -9999 -9999 -9999 -9999 -9999 -9999 -9999 1896.3 1437.6 1209.7 989.1 813.9 703.1 636.3 645.2 629.4 608.9 503 414.7 352.6 313.4 251.4 221.5 226.8 209.3
-9999 1120.1 899.1 1408.1 1102.1 967.5 -9999 -9999 -9999 -9999 -9999 -9999 868.4 1248.3 1279.1 1715 1163.6 911.1 867.6 926.5 793.4 693.4 647.5 640.6 708.3 709.8 647.8 417.4 446.8 543.4 339.9 538.1 581.8 559.3 546.1 414.4 375 -9999 -9999 -9999 -9999 -9999 -9999 -9999 -9999 -9999 -9999 -9999 -9999 -9999 -9999 -9999 -9999 -9999 -9999 -9999 -9999 -9999 -9999 1789.8 2033.8 1835.3 1205.3 936.5 858.4 705.6 667.1 571.3 622.9 665.3 448.8 349.4 345.8 340.5 337 337.4
-9999 1104.9 887.8 863.6 909.8 1067.7 974.7 869.6 -9999 -9999 -9999 -9999 -9999 -9999 1180 1553.1 1770.8 1410.9 1017.7 825.9 697.7 834 642.4 588.4 703.9 747 827.5 713.5 598.4 661.6 560.8 567.6 661 633.6 565.3 459.9 -9999 -9999 -9999 -9999 -9999 -9999 -9999 -9999 -9999 -9999 -9999 -9999 -9999 -9999 -9999 -9999 -9999 -9999 -9999 -9999 -9999 -9999 -9999 -9999 -9999 1893.6 1790.3 2013.6 1500.8 1157.2 1159.9 925.7 967 786.3 447.3 306.7 373.1 386 415.9 431.1
-9999 -9999 791.1 978.3 918.6 1007 1112.9 1008.1 -9999 -9999 -9999 -9999 -9999 -9999 -9999 -9999 2109.1 1938 1971.7 1342.2 721.5 535.6 601.5 732.4 639.8 622 647.8 733.2 762.4 975.4 914.5 667.7 572 590.1 475.1 486.8 -9999 -9999 -9999 -9999 -9999 -9999 -9999 -9999 -9999 -9999 -9999 -9999 -9999 -9999 -9999 -9999 -9999 -9999 -9999 -9999 -9999 -9999 -9999 -9999 -9999 -9999 -9999 2214.4 2235.3 1684.1 1640.2 1646.6 1534.6 1074.1 1031.9 576.2 340 491.2 443 376.6
-9999 -9999 -9999 893.7 921.9 1097.4 1054.2 948.9 814.8 -9999 -9999 -9999 -9999 -9999 -9999 -9999 -9999 -9999 1635.1 2320.4 1150.3 478.4 577.7 586.7 640.9 565.6 797.7 903 545.1 504.3 562.2 541.6 554.2 541 589.2 585.1 -9999 -9999 -9999 -9999 -9999 -9999 -9999 -9999 -9999 -9999 -9999 -9999 -9999 -9999 -9999 -9999 -9999 -9999 -9999 -9999 -9999 -9999 -9999 -9999 -9999 -9999 -9999 1871.1 1744.8 1503.7 1340.8 1047 1157.3 1229.5 940.3 871.4 995.3 700.4 435.6 245.5
-9999 -9999 -9999 -9999 911.2 1034.2 1203.8 1297.3 1003.7 670.2 491.2 568 -9999 -9999 -9999 -9999 -9999 -9999 -9999 1161.3 1032.9 759.5 658.3 483.3 493.5 581.4 569.5 669.3 715.1 867.4 543.3 567.6 553.9 619.7 658.6 615.3 -9999 -9999 -9999 -9999 -9999 -9999 -9999 -9999 -9999 973.3 939.7 1030.7 1045.4 858.5 -9999 -9999 -9999 -9999 -9999 -9999 -9999 -9999 -9999 -9999 -9999 -9999 -9999 2611.6 1988.1 918.8 988.8 926.4 730.7 667.8 707 780.4 865.3 961.3 742.2 448.3
-9999 -9999 -9999 -9999 -9999 -9999 -9999 1221.1 1197.2 855.4 650.2 522.7 620.3 -9999 -9999 -9999 -9999 -9999 -9999 992 1235.9 577.1 640.2 486.6 577.7 693.1 632 642.4 715.3 755.9 654.1 612.6 605.3 686.6 609.6 496.7 666.4 969.1 -9999 -9999 -9999 -9999 -9999 909.4 1016.2 580 621.3 573 630.3 618.2 618.3 725.8 759.1 1001.8 -9999 -9999 -9999 -9999 -9999 -9999 -9999 -9999 2132.4 1041.3 1000.8 681.6 681.4 659.5 574.5 513.5 403.9 498.7 599 422.6 692.6 614.2
-9999 -9999 -9999 -9999 -9999 -9999 -9999 -9999 -9999 1375.4 1064 555.5 528.7 556.9 634.7 -9999 -9999 -9999 -9999 861.1 817.5 397 717.4 784.8 996 697.9 647.5 -9999 -9999 600.9 -9999 -9999 593.4 658 672.8 -9999 -9999 -9999 -9999 -9999 997.5 935.3 877 568 650.3 598.3 509.9 496.1 543 499.2 499.5 511.6 566.7 568.6 775.9 835.8 1051.8 977.9 849.3 843.7 1354.6 1556.2 1102.7 589.5 522.9 529.3 461.1 478.6 573.4 699.2 612.9 548.2 308 325.2 359.2 512.1
-9999 -9999 -9999 -9999 -9999 -9999 -9999 -9999 -9999 -9999 951.4 800.9 811.1 -9999 -9999 -9999 562.8 -9999 -9999 1257.3 1320.6 933.1 769.4 523.4 643.7 -9999 -9999 -9999 591.1 -9999 -9999 -9999 -9999 635.2 764.6 701 695.3 829.6 963.3 598 603 639.3 625 542 526.4 573.3 453.9 453.6 541.5 551.4 526.9 538.2 496.6 495.8 549.6 612.1 664.4 659.7 575.7 571.5 538.7 605.9 546.9 497.4 514.4 640.1 482.3 396.6 589.3 731 557.9 451.6 571.6 439.3 365.8 358.5
-9999 -9999 -9999 -9999 -9999 -9999 -9999 -9999 -9999 -9999 -9999 -9999 693.7 -9999 -9999 -9999 -9999 -9999 -9999 1296.6 1376.6 1205.3 1423.2 894 583.8 562 -9999 -9999 -9999 -9999 -9999 -9999 507.4 693.4 745.8 685.9 695.8 735.5 747.2 565.9 473.7 408.9 405.3 380.2 360 409.1 435 497.6 598.5 753 629.1 514 480.5 501 503.2 559.2 607.1 671.5 579.9 641.9 629.3 629.4 522.7 580.2 593.9 697.9 693.6 356.7 321.1 404.2 360.9 818.3 667.9 511.9 485.8 422.6
-9999 -9999 -9999 -9999 -9999 -9999 -9999 -9999 -9999 -9999 -9999 -9999 1029.4 1310.7 -9999 -9999 -9999 -9999 -9999 -9999 -9999 1134 1087.5 873.1 644.5 592.3 646 -9999 -9999 -9999 -9999 -9999 648.1 666.1 739.9 633.3 615.2 685.4 495 526.2 524.3 436.1 401.6 397.3 407.2 428.2 468 572.3 528.9 517.6 441.8 460 471.9 466.3 489.3 546.8 682.3 775.1 895.8 1010.7 1224.7 1066.8 835.6 745.6 775.4 696.3 595.3 537.4 370.7 320.9 333.5 510 682.6 487.1 439.7 430.1
-9999 -9999 -9999 -9999 -9999 -9999 -9999 -9999 -9999 -9999 -9999 -9999 1010 -9999 -9999 -9999 -9999 -9999 -9999 -9999 -9999 -9999 973 915.4 710.3 644.3 -9999 -9999 -9999 -9999 -9999 -9999 -9999 -9999 685 572 517.1 568.6 467.3 467.3 447.4 451.4 471.9 481 424.4 429.8 468.2 512.5 518.2 506 451.6 452.2 523 504.4 504.8 502 560.2 460.5 520.7 773.8 973.3 999.4 852.7 913.5 997.7 760.1 536.6 525.5 475.4 376.8 304 304.2 297.4 326 332.3 500.7
-9999 -9999 -9999 -9999 -9999 -9999 -9999 -9999 -9999 -9999 663.1 1066.3 1134.7 -9999 -9999 -9999 -9999 -9999 -9999 -9999 -9999 -9999 -9999 687.2 -9999 -9999 513.5 573.9 592.6 -9999 -9999 -9999 -9999 662.3 717.1 625.9 518.4 445.4 442.1 471.8 501.5 549.7 622.8 533.4 438.9 413 404.3 463.6 480.6 478 489 504.7 598 605.2 489 512.4 504.3 503.2 693.1 1271.1 867.9 770.2 880.8 1220.6 1418.5 943.4 541.2 532.3 529.1 472.5 319.3 281.1 198.1 230 271.4 393.4
-9999 -9999 -9999 -9999 -9999 516.3 684.8 575.3 484.8 594.9 -9999 -9999 -9999 -9999 -9999 -9999 -9999 -9999 -9999 -9999 -9999 973.4 -9999 801.2 899 611.6 -9999 -9999 -9999 -9999 -9999 -9999 -9999 707.5 -9999 566.7 503.2 466.3 497.4 453.9 461.3 550.2 529.3 536.9 463.6 388 346.7 308.1 377.5 496.5 768.4 936.5 845.6 823.3 741.2 723.2 836.5 729 771.7 779.5 671.3 770 737.7 970.3 1012.4 978.8 867.5 855.4 862 606.4 401.4 333.8 269.2 249.4 239.9 322.9
-9999 -9999 -9999 -9999 -9999 -9999 -9999 332.9 123.7 410.9 444.2 -9999 -9999 -9999 -9999 -9999 -9999 -9999 -9999 -9999 -9999 -9999 -9999 844.6 845.5 734.8 -9999 -9999 -9999 -9999 -9999 -9999 -9999 -9999 -9999 531.9 805.9 801.7 521.5 379.3 398.2 585 751.6 826.1 670 500.4 386.2 367.6 453.3 769.4 1053.5 917.6 966.2 982.2 704.1 581.1 586.3 552.1 645.6 855.3 999.1 1117.9 600 756.6 848.7 1009 1027.5 1039.8 994.2 797.1 558.7 383.8 300.3 285.1 292.7 346.5
395.1 367.8 -9999 -9999 -9999 -9999 -9999 -9999 -9999 372.8 -9999 -9999 -9999 -9999 -9999 -9999 -9999 -9999 -9999 -9999 -9999 -9999 -9999 -9999 -9999 -9999 -9999 -9999 -9999 -9999 -9999 -9999 -9999 -9999 -9999 -9999 823 823.4 781.7 453.2 556.7 -9999 -9999 1070.6 994.4 716.6 495.2 523.5 570.7 -9999 812.4 -9999 997.2 748.4 521.9 398.4 410.2 435.1 556.2 833.7 1101.4 967.8 648 693.9 668.3 1325.2 937.8 1164.6 961.8 989.1 720.1 407.8 347.5 324.1 352.6 391.1
343.5 -9999 -9999 -9999 -9999 -9999 -9999 -9999 -9999 -9999 -9999 -9999 -9999 -9999 -9999 -9999 -9999 -9999 -9999 -9999 -9999 -9999 -9999 -9999 -9999 -9999 -9999 -9999 -9999 -9999 -9999 -9999 -9999 -9999 -9999 -9999 -9999 -9999 -9999 738.1 -9999 -9999 -9999 -9999 -9999 1032.7 772 609.6 -9999 -9999 -9999 -9999 1278.7 603.1 285.3 320.6 333.8 330.8 416.3 578.4 658 640.7 657.1 696.9 641.2 649.4 606.7 786.7 1025.1 1028 923.5 736 470.7 503.8 485.6 493.6
174.9 217.2 -9999 -9999 -9999 -9999 -9999 -9999 -9999 -9999 -9999 -9999 -9999 -9999 -9999 -9999 -9999 -9999 -9999 -9999 -9999 -9999 -9999 -9999 -9999 -9999 -9999 -9999 -9999 -9999 -9999 -9999 -9999 -9999 -9999 -9999 -9999 -9999 -9999 -9999 -9999 -9999 -9999 -9999 -9999 -9999 -9999 -9999 -9999 -9999 -9999 -9999 903.7 523.4 302 267.8 254.8 183.5 205.3 264.6 294.6 360.5 463.5 557.9 577.7 576 602.7 654.2 675.6 804.7 943.3 1074.5 984.5 659.4 548.8 554.7
164.4 164.7 -9999 -9999 -9999 -9999 -9999 -9999 -9999 -9999 -9999 -9999 -9999 -9999 -9999 -9999 -9999 -9999 -9999 -9999 -9999 -9999 -9999 -9999 -9999 -9999 -9999 648.2 759.5 890 579 -9999 515.7 -9999 -9999 -9999 -9999 -9999 -9999 -9999 -9999 -9999 -9999 -9999 -9999 -9999 353.1 356.2 -9999 -9999 -9999 -9999 868.7 317.6 354.6 258.6 170.3 139.7 130.5 128.1 80.1 137.7 224.5 280.7 320.1 360.2 397.9 470.1 540.6 652 831.1 963.9 877.3 547.8 450.1 471.8
123.7 94.3 127.2 -9999 -9999 -9999 -9999 -9999 -9999 -9999 -9999 -9999 -9999 -9999 -9999 -9999 -9999 -9999 -9999 -9999 -9999 -9999 -9999 -9999 -9999 -9999 -9999 -9999 -9999 -9999 -9999 -9999 -9999 -9999 -9999 -9999 -9999 -9999 -9999 -9999 -9999 -9999 -9999 -9999 -9999 674.3 561.8 -9999 -9999 -9999 -9999 -9999 958.4 530.2 278.7 162.4 146.2 122.4 109.4 107.1 107.5 127.6 158.1 167.1 182.7 234.3 273 321.8 412.5 484.8 591.2 677 651.1 537.9 454.3 451.7
-9999 -9999 -9999 -9999 -9999 -9999 -9999 -9999 -9999 -9999 -9999 -9999 -9999 -9999 -9999 -9999 -9999 -9999 -9999 -9999 -9999 -9999 -9999 -9999 -9999 -9999 -9999 -9999 -9999 -9999 -9999 -9999 -9999 -9999 -9999 -9999 -9999 -9999 -9999 -9999 -9999 -9999 -9999 -9999 -9999 -9999 -9999 -9999 -9999 -9999 -9999 1205.1 738.4 163.7 178.6 131.7 98.9 101.9 104.8 114.2 123.4 133.7 162.9 137.4 142 165.3 184.2 216 279.7 369.8 432.8 521.2 543.1 497.4 402.5 448.6
138.4 141.1 -9999 -9999 -9999 -9999 -9999 -9999 -9999 -9999 -9999 -9999 -9999 -9999 -9999 -9999 -9999 -9999 -9999 -9999 -9999 -9999 -9999 -9999 -9999 -9999 -9999 -9999 -9999 -9999 -9999 -9999 -9999 -9999 -9999 -9999 -9999 -9999 -9999 -9999 -9999 -9999 -9999 -9999 -9999 -9999 -9999 -9999 -9999 -9999 -9999 1264.7 480.7 174.6 142 116.9 89.6 88.5 98.6 107.5 116.4 124.8 124.1 120.6 119.6 114.8 117.5 149.4 189.9 257.8 369.9 435.2 433 375.6 346.4 380.1
169.7 161.4 -9999 -9999 -9999 -9999 -9999 -9999 -9999 -9999 -9999 -9999 -9999 -9999 -9999 -9999 -9999 -9999 -9999 -9999 -9999 -9999 -9999 -9999 -9999 -9999 -9999 -9999 -9999 -9999 -9999 -9999 -9999 -9999 -9999 -9999 -9999 -9999 -9999 -9999 -9999 -9999 -9999 -9999 -9999 -9999 -9999 -9999 -9999 -9999 730.9 691.7 229.4 150.4 157.8 64.7 30.3 62.5 94.8 107.9 110.1 114.1 107 106.7 94.1 91.1 85.2 95.8 104 140 200.9 232.9 217.5 251.5 326.2 345.3
104.2 107.7 111.9 88.3 114.3 147.7 175.2 264.6 -9999 -9999 -9999 -9999 -9999 -9999 -9999 -9999 -9999 -9999 -9999 -9999 -9999 -9999 417.3 531.8 371.5 -9999 -9999 -9999 -9999 -9999 -9999 -9999 -9999 -9999 -9999 -9999 -9999 -9999 -9999 -9999 -9999 -9999 -9999 -9999 -9999 -9999 -9999 -9999 -9999 -9999 488.6 386.3 200.5 232.8 186.4 63 21.6 63.3 94.2 103 93.1 87.8 78.7 62.5 46.8 55.7 59.6 50.7 68.4 79.1 94.6 100.8 100.3 106.4 198.5 263.6
