datasets/global_precipitation_1950_2017/rasters/precip_1980-total.asc
NCOLS 720 
NROWS 347 
XLLCORNER -180 
YLLCORNER -90 
CELLSIZE 0.5 
NODATA_value -9999 
[rows 68 to 101 of 347, columns 532 to 607 of 720]
476.7 466.1 434.5 337.8 202.1 144.9 139.6 129.5 112.4 102.3 87.9 78.1 75.5 89.5 114.9 146.3 168.4 179.9 187 184.5 175.3 166.3 161 153.3 151.6 151.7 154.4 157.5 168.2 175.8 180.8 179.6 178.6 160.4 182.4 211.3 224 212.6 190.2 173.1 169.8 175.3 191 228.7 270.9 295.1 291.4 297.9 305.8 305.9 298.5 282.3 270.1 273.2 261.5 240.9 221.2 224.3 240.6 263.7 285.8 304.1 310.1 313.2 329.1 356.3 393.6 414.3 385.5 443.2 515.1 623.2 629.2 614.4 606.2 592.2
317 303.6 299.1 253.1 191.6 165.8 166.3 180.7 152.1 118.8 90.4 74.1 77.1 86.3 102.7 131.5 159 170 170.4 166.5 162.9 156.4 146.2 140.4 147 152.1 153.5 163.6 173.7 180.9 185.1 187 184.5 178 181.6 220.5 230.1 204.9 181.9 164.7 163.7 175 192 219.4 259.6 281.8 283.5 279.5 269 273.8 301.1 303.6 299.8 284.8 250.1 212.2 207.8 222.6 232.4 243.8 240.3 229.1 247.6 278.2 306.1 340.5 365 374.3 412.2 504.9 636 708.6 646.2 626.4 627 653.3
239.8 185.1 191.8 184.4 174.9 170.7 158.5 149.5 136.6 119.4 103.8 96 91.1 89.1 97.9 116.9 146 163.4 162.2 159.6 152.3 150.4 136.2 132.4 140.2 154 173.2 187.2 200.5 211.7 210.5 212.8 210.7 199.9 194.5 201.9 204.3 194.8 184.2 180.8 185.9 194.3 206 212 219.3 234.2 247.9 257.3 262.5 269.1 283.8 292.7 292.2 275.9 237.2 214.1 216.9 246 248.5 240.6 231.8 224.3 223.6 229.2 245.4 270.5 308.6 356.9 421.9 508.9 590.3 626.8 615.7 593.4 593.9 620.4
210.1 162.4 166.2 181.5 173.9 163.7 159.8 147.8 133 118.1 106 99.9 96 92 91.4 107.6 137 149.9 147.9 139.7 133.9 121.8 100.5 106.9 120.8 153.7 193.7 223.9 241.7 258.2 272.2 264.1 243.2 212 191.6 182.9 183.4 182.9 182.9 190.2 200.9 196.2 219.4 223.1 244.3 254 251.8 257.7 261.2 259.3 263 277.7 284.5 266.5 240.4 230 238.7 260.6 250.4 234.2 223.3 215.8 208.8 201.9 197.6 207.8 280.6 340.3 378.9 434.1 493.2 533.1 545.2 537.6 543.4 528.5
184.5 158 130.2 135.9 151.3 160.6 165.4 158.4 135 117.7 106.7 96.9 89.8 83.6 81.4 103 125.1 133.9 133.8 130.6 122.4 108.6 97.9 91.3 103 146.7 205.9 242.5 259.1 264.9 261 247 233.5 206.2 185.2 169.2 184.9 188.2 190.5 193.8 199.4 206.3 193.5 205.7 257.4 274.5 274.7 269.9 266.5 238.7 242.8 254.7 254.9 240.5 223 221.7 229.3 234.7 226.4 214.8 216.5 214.9 202.8 197.9 212 247.7 321.1 378.2 374.9 397.8 428.9 451.7 461.1 480.7 490.2 478.5
164.7 148.1 131.9 133.1 146.4 156.2 162.6 148.7 123.3 109 92.6 81.5 78.6 75 79.9 101.8 124.6 134.6 136.5 142.5 149.1 145.9 124.3 101.7 106.5 155.5 208.2 249.5 256.8 246.3 237.7 231.9 222 214.2 199.3 172.8 172.3 173.1 171.9 165 179.1 199.2 222.6 261.8 309 298.1 281.7 277 267.5 256.9 252 248.7 240.5 215.2 189.6 200.6 218.7 226.1 226.6 224 224.1 221.4 215.3 219.7 248 296.2 352.1 398.9 398.6 395.2 402.8 385.5 389.9 420.9 447.3 447
138.4 141 138.4 137.9 144.4 150.5 148.3 135.2 119.9 97.5 65.4 56 64.8 68.7 77.6 103.2 125.6 133.6 139.6 149.5 166.9 166 144.1 129.9 139.1 171.4 204.6 225.8 222.4 210.9 207.1 213.9 216.2 263.2 207.1 180.3 162.7 147.2 137.6 129.8 143.2 163.6 194.2 222 213 267.8 280.7 286.7 285.8 280.8 273.5 269.4 262 241.2 217.5 211.4 217.6 228.2 234.9 235.8 235.2 236.5 233.6 232.8 254.2 300.4 351.9 384 377.6 369.5 340.6 292.2 299.8 363.7 426.5 424.9
137.2 140.1 137.7 126.2 144.1 152.6 148.1 145.8 144.8 127.8 93 78 78.1 81.4 94 112 125.2 126.1 125.2 125.6 124.8 118.6 112.2 115.9 132.5 162.6 190.9 204.5 200.4 190.7 196.3 201.5 201.2 189.8 165 124.6 120.6 126.6 118 117.6 158.7 132.9 165.4 195.3 225.1 256.8 283.3 298.6 304.2 296.9 295.4 294.6 294.1 267.3 233.2 213.8 211.9 222 234.2 237.1 241 246.7 245.7 239.7 239.2 271.1 328.5 360 353.4 333.4 319.2 307.2 319.6 353.3 382 404.6
150.6 161.4 175.2 180.3 163.1 151.8 150.4 154.6 166.9 163.1 134.2 113.1 108.7 112.1 120.2 120.7 115.6 109 102.8 91.9 73.3 60.3 64.2 84.2 105.3 135.2 172.8 192.5 198.6 195 194.2 193.8 189.6 175.8 143.7 110.3 113.6 123.3 117.1 118.7 120.2 130.6 156.3 189.6 228.5 261.4 296.5 317.5 325.3 315.1 299.8 285.4 264 240.4 208.4 186.6 182.7 191.6 206.2 216.3 228.4 240.7 244.1 248.7 254.8 276.5 300.5 307.8 302.4 298.2 305 323.6 353.7 402.7 398.4 426.1
162.4 177.6 189.2 190.1 169 150.9 143.2 148 148.8 146.4 131 119.4 124.4 132.2 131.7 122.1 110.7 95.4 83.5 70.2 48.3 31.3 37.1 56.2 79.5 106 145.8 178.7 191.9 193.2 187.6 179.5 167.4 153.3 145.9 140.4 135.6 127.4 117.8 117.2 119.2 126.3 149 185.6 233.6 270.8 302.1 326.5 325.9 305.8 274.1 251.1 229.6 203.6 180 156.3 147.9 161.4 181.5 197.5 213.2 232.1 258.9 274.5 286.4 305.3 318.7 313.9 295.2 277.5 283.1 306.4 347.4 396.2 325.3 511.6
161.8 178.2 197.8 199.2 170.5 140.8 129.3 152.9 141.4 123.9 105 100.5 115 139.8 143.6 127.8 112.1 97.1 82.3 71.9 60.8 52 46.3 48.9 64.7 85.3 118.2 155.6 176.9 177.7 169.4 157.8 154 145.4 146.5 147.7 141.8 130.3 117.5 116 119.4 123.1 139 177.2 222.4 245.1 266.2 277.2 273.5 257.2 235.7 227.7 211.5 187.8 170.8 160.9 150.3 144.3 189 179.3 194 227.6 266.1 284.9 298.8 321.4 350.8 345.6 312.4 288.4 281 292.1 319 366.1 427.1 501.8
181.4 183.4 200.1 235.4 172.5 126.9 124.7 141.5 116.6 91.1 63.9 58.7 102.5 176 183.3 138.1 125.5 109.3 79.9 78.3 74.3 67.7 62.1 57.9 61.7 71.5 93.6 117 131.6 141.7 140.9 143.6 143.2 146.9 148.7 149.4 151.6 145.7 135 128.3 122.8 120.9 125 148.3 173.2 184 192.9 198.7 201.9 200.7 197.1 229.2 185.4 177.5 169 169.8 159.1 154.2 187.8 170.4 194 240.9 288.6 306.4 282.3 303.4 343.4 353.2 342.7 320.8 289.6 266.6 254.9 318.8 431.1 474.8
194.7 185.5 177.4 161.4 120.6 77.2 60.2 65.5 71.4 66.3 54.4 55.3 78.3 117.7 110.3 97.4 136 174.8 124.1 99.8 90.6 86.5 81.5 80.3 80.3 87 97 109.1 113.5 118.9 122.6 123.9 130.1 135.9 142.3 147.7 151.3 149.4 142.1 135.3 128.4 128.2 127.5 112.2 90.9 91.8 98.9 121.3 142.2 157.1 165.2 165 166.2 166 160.7 171.8 184 184.7 199.5 215.3 241.3 283.6 343.6 291.2 260 272.8 301.5 349.6 391.4 355.6 282.9 279.6 297.9 356.1 449.2 523.5
234.9 192.3 144.7 116.7 80.7 38.5 17.9 35.3 47.9 52.6 56.4 61.9 66.4 61.5 40.9 54.1 94.7 121.6 117.1 108.4 103.1 101.1 99 100.2 100.8 102.6 104.5 104 107.1 110.3 111.3 113.2 115.7 120.9 127.6 134.5 140 141.1 139.4 138.4 138.9 141.5 139.8 128.9 110.9 94.9 82.4 92.8 111.7 148.9 175 181.7 166.2 137.2 141 178.1 209.5 246.7 301.3 322.4 318.5 316.3 321.3 313.7 293.2 274.8 269.3 315.9 384.9 342.2 223.3 319.2 408.4 465.5 525.3 648.9
108.5 103.3 101.7 88.3 65.7 44.6 31.2 29.4 36.2 44.1 51.1 56 58.2 58.6 56.9 63 76 86.3 92.7 96.7 101.5 104.8 106 105.6 105.9 104.2 102.7 103.6 105.9 109.4 110.4 104.3 100.5 102.4 108.9 116.6 123 126.6 129.7 131 136.9 141.6 146.3 146.4 144.9 138.4 134.7 135.6 151.7 196.1 255.5 253.4 184.2 119.1 144.1 218 262.5 309.3 356.6 359.5 326.7 312.8 357.1 367.4 323.2 293.4 238.8 287.2 321.6 312 325 352.5 402 474.6 589.6 729.9
23.2 58.1 73 69.9 55.6 46.4 37 28.6 30.7 37.5 43.1 50.3 52.8 53.9 55.9 59.6 65 71.9 77.2 83.5 93.3 103.2 106.3 104.5 104 102.4 98 96 100.1 107 106.8 95.3 85.6 85.5 92.2 99.6 105.3 109.2 114.7 125.6 146.7 143 140.5 151.6 165.6 166 172.7 197.9 222.3 247.4 318.6 338 275.1 230.7 230.9 269.6 307.7 336 372 366.6 363.2 398.3 416.1 327.6 352.6 348.8 363.3 363.7 341.2 329.3 385.9 452.4 507.7 568.5 618.3 734.4
40.4 52.5 63.2 64.9 59.5 47 39.4 35.8 33.5 34 40.2 46.8 46.3 49.1 49.3 51.7 55.1 57.7 61.7 69.7 82 92.3 97.6 100.5 105.1 104.6 93.7 84.5 84 89.8 90.2 85 78.1 81.9 90.6 93.6 93.2 96 102.9 112.7 100.8 107.9 125.4 147.5 165.4 176.4 201.5 233.5 258.9 285.3 327.7 365.3 372.2 359.1 324.8 174.8 268.9 370.9 394.4 377.6 431.3 487.5 628.8 466 433.1 420.6 518.1 455.1 337.9 360.1 399.5 555.7 547.7 589.3 693 696.9
48.2 55.3 61.8 66.1 61.7 54.3 50.3 47.3 43.9 43.1 47.1 47.2 48.3 47.3 48.7 48.2 45.8 46.4 48.2 54.9 80.5 83.5 88.9 97.6 111.8 117.1 83.3 56.2 58.1 74.2 81 90.9 98.6 104.3 105 97.7 84.5 83.2 96.7 108.6 110.6 115.9 140.4 156.9 176.7 206.6 234.1 214.3 265.4 272.6 310.6 336.9 380.8 374.9 352.6 281.8 329.7 375.6 430.3 368.1 374.8 491.5 545.2 510 511.7 539.8 586.3 642.9 481.4 469.7 -9999 -9999 484.9 597 678.2 765
45.9 50.5 56.1 59 56.9 53.5 52.1 51.1 49.5 50.3 53.1 50.8 51.4 48.9 48 45.1 40.1 37.3 43.5 59.3 82.7 74.1 89.6 93.1 90.2 86.4 71.3 45 58.3 82.1 98.6 119.3 141.2 150.9 143.4 119.1 90.7 85.6 105.1 119.6 124.4 130.5 149 170.4 194.9 245.8 276.4 278.9 273.5 270.3 284.7 299.2 370.7 364.8 338.8 379.2 386.1 413.8 502.8 414.9 475.2 478.9 539.6 661.7 660.1 684.4 686 609.1 537.4 -9999 -9999 -9999 462.3 575.5 835.3 796.9
35.7 41.2 46.6 51.9 52.1 50.8 47.2 47.4 49.1 51.2 53.4 53 50.9 51.6 50.6 47.8 43.7 39.7 45.3 55.8 71.4 80.7 95.8 106.3 107.2 79.4 90.5 100.3 109 113.2 116.2 133.3 178.6 217.3 200.9 159.7 125.9 113.5 124.7 134.2 133.2 148.4 179 210.8 231.4 265.4 290.1 298.4 288.6 262.6 273.4 315.5 379.7 423.2 451.5 436.4 392.8 419.8 517.3 590.3 525.5 496.4 528 602.4 593.4 588.9 608.8 -9999 -9999 -9999 -9999 496.5 521.9 582 645.8 783.6
27.4 33 39.7 44.2 54.1 41.4 42.3 45.1 47.7 50.2 51.8 52.4 52.3 54.1 55.6 53.8 50.9 47.6 51.1 58.7 75.5 106.3 141.5 165.6 180.7 165.3 151.9 154.5 166.3 124 111.3 85.7 182.1 236.7 202.2 156.7 141.7 132.1 136.3 139 150 168.7 209.1 247.5 260.1 268.7 295.1 300 291 267.8 281.6 328.1 398.9 431.2 595.2 668.6 560.8 425.2 456.1 447.6 490.1 506.8 512.3 535.2 561.1 536.2 -9999 -9999 -9999 -9999 -9999 522 -9999 -9999 -9999 -9999
19.7 26.3 32.3 35.1 30.4 32 37.9 43.7 49 52.6 52.7 51 51.6 54.3 57.4 56.8 56.5 60.2 67.5 79.4 110.8 182.5 225.6 259.7 298.8 284.7 253.9 219.8 144.7 119.6 160.7 218 278.9 199.6 146.1 153.9 141.2 139.1 144.9 142.7 131.5 160 201.1 242 271 295.1 308.4 316.7 326 347.1 362.3 361.4 389.5 361 660.4 797.7 596.5 380.8 381.8 424.6 490.5 542.5 558.3 -9999 -9999 -9999 -9999 -9999 -9999 -9999 -9999 -9999 -9999 -9999 -9999 -9999
12.3 22.1 29.1 34.9 34.9 33.9 38.7 44.6 50.3 54.5 52.3 49.3 48.1 50 52.6 55.1 60.9 70 77.4 95 138.3 209.7 272 308.3 335.2 351.1 360.6 328.7 323.9 258.9 270.9 315.8 320.8 290 261.4 219.5 179.8 158.9 152.2 137.2 118.9 155.2 191.6 243.3 314.4 340 322.4 321.3 344.4 383.1 402.1 384.1 379.8 394.6 437.1 515.6 495.7 398.6 341.6 382.5 443 596.5 641.4 582.7 -9999 -9999 -9999 -9999 -9999 -9999 -9999 -9999 -9999 -9999 -9999 -9999
13.7 20.5 26.1 28.6 31.6 35.2 38.7 43.4 48.2 50.6 49.3 46.9 43.1 43.2 44.9 51 58.3 69.9 75.6 94.7 144.2 217.7 283.9 327.3 392.8 442.7 437.8 396.7 387.6 424.9 457.5 416.8 286.6 202 288.4 285.1 228.7 183.7 174.9 179.4 177.4 196.2 168.6 272.3 443 458.4 390.5 346.6 376 452.3 484.5 425.1 373.1 384.5 391.4 494.9 464.6 425.2 370.8 318.3 502.6 558.3 638.5 490.5 586.9 670.7 -9999 -9999 -9999 563.7 -9999 -9999 -9999 -9999 -9999 -9999
19.8 22 24.2 27 29.5 34 38.2 44.6 49.3 55.1 54 48.1 39.7 30.9 36.3 46.5 52.3 59.7 71.7 94.1 137.6 209.3 278.6 311.5 408 514.7 398.5 350.6 340.3 399.7 462.7 479.1 381.8 372.3 346.4 281.2 213.2 196.1 176.3 175.2 218.7 295.9 366.2 493.3 733 674.9 527.7 466.5 463 503.6 506.3 458 450.7 438.4 402.3 417.3 525.5 457.5 442.6 464.2 434.3 466.3 536.2 566.1 598.7 668.3 -9999 -9999 567.8 354.8 493.9 496.2 561.3 -9999 -9999 -9999
25.6 23.9 24.7 26.2 29.1 34.5 41.9 53.1 64.6 76.6 81.9 76.4 61.7 47.5 48.5 56.1 49.8 46.1 56.5 78.1 94 132.2 195.5 239.6 313.8 347.6 200.7 301.7 329 355.3 367.8 352.2 355.4 351.4 311.5 242.9 186.1 271.1 220.6 209.5 306.4 412.9 446.9 554.1 673.3 653 543.5 491.1 520 539.6 513.8 477.2 501.2 494.5 448.8 441.3 483.6 518.1 429.8 468.2 690 680.6 687.7 802 782.7 629.8 635.6 605.2 622.9 598.1 716.3 -9999 -9999 -9999 -9999 -9999
28.7 25.1 24.3 25.8 30.4 43.7 62.8 87.6 109.4 124.8 130.4 130.6 123.6 115.3 103.6 78.4 47.9 39.3 49.2 73.1 79.2 104.2 120.1 160.9 196.8 241.1 267.8 300.1 306.2 321.5 343.1 338.8 332.9 331.7 298.3 227.7 245 307.3 351.2 413.2 442.3 501.1 551.1 609.5 644.7 639.1 566 524.9 533.1 526.5 466.8 463 531 554.4 581.2 538.5 523.9 513.1 525 579.8 1473.1 934.5 1074.7 869.1 836 745.5 655.5 690.8 805 -9999 -9999 -9999 -9999 -9999 -9999 -9999
38.5 31.1 25.9 27.5 45.2 80.8 118.9 154 178.5 187.1 194.9 194.1 198.5 206.6 192.7 136.4 74.8 62.2 80.2 100.2 121.9 141.1 151.8 181.9 218 243.1 302.2 360.1 380.1 414 376.5 362.5 371.5 363.5 342.5 344.8 353.1 381.3 499.8 547.3 512.6 539.6 611.2 651.3 675.6 724.5 711.6 662.3 613.3 586.7 549 563.3 657.3 630.3 563.2 532 515.1 527.4 556.8 564.2 637.4 645.4 752.5 768.2 805.8 856 703.8 777.6 -9999 -9999 -9999 -9999 -9999 -9999 -9999 -9999
71.2 55.8 44.6 41.6 116.1 179.8 225.2 247.3 246.8 250.4 248.3 246.8 255.6 278 271.6 213.8 167.2 157.8 187.4 231.7 257.1 262 256.2 262.9 273.1 302.8 360 404.4 409.6 395.4 427.3 453.9 439.7 380.2 371.4 394.5 429.2 510.8 600 570.6 582.7 617.7 667.5 714.6 714.6 780.1 793 720.2 681.6 629.7 657.6 663.3 722.9 699.9 625.5 513.4 557.9 653.2 701.7 743.8 696.7 679.7 727.8 784.4 759.4 822.4 847.4 -9999 -9999 -9999 -9999 -9999 -9999 -9999 -9999 -9999
136.4 143.5 158 223.4 319.4 340.2 329.1 319.8 310.4 300.4 291.3 283.5 282.3 283.7 281.6 270.3 272.2 305.4 362.2 415.7 449.4 455.8 424.4 361.2 328.7 371.5 423 457.4 456.5 455 514.9 556.5 492 423.2 447.9 521.6 577.1 743.2 654.1 523.5 557.6 714.6 801.8 798.6 742.6 683.5 612.5 734.6 820.9 626.6 573.3 714.9 781.3 776.8 697.4 625.1 812.3 766.2 686.8 643.6 652.2 763.1 833.5 802.3 790.2 812 786.5 -9999 -9999 -9999 -9999 -9999 -9999 -9999 -9999 -9999
208.4 238.1 286.9 348.7 383.4 396.6 385.9 373.7 363 351.1 333.5 311.5 295.2 296.7 313.2 340.8 387.1 442.1 477.4 471.3 522.9 569.7 563.8 497.9 453.8 466.2 514.9 557.7 553.1 558.9 587.2 607.3 601.9 597.1 599.7 579.7 587.5 665.2 688.8 664.8 671.7 825.9 884.6 911.5 777.7 630.2 607.5 775.3 883.4 794.6 831.2 890 994.9 900.8 886.6 687.9 746.9 782.6 631 642.5 612.5 775 949 889 869.8 902.5 857.2 834.7 996.4 -9999 -9999 -9999 -9999 -9999 -9999 -9999
280.6 317.1 353.2 384.2 411.3 422.6 423.3 418.9 411.6 399.9 387 364 346.9 353 389.7 443 507.7 551.3 554.4 540.6 580.2 635.6 662.3 585.7 542.2 548.4 597.4 639 640 665.9 685.8 699.1 723.3 775.5 760 670.2 620.7 631.9 759.6 1106.5 719.9 826 950.5 989.9 985.2 797.6 747.2 735.9 829.4 1014.7 928.2 964.4 1012.7 1001.7 1008 822.6 769.4 795.8 810.4 1046.8 712.2 732 695.8 912.1 1055.6 1268.4 1221.2 975.9 1157.2 -9999 -9999 -9999 -9999 -9999 -9999 -9999
334.7 363.8 391.6 413.9 423.9 436.8 444.4 450.2 457.5 459.2 456.1 451 453.6 479.3 525.5 581.9 626.4 635.2 627.4 628.7 643.3 659.3 608.1 598 587.9 605.4 640 666.6 693 716.8 719.3 727.5 760.8 785.6 783.4 743.2 662.1 603.2 696 779.4 597 955.2 1114.6 1118.9 1124.1 961.9 866.2 888.8 975.6 1134.8 1103.3 1029.9 988 916.2 922 983.5 867.1 821.4 947.5 961.7 905.2 896.3 924 928.4 1035.8 1154.1 1197.3 1147.5 1128.6 -9999 -9999 -9999 -9999 -9999 -9999 -9999
368 399.2 420.1 442.3 438.9 454.2 454.7 473.1 494 515.1 528.3 540.6 567.5 615.9 676.8 723.3 722.4 684.1 653.6 658.1 666.2 666.2 617.4 603.4 621 664 693.7 721 748.3 756.3 756.3 758.5 797.9 807 772.8 797.6 783.1 758.3 823.8 945 1002.4 1099.8 1197.2 1234.5 1138 950.2 1002.5 955.2 1035.5 1109.3 1071.6 1035.8 934.4 830 871.2 1095.8 976.4 1022.9 1206.5 1161.9 1090.9 1059.7 1191.9 993.2 1002.7 1063.3 1208.5 1223.2 1361.8 1186 -9999 -9999 -9999 -9999 -9999 -9999
