datasets/global_precipitation_1950_2017/rasters/precip_1982-total.asc
NCOLS 720 
NROWS 347 
XLLCORNER -180 
YLLCORNER -90 
CELLSIZE 0.5 
NODATA_value -9999 
[rows 102 to 135 of 347, columns 532 to 607 of 720]
407.8 428.1 414.4 400.5 380.2 355.3 359.8 368.1 387.7 413.1 437.5 456.1 485 526.8 569.1 590.5 593.3 591.3 579.9 555 533.9 534.2 536 557.3 592.1 617.5 625.6 658.7 738.1 724.5 728.2 766.8 776.7 750.2 729.7 736.9 760.1 782.8 826.1 894.4 997.5 1079.7 1173.8 1311.6 1261.6 913.6 671.6 701.9 831.3 918.8 851.2 821 837.5 931.3 948.8 1152.1 1172.1 1054.3 996.5 1122.5 1107.1 998.3 998.3 1005.6 1064.3 1048.9 992.1 947 935.9 929.1 955.8 -9999 -9999 -9999 -9999 -9999
584.2 584.6 523.8 437.6 384.9 362.6 348.8 338.7 352.2 388.6 427 458.7 482.7 537.2 585.7 598.8 600.3 597 592.2 578.5 548.5 531.9 529.3 553 598.3 611.1 603.5 580.7 621.7 667 705.5 764.9 793.1 744.3 779.7 818.4 822.8 826.4 882 890.9 969.2 1131.8 1214.7 1343.7 1372.5 1227.5 1082.2 1068 1048.2 982.4 928.7 890.9 896.9 900.2 734.1 1101.9 1201.5 1177.5 1136.9 1114.5 1164.4 1102.6 1078.1 1044.4 926.1 1001.6 1005.4 936.5 905.5 951.6 1028.8 1008.2 -9999 -9999 -9999 -9999
1039.4 935.9 694.2 477.9 377.1 357.8 353.2 328.9 326.4 364.7 408.4 450.5 488.3 566.4 625.7 624.7 616.9 611.1 606.7 596.5 560.5 526 505.7 530.8 570.6 595.7 594.8 592.9 622 642.2 666.6 723.7 701 737.6 854.4 899 871.2 935.5 943.4 976.4 1024.9 1093.4 1055.3 1347.3 1417.2 1440.9 1403.4 1434.6 1314 1166.7 1127 1099.8 1058.9 1052.9 1084.9 1243.6 1371.9 1238 1238.7 1218.5 1248.2 1261.7 1218.9 1140.9 1129.9 1189.3 1050 1023.5 855.8 999 1247.6 -9999 -9999 -9999 -9999 -9999
1815.3 1426.6 898.1 531.1 397 370.5 370.7 360.1 347.5 354 379.4 418.4 476.6 574.6 654.5 634.7 623.9 632.4 644.9 639.1 607.4 555.9 529.3 523.7 557 590.2 598.5 618.8 664 675.8 711.6 793.6 762.2 820.7 894.4 845 854.9 934.5 1042.8 1093.3 1145.6 1148.7 1275.9 1481.9 1355.1 1472.9 1636.4 1651.5 1427.2 1206 1153.7 1188.2 1189.8 1196.5 1308.1 1389 1774.7 1390.6 1312.1 1369.5 1281.2 1231.6 1244.5 1391.7 1442.1 1308.6 1206.6 1107.3 978.8 994.6 1026.4 -9999 -9999 -9999 -9999 -9999
2156.4 1790 1082.6 572.3 456.8 441.5 424.2 396 360.2 331.9 330.8 353.9 401.5 482.6 559.5 591.7 605.4 645.3 709.8 752.1 709.7 640.5 565.9 536.9 560.8 602.4 583.9 629.4 734.1 766.1 855.5 987 992.5 1026.2 1090.9 991.7 964.1 1003.2 1082.7 1139.4 1150.6 1212.6 1347.1 1561 1527.8 1581.3 1794.5 1706.6 1461.6 1264.1 1195.4 1230.2 1390.5 1352.4 1460.2 1595.3 1587.9 1433.9 1319.9 1297.4 1307.8 1273.9 1337.8 1612.6 2000.4 1602.3 1456.4 1275.5 1309.3 -9999 1175.2 -9999 -9999 -9999 -9999 -9999
2013.3 1596.7 1030.1 578 544.4 470.9 475.6 438.7 366.9 305.9 302.1 286.7 302.6 355.9 457.4 553.3 556.9 616.2 726.5 804.4 824.2 741.1 609.3 547 552.6 544.8 536.2 601 708 796.8 915.9 940.4 943.8 1059.1 1381.3 1249.1 1205.1 1174.8 1160.2 1150.5 1150.4 1272.6 1324.4 1383.9 1435.6 1513.5 1515.4 1456.7 1338.8 1302.2 1290.7 1299.9 1346.5 1387.8 1468.2 1733.1 1652.8 1434.9 1279.9 1254 1276.8 1374.4 1451.4 1469.7 1575.7 1466.1 1334 1244.9 1242.8 1190.4 1231.7 1255.2 1255 -9999 -9999 -9999
1644.9 948.1 362.2 518 771.6 383.7 512.8 313 337.4 305.9 275.9 237 224.5 222.8 331.3 598.7 871.5 944.6 1215.7 1280.8 1275.2 1175.9 854.3 558.8 508.8 483.8 492.3 527.1 524.2 751.7 1035.2 967.8 921.2 857.4 1393.6 1407.1 1210 1165.2 1145.1 1133.5 1188.5 1272 1380.5 1382.4 1343.8 1525.6 1433.1 1352 1259.3 1319.6 1449.2 1474.9 1419.1 1397.5 1384.3 1494.2 1509.3 1431.8 1413.6 1409.8 1444.1 1344.7 1542.9 1537.5 1522.5 1430.3 1325.5 1184.9 963.3 1354.7 1439.4 1275.3 -9999 -9999 -9999 -9999
634.3 224.2 121 786 1384.6 2051.6 1094.6 217.7 304.4 280 249.2 214 184.2 157.2 207.8 1261.5 2555.4 3208.7 3525 2961.7 2566.6 2436.8 1836.9 884.6 593.9 467 474.1 501.9 525.3 760.4 995 900.9 917.9 986.6 1068.2 1069.4 1049.2 1035.9 1109.2 1097.3 1187.8 1286 1421.5 1427.8 1524.4 1590.7 1494.8 1340.7 1263.2 1352.5 1529.3 1581.8 1378.5 1412.6 1445.7 1478.4 1524.8 1476.8 1441.5 1419.7 1428.5 1416.2 1592.4 1654.4 1541.8 1490.2 1375.5 1271.2 1370.7 1755.8 1656.2 -9999 -9999 -9999 -9999 -9999
850 751.8 1046.1 1573.2 1707.5 1401.6 946 650.1 407.8 340.8 447.6 291.9 192.2 163.7 360.8 3344.6 4704.2 4770.1 4094 2964.8 2565.5 2605.8 2714.7 1657.1 936.6 527.2 505 587.4 673.5 797.3 902.9 915.5 915.1 981.8 937.5 833.2 986.9 1072.6 1115.6 1126.7 1130.3 1085.6 1227.9 1366 1477 1504.1 1462.7 1367.9 1293.9 1368 1507 1628.5 1581 1537.6 1533.6 1645.2 1761.6 1650.1 1464.8 1429.8 1570.7 1737.9 1849.9 1803.4 1729.9 1560.2 1425.3 1334.9 1480.5 1649.1 -9999 -9999 -9999 -9999 -9999 -9999
1733.7 1396.7 2329.6 1619.2 1893.9 1111 444.5 1390.8 2858.2 2982.8 2495.1 1758.5 835.3 776 1899.8 3433.5 3840.6 4478.6 2919 2322.9 2342.5 2684.3 3245.4 2828.3 1774.4 970.7 712.5 761.3 812.4 837 876.5 888.7 867.2 955.2 878 778.9 860 956.3 986.5 1030.2 1103.8 1162.4 1218.2 1304.2 1522.7 1500.5 1442 1393.7 1414.9 1424 1488 1573.5 1692.5 1793.9 1741.4 1761.9 1780.5 1709.4 1624.9 1625.1 1777.3 1825 1829 1896.5 1850.7 1629.3 1519.5 1453.7 1502.3 -9999 -9999 -9999 -9999 -9999 -9999 -9999
746.2 1598 1093.8 1150.4 2249.6 2311.5 2171.1 4416.9 4332.7 2912.9 2534.4 2398.9 2259.7 2155.5 2163.3 2696.1 2959.1 2186.8 2166.9 2309.9 2275.2 2768.7 3278.6 3338.3 2756.2 1589.6 973.1 969 848.8 833 835.6 825.6 803.4 821.2 764.4 634.5 887.3 949 939.6 1018.6 1110.1 1145.8 1204.3 1320.2 1455.4 1467.8 1415.3 1333.9 1446 1515.4 1493.2 1499.2 1749.4 2219.2 1892.6 1795.1 1743.4 1857.1 1871.8 1770.8 1776.6 1656.1 1853.1 1891 1854.7 1708.9 1526.6 1455.5 1331.1 -9999 -9999 -9999 -9999 -9999 -9999 -9999
1176.1 1266.3 1670.7 1696.6 2457.7 2922.8 3680.1 4451.2 3970.8 2710.2 2682.7 2076.3 1814.8 2051.4 2136.3 1975.8 1929.3 2217.4 2263.7 2239.8 2291.5 2843 3117.3 3093.5 2899.7 1905.8 1056.4 1101.2 914.7 857.5 831.8 816 781.3 780.5 769.2 843.9 1025.6 1044.8 1085.5 1178.3 1153.8 1082.5 1158 1351.2 1428.1 1439.4 1491.7 1522.9 1611.9 1712.8 1585.7 1595 1623.4 1636.3 1743.4 1783.1 1712.2 1676 1736.5 1756.3 1756.4 1727.8 1748.2 1757.1 1761.1 1648.8 1562.9 1683.9 -9999 -9999 -9999 -9999 -9999 -9999 -9999 -9999
1065.7 1166.9 1418.8 1776.9 1984 2730.1 3025.9 3261.7 2465.6 2446.2 1970.2 1518.4 1632.1 1530.2 1853.4 1597.1 2319.7 2333.1 2395.2 2378 2166.5 2376.5 2541.8 2569.9 2215.5 1730.8 1112.1 983.7 943.1 884.7 782.4 768.2 806.4 791.5 739.2 843.9 1070.8 1252.3 1330.8 1384 1252.9 1108 1202.8 1340.7 1396.4 1435.3 1557.6 1617 1768.2 1748.8 1649.3 1648.1 1628.2 1633.5 1648.7 1649.2 1477.4 1507 1656.3 1727 1706.4 1683.9 1655.3 1651.5 1624 1488.9 1280.5 -9999 -9999 -9999 -9999 -9999 -9999 -9999 -9999 -9999
750.2 1035.3 1222.9 1208.8 1320.5 1541.4 2308.4 2552.5 2718.4 2241 2071.2 2230 2201.7 1511.5 1247.2 1522.3 1827.9 1989.8 2045.8 1832.9 1716.9 1795.9 1804.2 1809.3 1765.8 1358.2 1022.4 903.8 827.5 857.1 725 646.4 716.2 782.4 819.5 921.4 1223.2 1468.8 1409 1376.6 1279.2 1228.4 1305 1376.6 1406.6 1456.9 1727.5 1944.7 2105.5 2004.2 1733.8 1596.1 1607.7 1629.2 1608.6 1624.2 1621.3 1682.8 1672.2 1708.3 1723.9 1658.2 1615.9 1504 1426.8 1322.9 1155.7 -9999 -9999 -9999 -9999 -9999 -9999 -9999 -9999 -9999
792.1 927.3 961.7 1183 1144.2 1420.1 1560.4 1899.7 2557.4 2721.6 9732.5 10596.3 3843.1 3064.3 2605.9 2142.1 1829.2 1693.8 1759.6 1576.7 1615.8 1729.3 1670.1 1604.1 1413.9 1210.4 944.1 920 841.8 823.1 713.8 702.1 764.3 771.6 839 942.5 1153.3 1334 1345.4 1353.7 1282 1243.7 1274 1456.2 1557.3 1604.7 1732.4 2102 2278 2154.7 1878.8 1630.9 1591 1537.5 1554.4 1635.1 1667.6 1635.9 1643.3 1670 1629.3 1637.8 1584 1359.4 1176.9 1002.5 894.1 -9999 -9999 -9999 -9999 -9999 -9999 -9999 -9999 -9999
769.4 846.4 846 1122.4 979 1068.5 1134.3 1440.6 2001.6 2196.6 4350.3 4069.2 3577.5 3179.7 3253.4 1614.9 1592.1 1873 1779.3 1560.6 1547.7 1662.1 1716.1 1571.3 1369 1258.9 1075.2 1021.6 1007.8 906.6 754.7 738.8 793.2 765.8 861.4 917.5 1034.3 1261.9 1377.1 1309.4 1214.4 1204.5 1338 1618.9 1720.2 1713.8 1579.8 1903.2 1979.6 1899.3 1739.1 1589.7 1608.7 1565.5 1558.5 1597.9 1626.8 1659.4 1645.2 1590.5 1476.8 1502.1 1403.3 1179.5 992.1 916.4 -9999 -9999 -9999 -9999 1609.3 653.9 -9999 -9999 -9999 -9999
905.2 968.4 1115.8 1062.6 996.2 1018.8 1173.1 1466.8 1801.4 1953.6 2075 2144.5 2587 2780.8 2909.9 1461.3 1587 1843.4 1778.5 1557.2 1587.5 1672.3 1788.8 1590.9 1566.7 1513.2 1309.9 1196.4 1166.9 1086.7 881.5 782.8 829.6 888.9 977.2 1030.3 1126.4 1119.6 1171.1 1173.2 1170.1 1146.8 1298.1 1638 1761.6 1697.2 1653.5 1614.5 1459.2 1568.4 1479.2 1465.3 1540.9 1603.4 1699 1692.1 1678 1684.7 1607 1515.8 1373.4 1387.7 1284.9 1157.4 -9999 -9999 -9999 -9999 -9999 1740.3 2286.5 -9999 -9999 -9999 -9999 -9999
907.5 978.2 1137.3 813.2 930.9 1061.5 1224.5 -9999 -9999 2029.7 1760.3 1802.2 2274.7 2012.6 2122.2 1840.5 1760.2 1728.2 1567.8 1475.7 1545.5 1590.8 1640.4 1591.8 1532.7 1466.1 1417.2 1274.7 1197.1 1224.5 1133.5 830 811.9 999.2 1118.5 1452.2 1329.4 1141.5 1193.4 1308.5 1221.9 1142.5 1339.5 1679.4 1815.4 1796.5 1547.2 1466.6 1577.3 1469 1319 1373.6 1532.3 1621.6 1694 1807.6 1822.8 1828.2 1735 1654.9 1485.7 1339.4 1294.2 -9999 -9999 -9999 -9999 -9999 838 1497.1 1014.5 -9999 -9999 -9999 -9999 -9999
897.1 940.3 1189.1 1208.6 1040.9 1136.3 1271.4 1476.2 1831.4 3267.7 2370.8 2163.5 2894.6 3870.8 2376.5 1824.8 1628.6 1315.1 1058.1 1158.5 1560.5 1288.6 1612.6 1595.5 1511.3 1468 1425.3 1396.4 1377.6 1445.1 1512.8 1376.3 1280.8 1124.6 1153.9 1385.8 1234.2 1712.6 1689.2 1409.7 1368.1 1399.4 1522.6 1678.8 1708.4 1728.9 1518.3 1542.1 1595.6 1461.6 1440.3 1436.3 1620.1 1621.9 1534.1 1754.7 2211.1 2044 2002.3 1790.5 1525.2 1256.7 -9999 -9999 -9999 -9999 -9999 -9999 1273 2163.2 1119.2 -9999 -9999 -9999 -9999 -9999
725.8 1020.6 1365.5 1241.4 1312.5 1204.3 1362.2 1515.5 1827.9 -9999 -9999 2537 2593.9 3384.8 2635.2 1909.8 1326.3 951.7 798.6 925.7 1569.2 1689.9 1420 1510.1 1469.9 1314.7 1370.8 1577.9 1549.1 1469.5 1591.9 2075.8 1942 1456.9 1524.6 1791.4 1775.8 2102.6 2025.6 1467.6 1384.6 1489.1 1464.1 1532.8 1452.2 1497.4 1458.3 1247.9 1368.9 1523.9 1482.4 1490.8 1675.4 1704.4 2006 -9999 2758.7 2585.1 -9999 -9999 -9999 -9999 -9999 -9999 -9999 -9999 -9999 -9999 937.3 3238 -9999 -9999 -9999 -9999 -9999 -9999
1116.2 1233.8 1436.8 1304.6 1304.2 1401.6 1381.2 1795.8 2417.4 2446.7 -9999 -9999 2708.5 3199.7 2842.9 1932.8 1008.4 780.2 724.6 788.5 941.7 1311.5 1351.3 1414.7 1415.3 1354.2 1378.5 1511 1461.1 1321.1 1568.8 1622.4 1796.3 1746.4 1985.9 2559.4 1888.8 2115 1825.6 1645.1 1560.7 1310 1374.7 1783.9 1799.9 1907 1544 981.1 1292.5 1702 1823.6 1899.7 2033.7 2294.6 2477.8 -9999 -9999 -9999 -9999 -9999 -9999 -9999 -9999 -9999 -9999 -9999 -9999 -9999 -9999 2002.7 -9999 -9999 -9999 -9999 -9999 -9999
1302.4 1267.1 1232.7 1503 1553.7 1490.6 1447.1 -9999 -9999 -9999 -9999 -9999 3237.6 3412.6 3089.3 1819 982.3 672.3 534.9 606.3 728.7 1116.2 1591.5 1500.1 1379.7 1220.1 1195.9 1248.6 1354.6 1304.1 1566.2 1990.3 1710.4 1852 1953.9 1898.8 1802 2081.8 1714.1 1953.6 1664.2 1344.9 1622.6 2716.9 2624.4 2140.7 1710.8 1600.1 1437.5 1554.7 1823.8 -9999 2232.4 -9999 -9999 -9999 -9999 -9999 -9999 -9999 -9999 -9999 -9999 -9999 -9999 -9999 -9999 -9999 -9999 -9999 -9999 -9999 -9999 -9999 -9999 -9999
1309.2 1467.5 -9999 -9999 -9999 -9999 -9999 -9999 -9999 -9999 -9999 -9999 4028.6 4351 3817.8 2522.9 1208.4 579.2 513.1 509.1 526.2 1836.2 1646.8 1466.2 1344.6 1120.3 1059.1 1055.6 1276.5 1531.9 1725 1586.9 1631.2 1758.3 1751 1541.9 1517.4 1578 1710.1 1758.2 1647 1740.4 2632.1 -9999 -9999 -9999 -9999 -9999 1478.1 -9999 -9999 -9999 -9999 -9999 -9999 -9999 -9999 -9999 -9999 -9999 -9999 -9999 -9999 -9999 -9999 -9999 -9999 -9999 -9999 -9999 -9999 -9999 -9999 -9999 -9999 -9999
1436.8 1258.1 -9999 -9999 -9999 -9999 -9999 -9999 -9999 -9999 -9999 -9999 -9999 4643 4287.5 2876.6 1088.1 566.8 460 500.6 617.9 1364.6 1385.3 1269.1 1286.3 1142.8 1160.6 1242.8 1338.4 1436.5 1332.3 1324.7 1377.4 1446 1398.9 1357.7 1443.7 1576.6 2049.5 1799.6 1784 1738.1 -9999 -9999 -9999 -9999 -9999 -9999 1789.1 -9999 -9999 -9999 -9999 -9999 -9999 -9999 -9999 -9999 -9999 -9999 -9999 -9999 -9999 -9999 -9999 -9999 -9999 -9999 -9999 -9999 -9999 -9999 -9999 -9999 -9999 -9999
1751.1 -9999 -9999 -9999 -9999 -9999 -9999 -9999 -9999 -9999 -9999 -9999 -9999 -9999 -9999 3684.6 1232.5 646.7 431.8 566.3 643.3 993.8 1192.1 1193 1141.5 1232.6 1376.8 1457.3 1359.5 1319.9 1216.7 1119.9 1037.9 997.1 1017.7 1135.3 1297.8 1451.8 1814.5 2011 1757.1 -9999 -9999 -9999 -9999 -9999 -9999 -9999 -9999 -9999 -9999 -9999 -9999 -9999 -9999 -9999 -9999 -9999 -9999 -9999 -9999 -9999 -9999 -9999 -9999 -9999 -9999 -9999 -9999 -9999 -9999 -9999 -9999 -9999 -9999 -9999
-9999 -9999 -9999 -9999 -9999 -9999 -9999 -9999 -9999 -9999 -9999 -9999 -9999 -9999 -9999 4156 2586.2 561 384 585 1063.6 1018.3 963.3 1026 1005.4 1079.2 1283.7 1431.9 1360.6 1243.3 1091.8 955.8 751.7 902.4 932.6 978 1041.1 1214.7 1631.4 1454.6 -9999 -9999 -9999 -9999 -9999 -9999 -9999 1778.4 2326.1 2228.5 -9999 -9999 -9999 -9999 -9999 -9999 -9999 -9999 -9999 -9999 -9999 -9999 -9999 -9999 -9999 -9999 -9999 -9999 -9999 -9999 -9999 -9999 -9999 -9999 -9999 -9999
-9999 -9999 -9999 -9999 -9999 -9999 -9999 -9999 -9999 -9999 -9999 -9999 -9999 -9999 -9999 -9999 3187.5 793.7 415.7 506 1255.6 1458.9 1212.1 1044 978.6 934.8 984.8 994.4 1122.7 1228.3 1131.2 840.9 1296.8 1394.9 810.5 958.5 865.3 1222.4 1266.3 1266.6 -9999 -9999 -9999 -9999 -9999 638.2 1321.2 1743.2 2117.3 -9999 -9999 -9999 -9999 -9999 -9999 -9999 -9999 -9999 -9999 -9999 -9999 -9999 -9999 -9999 -9999 -9999 -9999 -9999 -9999 -9999 -9999 -9999 -9999 -9999 -9999 -9999
-9999 -9999 -9999 -9999 -9999 -9999 -9999 -9999 -9999 -9999 -9999 -9999 -9999 -9999 -9999 -9999 2962 1798.8 587.4 874.6 1836.9 2294.3 2037.8 1370.9 1026.4 878.4 840.5 930.9 1044.7 1148.5 1156.6 1205.1 1699.3 1707.9 1577.5 2435.1 1961.1 1604.7 1320.3 -9999 -9999 -9999 -9999 -9999 -9999 983.7 1252.5 1508.6 1812.4 -9999 -9999 -9999 -9999 -9999 -9999 -9999 -9999 -9999 -9999 -9999 -9999 -9999 -9999 -9999 -9999 -9999 -9999 -9999 -9999 -9999 -9999 -9999 -9999 -9999 -9999 -9999
-9999 -9999 -9999 -9999 -9999 -9999 -9999 -9999 -9999 -9999 -9999 -9999 -9999 -9999 -9999 -9999 -9999 2084.5 713.5 990.2 2081.1 2786.2 2631.5 1515 1047.3 892.2 889.5 908.4 930.9 1050.8 1159.3 1086.7 1010.9 1075.3 1857.8 2742.1 2743.4 2109.7 1614 2021.1 -9999 -9999 -9999 -9999 -9999 -9999 -9999 -9999 -9999 -9999 -9999 -9999 -9999 -9999 -9999 -9999 -9999 -9999 -9999 -9999 -9999 -9999 -9999 -9999 -9999 -9999 -9999 -9999 -9999 1069.2 1726 1139 1121.5 -9999 -9999 -9999
-9999 -9999 -9999 -9999 -9999 -9999 -9999 -9999 -9999 -9999 -9999 -9999 -9999 -9999 -9999 -9999 -9999 2771.1 1212.2 1323 1791.9 2833.1 2963 2125.2 1426.4 1162.4 966.4 919 931.6 1000.1 1000.6 950.5 847.6 921.4 1430.1 2162.4 2239.7 2035.2 2207.3 2408.5 2431.9 -9999 -9999 -9999 -9999 -9999 -9999 -9999 -9999 -9999 -9999 -9999 -9999 -9999 -9999 -9999 -9999 -9999 -9999 -9999 -9999 -9999 -9999 -9999 -9999 -9999 -9999 -9999 -9999 1577.2 1261.6 824.5 -9999 -9999 -9999 -9999
-9999 -9999 -9999 -9999 -9999 -9999 -9999 -9999 -9999 -9999 -9999 -9999 -9999 -9999 -9999 -9999 -9999 2248.1 1537.7 1391 1751.6 2986 3861.3 1896.6 2115.6 1480.8 931.3 1012.5 1085.5 1077.7 996.3 974.9 1101.2 1128.3 1283.5 1743.7 1934.5 1819.6 2304.8 2286.6 1981.8 2067.8 -9999 -9999 -9999 -9999 -9999 -9999 -9999 -9999 -9999 -9999 -9999 -9999 -9999 -9999 -9999 -9999 -9999 -9999 -9999 -9999 -9999 -9999 -9999 -9999 -9999 -9999 -9999 1413.9 1554.6 968.7 1160 -9999 -9999 -9999
-9999 -9999 -9999 -9999 -9999 -9999 -9999 -9999 -9999 -9999 -9999 -9999 -9999 -9999 -9999 -9999 -9999 1921.3 1512.8 1330.1 2046.3 2523.3 4542.4 4239.7 3474.3 1702.9 876.6 1062.6 1175.5 1138.4 1111 1074.3 1204.9 1339.8 1370.8 1518.3 1677.3 1554.1 1586.7 1708.5 1834.6 1868.1 2451 -9999 -9999 -9999 -9999 -9999 -9999 -9999 -9999 -9999 -9999 -9999 -9999 -9999 -9999 -9999 -9999 -9999 -9999 -9999 -9999 -9999 -9999 -9999 -9999 -9999 -9999 850.5 1236.6 1089.6 1913.5 -9999 -9999 -9999
-9999 -9999 -9999 -9999 -9999 -9999 -9999 -9999 -9999 -9999 -9999 -9999 -9999 -9999 -9999 -9999 2462.7 2155.8 1711.5 1652.2 -9999 -9999 -9999 4808.1 3863.6 2067.8 1199.4 1075.9 1119 1130.9 1145.6 1075.6 1196.5 1420.9 1209.2 1255.1 1421.5 1492.7 1475.6 1719.5 1923.3 2307.6 2450.3 2672 -9999 -9999 -9999 -9999 -9999 -9999 -9999 -9999 -9999 -9999 -9999 -9999 -9999 -9999 -9999 -9999 -9999 -9999 -9999 -9999 -9999 -9999 -9999 -9999 -9999 908.1 964 2094 -9999 -9999 -9999 -9999
-9999 -9999 -9999 -9999 -9999 -9999 -9999 -9999 -9999 -9999 -9999 -9999 -9999 -9999 -9999 -9999 -9999 -9999 -9999 -9999 -9999 -9999 -9999 4924 3766.6 2173.6 1305.8 1019.2 986.2 1067.1 1131.4 966 1016.5 1202.4 1209.2 1247 1368.4 1531.9 1827.9 1985.4 1796.9 2572.7 2810.5 2294.5 1926 -9999 -9999 -9999 -9999 -9999 -9999 -9999 -9999 -9999 -9999 -9999 -9999 -9999 -9999 -9999 -9999 -9999 -9999 -9999 -9999 -9999 -9999 -9999 1565 953.8 1228.5 -9999 -9999 -9999 -9999 -9999
