datasets/global_precipitation_1950_2017/rasters/precip_1955-total.asc
NCOLS 720 
NROWS 347 
XLLCORNER -180 
YLLCORNER -90 
CELLSIZE 0.5 
NODATA_value -9999 
[rows 34 to 67 of 347, columns 152 to 227 of 720]
213.8 205.5 196.7 192.5 187.6 186.2 183.1 183.9 185.1 187.7 190.7 194.1 197.8 203.3 206.5 208.8 212.2 214.7 218.1 222.3 227 232 238 245.3 251.3 258.1 266.4 273.9 278.6 284.1 287.3 288.7 293.8 296.1 297.6 297 -9999 -9999 278.9 -9999 264.6 -9999 -9999 -9999 -9999 -9999 -9999 -9999 -9999 -9999 -9999 -9999 -9999 -9999 -9999 -9999 -9999 -9999 -9999 -9999 276.9 279 281.8 286.8 291.8 298.4 303.9 309.8 313.3 314.5 314.1 312.3 -9999 -9999 -9999 360.8
204 197.3 192.7 190.2 190.3 192.3 196 201.2 206.2 212.1 217.2 222.2 232.5 235.4 238.6 241.6 246.5 249.6 253.5 257.6 261.8 268.1 274.1 279.7 282.4 283.9 286.3 291 -9999 -9999 295.9 296.5 296 294.2 292.4 -9999 286.1 282.6 278 -9999 -9999 -9999 -9999 -9999 -9999 -9999 -9999 -9999 -9999 -9999 -9999 -9999 -9999 -9999 -9999 -9999 -9999 -9999 -9999 -9999 -9999 320.3 321.7 326 329 331.4 334 335.9 338 340.7 342.3 341.9 -9999 -9999 -9999 -9999
188.2 184.4 182.2 183.5 188.4 195.7 203.7 212.5 219.9 228.4 235.6 243.2 250.5 257.1 263.4 268.7 271.3 275.9 279.2 284.3 288.4 293 297.4 300.9 304.1 304.4 304.3 304.7 307.3 305 303.9 301 297.8 294.8 -9999 -9999 285.8 282.2 -9999 276.2 -9999 -9999 -9999 -9999 -9999 -9999 -9999 -9999 -9999 -9999 -9999 -9999 -9999 324.9 334.9 340.2 340.2 -9999 337.7 337.6 336.6 338.8 339.2 343.2 346.5 349.1 351.1 353.6 355.9 356.4 358.2 360 361.2 362.2 -9999 -9999
185.2 183.8 185.3 187.7 192.9 199.8 208 217.5 227.1 235.7 244.5 252.3 259.9 267 273 277.4 281.2 285.3 289.5 294.7 299.7 304.1 308.1 311.6 314.4 316.2 316.7 315.9 314.9 312.8 310.1 306.4 302.1 -9999 -9999 290.8 285.8 282.9 279.6 276.3 271.6 264.1 257 -9999 -9999 -9999 -9999 -9999 -9999 -9999 -9999 -9999 320.1 331.6 339.9 345.9 342.8 342.5 340.1 339.4 339.8 341 343.4 347.4 352.3 356.6 360.3 364.2 366.8 368.2 369.6 371.3 372.4 374.3 376.7 379.8
191.4 192.6 194.6 196.8 201.1 206.3 213.7 221.6 231.2 241.1 250.7 259.4 266.6 273 277.2 280.7 285.1 290 295.1 300.9 307.1 313.2 318.1 321.4 323.9 324.8 325.2 324 322.5 319.8 316.7 312.1 -9999 -9999 -9999 290 285.5 281.6 278.6 276.4 277 253.8 232.7 234.3 239.3 -9999 -9999 -9999 -9999 -9999 -9999 -9999 -9999 -9999 338.8 -9999 -9999 -9999 -9999 -9999 -9999 -9999 341.8 346.1 352.3 357.8 363.9 369.1 373.9 376.8 379 380 382.4 387.1 394.9 404.1
194 197.5 201 205.8 211.9 216.8 223.6 231.4 240 248.8 259.2 266.3 273.6 279.2 284 289.3 294.2 299.9 305.6 312.4 318.7 324.7 329.1 -9999 332.5 331.7 330.1 328 -9999 -9999 -9999 -9999 -9999 -9999 296.8 290.3 284.1 277.5 270.8 262 -9999 -9999 -9999 227.1 232.1 239.4 246.7 253.8 -9999 -9999 -9999 -9999 -9999 -9999 -9999 -9999 -9999 -9999 -9999 -9999 -9999 -9999 335.9 -9999 -9999 352.6 359.6 366.1 372.3 375.7 377 378.3 381.3 387.2 396.9 410.6
197.8 203.5 206.8 211.6 219.5 225.7 233.2 241.7 250.6 259.1 267.6 276.4 283.5 290.6 296.5 302.6 308.1 314.5 321.4 327.5 333.3 337.6 340.9 342.7 341.4 338.9 335.5 -9999 -9999 -9999 -9999 -9999 -9999 -9999 -9999 -9999 -9999 276.1 268.2 -9999 -9999 -9999 -9999 -9999 -9999 -9999 -9999 -9999 -9999 -9999 -9999 -9999 266.1 -9999 -9999 -9999 -9999 -9999 -9999 -9999 -9999 -9999 -9999 -9999 -9999 340.4 346.2 355 364.6 370.2 369.7 369.8 -9999 -9999 378.4 389.3
205.5 209.9 215.1 221.3 227.5 234.7 242.6 250.8 258.5 266.6 274.9 283.7 293.1 301.4 309.1 316.1 322.7 329.7 336.2 342.5 346.9 351 352.2 -9999 -9999 -9999 -9999 -9999 -9999 -9999 -9999 -9999 -9999 -9999 -9999 -9999 -9999 -9999 -9999 -9999 -9999 252.2 248.2 246.9 -9999 -9999 -9999 -9999 -9999 -9999 -9999 -9999 -9999 -9999 -9999 -9999 -9999 -9999 -9999 -9999 -9999 -9999 -9999 -9999 -9999 -9999 -9999 -9999 -9999 358.1 355.3 351.9 349.2 346.6 -9999 -9999
212.9 217.3 220.8 226.4 234 242.5 250.9 258.6 266.1 273.1 281.7 291.6 301.3 311.4 320 328.1 335.5 342 348.8 354.6 360.3 364.9 -9999 -9999 -9999 -9999 -9999 -9999 -9999 -9999 -9999 -9999 -9999 -9999 -9999 -9999 -9999 -9999 -9999 -9999 -9999 260.4 -9999 -9999 -9999 -9999 -9999 -9999 262.5 -9999 -9999 -9999 270.3 273.5 278.4 284.7 291.1 297.3 -9999 306.6 311.3 315.2 -9999 -9999 -9999 -9999 -9999 -9999 -9999 -9999 -9999 321 318.9 315.3 309.3 302.2
222.1 221 220.7 225.3 233.4 244.1 255.3 263.6 270.5 276.9 285.7 296.8 308.9 320 331.1 339.6 347.5 354.5 359.5 364.6 368.1 -9999 -9999 -9999 -9999 -9999 -9999 -9999 -9999 -9999 -9999 -9999 -9999 -9999 -9999 -9999 -9999 -9999 -9999 -9999 -9999 -9999 -9999 -9999 -9999 -9999 -9999 -9999 280.8 -9999 -9999 -9999 288.3 289.9 291.5 293.7 295.9 301.7 304.5 307.1 311.8 314 315.2 314.5 -9999 -9999 -9999 -9999 -9999 -9999 -9999 -9999 -9999 -9999 -9999 -9999
231.7 225.1 218.8 215.4 216.4 225.9 261.1 264.7 268.2 276.3 288.8 302.6 319.5 332.8 346.6 355.7 362.7 367.3 370.2 373.3 -9999 -9999 -9999 -9999 -9999 -9999 -9999 -9999 -9999 -9999 -9999 -9999 -9999 -9999 -9999 -9999 -9999 -9999 -9999 -9999 -9999 -9999 -9999 -9999 -9999 -9999 -9999 -9999 -9999 -9999 -9999 -9999 -9999 307.8 308 307.2 307.1 306.8 309 313.3 314.6 315.5 315.5 313.6 310.8 -9999 -9999 -9999 -9999 -9999 -9999 -9999 -9999 -9999 -9999 -9999
250.2 240.2 226.3 214.1 211.6 210.5 223.7 243.5 264.8 284.3 302.6 322.4 342.3 358.5 372.5 382.5 388.1 391.6 393.6 -9999 -9999 -9999 -9999 -9999 -9999 -9999 -9999 -9999 -9999 -9999 -9999 -9999 -9999 -9999 -9999 -9999 -9999 -9999 -9999 -9999 -9999 -9999 -9999 -9999 -9999 -9999 -9999 -9999 -9999 -9999 -9999 -9999 -9999 323.1 322.6 324 323.6 322.4 322.8 323.6 323 322.8 321.3 319.7 317.1 313 313.5 309.1 303.2 -9999 -9999 -9999 -9999 -9999 -9999 -9999
288.3 268.1 258.3 244.9 238.1 238 250.5 273.2 298.3 325.5 350.6 374.6 393.3 410.7 420.7 427.2 431 431.3 433.2 -9999 -9999 -9999 -9999 -9999 -9999 -9999 -9999 -9999 -9999 -9999 -9999 -9999 -9999 -9999 -9999 -9999 -9999 -9999 -9999 -9999 -9999 -9999 -9999 -9999 -9999 -9999 -9999 -9999 -9999 -9999 -9999 -9999 -9999 334.8 334.3 333.7 333.1 333.4 333.6 333.6 333.1 331.6 330.2 329.3 331.4 331.3 327.6 324.9 321.4 -9999 -9999 323.6 -9999 -9999 -9999 -9999
347 330.1 312.5 297.7 292.9 300.8 313.7 338.8 367.1 397.1 429 457.8 478.3 488.5 490.8 483.2 476.8 473.7 -9999 -9999 -9999 -9999 -9999 -9999 -9999 -9999 -9999 -9999 -9999 -9999 -9999 -9999 -9999 -9999 -9999 -9999 -9999 -9999 -9999 -9999 -9999 -9999 -9999 -9999 -9999 -9999 -9999 -9999 -9999 -9999 -9999 -9999 -9999 342.4 341.9 341.7 342.5 342.1 341.4 340.6 341.3 342.2 342.1 346.7 350.8 352.4 353.3 352.2 351.9 -9999 -9999 -9999 -9999 -9999 -9999 -9999
393.4 398.2 389.9 382.2 372.8 381.6 397.4 424.8 460.5 496.5 533.4 554.9 563.1 552.2 543.6 524 509.8 499.7 -9999 -9999 -9999 -9999 -9999 -9999 -9999 -9999 -9999 -9999 -9999 -9999 -9999 -9999 -9999 -9999 -9999 -9999 -9999 -9999 -9999 -9999 -9999 -9999 -9999 -9999 -9999 -9999 -9999 -9999 -9999 -9999 -9999 -9999 345.3 348.5 349.7 351.7 352.2 353.2 351.1 351.7 352.7 355.9 361.1 367.4 372.8 377.8 380.5 381.6 383.3 385.8 -9999 -9999 -9999 -9999 -9999 -9999
410.5 412.1 404.4 394.6 392.7 403.3 423.6 457.3 497.3 533.1 565.8 584.3 586.2 577.4 560.4 540.3 519.5 507.4 503.6 500.8 529 522.6 -9999 -9999 -9999 -9999 -9999 -9999 -9999 -9999 -9999 -9999 -9999 -9999 -9999 -9999 -9999 -9999 -9999 -9999 -9999 -9999 -9999 -9999 -9999 -9999 -9999 -9999 -9999 -9999 -9999 344.2 347.7 352.4 354.3 356.7 358.5 360.2 362.4 364.6 367.6 372.7 381.2 391.7 401.5 408.4 411 409 -9999 407.5 410.9 -9999 -9999 -9999 -9999 517.6
437.8 423.2 393.3 362.9 343.8 352.5 383.8 425.5 467.7 510.2 545.5 571.1 582.4 571.7 558 539.4 523.5 516.4 514.9 517.7 518.9 516.3 -9999 -9999 -9999 -9999 -9999 -9999 -9999 -9999 -9999 -9999 -9999 -9999 -9999 -9999 -9999 -9999 -9999 -9999 -9999 -9999 -9999 -9999 -9999 -9999 -9999 -9999 -9999 -9999 -9999 -9999 357.3 361.4 364.8 369.2 371.7 374.1 376 377.7 382.5 388.4 399.6 412.6 422.3 425.2 423.5 424.1 418.7 415.8 413.1 -9999 429.4 450.6 479.5 517.4
448.8 424.9 394.6 360.9 338.1 348.6 378.5 413 448.9 486.7 523.2 549 569.1 568.4 551.1 531.6 519.2 516.6 513.9 510.2 506.6 502 497.9 -9999 -9999 -9999 -9999 -9999 -9999 -9999 -9999 -9999 -9999 -9999 -9999 -9999 -9999 -9999 -9999 -9999 -9999 -9999 -9999 -9999 -9999 -9999 -9999 -9999 -9999 -9999 -9999 -9999 -9999 -9999 393.4 395.5 400 399.5 400.3 399.2 400.7 406.9 414.4 420.2 427.5 430 429.3 426.7 422.2 418.7 415.4 417.2 427.5 445 466.8 491.4
447.8 438.8 426.6 415.7 410.6 415.3 426.1 439.1 461.8 492.7 520 538 548.7 548.6 538.3 528.3 524.2 522.7 520.9 514.7 500.6 485.1 474.5 -9999 -9999 -9999 498 -9999 -9999 -9999 -9999 -9999 -9999 -9999 -9999 -9999 -9999 -9999 -9999 -9999 -9999 -9999 -9999 -9999 -9999 -9999 -9999 -9999 -9999 -9999 -9999 -9999 -9999 -9999 441.3 443.1 443.1 446.6 437.5 434.2 431 432 434.9 435.2 432.9 429.5 424.1 421.6 418.1 416.4 416.9 422.1 431.3 441.3 451.8 464.6
456.4 454.5 452 453.6 456.3 459.4 460.8 458 465.7 512.8 546.1 541 540.3 535.1 526 524.5 529.1 535.8 544.1 547.2 525.5 494.1 477.3 482.3 493.9 504.6 516.1 527.3 530.9 542.6 553.9 -9999 -9999 -9999 -9999 -9999 -9999 -9999 -9999 -9999 -9999 -9999 -9999 -9999 -9999 -9999 -9999 -9999 -9999 -9999 -9999 -9999 -9999 -9999 -9999 502.8 500.3 500.3 496.9 488.2 483.9 478.2 467.4 454.1 442.5 428.4 416.5 410.8 406.2 403.4 407.7 417.5 430.7 442.4 440.4 438.9
462.7 436.9 451.6 473.6 480.8 478 473.1 466.7 463.2 485.5 515.1 530.6 539.3 526.1 502.2 504.8 524.9 531.7 545.2 558.1 550.3 533.4 521.6 519.2 524.1 534.4 547.3 559.7 568.8 579.9 582.9 590 590.5 -9999 -9999 -9999 -9999 -9999 -9999 -9999 -9999 -9999 -9999 -9999 -9999 -9999 -9999 -9999 -9999 559.7 572 -9999 -9999 -9999 -9999 576.6 570 565.1 561.2 557 548.5 535 513.9 490 465.5 439.7 428.6 417.1 413 413.9 422.9 434.1 446.7 452.7 449.3 436.3
497.7 493.9 511.3 528 519.9 505.4 490.9 484.4 490.8 504.2 518.2 544.4 570.7 546.9 512.8 506.4 523 540.3 552.8 561.1 563.7 562.7 559.6 559.2 566.8 580.9 594.5 610.9 621.2 631.7 634.8 631.4 624.3 616.3 605.4 -9999 -9999 -9999 -9999 -9999 -9999 -9999 -9999 -9999 -9999 -9999 -9999 -9999 -9999 -9999 -9999 -9999 -9999 -9999 660.2 647.5 639.2 631.9 626.3 620.9 607.7 589 558.6 521.9 495.5 473.8 456.3 454 453.1 456.3 466.5 479.6 490.4 496.4 490.3 469.9
527.2 526.4 532.7 534.8 525.9 512.2 499.1 489.5 485.3 487.1 491 496.8 507.6 515 516.7 524.4 545.4 563 577.5 588.3 596.6 603 606.7 615.8 629.6 643.1 657.6 672.7 682.7 689.1 684.8 667.3 647.6 629.2 609 584.4 560.9 535.1 -9999 501 501.6 -9999 -9999 -9999 -9999 -9999 -9999 -9999 -9999 -9999 -9999 -9999 708.9 703.7 693.2 683 675.3 670.4 663.1 654.8 639.6 616 585.8 556.1 529.9 511.6 499 497.5 500.2 506.5 516.8 532.2 548.2 556.4 550.2 524.8
545.8 533 528.7 529.4 516.3 505.1 503.6 493 481.3 475.4 470.8 450.6 413.1 443.1 473.6 507.6 539.2 561.7 581.2 600.9 621.9 637.4 652.9 670.8 687.7 702.1 715 722.9 725.1 724.2 711.4 689.4 664.3 636 609.7 582.8 558.4 535.2 513.2 497.3 493.5 497 509 534 -9999 -9999 -9999 -9999 -9999 635.9 653.9 672.8 685.9 690.5 689.6 686.3 681.4 673.4 664.3 651.5 635.1 614.3 592.4 569.7 552.5 542 540.3 541.7 546.2 551.2 555.7 560.4 563.8 572.9 566.5 517.4
538 526.1 519.7 517.8 525.2 530.8 508 498.1 488.1 476.3 462.8 449.8 442.1 435.2 442.3 477.5 513.5 546.3 569.5 598.3 629.8 657.5 686.3 710.6 727.1 737.2 740.6 738.4 739.5 740.8 733.2 713.8 685.9 655.1 621.7 589.7 559.8 535.6 511.6 487.6 483.6 488 511.3 -9999 -9999 -9999 -9999 -9999 -9999 592.4 612.8 646.9 679.2 692.2 691 685.1 677.8 669 656.9 640 618.3 596.8 577.4 561.2 553.9 554.2 561.1 568.6 577.1 582.2 583.4 578.1 564.8 537.6 503.5 517
531.5 533.7 523.9 511.2 486.2 467.5 485.4 488.5 483.8 471.9 459.2 444.2 431.2 424.8 428.9 451.1 483.4 515.6 548 585 627.9 671.3 703.7 734.1 752.3 762.6 767 763.3 761.4 762.3 751 731 702.9 673.2 635.9 597 561.8 530.7 508.2 481.2 476.4 491.2 524 562.2 -9999 -9999 -9999 -9999 -9999 -9999 593.8 663.2 729.7 729.9 705.6 687.3 673.1 663.4 647.2 621.8 594.6 572.7 557.2 548.8 549.4 557.3 568.4 580.7 593.8 606.3 612.6 613.1 612.9 613 616.2 625.3
514.2 544.5 536.2 496.3 486.2 499.7 503.8 486.1 467.6 443.3 446 433.4 422.4 420.8 422.8 434.3 453.9 472.4 491.2 519.7 588.1 662.7 715.5 759.7 786 795 799.1 799.1 795.6 774.9 747 723.5 699 679.3 641.1 600.4 558.8 527.9 501.1 482 482 520.1 578.9 610.6 -9999 -9999 -9999 -9999 -9999 -9999 627.8 668.9 706.6 710.5 696.8 682.6 668.1 652.4 631.4 600.3 572.1 559.1 553.4 554.9 559.5 563.5 572.4 591.5 616.5 639.1 652.6 661.1 668 689.1 716.4 717.5
480.3 434.8 562.9 449.6 477.7 561.5 519.4 485.8 451.3 448.8 450.3 444.5 439 432.8 426.9 428.9 439.6 453 469.7 505.4 568.4 645.6 734.4 814.5 839.7 840 831.9 817.3 791.9 756.7 714.8 690.6 674.7 649 606.8 572.3 542.1 522.6 502.7 490.2 504.3 584.1 669.3 679.3 -9999 -9999 649.9 -9999 -9999 -9999 649.8 660 668.9 675.4 672.5 664.5 654.4 640.8 619.7 592.2 583 576.3 578.1 587.6 600 609.1 621.3 643.1 674.6 704.2 721.8 720.1 699.2 669.9 726.8 743.3
496.5 462.6 444.9 467.6 440.6 435.5 488.3 497 464.5 451.7 451.1 452.6 456.3 441.9 443.2 461 458 461.1 495.1 553.7 617.4 685.9 772 842 872.8 883.5 877.1 875.6 829 761.4 679.8 639.1 678.3 613.6 546.4 509.8 502.4 504.3 500.2 499 534 622.6 697.5 707.7 704.6 -9999 -9999 -9999 -9999 -9999 -9999 657.4 657.2 656.9 647.4 641.2 650.4 662.9 655 646.6 631.3 634.2 639 651.3 665.6 683.5 706.4 735.1 772.7 813.6 845.5 850.8 806 743.4 716.8 710.1
470.3 446.6 488.2 470.8 479.4 482.5 516.1 572 470.4 505.6 474.8 473.5 509.1 559.5 606.3 568.4 548.5 560.5 601.4 653.8 700.3 736.1 765.5 807.2 842.2 869.7 895.6 941.3 908 793 654.6 518.1 519.8 533.2 496.6 466.1 490.3 526.4 567.4 582.6 591.1 694.7 710.2 698.8 697.6 700.3 700 -9999 -9999 -9999 646.9 647.9 646.8 632.2 621.7 648.1 706.5 739.2 741.1 730.8 721.9 722.9 733.8 747.3 765.7 784.5 809.5 836.5 879.2 921.4 950.3 934.9 854 762 707.1 669
504.5 507.6 510.2 540.1 482.4 461.9 419.8 539.5 589.5 563.8 529.3 467.8 522.3 580.4 605.2 637.7 667.7 672.6 687.6 720.6 737.2 749.8 749.8 752.9 785.7 816.1 832.5 834 822.1 783.5 681.4 579.3 563.3 567.1 552.2 566.9 593.9 637.1 690.8 738.2 774.6 767.9 725.3 705.6 692.9 688.5 695.7 598.4 -9999 636 642.1 659.1 669.5 665.3 697.6 770 794 790.6 769.6 748.6 736.7 747.1 777.6 824.8 858.1 886.1 916.6 936.6 963.6 979.7 980 945.5 864.1 794 748 730.1
439.1 493.2 495.2 504.2 492.1 376.9 613 578.4 614.5 580 523.6 490.7 513.1 570.2 599.1 674.3 716.2 682.8 683.9 734 758.8 788.6 751.5 700.5 703.7 738.2 763.9 771 781.2 783.8 764.7 762.2 736 721.2 741 769.8 812.5 846.8 854.7 832.5 804.8 776.4 755.2 734.4 709 681.9 650.1 618.6 613.5 636.7 698.3 749 767.4 761.7 805.3 849.5 852 829.9 787.4 736.6 717.8 740.2 776.5 839.7 880.6 881.9 928 950.2 931.7 905.4 915.1 949.7 911.2 876.9 857.4 844.8
482.9 517.8 526.2 544 590.4 561.5 519.3 552.6 591.1 609.9 568.1 529.6 515.9 516.5 571.1 656.3 690.9 673.6 670 703.7 752.2 773.8 742.4 581.5 696.9 704.6 718.6 749.6 793.5 834.1 801.8 792.3 798 772.2 803.6 804.2 866.2 918 859.4 830.1 809.1 778.2 755.3 763.8 733.3 710.2 702.2 679 679.2 773.2 823.8 811.2 783 772.9 814.2 892 923.3 906.4 835 761.9 735 759.2 792.8 929 957.7 954.3 928.5 913.9 886.5 881.1 899.2 910.8 914.4 903.6 841.8 866.6
377.2 463.9 490.6 515 535.4 484.7 506.8 546.8 662.6 626.8 573.1 562.5 566.5 564 576.3 627 665.2 604 622.1 667.3 764.3 816.3 861.6 758.6 735 723.3 712.7 740.7 775.7 810.2 813 807.9 825.6 765 782.6 778.7 788 819.2 795.6 810.4 810.5 816.4 759.4 785.9 764.9 749 735.5 729.2 779.2 852.4 869.9 836.5 764.9 763.4 813 908 990.3 1037.8 950.2 732.6 825.8 738.3 732.9 922.2 983.3 872.5 867.9 846.7 800.7 797.3 837.2 875.5 936.9 1047.7 -9999 -9999
