datasets/global_precipitation_1950_2017/rasters/precip_1973-total.asc
NCOLS 720 
NROWS 347 
XLLCORNER -180 
YLLCORNER -90 
CELLSIZE 0.5 
NODATA_value -9999 
[rows 68 to 101 of 347, columns 532 to 607 of 720]
429.6 441.4 429.9 340 207 156.4 145.9 130.9 120.2 120.2 117.5 116.3 112.1 128.8 162.2 201.2 229 241.5 244.4 227 196.1 196.9 213.7 224.8 240.1 263.2 292.5 320.8 342.8 337.4 325.3 314.5 275.1 215.4 291.3 353.6 385.7 399.7 409.8 425.5 425.7 411.4 410 440.4 479.4 483.7 423.2 409.9 402.2 385.1 354.5 328.4 306.8 280 251.6 222.8 198.9 200.6 220 243.6 259.2 278.3 310.8 334.9 356.2 378.9 389 387.9 388 395.5 411.4 474 456 423.6 399.4 376.9
384.8 377.8 326.4 261.7 188.2 156.4 145.3 137.9 129.4 123.3 115 109.7 113.2 124.3 148 184.4 221 243.5 250.5 252.4 251.3 248.1 241 226.2 219.5 243.2 273.3 303.7 319.3 318.7 315.1 310.1 299.7 299 311.7 393.3 398.3 402.3 411.9 438.3 441.7 420.3 416.9 431.9 452.8 448.8 418.2 396.2 388.3 385 365.7 340.5 323.9 290.2 235.4 185.4 169.4 174.7 181.9 195.6 193.1 178.8 215.3 275.9 324 363 381.1 387.9 408 451.1 524.4 557.8 479.4 449.2 437.9 464.5
265.9 224.6 215.4 185.7 163.6 159.2 146 134.6 129.5 127.3 124.7 123.5 121.2 123.1 139.4 173.7 227.2 261.4 272 282.7 290.5 292.6 278 256.8 249 259.7 287.2 303.2 313.4 325 328.9 331.4 329.2 323.5 328.1 348.1 363 365.8 365.6 368.7 368.2 395 436.2 418.2 399.9 390 375.4 364.6 364.2 360.3 339.9 310.7 287.6 256.5 202.8 167.2 158.1 179.1 180.9 178.8 179.7 185.2 208.6 247.1 293.9 326.9 354.3 383.7 420.7 469 493.3 491.6 467.3 439.3 436.6 470
223.2 187 180.5 172.8 168.2 166.1 163.5 153.5 143.1 133 128 125.2 122.1 122.2 133.1 176.7 234.6 264.1 272.4 281.1 296.1 299.2 277.1 263.8 257 267.6 287.3 302.8 322.6 346.6 364.7 368.2 355.2 327.1 310.6 306.1 308.6 312.1 314.7 314.3 291.2 206.9 412.5 381.2 377.6 369.1 351.3 343.4 339.4 326.7 300 264.4 243.6 230.8 196.4 175.5 174.4 189.4 180.4 171.5 171.5 178.1 196.8 238.4 288 315.3 352.9 385 403.9 431.7 458 455.1 436.4 415.6 414.6 402.4
195.9 176.3 160.4 160.7 169.6 177.2 184.6 180.1 155.9 138.3 127 118.8 113.2 113.3 126.3 175.4 225.1 246.4 250.6 253 255.3 253.8 245 229.6 221.8 238.6 265.7 287.5 308.6 338.4 379.8 383.2 339 306.7 282.1 269.3 290.9 293.7 301.3 302.6 300.3 310 319.3 320.1 336.9 340.2 339.2 342 346.6 321 293.6 262.1 233.5 206.4 182.4 174.3 179.4 186.8 183.6 176.8 173.7 170.1 160.9 206.5 276.5 329.5 381.2 415.1 403.2 433.6 456.6 459 430.1 407 374.6 321.5
171.1 163.3 156.9 159.1 169.3 177.7 185.2 173.3 150.6 134.3 112.2 100.3 98.8 100.4 124 167.9 206 222.6 223.4 221 219.7 221.1 212.7 195 188.6 216.5 244.6 268 274.1 286.9 303 304.4 289.1 285.4 270.3 252.4 261.4 269.7 274.5 272.4 283.8 295.2 304.6 309.5 316.7 319.3 318.4 323.8 321 304 273.2 238.2 206.7 177.6 159.2 167.6 188.1 206.5 216.7 219.3 217.1 211.4 208.2 234.5 289.4 348.3 400.9 441.1 454.8 471.2 493.6 483 451.1 421.5 392.7 362.7
158.5 157.6 156.9 160.1 164.5 167.9 162.3 148.5 133.4 108.5 77 69 76.5 85.7 111.6 156.8 187.6 196.7 199.7 200.3 203.1 200.6 193.9 186.9 192.4 213.2 235.9 254.1 254.1 245.7 258.9 261 247.5 211.4 249.9 242.7 236.9 235.9 235 240.2 262.2 271.7 280.6 297.4 306.2 305.9 300.6 291.4 281.3 265.8 241.2 210.7 181.9 162 161.6 180.2 210.3 242.3 264.9 269.4 272 276.6 275.9 277.4 302.2 350.8 404.6 447.8 464.4 481.5 494.3 488.6 473.2 440 420.3 400.6
157.5 156.6 152 137 150.5 154.8 146.4 137.3 129.3 110.5 83.2 73.7 79 86.4 109.7 145.2 163.9 167.4 166.9 163.9 158.9 149.5 141 143.3 162.1 193.3 224 244.4 253.3 257.5 256.7 256.1 265.3 288.3 241.4 185.8 183.2 192.4 192.1 204.8 209.4 239 256.5 271.8 282.1 275.8 259 240.8 226.5 220 211.7 194.9 174.5 165.3 172.9 195 228 262 281.1 289.7 309.4 341.8 339.3 312.4 296.3 319.7 378 422.9 436.8 448.5 459.9 468.7 468.9 474 451.9 424.1
166.6 156.7 148.5 150.5 137.8 133.6 133.8 134.1 136.4 131.2 112.3 99.6 102.2 111.4 125.8 133.5 134.4 130.1 125.6 115.9 96.9 80.6 72.7 80.4 110.4 154 203.6 236 251.1 254.3 251.1 246.1 241.7 229.1 191.9 150.4 151.6 159 160.5 168.3 180.9 201.1 225.7 242.3 246.9 236.5 215.8 195.5 189.1 189.6 193.5 193.7 190.3 192.2 201.8 217.1 238.4 259.6 277.7 291.1 311.9 336.7 328.4 313.1 301.3 309.6 327.7 344.9 358.1 374.7 392.3 414.4 435 461.4 426.5 424.9
159.1 145.8 137.8 137 127.3 119.1 122.1 130.7 129.6 128.2 117.9 112.7 121.8 133.9 135.7 123.9 113 98.4 87.4 79.1 62.4 48.6 43.8 53.4 81.4 119.1 169.4 214.8 240.6 241.6 236.4 222.9 205.2 185.6 170.4 157.2 146.6 128.7 116.6 129.7 149.3 169 190.5 207.8 213 205.9 192.5 179 177.8 183.1 187.7 193.2 202.6 215 228.7 230.3 225.8 250.9 275.1 284.9 294.4 298.6 297.8 297.8 308.1 318.3 324.9 327.9 324.4 322 331.8 351.1 370.2 377.7 283.2 449.2
140.7 131.6 129.9 130.3 116.5 106.3 112.5 144.4 132.7 115.2 99.7 99.8 119.7 148.6 152.1 129.2 103.9 83.2 69.9 63.8 58.3 53.6 46.8 45.3 63.5 91.5 132.8 178.6 204.2 209.5 199 183.6 172.1 160.1 155.7 150.8 136 115.5 95.8 104.2 124.4 141.4 158.8 175.5 189.6 195 192 189.8 188.2 187.9 186.7 194 209.8 225.1 239.7 248.9 247.7 262.8 297.1 272 281.4 295.9 304 307.2 315.9 324.3 335.7 338.8 329 323.4 323 328.7 340 355.4 367.3 346.5
129.1 113.2 116.8 153.5 113.1 92.3 108.3 135 109.4 85.1 60.3 58.3 110.6 197.6 204.5 138.2 100.7 71.1 51.4 55.5 55.9 53.5 50.7 47.5 50.8 60.2 83.2 107 124.2 135.5 139 143.9 144.2 146.9 146.4 140.4 129.9 122 116.6 115.6 120.7 131 144.8 170.6 200.5 211 211.6 212.3 208.9 201.7 190.6 180 238.1 241.2 247.9 258.8 251.7 262.5 293.3 263 284 314.5 335.2 329.9 304.9 316.9 337.2 347.4 360.2 359.6 342 325.4 315.4 356.5 431.5 453.9
119.5 108.9 105.2 100 75.8 50.2 39.2 50.4 61 60 49 49.7 83.6 136.2 132.4 103.2 100.9 108.5 72.9 65.3 64.7 63.3 62.2 61.3 60.6 61.1 64.8 73.4 82.8 89.8 97.7 108.3 118.8 128.2 133.2 131.8 128.6 127.3 129.6 133.5 141.5 155.7 184.7 217.1 236.7 232.8 227.9 241.8 249 233.9 219.8 229.8 246.8 247.2 247.8 252.6 248.9 259.1 294.8 319.3 347.8 382 420.3 351.2 312.5 324.7 351.6 401.6 452.7 432.3 373.1 370.6 381.7 434.5 524.4 620.3
122.5 101.2 85.3 74 53.3 29.7 18.8 27.8 40.9 47.6 53.6 62 74 80.6 73.4 80.8 87.4 90.6 84.8 80.7 78.2 76.8 76.8 77.2 74.8 73.1 70.2 68.9 69.7 73 80.8 91.3 103.9 114.3 123.6 130.3 135 142.7 151.8 163.1 177.4 198.9 224.5 246.1 259.5 266.1 271.6 302.4 316.9 288.4 259.4 248.9 245.1 240 235.1 253.7 274.8 320.2 410.1 467.3 487.3 487.2 477.7 446.7 399.9 373.1 382.3 428.3 487.1 442.2 349.5 456.7 524.8 562.6 640.9 790.2
71.2 62.2 68.2 63.3 48.8 36.9 27.9 28.3 34 42.7 52.5 62.1 68.6 75.5 79 82.1 83.6 83.4 83.7 83.5 83.6 83.5 83.2 81.8 79 74.8 71.1 70.2 69.1 67.7 71.8 82.2 95.3 107.2 120.1 134 147.6 160.1 173.4 185.2 199.2 215.5 235.1 257.3 281.6 296.4 305.5 321.3 327.5 318.3 302.3 274.9 246.4 229.6 234.4 261.7 291.9 367.1 473.7 545.8 554.9 543.1 578 573.6 476.1 371 395.8 435.6 443.2 395.2 499.3 569.3 553.6 587.2 747.7 913.2
59.8 69.2 68.2 60.8 48.7 41.4 34.7 31 33.1 37.9 46.7 58.2 65.6 70.2 74.6 77.6 80.5 83.6 84.9 85.9 86.1 85.5 83.8 81.2 77.5 73.4 70.2 68.9 69.4 69.4 74.4 86.2 99.2 109.4 121.9 139.2 156.6 172.7 182.8 194.6 207.1 214.9 227.9 259.8 303.4 316.1 319.4 331.5 326.4 331.3 360.8 360 315.5 281.9 272 289.2 322.4 382 483.6 551.6 594.2 638.3 649.3 548.6 547.1 507.1 523 538.4 531.9 529.2 604.2 690.2 711.6 771.1 874.8 925.6
65.5 65.5 66.1 62.7 56.9 44.6 38.5 34.6 35.8 37.4 44.4 55.7 60.2 67.2 70.5 75.5 79.6 84.4 88.9 91.9 92.5 89.1 84.4 79.5 74 70.1 69.2 69.3 70.4 74.8 80.3 93.3 106.1 113.4 128.6 147.5 165.3 176.5 182.8 194.1 197.7 199.2 203.9 234.5 284.7 315.5 343.5 369.8 375.8 380.5 404.4 428.7 421.9 384 341.1 207.3 306.6 424.1 498.2 554.1 666.6 744 866.3 698.4 643 593.8 684.7 643.8 550.7 577.8 629.2 799.8 789.7 822.7 927.5 925.2
61.7 62.3 63.3 64 58 49.8 43.9 40.5 38.6 41.2 46.7 50 57 62 66.9 71.9 75.3 79.8 87.8 97.6 108 93.6 84.2 77.9 68.7 65.5 67.7 69.4 71.7 76.4 79.3 89.7 102.8 112.7 128.8 147.5 162.2 164.7 170.5 181.4 187.9 190 187.8 206.3 263.9 330.8 383.6 375.8 412.7 393.8 405.3 424.8 441.2 418.9 396.7 346.5 405.6 429.9 510.9 515.3 595.9 737.9 770.2 723.8 692.4 664 711.8 829.5 763.8 809.5 -9999 -9999 744.8 832.6 937.5 1099.1
52 51.8 53 53.6 49.5 45.5 42.5 41.5 41.1 42.7 46.5 44.7 46.8 51.1 57.2 62.8 66.7 70 80.1 98.6 109.1 81 87.8 76.5 63.9 59.4 66.1 69.9 74.6 81.1 89.2 97.9 106.1 112.7 118.9 129.2 137.2 145.7 158.1 164.9 179.8 194.8 209.6 235.2 289 377.4 435.9 448.7 439.9 419.9 411.9 398.4 439.9 461.6 463.4 465.1 522.6 565.4 629.7 572.2 748.4 807.1 755.4 752.1 735.3 767.1 783.6 795.1 825 -9999 -9999 -9999 833.4 850.8 1052.6 954.3
35.6 36.9 38.4 39.8 40 38.6 35.4 37.2 40 42.5 44.5 42.4 40.1 41.2 45.1 50.8 58.7 64.2 73.5 81.9 87.5 83.6 85.3 83.9 75.3 55.3 66.3 77.7 85.2 89.5 94 102.1 109.1 102.7 110.5 124.5 136.2 152.5 159.2 146.8 178.8 220.8 266.9 315.6 356.3 416.5 462.8 482.2 473.2 450.7 447.3 458.5 502.3 550 571.5 559.8 595.1 657.9 747.6 828 776.6 776.7 747 761.4 684 712.6 761.7 -9999 -9999 -9999 -9999 865.8 863.9 841 821.8 900.3
25.8 27.1 27.8 27.7 34.9 26.6 29 34 39 43.4 44 41.8 36.3 30.7 28.7 35.1 46 54.8 63.7 71.2 79.8 96.9 118.2 131 141.1 120.2 98.2 98.5 109.4 90.8 96.3 94.9 119.9 106.4 114.6 124.8 154.3 179.9 198.3 205 226.7 269.9 332.8 383.6 402.8 430.7 472.9 484.3 476.7 463.1 463 497.2 565.7 594.1 766 853.3 774.7 695.7 779.2 772.6 747.5 747 767.2 708.7 681.3 715.3 -9999 -9999 -9999 -9999 -9999 914.8 -9999 -9999 -9999 -9999
23.5 23.5 23.6 22 17 19 25.3 34.1 43.7 50.5 50.1 44.3 36.7 27.1 19 24.5 38.6 53.1 64.3 73.7 91.4 143.3 173.8 208.4 257.4 225.7 150.6 116.6 101.9 88.1 117 158.3 190 194.3 189.3 172.2 181 209.3 228.3 240.7 276.6 300.4 339.5 382.5 417.3 459.6 490.5 500.5 505.1 512.2 524.4 535.9 573.8 570.3 819.9 964.8 831.6 697.4 762 805.2 732.6 697.4 723.4 -9999 -9999 -9999 -9999 -9999 -9999 -9999 -9999 -9999 -9999 -9999 -9999 -9999
22.3 23.3 24.1 26.2 24.6 22.1 28.1 37.1 47.6 56.6 54.3 47.6 40.5 33.9 30 33.2 45.2 59 68.8 77.5 97.8 139.4 185.7 224.7 257.3 259 224.7 171.4 149.4 162.9 213.6 246.2 238.6 300.8 297.1 254.5 234.2 239.4 254.5 272.9 296.9 308.8 335.6 369.4 424.8 475 510.4 501.1 516.7 534.2 550.8 549 558.9 567.5 623.2 737.9 776.1 687 681.3 695.9 619.5 634.2 696.2 653.4 -9999 -9999 -9999 -9999 -9999 -9999 -9999 -9999 -9999 -9999 -9999 -9999
22 22.4 23.2 23.7 23.9 26 29.4 36.7 44.8 51 50.7 48.4 43.4 41.1 39.1 41.4 48.1 61 69.7 75.7 94.2 128.6 161.3 211.8 299 355.5 342.4 295.4 290.6 360.8 443.7 426.5 310.6 251.7 327.7 324.7 276.9 246 252.4 269.3 279 308.5 337.9 365.4 428.9 478.6 504.9 505.6 518.2 551.2 573.3 578.7 579.3 590.3 583.7 707 725.8 703.8 714.2 772.4 732.8 700.5 729.5 563.9 627.1 670 -9999 -9999 -9999 792.9 -9999 -9999 -9999 -9999 -9999 -9999
22.3 22.1 22.2 23 23.5 25.6 29.2 36.4 42.5 50.5 53.6 49.8 46.8 43.9 44.3 44.6 46.6 51.9 58.7 67.8 86.6 118.5 143.6 195.4 333.3 469.7 360.6 308.4 302.4 374.5 481 521.8 419.3 415.9 392.1 331 257.8 233.5 223.1 230 257.7 311.3 362.5 403.4 453.1 493.8 543.6 553.8 554.9 571.7 587.6 607.9 638.1 656.6 630.4 669.5 787.3 782.8 705.3 708.6 619.6 636.7 650.5 654.7 656.3 708.7 -9999 -9999 671.7 522.5 751.6 774.9 766.8 -9999 -9999 -9999
22.7 22.1 21.2 21.2 22 24.5 31.6 42.6 54 66.1 73.1 70.8 62.4 54.7 52.3 52.4 45.1 42.4 45.9 54.6 60.7 81.3 123.8 175.7 272.2 334.5 202 288.3 313.4 338.2 375.4 390.4 402.1 414.5 387 320.4 239.7 267.4 218.5 201 278.8 377.3 401.5 465.8 506.3 545.5 595.9 586.7 584.6 577.6 587.2 608.2 655 677.4 655.8 694.6 787.6 821.5 666.4 621.1 815.6 806.7 802.2 830.5 709.1 730.2 810.6 681.9 660.3 708.8 869 -9999 -9999 -9999 -9999 -9999
22.9 21.3 21.1 21.1 23.1 32.6 48.6 71.1 91.1 104.9 109.9 110.3 104.1 96 83.7 60.4 36 35.8 40.2 52.3 54.1 72.3 91 126.3 167.3 222 261.3 301.8 321.4 315.1 342.6 376.2 407.8 443 417.1 352.8 329.6 321.8 320 334.3 374.8 468.2 532.2 576.9 575.7 582.4 589.5 585.3 598.7 593.6 552.4 564.4 628.7 656.8 690.4 769.3 824 787.8 697.9 689 1538.3 940 990 823.7 759.5 767.4 693.1 652.5 630.6 -9999 -9999 -9999 -9999 -9999 -9999 -9999
29.3 25.1 22.1 23.1 36.2 67.2 99.4 130.1 150.8 157 163.3 158.9 157.2 157.1 141.9 95.3 45.2 39.7 58 71.2 88.1 105.4 118.4 148.3 187.4 221.1 292.9 364.3 394.4 429.6 400.4 423.2 490.9 552.7 574.4 451.7 443.8 446.7 461.3 457.9 469.5 549.2 609 661.2 616.5 627.5 635.1 639.4 651.2 659 639.1 634.2 677.3 677.8 685.8 733.9 770.3 726.5 641.9 614.5 679.6 680.4 729.9 720.5 759.9 821.7 623.8 658.6 -9999 -9999 -9999 -9999 -9999 -9999 -9999 -9999
61.9 49.7 39.2 35.2 105.2 160.4 200.7 215.1 211 212.4 208.1 203.1 202.5 209.2 197.4 153.1 116.1 109.7 138.3 179.8 203.3 210.6 211.2 225.9 241.4 273.9 338 397.9 421.1 414.9 460 520.3 568.5 568.8 573.5 544.1 533.7 533.2 535.1 508.1 543.6 595.7 603.8 614.4 604.6 632.7 643.5 667.1 693.4 708.3 750.8 702.7 717.9 718.8 720 642.2 653.8 677.5 622.2 649.9 720 718.4 729.7 785.1 780.6 798.4 783.2 -9999 -9999 -9999 -9999 -9999 -9999 -9999 -9999 -9999
129.7 137.9 149.2 209.9 298.9 310.7 293.4 278.9 266 254.4 245.3 239.6 237.4 230 218.3 204.2 203.9 230.1 285.6 337.2 369.8 381.9 360.2 313.5 290.7 324.1 368.3 413.1 441.4 468.3 545.5 600.1 587.4 577.3 607.1 669.9 675 735.6 593.2 454.7 495.1 570.3 607.7 619.8 595 571.9 541.1 698.8 777.2 644.1 602.3 689.5 771 776.2 785.5 823.2 766.8 667 615.4 616.2 658.6 754.3 793.4 761.6 748 861.6 902.2 -9999 -9999 -9999 -9999 -9999 -9999 -9999 -9999 -9999
201.3 226.6 266.9 322.3 349.5 355.2 339.8 323.6 307.5 292.3 279.4 269.3 264.2 257.4 253.3 264.4 297.6 345.1 383.4 386.5 429.1 478.9 483.9 424.4 383.1 380.9 413 457 491.4 544.4 602.5 632.2 635.8 641.3 668.1 706.4 698.7 649.7 593.5 534.3 544.7 602.3 592.6 720.4 645.6 571.3 547.9 728 785.9 652.5 652.8 687 768.4 779.4 770.6 693.6 686 681.2 561.5 608.4 627.3 719.4 851.2 706.8 676.9 789.5 833.6 822.8 999.1 -9999 -9999 -9999 -9999 -9999 -9999 -9999
268.7 291.3 317.4 347.1 368.9 371.5 364.7 352.5 339.8 325 309.4 295.7 285.9 283 296.4 328.9 383.8 420.6 431.2 428.1 464.9 531 572.1 492.9 441.2 430.1 461.6 499.7 538.3 622.2 688.5 703.3 695.9 673.9 684.2 691 625.4 562.9 625.7 879.1 543.4 654 783.5 869 923.4 728.7 671.5 613.3 635.3 616.9 625.6 722.5 809.6 806.1 742.5 674.9 649.9 664.5 671.8 766.2 609.5 561.9 492.3 592.3 607.7 652.6 646.9 840.6 1202.8 -9999 -9999 -9999 -9999 -9999 -9999 -9999
308 328.4 353 370.2 374.8 376.5 376.2 373.3 368.6 357.1 340.6 327.3 324.1 337.8 366.3 409 449.8 467.9 472.2 472.5 486.2 505.5 489.1 477.1 457.4 455.8 476 504.7 554.4 632.2 697.1 709.3 720.8 723.1 763.4 781.7 665.3 525.5 600.3 663.9 492.5 853.4 1018.2 1026.7 1065.9 836.7 749.9 683.7 683.7 719.9 789.1 867.6 870.8 847.6 796.8 823.7 728.9 664.9 720.8 752 712.4 672 700.5 669.6 631.3 588.1 685.3 805.2 815.3 -9999 -9999 -9999 -9999 -9999 -9999 -9999
344.2 366.9 382.5 400.7 389.2 393.5 383.9 386.3 388.6 386.7 371.3 357.1 363.3 391.8 435.2 473.9 489.1 482.8 482 474.5 475.7 486 474.9 457 454.6 474.3 487.4 503.7 527.5 585.4 662.8 704.6 742 791.4 851.6 896.3 834.5 776.6 834.5 977.3 996.8 1032.4 1084 1077.1 964.1 754.9 620.1 651.4 731.5 743.7 900 1001.4 940.2 863.7 801.7 904.6 786.8 770.7 852.9 794.8 835.6 751.5 778.1 740.3 730.9 725 821.6 827.6 810.7 850 -9999 -9999 -9999 -9999 -9999 -9999
