datasets/global_precipitation_1950_2017/rasters/precip_1969-total.asc
NCOLS 720 
NROWS 347 
XLLCORNER -180 
YLLCORNER -90 
CELLSIZE 0.5 
NODATA_value -9999 
[rows 170 to 203 of 347, columns 380 to 455 of 720]
1768.3 1910.8 1868.5 1927.1 1974.9 1982.9 2014.7 2014.3 2115.9 2176.5 2018.1 1957.4 1892.7 1826.6 1845 2052 2158.5 2179.4 2205.7 2271.9 2286.1 2269.8 2268.3 2250.9 2237.2 2194.7 2131.2 2067.4 2048.5 1993 1875.1 1900.4 2052 2221.6 2333.6 1964.4 1657.4 1483.1 941 1179.9 841.8 785 1019.4 1405.9 1489.4 1349.9 1180.5 1013.5 1119.7 1124.9 683 453.4 338.7 1179.1 513.2 720.2 659.8 642.3 506.9 452.9 607.1 679.1 671.1 -9999 -9999 -9999 -9999 -9999 -9999 -9999 -9999 -9999 -9999 -9999 -9999 -9999
1748.2 1714.6 1714.4 1713.5 1688.4 1768 1912.3 1972.9 2130.9 2294 2110 2066.5 2100.7 1961 1847.3 1928 2064 2046.8 2092.3 2232.4 2266.8 2215.7 2221.1 2264.7 2265.2 2186.7 2087.9 2003.1 2000.1 1828 1794.4 1797.6 2083.2 2338.6 2358.8 2198.7 1714.9 1716.8 1181 1055.6 961.2 906 1011.1 1102.9 1142.3 1174.6 1224.4 1065.1 989.3 665.7 383.6 383 399.1 535.9 468.5 538.5 558.2 631.8 563.5 654 823.9 752.5 -9999 -9999 -9999 -9999 -9999 -9999 -9999 -9999 -9999 -9999 -9999 -9999 -9999 -9999
1601 1425.9 1397.2 1455.5 1423.7 1537.7 1701.5 1942 1917.2 2099.8 2124.9 2212.6 2269.9 1982.9 1739.9 1666.7 1792.1 1870.3 1872 1966.9 1988.2 1991.7 2072 2219 2242.5 2107.5 2007.8 1954.3 1899.4 1803.9 1765.2 1747.4 2044.9 2265.2 2356.7 2431.3 2443 1250.3 1092.9 1102.5 1091.4 1054 1020.1 938.7 1116.1 1072.9 994.2 939.3 793.3 429.7 263.5 303.3 428.1 310.5 727.7 624.5 651 778.6 752.7 730.6 -9999 -9999 -9999 -9999 -9999 -9999 -9999 -9999 -9999 -9999 -9999 -9999 -9999 -9999 -9999 -9999
-9999 1752.9 1455.5 1316.8 1185.1 1348.6 1486.2 1628.5 1755.8 1921.3 2023.8 2120 2009.9 1887.7 1690.7 1608.4 1681.1 1725.6 1746.5 1775.5 1793.3 1811.3 1802.8 1998.3 2043.9 1986.8 1978.8 1940.3 1866.1 1781.2 1722 1644.3 1797 2071.8 2496.6 2671.8 2627.4 1231 891.4 1138.8 1141 1059.3 973.1 999.1 1014.2 953.2 864.1 729.8 601.2 548.9 538.1 611 655.2 680.6 1085.6 1036 1126.6 841.8 868.9 689.6 -9999 -9999 -9999 -9999 -9999 -9999 -9999 -9999 -9999 -9999 -9999 -9999 -9999 -9999 -9999 -9999
-9999 -9999 1483.9 1267.8 1171.4 1167.5 1463.4 1252.3 1357.4 1724.5 1654.1 1711.9 1790.9 1789.4 1668.6 1643.2 1657 1696.1 1730.6 1760.4 1767.1 1765.7 1747.6 1830.2 1915.4 1886.5 1931.8 1902 1817.6 1747 1675.4 1596 1587.8 1709.6 2047.6 2233.7 2072.6 1004.1 1011.2 1246.6 1137.6 1151.4 1045.4 953.9 889 812.4 654.5 623.6 567.4 662.1 794.1 811.8 695.8 573.1 545.6 555.8 797.4 869.1 955.8 815.5 -9999 -9999 -9999 -9999 -9999 -9999 -9999 -9999 -9999 -9999 -9999 -9999 -9999 -9999 -9999 -9999
-9999 -9999 -9999 1302.7 1327.7 1078.1 1150 1087 1269.5 1460.1 1542.1 1564.4 1629.6 1729.3 1738.7 1775 1629.7 1674.5 1733.2 1766.2 1756.4 1790 1798.1 1801.6 1835.9 1811.1 1848.5 1839.2 1774.5 1696.7 1563.3 1412.4 1332.9 1276.8 1278.1 1301 1180.9 1063.3 1007.7 1049.5 1128.4 1090.6 974.9 866.5 848.4 780 680.5 646.6 594.9 625.9 690.5 682.2 590.6 314.2 420.1 507.2 765.2 997.2 976.7 -9999 -9999 -9999 -9999 -9999 -9999 -9999 -9999 -9999 -9999 -9999 -9999 -9999 -9999 -9999 -9999 -9999
-9999 -9999 -9999 -9999 1343.5 1425.7 1298.2 1217.8 1381.4 1434.1 1513.4 1543.1 1592.6 1711.3 1821 1821.7 1769.5 1718.4 1782.8 1782.9 1753.4 1761.4 1777.6 1813.4 1868.9 1884.5 1880.8 1844.9 1774.9 1653.1 1471.9 1295.3 1161.8 1078.4 1093 1217.5 1136.3 1005 871.4 834.6 1055.8 881.5 815.3 782 829.3 913.2 786.8 708.9 586.3 446.9 502.1 504.7 533.3 494.1 566.9 775.9 946.8 1142.6 -9999 -9999 -9999 -9999 -9999 -9999 -9999 -9999 -9999 -9999 -9999 -9999 -9999 -9999 -9999 -9999 -9999 -9999
-9999 -9999 -9999 -9999 1160.5 1358.6 1304.2 1152.6 1275.9 1311 1747.6 1599.3 1640.4 1666.7 1806.1 1873.1 1858.9 1842.3 1865.9 1802.4 1705 1658.4 1684.2 1823.6 1974.4 1975.7 1942.2 1896.4 1833.6 1699.3 1390.8 1232.8 1056.7 961.4 971.5 1043.9 1044.9 949.7 862.1 836.8 860.1 774.5 805.1 788.5 850.4 864.8 820.3 747.8 596.3 531.4 340.2 415.3 520.1 558.9 552.9 766.8 1219.4 1477.1 -9999 1701.3 -9999 -9999 -9999 -9999 -9999 -9999 -9999 -9999 -9999 -9999 -9999 -9999 -9999 -9999 -9999 -9999
-9999 -9999 -9999 -9999 1079.7 1124.1 1161.8 1017.8 1241.3 1350 1354 1553 1588.3 1597.5 1822.2 1911.9 1927.8 1931.3 1874.1 1781.8 1543.1 1457.3 1571.4 1814.5 2055.8 2027.6 1913.7 1851.9 1885 1758.5 1524.4 1270.9 987.7 915.3 937.1 973.9 998.1 978.5 967.9 951.3 921 919.6 928.8 894.3 878 858.8 832.6 761 650.2 610.1 530.6 411.8 526.4 511.9 603 725.4 886.7 1216.6 -9999 -9999 -9999 -9999 -9999 -9999 -9999 -9999 -9999 -9999 -9999 -9999 -9999 -9999 -9999 -9999 -9999 -9999
-9999 -9999 -9999 -9999 -9999 1032.6 1090.4 1150.9 1262.8 1260.6 1089.9 1315.6 1478.9 1565 1841.8 1938.8 1973.2 1928.2 1868.5 1704.6 1465.4 1376 1442.9 1701.4 1820.1 1901.8 1850.5 1794.2 1927.3 1860.4 1616.7 1296.2 926.5 866.8 887 963.8 1010.8 1038.3 1067.1 1094.2 1055.3 1004.6 1003 930.7 886.9 825 833.4 818.4 705.6 660.1 469.3 280.6 348.1 513 613.1 814.8 833.2 1245.3 1545 -9999 -9999 -9999 -9999 -9999 -9999 -9999 -9999 -9999 -9999 -9999 -9999 -9999 -9999 -9999 -9999 -9999
-9999 -9999 -9999 -9999 -9999 867.6 1165.4 1207 1345.7 1331.6 1254.5 1328.6 1521.2 1661.7 1787.7 1922.7 2014.4 2002 1877.7 1684.9 1506.7 1440 1449.8 1554 1708.4 1835.8 1863.4 1836.7 1772.6 1723.2 1562.1 1350.7 1054.9 872.5 908 1005.7 1067.1 1107.4 1203.9 1246.8 1162.2 1042.8 930.2 908.8 859.4 791.4 770.4 783.9 661.7 444.7 277.4 265.1 364.4 495.2 777.3 638.9 905.6 1119.9 831.1 -9999 -9999 -9999 -9999 -9999 -9999 -9999 -9999 -9999 -9999 -9999 -9999 -9999 -9999 -9999 -9999 -9999
-9999 -9999 -9999 -9999 -9999 -9999 900.8 1007.1 1487.3 1674.9 1669.3 1592.6 1587 1662.9 1711 1835.8 2044.4 2106.7 1955.8 1730.4 1613.9 1660.6 1458.1 1421.2 1538.8 1708 1776.6 1702.1 1652.8 1632.7 1533.4 1424.1 1176.8 988.8 1061 1061.9 1068 1073.3 1035.4 1315.5 1082.3 917.3 906.8 869 884.8 842.8 727.3 594.2 480.9 391.7 248.3 282.8 560.3 948.3 918.5 1086.2 1092.2 947.6 1024.6 -9999 -9999 -9999 -9999 -9999 -9999 -9999 -9999 -9999 -9999 -9999 -9999 -9999 -9999 -9999 -9999 -9999
-9999 -9999 -9999 -9999 -9999 -9999 734.3 863.7 1455 1740.2 1791.3 1577.3 1385 1440.7 1485.7 1640.8 1986.8 2075.5 1989.3 1801.3 1686.6 1558 1358.7 1398.4 1458.7 1589.6 1661.1 1619.6 1623 1589.3 1492.3 1405 1197.1 1020.2 1068.6 1064.1 1040.5 1063.5 1117.6 1134.2 1018.8 943.6 910.9 781.9 939.8 912.9 747.4 614 498.6 434.4 510.7 485.1 910.2 1323.9 1097.5 1058.3 827.8 767.2 1078.6 -9999 -9999 -9999 -9999 -9999 -9999 -9999 -9999 -9999 -9999 -9999 -9999 -9999 -9999 -9999 -9999 -9999
-9999 -9999 -9999 -9999 -9999 -9999 -9999 913.8 1289.8 1420.1 1393.8 1312.6 1290.1 1424.9 1430.6 1651.3 2020.1 2094.9 2016.9 1883.5 1816.1 1595.4 1569.7 1470.5 1450.9 1466.9 1557.3 1558.4 1512.2 1453.7 1423.8 1371.2 1243 1096.3 1104.5 1077.7 1050.7 1094.4 1171.7 1200.3 1115.1 1076.1 938 758.9 804 842.7 693.3 708.4 616.6 561.4 819.4 801.3 1225.5 1464.1 1369.2 1097.8 697.8 716.7 1048.7 -9999 -9999 -9999 -9999 -9999 -9999 -9999 -9999 -9999 -9999 -9999 -9999 -9999 -9999 -9999 -9999 -9999
-9999 -9999 -9999 -9999 -9999 -9999 -9999 922.6 1213 1232.1 1043 1147.3 1406.3 1464.4 1553.5 1706.2 2007.6 2076.6 2009.4 1862.2 1727.9 1629.4 1577.3 1523.8 1416 1341.8 1373 1420.9 1424.8 1473.1 1394.4 1342.4 1316.2 1206.1 1152.1 1108.9 1055.9 1320.6 1277 1356 1283.4 1113.3 1068.9 899.2 797.1 993.5 871.5 1060.8 1051.4 837.5 1182.1 1220 1339.2 1451.4 1315.9 1074.3 761.5 857.4 946.3 -9999 -9999 -9999 -9999 -9999 -9999 -9999 -9999 -9999 -9999 -9999 -9999 -9999 -9999 -9999 -9999 -9999
-9999 -9999 -9999 -9999 -9999 -9999 882.4 895.8 907 1255.1 1195.1 1080.4 1167.3 1494 1882.1 1737.9 1856.1 1938.9 1910.1 1799.2 1698.8 1627.9 1606.6 1531.1 1412.2 1386.9 1383.3 1376.4 1344.5 1288.8 1356.7 1340.9 1343.4 1250.8 1155.6 1141.9 1183.5 1320.4 1370.2 1364.1 1361.6 1296.1 1118.8 923 718.1 1093.6 1480.6 2330.6 1372.1 829 1204.9 1336.5 1223.1 982.1 1052.2 855.9 787.2 861.5 918.7 -9999 -9999 -9999 -9999 -9999 -9999 -9999 -9999 -9999 -9999 -9999 -9999 -9999 -9999 -9999 -9999 -9999
-9999 -9999 -9999 -9999 -9999 -9999 981.8 1112.4 702.4 808.3 1086.5 1138.1 1229.5 1397.3 1613.7 1592.8 1589.9 1683.2 1789 1797 1750.1 1675.5 1616.9 1540.9 1435.5 1407.3 1462.7 1473.5 1365.1 1285.2 1273.9 1319.7 1344.2 1223.3 1117.4 1181.1 1284.9 1450.9 1265 1371.9 1403.3 1488.5 1171.9 1014.8 989.1 924.4 1110.1 1650.6 1290.4 1220.7 1179.2 1161.6 974.9 977.7 849.4 788.3 798.3 857.6 887.2 -9999 -9999 -9999 -9999 -9999 -9999 -9999 -9999 -9999 -9999 -9999 -9999 -9999 -9999 -9999 -9999 -9999
-9999 -9999 -9999 -9999 -9999 -9999 -9999 802.8 849.2 1097.2 1223.4 1244.1 1262.2 1364.8 1540 1492.5 1435.8 1509 1720.7 1807.1 1754.2 1658 1565.1 1515.1 1448.4 1476.7 1556.4 1587.3 1521.6 1310 1167.6 1264.7 1370.5 1150.9 1121.6 1215 1289.2 1277.5 1349.6 1497.3 1421 1203.6 1035.1 1056.2 1051.4 922.2 915.3 1189.9 1193.9 953.9 928.5 806.1 781.6 797.4 735.6 743.1 803.3 888.6 908.8 903.3 1021.7 -9999 -9999 -9999 -9999 -9999 -9999 -9999 -9999 -9999 -9999 -9999 -9999 -9999 -9999 -9999
-9999 -9999 -9999 -9999 -9999 -9999 -9999 544.8 821.5 1301.6 1354.4 1376.3 1368.2 1366.2 1399.1 1416.8 1427.6 1494.4 1695.4 1767.6 1730.1 1640.7 1569.6 1518 1444 1538.5 1613.9 1663.3 1665.6 1428.1 1092.8 1148 1270.9 1209.8 1238 1258.9 1282.5 1291.5 1408.6 1542.6 1438 1191.8 1155.9 1056.8 1061.7 967.1 809.3 956.5 1272.6 969.6 822.1 667.5 741.9 749.7 732.1 740.6 814.3 923.2 939.5 923 891 -9999 -9999 -9999 -9999 -9999 -9999 -9999 -9999 -9999 -9999 -9999 -9999 -9999 -9999 -9999
-9999 -9999 -9999 -9999 -9999 -9999 -9999 -9999 858.4 1091.8 1354.4 1380.9 1355 1320.4 1283.2 1328.2 1403.8 1531.1 1667.5 1734.4 1703.9 1656.1 1597.6 1540.9 1542.5 1634.3 1667.6 1701 1733 1593.7 1338.2 1298.4 1408.5 1379.8 1336.8 1325.8 1278.1 1205 1525.4 1609.1 1461.6 1258.4 1207.9 1321.5 1168.3 908.1 775.5 737.6 1292.8 1204.5 1135.7 827.6 760.6 778.4 741.4 801.6 917.8 976.2 1044.4 1030.6 869.9 -9999 -9999 -9999 -9999 -9999 -9999 -9999 -9999 -9999 -9999 -9999 -9999 -9999 -9999 -9999
-9999 -9999 -9999 -9999 -9999 -9999 -9999 -9999 1064.8 1096.7 1315 1349.3 1294.3 1259.5 1272.3 1305.1 1404.4 1555.7 1663.5 1732.8 1717 1660.4 1609.3 1548.4 1584.6 1646.5 1667.3 1658.5 1724.3 1717.6 1593.4 1576.6 1691.1 1469.6 1432.8 1384.6 1376.9 1362.6 1555 1615.1 1475.8 1159.4 956.6 1025.7 1030.9 776.6 804.2 1069.5 1929.8 1396.3 1250.2 1061.2 877.4 907.8 957.8 1036.1 1168.7 1126.4 1168.6 1156.3 1013.4 -9999 -9999 -9999 -9999 -9999 2265 -9999 -9999 -9999 -9999 -9999 -9999 -9999 -9999 -9999
-9999 -9999 -9999 -9999 -9999 -9999 -9999 508 1121.4 1340.9 1390.2 1436.1 1361.7 1424 1384.8 1352.2 1429.6 1565.3 1636.4 1673.2 1665.4 1634.8 1510.7 1459.7 1490 1519.4 1564.9 1605.8 1640.8 1706.8 1680.6 1666.6 1694.9 1660.4 1458.8 1412.7 1480.4 1450.6 1378.5 1368.5 1264.5 1097.2 974 952.6 861.3 696.8 670.5 1385 1813 1433.8 1431.2 1424.3 1229.3 1052.2 1035.1 1167 1198 1049.3 1052.8 1089.7 1104 -9999 -9999 -9999 -9999 -9999 -9999 -9999 -9999 -9999 -9999 -9999 -9999 -9999 -9999 -9999
-9999 -9999 -9999 -9999 -9999 -9999 396.7 691.2 1281.5 1696.1 1453.1 1480.3 1387 1403 1387.4 1393.2 1443 1513.1 1501 1531.2 1499.5 1428.6 1388.5 1430.3 1501.3 1447.1 1442.1 1505.2 1564.9 1600.9 1583.9 1613.6 1638.1 1607.8 1516.8 1459.2 1643.8 1473.9 1378.2 1302.6 1258.6 1162.6 1044.2 898.1 919.6 814 679.9 996.6 1662.1 1598.2 1526 1531.9 1276.9 933.1 881.1 912.7 910.1 800.7 864.3 980.2 1100.3 -9999 -9999 -9999 -9999 -9999 -9999 -9999 -9999 -9999 -9999 -9999 -9999 -9999 -9999 -9999
-9999 -9999 -9999 -9999 -9999 376.8 541.9 919.8 1329.5 1528.6 1425.5 1380.5 1444.3 1444.5 1380.9 1388.2 1438.8 1279.5 1285.5 1338.1 1330.4 1290.3 1287.9 1356.2 1453.8 1444.4 1436.2 1403.3 1375 1428.9 1519.3 1558.5 1571.8 1536.4 1465.2 1451.2 1444.3 1465.9 1334 1242.5 1252.8 1243.7 1125.8 1013.1 1077.2 1056.3 779.4 843.9 1336 1418.1 1149 1627.5 1191.3 852.1 758 744.3 770.2 768.6 808.2 848.5 962.4 -9999 -9999 -9999 -9999 -9999 -9999 -9999 -9999 -9999 -9999 -9999 -9999 -9999 -9999 -9999
-9999 -9999 -9999 -9999 -9999 451.8 919.1 1246.9 1404.8 1430.7 1455.5 1310.5 1295.6 1429.4 1331.2 1227.3 1155.6 1109.3 1130.1 1162.7 1191.9 1215.6 1220 1266.2 1399.4 1454.8 1440.6 1404.7 1336.2 1389.5 1470.4 1496.8 1512.3 1456.2 1383.6 1421.4 1444.7 1399.3 1227.7 1140.6 1179.6 1174.4 1113.4 1121.5 1174.1 1335.4 1011.4 827 952.7 1384.2 1280.2 1411.4 1103.8 771.9 680.5 744.5 784.4 830.6 856.2 800.4 769.1 -9999 -9999 -9999 -9999 -9999 -9999 -9999 -9999 -9999 -9999 -9999 -9999 -9999 -9999 -9999
-9999 -9999 -9999 -9999 -9999 659.8 1091.2 1284.6 1280.1 1280.5 1284.5 1082.4 1046.4 1198.6 1200.9 1160.3 1120.6 1031.3 1004.4 1033.1 1094 1164.7 1179.9 1254.9 1398.4 1477.2 1575.1 1450.4 1338.9 1296 1372.2 1421.6 1368.5 1198.4 1126.6 1275.4 1358.3 1362.6 1247.8 1006.4 1004.3 1075.1 1115.6 1181.9 1315.7 1247.3 979.7 870.1 919.9 1004.3 890.3 1030.9 1004.7 852.6 747.4 799.7 842.2 880.7 924.7 878.1 690.1 -9999 -9999 -9999 -9999 -9999 -9999 -9999 -9999 -9999 -9999 -9999 -9999 -9999 -9999 -9999
-9999 -9999 -9999 -9999 -9999 653.4 1031.7 1080 1016.3 1020.8 942.1 956.4 974.9 1110.6 1174 1245 1103.3 946.7 869.2 907.9 972.5 1082.6 1219.2 1335.1 1441 1551.2 1429.2 1363.1 1266.3 1192.2 1229.8 1230.1 1138.3 1074.4 1064.6 1086.2 1258.4 1283.2 1222.1 978.8 892.8 1004.6 1123.7 1278 1569.7 1330.4 1070.6 1060.5 980.2 963.7 950.1 1038.9 1076.5 1087.8 953.1 901.8 889.7 908.6 971.2 1086.5 747.9 695.6 -9999 -9999 -9999 -9999 -9999 -9999 -9999 -9999 -9999 -9999 -9999 -9999 -9999 1641.9
-9999 -9999 -9999 -9999 109.7 646.1 1010.5 855.8 879.1 801.3 688.4 790.2 896.8 1038.9 1163.3 1167.7 1053 886.5 796.6 817 816.1 925.5 1131.7 1320.4 1365.3 1385.1 1140.7 1224.2 1206.7 1169.3 1138.4 1057.6 1033.3 1092.5 1056.1 960.2 980.7 1063.1 1100.8 898 707.7 1011.1 1074.5 1140.1 1037.6 1076.9 1018.9 1146 1216.5 1121.5 1510.1 1523.4 1284.6 1539.6 1353 1158 984.6 888.3 863.6 949.5 844 -9999 -9999 -9999 -9999 -9999 -9999 -9999 -9999 -9999 -9999 -9999 -9999 -9999 1364.5 1424.1
-9999 -9999 -9999 -9999 106.2 506.5 874.8 841.4 805.8 755 734.8 736.2 756.2 849 1085.2 1139.2 1006.2 886.6 822.3 772 748.7 797.3 992.8 1252 1312.3 1247.3 1139.9 1124.8 1074.4 1028.3 1023.4 997.5 997.3 1067.5 948 872.4 896.5 937.3 984.8 886.6 831.3 882 1010.7 1017.9 823.5 914.9 950.7 1012.4 1050.3 1155.5 1468.2 2042.8 2050.5 1933.1 1646.8 1302.4 1158.8 871.7 789.8 795.9 810.8 -9999 -9999 -9999 -9999 -9999 -9999 -9999 -9999 -9999 -9999 -9999 -9999 1128.8 1258 1337.6
-9999 -9999 -9999 -9999 61.4 225.8 742.9 694.9 534.9 728.7 845 751.1 762.1 787.4 865.1 911.1 838.7 820.7 827.4 793.3 748 739.1 862.8 1125.7 1209.7 1142.1 1028.1 1000.3 901.1 870.3 935.5 1001.3 1044 1007.4 888.4 855.8 909.1 972 1110.2 973.3 912.7 939.3 1044.5 1008 873 885 873.2 837.5 998.1 1201.9 1534 2026.2 1970.7 1820.1 1679.9 1473.4 1218.2 877.6 774.8 703.1 -9999 -9999 -9999 -9999 -9999 -9999 -9999 -9999 -9999 1089.6 1053.9 1108.3 1162.5 1161.7 1308.5 1365.9
-9999 -9999 -9999 78.8 65.3 74.6 500.4 548.6 577.4 661.9 758.8 747.6 737.5 725.9 729.7 768.2 742 710.6 670.3 666.4 679.6 652.9 615.8 677.6 901.4 976.9 937.7 865.2 817.3 835.3 895 967.8 1006.2 1011.7 992.6 939.8 943.8 997.1 975.1 915.5 924.4 981.1 1104.4 1148.9 1007 886.8 898.2 836.5 859.2 996.7 999.5 1143.4 1267.7 1309.5 1322 1307.7 1175.9 933.4 797.9 -9999 -9999 -9999 -9999 -9999 -9999 -9999 -9999 -9999 -9999 1083.6 1187.7 1208.9 1267.9 1326.6 1418 1561.4
-9999 -9999 -9999 -9999 79.2 152.4 294.7 325.2 393.3 441.8 571.2 710 658.6 631.5 671.6 743.2 728.8 723.7 677.7 652.1 606.7 563 538.3 511 531.1 678.8 782.8 770.2 791 805.8 845.6 948.1 1032.9 1024.2 1166.5 1119 1057.9 989.1 920 850.7 888 1035 1066.9 1183.8 1187.3 1244.2 1287.9 1140.2 904.1 891.4 950.4 850.2 903.6 1257.5 1233.2 1208.4 -9999 -9999 -9999 -9999 -9999 -9999 -9999 -9999 -9999 -9999 -9999 -9999 920.4 1146 1272.6 1309.3 1334.5 1365.1 1401.7 1324.2
-9999 -9999 -9999 93.9 132.9 264.9 303.9 292.9 341.1 391.7 477.3 594.3 565.4 567 562.4 678.1 704.8 705.2 636.5 680 642.2 564.6 528.7 485.6 432 497.1 666.1 733.9 753 775.1 734.7 886.3 919.8 933.5 963.9 952.5 950.1 1012.3 966.2 912 986.1 1076.8 1165.1 1290.3 1152 1685.8 1929.7 1519.1 1058.9 969.1 1111.2 1128.5 1158.3 1415.5 -9999 -9999 -9999 -9999 -9999 -9999 -9999 -9999 -9999 -9999 -9999 -9999 -9999 -9999 895 1304.2 1367.5 1334.4 1361.5 1357.4 1312.2 1129.4
-9999 -9999 -9999 -9999 181.5 248.3 267.6 292.9 324.8 393.9 447.9 513.1 524 507.1 488.7 534.8 587.3 632 627.4 650 635.9 570.9 515.4 415.3 350 408.2 584.4 724.1 757.3 786.6 817.4 923.6 863.4 838.1 953.9 820.4 792.1 997.2 1021.3 1031.5 1003.9 1010.2 1135.6 1099.7 1253.4 1384 2025.7 1523.1 1195 1112.4 1158.9 1148.8 1205.6 1357.8 -9999 -9999 -9999 -9999 -9999 -9999 -9999 -9999 -9999 -9999 -9999 -9999 -9999 -9999 788.7 1150.4 1314.2 1377.6 1422.8 1364.1 1331.8 1179
