datasets/global_precipitation_1950_2017/rasters/precip_1951-total.asc
NCOLS 720 
NROWS 347 
XLLCORNER -180 
YLLCORNER -90 
CELLSIZE 0.5 
NODATA_value -9999 
[rows 170 to 203 of 347, columns 380 to 455 of 720]
2180.3 2479.7 2488.2 2289.1 1986 1871.4 2046.2 2038.8 2076.4 2177.6 2111.5 2156.2 2033.5 1837.8 1761 1775.3 1801.9 1907.4 1953.9 2004.5 2015.4 2027.8 2058 2062.9 2072.1 2081.2 2079.7 2109 2153.6 2067.5 1894.1 1887.4 2034.9 2222.7 2332.4 2060.7 1852.3 1740.4 1110 1561.2 1216.5 1099 1381.2 1595.7 1811.2 1562.3 1250.6 1114.9 1247 1281.6 1092.3 1028.7 820 1783.9 1075.5 1219.1 880.9 839.1 818.4 901.2 1118 1257.8 1248.9 -9999 -9999 -9999 -9999 -9999 -9999 -9999 -9999 -9999 -9999 -9999 -9999 -9999
2071.4 2184.3 2229.4 2123.1 1859.7 1787 1908.8 1876.3 1983.3 2201.7 2106.7 2149 2052.3 1844.5 1656.4 1654.2 1770.2 1813.9 1883.4 2004.3 2005.4 1948.2 1968.4 2018 2021.5 1972.3 1900 1863.2 1914 1792.8 1783.1 1779.1 2057.3 2320.6 2346.5 2246.7 1844.5 1711.3 1398.8 1348.5 1172 968.2 1401 1524.9 1580.6 1480.8 1379.7 1284.1 1207.2 1012 1015.4 1183.7 1018.4 1193.4 1079.2 831.2 850.6 829.9 905.5 1181.3 1363.1 1356.9 -9999 -9999 -9999 -9999 -9999 -9999 -9999 -9999 -9999 -9999 -9999 -9999 -9999 -9999
1675.5 1605.4 1678.4 1734.8 1597.2 1595.3 1788.8 1784.9 1662.7 1985.9 2015.2 2020.7 1962.9 1696 1490.3 1406.8 1583 1697.5 1709.1 1779.6 1750.8 1728.8 1810.2 1956.1 1972.1 1850 1760.7 1744.2 1758.4 1729.6 1735.2 1728.1 1991.6 2221.2 2337.1 2443.3 2532.4 1342.9 1253.1 1392.5 1217.9 1155.3 1547.6 1523.9 1474.2 1409.7 1319.4 1243.5 1173.4 1173.5 1285 1266.9 1221.4 1119.8 1490.1 1193.4 974.5 934.5 1121.4 1381.7 -9999 -9999 -9999 -9999 -9999 -9999 -9999 -9999 -9999 -9999 -9999 -9999 -9999 -9999 -9999 -9999
-9999 1465.2 1453.7 1435.8 1351.9 1502.8 1795.6 1840.2 1782.1 1852.1 1881.2 1722.1 1499.2 1487.4 1331.7 1437.3 1560.8 1645.4 1648.2 1624.8 1590.4 1563.6 1543.5 1735.1 1775.8 1725.4 1703.5 1717.2 1745.7 1729 1696 1607.4 1747.7 2006.1 2445.8 2700.9 2742.5 1381.9 1070.6 1494.3 1438.7 1347.9 1408.8 1519 1450.4 1366 1270.2 1174.2 1109.1 1314.6 1501.3 1498.1 1429.9 1547.6 2147.8 1650.7 1324.5 897.8 1208.9 1464 -9999 -9999 -9999 -9999 -9999 -9999 -9999 -9999 -9999 -9999 -9999 -9999 -9999 -9999 -9999 -9999
-9999 -9999 1335.4 1305.5 1370.2 1397.5 1957.2 1660.8 1575.1 1758.3 1575.2 1459.3 1423.2 1428.3 1436.8 1618 1580.4 1692.5 1662.4 1612.8 1578.1 1549 1492.1 1572.1 1657.6 1637.3 1671.7 1719.5 1772.9 1764.9 1689.7 1577.7 1541.5 1674.4 2055.4 2388.2 2280.7 1227.4 1210.6 1575.3 1492.1 1489.7 1421.2 1384.6 1396.6 1430.2 1240.9 1199.4 1159.2 1354.7 1550.4 1452.9 1451.4 1407.1 1219.7 1099.5 1038 1009.1 1351.6 1366.9 -9999 -9999 -9999 -9999 -9999 -9999 -9999 -9999 -9999 -9999 -9999 -9999 -9999 -9999 -9999 -9999
-9999 -9999 -9999 1279.1 1423 1135.4 1361.1 1403.1 1470.5 1487.4 1438.8 1466 1424.4 1459.7 1536.2 1636.1 1518.9 1581.1 1603.7 1575.2 1486.4 1635.7 1561.8 1556.1 1596.1 1571.3 1675.9 1781.4 1794.8 1800.6 1686.6 1439 1336.6 1360.7 1462.6 1609.1 1473.6 1348.8 1378.6 1454.1 1437.6 1410.3 1333.6 1354.2 1387.5 1313.1 1120.9 1200.8 1247.3 1210.2 1442.8 1473.8 1287.2 968.3 990.2 978.7 1291.1 1547.7 1566.8 -9999 -9999 -9999 -9999 -9999 -9999 -9999 -9999 -9999 -9999 -9999 -9999 -9999 -9999 -9999 -9999 -9999
-9999 -9999 -9999 -9999 1219.9 1312.1 1243 1306.9 1457.6 1440.8 1488.6 1498.4 1499.7 1532.4 1600.1 1648.2 1615.2 1565.7 1578 1570.4 1551.1 1607.6 1588.1 1581.6 1620.9 1666.3 1803.6 1892.6 1914.7 1967.8 1822.4 1542.2 1354.3 1310.4 1368.2 1504.2 1412.5 1288.7 1159.7 1054.2 1328.5 1190.1 1170.3 1327.2 1409.4 1399.7 1326.3 1249.6 1124.7 1033.3 1141.1 1096.7 1053.7 955.6 978.5 1292.5 1624.1 1794.5 -9999 -9999 -9999 -9999 -9999 -9999 -9999 -9999 -9999 -9999 -9999 -9999 -9999 -9999 -9999 -9999 -9999 -9999
-9999 -9999 -9999 -9999 1001.4 1179.3 1104.5 1051.2 1286.7 1318.3 1707.1 1579.8 1604.7 1564.7 1574.8 1657.9 1730.5 1584.4 1566.2 1596.8 1572 1576.2 1583 1629 1673.6 1713.2 1817.4 1921.9 2037.3 2136.2 2008.4 1703.8 1399.7 1261.6 1265.7 1285.8 1237.2 1136.8 1058 1058.6 1185.3 1081.1 1150.9 1346.4 1503.9 1422.4 1378.9 1272.6 1101 1057.6 978.8 888.7 858.1 801.3 779.9 1160.5 1730 2079.1 -9999 2439.1 -9999 -9999 -9999 -9999 -9999 -9999 -9999 -9999 -9999 -9999 -9999 -9999 -9999 -9999 -9999 -9999
-9999 -9999 -9999 -9999 699.4 865.7 885.3 1024.1 1289.8 1355.8 1363.9 1582.3 1605 1507.9 1535.3 1573.5 1679.7 1699.5 1622.2 1630.9 1509.9 1509.1 1565.4 1677.2 1650 1694.7 1710.4 1804.8 2054 2219.9 2102.9 1755.6 1392.2 1252.7 1230.4 1150.9 1110.4 1060.9 1022.1 1096.3 1151.9 1181.8 1258 1404.3 1487.2 1453.9 1379.6 1236.5 1085.1 1093 920.4 749 700.9 682.9 741.6 1052 1373.7 1753.7 -9999 -9999 -9999 -9999 -9999 -9999 -9999 -9999 -9999 -9999 -9999 -9999 -9999 -9999 -9999 -9999 -9999 -9999
-9999 -9999 -9999 -9999 -9999 798.8 849.5 1110.6 1493.3 1518.3 1244.7 1397 1543.5 1524.7 1489.1 1472.7 1508.7 1614.7 1644.6 1606.1 1503.3 1515.9 1507.8 1666.3 1870 1715.1 1594.3 1723.4 2006 2118.1 1975.9 1655.5 1310 1277.1 1249.8 1166.3 1113.2 1044.8 1013.7 1122.5 1218.8 1285.5 1396.7 1416.2 1437.9 1378 1328.7 1222.4 1046.6 951.7 792.2 664.6 635.4 686.4 698.6 1060.6 1235.3 1496.3 1739.5 -9999 -9999 -9999 -9999 -9999 -9999 -9999 -9999 -9999 -9999 -9999 -9999 -9999 -9999 -9999 -9999 -9999
-9999 -9999 -9999 -9999 -9999 643.7 897.7 1123.8 1449.8 1459.8 1301.7 1361.7 1503.6 1510.1 1459.3 1500.1 1563.3 1602.9 1607.9 1554.7 1444.9 1447.5 1435.4 1516.9 1622.7 1464.4 1523.2 1863.6 1854.1 1811.1 1659.8 1526.3 1365.8 1308.6 1310.9 1268.9 1168.6 1018 969.8 1123.4 1304.5 1374.5 1439.8 1419.6 1338.6 1271.9 1266.7 1170.4 998.5 794.6 678.5 622.7 647.5 727.9 1093.6 1002.1 1197.1 1103.7 1197 -9999 -9999 -9999 -9999 -9999 -9999 -9999 -9999 -9999 -9999 -9999 -9999 -9999 -9999 -9999 -9999 -9999
-9999 -9999 -9999 -9999 -9999 -9999 638.9 835.9 1448.6 1639 1566.3 1462.5 1466.5 1553.6 1493.3 1467.3 1545.6 1585.6 1548.1 1462.8 1393.3 1352.3 1337.7 1355.1 1477.7 1541.8 1638.4 1766.2 1782.6 1716 1536.8 1495.6 1381.8 1301.8 1384.2 1316.5 1170.9 992 836 1447.3 1390.2 1496.3 1554.8 1392.5 1363.9 1304 1213.2 1026.2 844.5 747.6 612.7 635.4 827.1 1263.8 1334.4 1555.7 1407.4 1191.8 1306.7 -9999 -9999 -9999 -9999 -9999 -9999 -9999 -9999 -9999 -9999 -9999 -9999 -9999 -9999 -9999 -9999 -9999
-9999 -9999 -9999 -9999 -9999 -9999 423.1 585.1 1262.9 1573.1 1581.6 1399.3 1316 1379.8 1353.3 1353.6 1540.4 1568.9 1510.6 1402.5 1361.5 1358.4 1390.5 1382.9 1434 1573.3 1691.2 1756.5 1780.8 1702.7 1545.6 1463.2 1324.4 1182.9 1289.2 1267.6 1155.1 1049.2 1095.9 1399 1717.5 2152.3 1746.4 1122.5 1410.4 1408.6 1234.7 1015 822.4 785 830.1 860.3 1074.7 1544.4 1501.3 1477.5 1248.4 1160.9 1269.7 -9999 -9999 -9999 -9999 -9999 -9999 -9999 -9999 -9999 -9999 -9999 -9999 -9999 -9999 -9999 -9999 -9999
-9999 -9999 -9999 -9999 -9999 -9999 -9999 620.7 1086.3 1196.3 1118.6 1205.5 1318.3 1380 1327.1 1390.1 1557.1 1579.9 1517.4 1376.2 1300.8 1351.8 1530.9 1476.9 1473.8 1538.8 1673.6 1701.8 1661.6 1601 1515.8 1373.1 1309.6 1251.4 1331.7 1268.5 1130.8 1026.7 1186.5 1566.6 2112 2647.5 2156.1 1194.4 1318 1364.4 1240.8 1100.9 902.1 757.5 1078.6 1057.1 1335.6 1454.6 1620.5 1457.9 1068.2 1063.6 1089.9 -9999 -9999 -9999 -9999 -9999 -9999 -9999 -9999 -9999 -9999 -9999 -9999 -9999 -9999 -9999 -9999 -9999
-9999 -9999 -9999 -9999 -9999 -9999 -9999 539.5 1026.3 1011.5 788.9 1039.3 1193.1 1475 1412.4 1441.6 1580.8 1601.1 1528.4 1286.4 1086.4 1125.7 1301.7 1445.5 1467.1 1441.2 1488.7 1556.9 1569.4 1635.6 1501.1 1302.9 1344.2 1367.2 1413.4 1305.4 1129.1 1198.9 1303.8 1586.2 1833.3 1880.3 1538.9 1299.1 1229.4 1615.7 1243.5 1323.2 1338.3 1130.9 1466.9 1494 1648.7 1888.1 1641.6 1387.5 1005 951.1 754.9 -9999 -9999 -9999 -9999 -9999 -9999 -9999 -9999 -9999 -9999 -9999 -9999 -9999 -9999 -9999 -9999 -9999
-9999 -9999 -9999 -9999 -9999 -9999 567.8 649.3 898 1109.3 1103.7 1135 1315.4 1457.1 1543.7 1474.2 1577.2 1670.9 1574.3 1198 727.8 734.6 1026.4 1266.8 1390.5 1446.5 1463.2 1481.4 1470.4 1398.2 1483.8 1440 1440.5 1403.8 1368.2 1318.7 1300.9 1397.1 1501.5 1528.1 1540.3 1581.1 1385.5 991.3 864.9 1755 1958.4 2406.4 1701.6 1456.9 1632.5 1710.9 1600.1 1366 1381.4 1128.8 988.5 926.3 879.4 -9999 -9999 -9999 -9999 -9999 -9999 -9999 -9999 -9999 -9999 -9999 -9999 -9999 -9999 -9999 -9999 -9999
-9999 -9999 -9999 -9999 -9999 -9999 927.4 1224.1 933 1036.8 1136.3 1249.9 1463 1429.1 1319.2 1268 1524.5 1768.9 1878.3 1384.5 598 638.3 954.5 1215.1 1358.7 1454.4 1475.8 1492.9 1476.2 1464.1 1484.6 1507.5 1503.9 1404.1 1298.4 1310.3 1372.3 1567.8 1532.2 1506.8 1570.3 1705.4 1353.8 1195 1243.4 1219.8 1888.8 1878.9 1452.6 1413.7 1565.5 1630.8 1482.5 1381.4 1168.6 1039.6 1014.6 963.5 974.3 -9999 -9999 -9999 -9999 -9999 -9999 -9999 -9999 -9999 -9999 -9999 -9999 -9999 -9999 -9999 -9999 -9999
-9999 -9999 -9999 -9999 -9999 -9999 -9999 899.4 990.9 1230 1302 1373.4 1454.4 1402.1 1160.6 1168.4 1612.4 1843.6 1954.8 1593.6 1016.3 900.2 1045.7 1239.9 1317.6 1419.9 1504.6 1515.4 1582.1 1561.9 1519.3 1509.5 1534.2 1343.7 1297.2 1303.5 1270.1 1255.9 1476.7 1487.2 1756.8 1514.6 1395.9 1325.5 1302.8 945.7 1146.7 1465.8 1479.4 1264.1 1373.9 1340.7 1304 1227.4 1082 1025.2 980 945.4 1001.3 1080.9 1279.5 -9999 -9999 -9999 -9999 -9999 -9999 -9999 -9999 -9999 -9999 -9999 -9999 -9999 -9999 -9999
-9999 -9999 -9999 -9999 -9999 -9999 -9999 649.8 924.1 1355.1 1381.3 1507.2 1751 1719.8 1500 1457 1689 1804.2 1779.6 1543.3 1260.6 1121.5 1165.4 1276.7 1285 1410.3 1488.5 1512.1 1544.5 1559.3 1579.5 1561.8 1499.3 1400.4 1442 1361.9 1240.5 1215.1 1455.5 1663.8 1553.8 1407.1 1337.8 1241.2 1171.4 995.5 837.4 1432.3 1888.1 1462 1374.7 1246.7 1263.4 1195.3 1110.9 1055.3 956.7 859.3 944.9 1020.3 1047.8 -9999 -9999 -9999 -9999 -9999 -9999 -9999 -9999 -9999 -9999 -9999 -9999 -9999 -9999 -9999
-9999 -9999 -9999 -9999 -9999 -9999 -9999 -9999 959.4 1153.1 1336.3 1577.6 1852.2 1999.8 1677 1539.1 1618.7 1690.3 1616.8 1492.8 1358.1 1282 1291.1 1332.5 1375.2 1472 1498.4 1493.8 1483.7 1544.1 1544.6 1551.1 1547.2 1489.8 1486.7 1454.8 1294.5 1147 1508.4 1766.2 1499.1 1347.5 1252.2 1192.2 1150.2 850.5 752.5 1172.3 1841.5 1820.9 1712.1 1411 1264 1216.6 1128.2 1132.9 1061.4 909.5 901 951.4 951.7 -9999 -9999 -9999 -9999 -9999 -9999 -9999 -9999 -9999 -9999 -9999 -9999 -9999 -9999 -9999
-9999 -9999 -9999 -9999 -9999 -9999 -9999 -9999 1238.1 1281.7 1462.9 1669.1 1842.8 1831.2 1514.3 1494.8 1595.9 1604.4 1523.1 1451.3 1414.8 1354.6 1372.4 1355 1402.5 1469.3 1488.9 1476.6 1528.1 1544.5 1556.4 1567.4 1575.2 1507.5 1572.7 1513.5 1416.5 1296.5 1480.5 1591.7 1490.4 1219.2 1068.2 1089.4 1040.7 854.4 962.9 1337.1 2127.2 1758.3 1644.4 1520.8 1314.6 1316.4 1319 1337.5 1271.2 1016.7 931.1 948.7 1015.9 -9999 -9999 -9999 -9999 -9999 3057.1 -9999 -9999 -9999 -9999 -9999 -9999 -9999 -9999 -9999
-9999 -9999 -9999 -9999 -9999 -9999 -9999 490.9 1383.2 1738.6 1697.8 1726.7 1627.5 1337.2 1434.2 1519.2 1605.8 1591.5 1468 1374.1 1349.5 1341.6 1318.2 1282.4 1300.6 1322.3 1369.3 1435.3 1480.4 1513.4 1502.9 1510.7 1583.7 1610.4 1505.9 1481.2 1452.6 1322.9 1217.2 1224.4 1177.4 1109.1 1064.4 1023.8 929.9 850.8 816.3 1537.1 1817.8 1414.5 1402.5 1386.1 1377.9 1357.1 1351.2 1430.8 1302.9 1013 964.3 1048.5 1079.8 -9999 -9999 -9999 -9999 -9999 -9999 -9999 -9999 -9999 -9999 -9999 -9999 -9999 -9999 -9999
-9999 -9999 -9999 -9999 -9999 -9999 340.8 710.8 1765.5 2011.1 1879.2 2359.1 1638.9 1476.1 1461.9 1505.2 1571 1531.8 1300.8 1223.9 1226.9 1258.6 1312.4 1316.2 1315.5 1243.2 1215.2 1295.5 1375.4 1376 1305.1 1337 1424 1493.1 1466.8 1422.9 1541.1 1267.6 1129.2 1088.4 1111.4 1112 1027.5 880.9 905.6 937.9 948.2 1147.8 1358.4 1433.5 1336.6 1284.1 1251.6 1157.9 1156.4 1161.1 1070.2 898 908 930.8 876.3 -9999 -9999 -9999 -9999 -9999 -9999 -9999 -9999 -9999 -9999 -9999 -9999 -9999 -9999 -9999
-9999 -9999 -9999 -9999 -9999 330.2 498.9 933.7 1763.1 1900.4 1824.1 1758.2 1673.3 1511.1 1474.6 1526.6 1593.6 1319.2 1142.3 1099.9 1140.7 1234.2 1313.6 1319 1282.3 1208.8 1131 1161.9 1192.3 1187.2 1198.8 1190.9 1234.7 1284.4 1280.5 1216 1067.9 1159.9 999.5 1025.3 1074.3 1103.7 989.4 792.4 931.8 1043.8 946.7 973.3 1193 1213.3 868.3 1376.1 1196.7 1068.3 1034.3 1017 945.3 888.2 897.1 824.5 761.3 -9999 -9999 -9999 -9999 -9999 -9999 -9999 -9999 -9999 -9999 -9999 -9999 -9999 -9999 -9999
-9999 -9999 -9999 -9999 -9999 463.2 902.1 1198.9 1412.4 1735.5 1840.2 1645.1 1513.9 1499.2 1548.7 1608.2 1463.2 1236.2 1107.9 1088.1 1133.1 1260.2 1369.7 1337.6 1235.7 1134.3 1108.9 1142 1174.1 1147.3 1161.9 1167.6 1176.2 1142.2 1100.6 1101.7 1069 996 842.4 873 983.2 1056.3 1026.5 841.6 975.8 1070.3 955.6 815 908.8 1222.9 1132.5 1242.1 1116.1 997.1 980.7 1000 920.2 820.1 807.2 806.4 726.8 -9999 -9999 -9999 -9999 -9999 -9999 -9999 -9999 -9999 -9999 -9999 -9999 -9999 -9999 -9999
-9999 -9999 -9999 -9999 -9999 734.3 1094.5 1239.2 1298.6 1534.7 1615 1428.3 1352.3 1445.5 1617.3 1713.5 1509 1208.9 1062.2 1066.6 1144 1276.8 1367.6 1325.2 1185.2 1114.5 1079.6 1092.5 1074.7 1035.3 1081.6 1102.9 1065.8 948.1 902.8 971.6 949.6 899.7 835 748.7 772.6 981.1 1134.4 1070.3 1116.7 1009.6 913.3 882.9 1200.9 1003.6 835.5 910.1 872.2 883.2 928.2 956.3 939.7 835.1 818.3 811.5 685.7 -9999 -9999 -9999 -9999 -9999 -9999 -9999 -9999 -9999 -9999 -9999 -9999 -9999 -9999 -9999
-9999 -9999 -9999 -9999 -9999 745 1082.2 1173.6 1237.2 1288.3 1271.2 1290.7 1276.3 1445.7 1668.9 1783.3 1480.9 1092.3 932.5 980.8 1070.7 1211.2 1294.4 1227.6 1117.7 1069.3 1061.8 1051.4 1000.2 934 947.7 921.9 855.5 858.3 869.5 905.3 923.6 800.9 804 703.5 651.6 817.8 999.5 1102.9 1345.5 1179.8 1000.7 991.9 931.5 993.7 908.9 902.4 776.3 821.2 840.7 940.1 1046.7 932.1 865.2 818.8 750.6 716.9 -9999 -9999 -9999 -9999 -9999 -9999 -9999 -9999 -9999 -9999 -9999 -9999 -9999 1670.4
-9999 -9999 -9999 -9999 101.1 719.3 1133 1101 1191.7 1123.7 1032.7 1090.5 1206.6 1422.6 1612.3 1597.2 1336.3 1008.3 892.6 907.3 958.4 1081.2 1169.1 1134.2 1066.4 1067.7 1049.7 1019.3 989.4 931.5 847.1 730 711 835.3 858.8 771.4 755.9 750.3 738.3 624.4 461 772.3 865.8 904.2 894.8 982.6 970.8 1064.8 1125.7 1095.4 1447.4 1454.6 1007.9 1278.6 1218.6 1186.7 1065.3 929.3 853 838.3 831 -9999 -9999 -9999 -9999 -9999 -9999 -9999 -9999 -9999 -9999 -9999 -9999 -9999 1578.7 1621.9
-9999 -9999 -9999 -9999 138.6 594.7 1056.2 1126.1 1113.6 1049.8 1000.8 987 1026.6 1193.2 1460.1 1456.2 1221.5 1022 938.6 907.9 909.1 979.7 1054 1069.7 1042.2 1018.3 984.7 975.6 953.6 896 778 637.4 584.2 631.2 704.6 646.8 753.7 617.8 581 580.5 553.5 613.4 757 822.5 732 848.1 905.3 899.6 1044.6 1054.2 1383.6 1928.6 1814.6 1685.4 1495.7 1375.9 1200.6 923 831.3 912.7 899.7 -9999 -9999 -9999 -9999 -9999 -9999 -9999 -9999 -9999 -9999 -9999 -9999 1442.7 1581.5 1666.6
-9999 -9999 -9999 -9999 82.9 313.4 942.3 1004.7 912.5 968.6 986.1 959.3 931.6 964.8 1073.1 1064 947.2 912.2 920 909.3 873.6 858.3 902.8 969.5 982.5 962.1 908.7 924.5 884.8 858.3 801.8 677.8 560.5 581 692.3 703.2 667.5 553.1 610.7 710.8 640 613.5 669.1 723.6 700.4 727.3 645.5 548.4 815.9 1033.9 1407.2 1761 1703.8 1499.6 1399.4 1357.2 1239.6 1013 987 1143.3 -9999 -9999 -9999 -9999 -9999 -9999 -9999 -9999 -9999 1424.1 1383.3 1455.9 1525.1 1548.7 1699 1785.4
-9999 -9999 -9999 71.2 72.2 149.3 729.8 875.6 862 868.6 902.8 870 820.3 782.2 782.2 802.6 792 759.1 711.1 713.5 737.2 715.4 670.7 679 827 889.3 896.4 877.9 851.8 851.2 844.6 771.6 680.1 617 711.8 723.9 667.1 589.4 646.7 724.7 647.2 636 655.7 768.1 688.3 539.6 496.1 460.5 583 777.9 815.9 904.4 960.4 917.1 994.3 1156.6 1159.9 1103.4 1078 -9999 -9999 -9999 -9999 -9999 -9999 -9999 -9999 -9999 -9999 1512.7 1599.6 1633.7 1693.2 1730.4 1822.9 2032
-9999 -9999 -9999 -9999 94.4 238.5 549.5 663.1 664.5 650.5 718.9 791.8 665.7 648.4 695 787.9 796.5 761.2 696.2 654.9 632.7 608.6 597.1 591.6 620.1 743 830.6 838 864.9 815.7 781.8 811.1 807.7 674 689.5 702.5 654.7 571.5 602.3 568.3 532.5 573.6 606.6 645.8 629.1 646.6 572.2 481.8 554.6 659.9 740.8 617.4 625.8 930.8 1031.7 1112 -9999 -9999 -9999 -9999 -9999 -9999 -9999 -9999 -9999 -9999 -9999 -9999 1428.9 1608.1 1720.1 1809.7 1829.1 1754.1 1777 1788.9
-9999 -9999 -9999 101.1 165.1 344 473.6 535.5 562.5 588.7 595.2 640.9 577.9 564.1 590.7 756.7 769.5 742.7 641.4 646.5 635.3 611.2 588.6 578.1 571.3 637.5 755.8 801.6 807.5 755 650.2 846.9 736.2 602.1 562.9 573.2 531.6 533.5 551.5 550.3 547.2 566.9 580.4 697.5 685.1 1056.1 1241.9 965.2 847.9 825.5 931.2 739.7 828.8 921.5 -9999 -9999 -9999 -9999 -9999 -9999 -9999 -9999 -9999 -9999 -9999 -9999 -9999 -9999 1389.7 1765.7 1800.8 1802.9 1803.4 1673.3 1569.1 1493.2
-9999 -9999 -9999 -9999 220.6 295.8 332.3 405.4 452.9 510.2 542.2 552.5 516.4 508.1 499.9 599.1 676.1 687.7 644.3 624.1 627.1 612.9 585.5 580.2 534.8 582.8 691 766.5 767.8 747.9 745.6 864.9 576.3 457.5 485.7 490.3 519.8 527.4 558.2 566.1 603.6 593.8 666.9 734.8 819.8 803 1393.8 1265.6 1158.3 1037.3 976.7 817 995.4 1055.1 -9999 -9999 -9999 -9999 -9999 -9999 -9999 -9999 -9999 -9999 -9999 -9999 -9999 -9999 1261.7 1575.9 1691.9 1727.5 1698.9 1506.8 1369.3 1320.2
