datasets/global_precipitation_1950_2017/rasters/precip_1996-total.asc
NCOLS 720 
NROWS 347 
XLLCORNER -180 
YLLCORNER -90 
CELLSIZE 0.5 
NODATA_value -9999 
[rows 306 to 339 of 347, columns 76 to 151 of 720]
-9999 -9999 -9999 -9999 -9999 -9999 -9999 -9999 -9999 -9999 -9999 -9999 -9999 -9999 -9999 -9999 -9999 -9999 -9999 -9999 -9999 -9999 -9999 -9999 -9999 -9999 -9999 -9999 -9999 -9999 -9999 -9999 -9999 -9999 -9999 -9999 -9999 -9999 -9999 -9999 -9999 -9999 -9999 -9999 -9999 -9999 -9999 -9999 -9999 -9999 -9999 -9999 -9999 -9999 -9999 -9999 -9999 -9999 -9999 -9999 -9999 -9999 -9999 -9999 -9999 -9999 -9999 -9999 -9999 -9999 -9999 -9999 -9999 -9999 -9999 -9999
-9999 -9999 -9999 -9999 -9999 -9999 -9999 -9999 -9999 -9999 -9999 -9999 -9999 -9999 -9999 -9999 -9999 -9999 -9999 -9999 -9999 -9999 -9999 -9999 -9999 -9999 -9999 -9999 -9999 -9999 -9999 -9999 -9999 -9999 -9999 -9999 -9999 -9999 -9999 -9999 -9999 -9999 -9999 -9999 -9999 -9999 -9999 -9999 -9999 -9999 -9999 -9999 -9999 -9999 -9999 -9999 -9999 -9999 -9999 -9999 -9999 -9999 -9999 -9999 -9999 -9999 -9999 -9999 -9999 -9999 -9999 -9999 -9999 -9999 -9999 -9999
-9999 -9999 -9999 -9999 -9999 -9999 -9999 -9999 -9999 -9999 -9999 -9999 -9999 -9999 -9999 -9999 -9999 -9999 -9999 -9999 -9999 -9999 -9999 -9999 -9999 -9999 -9999 -9999 -9999 -9999 -9999 -9999 -9999 -9999 -9999 -9999 -9999 -9999 -9999 -9999 -9999 -9999 -9999 -9999 -9999 -9999 -9999 -9999 -9999 -9999 -9999 -9999 -9999 -9999 -9999 -9999 -9999 -9999 -9999 -9999 -9999 -9999 -9999 -9999 -9999 -9999 -9999 -9999 -9999 -9999 -9999 -9999 -9999 -9999 -9999 -9999
-9999 -9999 -9999 -9999 -9999 -9999 -9999 -9999 -9999 -9999 -9999 -9999 -9999 -9999 -9999 -9999 -9999 -9999 -9999 -9999 -9999 -9999 -9999 -9999 -9999 -9999 -9999 -9999 -9999 -9999 -9999 -9999 -9999 -9999 -9999 -9999 -9999 -9999 -9999 -9999 -9999 -9999 -9999 -9999 -9999 -9999 -9999 -9999 -9999 -9999 -9999 -9999 -9999 -9999 -9999 -9999 -9999 -9999 -9999 -9999 -9999 -9999 -9999 -9999 -9999 -9999 -9999 -9999 -9999 -9999 -9999 -9999 -9999 -9999 -9999 -9999
-9999 -9999 -9999 -9999 -9999 -9999 -9999 -9999 -9999 -9999 -9999 -9999 -9999 -9999 -9999 -9999 -9999 -9999 -9999 -9999 -9999 -9999 -9999 -9999 -9999 -9999 -9999 -9999 -9999 -9999 -9999 -9999 -9999 -9999 -9999 -9999 -9999 -9999 -9999 -9999 -9999 -9999 -9999 -9999 -9999 -9999 -9999 -9999 -9999 -9999 -9999 -9999 -9999 -9999 -9999 -9999 -9999 -9999 -9999 -9999 -9999 -9999 -9999 -9999 -9999 -9999 -9999 -9999 -9999 -9999 -9999 -9999 -9999 -9999 -9999 -9999
-9999 -9999 -9999 -9999 -9999 -9999 -9999 -9999 -9999 -9999 -9999 -9999 -9999 -9999 -9999 -9999 -9999 -9999 -9999 -9999 -9999 -9999 -9999 -9999 -9999 -9999 -9999 -9999 -9999 -9999 -9999 -9999 -9999 -9999 -9999 -9999 -9999 -9999 -9999 -9999 -9999 -9999 -9999 -9999 -9999 -9999 -9999 -9999 -9999 -9999 -9999 -9999 -9999 -9999 -9999 -9999 -9999 -9999 -9999 -9999 -9999 -9999 -9999 -9999 -9999 -9999 -9999 -9999 -9999 -9999 -9999 -9999 -9999 -9999 -9999 -9999
-9999 -9999 -9999 -9999 -9999 -9999 -9999 -9999 -9999 -9999 -9999 -9999 -9999 -9999 -9999 -9999 -9999 -9999 -9999 -9999 -9999 -9999 -9999 -9999 -9999 -9999 -9999 -9999 -9999 -9999 -9999 -9999 -9999 -9999 -9999 -9999 -9999 -9999 -9999 -9999 -9999 -9999 -9999 -9999 -9999 -9999 -9999 -9999 -9999 -9999 -9999 -9999 -9999 -9999 -9999 -9999 -9999 -9999 -9999 -9999 -9999 -9999 -9999 -9999 -9999 -9999 -9999 -9999 -9999 -9999 -9999 -9999 -9999 -9999 -9999 -9999
-9999 -9999 -9999 -9999 -9999 -9999 -9999 -9999 -9999 -9999 -9999 -9999 -9999 -9999 -9999 -9999 -9999 -9999 -9999 -9999 -9999 -9999 -9999 -9999 -9999 -9999 -9999 -9999 -9999 -9999 -9999 -9999 -9999 -9999 -9999 -9999 -9999 -9999 -9999 -9999 -9999 -9999 -9999 -9999 -9999 -9999 -9999 -9999 -9999 -9999 -9999 -9999 -9999 -9999 -9999 -9999 -9999 -9999 -9999 -9999 -9999 -9999 -9999 -9999 -9999 -9999 -9999 -9999 -9999 -9999 -9999 -9999 -9999 -9999 -9999 -9999
-9999 -9999 -9999 -9999 -9999 -9999 -9999 -9999 -9999 -9999 -9999 -9999 -9999 -9999 -9999 -9999 -9999 -9999 -9999 -9999 -9999 -9999 -9999 -9999 -9999 -9999 -9999 -9999 -9999 -9999 -9999 487.7 489.7 -9999 -9999 -9999 -9999 -9999 516.4 523.7 -9999 -9999 -9999 -9999 -9999 -9999 -9999 -9999 -9999 -9999 -9999 -9999 -9999 -9999 -9999 -9999 -9999 -9999 -9999 -9999 -9999 -9999 -9999 -9999 -9999 -9999 -9999 -9999 -9999 -9999 -9999 -9999 -9999 -9999 -9999 -9999
-9999 -9999 -9999 -9999 -9999 -9999 -9999 -9999 -9999 -9999 -9999 -9999 -9999 -9999 -9999 -9999 -9999 -9999 -9999 -9999 -9999 -9999 -9999 -9999 -9999 -9999 -9999 -9999 -9999 -9999 -9999 -9999 -9999 -9999 -9999 499.9 505.2 -9999 517.1 524.7 532.6 540.2 548.2 -9999 -9999 -9999 -9999 -9999 -9999 -9999 -9999 -9999 -9999 -9999 648.3 654.5 -9999 -9999 -9999 -9999 687.4 693.8 -9999 -9999 -9999 -9999 -9999 -9999 -9999 -9999 -9999 -9999 -9999 -9999 -9999 -9999
-9999 -9999 -9999 -9999 -9999 -9999 -9999 -9999 -9999 -9999 -9999 462 462.5 463 465 465.7 -9999 -9999 -9999 -9999 -9999 -9999 -9999 -9999 -9999 -9999 -9999 -9999 476.5 477.8 479.2 -9999 -9999 486.5 489.9 493.8 497.8 502.7 509.5 515.9 522 527.8 534 540.5 548.8 559.2 570.1 581.2 587.4 594.4 600.3 606.2 612.2 622.3 630.1 638.9 647.6 656.3 -9999 -9999 -9999 680.6 687.5 696.1 -9999 -9999 -9999 -9999 -9999 -9999 -9999 -9999 -9999 -9999 -9999 -9999
-9999 -9999 -9999 -9999 458.9 458.8 459 458.6 459.2 459.5 459.8 462.5 460.4 460.5 461.8 462.1 462 462.4 462.1 462.2 462.6 463.8 464.7 465.3 465.5 465.4 464.3 463.2 462.3 461.6 462.7 464 465.9 469.1 471.1 473.1 475.9 479 481.4 486.8 490.9 495.6 500.4 505.7 512.9 522.6 533 543.5 554.8 545.4 556.2 566.8 579.5 586.8 595.3 605.4 615.7 626.2 636.1 625 635 -9999 660.8 667.2 674.9 681.9 692.2 -9999 -9999 -9999 -9999 -9999 -9999 744.9 750 752.8
458.1 458.4 457.9 458.2 458.1 457.5 457.8 457.7 457.3 457.1 456.4 456.2 455.5 455.9 458.1 454.4 452.9 453.1 452 450 447.8 445.2 445.8 442.9 441.3 440.7 433.6 436 432.2 428.5 425.6 425 425.8 426 426.6 426.3 427.3 428.8 431.2 434.8 437.2 444 447.9 452.4 456.8 463.4 472.1 481.1 490.5 498.6 504.5 513.8 523.1 528.6 534.8 543.1 554.5 566 577.5 586.4 592.5 599.3 605.4 611.9 621.3 629.4 643.7 654.5 665.4 673.3 677.7 682.1 685.7 687.8 693.1 698.4
454.7 454.9 454.4 453.7 452.3 451.7 449.5 448.3 446.4 444.9 444 443.3 442.6 441.3 438.9 435.1 430.8 426.4 421.7 418.9 416.5 408.8 410.8 404.7 399.1 393.2 389.1 386.2 378.3 377.5 372.8 369 366.5 365.3 363.6 362.9 362.8 363.8 365 366.8 369.2 372.3 375.5 379.8 384.7 389.8 395.3 402.1 409.4 417.5 425.9 435.2 444 450.2 457.1 463.7 470.2 481.1 492.6 501.7 508.9 516.7 525.3 537.4 538.8 555.7 561.7 573.2 584.5 592.4 597.4 601.6 605.2 608.3 613.6 621.3
439 439.8 439.7 433.1 431.8 431.1 431 427.6 421.4 420.9 416.1 413.1 407.8 402.3 397.3 393 388.9 383.5 375.7 369.8 365.4 357.8 352.3 346.9 341.3 335.3 329.2 324 319 314 309 305.8 302.7 301.2 298.9 296.3 294.4 293.4 292.8 292.6 293.4 295 299.7 300.8 304.8 309.6 314.9 318.5 327.1 330.1 337.5 344.6 352.9 360.5 368.8 376.8 384.6 392.7 399.9 408.5 417.9 428.4 439 450 459 466.1 473.4 480 486.5 494.8 505.2 516.2 526 510.7 516.4 542.5
404.6 405.3 403.1 394.1 395.3 392.3 387.5 382.3 376.3 371.5 366.4 360.3 354.3 345.1 340.8 333.5 326.7 320.5 314.1 307.9 301 294.9 288.5 285 276.1 271.1 265.2 261.1 257.3 254.2 248.9 241.5 238.8 237.4 236.3 229 229 229.2 226.2 225.1 226.2 228 230.3 233.2 232.6 234 237.3 239.4 242.2 247.2 253.5 260.5 267.7 274.5 280.9 287.2 294.6 302.9 310.6 318.2 325.6 333.2 340 347.8 355.9 364.6 372.8 377.9 385 390.8 399 406.9 415.7 423.8 429.8 434.4
357.1 353.7 350.2 345.6 340.4 335.2 329.3 322.7 317.6 311.3 305 298.5 292 285.5 279.2 271.9 265.5 259.9 253.2 250.2 242.7 237.4 231.6 228.6 225.2 215.3 210.9 206.7 202.5 198.1 193 189.5 188.1 186.2 183.5 180.9 179.2 177.3 176.3 174.2 171.3 173 169.3 165.9 174.4 176.1 175.7 174.7 178.1 179.7 184.5 189.6 195.1 200.7 205 210 214.1 219.4 225.4 232.1 236 243.2 250.1 256.9 263.2 268.8 274.5 280.3 287.3 294.3 300.9 307.2 313.6 319.4 325.2 330.1
303.1 298.4 293.8 289.1 284.3 277.9 269.9 261.9 253.4 249 244.4 240.3 235.8 231.6 228.6 222.6 218 212.5 207.8 202.6 198.1 193.1 188.4 183.6 181.3 176.4 174.6 170.2 165.9 161.4 156.8 151.7 147.2 148.1 144.4 139.5 133.5 131 130.8 126.4 125.3 120.2 118.6 117.6 116.1 114.6 117.2 114.8 117.5 120 122.4 124.4 128.6 131.8 133.6 135.5 140.6 141.8 147.6 152.6 159.3 164.7 171.7 178.1 183 187.5 192.7 197.5 208.3 213.6 215.5 225.2 229.8 233.8 237.9 240.7
243.9 239.7 235.7 231.4 227.4 223.5 219.4 209.4 200.8 198.6 195.7 193 190.6 188.3 181.5 174.7 181 169 167.2 165.2 162.5 160.7 158.3 154.9 150.3 146.6 142.6 138.8 138 132.8 129.8 125.6 120.3 120.2 113.7 112 105.5 103 99.5 94.7 90.5 86.1 82.2 81.6 76.1 74.8 73.6 71.9 73.6 72.4 72.3 72.7 73 73.2 74 76.4 79.9 83.8 88.3 92.2 95.7 99.4 107.9 109.1 115.5 121.8 126.8 131.1 141.1 147.4 145.9 151.6 157.2 162.9 167.9 173.7
191.1 187.3 183.4 179.3 175.9 173.1 169.8 167.4 162.3 161.8 159.6 156.8 155.4 153.4 149.8 144.2 138.2 133.2 133.1 132.2 130.2 128.8 127.4 125.9 124.5 122.9 120.8 119.1 117.2 115.2 112.6 109.6 107 103.7 99.8 96.7 93.2 89.3 85.2 81.7 76.5 68.7 63.2 58.3 54.1 49.1 45.4 42.4 40 38.3 37 35.3 35.3 37.6 38.1 41.7 43.4 45.5 50.1 52 52.9 57.9 61.7 67.7 72.8 73.8 81.1 85 89.6 95.3 98.7 104.3 109.4 114.3 119.1 123
161.3 156.6 152.1 148.5 144.2 140.9 138.3 135.3 133.2 129.1 130.2 128.7 127.3 126.2 125.1 120.4 116.3 112.1 107.2 108.5 107.6 106.9 106.3 105.6 103.5 103.1 102.1 101.2 100.2 99.4 98.3 97 95.3 93.7 92.6 91.3 89.5 87 84.5 81.5 77.5 72 64.2 54.5 43.3 33.2 26.5 22.4 21.9 21.9 22.5 23 23.5 23.5 24.6 25.6 26.9 28.2 29.8 31.5 32.7 34.4 36.4 39.1 42.1 44.8 47.8 53.6 56.2 60.9 64.9 69.2 73.7 77.5 81.3 85.3
141.8 136.9 132.7 128.6 124.8 121.5 118.7 115.9 113.5 110.1 105 100.5 102.3 101.2 100.4 99.2 98.4 95.7 92.7 93.9 92 91.2 90.9 89.9 89.5 89 89.1 87.9 87.6 85.8 85.5 84.1 82.5 81.5 80.3 79.5 78 76 73.9 70.6 66.8 61.3 53.8 44.8 34 25.3 22.1 21 20.4 20.3 20.6 21 21.5 22.1 20.6 21.4 21.5 22.4 23.4 24.5 25.9 26.9 28.2 29.3 30.5 32.7 33.6 35 37.5 39.8 42.2 46.7 48.6 52.6 56.1 60.2
124.8 120.2 115.9 111.9 108.3 105.3 102.3 99.6 97.3 93.9 89.7 86 82.2 78.8 89.6 86 83 80.4 77.7 78.3 77.5 77 75.7 74.7 73.8 72.7 71.6 70.5 69.2 68.1 67.1 66.2 64.7 63.3 60.9 59.2 56.9 54.7 52 48.8 45.1 41.9 38.5 34.2 30.3 26.8 23.6 22.2 21.2 20.9 20.5 20.3 20.3 20.5 20.6 21 21.4 22.2 21.8 22.8 23.5 24.3 25.3 24.4 25.4 26.6 27.6 29 30.4 31.6 33.2 34.8 36 38.5 40.8 44.8
107.9 103.7 99.7 95.2 91 86.7 83.3 80 76.6 73.7 71 72 68.6 65.4 62.6 65.5 64.5 63.2 62 58.3 57.9 56.7 55.3 53.8 54.2 53.3 52.4 51.3 50.4 49.7 49 48 47.1 45.4 43.9 42.4 40.8 39.1 37.2 35.2 33.7 30.9 29.3 27.3 25.2 23.3 22.6 21.2 20.4 19.9 19.6 19.4 19.4 19.3 19.6 19.5 19.7 20 20.3 20.7 21.1 20.9 21.9 22.4 23.2 23.9 24.7 25.9 26.8 28.1 29.1 30.9 32.3 33.9 33.8 35.7
84.7 80.9 77.6 74.3 71.1 69 66.1 63.8 61.6 59.4 57.3 54.6 52.7 50.8 48.6 46.8 45.5 43.9 45.2 43.5 42.3 41.4 40.9 40.9 40.1 37.6 38.6 37.8 35.3 34.8 33.7 33.9 32.7 31.4 30 28.8 29.1 26.4 25.6 24.9 24 23.3 22.4 21.8 20.8 20.1 19.4 18.6 18.5 18.1 17.8 17.5 17.9 17.6 17.7 17.8 17.7 18 18.1 18.2 18.5 18.8 19.1 19.4 19.2 20 20.5 21.1 21.6 22.4 23.2 23.9 24.8 26.2 27.5 27.8
65.3 62.4 59.3 56.4 54 51.5 49.7 47.4 45.6 43.5 41.9 40.4 39.3 37.5 36.6 35.2 34.2 33.3 32.1 30.9 29.3 28.2 26.9 29.5 26.6 26.4 25.4 24.8 24.8 24.1 22.7 22.1 21.3 20.5 20 19.5 18.7 18.8 19.7 19.3 17.3 16.9 16.7 16.3 16 15.8 15.8 15.7 15.7 15.3 15.5 15.4 15.6 15.4 15.5 15.5 15.5 15.7 15.7 15.9 16 16.2 16.3 16.6 16.7 17.1 17.2 17.5 17.5 18.1 20.3 20.4 20.7 21.1 24.4 22
53.5 51.1 48.6 46.4 44.5 42 40.4 38.5 37 35.5 33.9 32.4 30.9 29.6 28.5 27.4 26.3 25.1 24 22.9 21.3 20.2 18.9 20.8 19.5 17.5 17 16.3 16.2 15.4 15.4 14.8 14.4 14.4 14 13.7 13.6 13.7 13.2 13.1 13.1 12.9 12.8 12.7 12.8 12.8 13.1 13 12.9 12.9 12.9 12.9 13 13.1 13.1 13.3 13.3 13.4 13.5 13.7 13.9 13.9 14.1 15.9 16.1 16.4 16.5 16.7 17 17.3 15.9 16.4 16.4 16.5 17.5 16.9
43.1 40.5 39 37.1 35.3 33.6 31.9 30.4 28.9 27.2 25.8 24.7 23.4 22.3 21.3 20.2 19.5 18.3 17.7 16.5 15.7 14.5 13.9 14.5 14 12.3 12 12 11.7 11.3 11.2 11.1 10.8 10.8 10.5 10.6 10.4 10.5 10.4 10.4 10.5 10.3 10.5 10.5 10.5 10.5 10.6 10.7 10.6 10.9 10.8 10.9 10.8 10.9 11.1 11.2 11.3 11.5 11.5 11.7 11.6 11.8 12.1 12.2 12.3 12.5 12.7 12.9 13.1 13.2 13.4 13.4 13.6 14.3 13.9 14.3
32 28.8 27.1 25.6 24.3 25.3 21.8 21 20.1 19.4 18 17.2 16.7 16 15.7 14.8 14.2 13.5 12.9 12 11.2 10.6 10.2 10.5 10.2 9.5 9.3 9.1 9 8.8 8.6 8.4 8.4 8.1 8.2 8.1 8.2 8.1 8.2 8.2 8.2 8.2 8.3 8.2 8.4 8.4 8.5 8.5 8.5 8.5 8.6 8.7 8.8 8.8 9 9 9.2 9.2 9.3 9.4 9.5 9.6 9.8 9.8 10.1 10.2 10.3 10.4 10.6 10.7 10.8 10.9 11.3 11.3 11.6 11.6
24.1 21.6 20.4 19.1 18 16.7 15.5 15.3 14.5 13.8 12.8 11.5 10.7 10.8 10.3 9.8 9.2 8.9 8.7 8.4 8.2 8.1 8 8 7.7 7.3 7.1 7 7 6.8 6.6 6.5 6.5 6.4 6.5 6.4 6.3 6.3 6.3 6.4 6.2 6.3 6.4 6.4 6.4 6.4 6.4 6.5 6.5 6.6 6.6 6.6 6.7 6.7 6.8 6.8 6.9 7 7 7.1 7.2 7.3 7.4 7.5 7.7 7.7 8 8 8.2 8.4 8.3 8.6 8.6 8.8 8.9 9.2
17.1 15.9 14.7 13.6 13.4 12.6 12.2 11.6 11 10.6 10 9.4 8.5 8.2 7.9 7.5 7.2 6.9 6.8 6.6 6.4 6.1 6.1 5.9 5.6 5.6 5.5 5.4 5.4 5.4 5.3 5.2 5.1 5 5.1 4.9 4.9 4.9 4.9 4.8 4.7 4.8 4.8 4.7 4.7 4.7 4.8 4.9 4.9 4.9 5 5 5 5.1 5.1 5.1 5.3 5.3 5.3 5.4 5.4 5.5 5.5 5.5 5.8 5.9 5.9 6 6.1 6.2 6.4 6.5 6.5 6.7 6.8 6.8
12.4 11.8 11 10.4 9.7 9.2 8.9 8.7 8.2 7.7 7.5 7.2 6.9 6.6 6.4 6.2 6.2 5.9 5.7 5.6 5.4 5.2 5.1 4.9 4.8 4.7 4.6 4.5 4.5 4.4 4.4 4.3 4.3 4.3 4.1 4 4 4 3.9 4 4.1 4.1 4 4 4 3.9 3.9 3.9 3.9 3.9 4 4 4 4 4.1 4.1 4.1 4.2 4.2 4.2 4.2 4.3 4.4 4.4 4.4 4.6 4.6 4.8 4.8 4.9 5 5 5.2 5.2 5.3 5.3
9.1 8.8 8.6 8.2 8 7.4 7.2 7.1 6.8 6.6 6.4 6.2 6.1 5.8 5.6 5.4 5.2 5 4.9 4.7 4.7 4.7 4.5 4.4 4.3 4.3 4.1 4.2 4.1 4 3.9 3.9 3.8 3.8 3.7 3.7 3.7 3.7 3.6 3.6 3.5 3.6 3.5 3.4 3.4 3.4 3.4 3.4 3.4 3.4 3.5 3.5 3.4 3.3 3.5 3.6 3.6 3.4 3.4 3.5 3.5 3.6 3.6 3.7 3.8 3.8 3.9 3.9 3.9 4 4 4 4.1 4.1 4.2 4.2
7.8 7.4 7 6.8 6.4 6.3 6.2 6.1 5.9 5.8 5.6 5.5 5.3 5 4.8 4.8 4.5 4.4 4.5 4.3 4.3 4.2 4.1 3.9 3.8 3.7 3.8 3.7 3.6 3.6 3.6 3.5 3.5 3.5 3.4 3.4 3.3 3.4 3.3 3.3 3.3 3.2 3.2 3.2 3.2 3.2 3.1 3.2 3 2.9 3 3 3 3.1 3.1 3.1 3.1 3.1 3.1 3.1 3.2 3.1 3.1 3.2 3.2 3.2 3.3 3.3 3.3 3.4 3.4 3.4 3.4 3.4 3.6 3.5
