datasets/global_precipitation_1950_2017/rasters/precip_2016-total.asc
NCOLS 720 
NROWS 347 
XLLCORNER -180 
YLLCORNER -90 
CELLSIZE 0.5 
NODATA_value -9999 
[rows 204 to 237 of 347, columns 608 to 683 of 720]
817.4 823.1 816.1 776.1 610.9 569.1 560.2 548.3 590.5 539.2 573.2 563.1 553.7 550.3 544.3 532.8 487.7 451.7 454.7 469.9 529.2 559.2 526.3 607.1 590.6 547.4 575.9 475.2 505.5 544 442.3 507.2 497.5 508.8 592.4 674.8 786.3 803.1 838.3 799 627.6 556.1 729.4 1111.5 1690.7 -9999 -9999 -9999 -9999 -9999 -9999 -9999 -9999 -9999 -9999 -9999 -9999 -9999 -9999 -9999 -9999 -9999 -9999 -9999 -9999 -9999 -9999 -9999 -9999 -9999 -9999 -9999 -9999 -9999 -9999 -9999
787.4 787.5 789.5 742.1 632.8 565.7 545.5 527.9 602.5 545.6 538.4 503 516.1 550 561.1 569.1 493.8 457.2 458.8 456.3 467.9 520.2 522.7 552.5 570.3 576.4 543.6 491.5 469.8 482.7 488.3 495.1 501.4 489.3 515.9 560.1 676.4 723.4 723.6 590.2 690.3 639.2 559.9 608.1 1172.6 904 -9999 -9999 -9999 -9999 -9999 -9999 -9999 -9999 -9999 -9999 -9999 -9999 -9999 -9999 -9999 -9999 -9999 -9999 -9999 -9999 -9999 -9999 -9999 -9999 -9999 -9999 -9999 -9999 -9999 -9999
771.7 766.8 772.2 718.6 622.5 540 487.1 466.4 484.5 497.2 519.9 517.5 540.3 569 578.7 579.9 528.2 480.9 468.4 444.5 443.1 484.7 506.2 513.2 526.9 568.3 556.1 554.2 576.7 471.5 480.8 478.1 461.5 495.7 508.8 541.4 616.2 580.1 625.3 695.7 731.1 656.4 552.4 463.7 549 617.1 757 639.2 -9999 -9999 -9999 -9999 -9999 -9999 -9999 -9999 -9999 -9999 -9999 -9999 -9999 -9999 -9999 -9999 -9999 -9999 -9999 -9999 -9999 -9999 -9999 -9999 -9999 -9999 -9999 -9999
727.3 759.8 762.6 693.9 578.6 479 438.9 421.6 436.6 476.6 512.6 520.1 597.7 644.2 616.1 603.4 542 497.5 474.7 460.6 457.9 465.2 472.4 486.4 513.2 547.2 530.6 492 565.8 561.9 521.1 512.8 476.6 542.9 583.8 578.6 530.8 563.1 642 549.4 517.3 602.1 634 591.3 607.3 559 526 504.4 709.7 1425.3 -9999 -9999 -9999 -9999 -9999 -9999 -9999 -9999 -9999 -9999 -9999 -9999 -9999 -9999 -9999 -9999 -9999 -9999 -9999 -9999 -9999 -9999 -9999 -9999 -9999 -9999
428.8 673.3 761.4 641.7 505.2 438 420 419.9 438.9 481.8 518.9 529.6 670.3 665 602.6 566.8 522.2 499.3 487.1 478.9 459.4 467 469.8 482 489.2 485.7 456.6 418.9 472.5 489.2 579.9 559.5 499 497 432.3 473.7 520 543.1 541.8 532.3 454.6 490.4 551.3 578.3 636 634.2 581.2 530.1 817.1 1557.4 -9999 -9999 -9999 -9999 -9999 -9999 -9999 -9999 -9999 -9999 -9999 -9999 -9999 -9999 -9999 -9999 -9999 -9999 -9999 -9999 -9999 -9999 -9999 -9999 -9999 -9999
247.7 385.2 588.5 575.2 477.1 423.3 417.5 425.8 452.3 490.9 525.6 545.5 573.9 571 536.2 502.1 497.5 499 501.9 486.9 479.5 498.5 495.4 487.1 465 428.4 386.7 340.1 324.9 432.9 570.9 636.5 570.7 498.6 407.9 442.6 488.4 613.5 564.5 488.4 499.3 499.3 534.2 615.6 556.8 608.6 621.9 620.1 983 1385.3 -9999 -9999 -9999 -9999 -9999 -9999 -9999 -9999 -9999 -9999 -9999 -9999 -9999 -9999 -9999 -9999 -9999 -9999 -9999 -9999 -9999 -9999 -9999 -9999 -9999 -9999
210.2 253.9 352.2 448.3 443.2 417.7 418.8 437.8 463.5 490.5 507 513.3 509.4 497.2 482.6 469.1 475.2 497.4 507.8 524.3 468.5 479.9 478.4 480.6 452.3 407.9 366.4 323.8 324.1 462.9 612 568.7 564.8 450 471.9 528.1 605.6 615.7 563.2 449.9 420.2 499.7 592.6 611 551.4 625.9 580.4 585.5 742.7 803.4 1697.9 -9999 -9999 -9999 -9999 -9999 -9999 -9999 -9999 -9999 -9999 -9999 -9999 -9999 -9999 -9999 -9999 -9999 -9999 -9999 -9999 -9999 -9999 -9999 -9999 -9999
193 210.6 234.8 361 449.8 445.2 439 446 460 477 472.6 464.9 466.9 486.7 486.6 468.2 468.1 481.7 417.8 438.3 508.6 474 471.5 485.9 458.1 420.7 399.8 390.3 427.4 523.8 587.1 637.9 553.3 504.6 554.8 594.8 629.4 610.2 583.9 402.8 460.2 530.3 604.4 514.8 487.5 505.1 543.4 576.4 650.4 741.3 925.1 -9999 -9999 -9999 -9999 -9999 -9999 -9999 -9999 -9999 -9999 -9999 -9999 -9999 -9999 -9999 -9999 -9999 -9999 -9999 -9999 -9999 -9999 -9999 -9999 -9999
191.7 211.5 267.6 369.2 438.3 436.6 424.7 408.3 403.2 415.2 427.2 423.5 442.1 478.2 487.1 479.2 457.3 462.6 459.5 449.4 453.3 441.9 490.2 481.8 439.8 424.3 429.9 437.8 449.5 449.4 467.6 444.8 451.4 470.1 509.3 534.8 606.5 645.6 608.3 547.3 482 540.8 584.4 573.8 478.4 525.5 586 600.3 688.3 643.1 695.9 781.4 906 1358 -9999 -9999 -9999 -9999 -9999 -9999 -9999 -9999 -9999 -9999 -9999 -9999 -9999 -9999 -9999 -9999 -9999 -9999 -9999 -9999 -9999 -9999
210.8 241.9 288.2 360 412.9 419.1 409.3 391.4 371.8 360.9 369 390.3 413.5 449.3 466.6 465.7 482.4 439.5 427.1 462.7 439.6 417.8 379.3 403.8 405.1 408.9 418.5 430.7 430.6 419.7 400.5 380.7 434.8 439.2 393.8 383.2 529.3 619.7 555.4 548.5 592.4 628.1 596.3 631.4 591.2 557.9 548.8 630.6 658.8 743.9 729.1 723.1 837 943.2 -9999 -9999 -9999 -9999 -9999 -9999 -9999 -9999 -9999 -9999 -9999 -9999 -9999 -9999 -9999 -9999 -9999 -9999 -9999 -9999 -9999 -9999
226.3 253.6 302 360.7 404.2 420.6 418.3 417.2 402.2 378.1 355.5 365.2 384.4 410.1 430.3 440.1 440.8 437.9 383.8 370.7 392.8 397.1 374.5 370.6 379.6 391.1 400.6 402.6 390.7 379.8 370.1 342.5 370.2 385.3 306.3 348.7 470.9 505.8 507.4 546.9 588.9 598.5 647 681.7 662.8 633.5 769.5 712.1 642.3 670.1 693.1 631.8 463.4 651.8 859.8 -9999 -9999 -9999 -9999 -9999 -9999 -9999 -9999 -9999 -9999 -9999 -9999 -9999 -9999 -9999 -9999 -9999 -9999 -9999 -9999 -9999
242.2 269.2 310.5 359.5 396.3 420.6 436 444.4 442.1 425.5 400.5 387.1 379.9 388.6 371.2 370 426.6 408 375.1 355.5 316.8 341.1 368 373 369.1 375.5 380.6 374.2 363.3 357.5 357.2 348.6 355 355.5 338 405.3 495 480.5 473.7 507.9 600.2 622.7 606.5 646.9 667.6 622.2 637.9 601.4 597.7 522.4 642.7 576.8 639.7 612.9 803.7 1003 -9999 -9999 -9999 -9999 -9999 -9999 -9999 -9999 -9999 -9999 -9999 -9999 -9999 -9999 -9999 -9999 -9999 -9999 -9999 -9999
253.1 278.7 313.8 354.2 387.7 414.7 443 473.3 483.8 471.1 442.2 416.6 397.7 395.6 385.4 387.1 409.7 392.8 381.2 349.2 312.1 331 344.4 355.1 375 379.3 366.2 352.4 348.9 343.5 329 313 361.4 370.2 391.5 438 457.9 514.4 483.2 482.6 556.9 581.6 541.8 624.5 721.3 705.5 547.7 739.8 679.7 556.8 625.6 574.6 520.9 566.1 652.7 857.9 990.3 -9999 1029.5 -9999 -9999 -9999 -9999 -9999 -9999 -9999 -9999 -9999 -9999 -9999 -9999 -9999 -9999 -9999 -9999 -9999
257.9 280.8 311.1 347.4 375.6 400.1 432.5 478.7 516.8 497.3 463.4 432.5 406.9 399.7 402.7 379.1 395.2 390.3 387.2 382.7 373.7 345.5 340.4 340.4 351.3 353.3 332.8 333.6 328.5 326.1 323.5 337.4 387.7 402.8 435.2 459.4 470.7 471.9 420.6 445.8 464.1 527.3 526.6 654.7 695 641.5 614.8 690.5 696.4 678.8 634.8 520.4 503.9 494.5 466.2 657.8 891.5 -9999 -9999 -9999 -9999 -9999 -9999 -9999 -9999 -9999 -9999 -9999 -9999 -9999 -9999 -9999 -9999 -9999 -9999 -9999
263 284.3 314.5 350.4 372.5 379.3 409.5 448.3 478.4 482.1 462.4 435.8 411.6 401.9 405.5 413.2 407.1 411.6 401.7 390 359.5 348.4 355.3 358.9 361.2 354 319.4 307.6 309.7 310.5 308.6 328.2 395.6 402.3 434.3 466.1 469.1 456.7 431.2 428.6 470.1 502.1 591 646.8 674.4 640.2 676.2 687 706.1 688.4 597.8 526.9 532.4 521.1 469.5 516.7 755.3 921.5 -9999 -9999 -9999 -9999 -9999 -9999 -9999 -9999 -9999 -9999 -9999 -9999 -9999 -9999 -9999 -9999 -9999 -9999
271.1 287.1 318.7 358.6 391.1 400.2 406.5 429.2 449.3 459.5 454.7 436.9 418 410.8 413.5 412.9 420 410.5 406.4 378.8 362.8 371.3 367.1 362 357.8 349.8 325.5 297.5 298.2 302.1 304.3 312.3 324.7 333.9 362.8 421.1 427.1 445.5 426.5 419.3 475.3 540.7 616.1 555.8 657.7 648.7 685.7 704.4 694.5 608.1 509.8 595.6 559.1 675.5 491 633.5 630.1 952.3 -9999 -9999 -9999 -9999 -9999 -9999 -9999 -9999 -9999 -9999 -9999 -9999 -9999 -9999 -9999 -9999 -9999 -9999
278.1 287.1 316.7 357 390 409.4 416.3 427.3 438.6 446.9 446.9 435.5 422.4 414.4 409.9 403.5 395.6 378.6 357.5 357.4 350.1 356.7 361.6 348.7 346.4 341.8 310 282.1 284.4 300 301.9 294.4 298 282 327.5 382.3 406.6 416.2 401 418.1 476.7 525.6 528.3 518.4 561.5 630.7 714.6 713.5 634.6 602.6 546.3 473.1 530.2 600.3 524 641.3 536.3 941.6 -9999 -9999 -9999 -9999 -9999 -9999 -9999 -9999 -9999 -9999 -9999 -9999 -9999 -9999 -9999 -9999 -9999 -9999
281.7 287.3 317.1 354.5 385.2 406.4 421 429.4 433.4 439.3 441.6 433.5 420.9 411.5 400.8 387.3 370.8 344.3 325 302.4 319.2 306.4 326.1 344.2 327.7 319.5 293.5 278.3 274.7 286.1 283.8 279 283.1 293.4 331.3 389.3 378 390.8 426.3 453.9 477.7 522.6 499.4 491.2 514.7 618.9 608.2 559.2 556 605.7 596.5 605.3 584.7 510.2 453.5 561.1 712.2 837.4 -9999 -9999 -9999 -9999 -9999 -9999 -9999 -9999 -9999 -9999 -9999 -9999 -9999 -9999 -9999 -9999 -9999 -9999
298.4 300.2 320.8 356.3 383.2 405.5 418.3 424.5 425.6 422.4 435 424.1 411.2 398.6 382.7 365.4 345.6 325.5 310.4 299 295.4 290.1 294.4 324.6 294.5 283.7 273.5 277 280.6 268.3 260.1 261.1 282 324.1 336.9 382.3 375 390.9 380.5 395.3 429.7 451.5 454.3 462.4 478.7 514.6 585 504.6 580.2 545.3 599.2 625.1 626.3 650.1 539.7 484.3 557.6 726.4 722.8 -9999 -9999 -9999 -9999 -9999 -9999 -9999 -9999 -9999 -9999 -9999 -9999 -9999 -9999 -9999 -9999 -9999
323.3 322.7 324.7 345.1 374.1 395.7 407.6 407.3 391.8 362.9 339.3 329.4 332.4 329.3 328.2 324.7 318.8 305.3 291.1 278.6 271.9 263.9 260.9 242 253.9 246.3 247.5 260.9 262.7 257.4 248.2 235.1 247.4 290.3 346.1 384 387 388.6 373.3 376.8 416 381.7 374.2 446.8 435.1 469.9 518.5 511.1 575.9 449.9 594.7 644.9 599.7 547.1 568.5 541.7 663.9 917.7 1605 -9999 -9999 -9999 -9999 -9999 -9999 -9999 -9999 -9999 -9999 -9999 -9999 -9999 -9999 -9999 -9999 -9999
326.7 315.2 312.4 329.5 338.4 351.3 360.8 357.9 344.7 325.5 307.7 295.1 290 289.5 288.1 286.8 279.6 266.3 252.1 240.6 250.8 268.7 259 242.7 227.2 227.8 240.7 245.5 251.7 256.4 248.3 240.3 256.8 271.9 304.7 341.6 360.2 391.2 412.3 426.8 447.2 439.9 417.8 429.3 454.4 476.7 527 591.5 624.6 574.5 579.1 562.1 600 650.7 702 749.7 788.6 1038.2 1094.7 -9999 -9999 -9999 -9999 -9999 -9999 -9999 -9999 -9999 -9999 -9999 -9999 -9999 -9999 -9999 -9999 -9999
321.2 302.6 294.4 303.1 318.1 327.8 329.2 325.6 314.5 298.9 284 274.7 275.4 283.2 290.3 286.9 279.5 260.4 248 240.2 237.6 243.6 243.3 225.1 214.2 225.5 250.2 230.7 242.7 253 262.8 267.3 274.4 273.1 311.2 330.4 349.2 386.7 419.7 481.1 451.8 443.4 403 394.2 381.5 439.8 493.4 535.3 653.5 617.6 620 536.4 606.4 765.4 790.8 946.3 650.3 865.7 1137.1 -9999 -9999 -9999 -9999 -9999 -9999 -9999 -9999 -9999 -9999 -9999 -9999 -9999 -9999 -9999 -9999 -9999
300.9 290.2 283 287.3 291.7 293.5 295.5 291.8 283.9 272.2 263.7 259.2 262.9 279.4 291.3 295 285.4 266.6 240.9 247.7 256.5 225.2 208.4 212.8 206.3 231.2 263.2 283.2 280.5 266.4 278.2 304.3 292.1 288.6 320.7 348.3 347.8 387.8 356.3 409.2 410.1 399.9 385.2 385.1 394.2 400 436.6 428.9 563.1 662.9 665.7 672.8 694.1 684.7 819.5 1028.8 702.6 797.2 1022 -9999 -9999 -9999 -9999 -9999 -9999 -9999 -9999 -9999 -9999 -9999 -9999 -9999 -9999 -9999 -9999 -9999
286.7 280.9 279.9 280.5 281.8 278.8 270.8 261.7 254.8 254.4 255.9 258.3 266.5 276.7 287.9 294.3 294.6 278.6 265 246.3 240.2 226.2 216.8 215.8 213.4 207.5 235.6 261.9 281.4 282.3 279.7 281.8 290.7 305.2 324.6 368.3 371.3 365.2 404.5 388.8 378.3 376.5 386.8 387.1 392.8 408.2 435.2 511.8 595.7 639 632.6 699.2 1063 564.1 833.9 820.6 836.2 1135.8 -9999 -9999 -9999 -9999 -9999 -9999 -9999 -9999 -9999 -9999 -9999 -9999 -9999 -9999 -9999 -9999 -9999 -9999
277.6 284.7 296.2 279.4 284.9 287.4 269.2 250.3 250.7 256.4 265.5 259 275.4 286.3 290.7 291.2 302.5 291.4 285.4 270.9 243.7 235.6 208.9 222.6 230 235.2 236 274.9 322.9 374.1 291.3 265.9 287.1 337.1 360.8 381.1 378.6 398.6 396.4 397.5 391.5 397.2 422.6 440.2 432.1 458.6 488.2 598.5 641.7 665.2 662.7 671.7 613.3 738.6 849.4 763.8 604.7 864.1 -9999 -9999 -9999 -9999 -9999 -9999 -9999 -9999 -9999 -9999 -9999 -9999 -9999 -9999 -9999 -9999 -9999 -9999
264.7 247.1 274.5 291.9 294.1 302.8 292 291.2 291.4 293.5 289.3 285.6 309.3 353.6 340.8 353.2 372.2 371.2 360.1 339 268.3 228 187.8 203.4 251.7 278.5 271.4 287.9 334.4 434.1 288.6 265.2 259.7 286.8 343.9 367.5 375.8 389.3 400.3 382.1 367.8 442.5 542.3 500.1 516 560.4 585.8 626.1 754.2 758.6 870 639.2 606 880.4 921.9 815.6 975.1 1002 -9999 -9999 -9999 -9999 -9999 -9999 -9999 -9999 -9999 -9999 -9999 -9999 -9999 -9999 -9999 -9999 -9999 -9999
265 248.2 272.3 309.7 325.2 319.1 335.5 365.5 373.1 333.5 -9999 -9999 -9999 -9999 -9999 -9999 385 410.6 387.1 404.5 389.5 331.1 266.6 255.3 258.2 273.2 270.7 269.6 353.8 338.7 265.3 271.4 309.5 276 334.2 364.2 389.4 388.3 391.2 406.8 415.4 484.3 611.5 606.6 638.3 627.5 644.9 737.1 678.4 697 797.7 804 823.8 912.6 906.4 738 915.6 1024.1 -9999 -9999 -9999 -9999 -9999 -9999 -9999 -9999 -9999 -9999 -9999 -9999 -9999 -9999 -9999 -9999 -9999 -9999
273.6 271.3 265.2 312 -9999 346.8 344.3 -9999 -9999 -9999 -9999 -9999 -9999 -9999 -9999 -9999 -9999 -9999 -9999 -9999 401.7 388.5 352 351 314.3 304.5 297.9 359.1 366.2 359.7 252.9 266.1 282.8 331.5 346.6 343.6 382.7 382.2 369.1 400.9 405.4 471.2 565.2 604.1 643.4 635.5 725 794.5 822.4 879.6 837.3 681.7 727 729.3 868.2 1222.6 1140.6 -9999 -9999 -9999 -9999 -9999 -9999 -9999 -9999 -9999 -9999 -9999 -9999 -9999 -9999 -9999 -9999 -9999 -9999 -9999
305.1 298.1 -9999 -9999 -9999 -9999 -9999 -9999 -9999 -9999 -9999 -9999 -9999 -9999 -9999 -9999 -9999 -9999 -9999 -9999 472.3 410.6 375.8 395.9 408.2 358.8 269.9 398.1 520.8 424.9 349.4 264.9 281 310.2 322.2 319.7 370.4 383.6 373.6 435.1 481.1 491.6 553.8 584.6 624.8 645.9 721.1 776.1 922.2 772.7 980.8 976.9 1226.8 550.3 715.6 907.6 -9999 -9999 -9999 -9999 -9999 -9999 -9999 -9999 -9999 -9999 -9999 -9999 -9999 -9999 -9999 -9999 -9999 -9999 -9999 -9999
-9999 -9999 -9999 -9999 -9999 -9999 -9999 -9999 -9999 -9999 -9999 -9999 -9999 -9999 -9999 -9999 -9999 -9999 -9999 -9999 -9999 454.5 380.5 381.4 465.3 480.6 423.2 -9999 635.5 659 361.1 295.8 325.2 343.5 322.9 281.6 362.6 369 381.4 422 458.5 479.8 558.4 661.8 689.2 659.6 674.2 706.1 821 803.9 1043.8 968.8 846.9 850.7 978.2 -9999 -9999 -9999 -9999 -9999 -9999 -9999 -9999 -9999 -9999 -9999 -9999 -9999 -9999 -9999 -9999 -9999 -9999 -9999 -9999 -9999
-9999 -9999 -9999 -9999 -9999 -9999 -9999 -9999 -9999 -9999 -9999 -9999 -9999 -9999 -9999 -9999 -9999 -9999 -9999 -9999 -9999 -9999 559.8 473.2 416.4 467.5 -9999 577.2 647.7 724.2 404.6 342.8 472 462.2 330.8 281.3 390.5 373.4 381.5 429.7 420 512.1 573.5 589.5 732.3 657.5 630 631.9 780 762 1139.8 966.1 861.9 571.7 1301.6 -9999 -9999 -9999 -9999 -9999 -9999 -9999 -9999 -9999 -9999 -9999 -9999 -9999 -9999 -9999 -9999 -9999 -9999 -9999 -9999 -9999
-9999 -9999 -9999 -9999 -9999 -9999 -9999 -9999 -9999 -9999 -9999 -9999 -9999 -9999 -9999 -9999 -9999 -9999 -9999 -9999 -9999 -9999 -9999 522.7 519 -9999 -9999 653.3 463.1 797.7 456.5 360 344.1 320 333.5 298.2 351.9 383.9 384.6 398.1 435.1 438.7 535.5 671.4 699 766.4 731.4 755.9 975.3 782.8 1034.4 956.1 878.5 812.5 -9999 -9999 -9999 -9999 -9999 -9999 -9999 -9999 -9999 -9999 -9999 -9999 -9999 -9999 -9999 -9999 -9999 -9999 -9999 -9999 -9999 -9999
-9999 -9999 -9999 -9999 -9999 -9999 -9999 -9999 -9999 -9999 -9999 -9999 -9999 -9999 -9999 -9999 -9999 -9999 -9999 -9999 -9999 -9999 -9999 611.7 -9999 -9999 -9999 516.8 -9999 813.2 507.6 425.3 408.7 361.3 360.6 352.9 353.9 350.4 406.2 409.3 397.8 447.3 510.1 546.5 665.6 633.6 787.2 827.2 731.7 956.2 686.7 630.7 941 1366.9 -9999 -9999 -9999 -9999 -9999 -9999 -9999 -9999 -9999 -9999 -9999 -9999 -9999 -9999 -9999 -9999 -9999 -9999 -9999 -9999 -9999 -9999
-9999 -9999 -9999 -9999 -9999 -9999 -9999 -9999 -9999 -9999 -9999 -9999 -9999 -9999 -9999 -9999 -9999 -9999 -9999 -9999 -9999 -9999 -9999 -9999 -9999 -9999 -9999 -9999 -9999 1253.8 442 491.4 498.4 427 418.6 359.9 385.3 382.8 385.1 401.5 454.3 456.5 437.1 560 670.2 754.5 795.4 844.6 1149.4 1234.1 815.6 762.9 1063 -9999 -9999 -9999 -9999 -9999 -9999 -9999 -9999 -9999 -9999 -9999 -9999 -9999 -9999 -9999 -9999 -9999 -9999 -9999 -9999 -9999 -9999 -9999
