datasets/global_precipitation_1950_2017/rasters/precip_2002-total.asc
NCOLS 720 
NROWS 347 
XLLCORNER -180 
YLLCORNER -90 
CELLSIZE 0.5 
NODATA_value -9999 
[rows 102 to 135 of 347, columns 532 to 607 of 720]
391.3 414.1 408.3 397.1 380.7 359.1 368.2 379.3 402 434.4 462.1 481.6 498.4 510 510.8 503.6 517.1 530.3 533.6 523.8 500.6 463.9 445 464.6 508.2 535.1 518.4 497.2 485.2 499.4 537.7 568.4 573.3 582.8 569.5 595.2 578.3 589.4 655.9 700.2 811.5 861.5 932.1 1036.8 1026.6 832.9 682.1 711.8 797.6 832.9 908.4 966.3 897.7 771.2 873.8 1094.5 1110.4 1164.4 1332.9 1359.2 1283.2 1129.4 1101.4 1077.4 1059 1044.8 1070.9 1053.1 1068.6 1082.9 1151.1 -9999 -9999 -9999 -9999 -9999
579.5 576.6 519.2 430.5 377.8 359.6 350.6 340.4 358.1 408.6 458.6 495.5 511.5 533.1 529.5 502.1 537.3 595.6 660.1 665.3 577.4 510.8 484.8 497.9 542.6 553 535.7 521.6 532.1 528.1 550.7 573.2 569.6 601.2 657.7 711.2 696.2 684.5 769 908.3 951.7 955.7 987.6 1060.9 1085.8 1029.8 976.9 1014.8 1002.5 938 1013.1 1025.6 968.6 894.2 733 1107.5 1243.4 1329.1 1403.5 1414.3 1339.1 1186.9 1134.2 1107.2 980.5 1051.1 1095.3 1093.6 1101.6 1145.8 1238.9 1239.6 -9999 -9999 -9999 -9999
1063.9 947.7 698 471 360.4 342.3 351.7 330.1 335.8 399.2 459 503.3 532.9 586.9 613 595.2 611.9 662.6 730.5 738 619.9 522.7 474.6 493.8 525.8 547.5 547.1 553.8 570.7 558 567.4 576.4 519.8 593.9 800.8 903.5 772.8 713.9 818.8 959.5 1014 1005.3 893.4 1071.4 1154.4 1211.4 1263.4 1335 1328.5 1337.8 1412 1343.1 1185.4 1179.1 1163.4 1327.1 1462.2 1492.7 1474.9 1480.9 1582.3 1474.7 1361 1280.7 1295.3 1371 1245 1204 1166.7 1226.3 1301.8 -9999 -9999 -9999 -9999 -9999
1894.6 1479.6 929.1 542.7 390.6 360.8 383.4 392 398.1 431.9 474.5 511.1 558.8 639.4 703.6 679.9 684 717.5 749.5 737.4 663.7 563 507.3 498.2 527 556.8 567.7 591.9 625.7 610 621.4 654.2 603.2 705.3 865.9 825.8 796.9 828.8 922.9 1028.8 1180.6 1124.9 1141.9 1239.4 1209.1 1303 1406.6 1460.8 1486.1 1525.2 1624.6 1579.5 1454.1 1379.3 1417.5 1476.7 1652 1582.8 1596 1605.3 1536.6 1468.8 1430.5 1645 1749.2 1615.4 1537.9 1476.3 1416.6 1373.9 1349.5 -9999 -9999 -9999 -9999 -9999
2353.1 1920.8 1162.9 621.8 492.2 478 478.7 473.7 468.1 477.6 494.9 507.3 535 597.9 660.1 692.9 718.3 763.3 818.7 848.2 776.8 669.6 577.5 553.1 564.2 579.7 563.1 635.5 734.7 729.9 746.5 784 826 1010.8 1117.4 951.2 885.7 886.1 954.8 1087.1 1181.1 1213.5 1243.7 1403.3 1395.8 1443.7 1519.7 1528.9 1612.7 1602 1621 1604 1693.2 1619.4 1625.9 1628.8 1605.9 1643.9 1647.5 1703.9 1698.6 1534.1 1555.6 2047.7 2588.8 2076.3 1941.9 1734.1 1747 -9999 1612.5 -9999 -9999 -9999 -9999 -9999
2254.9 1817.9 1186.2 682.4 626.2 569.4 577.5 554.8 517.8 507.7 529.2 485.7 465.7 497.2 582.7 682.4 705.9 760.4 843.1 902.3 902.5 824.2 704.4 655.3 657.2 602.8 573.2 675.9 771.6 805.1 833.6 811.6 841.2 1078.4 1424.3 1271.5 1160.2 1024.9 1015.8 1136.6 1219.7 1317.1 1226.7 1275.2 1380.1 1502.7 1598 1663.3 1735 1756.1 1753.4 1727.4 1719.6 1774.6 1824 1951.6 1894.6 1798.6 1778.4 1982.2 1960.2 1847.9 1863.6 1933.6 2060.2 2016 1883.6 1743 1746.4 1797.6 1705.6 1730.3 1705.8 -9999 -9999 -9999
1898.5 1188.1 561.9 642 856.1 530.4 628.7 467.7 501 497.4 481.6 432 384 354.8 448.3 714 996.9 1062 1309.9 1359.1 1365.5 1305.9 1049.5 798.6 768.5 731.4 726.3 777.9 839.2 874 928.2 882.1 871.7 840.2 1410.2 1446.5 1234.2 1145.3 1124.2 1171.5 1251.7 1316 1364.3 1360.9 1397.6 1569 1642.9 1714.6 1782.2 1853.9 1995.2 2037.6 1879.7 1860.7 1862.2 1899.2 2007.9 2005.6 1982.8 2058.9 2075 1866.2 1987.2 2015 2111.4 2180.1 1989.8 1678.3 1394.3 1772.9 1775.5 1769.1 -9999 -9999 -9999 -9999
894.4 468.7 348.1 924.4 1394.9 1856.5 1081.4 379.5 452.8 432.4 409.2 363.9 308 260.5 294 1327.6 2613.4 3253.4 3556 2996.4 2634.6 2581.4 2094.7 1232.2 983.5 882 860.4 842.1 858.5 902.8 937.3 887.6 910.4 982.8 1070.7 1097.4 1155.3 1191 1238.1 1205.1 1234.4 1317.1 1420.6 1399.4 1501.1 1625.1 1647.3 1703.5 1806.2 1906.5 2050.6 2103.5 1883.3 1737.3 1749.3 1853.7 1994.6 2006.8 1932.8 1865.7 1867.5 1850.8 1988.6 2092 2153.5 2227.9 1983 1620.4 1637.8 1952.8 1690.9 -9999 -9999 -9999 -9999 -9999
1131.9 998 1290.2 1785 1794.2 1400.2 961.9 720.4 511.3 473.4 578.4 398.7 282.2 242 403.8 3360.5 4694.3 4735.2 4051.3 2938.4 2586 2729 2987.7 2060.4 1383.7 991.1 926 917.6 910.1 922.5 950.4 968.5 995.4 980.7 921.9 823.6 1027.6 1128.2 1158.6 1168.3 1176.7 1180.7 1275.7 1288.6 1300.6 1459.8 1588.9 1678.5 1825.2 1881.3 1909.9 1931.9 1808.9 1554.2 1621 1871.3 1989.2 1969.8 1829.4 1759.8 1896.2 2060.7 2136.3 2185.2 2120.4 2060 1858.1 1608.8 1695 1795.8 -9999 -9999 -9999 -9999 -9999 -9999
2048.9 1689.8 2623.1 1878.5 2101.4 1209.1 496 1463.2 2951.1 3094.7 2615.9 1852.2 896.4 806.7 1905.8 3409.4 3778.7 4373.3 2808 2252.4 2349.5 2803 3505.9 3195.1 2158.3 1349.2 1036.7 1015.6 1005.8 968.3 967.3 995.9 1018 985.5 872.7 780.2 842.7 894.6 889.3 989.8 1151.6 1283.2 1317.7 1269.8 1243.3 1421.8 1584.7 1622.3 1703.3 1766.5 1806.1 1897.4 2064.2 2080.5 1984.7 2002.2 2053.4 2042.2 1940.3 1911.2 2025.6 2125.8 2181.1 2345 2236.3 2033.4 1878.8 1732.5 1769.6 -9999 -9999 -9999 -9999 -9999 -9999 -9999
1471.8 1954.7 1441.8 1498.9 2599.1 2523.1 2296.3 4526.1 4459.7 3080.1 2706.3 2516 2294.4 2130.9 2133.6 2652.9 2882.8 2075.5 2064.2 2280.3 2356.8 2980.8 3611.5 3666.8 3063.8 1839.5 1169.3 1113.6 990.7 953.5 943.8 934.1 911.8 898.5 806.5 678.9 817.2 805.4 716.5 930.5 1154.8 1256.3 1294.1 1334.4 1421.5 1465.9 1592.7 1593 1668.6 1758.7 1738.3 1832.6 2345.3 2980.9 2370.7 2129.4 2071.5 2113 2122.9 2057.8 2065.7 1920.4 2184.5 2180.5 2010.4 1941 1770.2 1665.3 1589.5 -9999 -9999 -9999 -9999 -9999 -9999 -9999
1411.4 1557.5 1931.8 2072.9 2899.2 3201.3 3872.6 4639.5 4176.9 2940 2883 2223.3 1832.6 1932.1 2050.3 1925.2 1864.3 2154.5 2249.8 2322.1 2502.1 3188.9 3525.2 3508.1 3150.5 2066.2 1173.5 1177.6 1025.6 989.9 969 946.1 904 892.8 889.9 845.3 878 894.1 937.6 1118.5 1215.4 1219.2 1289.7 1390.7 1464.9 1480.5 1695.3 1825.3 1816.1 1808.9 1875.2 1971.2 2101 2174.7 2241.8 2117.4 2075.5 2063.5 2058 2107.5 2198.6 2048.4 1971.3 1931.1 1753.7 1769.7 1651.6 1752.9 -9999 -9999 -9999 -9999 -9999 -9999 -9999 -9999
1258.3 1370.8 1583.7 2066.9 2346 3050.6 3253 3510.9 2759.1 2742.5 2198.1 1688.4 1715.3 1443.2 1748.6 1512.4 2249.2 2292.3 2475.9 2582.4 2502.2 2796.1 3037.5 2985.3 2463.8 1879.8 1253.4 1174.5 1182.1 1110.2 994.1 952.4 954.8 876.8 855.2 868.3 941.9 1054.2 1180.5 1291.7 1284.4 1260.2 1355.2 1460 1544.6 1631.8 1889.9 2164.2 2115.2 2014.7 2032.8 2112.2 2111.9 2184.6 2184.4 2116 2063 2044.3 2015.4 2062.9 2044.9 1926.7 1758.3 1785.8 1792 1641.7 1440.7 -9999 -9999 -9999 -9999 -9999 -9999 -9999 -9999 -9999
927.9 1199.8 1424.1 1557.2 1766.5 2062.9 2397.8 2867.3 3133.3 2713.8 2606.8 2727.5 2498.8 1483.9 1074.7 1342.8 1680.2 1944.3 2168.8 2145.6 2134.7 2370.3 2465 2290.9 1973.9 1492.3 1188.2 1229 1356.5 1222.6 1025.1 882.7 915.4 895.6 863.6 938.8 1056.3 1129.1 1244.8 1296.7 1293.4 1279.9 1432.1 1535.8 1586.5 1700 2083 2374.6 2450 2317.8 2115.6 2063.4 2105 2214.9 2177 2065.6 2037.7 2084.3 2004.7 2009.2 2061.7 1867 1649.5 1627.5 1628.6 1508.5 1399.2 -9999 -9999 -9999 -9999 -9999 -9999 -9999 -9999 -9999
1046 1123.4 1247.4 1600.7 1657.4 1994.9 2125.4 2464.9 3138.6 3353.5 10666.7 12086.9 4111.8 2725.9 2221.3 1855.2 1609.2 1605.3 1876.9 1899.8 2007.4 2252.1 2367.4 2064.2 1507.2 1296.2 1050.3 1132 1184.8 1196.9 1161.6 1096.7 979.4 958.7 961.6 957.3 1069.3 1182.2 1208.3 1293.3 1282.4 1245.1 1376.5 1529.8 1659.4 1892 2250.8 2613.8 2671.3 2466.7 2217.6 2028.4 2017.1 1987.1 1953.7 1923.1 1935 1907.6 1871.4 1858.6 1832.2 1706.4 1519.4 1436.4 1318.5 1176.9 1175.7 -9999 -9999 -9999 -9999 -9999 -9999 -9999 -9999 -9999
1064.9 1112.9 1182.7 1618.4 1568.1 1713.6 1913.9 2158.2 2568.3 2742.7 4935.7 4313.5 3370.7 2435 2646.5 1176.1 1246.8 1743.4 1859.3 1782.1 1820.9 1952.5 1984.3 1714.6 1468 1361.6 1165.9 1110.7 1150 1168 1175.8 1146.1 1000 975.6 956.5 860.8 975.3 1229.3 1368.7 1320 1252.3 1257.7 1392.4 1528.2 1618.2 1966.8 2086.2 2382.9 2392.6 2252.8 2064.7 1929.4 1982.1 1916 1802.3 1767.7 1765.5 1769.3 1738.4 1654.4 1474.3 1502 1443.5 1352.6 1127.7 1039.1 -9999 -9999 -9999 -9999 1805.7 1326 -9999 -9999 -9999 -9999
1198.7 1238.6 1466.8 1576.2 1609.9 1664.8 1816.3 2023.1 2178.6 2326.3 2550.6 2520 2544.3 2399.8 2483.3 1076.3 1270.9 1632.5 1756.7 1682.9 1739.7 1774 1769.4 1414.1 1429.2 1429.8 1269.1 1146.3 1126.8 1170.2 1109.9 1041.7 988.8 956.1 955.8 939.3 1077 1211 1321.3 1249.8 1249.3 1231.1 1325.5 1592.6 1748.2 1935 2089.9 2068.6 1924.7 2011 1807 1751.8 1834.5 1899.1 1973.8 1921.1 1755.7 1697.1 1558 1326.4 1145.1 1311.3 1293.1 1314.4 -9999 -9999 -9999 -9999 -9999 1773.2 2735.9 -9999 -9999 -9999 -9999 -9999
1207.8 1246.8 1390.4 1412.9 1517.5 1650.9 1782.9 -9999 -9999 2170.9 2292 2083.8 2344.7 1901 1896.7 1612.7 1565 1589.5 1548.1 1531.3 1638.1 1620.5 1533.1 1343.4 1355.4 1356.2 1267.2 1127 1105.7 1238 1281 1098.1 1024.6 1003 974 1334.7 1261.8 1191.9 1292.2 1318.9 1284 1226.6 1335.6 1646.4 1830.5 1955.8 1883.5 1929.8 2064 1841.2 1522.5 1570.4 1724.1 1871.8 2039.7 2105.4 1839.9 1664.6 1569 1402.5 1315.6 1331.8 1143.2 -9999 -9999 -9999 -9999 -9999 976.5 2411.4 1698.6 -9999 -9999 -9999 -9999 -9999
1255.3 1240 1352.1 1588 1602.8 1722.3 1776.1 1960.7 2039.7 2591.3 2583 2286.6 2950.2 3840.9 2255.3 1701.2 1575.9 1358.1 1145.5 1263.6 1666.1 1342.2 1560 1461.9 1358.9 1313.2 1265.1 1242.5 1309.4 1469 1623 1571.3 1419 1079 979.4 1232.7 1127.7 1657.6 1675.3 1395.3 1417.2 1427.9 1502.8 1620.5 1648.2 1771.5 1744.2 1991.8 2109.8 1807.1 1643 1641 1612.1 1719.5 1839.9 1829.1 1784.5 1711.4 1610.8 1433.7 1355.5 1361.3 -9999 -9999 -9999 -9999 -9999 -9999 935.4 2751.8 1739.9 -9999 -9999 -9999 -9999 -9999
1240.7 1302.8 1547.4 1619.2 1897.5 1899.3 1929.2 2056.6 2407.7 -9999 -9999 2600.8 2608.1 3342.1 2544.1 1862.2 1411.7 1147.2 998.7 1104.9 1744 1811.9 1445.6 1440.7 1327.3 1163.2 1227.6 1411.6 1467.2 1505.7 1678.7 2216.7 2030.5 1426.9 1368.4 1537.5 1519.9 1967.2 1976.6 1477.6 1412.5 1547 1469.7 1465.8 1330.4 1458.4 1608.4 1576.1 1749.6 1807.8 1864.9 1937.9 1797.6 1759.5 1853.4 -9999 1825.7 1806.1 -9999 -9999 -9999 -9999 -9999 -9999 -9999 -9999 -9999 -9999 1015.6 3798.3 -9999 -9999 -9999 -9999 -9999 -9999
1398.5 1367.7 1458.3 1588.2 1825.1 1943.8 1935.1 2333.9 2943.9 2856.9 -9999 -9999 2652.5 3103.1 2738.8 1921.5 1115.3 988.7 1007.5 1078.6 1192.5 1515.3 1482.6 1443.7 1315.5 1216.4 1258.9 1399.9 1459.7 1473.3 1764.9 1824.3 1951.3 1760.1 1830.9 2259.4 1598.1 1929.3 1709.6 1575 1539.9 1406.7 1371.2 1734.2 1777.9 1992.3 1739.4 1312.2 1672.4 1890.7 2145 2504.2 2451.7 2224.9 2120.2 -9999 -9999 -9999 -9999 -9999 -9999 -9999 -9999 -9999 -9999 -9999 -9999 -9999 -9999 3028 -9999 -9999 -9999 -9999 -9999 -9999
1400.5 1304.3 1275.2 1629.2 1801 1857.2 1895.5 -9999 -9999 -9999 -9999 -9999 3085.6 3254 2975.4 1791.6 1063.1 848.5 818.1 993 1118.6 1467.5 1882.6 1676.1 1374.4 1118.9 1120.7 1244.9 1464.3 1539.1 1992 2506.4 2056.2 1976.4 1884.2 1720 1588.4 1865.9 1504.1 1740.1 1452.5 1049.7 1443.9 2635.9 2695.7 2352.4 2019.3 1986.8 1953.4 2034 2368 -9999 2756.1 -9999 -9999 -9999 -9999 -9999 -9999 -9999 -9999 -9999 -9999 -9999 -9999 -9999 -9999 -9999 -9999 -9999 -9999 -9999 -9999 -9999 -9999 -9999
1362.8 1472.9 -9999 -9999 -9999 -9999 -9999 -9999 -9999 -9999 -9999 -9999 3775.9 4114.4 3656 2468.7 1264.1 712.3 830.9 937.7 967.2 2261.5 2025.7 1732 1449.4 1095.8 1025.6 1085.2 1415.4 1822.2 2258.7 2241.9 2106.6 2029.2 1819.6 1481 1370.6 1336.1 1413.7 1469.9 1295 1356.6 2340.4 -9999 -9999 -9999 -9999 -9999 2247.5 -9999 -9999 -9999 -9999 -9999 -9999 -9999 -9999 -9999 -9999 -9999 -9999 -9999 -9999 -9999 -9999 -9999 -9999 -9999 -9999 -9999 -9999 -9999 -9999 -9999 -9999 -9999
1503.6 1457.3 -9999 -9999 -9999 -9999 -9999 -9999 -9999 -9999 -9999 -9999 -9999 4371.6 4057.2 2802.9 1090.7 680.3 768.6 899.2 1058.8 1785.5 1741.5 1525.6 1427.5 1223.9 1190.7 1256.5 1423.1 1654.3 1731 1861.7 1916.1 1864.6 1635.1 1370.6 1272.3 1264.9 1679.2 1384 1297.7 1135.9 -9999 -9999 -9999 -9999 -9999 -9999 1949.4 -9999 -9999 -9999 -9999 -9999 -9999 -9999 -9999 -9999 -9999 -9999 -9999 -9999 -9999 -9999 -9999 -9999 -9999 -9999 -9999 -9999 -9999 -9999 -9999 -9999 -9999 -9999
1622.8 -9999 -9999 -9999 -9999 -9999 -9999 -9999 -9999 -9999 -9999 -9999 -9999 -9999 -9999 3566 1222.9 826.7 761.7 958.2 1019.1 1334.3 1463.9 1393.6 1325.4 1392.8 1413.7 1367.4 1319 1402.1 1446.3 1537.6 1581.1 1543.2 1476.7 1291.1 1161.9 1114.3 1400.9 1538.1 1310.8 -9999 -9999 -9999 -9999 -9999 -9999 -9999 -9999 -9999 -9999 -9999 -9999 -9999 -9999 -9999 -9999 -9999 -9999 -9999 -9999 -9999 -9999 -9999 -9999 -9999 -9999 -9999 -9999 -9999 -9999 -9999 -9999 -9999 -9999 -9999
-9999 -9999 -9999 -9999 -9999 -9999 -9999 -9999 -9999 -9999 -9999 -9999 -9999 -9999 -9999 4111.8 2728.9 932.9 789.7 978.5 1378.1 1248.9 1166.8 1201.6 1204.3 1314 1405.8 1322.1 1285.8 1199.7 1158 1241.8 1257.1 1521.2 1536.2 1326.6 1039.6 997.9 1296.5 1027.6 -9999 -9999 -9999 -9999 -9999 -9999 -9999 1632.4 1801.6 1782.8 -9999 -9999 -9999 -9999 -9999 -9999 -9999 -9999 -9999 -9999 -9999 -9999 -9999 -9999 -9999 -9999 -9999 -9999 -9999 -9999 -9999 -9999 -9999 -9999 -9999 -9999
-9999 -9999 -9999 -9999 -9999 -9999 -9999 -9999 -9999 -9999 -9999 -9999 -9999 -9999 -9999 -9999 3545.7 1270.2 930.9 951.6 1553.3 1657.1 1380.1 1199.7 1185.9 1303.8 1327.6 1125.8 1118.4 1017.7 1074.7 1016.1 1735.3 1990.5 1428 1309.6 949.7 1142.7 1146.2 1113.7 -9999 -9999 -9999 -9999 -9999 1159.1 1485.8 1712.1 1784.7 -9999 -9999 -9999 -9999 -9999 -9999 -9999 -9999 -9999 -9999 -9999 -9999 -9999 -9999 -9999 -9999 -9999 -9999 -9999 -9999 -9999 -9999 -9999 -9999 -9999 -9999 -9999
-9999 -9999 -9999 -9999 -9999 -9999 -9999 -9999 -9999 -9999 -9999 -9999 -9999 -9999 -9999 -9999 3566.2 2495.4 1314.7 1521.2 2280.5 2555.9 2203 1508.2 1267.2 1364.3 1322.2 1133.8 1088.3 1159.9 1155.3 1419 2179.7 2342.9 2117.3 2718.1 2025.4 1581.2 1382.6 -9999 -9999 -9999 -9999 -9999 -9999 1274.3 1374.2 1515 1650.9 -9999 -9999 -9999 -9999 -9999 -9999 -9999 -9999 -9999 -9999 -9999 -9999 -9999 -9999 -9999 -9999 -9999 -9999 -9999 -9999 -9999 -9999 -9999 -9999 -9999 -9999 -9999
-9999 -9999 -9999 -9999 -9999 -9999 -9999 -9999 -9999 -9999 -9999 -9999 -9999 -9999 -9999 -9999 -9999 3012.2 1699.3 1887.5 2806.8 3254.5 2810.5 1494.4 1135.6 1189.9 1133.3 1077.6 1050.5 1109.8 1288.2 1404.8 1586 1758.8 2334.9 2906.5 2712.7 2095.3 1576.7 1834.8 -9999 -9999 -9999 -9999 -9999 -9999 -9999 -9999 -9999 -9999 -9999 -9999 -9999 -9999 -9999 -9999 -9999 -9999 -9999 -9999 -9999 -9999 -9999 -9999 -9999 -9999 -9999 -9999 -9999 2002.2 1640.6 751.3 881.2 -9999 -9999 -9999
-9999 -9999 -9999 -9999 -9999 -9999 -9999 -9999 -9999 -9999 -9999 -9999 -9999 -9999 -9999 -9999 -9999 3934.2 2445.9 2521.9 2848.5 3573.6 3282.7 2126.5 1427.2 1276.8 1147.1 1085.5 1064.7 1159.5 1258.3 1320.4 1406.1 1654 1817.7 2140.1 2045.6 1924.6 2144.2 2317.3 2538.5 -9999 -9999 -9999 -9999 -9999 -9999 -9999 -9999 -9999 -9999 -9999 -9999 -9999 -9999 -9999 -9999 -9999 -9999 -9999 -9999 -9999 -9999 -9999 -9999 -9999 -9999 -9999 -9999 2514.8 1604.4 955.5 -9999 -9999 -9999 -9999
-9999 -9999 -9999 -9999 -9999 -9999 -9999 -9999 -9999 -9999 -9999 -9999 -9999 -9999 -9999 -9999 -9999 3597.4 2955.4 2865.2 3188.4 4020.6 4314.1 1850.4 1903.7 1407.9 1093.5 1181.9 1249.1 1283.4 1246.5 1294.8 1464.7 1681.8 1489.3 1423.6 1362.1 1657.3 2209.8 2210.2 2078.5 2208.6 -9999 -9999 -9999 -9999 -9999 -9999 -9999 -9999 -9999 -9999 -9999 -9999 -9999 -9999 -9999 -9999 -9999 -9999 -9999 -9999 -9999 -9999 -9999 -9999 -9999 -9999 -9999 2357.3 2215 1441.5 1381.7 -9999 -9999 -9999
-9999 -9999 -9999 -9999 -9999 -9999 -9999 -9999 -9999 -9999 -9999 -9999 -9999 -9999 -9999 -9999 -9999 3313.8 2991.2 2828.9 3185.8 3592.5 5015 4086.9 3023.2 1322.6 1070.6 1231.3 1379.7 1354.6 1147.9 1213.9 1249.2 1205.9 1275.5 1321.1 1315 1251.4 1359.9 1599.5 1788.3 1912.8 2406.5 -9999 -9999 -9999 -9999 -9999 -9999 -9999 -9999 -9999 -9999 -9999 -9999 -9999 -9999 -9999 -9999 -9999 -9999 -9999 -9999 -9999 -9999 -9999 -9999 -9999 -9999 2101.3 2059.6 1522.3 2193.2 -9999 -9999 -9999
-9999 -9999 -9999 -9999 -9999 -9999 -9999 -9999 -9999 -9999 -9999 -9999 -9999 -9999 -9999 -9999 3583.3 3490.7 3115.9 2983.2 -9999 -9999 -9999 4598.5 3409.9 1696.3 1158.6 1222.6 1354.1 1350.4 1320.9 1101.3 1063.6 1100.8 1120.5 1345.2 1241 1185.9 1183.4 1510.6 1846.9 2240.6 2353.2 2576.3 -9999 -9999 -9999 -9999 -9999 -9999 -9999 -9999 -9999 -9999 -9999 -9999 -9999 -9999 -9999 -9999 -9999 -9999 -9999 -9999 -9999 -9999 -9999 -9999 -9999 2386.6 1808.8 2587.6 -9999 -9999 -9999 -9999
-9999 -9999 -9999 -9999 -9999 -9999 -9999 -9999 -9999 -9999 -9999 -9999 -9999 -9999 -9999 -9999 -9999 -9999 -9999 -9999 -9999 -9999 -9999 4665.3 3346.1 1889.1 1252.9 1151.1 1298.1 1250.3 1246.9 948.1 892.4 1086.2 1198.5 1252.8 1201.1 1177.7 1434.5 1654.7 1686.7 2575.7 2737.4 2267.5 1962.7 -9999 -9999 -9999 -9999 -9999 -9999 -9999 -9999 -9999 -9999 -9999 -9999 -9999 -9999 -9999 -9999 -9999 -9999 -9999 -9999 -9999 -9999 -9999 2115.9 1773 1887.5 -9999 -9999 -9999 -9999 -9999
