datasets/global_precipitation_1950_2017/rasters/precip_1985-total.asc
NCOLS 720 
NROWS 347 
XLLCORNER -180 
YLLCORNER -90 
CELLSIZE 0.5 
NODATA_value -9999 
[rows 306 to 339 of 347, columns 380 to 455 of 720]
-9999 -9999 -9999 -9999 -9999 -9999 -9999 -9999 -9999 -9999 -9999 256.2 262.6 -9999 -9999 -9999 -9999 -9999 -9999 -9999 -9999 -9999 -9999 -9999 -9999 -9999 -9999 -9999 -9999 -9999 -9999 -9999 -9999 -9999 -9999 -9999 -9999 -9999 -9999 -9999 -9999 -9999 -9999 -9999 -9999 -9999 475.7 481 486.7 492 497.6 501.1 506.4 510.4 514 518.5 -9999 -9999 535.4 542 547.2 551.5 556.4 561.8 567.8 575.5 586.6 598 609.6 621.3 630.8 636.7 641.6 644.4 645.1 646.2
-9999 -9999 -9999 -9999 -9999 -9999 -9999 -9999 -9999 -9999 -9999 -9999 253.1 -9999 -9999 -9999 -9999 -9999 -9999 -9999 -9999 -9999 -9999 -9999 -9999 -9999 -9999 -9999 -9999 -9999 -9999 -9999 -9999 -9999 -9999 -9999 -9999 -9999 -9999 -9999 -9999 449.5 455.6 462.6 470.5 477.6 485 491.7 498 504.1 510.2 516 520.3 525.5 530.7 535.7 541.3 542.4 546.8 551.2 556.6 563.5 562.6 573.9 577.3 584.9 596.1 596.6 606.1 618.7 625.7 627 638.6 630.4 640.2 641.6
244.8 241.2 235.3 158.5 228.1 236.1 240 243.5 245.7 250.9 254.1 255.1 261.1 264 267.8 273 276.6 281.4 -9999 -9999 -9999 -9999 -9999 299.7 305.2 -9999 -9999 323.2 324.5 -9999 -9999 -9999 -9999 -9999 -9999 379.5 388.7 398.7 408.9 419.4 429.9 439.9 450.6 460.7 470 480 489.8 499 507.9 508.5 515.2 528.1 529.5 537.5 542.8 545.8 551.6 553.8 567.6 569.7 571.8 573.7 580.2 588 592.6 599.1 608 611.8 615.4 618.2 623.4 630.6 637 642.9 642.6 643.8
296.5 305 313.3 318 314 305.2 295.9 288.7 283.5 280.2 278.8 275.8 275.9 277 277.9 279.3 280.2 286.2 286.8 289 288.9 294.6 294.5 296.2 301.9 305.2 304.9 307.5 312 317 322.2 327.4 334 342.4 352.5 361.8 369.3 378.8 390.4 403.2 415.6 429.1 442.3 454.5 464.8 474.4 486.1 497.7 508.6 505.8 513.8 532.7 538.4 543.6 549.3 556.3 565.6 574.2 578.6 582.8 589 596.5 594.8 591.3 599.7 606.2 609 611.6 613.4 614.8 618.5 625.1 630.6 636.3 641 641.1
312.7 315.5 318.1 319 320.4 316 312 307.4 310.3 305.8 301.8 298.1 295.6 292.6 292.5 291.2 290.1 289.8 290.6 302.7 299.9 299.7 300.1 300.4 303.5 304.5 303.5 305.4 307.5 313.5 317.1 321 325.6 330.9 339 346.6 354.1 363.8 374.4 385.7 397.4 409.4 422.4 434.8 443.9 459.1 466.9 478.1 490 486.4 497.7 516.8 523.6 529.7 541.8 548.7 558.6 563.1 567.4 571.8 577.8 585.1 592 599.1 599.1 593.1 600.8 601.1 597.5 595.3 598.5 606.4 616.4 615.3 622.5 622.8
316.5 327.2 328.6 328.7 327.8 324.7 322.8 320 317 314 310.8 307.9 307.6 305.1 300 298.4 299.4 317.4 314.5 312 308.1 306.7 306.4 306 303.7 303.3 304.5 305.1 305.4 307 308.8 311.5 317 319.9 323.7 329.1 336 342.6 350.7 359.2 368 377.1 387 397.9 405.5 414.5 429.7 437.7 445.8 451.5 457.5 476 485 493.6 505 511.9 514.5 519.5 524 528.1 533.4 540.5 547.5 553.9 563.3 568.4 568.5 571.7 574.1 561.1 571.1 574.9 578.7 578.3 580.3 585.1
326.4 327.8 328.2 328.8 328.5 325.1 324.5 322.8 321.1 318.7 316.2 313.5 310.9 308.1 305.5 303 330.9 326.3 322.8 319.3 315.7 311.1 307.8 305.5 302.7 299.8 298.8 298.5 298.4 298.1 297.8 298.1 297.4 296.9 298.3 302.5 307.4 310.8 316.1 321.2 326.1 331.5 337.6 344.8 351.4 358.4 365 372.5 379.9 387.5 394.6 402.4 413.6 420.2 426.7 433.5 440 446.3 447.3 451.7 456.8 462.1 472 476.2 480.6 486 493.3 494.9 499.7 503.3 506.9 510.3 508.1 506 512.4 518
324.4 325.2 325.5 325.7 325.2 324.6 323.1 321.7 319.9 317.8 315.6 312.8 310.6 307.3 304.4 301.3 332 327 321.8 316.7 312.1 308 303.7 299.1 294.7 290.1 285.3 282.5 280 278.4 275.8 272.1 268.2 264.3 260.3 258.9 260.8 263.6 267.3 271.4 276.1 277.2 279.2 286 289.3 290.6 293.2 297.2 302 306.5 312.3 318.1 323.3 328.7 334.1 338.9 344.2 349.1 354.7 359.5 364.4 369.8 375.2 380.7 386.5 391 394.4 396.8 399.1 400.8 403.9 409.8 416.2 415.2 418.3 417
323 323.7 323.3 322.8 322.2 321.1 319.4 317.3 315.2 312.5 309.2 306.1 302.1 298.8 295.9 291.5 324.9 318.5 311.6 304.9 298.5 298.4 290.7 283.3 275.9 268.7 261.4 255.1 250.5 246.4 242.8 236.2 229.8 223.9 217.8 212.8 211.2 211 211 211.6 213.1 215.5 218.6 219.7 217 222 212.5 211.7 221.6 216.7 219.6 219.1 219 219.7 220.8 225.4 233.3 241.4 249.2 256.6 261.3 262.8 264.5 266.3 268.1 272.7 279.1 284.8 290.1 294.7 297.8 299.2 301.3 303.3 309.4 308.4
319.5 319.2 317.7 317.1 315 312.8 310.5 307.7 305.4 299 298.5 293.6 288.6 283.2 278.7 311.1 303.3 299.7 292.1 283.4 282.5 272.8 263.1 253.7 244.5 236.9 229.4 221.4 214.4 208.9 203.1 198.1 190.5 182.3 173.7 168.3 165.2 163.3 162.7 161.9 156.7 154.2 156.1 158.8 157.6 152 147.2 161.3 147 151.5 152.8 151.1 149.6 148.7 148.6 151.6 157.6 163.5 170.3 176.5 179.2 179.1 179.5 179.4 179.8 182.4 187.6 192.5 197.4 202.3 204 203.6 202.8 202.2 200.9 202.7
311.5 309.3 307.8 303.1 303.3 299 295 290 286 282.5 277.1 271.3 264.9 258.2 251.2 282.3 275.5 268.8 261.5 253.6 244.1 235 225.5 217 209.2 201.4 193.4 184.9 176.4 169.3 162.8 157.5 152.3 144.5 136.8 131.6 127 120.4 114.5 111.8 112 112.6 113.8 115.7 117.7 114.2 110.4 109.1 111.9 115.2 115.6 113.8 112.1 110.6 109.7 111.1 115.3 119.5 123.4 127.5 128.9 128.4 127.8 127.1 126.4 127.7 131.2 134.4 137.7 141 139.6 138 136.2 134.6 134.7 135
298.6 294.7 290.6 286.9 281.8 276.4 272 265.1 258.4 252.3 245.5 238.4 231.2 224.2 217.8 211.6 206.3 227.2 219.8 211.9 203.5 194.8 187.2 179.5 171.5 163.8 155.6 147.9 140 133.2 127.7 121.8 115.6 111.3 107.4 102.9 97.9 93.2 88.4 86.1 85.4 85.3 85.5 86.4 87.6 87.1 92.1 85 86.5 88.4 88.6 87.2 85.8 84.7 84 84.8 87.2 90.1 92.6 95.2 96.5 95.7 95.2 94.5 93.6 94.4 96.7 98.4 100.6 100 98.8 97 95.5 94.6 95.9 95.9
273 268.9 260.8 254.8 248.3 242.7 236.8 229.6 221.9 215.1 207.9 201.7 194.1 189.4 181.8 175.9 170.3 164.1 180.2 172.1 164.1 156.3 149.1 142.5 135.7 128.7 122.2 115.8 109.8 104.7 99.9 95.3 92.4 89.9 87.6 84.7 80.9 77.3 73.7 70.4 80.9 80.2 77.5 67.3 68.6 69.6 68.5 69.4 69.9 70.6 70.5 68.9 67.7 66.4 65.3 65.8 67.4 68.9 70.7 72.2 72.7 71.9 71.3 70.5 70 70.2 71.5 72.6 72.9 71.8 70.8 69.3 73.2 69.1 69.7 69.5
235.8 230 224.1 218.3 209.3 204.4 197.2 190.7 184.6 178.2 171.5 164.9 158.6 152.2 145.6 138.6 132.2 126.4 140.6 134.2 128.1 122.2 116.3 110.7 105.1 99.7 95 89.6 85.6 83.5 81.4 79.7 75.8 74.1 72.5 71.2 68.8 65.7 62.7 59.8 57.8 56.8 56.2 55.6 55.4 55.3 55.2 54.6 54.9 55.5 55.2 53.8 52.6 51.8 51 51 51.5 52.4 53.1 54.2 54.1 53.8 53 52.8 52.1 52.2 52.8 53 52.1 51 49.7 53.4 48.8 49.2 49.8 49.6
195.1 186.7 180.1 175.7 169.1 161.8 155.7 150.8 145.2 139.2 132 126.4 121.4 116.4 111.4 107.4 102.6 97.9 93.8 89.8 92.2 93.9 89.9 85.9 81.9 79.1 76.5 74.5 72.5 70.3 67.8 64.9 61.9 59.9 58.3 57.2 55.9 54.3 51.8 49.6 47.9 47.1 46.4 45.7 45 43.9 42.4 41.8 41.6 40.7 40.3 39.9 39.5 40.1 39.6 39.4 39.7 38.7 38.6 38.3 38.3 37.5 37.7 38.6 37.5 37.3 37.7 37.2 36.1 35.3 35.2 34.2 33.9 33 32.1 30.3
151.3 144.6 139.7 133.2 128.4 123 117.1 111.4 106.6 103.1 99.7 94.3 90.7 87.2 85 82.1 77.2 74.5 71.1 67.9 75.9 72.9 70 67.2 67.8 65.5 62.6 59.6 58.2 56.2 54.5 52.5 50.7 49.7 47.5 45.6 44.2 43 41.9 40.9 40.1 39.3 38.6 37.9 37.6 36.8 36.5 36.1 35.6 35.2 34.9 34.6 34.1 33.8 33.5 33.2 32.8 32.6 32.3 32.2 31.9 31.7 31.4 31 30.8 30.5 30.4 29.7 29.6 29.4 28.9 28.4 28 27.5 27 26.5
117 110.5 104.3 98.5 94.9 88.3 84.3 80.4 77.4 74.9 71.6 68.1 66.6 64 61.2 59.1 56.6 55.7 54.7 53.1 51.7 54.8 57.2 54.6 52.9 51.1 49.4 47.5 46.2 44.4 42.9 42.4 40.7 40.2 39.6 38.7 38.1 37.5 37.4 36.7 36.1 35.6 35.1 34.7 34.2 33.8 33.4 32.9 32.6 32.1 31.7 31.2 31.4 30.6 30.3 30.1 29.7 29.5 29.3 28.9 28.6 28.2 27.9 27.7 27.3 27.1 26.9 26.6 26.1 26 25.6 25.4 25 24.7 24.5 24.1
83.5 77.6 74.6 70.6 66.8 63.4 60 56.9 55.1 54.2 54.7 51.3 50.2 49.1 48.1 46.7 45.5 44.2 42.9 43 41.9 41.1 42.7 44.8 43.3 42.4 40.2 39.3 38.6 38.1 37.7 37.1 36.7 36.2 35.6 35.1 34.6 34.1 33.7 33.2 32.7 32.2 32 31.4 31 30.8 30.3 29.9 29.6 29.2 28.8 28.8 28.2 27.9 27.7 27.3 26.9 26.6 26.7 26.2 25.9 25.6 25.2 24.9 24.6 24.4 24.2 24 23.9 23.8 23.6 23.3 23.1 22.9 22.2 22.5
55.2 54 52.7 51.8 50.6 49.7 48 46.1 45.2 44.2 43.2 42.1 41.4 40.7 40.3 39.6 38.6 38.2 38 37.5 36.8 36.3 35.9 37.1 36.5 36.1 35.6 35.2 34.9 34.4 33.8 33.2 32.8 32.2 31.9 31.3 30.9 30.5 30.1 29.7 29.4 29.1 28.7 28.4 28.2 27.9 27.4 27 26.8 26.5 26.2 25.9 25.6 25.4 25.2 25 24.8 24.7 24 24.2 24 23.7 23.4 23.2 23 22.8 22.5 22.3 22.1 22 21.7 21.4 21.3 21.1 21 20.8
39.9 39.3 38.6 38.4 38.2 38 37.8 37.5 37.3 36.9 36.8 36.5 35.8 35.3 34.8 34.5 34.5 34.1 33.8 33.4 33.2 32.8 33.7 33.1 32.7 32.2 32 31.5 31 30.6 30.2 29.8 29.4 29.1 28.6 28.3 27.9 27.7 27.2 27 26.7 26.3 26.1 25.8 25.5 25.3 24.9 24.6 24.4 24.2 24 23.7 23.6 23.4 23.2 23.1 23 22.8 22.1 22.5 22.3 22.1 21.9 21.7 21.5 21.3 21.1 20.9 20.7 20.5 20.3 20 19.9 19.7 19.4 19.3
38.6 37.7 36.7 36.2 31.7 31.6 31.6 31.6 31.5 31.5 31.4 31.4 31.3 31.2 31.1 31 30.9 30.8 30.4 30.3 30.6 30.2 29.8 29.5 29.1 28.6 28.4 28.1 27.8 27.5 27.2 26.9 26.6 26.3 26 25.7 25.4 25.1 24.8 24.6 24.3 24.1 23.8 23.6 23.4 23.2 23 22.7 22.6 22.3 22.2 22 22 21.9 21.7 21.6 21.5 21.4 21.3 21.1 20.9 20.7 20.6 20.4 20.2 20 19.8 19.6 19.4 19.2 19 18.8 18.6 18.4 18.2 18
29.4 28.9 28.5 28.5 28.4 28.2 28.2 28.2 28.1 28 28 27.9 27.8 27.7 27.7 27.5 27.4 27.3 27.2 27.1 26.8 27 26.6 26.5 26.2 26 25.6 25.4 24.8 24.6 24.4 24.3 24.1 23.9 23.7 23.5 22.9 22.8 22.6 22.4 22.3 22.2 22 21.8 21.6 21.5 21.3 21 20.9 20.8 20.6 20.5 20.5 20.4 20.2 20.2 20.1 19.4 19.8 19.7 19.5 19.3 19.2 19 18.8 18.7 18.5 18.3 18.1 17.9 17.8 17.6 17.4 17.2 17 16.8
26.8 26.4 25.8 25.6 25.5 25.5 25.3 25.2 25.2 25.1 24.9 24.8 24.7 24.5 24.4 24.2 24.5 24 24 23.8 23.7 23.7 23.5 23.4 23.2 22.9 22.9 22.5 22.3 22.2 22 21.8 21.7 21.4 21.3 21.1 21 20.9 20.7 20.6 20.4 20.3 20.2 20.1 19.9 19.7 19.6 19.4 19.3 19.3 19.2 19.2 19 19 18.9 18.8 18.8 18.6 18.5 18.4 18.1 18 17.8 17.7 17.5 17.3 17.2 17 16.9 16.7 16.5 16.4 16.2 16 15.9 15.8
23.1 23.8 23.3 23 22.9 22.1 22.1 22 21.9 21.8 21.8 21.7 22.3 22.2 22.1 22 22 21.8 21.2 21.1 21 21 20.9 20.7 20.6 20.6 20.4 20.4 19.9 19.8 19.7 19.7 19.6 19.4 19.4 19.3 19.2 19.1 18.9 18.8 18.7 18.6 18.5 18.3 18.2 18.1 18 17.9 17.8 17.8 17.7 17.6 17.6 17.5 17.5 17.4 16.8 17.2 17.1 17 16.8 16.7 16.6 16.4 16.3 16.1 16 15.8 15.7 15.6 15.4 15.3 15.1 14.9 14.7 14.5
21 20.6 20.2 20.2 20 20 19.9 19.8 19.7 19.7 19.6 19.5 19.4 19.4 19.3 19.2 19.2 19.1 19 19 18.8 18.8 18.6 18.3 18.3 18.3 18.1 18.1 18 17.9 17.9 17.8 17.8 17.6 17.6 17.5 17.4 17.3 17.2 17.1 17.1 16.9 16.8 16.7 16.7 16.6 16.4 16.4 16.4 16.2 16.2 16.2 16.1 16.1 16 15.4 15.9 15.8 15.7 15.6 15.4 15.3 15.2 15.1 15 14.8 14.7 14.6 14.5 14.3 14.2 14.1 13.9 13.8 13.7 13.5
18.8 18.4 18.1 18.1 18 17.9 17.9 17.8 17.7 17.6 17.7 17.6 17.5 17.3 17.2 17.1 17 16.9 16.8 16.8 16.7 16.7 16.6 16.5 16.5 16.4 16.4 16.3 16.3 16.2 16.1 16.1 16 15.9 15.9 15.8 15.8 15.7 15.6 15.5 15.4 15.4 15.2 15.1 15.1 15.1 14.9 14.9 14.9 14.9 14.8 14.8 14.8 14.7 14.7 14.5 14.5 14.4 14.3 14.2 14.1 14 13.9 13.8 13.6 13.5 13.4 13.3 13.2 13.1 13 12.9 12.8 12.6 12.5 12.4
16.7 16.4 16.1 16 16 16.1 15.9 15.8 15.8 15.6 15.6 15.4 15.4 15.3 15.3 15.3 15.2 15.2 15.1 14.8 14.8 14.8 14.7 14.7 14.7 14.7 14.6 14.5 14.5 14.5 14.4 14.3 14.3 14.2 14.2 14.2 14.1 14.1 13.9 13.9 13.8 13.8 13.7 13.7 13.7 13.6 13.6 13.6 13.6 13.4 13.4 13.5 13.4 13.3 12.8 13.2 13.1 13 13 12.9 12.8 12.7 12.6 12.5 12.3 12.2 12.2 12.1 12 11.9 11.8 11.7 11.6 11.5 11.4 11.3
15.1 14.8 14.4 14.2 14 13.9 13.9 13.8 13.8 13.7 13.6 13.6 13.6 13.6 13.5 13.4 13.4 13.3 13.3 13.3 13.2 13.2 13.1 13.1 13 12.9 12.9 12.9 12.9 12.8 12.7 12.8 12.8 12.8 12.7 12.7 12.6 12.4 12.4 12.3 12.3 12.3 12.3 12.2 12.2 12.2 12.2 12.1 12.1 12.1 12.1 12.1 12.1 11.4 12 11.8 11.7 11.7 11.6 11.5 11.4 11.4 11.3 11.2 11.1 11.1 11 10.9 10.8 10.7 10.5 10.5 10.4 10.3 10.2 10.1
12.4 12.8 12.6 12.5 12.1 12.1 12.1 12 12 11.9 11.9 11.9 11.9 11.9 11.8 11.8 11.8 11.7 11.7 11.7 11.6 11.6 11.6 11.6 11.5 11.5 11.4 11.3 11.3 11.3 11.3 11.3 11.1 11.1 11.1 11.1 11 10.9 10.9 10.9 10.9 10.9 10.9 10.9 10.9 10.8 10.8 10.8 10.7 10.7 10.7 10.3 10.2 10.6 10.6 10.5 10.4 10.4 10.3 10.2 10.1 10 10 9.9 9.9 9.8 9.7 9.6 9.6 9.5 9.4 9.4 9.3 9.1 9 9
10.4 10.3 10.4 10.3 10.4 9.7 10.4 10.4 10.3 10.3 10.2 10.2 10.2 10.2 10.2 10.2 10.2 10.1 10.1 10.1 10.1 10 10 10 10 9.9 9.9 9.8 9.8 9.8 9.8 9.7 9.7 9.7 9.6 9.6 9.5 9.5 9.5 9.5 9.5 9.5 9.4 9.4 9.4 9.5 9.5 9.5 9.4 9.4 9 9.3 9.3 9.2 9.1 9 9 8.9 8.9 8.9 8.8 8.7 8.7 8.6 8.6 8.5 8.5 8.4 8.4 8.3 8.1 8.1 8 8 7.9 7.8
9 9 8.6 8.7 8.6 8.7 8.7 8.6 8.7 8.6 8.6 8.2 8.1 8.6 8.6 8.6 8.5 8.5 8.5 8.4 8.4 8.4 8.4 8.4 8.3 8.3 8.3 8.3 8.2 8.2 8.3 8.3 8.3 8.2 8.2 8.2 8.1 8.1 8.1 8.1 8.1 8.1 8.1 8.1 8.1 8.1 8.1 8.1 7.7 7.6 7.9 7.9 7.8 7.8 7.8 7.7 7.7 7.7 7.6 7.6 7.5 7.5 7.5 7.4 7.4 7.3 7.3 7.1 7.1 7 7 6.9 6.9 6.8 6.8 6.7
7 7 6.9 7 7 7 7 7 7 7.1 7.1 7 7 7.1 7.1 7.1 7.1 7.1 7.1 7.1 7 7 7 7 7 7 6.9 6.9 6.9 7 7 6.9 6.9 6.9 6.8 6.8 6.8 6.9 6.9 6.9 6.9 6.9 6.8 6.8 6.8 6.8 6.6 6.5 6.8 6.8 6.6 6.6 6.6 6.6 6.5 6.5 6.5 6.4 6.4 6.4 6.3 6.3 6.2 6.1 6.2 6.2 6 6 6.1 6 5.9 5.8 5.8 5.8 5.7 5.7
5.6 5.6 5.5 5.6 5.6 5.6 5.7 5.7 5.7 5.6 5.7 5.7 5.7 5.7 5.7 5.8 5.7 5.7 5.7 5.7 5.7 5.8 5.8 5.7 5.7 5.7 5.7 5.7 5.7 5.7 5.7 5.7 5.7 5.7 5.7 5.6 5.6 5.6 5.6 5.6 5.6 5.6 5.5 5.5 5.5 5.5 5.5 5.5 5.4 5.4 5.4 5.4 5.3 5.3 5.3 5.3 5.3 5.3 5.2 5.2 5.2 5.2 5.2 5 4.8 4.8 4.8 4.9 4.9 4.9 4.8 4.8 4.8 4.7 4.7 4.7
4.5 4.5 4.5 4.5 4.5 4.5 4.5 4.5 4.5 4.6 4.6 4.6 4.6 4.6 4.6 4.5 4.6 4.4 4.4 4.6 4.6 4.6 4.6 4.6 4.6 4.6 4.6 4.6 4.6 4.5 4.5 4.5 4.5 4.5 4.5 4.5 4.4 4.4 4.4 4.4 4.3 4.3 4.3 4.3 4.3 4.3 4.2 4.2 4.2 4.2 4.2 4.2 4.2 4.2 4.2 4.1 4 4 4 4 4 4 4 3.9 3.9 3.9 3.9 3.9 3.8 3.8 3.8 3.8 3.8 3.7 3.7 3.7
