datasets/global_precipitation_1950_2017/rasters/precip_1994-total.asc
NCOLS 720 
NROWS 347 
XLLCORNER -180 
YLLCORNER -90 
CELLSIZE 0.5 
NODATA_value -9999 
[rows 136 to 169 of 347, columns 380 to 455 of 720]
430.5 482.4 511.2 486.2 470.5 466.8 478.8 468.7 474.8 469 454 439.2 413.9 351.7 289.5 240.5 215.9 196.6 215.7 293.7 380.6 380.9 406.6 420.3 381.5 408.4 401.7 369.6 342.4 351 388.1 443.1 500.7 507.7 448.9 365.4 298.4 289.6 314.2 344.3 356 330.7 283.2 266.2 265.7 283.1 295.8 266.6 223 276.5 301.1 291.3 301.4 382.6 413.7 446.8 506.2 586.1 636.2 -9999 -9999 -9999 -9999 -9999 -9999 111.5 200 343.5 415.4 373.2 322.4 276.9 222.6 158 98.3 69.9
469.5 496.3 526.1 501.4 478.2 473.4 476.1 467.9 469.8 460 441.8 434.8 452.9 458.7 399.3 333.9 303.7 285 339.1 409 396.8 346.8 387.2 475.9 486.8 470.8 439.6 348 323.9 338.2 372.9 430 533.7 583.1 463.9 343.5 282.1 274.1 304.5 351 387.8 379.4 316.7 288.5 256.8 287.7 263.1 276.9 324.2 501.7 457.2 421.1 394.3 407.9 437.1 569.5 709.6 736.5 667.8 677.6 639.1 -9999 -9999 -9999 -9999 -9999 246.7 348.5 385.2 348.5 294.7 236.1 180 125 89.3 74
487.5 499.1 530.3 522.3 492 473 474.7 458 457.2 448.5 419.9 435 471 489.6 494.6 489.6 489 498.2 503.3 479.3 424.6 358.6 397.8 508.7 573.2 561.9 528.8 372.5 322.7 333.8 349.5 403.6 498 587.8 423 295.1 285.6 271 312 368.8 428.4 419.5 348.9 311 308.2 322 266.9 324.3 446 558.5 575.4 523.1 484.8 425.4 550.9 842.4 1015.9 771.4 761.9 722.6 680.6 663.2 453.8 -9999 -9999 -9999 282.9 384.8 398.5 312.9 223.6 162.7 119.4 84.8 75.9 81.3
461.8 501.4 539.3 531.8 500.3 465.6 458.7 430 429.2 431.7 424.5 467.9 503.7 509.4 500.8 513.6 517.9 534 540.8 533 480.8 398.1 428.7 569.1 622.3 607.1 612 571.8 431.9 313.6 282.6 355.2 351.6 341.8 354.8 322.9 314 319.8 354.9 418.2 447.1 477.7 426.7 343 318.4 303.9 396.4 462.4 544.6 617.2 583.6 617.8 622.2 673.6 894.8 927.6 914.8 764.9 719.6 705.8 704.2 707.6 495.2 188.6 -9999 177.7 -9999 414.4 462.2 251.6 134.1 91.5 63.2 54.9 67.4 -9999
524 507.5 513.1 537.8 526.4 453.6 425.4 376.8 374.5 394 478.2 538.8 516.6 508.1 506.4 534.8 545.5 607.9 621 574.8 578.6 517.1 520.8 607.2 612.2 603.8 639.9 668.9 618.7 410.8 251.2 290.5 309.7 319 347.2 367.2 391.8 378.6 328.8 449.6 549.5 533.5 478.4 391.4 324.3 350.2 428.4 525.9 567.4 591.9 624.3 677.1 742.4 813.5 925.4 947.5 889.2 690.5 672.9 682 732.7 750 458.3 208.9 184.8 -9999 171.7 284.8 282.4 118.4 51.6 -9999 -9999 -9999 -9999 -9999
540.8 498.7 521.3 505.9 472.2 440 442.2 463.9 423.8 510 556.7 557.5 514 486.1 479.9 559.3 710.9 801.6 782.8 708.5 694.6 660.7 625.7 622 625 634.1 636.2 656.5 589.5 493.8 385.1 335.8 344.2 336.5 379.7 412.5 411 428.2 415.9 492.8 544 550.8 467.2 476.7 375.1 377.5 421.9 509.8 565.1 599.5 688.9 726.2 751.7 840.8 950 941.7 1018.7 780.4 804.9 825.8 814.8 827.5 384.4 248.7 216.2 172.5 -9999 135.2 110.1 -9999 -9999 -9999 -9999 -9999 -9999 -9999
628 618.9 662.3 589.1 464.6 420.5 431.2 545.2 598.9 633 664.6 579.8 552.1 494.1 487.3 693.1 856.8 964.3 836.2 708.9 683.8 656.9 636.6 629.1 606.5 539 651.9 596.9 501.7 429.6 438.7 458.5 465.4 464.4 470.1 463.3 452.8 487.3 574.6 667.7 620.8 651.7 657 577.3 494.6 470.4 474.2 557.2 608.4 667.7 727.8 683.6 737.8 952.9 1019.9 1074.2 1246 1055.7 950 1006.9 1014.6 1012.8 329 289.7 256.9 238.1 171.9 -9999 -9999 -9999 -9999 -9999 -9999 -9999 -9999 -9999
750.8 686.8 689.3 664.8 536.5 451.2 438 635.1 725.4 679.1 707.8 685 639.1 590.4 629.5 760.9 831.4 893.5 851.6 743.8 728.7 693.2 652.1 614.1 580.8 576.7 591.3 611.7 511.8 422.3 450.5 488.9 481.2 505.9 539.6 543.7 525.8 587 633.3 626.9 671.5 640.6 771.4 710.3 602.3 681.1 616.5 676 687.6 740.7 722.8 791.7 1020.9 1087.8 1087.8 1160.7 1405.1 1261.5 1204.3 1240 1195 1111.7 414.3 294.1 275.6 298.8 -9999 -9999 -9999 -9999 -9999 -9999 -9999 -9999 -9999 -9999
830 724.2 674.6 639.5 604.5 639.3 714.2 853.7 975.3 927 869.1 803.1 710.3 760.8 792.3 805.3 802.3 821.3 830.5 779.9 754.9 727.5 706.1 641 620.4 593.8 565.9 537.5 506 509.7 538.7 539.4 516.3 533.1 574.1 600.1 597.1 649.9 632.5 628.3 661.9 708 760.2 779.3 663.2 621.9 664.2 769.8 801.9 834.1 826.2 1170.4 1251.2 1099.1 1154.1 1149.9 1269.8 1179.1 1289.4 1279.1 1183.2 1141 482.3 287.2 248.7 226.5 210.7 -9999 -9999 -9999 -9999 -9999 -9999 -9999 -9999 -9999
1036.4 884.6 762.6 735.3 990.6 1247 1233.8 1145.9 1161.5 1083.3 955.3 906.9 926.1 896.9 873.3 833 815.5 801.3 784.5 761.5 745.2 756.4 778.9 712.3 659.2 604.8 559.7 523.1 513.9 557.5 628.3 578.6 549.5 547.6 565.8 584.3 601.2 653.3 663.8 663 710.7 739.3 787.9 767.2 697.7 663.8 759.1 859.1 904.5 967.3 1143.9 1437.4 1470.2 1569.1 1428.7 1209.6 1097 1026.2 1115.5 1231.6 1217.5 1146.4 514.3 311.6 268.4 269.2 296.3 267.7 -9999 -9999 -9999 237.7 275.2 305 319.7 264.3
1160.8 1052.9 936.6 1002.7 1332.1 1559.6 1806.6 1259.8 1027.3 1086.8 1050.8 1000.4 1034.6 943.7 968.4 913.9 868.6 871.8 836.4 790.7 806.1 856.6 846.1 755.8 666 582.1 548.5 579.2 603.4 617.3 642.2 630.1 593.1 607.6 657.3 667.8 639.3 673.7 697.2 708.9 732.4 732.7 775.3 736.2 685.5 713 789.3 804.6 887 1141 1423.8 1594.9 1683.6 1559.4 1350.6 1113.4 1032.4 899 928.2 1137.2 1197.5 1120.6 690.9 574.7 530.2 533.1 560.9 488.3 307.1 201.6 255 294.4 289.9 299.3 303.5 254.9
1175.4 1150.6 1072.4 1070.6 1192.3 1318.2 1412.3 1218.6 1050.4 1133.7 1090.8 1142.5 1168.8 1122.2 1079.5 1013.1 958.4 850.5 835.5 860 910.2 977.7 960.9 847.5 707.4 633.9 618.3 656.7 636 647 754.6 819.9 828.9 823 844.7 818.7 804.9 777.6 760.8 766.5 791.2 824.3 815.8 783.3 804.6 767.9 787.1 858.9 1052.1 1380.3 1591.2 1719.1 1798.1 1656.7 1529.2 1189.4 982.9 881.3 833.9 1178.6 1196.8 1011.4 803.2 736.9 679 591.5 541.5 454.6 385.6 366.8 429.7 276.3 275.3 270 254.5 209.1
1173.3 1152.6 1033.8 982.9 991.8 1138.7 1389.2 1250.5 994.2 1174.7 1148.3 1099 1213.1 1183.6 1072.1 1009.6 1126.2 904.5 865.9 952.8 1055.2 1135.7 1138.3 1000.4 840.5 727.8 732.6 786.8 869.4 809.9 891.9 979.3 981.4 911.2 834.3 797.1 787.3 762.1 753.1 767.1 839.7 909 871.2 851.9 808.8 804.2 794.6 880.2 1150.5 1394.5 1629.5 1786.4 1948.1 1750.5 1293.9 1114.5 846.9 934 706.4 867.3 920.1 1018.3 859.3 770 724.9 572.6 545.5 415.6 376.2 345.9 291 252.7 257.5 235.3 205.8 186.6
1122 1132.4 1025.5 975.3 1035.5 1096.1 1180.5 1226.1 1022.8 1125.9 1192.4 1074.5 1080 1201.9 1038.1 947.9 1054.5 1041.2 968.4 1042.7 1151.4 1304.7 1323.9 1217.6 1041 894.4 873.5 916.6 950.5 968.3 1006.7 1055 1004.1 889.6 788.3 726.4 745 740.3 729.3 768.6 848.2 929.4 898.7 846.7 829.6 828 818.3 915.7 1076.8 1141.6 1566.7 1760.4 1869.8 1589.1 1287.7 1016.6 812.5 575.6 586.9 713.1 909.5 1118.6 942.7 761.4 672.8 591.2 548.3 449.4 368.2 326.9 293.4 263.1 235.5 205.2 177.4 172.1
1016.9 1120.9 1182.2 1226.2 1201.7 1154.5 1127.7 1258.5 1227 1160.8 1262.6 1327.9 1231.2 1150.3 1047.9 984.6 1013.5 1000.6 1012.7 1098.3 1167.5 1375.8 1379.2 1358 1342 1292.1 1201.1 1135.8 1087.1 1057.3 1032.8 1051.9 1023.6 922.7 812.7 771.2 764.3 728.3 715.8 765.1 833.6 889.3 889.6 868.4 879.3 890.3 888.1 955.6 1063.7 1163.6 1772.6 1697.1 1666.2 1815.3 1269.5 987.8 800.1 591.9 660.2 816.8 845.4 950.2 1031.5 779.6 683.6 627.5 578.6 464.6 361.8 321.6 287.2 253.4 218.5 187.5 174.6 173.8
974.7 1202.3 1550.6 1618.2 1498.8 1394.1 1339.6 1361.6 1408 1287.4 1320.1 1339.1 1240.9 1075.2 1073.1 1069.6 1117.2 1126.6 1139.1 1188.1 1227.7 1316.2 1371.8 1420.3 1483.2 1495.2 1452 1359.6 1253.2 1128.6 1062.4 1068.2 1090.4 979.2 874.7 839.8 805.7 742.7 738.6 769.8 803 820.9 841.3 885.6 952.9 955.1 925 941.5 1065 1373.8 1750.5 1718.7 1507.3 1336.8 1079.6 725.7 813.2 588.4 858.8 932.6 906.1 907.6 958.7 856.6 651 554 452.4 383.3 360.6 348.3 317.3 246.2 208.5 194 186.7 185.2
1302.4 1616.3 1792.3 1801.6 1735.9 1626.8 1505.1 1454 1452.8 1446.2 1392.8 1367.4 1249.7 1167.2 1184 1217.6 1255.2 1270.8 1292.2 1347.4 1370.8 1406 1447.2 1486.1 1475.7 1483.7 1506.5 1513.5 1406.4 1221.8 1097.6 1076.9 1068.5 991.4 921.4 886.3 820.4 702.1 773.4 811.6 804.1 784.4 843.9 918.1 979.2 966.5 917.6 891.7 967 1418.3 1683.6 1633 1538.9 1403.9 1142.1 998.4 981.5 1029.6 802.6 899.7 826.2 843.7 863.1 611 369.5 348.3 355.3 350.3 363.3 369.6 346.5 268 213.6 205 202.4 193.8
1952.9 1827.9 1844.2 1846.1 1853.7 1837.9 1636.8 1480.8 1426.8 1451 1486.1 1488.2 1333.3 1242.6 1164.6 1280.8 1453.7 1394.5 1393.6 1499.2 1559.9 1528.9 1472.1 1441.8 1434.5 1465.3 1535.4 1557.2 1464.4 1316.1 1161.7 1110.6 1087 1047.6 972.2 895.7 847.9 818.2 818.4 856.3 864.9 849.2 901 952.8 993.7 993 938.4 895.3 959.9 1456.1 1520.2 1564 1707.9 1457 1125 1259.2 731.9 1048.1 800.1 730.5 754.3 788.7 799.6 470.7 320.5 315.7 326.5 347.1 374.1 368 342.6 271.6 221.6 214.4 207.6 193.3
2074.2 1669.1 1848.7 1842.8 1877.1 1895.5 1700.5 1464.7 1368.5 1393.9 1543.8 1592.4 1360.5 1273.8 1217.3 1327.6 1467.8 1423.9 1457.2 1583.5 1662.9 1600.2 1416.6 1428.9 1422.1 1467 1515.8 1500.4 1412.4 1353 1294.9 1216.4 1177.3 1163.2 1120.2 1035.6 934.3 888.3 904.5 939.9 944.1 932.5 966.6 991.2 1018.7 1021.5 991.1 947.4 1143.3 1476.7 1480.9 1487.7 1351.3 1096.4 793.6 953.6 1507.9 2078.5 1265.9 718.9 699.3 744 722.6 377.2 305.5 319.5 322.7 332.5 350.8 346 330 269.4 222.8 214.6 206.2 204.1
1996 1831.7 1820 1725.3 1774.3 1773.2 1609.2 1390.7 1327.8 1311.5 1539.3 1617.1 1425.6 1312.6 1303 1342.5 1352.7 1333.1 1419 1582.5 1705.4 1525 1513.6 1492.1 1468.8 1490.2 1430.2 1357.8 1307 1292.2 1287.1 1254.9 1213.1 1206.7 1211 1214.2 1207.6 1176.8 1184.1 1222.2 1194.9 1000.3 1007.1 1009.6 1040.3 1050.3 1015.7 967 1163.4 1445.5 1446.9 1433.4 1241.5 1125.2 914.2 844.6 821.8 1248.2 842.7 618.6 622.2 668.3 613.4 314.6 309.4 325.4 329.7 327.2 325.2 312.7 292.3 269 243 225.7 218.6 222.4
1777.1 1889.3 1697.9 1555.8 1583.5 1606.2 1506.8 1390.8 1347.8 1356.1 1422.2 1453.6 1389.2 1300.1 1287.4 1261.4 1288.9 1291.6 1359.5 1492.1 1571.3 1616.8 1738.5 1501.7 1452.9 1462.1 1374.5 1167.8 1138.1 1194.4 1258.4 1261.1 1213.9 1219 1237.2 1270.9 1305.3 1346.8 1395.2 1437 1432.9 1149.4 1057.6 1044 1097.4 1121.8 1033.9 941.4 872.6 1014.5 1098.9 1117.2 1096.1 1032.8 917.7 824.2 793.3 774.1 653.3 572.8 568.9 566.1 422.8 282 312.9 339.5 348.5 340.3 314.4 297.7 285 273.2 260.1 240.6 231.1 240.6
2439.7 2690 1393.2 1426.5 1402.8 1465.6 1468.2 1456.2 1393.5 1382.4 1378.4 1371.1 1349 1303.7 1280.2 1259.9 1253.7 1292.1 1362.9 1486.4 1539.8 1521.5 1546.1 1558.7 1352.9 1419 1400.1 1161.9 1104.5 1173.3 1235.1 1278.9 1257 1257.3 1290.6 1339.8 1380.2 1425.2 1481.3 1514.9 1502.4 1350.6 1159.2 1095 1210.7 1181.7 1046.3 967 775.5 634 633.5 629.8 678 613.8 644.9 748.8 796.4 715.1 614.1 505.5 442 425 329.7 297.7 323.8 357.9 389.9 379.6 342.5 306.9 285.2 288.7 269.7 226.5 232.1 244.5
2838.6 2500 1562.9 1312.4 1334.1 1457.8 1451 1506.2 1383.4 1377.4 1359.4 1372.5 1347.1 1299.8 1265.7 1297.3 1277.1 1315.5 1366.7 1462.4 1462 1327.9 1185.1 1407.6 1381.9 1371.4 1385.5 1300.8 1245.1 1261.2 1302.3 1370.1 1412.7 1422.9 1441.9 1512.1 1497.6 1576.7 1653.7 1634.5 1568.6 1524.7 1406 1367.4 1334.6 1347.6 1168.9 1123 659.6 602.4 518.7 492.1 499.7 457.5 468.9 568.8 682.5 639.1 549.9 382.9 300.6 335.1 305.6 321.9 344.4 371.6 418.2 410.1 381.6 343.2 339.9 337.2 292.8 247.5 234.6 239.2
2690.4 2200.1 1525 1299.2 1285.5 1500 1663.4 1679.3 1574.4 1476.5 1398.3 1361.8 1333.1 1343.9 1398.1 1462.2 1386.1 1408.4 1388.3 1437.3 1425.2 1335.5 1278.7 1357.2 1377.6 1366.6 1379.5 1344.8 1314.5 1335.1 1391 1469.1 1541.1 1655.7 1727.5 1727 1756.4 1857.8 1944.2 1658.7 1714.8 1773.7 1555.7 1514.4 1454.2 1410.1 1216.7 1058.1 819.9 656 495.7 437.1 434.1 457.9 506.5 588.8 663.1 624.9 617.8 432.5 338 324.5 328.5 343.7 374.2 385.7 478.9 480.7 465.1 422.5 399.7 404.5 366.9 302.8 262.9 -9999
2691.9 2095.5 1760.1 1501.1 1459.3 1567.3 1764.7 1870 1749.2 1619.4 1546.4 1450.3 1466 1464.5 1529.4 1530.5 1420.4 1392.3 1428.2 1432.5 1405.5 1390.5 1321.5 1345.3 1373.9 1347.5 1338.6 1344.6 1350.4 1348.7 1421.9 1490.9 1593.2 1730.7 1917.3 2060.4 2053.2 2043.6 1962.3 2065.8 1823.6 1642.1 1594.6 1431.8 1567.5 1573.7 1337.8 1093.5 852.2 729.3 414.2 280.7 352.4 512.9 660.5 720.2 715.4 669.9 668.8 510.5 361.8 323.8 347 384.8 406.5 463.2 597.8 632.7 562.1 529.9 484 481.8 488.8 427 -9999 -9999
2738.4 1940.8 1724.5 1544.4 1519.1 1618.3 1764.7 1851.1 1762.5 1646.1 1567.2 1598.9 1648 1656.6 1636.4 1559.5 1485.2 1443.9 1446.2 1430.2 1414.2 1402.4 1358.9 1377.1 1376.9 1357.9 1355.6 1365.1 1388.3 1354.7 1412.6 1494.6 1653.5 1844.6 2028.6 2209.8 2220.4 2187.7 2207.4 2198.6 1847.7 1753.4 1526.3 1437.2 1720 1508.5 1370.2 1118.4 867.3 849.2 522.9 302.9 366.9 620.3 753.1 775 758.2 719.8 623 403.5 294.8 303.6 351.7 398.2 439.5 485 607.8 593.6 533.9 583.9 543.3 583.6 540.7 -9999 -9999 -9999
2455.3 1914.7 1627.4 1670.7 1592 1642.8 1700.1 1726.6 1656 1606 1510.5 1721.7 1835.4 1821.6 1739.6 1611.4 1548.7 1541.4 1507.4 1475 1452.2 1401.8 1362.4 1458.4 1376.6 1382.8 1454 1462.1 1446.9 1437.4 1460.2 1491.2 1655 1879.2 1979.4 2076.6 2190.9 2249.6 2101.3 1953.1 1744.3 1705.2 1462.1 1340.5 1524 1504.4 1370.4 1158.8 868.8 890.4 851.3 642.3 590 683.5 760.3 793.6 781.6 746.3 380.9 237.9 225.3 268.7 342.2 417.5 470.3 468.6 542.1 557.2 549.3 564 538.3 -9999 -9999 -9999 -9999 -9999
2264.3 2192.7 1780.4 1763.9 1669.8 1688.6 1647.2 1627 1599.2 1603.3 1604.5 1852.2 2027.2 1916.4 1804.2 1679.8 1655 1597.9 1583.2 1571.9 1557.7 1488.3 1445 1450.2 1496.4 1524.5 1575.4 1600 1615.8 1580.5 1533 1523.1 1613.5 1754.9 1808.4 1892.3 2088.5 2133.4 1807.8 1859.9 1789.5 1624.7 1185.5 1495.8 1367.9 1343.9 1192 1060 916.8 1049.6 1190.6 1068.3 740.6 648.6 745.7 792.5 806.5 673.2 303.2 207.2 213.8 254.4 335.4 433.8 474.4 482.4 486.1 499.6 526.7 540.5 -9999 -9999 -9999 -9999 -9999 -9999
2527.5 2146.2 1731.4 1597.9 1684.5 1743.8 1650.1 1525.8 1517.5 1579.8 1685.9 1834.9 1947.1 1905.2 1864.2 1760.4 1705.2 1693.2 1676.8 1670.5 1798.6 1817.5 1703 1671.7 1671.9 1656.4 1642.3 1634.2 1700.8 1674.1 1565.4 1562.1 1673.2 1765.1 1749 1716.7 1874.4 1828.8 1702.2 1751.6 1674.7 1542.6 1560.3 1404.7 1191.5 1158 1152.1 978.7 747.6 1166.6 1262.5 958.1 812.8 680 860 975.1 910.3 664.8 412 263.8 258.6 298.9 398.7 520.9 565.3 596.8 530.2 470.8 -9999 -9999 -9999 -9999 -9999 -9999 -9999 -9999
2049.4 2018.1 1552 1445.9 1669.5 1880.4 1731.9 1533.8 1510 1605.9 1682.3 1740.5 1799 1833.7 1872.3 1866.8 1848.7 1837.4 1861.7 1909.2 2008.3 2005 1943.2 1895 1867.8 1799.2 1695.8 1690.1 1684 1649.8 1581.6 1601.8 1700.9 1815.6 1789.8 1713.6 1660.7 1580.9 1576.8 1561.4 1671.2 1508.3 1369.9 1286.1 1272.7 1323.9 1219.4 1133.6 1236.9 1508.1 1280.6 1453.2 992.3 773.7 1120.1 1298.8 1224.1 1039.7 607.9 383.1 350.5 397.8 459.9 548.2 603.3 656.3 601.9 -9999 -9999 -9999 -9999 -9999 -9999 -9999 -9999 -9999
2352.4 1940.3 1624.9 1499 1644.2 1814.2 1758 1602.3 1534.2 1600.3 1585.4 1664 1703 1767.6 1867 1962.2 1947.9 1958.5 2049.3 2065.5 2086.2 2059.7 2053.6 2039.4 2080.8 1997.6 1835.8 1813.4 1816.4 1719.5 1667.7 1639.4 1692.7 1774.1 1778.2 1673.1 1446.8 1337.6 1353.5 1178.3 1203.8 1260.5 988.2 1196.4 1333.8 1407 1480 1192.2 1480.7 1904.6 1695.9 1140.9 791.6 965.4 1215.6 1597.4 1389.1 1027.6 651 468.9 432.7 453.3 481.4 549 585.1 640.9 -9999 -9999 -9999 -9999 -9999 -9999 -9999 -9999 -9999 -9999
2288.6 1839 1805.6 1588.2 1660.1 1769.6 1756.6 1671.5 1560.7 1505.6 1517.7 1514.6 1533.7 1600.2 1733.1 1901.4 1947.6 1976.8 2048.4 2062.8 2072.7 2093.8 2115 2077.3 2055 1988.3 1908.8 1903.1 1928.6 1818.1 1714.2 1660.9 1671.5 1799.4 1802.1 1613.5 1322.5 1258.1 1173.6 931 1172.9 1021.8 987.5 1235.1 2112.6 1667.8 1555.9 1155.7 1578.1 1567.2 1896 1203.5 1024.5 1193.2 2157.3 1929.5 1074 781.3 520.8 464.5 452.5 463 492.1 544.4 542 -9999 -9999 -9999 -9999 -9999 -9999 -9999 -9999 -9999 -9999 -9999
2038.8 2193.4 2107.3 1973.4 1832.1 1831.3 1800.8 1717.9 1690.1 1726.3 1500.8 1458.5 1441 1486.6 1622.4 1798.6 1939.2 1948.4 2005.3 2049.1 2016.2 2037.4 2058.6 2018.1 1971.9 1929.6 1884.8 1855.9 1859.9 1857.1 1815.3 1709.8 1717.6 1856.7 1915.3 1359.2 1350.5 1347.6 1307.1 1227.2 1104.2 888.3 1211.4 1571.4 1944.9 2117.2 1229.9 1069.4 1403.5 2141.8 1965.7 983.3 848.4 2400.3 1560.4 1170.1 1028.2 805 507.3 441.2 433.2 516.4 618.1 587.3 -9999 -9999 -9999 -9999 -9999 -9999 -9999 -9999 -9999 -9999 -9999 -9999
2139.7 2193.4 2228.4 2198.3 1926.9 1846 1851 1852.9 1818.6 1739.2 1503.3 1488.4 1471.2 1321.2 1566.2 1687.6 1819.1 1948.4 1966.5 2004.5 2002.3 2003 1994.5 1932.4 1918 1914.1 1875.1 1801.4 1833.5 1831.8 1801.9 1641.9 1736.7 1881.2 2037.6 1646.5 1493.7 1419.6 1439.3 1444.1 931 944.9 1565.7 2476.8 2232.7 2054.7 1052.5 1042.9 1430.6 1634 1354.4 800.7 1024 1042.5 1004.2 1258.6 1191.2 954.4 640 479.6 562.5 854.5 989.2 862.5 -9999 -9999 -9999 -9999 -9999 -9999 -9999 -9999 -9999 -9999 -9999 -9999
