datasets/global_precipitation_1950_2017/rasters/precip_1962-total.asc
NCOLS 720 
NROWS 347 
XLLCORNER -180 
YLLCORNER -90 
CELLSIZE 0.5 
NODATA_value -9999 
[rows 34 to 67 of 347, columns 456 to 531 of 720]
603.6 605.4 593.3 589.3 578.1 570 558.5 537.3 508.1 499.4 529.5 559.1 577.8 590.1 592.1 591.9 591 592.2 582.7 566.2 547.2 528.8 514.5 514.1 522.7 529.1 535.5 546.5 562.5 580 595.5 609 622.4 633.2 631.3 601.2 566.2 580.8 603.4 601.6 586.5 577.4 561 546.2 534.2 521.7 505.9 492.9 482.1 475 477.4 484.6 492 496.9 500.9 502.9 514.6 527.1 542 547.5 546.9 523.9 492.7 456.7 422.7 397.8 381.1 373.7 372.3 370.4 386.4 411.8 436.9 460.1 486.7 519.5
648.4 660 666.5 659.2 644.4 632.5 624.4 619.8 624.2 630.2 626.9 624.2 624 624.6 624.6 625.6 622.7 621.6 621.9 618.2 607.5 592.8 578.7 566.4 559.8 546.8 544.7 535.3 526.3 525.3 517.8 506 488.4 495.6 534.9 558.4 571.8 580.4 582.5 578.4 565.8 557.9 549.4 542.1 537.7 531.5 525.5 521.2 512.4 501.3 495.6 494.8 496.4 499.3 503.8 508 511.9 517.8 529.6 541.7 545.4 531.4 500 466.6 435.4 410.1 390.6 374.6 366.8 373.4 395.7 422.5 445.3 467.2 496 536.1
652.2 678.7 704.7 712.3 692.4 676.4 672.5 686.6 723.3 719.3 690.8 670.6 657.8 654.1 654.8 657.8 661.7 664.5 666 666.5 666.5 660.9 650.6 639.2 626.3 606.1 588.5 568.7 546 531.6 518.4 504.3 495.8 494.1 513.9 534.5 553.4 565 569.5 570 548.1 541.7 540.1 546 552.4 557.4 564.7 572.6 571.4 543.1 523.4 512.9 507.8 502.4 498 496 488.4 475 465.7 459.6 460.1 462.6 460.5 452.3 440.2 425.8 411.2 398.5 392.2 397.7 413.9 430.8 456.2 485.3 523.3 558.9
616.2 633.7 649.8 660.7 663.5 664.6 673.5 685.9 691.3 691.8 686.8 678 664.1 649.1 639 648.9 670.6 692 710.2 722.1 721.3 710.9 695 680.1 669.1 656.5 640.4 614.9 587 566.5 554.1 546.4 542.6 544.5 551.8 559.4 564 569.5 568.3 562.6 554 544.9 540.1 541 544.8 547.3 551.4 553.6 551.2 544 533.3 520.3 509.8 499.9 491 480.8 466.7 452.1 437 429 434 444 451.8 455.9 456.7 456.5 455.1 453.9 454.4 458.5 464.3 475.7 493.1 522.8 561.4 583.5
568.9 562.9 566.2 584.6 609 626.7 650 675.4 693.2 708.4 712.1 705.7 692.9 670.4 655.9 665.3 696.5 740.3 784 804.4 776.7 737 702.7 683.3 677.8 679.8 657 620.3 586.7 567.5 560.5 561.9 565.4 571.9 579.4 581.8 577.2 574.3 570.4 556.5 544.4 532.3 520.8 513.4 509.1 507.1 509.7 510.9 513.3 512.2 510.1 504.8 496.6 487.2 475.9 464.6 453 443 439.7 435.5 441 446.7 456.5 465.8 473.9 483 489.9 493.1 493.3 495.9 502 513 528.3 552.9 577.5 597.3
485.1 480.3 492.3 521.4 560 593.7 632.1 659.5 685.8 717 742.7 751.6 741.4 717.9 700 692.2 701 716.2 731.5 735.5 725.3 702.1 674.2 650.4 630.4 607.7 574.8 537.7 517.7 522.2 535.9 553.6 567.7 573.3 576.1 580.3 577.7 569.4 558.1 546.1 531.4 514.2 498.1 482.1 473.8 472.3 474.9 477.2 479 481.8 482.5 480.4 474.5 466.5 458.8 447.6 438.6 430.4 426.9 424.2 426.1 433.7 448.4 465.3 483.2 500.5 514.8 523.5 524 522.2 522.4 528.6 536.6 551.2 567.7 586.2
494.5 481.7 494.4 526.5 565 602 621.9 639.9 665.1 697.7 726.1 740.3 728.7 700.4 673.5 652.3 646.2 653.8 665.5 672.7 668.8 653.8 633.7 610.4 590.2 575 556.8 540.6 528.2 521 528.5 555.4 580.3 587.3 582 579.4 576.7 570.8 561 545.2 527.5 509.4 490 475.1 463.2 455.6 450.6 454.3 457.3 458.2 457.4 453.4 451.7 451.1 447.8 443.3 438.4 430.6 423.9 418.2 417.8 427.5 445.4 466.6 487.7 507 522.8 534.8 539.8 536.4 531.4 529.6 533.6 543.1 555.9 572.2
572.2 566.6 569.9 577 581.2 571.7 584.2 620.9 660.1 696.2 717.3 725.4 711.8 681 637.6 595.3 574.5 600.2 636.1 656.5 660.8 650.7 627.2 602.5 580.7 571.9 577.4 580.6 576.9 570.4 565 565 566.3 566 566.1 581.9 598.8 593.2 580 560 538.1 520.1 507.2 494.5 482.6 471.8 463.9 456.7 448.8 438.6 432.7 434.8 443.5 451.4 451.8 454.7 451.1 448.4 449 446.3 450.9 460.5 473.9 490 505.4 515.9 526.1 532.2 534.5 533.6 529.7 526.8 527.1 530.3 537.3 547.6
631.3 629.1 628.2 614.7 590.7 604.1 642.8 671.6 706.6 745.5 778.1 787.7 770.5 739.4 701.6 669.6 657.4 672.3 698.4 719.5 718.9 696.9 673.4 646.4 625.6 636.4 647.1 636.6 625.8 609 587.7 574.7 566.3 557.6 539.4 516.5 572 575.1 562.7 550.2 542.6 538.1 542.9 553.4 545.5 521.2 497.8 476.4 455.6 432.6 423.4 437.1 452.3 462.6 470.6 478.1 488.9 497 499.1 502.9 505.5 510.8 514.9 521.3 528 534.2 539.5 543.2 545 541.8 536.4 530 524.5 520 523.8 531.3
660.7 645.7 637.6 643.3 674.2 760.1 737.7 731.4 755.6 800.7 856.6 889.2 861.8 821.6 789.1 772.9 765.8 768.6 778 786.1 782.7 768.2 751.5 744 734.3 729.7 726.8 715.7 695.8 660.6 620.4 591 571.6 559 551.9 541.7 537.1 534 527.9 519.1 510.8 508 513.2 535 564.5 574.2 528.4 492.7 472.2 463.3 461.6 450.8 459.5 480.4 496.5 508.2 521.4 533.2 548.8 558.5 562.6 557.2 546.6 539 540.4 550 558 561.8 563.7 559.2 550.5 537.1 528.6 520.3 518 519.3
657.3 640.3 632.4 635.2 648.3 668.2 685.3 700.1 720.4 751.8 782 798.6 799.4 800.8 815.3 835.7 852.9 857.5 856.6 833.9 820 814 816.3 833.3 852.2 856.3 829.8 784.6 734 680.6 630.6 591.7 566.6 562.2 552.9 538.8 530.7 522.1 511.1 497.2 479.9 461 448.8 473.4 499 504.2 489.7 482 472.2 458.3 422.5 478.6 486.8 496.2 507.1 513.6 522.8 540.1 571.1 595.6 604.7 593.2 561.4 519.1 535.9 573.7 573.9 570.8 567 562.3 555.3 549.2 541.8 532.6 528.5 524.4
596.3 601.8 616.7 622.5 616.3 613.3 619.6 629.1 634.4 636.7 634.8 631.1 641.2 688.8 776.4 873.3 958.5 982.1 951.7 900.9 851.2 809.2 799 846.9 1011.5 1010.7 884.6 797.1 714.9 643.4 578 530.5 524.4 545.4 549 534.1 517.6 513.3 507.8 498.2 487 481.3 479.6 482.5 493.9 501.4 503.4 501.5 491.1 483 483 492.2 498.6 502.9 511 519.8 530.9 561.1 603.4 631 628.9 618.9 596.1 590 593.6 584.1 571.3 561.6 557.9 557.5 559.5 562.9 564.8 562.8 555.5 536.7
501.4 601.5 628 631.5 621.5 606.8 606.4 605 593.5 578.4 555.6 518.9 473.1 600.8 726.8 870.4 987.1 1007.7 969.3 926.3 861 780.1 703.5 636.9 587.1 690.1 738.1 710.5 654 585 521.1 468.6 449.6 475.4 500.9 511 505.1 494.6 488.7 495.5 507 524.3 526.7 526.8 533.1 538.5 533 520.2 506.4 494.1 492.1 498.9 507.5 514.8 520 531.2 548.1 563.8 581.8 557.7 551 567.2 570.5 568.1 563 552.3 542.9 535.8 532.7 534.1 551.4 575 584.9 578.4 566.1 538.6
640.9 677.3 700.9 700.6 686.1 661.4 636.4 618.4 603.6 596.8 601 611.7 633.9 685.8 750.4 801.9 806.9 768.4 857.2 963.8 956.2 846.7 690.5 511.1 666.1 921.7 784.6 647.4 555.7 524.2 507.7 498 490.8 488.5 533.1 539.8 510.8 486.8 454.7 458.4 487 500 498.9 546.5 609.6 622 595.6 560.6 531.6 498.9 484.1 490 500.2 511.1 520.8 528.7 535.8 543.8 547 546.9 547.1 547.6 543.1 530.8 517.2 508.1 505.2 511.7 499.2 480.3 490.7 517.1 536.4 545.6 539.2 524.4
733.9 771.2 790.7 801.5 770.9 714.2 659.2 615.9 599.4 618.6 650.3 701.5 763.4 803.5 802.5 802.7 826.6 925.5 1304.9 1475.3 1237.6 998.9 832.5 756.5 755.8 730.4 661 571.2 501.3 493.4 498.9 500.5 513.5 527.8 539.9 538.1 521.6 503.7 489.7 493.6 512.5 527.8 534.3 572.8 629.9 656.3 644.7 628.6 598.9 560.3 524.4 513.8 514.3 521.4 525.6 526.1 522.4 520.6 526.9 533.7 532.1 536.7 527.4 511.9 501.2 493.6 473.7 466.5 457.4 441.6 454.5 473.7 478.4 491 498.5 504.6
717.8 778.1 883.1 977.8 805.5 706.7 631.5 597.6 611.6 633.3 658.7 709.5 787.6 833.9 787.7 698.2 588.9 905.1 1249.4 1313.3 1080.9 847.7 742.7 688.9 566.8 463.4 500.9 518.9 511.3 499.2 491.9 495 504.7 514.1 520.6 526.1 526.6 518.8 515.2 516.6 520.3 528.8 543.6 572.1 604.4 633.1 649.4 653.9 640.1 621 597.7 579.9 570 561.3 556.8 550.3 529.5 517.7 526.8 532.4 539.3 534.9 514.9 494.5 485.1 477.1 437.4 428.9 461 489.9 509.4 504.9 488.9 481.8 491 506
558.6 655.7 711.2 621.1 630.6 652.5 588.1 562.8 608.4 622.5 631 634.8 626.7 593.9 713.7 834.4 850.6 831.7 760.7 645.8 719.6 755.5 688.1 539.4 529.4 493.9 462.8 452.2 466.1 490.4 502.4 457.4 496.8 490.6 466.6 487.9 511.6 520.2 524.2 529.4 503.3 503.8 534.9 563.1 592.9 618 630.9 620.2 604.6 592.9 589.4 591 597 596.7 591 603.6 640.3 595.7 545.3 534.6 536 529.3 515.4 492.2 460.6 440 444.9 448.2 449.3 435.1 555.4 511.6 474.9 461.6 462.8 479.8
655.2 699.1 796.9 967.4 929.2 728.4 585.2 567.6 616.3 628.7 598.8 556.2 603.3 654.8 647.6 859.5 936.8 769.8 649.5 545 653.6 680.9 599.7 526 484.7 459.2 422.6 407.4 427 456.1 515 572.5 547.5 516 496 504.1 514.4 517.5 515.8 518.4 520.5 534.8 556.1 568.2 594.5 631.7 661.3 605 563 558.1 574.2 594.5 608 604.1 585.4 564 547.8 518 490.3 513.9 539.9 554.1 543.2 540.8 518.1 483.7 464.3 453.1 451.1 452.1 440.3 412 408.3 402 398.5 432.3
598.6 576.5 667.8 692.7 671.7 656.7 603.8 582.3 576 569.7 565.6 579.3 670.6 800.2 749.6 722.5 690.2 631.5 614.7 640.4 715.2 642.4 556.9 484.1 450 434.5 421.6 401 403.3 422.3 452.4 478.8 475.1 495.2 632 518.5 521.3 510.1 506.8 511.5 513.7 516.5 518.9 524.2 535.5 555.9 572.5 564.7 549.8 549.8 566.2 607.5 658.7 652.5 578.7 516.2 486.9 480 492 518.7 548.6 581.7 610.2 598.8 555.7 513.2 472.2 441.2 435.8 441.1 429.2 411.3 413.1 416.7 431.8 467.4
639 559.4 575.9 566 550.9 540.9 533.2 538.9 538.1 546.6 551.3 530.9 550.4 610.4 597.1 559.4 535.8 539.7 504.4 444.9 479.7 504.2 471.9 426.9 407.8 418.4 440.6 426.3 416.6 404.5 438.9 464.8 433.9 421.9 533.9 526.8 440.7 464.1 495.8 483.6 448.8 424.2 418.3 437.4 456.6 470.5 504.5 530.7 544.3 539.6 517.8 544 661.8 631.4 528.8 448.8 389.6 378.1 424.5 477.9 522.5 539.1 532.7 518.9 492 475.5 470.6 473.3 479.7 485.5 467.8 440 424.5 421.1 427.1 442.8
668.6 641 622.6 585.2 530.1 452.8 430.2 499.9 529.6 520.8 527.1 525.3 483.3 413.6 468.7 505.3 537.2 558.5 521.8 499.2 493.9 507.9 518.2 504.6 474.7 449.4 434.6 424.7 434 465.3 532.9 575.2 459.5 387.9 413.7 421.4 438.2 456.3 458.3 411.8 357.5 326.1 321.5 342.5 385 422.1 448.9 476.5 498.1 484.4 444.2 424.9 438.3 434.5 436.6 399.4 359.7 366.8 396.6 435.9 419.9 488 416.1 360.2 340.5 382.2 465.6 569.9 671.4 716 555.1 394.7 377.5 421.1 424.4 374.3
638.3 611.6 629.5 604 576.7 542 516.3 525.7 526.5 479.2 464 481.3 481.7 491.7 508.5 539 564.5 572.2 542.9 505.8 518.5 548 558.2 545.3 508.9 466.9 428.9 419 439.4 462.5 490.2 523.3 491.3 455.9 449.6 429.2 404.4 385.1 363.1 328.4 290.8 301.4 313.6 319.4 334.3 343.9 344 384.5 434.1 393.9 346.3 346.7 377.8 387 382.7 369.1 353.6 347.9 357 369.2 371.3 361.4 317.7 268.7 261.2 297.7 369.8 461.4 572.6 647.3 516.1 427.9 387.5 388.8 390.8 375.1
619.5 619.6 611 602.7 604.6 608 561.6 538.9 533.7 519.2 502.1 486.8 507.3 537.8 527.8 569.6 633.7 638.1 613.4 579.9 580.3 619.1 656.4 654.3 548.1 462.2 428.7 399.3 430.3 414.6 334.8 426.9 476.9 462.1 449.4 417.1 366.5 335 326.2 323.2 326.9 342.4 348.8 329.2 312.3 312 316.8 324.7 331 327.6 314.1 318.2 341.9 355.7 368.9 396.1 380 312 326.3 334.5 341.4 323.3 263.8 219.9 251.9 293.3 314.9 333.2 331.6 257.9 384.4 425 394.1 382.5 363.1 319.4
603.6 612.2 592.9 562.5 537.9 519.5 511 530 568.3 652.6 576.2 514.2 556.7 632 712.8 646.2 739.5 697.8 653.2 606.2 575.4 580.2 573.4 471.5 340.1 347.7 385.6 426 520.3 649.7 735.8 780 591.5 431.4 371.3 325.8 317.7 296.3 288 295.1 306.6 357 397.5 337.8 297.4 289.2 297.9 285.6 286.6 304.5 320.2 314.4 324.8 336.5 342.4 337.3 323.1 312.9 285.2 286 290 281.9 281.3 274.7 275.5 268.2 264.6 303.8 320.7 342.1 343.2 352.8 354.7 364.1 385.4 444.7
569.5 525.2 551.7 565.3 500.5 481.3 475.4 506.4 522.6 529.5 542.3 568.8 607.2 535.7 670.9 943.2 907.8 762.3 668 571.1 462.3 412.9 371.1 340.6 301.8 320.1 355.4 387 526.3 739.5 1076.1 1867.3 1454.1 497.4 355.4 301.3 283.8 256.8 258.6 276.3 271.6 287.9 304.3 306.4 293.8 265.9 252.3 236 251.5 276.5 279.2 273.1 273.7 272.3 268.6 248.1 210.8 219.9 224 235 241.7 252.6 288.6 290.8 290.4 299.8 332.1 314.5 303.3 337 349.2 345.5 301.5 337 370.4 394.4
474.6 463.7 523.3 646.5 649.7 549.6 486.8 504.4 533.2 471.3 489.2 571.8 613.9 563.4 594.6 645.4 654.2 649.5 629 553.1 425.6 388.6 312.3 346 348.7 344.9 356.8 376.8 448.7 523.2 566.7 582.2 374.8 365.5 273.4 303 285.9 268.7 274.2 292.3 302 299.5 310.3 343.5 315.5 278.5 249.6 220.8 191.2 206.5 212.6 227.1 236.2 240 237.1 229.7 207.5 199.1 221.2 241.1 240.7 236.1 266.4 253 292 354.6 452.8 393.3 349 343.1 360.9 374.3 358.9 369 375.5 383.7
435.2 470.4 500.1 598 550.3 554.8 500.1 542.1 554.6 531.7 502.3 489.8 490.9 493.4 513.7 518.1 528.6 564.1 589.1 578.1 557.5 607.5 623.8 454.7 361.8 331.9 327.4 338 352.9 350 343.5 371.2 332 325.8 323.5 312.9 267 230.7 240.7 292.8 298.2 288.4 240.9 272.8 307.2 285.9 259.6 236.4 219.1 207.5 204.6 194.6 180.2 221.7 266.9 238.5 226.2 217.8 211.2 230.5 228 215.5 225.7 244.2 258.5 239.3 300.7 357.5 381.4 342 358.9 361.7 373.8 390.7 404.8 413.7
441.2 469.1 474.9 487.4 485.6 452.4 381.7 505.9 593.6 484.2 410.5 405.2 421.8 440.6 451.2 434 461.7 570 658.3 686.7 643 557.9 468.8 389.7 338.8 318 297.1 309.1 296.7 270.3 230.3 272 298.4 304.9 280.9 264.9 246.4 211.3 229.8 293.8 317.2 303.1 294.2 277.4 265.1 272.8 262.4 252.5 242 217.2 196.6 187.8 200.1 215.3 219.3 197.9 193.1 203 192.5 196.2 199.5 199.5 220.9 259.8 290.7 293.6 300.9 338.4 364.4 352.4 358.8 392.6 424.3 421.1 412.6 473.4
587.7 707.2 623.4 459.6 386.5 381.6 376.7 393.6 400.1 353.4 330.3 348.4 373.8 399.7 438.1 482.8 534.8 636.7 725.1 785.4 640.5 525.4 427.4 363.3 328.6 319.4 325.8 311 261.8 237.4 217.4 208.7 224.8 252.2 274.6 286.5 295.4 305.9 335.1 372.4 393.1 368.7 348.7 307.6 270.5 255.4 248.5 252.2 241.3 226.9 217.7 218 229.9 245.8 254.9 239.7 228.8 224.6 275.3 217 188 203.2 213.4 265.1 298 290.5 285.5 305.3 328.2 336.4 356.8 401 446.5 533.9 575.8 477.3
928.7 779.6 609.8 434.1 379 358.5 323.8 299.3 278.1 295.2 314.9 329.7 346.8 362.6 424.4 524.9 458.8 508.9 581.2 551.6 458.6 425.8 381.5 378.9 398.5 356.2 312.4 269.8 225.8 192 177.1 178.4 192 223.9 265.7 303.6 327 342.4 381.7 435.9 535 525.6 523.8 329.5 289.8 254.5 243.5 236.8 231.2 236.7 240.9 246.5 262.5 288.2 318.9 306.5 282.9 267 245.5 226.5 217.8 219 219.2 239.4 262.7 252.4 238.8 281.9 321.7 298.4 339.2 367.7 344.2 393.8 418.9 457.1
393.1 419.4 410.7 343.8 292.8 293.8 305.3 296.2 262.9 267.6 277.8 283.2 287.8 323.9 352 366 363.5 378.1 414.4 416.1 372 346.3 338.9 332.8 351.7 326 277.9 228.3 190 153 170.1 182.8 200.5 224.8 258.2 285.4 296.7 289 264.7 335.6 416.8 444.1 392.7 324.1 271.2 226.5 252.9 223.3 223 223.6 228.2 245.7 277.3 307.8 347.2 349.8 325.5 285.4 246.1 220.5 209.6 200.6 188.5 199.5 223.8 231.3 240.5 357.7 444.2 395.6 378.1 380.2 372.2 329.8 340.9 371.4
325 345.8 315.6 300 283.5 268 242.1 239.3 261.4 265.1 263.8 271.9 286 256.9 267.9 312.1 310.8 325.3 395 411.4 381.4 328.1 283.7 258.6 264 258.7 239.7 217.5 197 188.2 192 192 191.1 223 254.2 270.7 274.1 275 288.4 319.9 372.1 408.9 395.5 343.9 287.2 247.7 224.6 220 233.8 232.5 228.2 244 278.1 312.4 346.9 360.3 338.5 298.8 260.3 228.6 207.4 200.8 196.8 200.4 205.1 216.6 257 311.2 368.2 397.1 403.2 387.9 322.4 244.6 267.9 317
316.2 399.5 318.3 281.5 257.3 255.8 261.8 255.7 268.6 279.6 257.2 254.7 258.9 257.4 253.4 252.8 288.7 315.3 427.3 363.2 333.5 271.6 234.5 230.3 221.7 219.7 204 201.8 214.7 230.1 239.2 226.6 214 252.5 287.6 257.2 264.1 268.5 280.8 323.2 383.7 450.6 495.6 464.7 366.5 279.9 221.8 211.6 233.7 247.5 268 284.9 306 347.9 379.6 368.7 341.1 292.8 266.8 237.5 216.8 207.6 212.9 224.5 241.1 216.3 244 255.5 340.3 395.6 409.2 429.7 382.6 333.1 286.6 278.6
256.8 234.1 245.6 230.9 205.4 204.5 227.5 235.1 241.4 240.9 232 228.8 236.3 244.3 252.1 262.1 282.4 309.5 312.9 268.5 264.8 245.3 226.8 215.3 208.7 200.7 174.3 183.3 220.4 264.5 320.2 316.3 275.2 264.4 261.7 252.6 245.1 252.4 266.5 303.4 371.9 465 541.9 536.6 461.1 386.1 304.5 243.5 260 243.8 341.3 350.7 335.2 391.7 397.1 401 398.3 315.5 256.9 225.6 208.1 196.7 199 204.5 207.5 204.2 203.8 211.5 320.7 351.3 386.7 335.8 361.4 371 345.8 344.6
