datasets/global_precipitation_1950_2017/rasters/precip_2009-total.asc
NCOLS 720 
NROWS 347 
XLLCORNER -180 
YLLCORNER -90 
CELLSIZE 0.5 
NODATA_value -9999 
[rows 0 to 33 of 347, columns 532 to 607 of 720]
-9999 -9999 -9999 -9999 -9999 -9999 -9999 -9999 -9999 -9999 -9999 -9999 -9999 -9999 -9999 -9999 -9999 -9999 -9999 -9999 -9999 -9999 -9999 -9999 -9999 -9999 -9999 -9999 -9999 -9999 -9999 -9999 -9999 -9999 -9999 -9999 -9999 -9999 -9999 -9999 -9999 -9999 -9999 -9999 -9999 -9999 -9999 -9999 -9999 -9999 -9999 -9999 -9999 -9999 -9999 -9999 -9999 -9999 -9999 -9999 -9999 -9999 -9999 -9999 -9999 -9999 -9999 -9999 -9999 -9999 -9999 -9999 -9999 -9999 -9999 -9999
-9999 -9999 -9999 -9999 -9999 -9999 -9999 -9999 -9999 -9999 -9999 -9999 -9999 -9999 -9999 -9999 -9999 -9999 -9999 -9999 -9999 -9999 -9999 -9999 -9999 -9999 -9999 -9999 -9999 -9999 -9999 -9999 -9999 -9999 -9999 -9999 -9999 -9999 -9999 -9999 -9999 -9999 -9999 -9999 -9999 -9999 -9999 -9999 -9999 -9999 -9999 -9999 -9999 -9999 -9999 -9999 -9999 -9999 -9999 -9999 -9999 -9999 -9999 -9999 -9999 -9999 -9999 -9999 -9999 -9999 -9999 -9999 -9999 -9999 -9999 -9999
-9999 -9999 -9999 -9999 -9999 -9999 -9999 -9999 -9999 -9999 -9999 -9999 -9999 -9999 -9999 -9999 -9999 -9999 -9999 -9999 -9999 -9999 -9999 -9999 -9999 -9999 -9999 -9999 -9999 -9999 -9999 -9999 -9999 -9999 -9999 -9999 -9999 -9999 -9999 -9999 -9999 -9999 -9999 -9999 -9999 -9999 -9999 -9999 -9999 -9999 -9999 -9999 -9999 -9999 -9999 -9999 -9999 -9999 -9999 -9999 -9999 -9999 -9999 -9999 -9999 -9999 -9999 -9999 -9999 -9999 -9999 -9999 -9999 -9999 -9999 -9999
-9999 -9999 -9999 -9999 -9999 -9999 -9999 -9999 -9999 -9999 -9999 -9999 -9999 -9999 -9999 -9999 -9999 -9999 -9999 -9999 -9999 -9999 -9999 -9999 -9999 -9999 -9999 -9999 -9999 -9999 -9999 -9999 -9999 -9999 -9999 -9999 -9999 -9999 -9999 -9999 -9999 -9999 -9999 -9999 -9999 -9999 -9999 -9999 -9999 -9999 -9999 -9999 -9999 -9999 -9999 -9999 -9999 -9999 -9999 -9999 -9999 -9999 -9999 -9999 -9999 -9999 -9999 -9999 -9999 -9999 -9999 -9999 -9999 -9999 -9999 -9999
-9999 -9999 -9999 -9999 -9999 -9999 -9999 -9999 -9999 -9999 -9999 -9999 -9999 -9999 -9999 -9999 -9999 -9999 -9999 145 -9999 -9999 -9999 -9999 -9999 -9999 -9999 -9999 -9999 -9999 -9999 -9999 -9999 -9999 -9999 -9999 -9999 -9999 -9999 -9999 -9999 -9999 -9999 -9999 -9999 -9999 -9999 -9999 -9999 -9999 -9999 -9999 -9999 -9999 -9999 -9999 -9999 -9999 -9999 -9999 -9999 -9999 -9999 -9999 -9999 -9999 -9999 -9999 -9999 -9999 -9999 -9999 -9999 -9999 -9999 -9999
-9999 -9999 -9999 -9999 -9999 -9999 -9999 -9999 -9999 -9999 -9999 -9999 -9999 143.1 -9999 141.5 141.4 143.4 141.6 142.2 142.9 144.3 145 145.9 -9999 -9999 -9999 -9999 -9999 -9999 -9999 -9999 -9999 -9999 -9999 -9999 -9999 -9999 -9999 -9999 -9999 -9999 -9999 -9999 -9999 -9999 -9999 -9999 -9999 -9999 -9999 -9999 -9999 -9999 -9999 -9999 -9999 -9999 -9999 -9999 -9999 -9999 -9999 -9999 -9999 -9999 -9999 -9999 -9999 -9999 -9999 -9999 -9999 -9999 -9999 -9999
-9999 -9999 -9999 -9999 -9999 -9999 -9999 -9999 -9999 -9999 -9999 -9999 136.7 136 -9999 135.5 135.7 137.1 137.2 138.9 140.5 142.3 143.8 -9999 -9999 -9999 -9999 -9999 -9999 -9999 -9999 -9999 -9999 -9999 -9999 -9999 -9999 -9999 -9999 -9999 -9999 -9999 -9999 -9999 -9999 -9999 -9999 -9999 -9999 -9999 -9999 -9999 -9999 -9999 -9999 -9999 -9999 -9999 -9999 -9999 -9999 -9999 -9999 -9999 -9999 -9999 -9999 -9999 -9999 -9999 -9999 -9999 -9999 -9999 -9999 -9999
-9999 -9999 -9999 -9999 -9999 -9999 -9999 -9999 -9999 -9999 -9999 -9999 -9999 121.5 123.2 -9999 128.2 131.1 134.4 137.8 141.4 -9999 147.5 149.5 151.5 152.3 152.5 152.2 -9999 -9999 -9999 -9999 -9999 -9999 -9999 -9999 -9999 -9999 -9999 -9999 -9999 -9999 -9999 -9999 -9999 -9999 -9999 -9999 -9999 -9999 -9999 -9999 -9999 -9999 -9999 -9999 -9999 -9999 -9999 -9999 -9999 -9999 -9999 -9999 -9999 -9999 -9999 -9999 -9999 -9999 -9999 -9999 -9999 -9999 -9999 -9999
-9999 -9999 -9999 -9999 -9999 -9999 -9999 -9999 -9999 -9999 -9999 -9999 -9999 -9999 -9999 -9999 -9999 139.8 145 149.8 155.3 160.1 164.2 167.4 169.4 169.9 169.1 -9999 -9999 -9999 -9999 153.8 -9999 151.5 -9999 -9999 -9999 -9999 -9999 -9999 -9999 -9999 -9999 -9999 -9999 -9999 -9999 -9999 -9999 -9999 -9999 -9999 -9999 -9999 -9999 -9999 -9999 -9999 -9999 -9999 -9999 -9999 -9999 -9999 -9999 -9999 -9999 -9999 -9999 -9999 -9999 -9999 -9999 -9999 -9999 -9999
-9999 -9999 -9999 -9999 -9999 -9999 -9999 -9999 -9999 -9999 -9999 -9999 -9999 -9999 -9999 -9999 -9999 -9999 -9999 -9999 -9999 -9999 -9999 -9999 -9999 -9999 -9999 -9999 -9999 192.2 185.7 183.2 181.6 181.5 180.6 180.5 180 179.6 179.2 -9999 -9999 -9999 -9999 -9999 -9999 -9999 -9999 -9999 -9999 -9999 -9999 -9999 -9999 -9999 -9999 -9999 -9999 -9999 -9999 -9999 -9999 -9999 -9999 -9999 -9999 -9999 -9999 -9999 -9999 -9999 -9999 -9999 -9999 -9999 -9999 -9999
-9999 -9999 -9999 -9999 -9999 -9999 -9999 -9999 -9999 -9999 -9999 -9999 -9999 -9999 -9999 -9999 -9999 -9999 -9999 -9999 -9999 -9999 -9999 -9999 -9999 -9999 -9999 -9999 199.9 198.7 197.7 196.2 195.8 195.3 195.2 194.3 -9999 -9999 -9999 -9999 179.2 -9999 -9999 -9999 -9999 -9999 -9999 -9999 -9999 -9999 -9999 -9999 -9999 -9999 -9999 -9999 -9999 -9999 -9999 -9999 -9999 -9999 -9999 -9999 -9999 -9999 -9999 -9999 -9999 -9999 -9999 -9999 -9999 -9999 -9999 -9999
-9999 -9999 -9999 -9999 -9999 -9999 -9999 -9999 -9999 -9999 -9999 -9999 -9999 -9999 -9999 -9999 -9999 -9999 -9999 -9999 -9999 -9999 -9999 -9999 -9999 -9999 -9999 -9999 -9999 -9999 -9999 -9999 -9999 -9999 -9999 -9999 -9999 -9999 -9999 -9999 -9999 -9999 -9999 -9999 -9999 -9999 -9999 -9999 -9999 -9999 -9999 -9999 -9999 -9999 -9999 -9999 -9999 -9999 -9999 -9999 -9999 -9999 -9999 -9999 -9999 -9999 -9999 -9999 -9999 -9999 -9999 -9999 -9999 -9999 -9999 -9999
-9999 -9999 -9999 -9999 -9999 -9999 -9999 -9999 -9999 -9999 -9999 -9999 -9999 -9999 -9999 -9999 -9999 -9999 -9999 -9999 -9999 -9999 -9999 -9999 -9999 -9999 -9999 -9999 -9999 -9999 -9999 -9999 201 200.9 201.4 199.1 194 184.6 172.8 -9999 -9999 -9999 -9999 -9999 -9999 -9999 -9999 -9999 -9999 -9999 -9999 -9999 -9999 -9999 -9999 -9999 -9999 -9999 -9999 -9999 -9999 -9999 -9999 -9999 -9999 -9999 -9999 -9999 -9999 -9999 -9999 -9999 -9999 -9999 -9999 -9999
-9999 -9999 -9999 -9999 -9999 -9999 -9999 -9999 -9999 -9999 -9999 -9999 -9999 -9999 -9999 -9999 -9999 -9999 -9999 -9999 -9999 -9999 -9999 -9999 -9999 -9999 -9999 -9999 -9999 -9999 209.7 209.3 206.2 204 201.5 197.1 191.8 185.7 181.3 178.6 176.7 177.2 -9999 -9999 -9999 -9999 -9999 -9999 -9999 -9999 219.2 -9999 -9999 -9999 -9999 -9999 -9999 -9999 -9999 -9999 -9999 -9999 -9999 -9999 -9999 -9999 -9999 -9999 -9999 -9999 -9999 -9999 -9999 -9999 -9999 -9999
-9999 -9999 -9999 -9999 -9999 -9999 -9999 -9999 -9999 -9999 -9999 -9999 -9999 -9999 -9999 -9999 -9999 -9999 -9999 250.3 242.9 -9999 -9999 -9999 -9999 -9999 -9999 259.8 252.3 244.8 238.1 232.9 228.8 225.3 221.8 217.9 210.7 203.1 197.6 191.4 187.4 188.3 188 187.8 188.2 189.6 191.5 191.7 193.4 193.4 191.5 189.9 187.5 -9999 -9999 -9999 -9999 -9999 -9999 -9999 -9999 -9999 -9999 -9999 -9999 -9999 -9999 -9999 -9999 -9999 -9999 -9999 -9999 -9999 -9999 -9999
-9999 -9999 -9999 -9999 -9999 -9999 -9999 -9999 -9999 -9999 -9999 -9999 -9999 268 267.3 267.1 265.7 263.7 262.3 259.5 258.4 257.4 258.6 260.9 262.2 263.8 264.6 264.3 263.8 263.5 263 262.7 264.1 264.1 263.6 261.6 258.3 251.5 241 229.4 216 202.1 192.6 186.8 183.1 181.1 179.9 178.8 176.8 175.9 174 172 171.2 169.4 170.5 173.7 -9999 -9999 -9999 -9999 -9999 -9999 -9999 -9999 -9999 -9999 -9999 -9999 -9999 -9999 -9999 -9999 -9999 -9999 -9999 -9999
-9999 -9999 -9999 -9999 -9999 295 294.5 292.2 289.7 287.2 284.9 282.3 280.3 277.9 276.5 275.4 274.7 274.6 274.4 274.8 276.4 278.8 279.3 281.1 282.8 284.6 286 287.3 286.7 286 285.6 284.3 282.3 279.8 276.9 278 274.8 268.2 256.6 241.4 226 211.4 198 188.1 181.4 176.4 172.4 170.3 169.5 169.2 168.9 169.1 170.6 172.4 175.1 -9999 -9999 -9999 -9999 -9999 -9999 -9999 -9999 -9999 -9999 -9999 -9999 -9999 -9999 -9999 -9999 -9999 -9999 -9999 -9999 -9999
-9999 -9999 317 312.5 310.8 308.8 306.3 303.5 301.7 299.1 296.7 294.8 292.8 291.2 289.8 289.7 289.9 291.5 293.3 294.4 297.7 299.1 301.5 302.8 306.8 307.9 307.2 308.8 307 305 299.8 292.6 285.2 278.3 274.7 271.7 267.3 259.1 250.7 240.5 227.3 213.6 200.1 188.9 179.6 172.6 167.8 163.9 160.3 156.8 154.5 151.3 -9999 -9999 -9999 -9999 -9999 -9999 -9999 -9999 -9999 -9999 -9999 -9999 -9999 -9999 -9999 -9999 -9999 -9999 -9999 -9999 -9999 -9999 -9999 -9999
-9999 348.4 341.1 337 331.3 326.5 322.1 317.8 314.2 311.3 308.4 305.5 302.9 301.2 300.5 300.3 301.8 303.7 306.1 308.6 309.5 313.6 315.7 317.2 315.5 315.7 315 315.7 317.2 316.8 311.7 301.1 289.8 280.5 273.7 267 259.3 250.5 241.2 231.1 220.7 210.7 200.7 191.1 182.6 174.8 167.6 160.3 -9999 -9999 -9999 147.5 147.5 147.8 -9999 -9999 -9999 -9999 -9999 -9999 -9999 -9999 -9999 -9999 -9999 -9999 -9999 -9999 -9999 -9999 -9999 -9999 -9999 -9999 -9999 -9999
378.5 371.1 364.9 354.5 346.9 339.8 333.7 327.6 322.9 319.4 314.9 311.7 308.4 306.3 305.4 304.2 304.5 305.6 306.1 307.2 309 310.3 309.8 308.6 304.2 301.1 300.2 299.3 295.2 293.9 288.4 282.9 275.8 268.1 261.4 253.9 244.5 237.7 229.3 221.7 214.4 206.8 200.7 196 195.1 -9999 -9999 206.7 190.8 -9999 163.8 -9999 -9999 -9999 167.1 -9999 -9999 -9999 -9999 -9999 -9999 -9999 -9999 -9999 -9999 -9999 -9999 -9999 -9999 -9999 -9999 -9999 -9999 -9999 -9999 -9999
390.6 382.6 371.9 361.9 351.4 341.3 332 326 323.2 323.1 320.9 319.3 319.8 320.3 319.8 318.7 315.6 314.2 308.4 305.7 302.3 299.4 297.4 293 288.9 284.6 280.6 275.1 269.8 263.9 259.8 254.3 248.1 244.3 239.7 233.7 227.8 222.1 217.4 212.3 -9999 -9999 -9999 -9999 -9999 189.4 189.1 190.3 191.9 190.5 189.1 186.7 185.5 185.8 186.8 188 186.3 190.5 190.9 191.6 192 192.7 192.6 193.4 193.1 -9999 -9999 -9999 -9999 -9999 -9999 -9999 -9999 -9999 -9999 158.3
400.5 392.5 384.5 377 369 362.3 358.3 356 355 354.9 353.5 350.7 347.7 343.3 339.7 332.1 326.2 323.3 315 310.6 305 299.9 295.6 290.5 285.7 279 272.3 265.6 257.7 249.6 243.6 237 230.4 224.7 220.8 217.1 214.3 212.3 210 208.1 205 201.8 199.6 196.6 193.4 192.3 191.4 194 192.8 193.8 195.5 197.5 198.9 200.9 202.4 202.3 204.4 204.6 204.2 203.9 203.8 203.2 204.1 204 205.4 208.5 212.4 216.5 215.8 211.9 206.8 200.9 197.1 194 191.1 189.4
413.6 423.7 425.7 436.2 444.2 451.3 456.2 455.2 447.9 435.1 420 404 386.4 372.3 360.8 349.2 338.4 328 319.2 312.7 306.1 299.9 295.8 290.7 286.6 283.5 279.5 274.8 269.5 263.4 255.9 239.7 227.4 211 204.7 206.1 208.5 209 209.1 208.3 208 206.5 204.6 202.6 200.1 198.7 197.4 196.5 197.2 198.9 200.7 203 205.7 208.7 211.8 213.7 214.8 214.3 213.9 211.9 210.4 209.3 207.5 207.1 206.8 207.8 210.4 211.5 213.8 216.4 216.4 217.4 213.4 218.3 217.6 216.9
458.3 487.2 523 550.8 576.1 596.6 579.4 569.7 555.1 531.1 498.6 462.2 428.9 397.3 369.1 345.9 328.4 316.9 310.1 307 303.3 300.4 297.7 296.8 294.7 292.2 289.7 287.8 286.8 286.5 287.7 288.9 282.5 249.4 234.7 226.5 222.7 220.6 219 218 216.1 213.9 211.9 210.2 207.3 204.7 202.4 201.6 201.4 202.8 203.6 204.1 204.5 204.7 204.7 203.4 204.4 207.4 208.1 208.3 208.2 208.3 207.8 207.4 207.7 209.7 212.4 216 220.1 222.4 224.3 225.1 224.9 225 224.7 226
498.4 543.9 590.8 643 691.7 739.3 764.3 766.8 734 675.6 606.2 538.5 470 405.7 353.2 314.1 291.6 290.8 297.3 303.2 305.6 305.6 303.5 300.9 298.9 296.5 294.2 290.4 288.8 286.5 284.6 281 274.9 251.7 247.2 242.3 238.6 235.2 232.8 230.3 227.1 224.7 221.8 218.6 215.6 213.7 212.5 210.7 209.5 210.4 210.1 210.3 210.3 209.9 210.9 210.7 211.2 211.3 211.7 210.6 210 209.4 209.7 210.4 210.8 212.7 216.9 221.7 227.4 231.3 234.2 235.9 237 239.3 243.9 244.1
486.2 542.6 564.7 627 699.7 773.3 831.1 865.7 835.4 748.7 652.7 563.4 492.1 422.2 378 349.6 335 331.4 328.9 327.6 325.6 321.7 316 309.8 304.2 298.5 293.1 288.5 285.9 283 278.7 276.4 273.5 256.4 253.7 252.4 250.5 249.7 247.6 244.9 242.8 240.1 237.8 234.9 232.4 230 227.9 226.5 225.4 226.8 225.3 225.6 226.1 226.3 227.4 227.9 227.7 226.4 224.3 223.4 222.5 221.6 221.3 221.7 223.3 226.8 232.4 238.3 244.6 250 253.3 256.9 259.1 261.8 264.2 264.5
439.7 464.9 496.1 533.3 559.9 592.1 616.8 631.4 628.1 604.4 566.9 525.6 477.5 447.4 418.3 396.1 379 367.2 355.8 348.7 340.7 332.1 323.3 314 306.6 298.7 291.9 285.9 280.7 276.8 274.3 272.7 271.5 264 264.1 264.4 264.4 264 263.9 263.6 262 261.1 259.4 256.9 254.5 253.9 252.3 251 249.8 248.4 247.4 245.5 244.6 243.7 242.6 241.5 241.1 240.3 239.3 238 236.8 235.9 235.7 236.4 238.8 242.2 247 252.9 259.4 265.4 270.9 276.3 280.3 282.8 283.6 282.6
416 414.6 431 448 459.6 469.6 480 485.7 489.2 481.7 479.6 465.3 450.5 437.1 421.6 406.4 391.2 378 365.1 352.2 338.8 328.5 316.8 307.4 298.9 290.2 284.9 281 277.1 274.6 273 272.8 271.9 271.3 270.9 271.7 272.4 273.6 273.9 275.7 276.8 276 276.4 276 275.1 273.3 271.8 270.5 268.9 267.9 266.1 264 261.7 258.7 256 253 250.3 248.1 246.5 244.2 241.4 239.2 236.8 235.9 236.1 238.4 243.4 250.8 259.7 270.2 280.8 291.5 300.5 307.8 311.8 313.8
478.7 435.7 436.6 440.2 433.5 425.3 422.1 422.1 423.6 425 425 422.4 418.4 413.2 404.6 395.3 384 368.6 351.7 340.6 325.6 312.3 299.4 290.7 285.1 278.1 275.5 273.4 272.4 271.9 272.1 271.5 271.1 270.8 272.4 273.5 274.3 277.8 280.3 281.5 284.2 285.3 285.2 287 286.8 285.9 284.4 284.3 284.6 284.1 284.2 283.5 281.7 279.8 276.2 272 266 259.5 252.7 245.5 236.8 228.3 220.4 215.6 212.7 215.8 224 236.2 251.9 269.4 288.1 307.6 325.9 342.6 355.2 362
464.6 456.6 443.9 431.6 423.2 414 405.2 397.9 398.7 396.3 397.3 396.3 393.9 391.5 387.7 384 376.4 362.5 343.9 324.7 306.3 291.9 282.1 275 269.8 266 262.9 262.1 262 263.5 266.2 261.7 263.7 263.6 264.6 267 271.3 275.1 279.4 280.8 285.5 287.9 290 291.6 292.5 292.8 293.1 293.8 295.5 297.7 299.3 300.2 299.9 303 299.6 291.9 281.5 270.2 256.8 243.2 229.5 214.1 200.4 189 182.7 188.1 202.6 221.5 243.2 267 291.2 316.2 340.2 363.8 383.6 398.4
413.7 416 420.7 425.8 419.8 409 398.9 391.4 387.4 384.9 384 384 383.7 386.7 385.9 385.1 384.1 374.1 356.7 336.2 314.6 295.2 280.2 268.8 259.1 252.5 248.4 245.8 245.3 238.2 241.2 243.7 245 245.7 250.9 257.3 262.9 268.6 275.1 279.4 284 287 289.8 292.5 293.8 294.4 295.3 297.4 300.7 304.4 308.4 313 316.5 314.9 308.1 298.6 286.9 274.7 262.1 248.2 234.9 221.9 209.5 199.7 196.1 201.6 213.2 229.8 249.4 269.2 290.3 310.6 330.2 348 360.9 370.9
404.6 397.4 385.3 383.9 385.4 385.2 383.7 381.8 380.4 377.6 378.6 377.9 376.6 378 377.4 377.9 377.6 372.5 358.5 344.6 327.6 307.3 286.2 264.3 249.3 236.8 228.7 223.7 221.7 219.1 220.9 222.5 226.7 233 239.6 246 254.6 265.3 270.7 275.9 280.1 283.1 285.6 288.7 290.7 291 292.4 293.7 295.2 297 298.1 299.1 299 297.2 293.2 287.3 280.9 272.7 264.7 257.3 250 242.2 236.3 232.7 231.8 236.2 243.7 253.4 265.5 278.1 291.2 302.9 313.3 322.6 328 333.2
335.8 318.6 332.4 346.8 357.6 364 367.5 369 369.3 369.7 370 370.2 370.1 370.5 370.9 371.1 371.4 370.6 362.7 351.4 334.8 314.7 290.7 267 247.9 233 224.2 218 210.8 210.1 210.7 214.4 218.1 223 228.8 235.3 242.8 251.7 258.2 268.4 271.4 277.2 278 279.4 281.2 282.2 284 285.1 286.1 286.5 286.5 286.2 285.1 283.7 281.1 277.6 274 271.1 267 263.3 260.3 258.6 255.7 254.1 258.2 259.6 266 273 281.4 289.9 297.3 303.9 308.5 311.7 310.7 312
353.9 354.2 356.5 360.8 363.7 366.3 367.5 365.5 365.2 364.1 363.9 364.1 364.7 365.5 366.1 367.2 365.9 362.6 355.4 345.7 331.9 311.5 288.7 266.1 249.4 236.8 229 222.7 219.1 217.7 217.1 218 218 222 227 229.6 233.9 242.3 249.5 254.7 260.2 263.8 267.5 271.3 271.2 273.5 275.8 275.8 277.4 278.6 279.3 278.4 277.1 275.4 274.5 274.3 273.7 272 270.6 269.8 269.1 270.6 272.4 271.1 273.9 277.8 281.9 287.7 294.8 302 309.1 314.8 319.1 323 333.6 329.2
