datasets/global_precipitation_1950_2017/rasters/precip_1968-total.asc
NCOLS 720 
NROWS 347 
XLLCORNER -180 
YLLCORNER -90 
CELLSIZE 0.5 
NODATA_value -9999 
[rows 306 to 339 of 347, columns 380 to 455 of 720]
-9999 -9999 -9999 -9999 -9999 -9999 -9999 -9999 -9999 -9999 -9999 341.7 350.2 -9999 -9999 -9999 -9999 -9999 -9999 -9999 -9999 -9999 -9999 -9999 -9999 -9999 -9999 -9999 -9999 -9999 -9999 -9999 -9999 -9999 -9999 -9999 -9999 -9999 -9999 -9999 -9999 -9999 -9999 -9999 -9999 -9999 678.3 688.9 699.4 709.3 719.9 728.1 737.9 746.5 754.8 763.8 -9999 -9999 793.6 804.1 813.3 821.7 830.5 839.2 848.8 859.6 872.3 884.3 897.3 909.8 920.6 927.7 933.8 937.6 939.3 940.8
-9999 -9999 -9999 -9999 -9999 -9999 -9999 -9999 -9999 -9999 -9999 -9999 339.4 -9999 -9999 -9999 -9999 -9999 -9999 -9999 -9999 -9999 -9999 -9999 -9999 -9999 -9999 -9999 -9999 -9999 -9999 -9999 -9999 -9999 -9999 -9999 -9999 -9999 -9999 -9999 -9999 621.5 633.9 646.6 659.2 670.7 682.4 693.7 704.4 715.1 725.5 735.9 744.4 754.2 764 773.6 783 787.9 796.7 804.5 813.7 824.2 826.6 841.5 847.8 857.1 869.7 872.5 883.2 896.6 904.5 907.4 919.2 912.9 922.5 924.9
331 327.3 320.4 226.4 312 321.7 325.3 327.7 329.8 333.5 337.9 339.5 346.7 350.5 355.8 362.3 367.2 373.9 -9999 -9999 -9999 -9999 -9999 405 412.7 -9999 -9999 438.1 442.3 -9999 -9999 -9999 -9999 -9999 -9999 521.8 535 549.5 564.4 579.2 594.8 610 625.3 639.6 653.1 667.3 681.4 694.5 707.7 712.7 723.5 740.4 746 758.2 767.3 774.5 784.4 790.4 807.8 813.2 818.8 823.9 832.9 843.2 850 857.9 868.5 874.3 879.5 883.5 889.7 898.7 906.5 913.6 914.7 916.8
383.1 389.9 396.7 400.3 395.5 386.6 377.2 370.2 365.7 363.4 362.4 359.9 360.7 362.7 365.5 368.6 371.2 378.6 380.9 384.8 387.2 395.6 397.6 401.8 409.9 415.4 418.9 424.8 432 440.3 448.5 457.1 466.3 478 491.9 504.6 516.2 529.8 545.8 561.9 578.5 595.3 611.9 628.1 642.3 656 671.4 686.7 701.7 702.8 714.7 737.1 746.8 755.7 765.4 775.8 788.8 800.4 808.5 815.6 823.8 833.1 834.4 834.1 843.7 852.4 857.5 862.2 866.1 869.5 874.9 882.8 889.9 896.4 902 902.9
401.3 402.8 403.7 403.5 404.5 399.8 395.5 391.4 394.8 391 387.5 384.9 383 381 381.3 380.6 381.2 383 385.2 399.5 399 401.2 403.4 406.4 411.8 415.5 417.3 422 427.1 435.7 442.6 449.7 457.5 465.8 477.2 488.3 499 512.1 526.3 541.1 555.9 571.5 587.9 604.3 616.2 634.5 646.1 660.8 676.3 676.3 691.3 713.5 723.9 733.4 748.9 758.2 771.8 779.6 787 793.8 801.9 811.7 821.4 831.1 833.2 829.5 839.2 841.2 839.4 839.5 844.1 853.4 864.7 865.1 873.2 874.7
408.4 418.1 418 417.3 415.6 412.2 410.1 407.6 404.7 402.2 399.3 397.1 398.2 396.5 392.7 392 393.9 413.4 411.9 410.9 408.1 408.9 411 412.5 413 415 418.8 421.7 425.1 429.2 434 439.4 447.7 453.3 459.8 468.1 478.2 487.9 499.1 510.9 522.7 535 548.3 562.1 573 585.5 603 614.1 625.5 634.5 643.8 665 677.3 689 703.3 713.3 718.5 726 733.1 740.6 749 758.3 767.5 776.4 787.9 794.5 796.8 801.8 805.8 794.3 805.8 811.1 816.4 817 820.1 826
422.1 422.5 422.3 421.8 420.7 417.4 416.5 414.6 413.1 411 409.1 406.8 404.8 402.6 401 399.8 429 425.7 423.4 421.7 419.7 416.9 415.5 414.3 413.5 412.5 413.5 415.4 418.1 419.9 422.6 425.3 427 429.4 433.1 439.4 446.7 453.1 461.2 468.8 476.9 485.1 494.1 504.6 514 523.8 533.5 543.8 554 564 573.8 584.4 597.8 607.6 616.7 625.9 635 643.4 646.8 653.7 660.7 669.2 681.9 689.1 695.2 702.3 711.5 714.7 720.9 726.1 731 735.9 734.6 733.8 741.3 747.9
425 424.4 424.1 423.4 422.8 421.7 420 418.4 416.7 415 412.7 410.6 408.5 406.1 404 401.7 433.6 429.7 426 422.5 419.3 416.9 414.3 411.5 409.1 405.7 403 401.1 399.8 400.2 400.1 398.7 397.3 395.6 393.8 394.5 398.5 403.4 409.2 416 423.2 426.9 431.6 441.2 447.1 450.9 455.9 462.6 469.8 477 484.7 492.4 500.2 508 515.7 522.5 530 537.1 544.9 551.6 558.6 565.3 573 580.9 589.3 596.2 601.4 605.6 609.8 612.9 618.1 625.1 632.5 632.4 636.7 636.3
428 427.9 426.5 425.1 424.1 422.5 420.9 418.9 416.7 414.2 411.2 408.6 405.5 403.1 400.5 396.3 430.9 425.3 419.4 414.1 408.9 410.6 404.4 398.2 392.4 387.1 381.7 376.4 372.3 369.1 366.8 362.3 357.6 351.9 346.6 342.2 342.1 344 346.5 349.9 354.6 359.9 366.2 370.1 369.3 376.8 368.2 369.4 383 379 384.5 385.7 387.2 389.3 391.5 398.5 409.3 420.2 429.9 439.2 445.3 448.4 451.8 455.5 458.8 464.9 472.5 479.6 486.4 492.1 496.6 499.8 503.5 507.2 514.2 515.1
432 428.2 425.8 424.7 422.5 419.6 416.9 414.3 412 405.9 405.6 401 396.4 391.5 387.8 420.9 414 411 403.9 396.1 395.6 387.5 379.1 371.2 363.5 356.3 348.9 341.3 334.2 328.1 323.2 318.9 311.8 303.7 295.3 289 286.7 286.2 287 288.4 283.2 281.8 286.8 293 293.1 287.7 282.8 304.6 284.8 293.5 296.8 295.3 293.7 292.8 292 297.2 307.8 318 327.9 337.7 342.2 342.8 343.6 344.7 345.6 350.5 358.7 366.8 374.4 381.5 384.7 384.9 384.9 384.7 384.2 387
426.6 423.8 421.7 416.4 416 411.6 407 403.9 397.7 394 388.4 382.7 376.9 370.5 364.2 395.6 389.8 383.5 377.4 370.5 361.6 352.3 343.1 333.7 325.2 316.5 307.9 298.3 289.3 281.6 274.9 270.4 265.6 256.7 247.3 239.6 233.6 225.2 216.6 212.2 212.9 215.2 218.8 222.9 227.7 221.7 215.1 212.9 219.3 226.3 228 224.8 222.5 220.5 218.7 222.2 230.6 238.9 247.3 255.9 259.3 258.5 257.8 257.8 257.2 260.7 268.4 275.4 282.4 288.4 287 285.2 283.1 281.3 282.6 284.3
418.7 413.8 409.2 405.1 399.7 393.6 388.4 381.9 375.1 369 362.1 355.2 347.8 340.5 334.6 328.7 321 346.1 338.2 328.9 319.6 309.8 300.6 291.7 283.1 274.1 264.8 255.2 245.3 235.9 229 221.2 212.8 207.5 202.6 195.3 186.8 179.1 171.2 166.4 166 166.4 167.4 169.2 171.9 170.8 180.5 166.7 171.3 176 177 173.9 171.2 169.1 167.5 169.6 175.4 182.1 188.1 194.3 196.5 195.3 194.3 193.4 192.6 195.1 200.7 206.3 211.8 211.2 209.4 207.1 204.6 203.5 207.5 208.6
396.5 391.9 383.4 376.9 370.1 364 357.7 350.4 342.6 334.7 327.1 320.2 311.1 305.5 297.4 289.7 282.1 274.9 294.6 285.6 276.5 267.3 259 249.8 241.5 231.6 222 212.4 203.3 195.8 189.9 183.6 178.3 173.4 169.2 163.6 156.4 149.6 143.1 136.5 157.4 157.2 151.7 132 132.9 134.8 132.8 134.7 136.4 138.8 138.7 136 134 132.5 131.4 132.4 135.4 138.5 142.4 146.5 148.2 146.6 145.9 144.6 143.7 145.3 149 153.1 153.9 152.4 150.3 148.2 158.5 149.1 152.1 152.5
362.1 355.7 349.3 342.8 332.3 327.5 319.1 311.1 303.6 296.2 287.9 279.6 272.3 264.2 256.6 248.4 240.9 233.1 250.7 242.4 233.8 226.1 217.2 208.8 200.2 191.6 184.6 177.9 171.6 165.7 158.8 155 146.3 142.7 139.8 137.2 132.4 126.8 121 115.5 111.9 109.9 108.5 107.6 107.1 106.9 107 105.8 107.3 108.6 108.6 106.3 104.8 103.7 102.8 103.3 104.8 106.4 108.3 110 110.5 109.6 108.7 108.3 107.4 107.9 109.8 110.5 109.5 108.2 106.9 115.1 106.8 108.5 110 110.4
320.5 311.8 303.6 297.8 289.6 280.8 273.1 267.5 259.9 251.8 243.4 236.4 229.7 222.8 215.5 209 201.8 194.5 187.3 181.2 182.6 186 179.7 173.6 167.2 161.6 155.6 150.5 144.8 140 133.9 127.7 122 117.4 114.3 111.6 109.1 105.5 100.7 96 92.5 90.4 89 87.4 86.4 84.3 81.1 80 80 79 78.3 77.6 77.2 79.2 78.1 77.8 78.7 76 76.1 76 75.8 75.7 75.7 78.8 77 76.9 78.7 77.6 75.8 75.4 76.1 75 75.7 74.6 73.2 69.2
271.5 263.4 257.4 249.5 243 235.6 227.9 220.5 213.8 208.1 202.6 194.5 189.2 182.8 179.2 174.1 165.9 161.2 157 150.6 161.1 154.2 146.3 139.7 140.7 135.1 128.3 120 116.3 111.5 108.3 103.9 99.7 97.5 92.6 88.6 85.2 82.5 79.8 77.4 74.1 70.3 67.5 64.5 64.5 60.6 60.2 59.6 57.9 56.9 56.5 55.3 54.7 54.1 53.2 52.6 52.1 51.6 51.4 51.2 51 50.4 50.3 50.1 50.1 49.6 50 49.3 48.9 49.4 48.7 47.9 46.9 45.9 45.3 44.9
229.2 221.2 213.2 205.4 200.4 190.2 185.3 179.5 173.7 168.9 163.1 157 154.3 150 144.6 139.5 132.1 129.2 125.8 121.2 116.7 119 121 114.4 109.4 105 100.3 95.4 92.1 87.9 84.1 82.8 77.4 74.9 71.4 69.2 66.5 63.6 60 57.1 54.5 52.5 50.3 48.7 47.1 45.4 44.3 42.7 42.1 40.3 38.3 36.4 39.3 34.5 34 33.7 33.6 33 33.2 33 32.2 30.9 30.1 30.6 29.8 29.6 29.2 28.8 27.9 28.4 28.6 28.6 29.1 29.2 30 29.9
185.7 178.8 172.3 166.1 160.5 155 149 143.6 138.4 135.9 137.4 127.9 124.1 120.4 116.4 112.4 107.9 103.8 99.4 99.6 95.9 92 93.1 93.7 89 86.1 79.6 76.4 73.3 70.4 66.9 63.4 61.4 58.7 56.2 53.2 50.6 48.1 46.2 43.9 41.3 38.7 37.5 35.3 33.7 32.4 30.7 28.8 28.1 26.4 25 25.1 22.9 22 21.6 20.5 19.7 18.4 19.8 17.5 17.4 17.1 16 16 16 16.1 16.5 16.8 17.3 17.7 18.3 18.3 18.8 18.9 19.5 20.1
146.7 144 140.9 138.6 135.7 133.7 128.9 123.8 119.3 114.5 110.6 106.6 104.1 100.9 98.9 95.6 90.8 87.8 86.9 84 80.3 76.1 71.5 74.1 70.5 67.3 63.2 60.4 58.9 56.1 53.1 49.2 46.9 44.3 43 39 37.2 34.9 32.6 30.7 29 27.4 25.2 23.1 22.9 21.1 18.6 17.3 16.2 15 13.9 12.9 12.1 11.4 10.4 10.1 9.4 9.1 8.6 8.9 8.6 8.1 7.8 8 8.1 8.1 8.5 8.7 9.1 9.6 10 10.4 10.8 11.3 12 12.7
113.4 111.5 109.4 107 105.8 104 102.2 100.1 98.6 96.9 95.1 93.6 89.4 86 83.1 79.4 78.3 74.6 70.4 67.5 64.5 61.3 62.7 58.2 55.2 52.2 51 47.7 44.6 42.3 39.6 37.3 34.9 32.5 30.2 28.1 26.2 24.6 22.1 20.7 19.2 17.4 15.9 14 12.6 11.4 9.9 9 7.6 7.2 6.1 5.2 4.7 3.6 3.2 3 2.4 1.9 1.7 1.7 1.8 2 1.9 2.1 2.1 2.4 2.7 3.1 3.4 3.9 4.5 5.1 5.8 6.4 6.8 7.5
110.9 108.2 105.2 102.9 81.5 79.3 78 76.5 75.3 74.2 72.7 71.1 69.7 68.3 67.1 65.8 64 62.2 59.5 57.3 56.6 52.9 50.1 47.5 45.1 40 38.6 37 35 32.9 30.6 28.7 26.6 24.6 22.8 20.7 19.1 17 15.2 14 12.4 11.2 9.9 8.7 7.5 6.5 5.5 4.8 4.1 3.1 2.4 1.9 1.8 1 0.8 0.7 0.5 0.4 0.4 0.4 0.3 0.3 0.3 0.3 0.3 0.4 0.7 0.9 1.3 1.6 2 2.5 3.1 3.5 4.1 4.8
78.1 75.5 73.3 71.1 69.2 67 65.1 63.4 61.7 60.2 58.5 57.2 55.6 54.2 52.8 51.4 49.9 48.5 46.6 45.4 43.8 44.8 41 39.8 37.8 35.6 32.6 30 25.5 24.5 23.1 21.8 20.3 19.4 18.1 16.6 12.4 11.7 10.8 9.7 9.2 8.7 7.9 7.1 6.3 5.3 4.4 3.9 3.2 2.7 2.2 2 1.5 1.1 1.1 0.8 0.7 0.8 0.7 0.7 0.7 0.6 0.6 0.6 0.6 0.6 1 1.3 1.7 1.8 2.1 2.3 2.9 3.1 3.6 4.1
70.3 67.5 65.3 62.9 60.8 58.7 56.9 55.1 53.5 51.5 48.9 46.7 44.9 42.7 40.8 38.9 41.8 36.1 34.8 34 32.9 32.1 31 29.3 27 24.8 25 21.8 20.6 19.1 17.7 16.2 15.4 13.6 12.8 12 10.8 9.9 9.3 8.7 7.9 7.3 7.1 6.7 5.5 5.1 4.5 4.3 3.6 3.4 3.4 2.9 2.6 2.5 2.2 2.1 1.8 1.6 1.6 1.4 1.3 1.5 1.5 1.5 1.8 1.9 2.1 2.1 2.5 2.6 3 3.2 3.6 3.8 4.2 4.8
55.6 60.3 58.3 56.4 54.4 43.8 41.8 40 38.8 37.4 35.8 34.3 41.8 40.3 38.9 37.8 36.3 34.8 27.5 27 25.8 25.3 24.3 22.7 21.6 21 20.1 19.3 15.4 14.3 14.1 13.7 13 12.6 11.8 11.5 11.2 10 9.5 9.1 8.6 8.3 7.5 6 5.5 5.4 5.1 4.9 4.6 4.4 4.3 4.1 4 3.7 3.8 3.8 3.8 3.6 3.6 3.5 3.5 3.5 3.5 3.6 3.8 3.9 4.2 4.2 4.5 4.7 4.8 5.2 5.4 5 5.4 5.8
51 48.6 46.6 44.4 42.6 40.9 39.3 37.9 36.5 35.2 33.6 32.3 31.4 29.9 29.1 28 27.2 26.1 24.5 24.5 22.1 21.3 20.5 17.7 16.9 16.7 16 15.3 14.9 14.3 14 13.5 13 12.4 11.9 11.4 11 10.4 10.3 9.7 9.5 8.6 8.6 8.5 8.1 7.8 6.8 6.4 6.3 6.2 6 5.9 5.5 5.5 5.4 5.4 5.3 5.3 5.6 5.6 5.6 5.6 5.8 6 6 6 6.3 6.2 6.4 6.5 6.7 6.8 7.1 7.3 7.6 7.8
45.4 43.8 42.2 40.9 39.4 37.9 36.8 35.6 34.6 33.3 32.4 31.2 29.9 27.8 26.3 24.5 23 21.7 20.7 20.5 19.7 19.4 18.7 18.1 17.7 16.8 16.4 16.2 15.5 15 14.8 14.1 13.8 13.2 12.9 12.6 12 11.7 11.3 11.3 11.1 10.7 10.2 10 9.5 10 9 8.7 8.7 8.3 8.1 7.9 7.8 7.7 7.8 7.5 7.5 7.5 7.5 7.4 7.4 7.4 7.6 7.7 7.7 7.9 7.9 8 8.2 8.5 8.5 8.6 8.8 9 9 9.4
41.2 39.7 38.3 36.8 35.3 37.3 35.2 33.5 31.5 29.6 28.9 27.2 26.4 25.3 24.6 23.7 23 22.1 21.6 18.9 18.7 18.6 18 17.5 17.2 16.9 16.4 16.2 15.6 15.4 15.2 14.6 14.3 14.2 13.7 13.6 13.5 13.3 12.9 12.6 12.3 12.2 12 11.9 11.8 11.3 11.1 11 10.7 10.2 10.1 10.7 9.8 9.8 9.9 9.8 9.8 9.8 9.8 9.7 9.8 9.8 9.9 9.9 9.8 9.8 9.8 9.8 10 10.1 10 10.2 10.3 10.8 10.7 10.9
39.2 37.9 36 34.2 32.4 31 29.6 28.5 27.6 26.7 25.8 24.9 24.3 23.4 22.7 22 21.3 20.7 20.1 19.8 18.9 18.7 18.1 17.6 17.3 16.9 16.5 16.1 16 15.7 15.3 16.1 15.8 15.6 15.3 15.1 15.1 13.8 13.8 13.5 13.5 13.5 13.3 12.9 12.5 12.6 12.5 12.5 12.4 12.3 12.2 12 11.9 11.8 12.1 11.6 11.4 11.4 11.4 11.4 11.4 11.4 11.5 11.5 11.5 11.4 11.4 11.6 11.8 11.7 11.7 11.6 11.8 12.2 12 12.1
33.9 33.1 32.6 31.6 27.4 27 26.2 25.6 25 24.6 23.8 23.3 22.8 22.6 21.9 21.6 21.2 20.8 20.2 19.9 19.5 19.3 18.8 18.6 18.2 17.9 17.7 17.3 16.9 16.8 16.6 16.3 16 15.9 15.5 15.4 15.3 15.1 15 14.9 14.5 14.3 14.2 14.2 14.1 13.9 13.8 13.7 13.7 13.3 13.1 13.1 13.2 13.2 13.2 13.1 13.1 13.1 13.1 13 12.9 12.9 12.9 12.9 12.9 12.9 13.1 13 12.9 13 13 13 12.8 13 12.9 13.2
26.7 26 25.3 25 24.3 24 23.3 23.2 22.8 22.4 21.8 21.4 21.2 20.9 20.1 20.2 19.8 19.4 19.2 18.9 18.4 18.1 18 17.8 17.7 17.3 17.1 17.2 17 16.8 16.6 16.3 16.2 16 15.8 15.8 15.6 15.3 15 15 14.9 14.7 14.5 14.4 14.3 15 14.8 14.6 13.8 13.8 13.8 13.8 13.8 13.8 13.7 13.7 13.6 13.6 13.6 13.5 13.5 13.5 13.3 13.4 13.4 13.4 13.4 13.5 13.5 13.5 13.3 13.3 13.3 13.5 13.6 13.5
25.3 25 23.6 22.8 22.4 21.9 21.5 21.2 20.5 19.8 19.6 19.4 19.3 19 18.6 18.3 18 17.9 17.8 17.2 17 17 16.8 16.6 16 15.8 15.8 15.8 15.6 15.6 16.1 16 16 15.1 14.9 14.9 14.6 14.7 14.5 14.5 14.4 14.3 14.1 14.2 14.2 14.3 14.2 14.1 14.1 13.5 13.5 13.5 13.5 13.5 13.5 13.4 13.4 13.3 13.3 13.3 13.4 13.4 13.4 13.3 13.4 13.5 13.6 13.4 13.6 13.7 13.8 13.5 13.5 13.5 13.6 13.7
20 19.9 19.4 19.2 19 18.8 18.6 18.4 18.4 18 17.9 17.7 17.3 17.1 17.1 17.1 16.9 16.5 16.3 16.2 16.1 15.7 15.6 15.4 15.4 15.4 15.3 15 15 15.5 15.4 14.6 14.7 14.5 14.4 14.2 14.1 14.1 14.2 14.1 14.1 14.1 14 14.1 14.1 14.2 14.1 14.1 14 14 13.4 13.3 13.3 13.3 13.3 13.3 13.4 13.5 13.5 13.6 13.6 13.5 13.3 13.2 13.4 13.4 13.1 13.2 13.6 13.7 13.5 13.6 13.6 13.4 13.6 13.6
17 17 16.7 16.6 16.5 16.5 16.4 16.3 16.1 15.8 15.5 15.6 15.7 15.6 15.5 15.3 15.2 15.1 14.9 14.9 14.8 14.6 14.4 14.4 14.5 14.4 14.4 14.1 14.1 14 13.9 14 13.9 13.9 13.9 13.7 13.6 13.5 13.6 13.4 13.4 13.4 13.3 13.3 13.3 13.3 13.2 13.5 13.1 13 13 12.9 12.9 12.9 12.9 12.8 12.8 12.8 12.8 12.8 12.8 12.9 12.9 13 12.8 12.7 12.5 12.8 12.6 12.6 12.6 12.6 12.6 12.8 12.8 12.9
14.5 14.4 14.4 14.4 14.1 14 13.9 13.7 13.7 13.6 13.6 13.5 13.5 13.5 13.5 13.4 13.5 13.5 13.4 13.4 13.1 12.8 12.7 12.7 12.7 12.7 12.7 12.7 12.6 12.5 12.5 12.5 12.6 12.5 12.3 12.2 12.2 12.2 12.1 12.2 11.8 11.9 12 12.1 12 11.9 11.8 11.7 11.6 11.7 11.7 11.7 11.7 11.7 11.7 11.5 11.5 11.4 11.5 11.5 11.3 11.4 11.5 11.5 11.5 11.5 11.5 11.5 11.5 11.6 11.6 11.6 11.5 11.6 11.6 11.7
