datasets/global_precipitation_1950_2017/rasters/precip_1992-total.asc
NCOLS 720 
NROWS 347 
XLLCORNER -180 
YLLCORNER -90 
CELLSIZE 0.5 
NODATA_value -9999 
[rows 0 to 33 of 347, columns 228 to 303 of 720]
-9999 -9999 -9999 -9999 -9999 -9999 -9999 -9999 -9999 -9999 -9999 -9999 -9999 -9999 -9999 -9999 -9999 -9999 -9999 -9999 -9999 -9999 -9999 -9999 -9999 -9999 -9999 -9999 -9999 -9999 -9999 -9999 -9999 -9999 -9999 -9999 -9999 -9999 -9999 -9999 -9999 -9999 -9999 -9999 -9999 90 88.2 -9999 -9999 -9999 -9999 -9999 78.3 -9999 75.4 73.9 72.7 71.4 70.2 69 67.8 66.7 65.9 65.2 64.4 63.6 63.5 63.2 63.2 63 62.9 63.1 63.6 63.5 64 64.5
180.2 182.9 186.2 188.8 191.3 -9999 -9999 -9999 -9999 -9999 -9999 -9999 -9999 -9999 -9999 -9999 -9999 -9999 -9999 -9999 -9999 -9999 -9999 -9999 -9999 -9999 -9999 -9999 -9999 -9999 -9999 -9999 -9999 -9999 -9999 -9999 -9999 -9999 -9999 -9999 95.7 94.4 92.7 91.7 90.2 88.7 87.5 86 -9999 -9999 82.3 81.4 80 78.8 77.4 76.3 75.4 74.4 73.6 72.6 71.5 71 70 69.4 69 68.7 68.2 68.2 67.7 67.6 68 67.8 68.1 68.2 68.2 68.8
146 147.4 149.1 150.2 151.3 151.6 151.4 149.9 147.8 145.2 -9999 -9999 -9999 -9999 -9999 -9999 -9999 -9999 -9999 -9999 -9999 -9999 109.3 107.9 -9999 105.9 104.3 103.4 -9999 -9999 100 98.5 97.7 96.8 96 94.8 -9999 -9999 -9999 -9999 90.4 89.8 88.7 87.9 87 -9999 -9999 84.8 84.1 83.1 82.3 81.6 81.3 80.5 79.5 79.1 78.7 78 77.5 76.9 75.8 75.7 75.5 75.1 74.8 74.4 74.4 74 74.2 73.8 73.7 74.1 74.3 74 74.1 74.3
88.2 -9999 81.8 80.6 -9999 -9999 -9999 -9999 -9999 67.6 65.5 64.1 62.8 62.6 -9999 66.2 68.4 70.8 72.8 74.7 76.9 78.3 79.8 80.5 -9999 82.7 83.3 84 84.3 84.8 84.8 -9999 84.8 84.9 84.7 84.4 84.6 84.3 84.2 83.9 83.7 83.6 83.5 83 82.7 82.4 82.7 81.9 82.3 82.1 82.1 81.7 81.6 81.4 80.9 80.7 81 80.1 80 79.9 79.6 79.7 79.1 79.1 78.8 78.9 78.6 -9999 78.5 78.6 79.3 79.3 79.5 79.3 79.5 79.5
74.3 -9999 -9999 -9999 -9999 -9999 -9999 -9999 -9999 -9999 54.3 53.9 54.2 54.8 55.3 56.4 57.1 58.2 59.5 60.8 62.6 64.9 66.2 68.1 69.2 70.6 71.7 72.8 73.7 73.9 74.6 75.3 75.8 76.3 76.4 76 76.5 76.8 77.4 77.6 77.6 78 78.2 78.6 78.9 79.3 79.4 79.9 80 80.4 80.4 80.8 81.3 81.4 81.4 82.1 82.2 82.4 82 81.8 82.8 83.4 83 82.7 82.9 83 82.9 82.9 82.9 83.5 83.7 83.5 83.4 83.4 83.5 83.9
-9999 78.7 76.5 74.7 72.3 70.6 68.9 66.8 65.3 63.6 63 62.1 61.5 61.2 61.6 61.6 61.9 62.6 62.8 63.6 64.4 64.9 65.4 66.4 67 67.6 68.4 69 69.6 70.3 70.5 71.2 72.1 72.6 72.3 72.7 72.2 71.9 72.7 73.3 73.8 75.1 75 75.3 76.3 77 78.3 79 79.4 80.1 80.6 81.3 82 82.3 82.9 83.4 85 84.5 85.7 85.9 86.9 86.8 87.6 87.7 87.6 88.6 88.2 88.3 88.7 89.3 89.6 89.4 89.6 90.1 90.3 90.2
88.7 86.8 84.7 83 81.2 80 78 76.6 76.5 73.1 71.3 70.5 70 69.5 68.8 68.5 68.3 68.1 67.5 67.2 66.8 66.9 67.3 67.5 67.6 67.5 68 68.7 68.5 69 69.3 69.3 69.9 70 69.9 70.5 70.6 70.6 71.8 71.4 71 71.4 72.7 73.4 74.5 75.5 76.8 77.9 79 80.8 82 82.6 83.9 85.1 86.3 87.3 88.1 89.6 89.6 91.1 92.6 93.2 94.1 94.9 95.9 96.6 97.4 98.6 98.3 98.8 99 99.4 99.8 100 100.1 100.4
-9999 -9999 89.9 88.3 86.9 84.9 84.4 82.4 81.2 80.2 79.1 77 76.1 75.5 74.9 74.3 73.9 72.7 72.1 71.3 70.5 69.7 69.1 69 69 68.7 68.6 68 68 68.2 68.6 68.8 68.4 68.3 68.4 68 68.3 68.2 68.7 69.7 70.6 71 72 72.6 74.3 74.6 76.2 78 79.6 81.4 83.1 84.7 86.4 88.4 90.2 92 93.6 95.4 97 98.9 100.9 102.1 103.4 105.3 106.6 107.3 108.8 109.8 110.8 111.1 112.6 113.2 113.7 114.4 114.3 114.8
-9999 91.7 90.6 89.5 87.6 86.7 85.6 84.9 84 82.8 82 80.9 80.1 79 78.1 77.4 76.7 76 74.5 74 72.7 72.3 73.1 70.4 69.9 69.7 68.7 69.2 68.9 68.8 68.4 68 67.6 67.3 66.5 66.3 66.3 66.8 67.5 68.3 68.8 70.2 71.1 72.8 73.9 75.6 76.8 78.8 81 83.5 85.5 87.8 91.2 92.6 95.6 98.3 101.1 103.7 106.3 108.6 111.3 114 116.3 118.4 120.3 122.1 123.5 125.8 125.3 127.2 128.9 129.9 131 131.4 132 132.5
88.7 88.5 87.9 87.2 86.5 86.1 86.1 85.5 84.8 84.1 83.2 82.2 81.1 82.3 79.3 78.1 77.8 76.7 76.4 75.8 74.8 74 72.7 73 71.2 70.5 70 69.6 68.9 68.5 68.2 67.7 67.2 65.8 65.2 66.7 64.9 65.9 66.3 67.3 67.7 68.7 70.6 72.3 73.8 75.6 78.3 81.1 83.9 86.6 89.5 94 97.8 100.1 103.3 108.8 110.4 113.8 121 124.9 128.4 131.4 133.7 135.8 137.9 139.3 140.9 142.2 144.2 146 147.8 150.2 150.5 151.7 153 152.5
84.2 83.9 84.3 84.7 84.6 84.6 84.5 84.5 84.4 84.3 83.8 83.7 82.7 82.4 81.5 80.6 79.6 78.7 78.3 77.6 76.7 75.4 75 73.9 74.9 72.3 71.6 70.8 71.5 70.7 67.5 65.9 65.2 65 64 63.5 64.2 64 65.7 64.4 65.7 67.5 69.1 71.2 73.5 76 78.7 82.5 86.3 91.1 94.9 100.2 107 108.3 113 117.7 121.7 126.5 130.9 135 139.2 143.3 147 150.4 154 158.2 159.9 161.4 163.9 165.7 168.5 170.1 169.7 174.2 175.5 176.3
82.2 82.5 83.7 84.5 84.9 85.3 85.8 86.3 86.5 86.6 86 85.8 85.1 84.1 83.9 82.7 82.1 82.8 80.8 79.9 79.7 79.7 78.5 78.1 77.7 75.5 75.3 74.2 73.1 72 70.7 69.8 67.5 67.7 67 66.4 65.5 66 65.7 67.1 67.5 69.2 69.1 70.9 74.1 77.1 80.8 85.3 90.8 96.5 102.9 110.2 115.6 122.2 128.8 133.7 140.2 144.5 149.8 153.6 158.1 161.9 164.8 167.6 168.9 177.7 175.3 179.1 182.5 186.1 188.9 191.1 193 194.7 195.2 196
88 88.5 88.5 89.2 89.5 89.9 90 90.3 89.9 89.5 89.2 88.7 87.1 86.7 86.3 86 85.2 84.7 84.4 83.5 84.5 83.3 82.8 83.3 82.9 82.5 81.2 80.2 79.2 77.7 75.8 76.4 75 74.9 73.6 72.1 71.1 71.1 69.6 70.4 72.5 73 75.2 77.3 80.3 85.1 89.8 96.2 103.1 110.3 117.5 124.9 132.1 139 144.5 151.3 156.6 161.4 165.5 168.4 171.9 174.8 180.9 185.2 188.6 191.8 194.5 198.1 201.5 205 207.9 209.2 211.3 209.9 215.3 213.6
100.7 99.6 98.1 97.1 96.2 95.7 95.4 94.3 93.6 93.7 92 91.5 91.1 91.1 90.7 90.1 89.8 88.9 88.7 88.8 89 89.9 90 89.8 89.4 89.1 87.8 87.3 87.2 86.6 86 85.1 84.1 83.5 82.3 82 81.1 81.3 81.5 83.1 85.5 88.4 91.6 95 98.9 104 112.6 116.6 122.3 132.5 139.9 146.9 154.1 160.3 157 161.2 167.4 172.1 178 186.8 189.7 187.4 191.4 196.1 200.1 204.5 208.7 211.8 213.4 217.5 220.4 223.5 226.1 229 229.4 228.8
-9999 106.7 104.7 -9999 101.8 -9999 -9999 -9999 97.6 96.7 96.2 95.7 95.5 95.5 96.1 95.7 95.3 95.9 97 97 96.8 96.9 97.7 97.9 97.8 96.9 97.4 96.4 95.9 95.4 95.7 94.5 95.5 94.3 94.9 95.2 95.7 95.6 97.7 100.4 103.6 104.3 113.6 116.8 120.8 126 132 138.5 145.5 151.4 157 162.8 168.3 173.5 178.3 182.4 184.8 189 192.8 197.2 199.8 203.1 206.9 210 213.4 216.6 220.1 223.2 226.3 228.9 230.9 231.6 236.1 236 237.4 239
-9999 -9999 -9999 -9999 -9999 -9999 -9999 -9999 -9999 -9999 -9999 -9999 -9999 -9999 103.4 103.9 104.9 105.6 106.1 107.1 107.1 107.6 108.5 108 108.2 108.2 107.6 107.8 107.5 107.3 106.7 105.5 105.8 106.9 105.2 106.7 108.8 111.3 114.5 117.7 119.3 126.3 128.1 130.8 135.2 140.1 145.3 151.2 157 163.6 169.9 175.8 180.8 186.6 190.7 195.2 199.5 203.2 207.3 211.2 214 217.3 220.3 223.6 225.7 228.7 231.2 232.9 235.3 237.3 238.9 240.8 243.4 245 246.6 246.7
-9999 -9999 -9999 -9999 -9999 -9999 -9999 -9999 -9999 -9999 -9999 -9999 -9999 -9999 -9999 116.8 117.7 117.8 119 118.9 118.6 118.6 118.7 118.3 119.1 118.2 118.1 118 117.4 113.8 113.4 112.7 112.8 114 114.8 116.1 115.9 118.9 122.6 127.3 131.8 135.2 138.9 139.8 143.2 145 149.2 154.3 160.1 167.8 173.5 180.2 186.7 192.9 197.8 202.9 208.1 212.1 216.2 220.1 223.5 226.9 230.7 233.4 237.2 240 240.8 243.2 245 246.8 248.1 249 250.5 250.6 251.1 252
-9999 -9999 -9999 -9999 -9999 -9999 -9999 -9999 -9999 -9999 -9999 -9999 -9999 -9999 -9999 -9999 -9999 -9999 131.9 131.2 130.3 129.7 128.1 126.7 125.5 124.4 123.5 122.1 121 120.4 120.4 120.1 119.2 119.1 120.1 120.2 121.4 122.8 125.2 126.8 128.1 129.8 131.3 132.3 133.4 136.7 140.8 146.4 153.3 162 171.4 178.3 185.7 193.5 200 206.5 212.1 217.8 222.2 227.7 231.3 234.8 238.5 242.8 246.7 249.9 251.7 253.1 255.3 256.6 256 258 258.8 259 257.4 256.9
-9999 -9999 -9999 -9999 -9999 -9999 -9999 -9999 -9999 -9999 -9999 -9999 -9999 -9999 -9999 -9999 -9999 -9999 -9999 -9999 139.6 138.2 136.9 135.2 133.8 132.2 130.4 130.3 128.4 128.7 126.4 126.1 124.8 123.9 123 123 122.1 121.5 122.4 122.4 122.5 124 124.5 126.7 133.1 137.9 140.2 144.7 151 157.8 166.1 176 183.8 194.8 203.4 210 216.6 222.6 227.9 233.4 238.7 243.1 250.6 253.7 256.5 259.2 261.6 263.7 265.4 266.4 267.4 268.2 268.8 268.9 267.9 266.9
-9999 -9999 -9999 -9999 -9999 -9999 -9999 -9999 -9999 -9999 -9999 -9999 -9999 -9999 -9999 -9999 -9999 -9999 -9999 -9999 151.2 149.3 147.1 145.3 144.1 142 140.6 138 136.2 134.4 132.2 129.6 127.5 125.6 124 122.2 120.7 119.9 120.6 120.4 120.3 121 122.8 125.2 127.9 130.7 136.8 143.5 151.9 160.5 169.7 179.2 186.4 196.6 206.9 216.4 224.5 231.3 237.8 243.1 249 257.1 261.6 264.8 267.5 270.7 272.1 274.6 277.2 278.6 280.3 281.8 282.1 282.4 281.2 280.7
-9999 -9999 -9999 -9999 -9999 -9999 -9999 -9999 -9999 -9999 -9999 -9999 -9999 -9999 -9999 -9999 -9999 -9999 -9999 -9999 -9999 -9999 150.7 148.2 145.7 143.5 140.5 137.6 135.6 132.5 130.3 127.3 125.2 122.8 120.8 119.8 118.1 118.9 117.4 120.5 121.4 122.7 122.2 124.7 128.4 132.5 135.5 140.4 145.6 152.1 161.1 171.5 183.4 202.1 210.8 222 232.4 241.4 249.1 255.7 265.7 271.8 275.9 279.8 283.2 287 288.2 291.1 292.4 296.4 297.5 297.9 298 298 299.1 299
-9999 -9999 -9999 -9999 -9999 -9999 -9999 -9999 -9999 -9999 -9999 -9999 -9999 -9999 -9999 -9999 -9999 -9999 -9999 -9999 151.6 149 146.4 144.3 142.6 141.5 137.8 135.6 134.6 132.4 130.5 129.6 126.9 125.3 125.3 124.6 123.6 122.7 120.5 121.5 122.9 124.7 125.8 124.6 127.6 130 132.1 139.3 143 150.9 163.5 178.2 191.7 205.1 219.3 235.2 250.3 260.7 270.6 283.8 290.2 295 299.3 306 307.9 309.2 308.7 313.1 314.3 316.2 315.6 315.7 315.6 318.5 318.2 318.9
-9999 -9999 -9999 -9999 -9999 -9999 -9999 -9999 -9999 -9999 -9999 -9999 -9999 -9999 -9999 -9999 -9999 -9999 -9999 -9999 -9999 -9999 146 143.9 142.5 140.6 139.7 138.2 136.7 135.4 134.5 133.6 132.8 132.7 132.8 132.3 128.6 128.5 127.8 127.8 128.7 130 131.2 134.3 136.7 140 139.2 145.4 149 153.7 176.5 179.6 201.5 222.3 243.2 263.3 281.7 302.8 315.5 322.9 327.3 333.9 337.9 339.6 343.4 346.3 346.7 346.5 346 346.5 343.6 343.4 340.7 340.4 340.6 341.6
-9999 -9999 -9999 -9999 -9999 -9999 -9999 -9999 -9999 -9999 -9999 -9999 -9999 -9999 -9999 -9999 -9999 -9999 -9999 -9999 152.7 150.2 147.5 144.8 -9999 -9999 138.4 135.8 135 133.9 134.2 134.2 130.6 130.7 132 132.7 133.2 133.3 131.6 133.6 132.8 133.3 135.8 138.9 141.1 143.4 145.9 155.9 157.2 168.2 180.4 203.5 230.2 259.7 293.3 326.9 356.9 379.2 388.2 392.1 395.9 397.2 397.7 397.1 396.7 395.5 393.5 390.8 388.3 384.8 382.1 378 374.1 371.1 372.1 372.2
-9999 -9999 -9999 -9999 -9999 -9999 -9999 -9999 -9999 -9999 -9999 -9999 -9999 -9999 -9999 -9999 -9999 -9999 -9999 -9999 -9999 -9999 -9999 -9999 141.4 -9999 130.5 126.8 125 126.1 124.6 127.6 130.2 134.3 136.2 137.4 138.6 139 140.2 139.7 141 140.4 141.4 142.8 145 146.1 158.5 167.8 169.4 191.4 217 247 293.8 350.4 407.5 427.8 490.5 494.2 504.5 501 495.4 495.5 489.7 484.9 480.9 474.7 468.5 461.2 452.7 446.9 441 433.5 428.3 424.6 418.1 417.4
-9999 -9999 -9999 -9999 -9999 -9999 -9999 -9999 -9999 -9999 -9999 -9999 -9999 -9999 -9999 -9999 -9999 -9999 -9999 -9999 -9999 -9999 -9999 151.2 141.7 131.9 -9999 -9999 -9999 115.9 -9999 129 135 140.4 143.5 145.7 147.2 148 149 148.3 148.1 148.9 151 153.9 155 161.5 165.7 174.6 188.8 219.9 262.6 316 383.8 461.2 526.4 574.6 623.1 610.5 636.5 635.8 633.9 622.1 610.6 601.8 591.2 582.8 572.5 560.4 548.6 536.2 526.1 513.2 501.9 497.5 491.5 494
-9999 -9999 -9999 -9999 -9999 -9999 -9999 -9999 -9999 -9999 -9999 -9999 -9999 -9999 -9999 -9999 -9999 -9999 -9999 -9999 -9999 -9999 -9999 170 154.4 -9999 133.9 135.2 138.1 141.3 145.6 149.8 153 155.8 157.8 158.4 158.1 157.3 157.9 155.8 155.8 155.2 156.9 159.8 162.4 172.7 189.4 207.1 231 268.5 326 398.9 487.5 581.3 627.1 688.2 717.9 730.4 733.2 728.6 737 720.1 719.3 712.5 710.1 704.5 696 687 673.2 660.5 641.7 625.4 621.1 605.6 591 578.2
-9999 -9999 -9999 -9999 -9999 -9999 -9999 -9999 -9999 -9999 -9999 -9999 -9999 -9999 -9999 -9999 -9999 -9999 -9999 -9999 -9999 -9999 249.3 243 229.9 210.5 191.9 183.3 -9999 176.3 -9999 171.8 170.9 170.6 168.9 168.4 165.4 166.3 164.4 162.7 161.8 160.5 161.1 165.6 168.5 183.2 206.5 242.3 283.4 334.2 405.1 483.9 568.8 638.8 708.1 736.5 769.1 781.5 788.2 795.9 801.4 804.7 806.3 808 809.7 802.7 801.5 800.9 796.3 794 786.8 769.5 763 746.3 727.6 708
-9999 -9999 -9999 -9999 -9999 -9999 -9999 -9999 -9999 -9999 -9999 -9999 -9999 -9999 -9999 -9999 -9999 -9999 -9999 -9999 -9999 -9999 -9999 -9999 -9999 -9999 -9999 -9999 -9999 -9999 175.9 177.4 178.1 177.5 175.7 174.1 171 168 165.8 164.8 164.4 162.5 164 167.2 178.8 201.8 238.2 288.4 347.3 416.7 505.4 583.1 639.7 690.8 745.9 776.7 792.2 809.8 818.9 829.3 832.7 842.1 849 853.1 858.9 865.1 870.1 875.8 877.3 881.6 878.1 876.6 869.1 863.3 852.1 837.5
-9999 -9999 -9999 -9999 -9999 -9999 -9999 -9999 -9999 -9999 -9999 -9999 -9999 -9999 -9999 -9999 -9999 -9999 -9999 -9999 -9999 -9999 -9999 -9999 -9999 -9999 -9999 -9999 -9999 188 183.8 184.9 183 180.5 176.8 173.4 168.9 163.6 161.4 160.1 160.2 160.8 161.2 170.2 191.3 229.1 287 357.1 432.8 515.7 612 675.9 715.9 745.8 774.3 809.4 822.6 831.8 838.3 847 853.1 856.9 860.3 866.2 872.9 881 888.1 895.9 905.2 916.1 926.2 932.8 938.4 941.9 944.9 943.7
-9999 -9999 -9999 -9999 -9999 -9999 -9999 -9999 -9999 -9999 -9999 -9999 -9999 -9999 -9999 -9999 -9999 -9999 -9999 -9999 -9999 -9999 -9999 -9999 -9999 -9999 214.4 209.7 -9999 -9999 192.7 186.7 179.2 173 165.4 161.6 155.7 150.4 145.2 144.8 145.4 154 154.4 170.1 211.2 278.6 361.9 451.8 540 610.2 696.6 743.1 768.5 785 816.7 824.1 836 848.6 851.2 859.5 862.7 865.8 869.3 873 877.5 884.5 895.1 902.3 -9999 924.2 -9999 -9999 -9999 -9999 -9999 -9999
215.2 206.5 195.4 -9999 -9999 -9999 -9999 -9999 -9999 -9999 -9999 -9999 -9999 -9999 -9999 -9999 -9999 -9999 -9999 -9999 -9999 -9999 -9999 -9999 -9999 216.2 -9999 -9999 208.1 -9999 181.9 164.5 154 140.1 135.6 135.1 132.2 134.4 128.1 121.8 125.5 127 161.9 195.7 254.2 360 470.1 569.4 642.9 699.5 755 788.9 808.7 824.3 839.2 850.3 859.5 864.6 865.9 868.9 871.2 872.5 876.4 879.5 883.4 887.5 -9999 -9999 -9999 -9999 -9999 -9999 -9999 -9999 -9999 -9999
229.9 217.2 203.6 -9999 -9999 -9999 -9999 -9999 -9999 -9999 -9999 -9999 -9999 -9999 -9999 -9999 -9999 -9999 -9999 -9999 -9999 -9999 -9999 -9999 203.3 -9999 218.1 230.9 233.7 218.5 165.4 112.6 102 102.5 106.7 113.3 116.6 113.3 110.9 112.8 118.8 130.7 163.7 241 349.4 468.2 574.5 660.9 722.5 769.2 798.9 824.3 836 848 857.3 864.7 871.6 876.7 880.3 882.8 884.3 882.5 887.8 892.8 895.3 -9999 -9999 -9999 -9999 -9999 -9999 -9999 -9999 -9999 -9999 -9999
267.5 255.1 242.7 230.3 220 211.8 232.3 314.7 437.7 -9999 -9999 -9999 -9999 -9999 -9999 -9999 -9999 -9999 -9999 -9999 -9999 -9999 -9999 -9999 -9999 -9999 231.7 252 257 242 194.5 147.4 125.7 121.1 125.7 138.8 132.6 134.3 128.3 130.8 133.2 154.2 209.9 322.8 445.3 562.2 663.2 726.9 772 804.4 824.6 848.1 859 870.3 876.6 883.1 886.8 889.4 890.6 888.3 896.8 898.7 903.2 908.4 -9999 -9999 -9999 -9999 -9999 -9999 -9999 -9999 -9999 -9999 -9999 -9999
