datasets/global_precipitation_1950_2017/rasters/precip_1966-total.asc
NCOLS 720 
NROWS 347 
XLLCORNER -180 
YLLCORNER -90 
CELLSIZE 0.5 
NODATA_value -9999 
[rows 0 to 33 of 347, columns 532 to 607 of 720]
-9999 -9999 -9999 -9999 -9999 -9999 -9999 -9999 -9999 -9999 -9999 -9999 -9999 -9999 -9999 -9999 -9999 -9999 -9999 -9999 -9999 -9999 -9999 -9999 -9999 -9999 -9999 -9999 -9999 -9999 -9999 -9999 -9999 -9999 -9999 -9999 -9999 -9999 -9999 -9999 -9999 -9999 -9999 -9999 -9999 -9999 -9999 -9999 -9999 -9999 -9999 -9999 -9999 -9999 -9999 -9999 -9999 -9999 -9999 -9999 -9999 -9999 -9999 -9999 -9999 -9999 -9999 -9999 -9999 -9999 -9999 -9999 -9999 -9999 -9999 -9999
-9999 -9999 -9999 -9999 -9999 -9999 -9999 -9999 -9999 -9999 -9999 -9999 -9999 -9999 -9999 -9999 -9999 -9999 -9999 -9999 -9999 -9999 -9999 -9999 -9999 -9999 -9999 -9999 -9999 -9999 -9999 -9999 -9999 -9999 -9999 -9999 -9999 -9999 -9999 -9999 -9999 -9999 -9999 -9999 -9999 -9999 -9999 -9999 -9999 -9999 -9999 -9999 -9999 -9999 -9999 -9999 -9999 -9999 -9999 -9999 -9999 -9999 -9999 -9999 -9999 -9999 -9999 -9999 -9999 -9999 -9999 -9999 -9999 -9999 -9999 -9999
-9999 -9999 -9999 -9999 -9999 -9999 -9999 -9999 -9999 -9999 -9999 -9999 -9999 -9999 -9999 -9999 -9999 -9999 -9999 -9999 -9999 -9999 -9999 -9999 -9999 -9999 -9999 -9999 -9999 -9999 -9999 -9999 -9999 -9999 -9999 -9999 -9999 -9999 -9999 -9999 -9999 -9999 -9999 -9999 -9999 -9999 -9999 -9999 -9999 -9999 -9999 -9999 -9999 -9999 -9999 -9999 -9999 -9999 -9999 -9999 -9999 -9999 -9999 -9999 -9999 -9999 -9999 -9999 -9999 -9999 -9999 -9999 -9999 -9999 -9999 -9999
-9999 -9999 -9999 -9999 -9999 -9999 -9999 -9999 -9999 -9999 -9999 -9999 -9999 -9999 -9999 -9999 -9999 -9999 -9999 -9999 -9999 -9999 -9999 -9999 -9999 -9999 -9999 -9999 -9999 -9999 -9999 -9999 -9999 -9999 -9999 -9999 -9999 -9999 -9999 -9999 -9999 -9999 -9999 -9999 -9999 -9999 -9999 -9999 -9999 -9999 -9999 -9999 -9999 -9999 -9999 -9999 -9999 -9999 -9999 -9999 -9999 -9999 -9999 -9999 -9999 -9999 -9999 -9999 -9999 -9999 -9999 -9999 -9999 -9999 -9999 -9999
-9999 -9999 -9999 -9999 -9999 -9999 -9999 -9999 -9999 -9999 -9999 -9999 -9999 -9999 -9999 -9999 -9999 -9999 -9999 281.9 -9999 -9999 -9999 -9999 -9999 -9999 -9999 -9999 -9999 -9999 -9999 -9999 -9999 -9999 -9999 -9999 -9999 -9999 -9999 -9999 -9999 -9999 -9999 -9999 -9999 -9999 -9999 -9999 -9999 -9999 -9999 -9999 -9999 -9999 -9999 -9999 -9999 -9999 -9999 -9999 -9999 -9999 -9999 -9999 -9999 -9999 -9999 -9999 -9999 -9999 -9999 -9999 -9999 -9999 -9999 -9999
-9999 -9999 -9999 -9999 -9999 -9999 -9999 -9999 -9999 -9999 -9999 -9999 -9999 289.6 -9999 285.1 283 282.6 278.4 276.7 275.6 274.5 273.5 272.3 -9999 -9999 -9999 -9999 -9999 -9999 -9999 -9999 -9999 -9999 -9999 -9999 -9999 -9999 -9999 -9999 -9999 -9999 -9999 -9999 -9999 -9999 -9999 -9999 -9999 -9999 -9999 -9999 -9999 -9999 -9999 -9999 -9999 -9999 -9999 -9999 -9999 -9999 -9999 -9999 -9999 -9999 -9999 -9999 -9999 -9999 -9999 -9999 -9999 -9999 -9999 -9999
-9999 -9999 -9999 -9999 -9999 -9999 -9999 -9999 -9999 -9999 -9999 -9999 294.8 291.3 -9999 283.6 280.4 278.8 276.4 274.8 273 272.1 270.5 -9999 -9999 -9999 -9999 -9999 -9999 -9999 -9999 -9999 -9999 -9999 -9999 -9999 -9999 -9999 -9999 -9999 -9999 -9999 -9999 -9999 -9999 -9999 -9999 -9999 -9999 -9999 -9999 -9999 -9999 -9999 -9999 -9999 -9999 -9999 -9999 -9999 -9999 -9999 -9999 -9999 -9999 -9999 -9999 -9999 -9999 -9999 -9999 -9999 -9999 -9999 -9999 -9999
-9999 -9999 -9999 -9999 -9999 -9999 -9999 -9999 -9999 -9999 -9999 -9999 -9999 279.5 275.9 -9999 268.5 270.9 270.3 268.8 269.3 -9999 269.6 269.5 269.8 269.7 269.4 268.1 -9999 -9999 -9999 -9999 -9999 -9999 -9999 -9999 -9999 -9999 -9999 -9999 -9999 -9999 -9999 -9999 -9999 -9999 -9999 -9999 -9999 -9999 -9999 -9999 -9999 -9999 -9999 -9999 -9999 -9999 -9999 -9999 -9999 -9999 -9999 -9999 -9999 -9999 -9999 -9999 -9999 -9999 -9999 -9999 -9999 -9999 -9999 -9999
-9999 -9999 -9999 -9999 -9999 -9999 -9999 -9999 -9999 -9999 -9999 -9999 -9999 -9999 -9999 -9999 -9999 268.6 269.7 272 274.4 276.9 279.1 280.4 280.3 280.3 278.9 -9999 -9999 -9999 -9999 268.2 -9999 264.9 -9999 -9999 -9999 -9999 -9999 -9999 -9999 -9999 -9999 -9999 -9999 -9999 -9999 -9999 -9999 -9999 -9999 -9999 -9999 -9999 -9999 -9999 -9999 -9999 -9999 -9999 -9999 -9999 -9999 -9999 -9999 -9999 -9999 -9999 -9999 -9999 -9999 -9999 -9999 -9999 -9999 -9999
-9999 -9999 -9999 -9999 -9999 -9999 -9999 -9999 -9999 -9999 -9999 -9999 -9999 -9999 -9999 -9999 -9999 -9999 -9999 -9999 -9999 -9999 -9999 -9999 -9999 -9999 -9999 -9999 -9999 280.9 268.4 260.5 253.8 250.4 247.6 247.2 247.9 249.9 252.5 -9999 -9999 -9999 -9999 -9999 -9999 -9999 -9999 -9999 -9999 -9999 -9999 -9999 -9999 -9999 -9999 -9999 -9999 -9999 -9999 -9999 -9999 -9999 -9999 -9999 -9999 -9999 -9999 -9999 -9999 -9999 -9999 -9999 -9999 -9999 -9999 -9999
-9999 -9999 -9999 -9999 -9999 -9999 -9999 -9999 -9999 -9999 -9999 -9999 -9999 -9999 -9999 -9999 -9999 -9999 -9999 -9999 -9999 -9999 -9999 -9999 -9999 -9999 -9999 -9999 269.8 260 247.4 232.5 216.8 202.4 196.6 208.4 -9999 -9999 -9999 -9999 262.3 -9999 -9999 -9999 -9999 -9999 -9999 -9999 -9999 -9999 -9999 -9999 -9999 -9999 -9999 -9999 -9999 -9999 -9999 -9999 -9999 -9999 -9999 -9999 -9999 -9999 -9999 -9999 -9999 -9999 -9999 -9999 -9999 -9999 -9999 -9999
-9999 -9999 -9999 -9999 -9999 -9999 -9999 -9999 -9999 -9999 -9999 -9999 -9999 -9999 -9999 -9999 -9999 -9999 -9999 -9999 -9999 -9999 -9999 -9999 -9999 -9999 -9999 -9999 -9999 -9999 -9999 -9999 -9999 -9999 -9999 -9999 -9999 -9999 -9999 -9999 -9999 -9999 -9999 -9999 -9999 -9999 -9999 -9999 -9999 -9999 -9999 -9999 -9999 -9999 -9999 -9999 -9999 -9999 -9999 -9999 -9999 -9999 -9999 -9999 -9999 -9999 -9999 -9999 -9999 -9999 -9999 -9999 -9999 -9999 -9999 -9999
-9999 -9999 -9999 -9999 -9999 -9999 -9999 -9999 -9999 -9999 -9999 -9999 -9999 -9999 -9999 -9999 -9999 -9999 -9999 -9999 -9999 -9999 -9999 -9999 -9999 -9999 -9999 -9999 -9999 -9999 -9999 -9999 255.5 255.9 256.5 255.4 251.5 244.7 235.3 -9999 -9999 -9999 -9999 -9999 -9999 -9999 -9999 -9999 -9999 -9999 -9999 -9999 -9999 -9999 -9999 -9999 -9999 -9999 -9999 -9999 -9999 -9999 -9999 -9999 -9999 -9999 -9999 -9999 -9999 -9999 -9999 -9999 -9999 -9999 -9999 -9999
-9999 -9999 -9999 -9999 -9999 -9999 -9999 -9999 -9999 -9999 -9999 -9999 -9999 -9999 -9999 -9999 -9999 -9999 -9999 -9999 -9999 -9999 -9999 -9999 -9999 -9999 -9999 -9999 -9999 -9999 251.1 253.1 252.6 253.2 252.9 252.1 250.4 248 247.8 250 253 259.3 -9999 -9999 -9999 -9999 -9999 -9999 -9999 -9999 372.5 -9999 -9999 -9999 -9999 -9999 -9999 -9999 -9999 -9999 -9999 -9999 -9999 -9999 -9999 -9999 -9999 -9999 -9999 -9999 -9999 -9999 -9999 -9999 -9999 -9999
-9999 -9999 -9999 -9999 -9999 -9999 -9999 -9999 -9999 -9999 -9999 -9999 -9999 -9999 -9999 -9999 -9999 -9999 -9999 294.9 282.4 -9999 -9999 -9999 -9999 -9999 -9999 267.3 264.9 262.2 259.7 257.7 257.7 257.7 259 259.1 257.2 255.8 256.8 257.3 260 268.8 276.8 286 295.5 305.7 316 324.2 331.9 335.6 336.4 335.7 333.5 -9999 -9999 -9999 -9999 -9999 -9999 -9999 -9999 -9999 -9999 -9999 -9999 -9999 -9999 -9999 -9999 -9999 -9999 -9999 -9999 -9999 -9999 -9999
-9999 -9999 -9999 -9999 -9999 -9999 -9999 -9999 -9999 -9999 -9999 -9999 -9999 283.1 285.4 287.4 288.1 287.9 286.3 281.6 277.6 273.4 270.1 268.1 267.1 266.4 266.2 266.3 266.3 267.4 268.9 270.6 273.9 276.4 280.3 284.3 286.7 288.7 286.4 284 280.9 276.8 276.8 280.5 285.6 291.9 298 303.1 307.9 306.9 307.8 308.5 308 305.7 305.7 309.5 -9999 -9999 -9999 -9999 -9999 -9999 -9999 -9999 -9999 -9999 -9999 -9999 -9999 -9999 -9999 -9999 -9999 -9999 -9999 -9999
-9999 -9999 -9999 -9999 -9999 264.7 263.9 264.4 265.6 266.7 267.4 268.6 269.6 268.2 269.4 270.1 270.5 271.4 271.7 271.3 271.5 272.6 271 270.8 270.7 271 271.1 271.3 270.5 270.9 273.1 272.8 274 276.4 278.3 286.7 291.7 294.8 293.3 288.1 285.1 280.8 279.8 280.9 282.5 287.4 290 291.4 294.9 298 301.1 302.7 305 308.2 312.1 -9999 -9999 -9999 -9999 -9999 -9999 -9999 -9999 -9999 -9999 -9999 -9999 -9999 -9999 -9999 -9999 -9999 -9999 -9999 -9999 -9999
-9999 -9999 269 263.1 259.5 257.1 255.6 254.4 253.7 253.4 253.6 253.5 254.8 255.5 257.1 259.6 261.1 264.5 267.2 269.3 271.9 272.8 274.9 275.2 275.9 275.3 273.2 273 272.2 272.1 271.2 270.1 269.6 269 271 274.7 278.7 279.7 284.2 285.3 284.3 283.2 281.7 281.7 282.3 283.7 285.2 286.4 287.4 286.6 286.4 285 -9999 -9999 -9999 -9999 -9999 -9999 -9999 -9999 -9999 -9999 -9999 -9999 -9999 -9999 -9999 -9999 -9999 -9999 -9999 -9999 -9999 -9999 -9999 -9999
-9999 266 256.4 250.5 244.6 241 238.9 236.8 235.9 236.3 237.2 238.5 239.5 242.1 245.9 250.7 255.7 261.2 265.7 269.8 271.3 277 280.4 282.3 278.3 277.3 276.7 276.2 274.1 273.2 272.3 271.3 270.4 270 271.8 273.2 275.6 278.3 280.9 283.1 285.2 288.2 290.8 293.9 297.8 300.6 302.6 298.8 -9999 -9999 -9999 282 280.9 279.4 -9999 -9999 -9999 -9999 -9999 -9999 -9999 -9999 -9999 -9999 -9999 -9999 -9999 -9999 -9999 -9999 -9999 -9999 -9999 -9999 -9999 -9999
272 261.8 253.6 242.3 234.7 229.7 226.7 226.4 226.3 229.2 230.4 233.4 235.6 238.4 244.6 249.3 256.3 261.2 266.1 270.5 278.8 280.4 283.3 282.2 279.3 277.1 277.5 277.1 277.1 277.9 276.8 277.8 275.4 276.8 277 278.4 279.5 281.3 282 284.1 286.1 288 291.7 297.1 307.6 -9999 -9999 386.1 359.6 -9999 304.7 -9999 -9999 -9999 284.8 -9999 -9999 -9999 -9999 -9999 -9999 -9999 -9999 -9999 -9999 -9999 -9999 -9999 -9999 -9999 -9999 -9999 -9999 -9999 -9999 -9999
283.4 269.9 255.6 242.2 227.4 217.8 212.3 215.4 226.7 240.6 246.5 250.2 257.8 265.6 272.4 277 282.8 286.1 288 290.3 291.6 293.1 293.4 292.3 292.4 291.7 290.3 287.4 285.2 283.9 283.7 282.9 282.2 284.1 284.1 283.1 282.3 282 282.2 281.9 -9999 -9999 -9999 -9999 -9999 248.1 236.3 245.5 267.4 282 289.3 292.3 292.8 292.9 291.9 289 284.4 277.2 268.7 258.6 247.5 236.3 225.4 216.3 210 -9999 -9999 -9999 -9999 -9999 -9999 -9999 -9999 -9999 -9999 294.3
319.6 308 296.4 284.6 274.2 270.5 268 273.7 282.5 293.7 303.5 312 319.4 325 328.8 330.1 331.4 333.5 329.7 327.8 327.7 324.8 323.1 321.9 318.4 315.6 312.2 309.7 306 302.2 300.1 297.2 294.1 291.1 289.1 287.9 287.5 286.6 285.5 284.9 283.2 280.7 278.6 275.7 271.8 270.6 270.7 276.4 280.2 286.5 294.2 300.3 307 312.4 316.3 317.5 315.3 310.3 302.6 293.3 282.6 273.2 264.8 258.9 257.2 260.6 268.9 281.3 291.4 299.4 306.1 312.2 320.4 328.9 337.9 347.6
377.5 393 399.9 415.1 428.2 442.1 454.8 461.2 462.2 457.7 449.8 440.1 428 418 408.3 400.2 392.3 383.3 374.2 367.6 364.1 358.4 354.4 350 347.7 346.6 345.3 344.7 343.2 341 336.7 323.2 311.8 294 287.5 290.1 293 294.1 294.4 294 294.3 294.1 294 293.5 292.7 293.3 294.5 297.5 301.8 309.1 316.4 324.9 334.4 343.1 351.7 355.9 355.7 350.5 343.2 332.6 323.2 313.2 305.7 300.9 298.4 299.7 305 311.1 320 329.1 337.8 346.7 351.6 365.8 375.8 386.8
474.5 520.8 575.6 622.3 665.7 703.4 699.7 699.9 689.8 665.8 628.7 585.2 542.8 503 467.1 438.2 416.1 401.3 392.1 388.1 385.3 379.4 376.5 376 374 372.5 371.1 370.9 372.6 374.9 378 380.9 375.4 342.1 326.8 318.3 313.6 311.3 310.2 309.8 309.8 309.6 309 309.9 309 309.1 309.4 312.3 316.6 322.8 328.6 335.8 342.8 349 354.1 356.3 358 357.1 352 345.2 338.3 332.3 326.9 323.1 321.5 323.4 327.3 333.6 341.5 348.3 355.9 361.6 366.9 373 379.7 388.7
581.7 654.5 729.5 814.2 896.7 977.3 1028.2 1045.6 1011.8 939.8 844.6 745.5 644.4 549.4 472.5 413.7 377.7 369.6 375.1 384 390.3 393.1 392.3 390.7 388.7 386.5 384.3 380.5 378.4 377.1 375.6 372.3 366.6 343.3 338.3 334.3 330.5 328.2 327.2 326.3 324.6 324.9 324.6 323.7 323.1 323.4 324.9 326 327.8 332.1 334.3 338.1 341.5 343.4 346 348.6 348.7 347.3 345.5 341.7 337.6 334.3 331.5 330 329.1 331.4 337.2 343.5 352.1 359.1 365.5 371.6 377.8 384 391.1 395.4
631 713.1 765 858.6 964.3 1076.6 1167.9 1223.5 1187 1073.9 942.1 811.4 699.7 590.9 515.3 461.1 427.6 412.4 408.9 411.8 414.9 416 412.7 408.6 403.7 397.3 390.7 385.3 381.8 378.4 374.2 371 369.2 350.7 349.2 348.2 346.3 346.9 345.6 345.9 345.9 345.9 345 343.9 343.7 343.5 343.9 344.3 344 346.2 345.1 345.2 345.4 344.5 345.3 345.9 345.6 344.8 343.1 342.3 340.8 338.8 338 337.9 339.3 343.3 350.5 357.1 364.6 371.8 377.5 383.1 388.4 392.8 397.9 401.7
622 665 715.3 773.1 820.1 872.2 911.2 938 934.5 897.7 842 775.9 699.6 641.8 590.4 547.8 515.2 493.4 477.1 467.6 457.7 448 437.6 426.7 418.3 407.9 398.2 389.8 382.3 377.9 375.2 373.3 372.3 365.3 366.3 367.3 367.5 369 370.1 371.1 370.7 371.5 375.1 374.6 373.5 372.6 372.7 371.8 369.5 366.5 363.3 358.6 354 349.2 345 342 342.1 344.2 346.4 348 348.2 347.7 348.2 348.9 352.7 354.5 359.6 365.7 371.8 377 382.1 386.9 391.2 394.3 396.6 398
609.3 621 651.4 677.2 708.7 730.3 751.7 763.7 769.3 757.2 744.5 719.4 691.8 662.9 632.4 603.7 578.5 555.6 534.4 512.4 491.1 474 458.7 445.2 429.9 415.4 405.1 397.1 391.6 387.7 384.4 383.8 382.3 381.7 381.2 381.5 383.7 385.4 388.7 393.4 396.2 397.4 399.9 401.1 400.5 399.4 397.5 394.8 390.9 387.5 383.5 378.3 373.1 367 361.4 357 354.5 354 354.9 354.5 353.9 353 351.3 351.8 353.5 356.3 361.5 366.6 371.4 375.7 379.9 383.3 385.2 386.5 386.9 387.6
677.8 640.7 651.2 667.7 675.1 679.3 692.5 697.9 707.3 709.1 706.5 696.8 686.3 670.6 653.2 636.7 616.3 592.5 566 544.5 520.7 498.2 477.5 457.1 444.7 430.6 419.4 412.2 404.1 400.6 397.2 393.7 390.7 388.6 388.8 390.5 393.3 398 402.3 406.6 411.5 414.7 417.9 418.5 419.1 417.2 416.3 413.9 411.2 408.9 406.8 404.2 400.2 397 392.7 387.5 381.9 375.6 370.3 364.6 357.4 351.1 346.1 344.4 348.3 356.2 363.7 369.5 373.9 376.6 377.9 379.4 379.8 380.7 381.1 381.2
687.3 684 677.5 676 678 679.6 684.6 689.5 698.2 701.4 702.6 700.6 696.2 688.5 677.8 668 653.9 632.1 603.2 573.5 547.7 527.7 504.2 482.7 466 452.8 439 429 420.3 412.6 407.3 396.1 391.9 388.9 389.2 392.2 397 404.7 411.3 417 423.1 426.6 431.2 433 434 434 432.7 430.8 428.5 427.2 426.6 424.7 422.8 425.7 423.4 417 408.2 398.2 388 378 367.2 358.1 349.9 344.1 368.8 387.7 389.1 387.3 384.2 380.4 378.2 376.7 377.2 378.7 380.9 382.1
665.6 674.4 684.1 697.4 699.6 698.6 702.3 705.5 711.9 717.7 721.8 724.1 722.5 721.4 716.7 709.2 704.1 688.7 666.1 638 607.5 578.4 552 527.2 505.5 480.8 463.7 446.9 433.8 416.7 408.7 400.8 393.4 389.3 392.5 398 404.1 411.3 420.4 428.8 435.6 443 448.1 452.7 454.4 454.8 452.4 450 448 445.7 444.9 446.2 448.5 446.9 440.6 432 422.7 412.9 403.7 396.9 390.8 388.4 389.9 396 403.9 406 401 393.5 385.9 378.2 372.1 368.4 366.6 366.6 366.1 367.6
687.6 687.7 677.7 677.5 685 694.5 709.7 722.5 735.8 743.3 748.3 742.1 729.5 717.8 701.9 697.7 699 698.7 690.5 683.4 662 636.4 604.3 568.8 538.1 506.7 482 462.5 446.5 430.2 420.7 411.7 407.1 404.6 405.8 410 416.3 426.5 434 443.1 452.8 461.9 470.2 476.3 480.1 481.2 479.1 474.2 469.2 464.5 458.8 454.3 450.1 446.3 441 435 429.7 423.2 417.4 412 408 403.9 401 398.5 396.1 393 388.6 381.9 375.5 368.4 361.1 355.4 349.7 345.9 340.7 339.4
619.4 610 624.6 640.7 661.9 686.3 711.5 739.4 759.4 772.9 774.9 764.4 731.9 679.7 630.8 620.1 650.4 688.3 708.4 717.1 704.7 686 654.1 613.8 574.9 540.3 511 487.4 465.8 449.5 433.5 427.5 420.6 420.1 419.3 422.4 427.6 434.8 444.5 456 466.5 477.3 487 495.8 501.3 502.3 499.3 493.3 487.5 479.4 471.3 463.6 458.5 452.3 447.8 442.5 437.9 433.6 428.6 424.4 419.1 413.4 407.6 402 394.7 388.5 382 375.7 369.6 362.9 355.7 347.3 339 329.2 319.9 318.1
595.8 607.6 620.2 637.5 663.6 691.5 723 755 789.6 825.8 862.7 890.1 894.5 847.9 755.1 718.2 749.5 774.5 784.1 777.3 753.5 722.3 682 639 596.8 558.9 527.3 500.4 477.2 460.9 444.9 440 428.6 424.5 423.4 426 429.8 439.2 448.3 459.5 469.7 479.2 488.5 496.1 500.5 501.7 498.7 494.6 488.1 482.3 473.6 465.9 461.7 455.7 450.7 447.8 445 442.6 437.9 432.3 424.4 416.6 408.5 401.1 392.8 387.9 382.5 376.6 372.3 368.5 365.3 362.9 361.8 363 388 369.6
