datasets/global_precipitation_1950_2017/rasters/precip_1988-total.asc
NCOLS 720 
NROWS 347 
XLLCORNER -180 
YLLCORNER -90 
CELLSIZE 0.5 
NODATA_value -9999 
[rows 306 to 339 of 347, columns 380 to 455 of 720]
-9999 -9999 -9999 -9999 -9999 -9999 -9999 -9999 -9999 -9999 -9999 370.2 370.7 -9999 -9999 -9999 -9999 -9999 -9999 -9999 -9999 -9999 -9999 -9999 -9999 -9999 -9999 -9999 -9999 -9999 -9999 -9999 -9999 -9999 -9999 -9999 -9999 -9999 -9999 -9999 -9999 -9999 -9999 -9999 -9999 -9999 337.4 332.1 326.6 321.9 320.1 317 315.8 313.5 311.3 309.3 -9999 -9999 308.2 309.2 309.7 309 309.8 311.2 313.7 317.8 324 331.1 339.1 347.5 355.8 361.8 367.6 372.6 377.1 382.8
-9999 -9999 -9999 -9999 -9999 -9999 -9999 -9999 -9999 -9999 -9999 -9999 379.7 -9999 -9999 -9999 -9999 -9999 -9999 -9999 -9999 -9999 -9999 -9999 -9999 -9999 -9999 -9999 -9999 -9999 -9999 -9999 -9999 -9999 -9999 -9999 -9999 -9999 -9999 -9999 -9999 360.5 358.2 356.1 353.9 350.2 347.2 344.7 343.3 342.6 342.2 341.3 338.8 337.9 337.2 335.9 335.1 330.5 329.4 328.3 329.3 331.9 328.1 335.1 335.7 338.9 346.5 345.7 353 365 372 374.5 387.8 382.8 395.6 401.9
426.2 428.8 425.9 372.2 420.1 425.1 424.5 422.4 418.9 415.9 412 406.4 402.8 397.8 392.6 387.5 383.8 380.3 -9999 -9999 -9999 -9999 -9999 352.1 349.3 -9999 -9999 341.4 335.3 -9999 -9999 -9999 -9999 -9999 -9999 341.2 343.3 347.5 350.5 353.1 355.7 357.2 357.9 358.9 359.3 360.4 363.4 366.4 368.9 363.3 363.6 371.1 365.6 368.1 367.4 365.1 366.3 362.3 372.6 370.3 367.1 364.4 367.4 371.6 373 376.5 383.1 385.1 387.8 390.2 395.1 403.5 411.9 420 423.1 428
471.4 483 493.5 502.4 499 489.3 477.9 467.2 457.4 448.8 441.1 433 425.4 418 411 404.2 396.8 393 386.2 380.7 374 372.5 365.1 359.1 356.8 351.4 344.9 339.3 335.7 332.1 330.2 327.3 325.7 326.4 329 330.6 332.3 334.5 338.6 343.6 348.1 353.1 357.8 362.9 366.8 369.9 375.5 381.7 387 377.1 379.2 393.7 394.1 393.5 394.3 396.2 401.4 405.5 405.6 405.9 407.6 411.1 405.8 398.7 404.2 408.4 409.3 410.5 412.2 412.9 417.1 424.9 432.2 439.8 447.2 450.6
477.1 483.2 488 493.4 495.4 491.6 486.2 479.5 478.9 470.3 461.6 452.9 444.4 435.8 428.1 419.7 411.6 403.4 395.6 401 392 384.5 376.9 369.9 365.5 359.8 351.6 346 340.3 337.9 333.4 329.6 327.4 325 325.1 325.4 324.6 328.3 331.9 335.6 340.3 345.6 351.8 358.5 360.3 369.8 371.7 377.5 383.9 374.2 380.6 395.5 397.3 398.7 406.6 408.6 415.1 415.5 416 416.7 418.9 422.4 426.3 430.4 427.7 420.5 426.9 425.8 421.6 419.9 423.6 432.2 444 445.4 455 458.6
469.6 482.6 490.4 491.4 491.1 487.9 484.6 480.6 475.2 469.2 462.3 455.1 450 442.3 432.3 424.4 419 431.4 421.9 413 403.7 394.4 386.6 379.3 370.7 363.8 357.8 351.3 345 339.1 333.9 328.8 326.5 322.5 319 317.1 316.9 316.6 318.8 320.9 323 325.8 329.5 334.2 335.9 339.5 348.9 351.5 354.3 355.2 356.3 371.1 376 380.6 388 391.5 390 391.7 392.7 394.4 396.3 400.4 404.7 408.9 416.8 419.5 418.9 421.3 423.5 410.9 421.3 426.3 431.9 433.2 437.8 445.2
469.3 470.1 477.5 478.9 478.4 475.2 473.1 469.6 465.6 461.3 456.1 450.2 444.1 437.4 430.4 422.9 444.8 436.1 426.2 417.2 407.4 400.9 390.4 380.4 371 362.8 355 347.9 341.1 334 327.4 321 313.5 306.3 300.4 298.1 295.9 294.1 293.3 292 290.7 290.4 290.5 292.4 293.5 295 296.8 299.8 302.6 305.1 307.8 311.5 318.7 322.1 325.4 328.5 332.2 335.7 333.2 335.5 339.1 341.7 351 353.6 356.3 360.6 367.2 368.3 372.9 377 381.2 385.4 384.5 384.5 393 401.2
453.4 460.2 461.4 461.6 461.7 460.5 458.4 455.6 451.9 447.7 442.7 437.7 433.2 427.3 421.6 414.2 441.2 431.1 420.6 409.9 400.4 391.6 382.8 373.5 364.6 354.3 343.5 332.9 323.5 315.9 307.2 298.1 288.5 278.2 267.8 259.8 254.5 253.4 251.3 249.5 248.7 244.4 241.1 242.5 240.6 237.1 235.3 235.1 235.4 236.2 237.4 239 241.5 243.1 245.6 247.7 250.9 253.3 256.7 259.2 263 266.2 271 275.8 281.5 285.6 288.6 291.2 293.9 296 300.5 307.6 314.9 315.3 320.5 321.3
440 446.3 446.8 446.6 445.8 444.2 442 438.4 436 431.4 425.9 420.1 413.9 408.9 403 396.6 427 416.5 405.3 394 382.6 383.4 370.5 357.7 345.7 334.1 321.7 309 297.3 286.2 275.5 264.2 252.2 239.8 226.6 214.6 205.5 199.4 193.7 190 189 187.2 186.7 183.8 175.9 176.9 161.6 156.3 164.2 154.2 154.8 150 147.6 145.8 144.1 147.4 153.5 159.6 165 170.9 173.1 174 175.2 176.7 178.7 182.7 188.7 193.7 199.4 204.7 208.9 212.1 215.8 219.8 227.5 229.5
429.3 430 428.2 429 426.9 424.2 420.2 417.7 414.5 405.7 404.9 398.1 390.8 382.8 376.1 407.4 396.5 391.1 379.9 367 365.1 351.7 338 324.6 311.4 299 287.7 274.3 261.3 248.9 235.9 225.2 212 197.7 182.8 170.3 160.9 152.8 146.9 141.6 131.7 125.7 123.6 122.8 118.1 109 100.9 112.6 93.1 95.4 93.7 89.2 85.8 83.5 81.7 82.5 85.6 89 93.4 98 99.2 97.6 96.6 95.9 95.1 98.1 104 109.9 115.9 122.1 124.8 125.4 125.8 126.5 127.3 131.1
410 408.3 408 402.7 403.8 399.2 394.5 388.7 384 380 374.3 366.8 358.8 350.2 341.6 370.6 362.1 353.4 343.7 333.8 322.1 308.5 295 281.7 268.3 255.2 242.3 229 215.2 203.7 191.5 181 170.4 157.4 145.4 135.1 125.6 116.2 106.5 100 95.5 92.3 89.5 87.6 85.8 78.6 73.7 70.5 70.2 70.4 68.6 65.2 62.3 59.4 57.6 57.3 58.2 59.1 60.1 61.3 61.5 61.2 60.6 60.2 60.1 60.9 63.7 66.1 68.4 70.6 70.2 70.1 69.7 69.3 70.5 71.4
387.6 382.5 380.1 376.9 372.2 366.2 361 354.1 346.7 340.1 333.2 325.4 316.4 307.2 298.9 291.2 282.8 305.7 295.6 283.4 271.5 258.6 245.9 233.4 221.2 208.8 196.6 184.1 172.3 160.4 151.3 142 132.1 124.9 117.5 109.2 101 92.7 84.6 78.3 74.1 70.2 67.8 66.5 65.5 62.3 63.9 56.7 56 55.7 54.3 52.5 50.9 49.1 47.7 47.2 47.6 48.4 48.7 49.3 48.9 48 47 46.1 45.2 45.3 45.9 46.6 47.4 47 46.2 45.3 44.2 43.7 44.9 45.2
353.4 350.4 342.5 337 330.9 325.2 319.2 311.8 303.6 295.1 286.8 279.6 268.6 262.3 252.9 243.3 234.4 225.5 243.7 232 220.5 208.5 197.7 187.1 176.5 166.4 155.7 146.3 137.4 129.8 122.8 115.8 109.3 103.4 98.1 91.8 84.6 77.5 70.6 64 71.6 68 62.7 53.1 52.2 51.5 49.9 49.5 48.2 47.6 46.4 44.7 42.7 41.5 40.2 39.6 39.6 39.8 39.9 40 39.4 38.5 37.5 36.6 35.8 35.6 35.9 36.3 36 35.3 34.3 33.4 35.6 32.9 33.4 33.2
308.3 303.6 298.5 293.1 281.8 278.8 270.9 262.7 255.5 247.5 238.6 229.6 221.4 213 204.4 195 185.9 176.8 192.5 183.2 174 165.4 156 147.7 139.6 132.3 126 119.7 113.4 107.4 101.5 96.6 89.6 84.9 80.5 76.3 70.7 64.9 59.2 53.7 50.6 48.8 47.5 46.2 45 44 43.2 42.1 41.5 40.9 40 37.8 37 35.4 34.4 33.6 33.3 33 32.8 32.5 32 31.1 30 29.2 28.3 28.1 28 27.7 27 26.2 25.2 27.5 24.4 24.6 24.9 24.7
258.6 252.2 245.4 239.2 231.9 224.5 217 210.3 202.9 195.4 187.4 179.3 172 164.4 156.4 149.3 142.1 135.9 130.8 125.8 126.8 130.2 125 119.7 114.1 108.7 103.5 98.9 94.2 89.6 84.6 78.9 73.3 68.6 64.7 60.9 57.3 53.3 48.8 46 44.1 42.8 41.6 40.5 39.5 38.2 36.6 35.7 35 33.8 32.4 31.4 30.5 30.4 29.4 28.8 28.3 27 26 25.2 24.5 23.9 23.3 23.6 22.4 22 22 21.2 20.1 19.5 19.3 18.7 18.5 17.5 17 15.7
204 197.1 191.9 184.9 179.3 172.5 165.4 158.1 151.8 146 140.6 133.6 128.9 124.8 122 118.4 113.1 109.6 106.2 102.1 110.3 105.1 99.3 94.6 93.4 89 84.1 78.4 75 70.8 67 62.8 58.8 55.7 51.1 47 43.9 42.1 40.8 39.4 38.1 36.8 35.7 34.5 33.7 32.4 31.6 30.9 30 29.2 28.5 27.7 27 26.3 25.7 25.1 24.4 23.8 23 22.4 21.7 21.1 20.5 19.9 19 18.5 18.1 17.5 17 16.7 16.2 15.8 15.6 15.1 14.7 14.2
156.4 150.2 143.4 137.4 133.4 125.2 121.5 117.7 113.7 111 107.9 104.4 102.3 99.6 96.8 93.8 89.8 87.5 85.2 82 79 79.2 80 75.7 72.2 68.6 65.2 61.2 58.4 54.5 50.9 48.8 44.7 42 39.4 38.4 37.4 36.6 35.4 34.2 33.2 32.3 31.5 30.6 29.8 29 28.3 27.6 26.9 26.3 25.6 25 24.8 24 23.5 23.2 22.7 22.1 21.7 21.2 20.6 19.9 19.4 19.1 18.1 18 17.5 17 16.5 16.1 15.8 15.3 15 14.6 14.3 14
114.1 109.9 105.4 101.4 98.2 95 92.7 90 87.9 87.1 87.5 83.4 81.3 79 76.9 74.6 72 69.4 66.9 65.9 63.5 60.8 60.3 60.4 56.9 54.6 50.8 48.1 45.6 43.1 40.5 37.9 36.1 35.2 34.4 33.5 32.6 31.8 31.1 30.4 29.5 28.9 28.4 27.8 27.2 26.7 26.1 25.5 25.1 24.5 23.9 23.5 22.9 22.3 21.9 21.3 20.8 20.3 20.1 19.5 19.2 18.8 18.4 18.1 17.5 17.1 16.8 16.4 16.1 15.8 15.4 15 14.7 14.4 14.1 13.8
83.9 82.7 81.3 80.3 79.3 78.4 76.5 74.5 72.6 70.4 68.7 66.6 65.4 63.9 62.6 60.7 58.3 56.7 55.4 53.8 51.8 49.5 47.4 47.2 44.9 42.8 40.4 38.3 36.6 34.6 32.7 31.9 31.2 30.5 30 29.3 28.8 28.3 27.8 27.3 26.8 26.4 25.9 25.3 25 24.6 23.9 23.5 23 22.5 22 21.5 21.1 20.6 20.2 19.8 19.3 18.9 18.5 18.2 17.9 17.5 17.2 16.9 16.6 16.4 16.1 15.6 15.5 15.3 15 14.7 14.4 14.2 13.9 13.6
62.9 62.2 61.7 60.9 60.4 59.5 59.1 58.2 57.2 56.5 55.8 55 53.7 52 50.6 49.1 48.1 46.5 44.8 43.3 41.6 40 39.5 37.3 35.5 33.7 32.5 30.6 29.1 28.7 28.3 27.9 27.4 27.1 26.7 26.3 26 25.5 25.1 24.8 24.3 23.9 23.5 23 22.6 22.2 21.6 21.3 20.9 20.6 20.1 19.7 19.4 19 18.7 18.3 18 17.6 17.3 17 16.7 16.4 16.2 15.9 15.6 15.3 15.1 14.9 14.7 14.5 14.2 13.9 13.7 13.5 13.3 13.1
55.4 54.7 53.6 52.9 46.7 46.2 45.7 44.9 44.5 43.9 43.5 42.7 42.1 41 40.5 39.5 38.8 37.7 36.4 35.1 34.5 32.7 31.3 30 28.7 27 26.4 26.2 25.8 25.6 25.2 24.9 24.6 24.3 24 23.6 23.2 22.8 22.4 22.1 21.7 21.4 21.1 20.8 20.4 20.1 19.7 19.4 19.1 18.8 18.5 18.2 17.9 17.5 17.3 17 16.7 16.5 16.2 16 15.7 15.5 15.2 15 14.7 14.5 14.3 14.1 13.9 13.6 13.4 13.2 13 12.8 12.7 12.5
39.6 38.9 38.3 37.8 37 36.5 36.1 35.4 34.9 34.3 33.8 33.2 32.6 32 31.3 30.7 30 29.2 28.5 27.8 27 26.7 25.3 24.7 24.1 23.6 23.3 23 22.5 22.3 22.2 21.9 21.7 21.5 21.2 21 20.4 20.2 20 19.7 19.5 19.3 19 18.8 18.5 18.3 17.9 17.7 17.5 17.2 16.9 16.7 16.5 16.2 15.9 15.7 15.5 15.3 15.1 14.8 14.6 14.4 14.2 14 13.8 13.6 13.4 13.2 13 12.8 12.6 12.5 12.3 12.1 11.9 11.7
32.4 31.6 31.2 30.6 30.2 29.7 29.1 28.6 28.1 27.5 26.9 26.2 25.6 24.9 24.2 23.5 23.8 22.4 22 21.8 21.4 20.9 20.7 20.5 20.3 20.1 20.1 19.7 19.7 19.5 19.3 19 18.9 18.7 18.5 18.3 18.1 18 17.7 17.6 17.3 17.2 17 16.8 16.6 16.4 16.2 16 15.9 15.6 15.4 15.2 15 14.8 14.7 14.5 14.3 14 13.8 13.6 13.5 13.3 13.1 12.9 12.7 12.6 12.5 12.3 12.1 12 11.8 11.6 11.5 11.3 11.2 11
24.1 25.3 24.9 24.5 24.1 21.5 21 20.6 20.2 19.8 19.6 19.3 20.8 20.4 19.8 19.6 19.3 18.9 17.7 17.7 17.6 17.6 17.5 17.4 17.4 17.3 17.3 17.2 16.8 16.7 16.6 16.5 16.5 16.3 16.2 16.1 16 15.8 15.7 15.6 15.4 15.3 15.1 14.9 14.8 14.6 14.4 14.3 14.1 14 13.8 13.7 13.6 13.4 13.3 13.1 13 12.8 12.7 12.5 12.4 12.2 12 11.9 11.8 11.6 11.5 11.4 11.3 11.1 11 10.8 10.7 10.5 10.3 10.2
18.6 18.3 17.8 17.6 17 16.9 16.7 16.6 16.3 16.1 15.9 15.9 15.7 15.5 15.2 15.1 15.1 15.1 15 15.1 14.9 14.9 14.9 14.7 14.6 14.6 14.6 14.5 14.4 14.4 14.4 14.3 14.2 14.2 14.1 13.9 13.9 13.8 13.7 13.6 13.5 13.4 13.3 13.2 13.1 13 12.7 12.6 12.5 12.4 12.3 12.2 12.1 12 11.8 11.7 11.6 11.5 11.4 11.2 11.1 11 10.9 10.8 10.6 10.5 10.5 10.4 10.3 10.2 10 9.9 9.8 9.7 9.6 9.5
13.9 13.8 13.7 13.6 13.6 13.5 13.3 13.2 13.1 12.9 12.8 12.7 12.7 12.6 12.5 12.5 12.5 12.5 12.4 12.5 12.4 12.5 12.4 12.4 12.5 12.4 12.4 12.4 12.3 12.3 12.3 12.2 12.2 12.2 12.1 12.1 12 11.9 11.9 11.8 11.8 11.7 11.6 11.5 11.4 11.4 11.2 11.1 11 11 10.9 10.7 10.6 10.5 10.4 10.4 10.3 10.2 10.1 10 9.9 9.8 9.7 9.6 9.5 9.4 9.5 9.4 9.3 9.2 9.1 9 8.9 8.8 8.7 8.6
10.6 10.6 10.4 10.3 10.2 10.6 10.5 10.3 10.2 10.2 10.3 10.3 10.3 10.2 10.3 10.3 10.4 10.4 10.3 10.2 10.3 10.3 10.3 10.3 10.4 10.4 10.3 10.3 10.4 10.4 10.4 10.3 10.3 10.3 10.3 10.3 10.3 10.1 10.1 10.1 10.1 10 10 10 9.8 9.8 9.7 9.7 9.5 9.5 9.4 9.5 9.3 9.3 9.2 9.1 9.1 9 8.9 8.9 8.8 8.7 8.7 8.5 8.4 8.3 8.4 8.3 8.3 8.2 8.1 8 8 7.9 7.9 7.8
8 8.1 8 7.9 8 8 8 8.1 8.1 8.2 8.2 8.2 8.2 8.3 8.3 8.4 8.4 8.4 8.4 8.5 8.5 8.5 8.6 8.5 8.6 8.6 8.5 8.6 8.6 8.5 8.6 8.7 8.7 8.7 8.7 8.6 8.6 8.5 8.5 8.5 8.5 8.5 8.4 8.4 8.3 8.3 8.3 8.3 8.2 8.2 8.2 8.1 8.1 8 8 7.9 7.8 7.8 7.7 7.7 7.7 7.6 7.6 7.5 7.5 7.4 7.5 7.5 7.4 7.2 7.2 7.1 7.1 7 7 6.9
6 6.2 6.2 6.2 6.2 6.2 6.2 6.3 6.3 6.4 6.4 6.5 6.5 6.6 6.7 6.7 6.7 6.8 6.8 6.9 6.9 6.9 6.9 7 6.9 7 7 7.1 7 7 7.1 7.1 7 7.1 7.1 7.1 7.1 7.1 7 7 7 7.1 7.1 7 7 6.9 6.9 6.9 6.9 6.9 6.9 6.9 6.8 6.8 6.8 6.8 6.8 6.7 6.7 6.6 6.5 6.5 6.5 6.5 6.4 6.4 6.5 6.5 6.5 6.4 6.4 6.3 6.2 6.2 6.1 6.1
4.3 4.5 4.5 4.6 4.6 4.7 4.7 4.8 4.9 4.9 5 5 5.1 5.1 5.1 5.2 5.3 5.3 5.3 5.4 5.4 5.5 5.5 5.5 5.6 5.6 5.6 5.6 5.6 5.7 5.7 5.8 5.7 5.7 5.7 5.8 5.7 5.7 5.7 5.8 5.8 5.8 5.7 5.7 5.7 5.8 5.8 5.8 5.7 5.7 5.7 5.7 5.7 5.7 5.7 5.6 5.6 5.6 5.6 5.5 5.5 5.5 5.5 5.5 5.5 5.4 5.6 5.6 5.6 5.5 5.4 5.4 5.4 5.3 5.3 5.3
3.3 3.4 3.4 3.4 3.5 3.5 3.6 3.6 3.6 3.7 3.7 3.8 3.8 3.8 3.9 4 4 4 4 4.1 4.1 4.1 4.2 4.2 4.2 4.2 4.3 4.3 4.4 4.4 4.4 4.5 4.5 4.5 4.5 4.5 4.5 4.6 4.5 4.5 4.5 4.6 4.6 4.6 4.6 4.6 4.6 4.6 4.7 4.6 4.6 4.6 4.6 4.6 4.6 4.6 4.6 4.6 4.6 4.6 4.6 4.6 4.6 4.6 4.6 4.5 4.7 4.6 4.6 4.6 4.6 4.6 4.6 4.6 4.5 4.5
2.2 2.3 2.3 2.3 2.4 2.5 2.5 2.5 2.6 2.7 2.7 2.8 2.8 2.8 2.9 2.9 3 3.1 3 3.1 3.1 3.2 3.1 3.2 3.2 3.3 3.3 3.2 3.3 3.4 3.5 3.4 3.4 3.5 3.5 3.4 3.5 3.5 3.5 3.5 3.6 3.6 3.6 3.6 3.7 3.7 3.7 3.7 3.7 3.7 3.7 3.7 3.7 3.7 3.7 3.7 3.7 3.7 3.7 3.7 3.7 3.7 3.7 3.6 3.7 3.7 3.8 3.8 3.9 3.9 3.8 3.8 3.8 3.8 3.8 3.8
1.5 1.5 1.6 1.6 1.6 1.7 1.7 1.8 1.9 1.9 1.9 1.9 2 2 2.1 2.1 2.2 2.2 2.2 2.2 2.3 2.3 2.4 2.4 2.4 2.5 2.5 2.5 2.5 2.5 2.6 2.6 2.6 2.7 2.7 2.7 2.7 2.7 2.7 2.7 2.8 2.8 2.8 2.8 2.9 2.9 2.9 2.9 2.8 2.8 2.9 2.9 2.9 2.9 2.9 2.9 2.9 3 3 3 3 3 3 3 2.9 2.9 3.1 3.1 3.1 3.1 3.1 3.1 3.1 3.1 3.1 3.2
0.9 1 1 1.1 1.1 1.2 1.1 1.2 1.2 1.3 1.3 1.4 1.4 1.4 1.5 1.5 1.6 1.5 1.5 1.6 1.6 1.6 1.7 1.7 1.7 1.8 1.8 1.8 1.9 1.9 1.8 1.9 1.9 1.9 2 2 2 2 2.1 2.1 2 2 2 2.1 2.1 2.1 2.1 2.1 2.2 2.2 2.2 2.2 2.2 2.3 2.3 2.2 2.2 2.2 2.2 2.2 2.2 2.3 2.3 2.3 2.3 2.3 2.4 2.4 2.4 2.4 2.5 2.5 2.5 2.5 2.5 2.5
