datasets/global_precipitation_1950_2017/rasters/precip_2013-total.asc
NCOLS 720 
NROWS 347 
XLLCORNER -180 
YLLCORNER -90 
CELLSIZE 0.5 
NODATA_value -9999 
[rows 102 to 135 of 347, columns 304 to 379 of 720]
-9999 -9999 -9999 -9999 -9999 -9999 -9999 -9999 -9999 -9999 -9999 -9999 -9999 -9999 -9999 -9999 -9999 -9999 -9999 -9999 -9999 -9999 -9999 -9999 -9999 -9999 -9999 -9999 -9999 -9999 -9999 -9999 -9999 -9999 -9999 -9999 -9999 216.7 201.5 195.6 187.5 272.2 409.2 427.8 400.6 195.4 105.5 97.7 174.8 339 210.7 118.6 98.3 86.8 97.3 98.9 100.4 101 100.5 77.4 52.9 37.2 47.4 66.2 58.9 49.4 43 46.8 54.9 56 57.4 57.8 47 40.2 41.3 54.7
-9999 -9999 -9999 -9999 -9999 -9999 -9999 -9999 -9999 -9999 -9999 -9999 -9999 -9999 -9999 -9999 -9999 -9999 -9999 -9999 -9999 -9999 -9999 -9999 -9999 -9999 -9999 -9999 -9999 -9999 -9999 -9999 -9999 -9999 -9999 -9999 -9999 219.2 202.3 195.8 218.7 372.8 448.4 372.9 231.9 106.1 75.2 57.1 81.5 110 72.4 46.6 72.9 91.5 94.6 95.3 94.7 90.7 66.1 36.1 19.8 17.7 28.4 44.3 49.5 48.5 48.8 52.5 54.8 52.8 49.9 50.6 45.6 42.2 43.5 48
-9999 -9999 -9999 -9999 -9999 -9999 -9999 -9999 -9999 -9999 -9999 -9999 -9999 -9999 -9999 -9999 -9999 -9999 -9999 -9999 -9999 -9999 -9999 -9999 -9999 -9999 -9999 -9999 -9999 -9999 -9999 -9999 -9999 -9999 -9999 -9999 227.8 253.8 261.8 413.3 248.5 212.8 176.4 123.9 76.9 65.4 44.3 29.9 42.6 44.5 35.9 33.9 52.3 70.8 90.6 101.4 103.8 78.3 30.5 14.7 10.4 11.9 16.7 27.4 37.6 44.3 47.9 51.4 51.8 47 44.4 46 40.9 39.8 39.7 41.9
-9999 -9999 -9999 -9999 -9999 -9999 -9999 -9999 -9999 -9999 -9999 -9999 -9999 -9999 -9999 -9999 -9999 -9999 -9999 -9999 -9999 -9999 -9999 -9999 -9999 -9999 -9999 -9999 -9999 -9999 -9999 -9999 -9999 -9999 -9999 -9999 285.5 426.2 310.2 304.5 251.4 195.7 71.6 68.2 51.9 44.4 35.9 31.4 27.7 24 18.7 22.1 26.3 39.5 58.3 56.4 31.2 19.8 15.3 11.5 9.3 8.1 9.6 17.3 27.9 36.2 42.2 43.1 41.2 37.4 34.2 32.1 30.4 30.3 29 26.1
-9999 -9999 -9999 -9999 -9999 -9999 -9999 -9999 -9999 -9999 -9999 -9999 -9999 -9999 -9999 -9999 -9999 -9999 -9999 -9999 -9999 -9999 -9999 -9999 -9999 -9999 -9999 -9999 -9999 -9999 -9999 -9999 -9999 -9999 -9999 -9999 -9999 406 282.5 288.7 280 287.2 131.9 56.3 39.2 38 30.3 27.6 19.5 11.6 10.3 7.9 12.5 19.3 16.6 14.9 16 15.7 14.5 12.8 8.9 5.4 6.6 12.5 19.1 28 33.2 32.7 28.4 23.2 21.3 20.9 22.1 22.9 20.5 10.7
-9999 -9999 -9999 -9999 -9999 -9999 -9999 -9999 -9999 -9999 -9999 -9999 -9999 -9999 -9999 -9999 -9999 -9999 -9999 -9999 -9999 -9999 -9999 -9999 -9999 -9999 -9999 -9999 -9999 -9999 -9999 -9999 -9999 -9999 -9999 -9999 118.4 229.6 261.8 270.1 300.6 265.3 141.9 68.8 44.9 37.1 30.2 19.7 10.3 6.6 9.2 12.7 13.4 15 15.2 17.3 18.9 18.3 18.1 16.6 14.6 12.4 12.6 14.6 18 20.7 20.3 16.5 12.1 8.9 9.3 12.7 15.8 18.1 18.6 14.1
-9999 -9999 -9999 -9999 -9999 -9999 -9999 -9999 -9999 -9999 -9999 -9999 -9999 -9999 -9999 -9999 -9999 -9999 -9999 -9999 -9999 -9999 -9999 -9999 -9999 -9999 -9999 -9999 -9999 -9999 -9999 -9999 -9999 -9999 -9999 63.2 101.6 149.6 166.1 163.8 201.2 209.9 135.1 79.1 52.5 38.3 31.1 16.9 10.4 8.2 10.7 12.6 13.3 13.4 14.6 20.2 27.1 22.3 19.9 19.8 20.8 20.9 18.8 17.7 16.4 15.1 12.4 9.1 7.9 7.9 8.6 10.3 10.8 12.3 13.6 14
-9999 -9999 -9999 -9999 -9999 -9999 -9999 -9999 -9999 -9999 -9999 -9999 -9999 -9999 -9999 -9999 -9999 -9999 -9999 -9999 402.8 -9999 -9999 -9999 -9999 -9999 -9999 -9999 -9999 -9999 -9999 -9999 -9999 -9999 70.1 63.1 64.6 75.4 74.3 55.7 53.4 56.4 60.6 59.6 52.1 41.5 31.4 17 9.9 10.6 11.3 11 10.2 8.9 10.7 16 21 20.1 18.1 20.2 26.4 26.7 21.2 16.9 14.8 12.2 9.9 7.6 7.8 9.1 9.6 9.9 8.2 7.2 9.1 11.2
-9999 -9999 -9999 -9999 -9999 -9999 -9999 -9999 -9999 -9999 -9999 -9999 -9999 -9999 -9999 -9999 -9999 -9999 -9999 -9999 -9999 -9999 321.2 -9999 -9999 -9999 -9999 -9999 -9999 -9999 -9999 -9999 -9999 62.7 64.1 62.5 59.1 54.6 43.6 42.2 45 43.2 42 43.2 43.9 37.9 30.9 16.6 11.2 10.2 8.9 7.3 6 4.9 3.9 4.4 8.4 11.4 13.1 15.8 22 22.5 16.8 13.4 12.2 10.6 8.8 7.2 7.1 11 9.8 8.6 7.5 6.7 9.4 7.1
-9999 -9999 -9999 -9999 -9999 -9999 -9999 -9999 -9999 -9999 -9999 -9999 -9999 -9999 -9999 -9999 -9999 -9999 -9999 -9999 -9999 -9999 -9999 -9999 -9999 -9999 -9999 -9999 -9999 -9999 22.8 34.7 42.2 45.3 49.1 52.9 48.9 39 28.4 22.6 33.4 35.7 36.2 34.9 36.7 33.4 29.8 16.5 10.6 6.9 5.8 4.1 3.3 2.4 0.8 2 4.8 6.3 7.9 8 7.5 7.4 8 8.5 8.9 7.6 6 5.7 6 6.5 7.8 7 6.5 6.6 6.5 8
-9999 -9999 -9999 -9999 -9999 -9999 -9999 -9999 -9999 -9999 -9999 -9999 -9999 -9999 -9999 -9999 -9999 -9999 -9999 -9999 -9999 -9999 -9999 -9999 -9999 -9999 -9999 -9999 -9999 7.5 11.8 21.3 28.7 34 37 38.6 36 29.4 22.2 18.2 22.8 28 29.3 32.1 31 30.4 29.7 18.5 7.3 4.5 3 3.1 2.3 1.9 1.3 2 2.1 3.4 4.8 5.1 3.2 1.7 3.9 5.5 5.4 5.1 3.7 3.3 5.8 7.9 8.1 7.1 5.4 4.9 7 9.5
-9999 -9999 -9999 -9999 -9999 -9999 -9999 -9999 -9999 -9999 -9999 -9999 -9999 -9999 -9999 -9999 -9999 -9999 -9999 -9999 -9999 -9999 -9999 -9999 -9999 -9999 -9999 -9999 -9999 4.6 7.3 14.2 22.4 28.1 29.6 30.8 28.3 26 22.6 20.8 20.5 22.9 25.7 27.6 27.6 28.3 28.1 18.7 4.5 2.7 2.2 1.9 1.5 1.1 1.5 0.9 0.1 2.5 4.6 5.1 5.9 5.2 4 3.9 2.9 2.8 2.4 2.3 5.3 9.4 10.6 9 4.9 1.8 8.6 14.6
-9999 -9999 -9999 -9999 -9999 -9999 -9999 -9999 -9999 -9999 -9999 -9999 -9999 -9999 -9999 -9999 -9999 -9999 -9999 -9999 -9999 -9999 -9999 -9999 -9999 -9999 -9999 128.6 35.8 6.9 9.4 11.8 19.2 22.9 25.5 26.3 25.3 24.7 23 22.2 19.9 21.9 23.3 24.2 25 26.5 26.1 17.5 3.6 2 1.3 1 0.9 1.3 1.7 1.4 1.3 1.8 3.6 4.7 5.2 5.3 4.6 3.5 1.8 1.2 1.3 1.8 6.2 12.2 14.5 12.7 10.7 9.7 15.2 22.4
-9999 -9999 -9999 -9999 -9999 -9999 -9999 -9999 -9999 -9999 -9999 -9999 -9999 -9999 -9999 -9999 -9999 -9999 -9999 -9999 -9999 -9999 -9999 -9999 -9999 -9999 -9999 86.7 23.7 13.3 14.5 17 18.3 23.3 25.1 25.8 26.6 25.5 24.6 23.1 20.4 20.6 21.8 22.3 22.5 25.4 25.1 18.3 3.9 1.2 0.7 0.8 1.5 2 2.1 2 2.3 3.2 4.7 5.5 5.7 5.3 5.5 5.4 4 1.3 0.7 3.4 7.9 15.5 21.4 19.7 12.4 16.4 24.1 35.5
-9999 -9999 -9999 -9999 -9999 -9999 -9999 -9999 -9999 -9999 -9999 -9999 -9999 -9999 -9999 -9999 -9999 -9999 -9999 -9999 -9999 -9999 -9999 -9999 -9999 -9999 35.6 29.3 24.8 20.8 22.7 24.1 25 26.5 29.4 29.6 30.5 29.2 27.4 25 23.4 22.2 22.3 21 21.7 23.6 25.8 17.9 4.3 0.7 0.8 1.1 1.4 1.3 1.7 2.1 3 3.9 5.2 5.3 5.3 6.1 8.6 12 11 5.2 4.9 15.6 20.5 23.2 28.4 32.2 23.3 21.3 27.7 48
-9999 -9999 -9999 -9999 -9999 -9999 -9999 -9999 -9999 -9999 -9999 -9999 -9999 -9999 -9999 -9999 -9999 -9999 -9999 -9999 -9999 -9999 -9999 -9999 -9999 -9999 33.9 36.4 38.4 37.2 34.2 34.1 34.2 37 36.8 36.3 35.9 33.7 30.6 27.3 25 22.6 22.4 20.8 21.5 24.1 25.8 17.3 4.5 1.4 1.2 1.4 1 1.3 1.2 1.4 1.3 1.8 4.8 3.8 4.3 6.4 10.5 15.5 17 17 23.6 26.4 33.4 34.8 33.2 29.7 22.8 20 21.3 24.4
-9999 -9999 -9999 -9999 -9999 -9999 -9999 -9999 -9999 -9999 -9999 -9999 -9999 -9999 -9999 -9999 -9999 -9999 -9999 -9999 -9999 -9999 -9999 -9999 -9999 37 47 51.4 52.2 50.6 46.8 45.4 43 41.4 41.5 40.6 38.9 38.5 35.7 31.5 28.3 25.6 23.4 23.9 25.5 27.4 24.8 15.8 4.8 1.2 1.1 1.1 1.1 1 0.8 0.7 0.5 0.2 0.1 0.8 2.3 5.6 12.3 20.2 28 32.1 31.2 30.4 47.2 48.7 40.4 30.9 21 15.6 7.7 11.5
-9999 -9999 -9999 -9999 -9999 -9999 -9999 -9999 -9999 -9999 -9999 -9999 -9999 -9999 -9999 -9999 -9999 -9999 -9999 -9999 -9999 -9999 -9999 -9999 42 52.8 55.8 57 58 55.9 54.3 54 52.7 51.1 48.4 46.3 44 42.8 39.3 36.5 33 29.7 27.1 27.8 28.5 29.2 25.5 19.5 12 6.8 4.4 3 1.8 1.4 0.8 0.6 0.4 0.3 0.2 0.2 0.2 3.1 12.6 24.9 37.7 52.1 69.7 82.3 75 64.5 50.2 34.7 22.4 15.6 11.8 12.2
-9999 -9999 -9999 -9999 -9999 -9999 -9999 -9999 -9999 -9999 -9999 -9999 -9999 -9999 -9999 -9999 -9999 -9999 -9999 -9999 -9999 -9999 -9999 -9999 40.9 54.2 56.5 59.6 59.6 58.6 60.1 60.9 59 56.7 54.4 50.5 48.6 45.5 43.1 38.9 36.4 33.1 30 32.8 34.9 32.5 29.7 25.9 21.3 16 11.3 7.6 5.3 4.1 2.1 2.3 1.3 1.4 1.5 1 0.1 2.9 13.6 27.1 39.9 52.5 87.8 154.9 91.9 72.4 58.2 40.1 25.1 16.3 12.7 12.9
-9999 -9999 -9999 -9999 -9999 -9999 -9999 -9999 -9999 -9999 -9999 -9999 -9999 -9999 -9999 -9999 -9999 -9999 -9999 -9999 -9999 -9999 -9999 26.2 37.9 49.9 55.7 59.8 60 58.7 61.2 65.6 62.6 58.4 55 53.4 50.5 47 43.8 41.6 44.4 46.8 44.8 39.9 35.6 30.6 27.4 27 26.1 23.6 19.1 14.1 10.4 8.7 7.6 6.6 7 8 8.3 7.2 7.5 10.7 18.3 28 35.6 37.5 24.7 49 68.1 66.8 54.3 37.1 23 15.1 13.6 12.1
-9999 -9999 -9999 -9999 -9999 -9999 -9999 -9999 -9999 -9999 -9999 -9999 -9999 -9999 -9999 -9999 -9999 -9999 -9999 -9999 -9999 -9999 -9999 26.5 34.8 48 60.7 66 64.1 60.9 60.6 62.4 61.5 57.1 54.2 52.2 52.9 53.5 55 59.3 64.6 63.4 50.8 36.5 28.6 21 18.6 21.2 25.2 27 26.1 23 19.9 16.6 15.9 16.8 17.7 18.7 18.7 17.8 18.1 18.7 22.7 27.3 30.7 32.2 33.3 44.3 55.8 56.7 46.7 33 20.4 13.4 12 12.1
-9999 -9999 -9999 -9999 -9999 -9999 -9999 -9999 -9999 -9999 -9999 -9999 -9999 -9999 -9999 -9999 -9999 -9999 -9999 -9999 -9999 -9999 12.9 21 33.2 50.3 66.1 71.3 68.6 63.2 60.6 60 57.9 54.9 52.9 54.2 55.3 57.6 61.3 65 65.9 59.6 47.1 32.6 21.1 14.7 13.5 15.2 19.1 24.2 28.4 29.2 29.4 30.1 30 30.7 30.9 31 31.1 30.3 27.8 24.4 22.9 22.8 22.6 24.9 29.6 36.9 43.2 43.6 38.1 30.1 21.9 16.9 15.6 14.8
-9999 -9999 -9999 -9999 -9999 -9999 -9999 -9999 -9999 -9999 -9999 -9999 -9999 -9999 -9999 -9999 -9999 -9999 -9999 -9999 -9999 -9999 6.3 19.1 35.3 60.2 82.2 81.2 74.2 64.1 58.4 54.3 53.3 53.6 53.4 55.1 58.3 59.8 61.9 62.3 58.4 56.4 45 31.6 20.6 13 12.8 12.3 14.1 19.6 25 29.1 31.3 37.1 40.1 40.5 38.6 37.6 38.7 38.8 34.7 28.6 22.8 18.9 15.5 15.4 16.8 20.5 25 28.1 27.4 26.7 25.6 25.3 26.3 24.1
-9999 -9999 -9999 -9999 -9999 -9999 -9999 -9999 -9999 -9999 -9999 -9999 -9999 -9999 -9999 -9999 -9999 -9999 -9999 -9999 -9999 -9999 -9999 26.3 46.8 77.2 97.8 95.6 80.2 64.1 52.7 44.2 48.1 52.2 54.6 58 60.8 61.8 61.5 59.2 55.8 53.2 43.8 30.5 18.7 15.5 15.4 14.1 15.7 19.1 24.9 28.5 31.6 36.2 41.6 42.7 40.7 36.5 37.3 41 39.3 29.6 20.7 14.5 9.5 8.8 9.4 9 9 18.1 22.7 27.7 32.2 36.7 38.3 36.8
-9999 -9999 -9999 -9999 -9999 -9999 -9999 -9999 -9999 -9999 -9999 -9999 -9999 -9999 -9999 -9999 -9999 -9999 -9999 -9999 -9999 -9999 -9999 -9999 64.6 93.1 116.7 110.9 87.8 69.8 51.4 41 47.5 55.3 60.6 63.5 62.3 62.1 60.2 56.3 54.1 53.6 49.7 33.1 21.9 20.1 20.6 19.8 22.3 27 32.6 37.7 39.9 46.3 50.1 51.3 46.4 39 36.9 41.4 39.3 28.6 19.1 12.6 4.7 5.5 5.2 4.5 6.9 17.8 30.6 36.2 41.9 47.9 57 54.8
-9999 -9999 -9999 -9999 -9999 -9999 -9999 -9999 -9999 -9999 -9999 -9999 -9999 -9999 -9999 -9999 -9999 -9999 -9999 -9999 -9999 -9999 -9999 70.1 88.2 107.3 116.5 103.4 93 79 70.7 65.6 68.8 73.8 74.7 70.3 65.3 63.4 59.5 57.7 53.3 58.2 58.3 41.8 30.3 24.6 28.5 34 34.5 37.7 46 51.7 56.7 64.4 74 72.8 64.7 51.3 46.5 44.8 37.7 28.7 22.6 19 13.8 6 9.2 12.3 19.7 37.1 52 53.8 57.6 63.7 71 70
-9999 -9999 -9999 -9999 -9999 -9999 -9999 -9999 -9999 -9999 -9999 -9999 -9999 -9999 -9999 -9999 -9999 -9999 -9999 -9999 -9999 -9999 -9999 106.9 115.5 114.2 109.2 100.3 91.1 100.7 112.4 108.6 100.7 92.7 86.4 76.6 67.8 62.8 63.2 66.1 65.1 66 68.7 54.1 38.8 32.1 36.7 41.8 51.2 59.1 64.5 70.6 83.1 108.9 123 118.7 107 94.1 77.2 61.7 40.9 30.9 29.3 37.8 46.4 54.6 62.3 56.3 62.5 78.7 88.1 84.6 79 87.6 98.1 96.2
-9999 -9999 -9999 -9999 -9999 -9999 -9999 -9999 -9999 -9999 -9999 -9999 -9999 -9999 -9999 -9999 -9999 -9999 -9999 -9999 -9999 -9999 -9999 -9999 128.4 128.7 127.8 121.3 126 182.1 185.6 163.8 121.9 96.4 94.8 82.6 68.2 66 67.5 72.2 73.3 75.2 77.2 68.1 51.8 40.1 46.7 61.8 70.1 82.4 91 108.7 133.1 180 181.3 172.4 166.4 152.4 128.8 94.6 66.9 46.1 44.7 53.5 73.3 99.6 110.7 105.7 113.1 126.1 134.1 129.8 125.5 128.9 135.2 131.9
-9999 -9999 -9999 -9999 -9999 -9999 -9999 -9999 -9999 -9999 -9999 -9999 -9999 -9999 -9999 -9999 -9999 -9999 -9999 -9999 -9999 -9999 -9999 -9999 125 136.8 167.1 192 212.4 220.4 211.7 192.2 156.4 140.1 132 107.5 70.4 69.3 74.9 84.7 89.9 86.6 84.2 81.1 77.7 57.7 54.3 91.5 103.5 119.7 146.8 168.5 188.1 197.4 198.6 202.5 203.9 193 172.3 144.8 111.9 80.9 68.5 80.9 101.8 133.5 141.1 150.1 165.2 181.3 192.2 189.7 183.4 180.3 177.9 165.8
-9999 -9999 -9999 -9999 -9999 -9999 -9999 -9999 -9999 -9999 -9999 -9999 -9999 -9999 -9999 -9999 -9999 -9999 -9999 -9999 -9999 -9999 -9999 -9999 146.4 169.1 201.9 223.3 243.5 239.5 226.1 214.3 203.7 198.9 194.9 152.9 118.1 103.1 111.5 119.3 113.5 87.2 83 93.1 109.5 121.2 172.1 184.7 198.7 213.7 235.9 231.6 217.6 206.1 203.3 211.2 217.6 212.5 208.6 192 173.9 149.9 131.8 132.9 157.8 164.1 167.8 186.8 207.7 233.2 251 244 230.7 223.5 217.8 197.4
-9999 -9999 -9999 -9999 -9999 -9999 -9999 -9999 -9999 -9999 -9999 -9999 -9999 -9999 -9999 -9999 -9999 -9999 -9999 -9999 -9999 -9999 -9999 -9999 234.5 230.4 216.3 249.7 269 274 253.8 249.6 285.2 285.1 235 189.2 180.1 179.7 193.4 192.6 156 90.5 89.4 123 142.1 200.8 276.4 279.5 268.3 266.7 263.5 241.3 227.4 220 209.9 216.8 239.9 239.1 242.2 241.7 227.8 216.7 195.5 193.7 214 204.8 205.1 213.5 234.2 268.6 298.4 269 250.1 249.9 244.6 234.6
-9999 -9999 -9999 -9999 -9999 -9999 171.5 -9999 -9999 -9999 -9999 -9999 -9999 -9999 -9999 -9999 -9999 -9999 -9999 -9999 -9999 -9999 -9999 326.4 306.1 261.5 244.3 273 273 329.1 349.2 340.8 355.2 365.6 285.9 212.2 199.9 221.2 253.8 260 218.2 222 182.6 180.4 178.6 290.2 307.3 304.7 300.8 278.5 268.5 237.8 217.9 221.9 225.6 243.3 264 273.6 283 284.3 279.5 262.4 241.1 238.4 257.2 267.7 246 248.6 242.7 258.4 329.3 290.8 265.1 267.1 270.4 269.6
-9999 -9999 -9999 -9999 -9999 -9999 -9999 -9999 -9999 -9999 -9999 -9999 -9999 -9999 -9999 -9999 -9999 -9999 -9999 -9999 -9999 -9999 -9999 353.2 349.4 308.4 279.1 278.4 317.2 371.1 386.1 399.7 400.2 395.1 362.1 300.9 257.2 291.7 307.6 304.4 287.9 292.8 300.8 301.9 328.1 357.6 343.5 345.6 314.9 325.3 298 276 278.5 274.1 270.1 282.3 280.5 300.9 310.6 295.3 292.9 279.9 263.3 260.6 280.7 304.6 298 285.9 269.9 272.9 299.5 295.2 284.6 285.4 291.2 302.1
-9999 -9999 -9999 -9999 -9999 -9999 -9999 -9999 -9999 -9999 -9999 -9999 -9999 -9999 -9999 -9999 -9999 -9999 -9999 -9999 -9999 -9999 -9999 417.9 431 473.7 392.3 341.1 336.6 364.9 424.2 485.2 495.4 498.6 550.9 534.4 495.4 490.9 458.8 389.3 408.2 434.7 461.3 515.6 556.6 434.5 371.6 360 352 346.4 371.6 406.8 442.8 438.9 340.3 308 337.6 351.8 346.3 313 316 310.1 298.2 298.2 300.1 300.8 317.9 328.2 318.8 298.3 279.6 282.5 296.9 308 317.1 334.2
