datasets/global_precipitation_1950_2017/rasters/precip_2017-total.asc
NCOLS 720 
NROWS 347 
XLLCORNER -180 
YLLCORNER -90 
CELLSIZE 0.5 
NODATA_value -9999 
[rows 34 to 67 of 347, columns 380 to 455 of 720]
-9999 -9999 -9999 -9999 -9999 1867.8 1999.9 -9999 1368.2 1168.1 1097 807.6 674.5 688.2 654.4 600.2 608.8 641.9 647.8 691 758.8 691.5 651.5 594.3 683 567.5 622.8 586.4 574 518 498 490.1 507.8 452.2 469.1 495.3 502.6 437.6 344.4 363.5 419.1 482.1 551.1 612.6 660.3 687.1 694.5 675.9 -9999 -9999 -9999 -9999 -9999 -9999 528.1 532.8 542.3 556.3 578.4 582.1 -9999 -9999 -9999 -9999 398.5 382.5 385.8 -9999 457.9 464.7 457.2 457.6 462.1 467.8 478.3 488.6
-9999 -9999 -9999 -9999 -9999 1708.5 1637.1 1351.6 991.8 710.1 518.6 643.8 701.1 634.1 628.7 558.8 506.8 530.4 519.5 601.4 669 651.2 752.1 640.6 624.9 559.3 -9999 -9999 -9999 530.8 549.7 573.6 574.3 570.4 598.8 598.1 620.1 668.9 615.4 608.2 608.5 627.6 650.4 676.8 701.6 713 707.8 682.8 629.1 -9999 -9999 -9999 -9999 -9999 -9999 -9999 -9999 -9999 -9999 -9999 -9999 537.6 526.9 514.9 504 497.7 502.8 512.9 458 471.5 479 489.6 506.5 527 550 567.1
-9999 -9999 -9999 -9999 -9999 1706.3 1591.1 1249.9 923.3 793.5 771.1 769.2 676.9 566.7 588.3 582.4 552.2 616.9 588.9 758.2 641 747.9 744 -9999 -9999 -9999 -9999 -9999 -9999 -9999 -9999 496.1 547.9 573 580.6 679.3 725.6 712.2 670 670.5 708.7 735.1 753.2 747.2 736.1 703.8 658.1 621.5 592.8 -9999 -9999 -9999 -9999 -9999 -9999 -9999 -9999 -9999 -9999 -9999 579.4 595.1 602 600.7 605 608.9 604.5 592.3 576.1 568.2 574.4 583.5 587.5 591.3 598.3 608.2
-9999 -9999 1758.8 2214.7 2110.2 1408.1 1182.5 937.8 789.7 764.9 800.6 688.6 638.6 586 604 657.6 590.5 575.2 621.6 646.7 694 636.5 -9999 -9999 -9999 -9999 -9999 -9999 -9999 363.5 376 541.3 586.3 625.4 665.6 709.5 780.2 677 688.8 653.5 707.6 723.6 727.2 728.5 718.3 686.8 636.9 599.3 573 568.4 -9999 -9999 -9999 530.1 525.5 538.7 -9999 -9999 -9999 -9999 661.7 712.2 700.6 692.7 703.4 737.3 777.3 760.7 712.5 678 656.8 642.8 633.9 618.9 596.7 583.3
-9999 1685.9 1398.2 1398 1325.4 1170 897.6 691.1 639.8 663.6 688.2 735.7 693.9 676.3 621.7 638.7 674 653.5 687.5 741.5 748.2 734.6 -9999 -9999 -9999 -9999 -9999 -9999 563.6 468.3 396.2 438.9 568.7 599.2 610.4 594.2 642.8 665.3 734.1 679.8 743.8 726.4 705.9 677.3 652.2 633.7 628.8 622.3 614.1 605.8 612.9 653.6 -9999 -9999 -9999 -9999 622.6 627.9 636.8 655.7 697.1 720.1 715.5 709.8 710.4 723.4 741.8 762.5 781.2 774.2 741.3 711.3 686.2 665.2 646.1 636.6
1639.9 1500.5 1069.1 924.7 1161.4 1037.7 881.9 791.4 758.7 558.1 608.4 560.8 594.2 541.8 581.2 800.1 843.7 697.5 868.5 746.7 678.5 -9999 -9999 -9999 -9999 457.4 452.7 486.1 572.2 521.4 464.6 634.2 625.6 631.6 645.9 709 701.9 717.1 743.7 745.6 695.2 700.2 685.2 647.1 625.3 627.5 646.6 665.7 681.8 677 672.7 671 664 651.5 644.3 643 640.5 638.6 642.3 657.2 673.4 681.2 676.8 671.4 682.6 705.8 731.8 762.7 786.7 781.2 761.6 745.4 726.1 706.6 688.9 670.7
1120.3 1018.9 1003.5 961.6 641.9 609.7 566.3 566.5 472.4 493.5 553.8 575.7 604.4 583.2 558.4 610.9 900.8 707.1 -9999 -9999 -9999 -9999 -9999 -9999 431 419.4 468.4 416 352.4 375.2 502.7 593.4 563.8 644 574.8 634.4 678.5 674.5 346.6 519 463.7 577.5 606.3 667.2 665.7 659.8 644.9 680.4 742.4 761.9 751.3 740.3 724.8 703.4 674.3 640.4 611.5 587.3 583.5 636.2 700.7 706.6 683.9 669.5 682.4 704 718.8 731.3 736.7 739.4 736.6 730.3 720.8 712.6 708 704.6
670.4 714.6 744.7 751.2 685.5 621.1 570.3 446.3 532.6 508.3 536 600.1 564.2 612.2 711.9 745.2 -9999 -9999 -9999 -9999 -9999 -9999 603.6 556.5 494.6 422.3 459 474.4 495.8 460 492.1 575.2 524.8 634.4 705.6 672.3 690.6 709.7 644 603.1 649.6 647.5 672.7 717.2 739 727.1 734.5 762.5 813.4 806.9 770.9 756.8 750.2 738 713.6 679.4 654.7 632.5 629 663.8 702.9 713.5 706 696.7 693.5 713.4 692.8 687.5 688.1 692 695.3 699.3 702.8 703.3 703 703.9
513 515.1 576.3 577.6 672.8 562.3 600.5 566.3 567.1 568 548.5 570.1 669.1 656.4 633.8 -9999 -9999 -9999 -9999 -9999 -9999 -9999 -9999 668.3 604.4 398.9 492.1 530.7 503.1 573 632.6 607.3 608.9 670.1 687.2 631.5 633 673.1 658.3 562.7 358.4 553.3 666.7 766 846.7 810.3 753.2 709.6 670.8 697.7 728.6 748.5 760.6 753.8 752.4 746 724.4 693.2 674.3 728.2 772 771.2 749.3 708.5 655.8 612.4 618.4 645.2 654.9 647.7 651.7 668.1 680.8 694 700 708.4
657.5 602.8 598.1 641 699.3 686.7 604.7 596.9 593.9 611.5 657.8 595.4 580.3 637.1 686.6 -9999 -9999 -9999 -9999 -9999 -9999 -9999 -9999 653.7 678.3 747.1 659.4 579.7 421.4 441.1 591.8 682.7 662.1 660.9 691.7 691.1 689.5 650.1 608 582.6 680.8 890.7 778.2 786.5 824 820.9 801.7 749.8 656.1 671.9 715.4 759.1 802.5 813.9 801.1 803.7 797.6 787.5 804.6 865.6 890.2 863.1 804.9 747.2 691.4 652.7 645.7 664.1 671.3 673.3 673 668.5 673.3 682.3 694.1 707.9
669.9 698.2 743.7 781.5 848.4 749.1 687.3 607.7 582 629.8 599.5 570.1 635.8 700.7 -9999 -9999 -9999 -9999 -9999 -9999 -9999 -9999 -9999 609 585.6 586.1 664.3 644.5 516.5 522.2 576 663.8 670.6 651.5 598.7 558.8 606.5 650.9 548.8 541.1 638.1 704.7 734.7 793.1 840.1 858.7 850.7 817 772.3 746.8 745.7 753.7 766 784.8 801.3 809.2 811.6 811.4 822.7 850.1 860.4 838.4 788.7 731.2 702.1 705.9 719.7 715.1 703.8 697.2 693.4 689.7 684.8 659.1 694.4 713.5
802.1 583.2 608.3 679.7 756.1 738 723.5 616.4 561.3 518.7 542 505.5 642.7 654 688.2 -9999 -9999 -9999 -9999 -9999 -9999 -9999 -9999 617.4 610 588.1 624.8 591.4 674.2 699.2 707.5 708.2 652.6 539.2 545.8 617.6 684.6 776.1 724.9 713.1 714.4 728.8 753.6 789.7 823.6 855.2 916.8 940.2 805.6 730 733.6 752.7 767.3 792.7 810.6 812.1 807.9 810.6 827.4 850.4 859.4 836.9 792 747.6 727.4 728.1 731.5 728.7 720.6 717.3 724.3 739.5 752 732.5 724.7 715.5
762.3 918 889.8 750.1 742 803.5 739.4 728 758.7 699.7 653.4 593.3 566.9 597.8 599.1 642.7 575 -9999 -9999 596.7 566.1 -9999 -9999 -9999 465.1 -9999 604.8 622.6 598.6 789.8 -9999 825.3 -9999 -9999 -9999 -9999 -9999 -9999 701.8 720.8 770 755.9 733.8 722.5 728 734.3 769.7 793.3 778 758.7 759.2 765 770.9 781.2 777.6 765.5 780.8 800.2 800.2 822 843.5 826.9 796.4 773.1 760.7 756.8 758.5 756.8 749.9 739.3 732.4 728.5 718.4 696.6 637.1 521
941 892.8 887.9 805.1 630.4 641.8 647.4 769.4 787.8 830 724.2 602.5 573.5 541.3 505.9 497 545 587.6 -9999 -9999 -9999 -9999 -9999 -9999 -9999 -9999 -9999 -9999 -9999 -9999 -9999 -9999 -9999 -9999 -9999 -9999 -9999 720.5 717.7 737.8 830.8 755.7 715.9 687 663.9 691.2 729.4 756.7 757.8 761.2 768.1 769.2 767.3 764.8 764.4 761.9 764.3 776 711.8 707.5 714.6 721 726.2 733.2 742.9 749.6 753.3 750.3 749.9 747.7 741.5 736.3 726.4 718.5 721 757.1
1201.6 938.8 814.7 763.8 692 701.7 599.3 649.3 718.6 722.1 663.5 527.6 532.5 618.9 527.4 554.1 567.5 -9999 -9999 -9999 -9999 -9999 -9999 -9999 -9999 -9999 -9999 866.5 935.8 949.3 968.5 1021.3 926.5 841.7 855.8 794.9 702.5 727.7 749.9 775.4 780.2 731.1 670 711 740.2 764.7 756.7 750.6 752.6 755.7 764.3 772.6 772.8 767.1 756.2 747.6 809.5 750.9 714.5 708.6 689.3 691.1 693.6 685 675.1 701.1 728 741.6 746.6 753.3 750.5 752.9 761.3 769.1 779.4 794.2
-9999 -9999 827.1 942.8 797.8 606.2 495.1 512.5 610.9 663.8 686.9 586.7 609.3 553.1 610.2 -9999 -9999 -9999 -9999 -9999 -9999 -9999 -9999 -9999 -9999 -9999 -9999 -9999 2048.9 1109.4 992.4 986.9 1009.2 939.9 807 765 746.2 777 795.1 801.4 797.2 803 824.9 833.9 854.4 901.2 876.5 878.5 838.6 790.1 770.8 765.7 762.3 756.1 746.7 743.3 735.8 706 671.6 676.3 687.3 706 730.2 726.7 713.9 728.7 743.2 744.6 763.3 779.6 779.1 780.7 778.7 774.3 765.2 763.2
-9999 -9999 -9999 1029.8 751.2 704.8 555.5 559.9 559.7 559.5 610 588.1 634.6 -9999 -9999 -9999 -9999 -9999 -9999 -9999 -9999 -9999 -9999 -9999 538.8 -9999 -9999 -9999 -9999 767.6 874.4 888.4 893.6 876.2 831.4 772.3 757.2 806.7 856.1 813 806.7 824 837.9 857.4 878.8 885.7 923.4 938.6 904.4 841.4 792.9 764.4 747.3 746.8 746.5 731.9 719.5 701.7 665.4 668.7 690 702.3 719.1 724.3 723.5 736.9 751.5 760.3 768.7 784.1 794.6 792.7 769.7 732.8 710 705.5
-9999 -9999 -9999 -9999 1066.4 1067.4 962.1 850.3 617.1 695.9 660.6 638.5 572.3 -9999 -9999 -9999 -9999 632.8 -9999 -9999 -9999 -9999 -9999 -9999 -9999 -9999 -9999 -9999 -9999 820.1 925.9 928.4 915.3 912.4 892.2 782.6 674 712.8 758.9 750.6 771.2 821.2 841.2 871.4 911.9 911 900.9 878.9 858.3 832.1 811.7 794.9 734.9 694.4 716 716.8 707.4 690.7 666.6 632 670.6 839.4 641 658.2 678.2 715.2 745.8 760 766.5 786.4 818.8 850.3 779 713 667.1 660.7
778 -9999 -9999 -9999 1048.4 1441.8 1102.3 909.8 882.1 745.2 647.6 520 558.9 -9999 -9999 -9999 675.7 -9999 -9999 -9999 -9999 -9999 -9999 871.5 783.1 726 -9999 -9999 -9999 781.5 850.9 876.9 867.2 872.1 865.9 755 762.5 790.7 799 802.1 831.8 910.4 965.5 908.5 879.5 881.8 884 874.2 854.4 834.1 818.8 798.9 773.5 757.5 749.3 736.9 746.1 716 677.3 659.1 662.5 664.2 649.1 640.2 652.9 717.9 755.8 724.3 713.1 717.1 725.5 725.8 696.4 648.5 594.2 577.4
753.9 -9999 -9999 -9999 -9999 1048.3 1236.4 904.8 808.4 716.9 770 673.9 530.7 563.7 -9999 -9999 -9999 -9999 -9999 -9999 -9999 -9999 940.1 959.4 806.3 740 688.8 696.4 695.2 773.2 842.6 857.3 906.6 836.6 765.7 739 772.4 788.6 814.3 794.4 792.6 832.1 889.5 904 824 809.3 851.8 860.6 849.6 826.4 808.4 790.9 778.9 810.7 854.1 834.6 789.4 755.9 723.8 705.9 702.5 709 660.5 635 652.6 650.2 634.7 638 669.4 672.7 673.5 660.4 635.9 592 521.6 557.9
693.8 740.5 -9999 -9999 -9999 -9999 1341.5 1049.6 834.9 792.5 714 848.6 -9999 -9999 -9999 -9999 -9999 -9999 -9999 -9999 -9999 -9999 933.8 923.4 862.5 776.7 711.5 699.7 715.4 761.7 781.5 799.9 805.4 775.6 729.8 717.9 796.2 972.2 899.7 763.6 753.4 793.6 829.5 866.6 839.9 832.7 837.9 841.1 829.7 792.8 774.3 773.3 792.9 825.8 841.4 848.5 834.2 816.5 709.1 743.3 766.6 711.4 701.5 686.6 673 659.3 647.5 697 656.2 648.8 637.2 623.2 620 608.1 546.2 563.6
-9999 -9999 -9999 684.5 714.2 -9999 762.3 846.3 -9999 -9999 -9999 -9999 -9999 -9999 -9999 -9999 -9999 -9999 -9999 -9999 -9999 -9999 998.1 1038.4 923 835 705.8 696.9 728.8 761.6 816.4 846 877 791.9 746.8 671.7 671.2 736.7 719 681.6 675.4 685.9 712.7 734.1 745.1 754.3 769.7 770.7 759.5 750.4 750.7 757.4 772.3 792.7 840.4 872.8 842.4 829.5 801.9 797.9 791.5 774.2 748.9 731.4 714.9 686.9 662.9 651.4 645.5 630.3 614.1 598 570.9 551.3 540.8 553
664.2 582 -9999 594.3 589.3 -9999 -9999 -9999 -9999 627 -9999 -9999 -9999 -9999 -9999 -9999 -9999 -9999 -9999 -9999 -9999 -9999 -9999 993.1 976.3 848.1 746.8 714.7 734 777.5 824.6 835.2 800 797.8 759.2 715.5 684.1 676.5 622.9 570 537.1 567 616.1 648.5 662.6 675 669 667.6 724.7 730.1 725.3 729.1 734.7 748 768.2 782.4 773.3 754.6 768.6 770.8 770.8 771.3 775.9 778.5 751.6 705.2 657.6 625.8 637.1 625 600.9 574 531.4 533.5 536.1 544.2
-9999 -9999 624.9 655.7 -9999 -9999 -9999 -9999 -9999 -9999 -9999 -9999 -9999 -9999 -9999 975.1 854.6 -9999 -9999 -9999 1058.6 1094.3 1050.6 1022.2 970.1 869.9 773.8 724.6 746.9 809.8 849.2 828.1 798.9 772.2 730 687.4 655.7 622.7 567.1 522.8 526.6 539.2 578.1 636.9 655.7 645.9 645.2 667.6 692.9 704.1 703.9 705.2 721.7 730.2 715.8 717 729.4 722 730.7 719.8 705.5 718.1 740.5 757.7 722.2 684.3 668.5 640.1 614.5 577 563.6 554.6 557.8 564.5 547 539.3
837.8 765.6 -9999 -9999 703.6 683.4 -9999 -9999 -9999 -9999 -9999 -9999 1094.3 1092.2 1071 1174.7 963.1 931.9 1171.3 1271 1092.5 989.6 895.6 909 973.5 912.7 862.7 791 775.7 787.2 800.4 779.8 756.4 707.3 690.5 692.1 670.3 623.2 564.6 514.6 505.9 519.8 541.3 593.1 634.8 647.4 648.6 667.9 675.9 662 657.7 668.5 692.1 706.8 680.9 684.6 670.4 649.2 640.3 619.4 625.9 659.4 667.8 660.5 659.1 650.4 638.4 608.1 584.2 535.9 489.5 515.7 534 537.1 530.8 528.7
974.1 819.6 750.6 722 708.6 724.9 665.8 759.9 759.3 812.5 875.9 906 880.9 753.6 867.4 900.4 925.2 966.3 1004.2 1047.7 973.6 922.9 851.5 820.9 877.9 888.6 850.2 763 671.7 669.8 702.2 773.4 760.7 722.8 739 727 681.1 630.1 576.1 525.6 528.6 550.9 562.5 585.5 610.2 619.8 615.1 607.5 613.1 620.4 638.7 659.7 678.3 676 669.2 640.5 624.5 600.1 605 583.2 615 616.4 631.9 641.1 620.4 601 598.5 571.2 559.8 541.9 555.1 575.5 538.5 523.9 506 495.6
835 849.1 782.2 850.7 778.2 721.4 709.5 673.5 719.9 819.5 867.9 886.7 831 783.1 799.8 803.7 820 839.9 887.6 943.2 957.8 908 812.5 775.1 824.2 889.6 922.2 819.7 714 687 716.7 729.8 736.1 708.7 696.1 680.8 667.7 648.6 622 598.3 597.9 612.6 629.3 621.9 606.5 617.2 624.7 629.9 626.1 596.4 631.2 651.2 676.5 665.4 590 595.4 613.8 580 560.8 565.7 583.4 587.1 592.2 615.7 597.4 579.5 607.5 587.1 557.8 525.3 526.7 553.1 538 514.1 491.6 483.1
871.1 794.8 701.2 658.3 659 697.6 737.5 703.7 680.6 745.8 959.4 878.8 772.5 726.2 721.3 734.5 758.8 760.9 744.4 758.2 783.5 766.5 732.4 740.4 775.4 814.2 821.5 765.2 717.7 702.9 702.6 701.2 709.6 696.6 674.6 659.5 662.6 658.8 640.1 632.6 633.8 624.7 625.4 618.8 600.7 610.9 642.6 657.8 648.9 635.1 637.3 642.4 637.5 601.5 544.1 548.6 572.3 573 550.8 552.5 575.4 565.5 505.1 526.4 553.6 551.5 551.6 542.8 539.9 552 560.4 558.9 550.8 546.4 543.1 524.4
782.9 711.6 643.2 530.3 574 615.2 708.5 683.2 693.5 645.5 728 776.1 722.4 662.1 679.9 689.9 693.2 677.2 729.5 752 733.3 701.7 704.9 735.6 754.4 721.7 675.4 635.2 638.3 654.5 660.1 647.2 632.4 615.5 664.1 724.6 696.5 659.3 621.7 626.8 619.4 598.3 597.1 599.3 606.1 612.9 623.4 636.1 632.3 629.7 635.6 644 649.6 626.2 586.7 574.6 586.5 579.9 594 598.8 583.7 564.7 560.9 557.9 544 530.9 503.5 460.3 506 534.5 560.1 568.3 581.4 589.8 630.8 597.1
1373 1194.3 552.9 457.4 509.8 614.2 544.5 595.8 597 630.8 698.7 757.4 727.6 683.9 695.6 678.8 671.3 760 863.1 864.1 787.5 756.7 768.9 788.1 744.2 689.2 637.4 615.7 618.6 630.7 630.5 615 600 596.2 629.5 661.8 655.8 636.5 622.7 569.4 482.5 551.2 584.9 613.3 627 681.8 672.1 613.5 605.3 615.8 609.7 636.8 623.6 624.2 611.6 622.6 641.8 637.5 669.6 614.3 562.4 549.3 584.7 571.2 515.7 517.2 535.1 522.1 526.8 543.3 547.4 545.3 571.2 576.5 567.2 611
759.8 580.8 565.7 517 572.6 658.2 596.3 632.2 745.4 714.7 694.4 702.5 602.7 654.8 692.6 737.5 773.7 812.4 860.2 834.2 832.1 812.2 793.1 758.4 700.7 674.6 627.8 619.2 615.4 603 643.4 642.6 594.7 553 599.4 633.5 611.8 577.9 589.1 567.3 538.6 571.1 575.9 569.1 589.3 618 585.6 590.9 549.6 521.6 542.3 570.7 576.3 570.9 588.8 624.6 604.9 580.8 544.8 523.8 517.5 504.5 500.8 473.4 462.4 488.7 513.3 521.8 527.9 528.8 527.9 541.8 549.7 502.4 479.4 463.7
831.1 1026.7 594.5 680.9 635.5 726.8 828.6 1079.6 769.5 803.8 1115.1 1168.5 935.5 819.6 808.4 847.2 873 965.1 996.9 926.2 864.1 837.1 705.8 615.4 646.2 636.4 626.6 625.5 627 615.4 614.3 656.2 671.6 627.1 623.8 628.2 606.3 592.7 593.1 582.6 575.7 569.1 556.1 545.8 557.3 571.7 594.1 569.2 515.3 485.3 522.2 557.4 523.9 497.1 526.9 532.3 533.3 528 500.2 498.4 510.3 524.4 518 453 443.1 483.8 493.7 507.1 520.2 523.4 510.6 488.5 459.8 431.4 408.7 376.6
699.4 770.5 930.2 832.5 737.9 763.2 657.5 558.3 577.2 561.4 730.9 749.6 1151.1 1050.2 1279.7 884.1 819.7 916.9 918.2 928.9 922 866.3 768 604.1 577.2 622.8 640.5 681 685.6 679.3 670.5 675.5 643.7 635.1 638.3 621 618.9 640.5 612.6 601 588.3 547.2 496.6 500.4 522.4 533.5 526.2 540.5 539 516.9 491.4 469.6 470.1 466.7 488.4 499.3 513.4 501.5 501.1 506.6 519.9 541.1 552.2 526.5 523.5 481 473.5 499.5 525.5 497.1 465.7 439.9 411.1 388.1 367.6 358.2
657.9 733.5 916.9 768.9 858.3 812.2 599 646.4 660.7 734.5 753 869.8 915.5 726.4 765.4 879.7 847.9 1284.4 1315.1 1088.5 1041.9 895.4 852.9 800.4 731 637.6 701.9 726.7 687.8 655.4 607.6 574.8 576.5 563.3 522.6 595.5 594.6 583.8 586.5 567 532.4 541.2 528.5 487.8 461.9 477.9 452.3 466.4 467.6 476.2 510.2 440.8 404.6 412.4 410.9 404.8 451.7 457.3 468.2 480.3 499.1 509.5 513.3 506.6 473.8 454 452.6 468.6 469.8 466 451.1 417.1 378.1 351.7 332.7 302.2
