datasets/global_precipitation_1950_2017/rasters/precip_1999-total.asc
NCOLS 720 
NROWS 347 
XLLCORNER -180 
YLLCORNER -90 
CELLSIZE 0.5 
NODATA_value -9999 
[rows 34 to 67 of 347, columns 380 to 455 of 720]
-9999 -9999 -9999 -9999 -9999 1605.8 1890.9 -9999 1193.9 919.4 867.8 638.3 561.7 592.6 594.7 590.4 615.1 605.5 576.3 594.2 664.8 557.9 485.7 509.2 740.3 352.6 558.2 589.7 643.7 600.1 622.2 627.1 658 551.2 560 590.6 593.8 575 558.1 547.9 535.3 527.6 547.9 574.1 578.3 565.7 539.9 492 -9999 -9999 -9999 -9999 -9999 -9999 391.1 397.1 404.8 411.9 424.8 440.6 -9999 -9999 -9999 -9999 447.8 469.1 491.9 -9999 514.2 509.5 498.9 497.9 502 510.5 525.3 536.8
-9999 -9999 -9999 -9999 -9999 1254.5 1340.9 1139.7 899.6 739.4 588.5 580.9 655 641.5 639 605.1 552.7 559.2 527.1 479.6 471 505.8 539.8 490.5 467 450.8 -9999 -9999 -9999 591.2 649.2 697.5 677.3 624.1 636.2 651.2 660 635.2 580.8 553.1 548 550.6 548.2 550 546.3 529.5 497.5 448.9 393.9 -9999 -9999 -9999 -9999 -9999 -9999 -9999 -9999 -9999 -9999 -9999 -9999 463.1 469 472.2 478.1 489.1 505.1 514.5 456.1 479.9 493.3 499.4 507 519.2 538.3 555.7
-9999 -9999 -9999 -9999 -9999 1212.2 1125.4 898.1 659.8 631.2 673.7 681.9 624.7 659.5 669.9 701.7 675.1 660.9 674 667.6 488.7 514.5 476.1 -9999 -9999 -9999 -9999 -9999 -9999 -9999 -9999 521.5 522 487.9 469.1 601.3 674 683.3 639.1 593.4 602.2 595 594.7 594.8 576 536.6 489.1 450.4 425.3 -9999 -9999 -9999 -9999 -9999 -9999 -9999 -9999 -9999 -9999 -9999 480.3 500.1 517.2 528.7 533.4 529.5 523.4 517.7 514.1 515.9 525.3 530.2 527.5 527.2 533.4 545
-9999 -9999 1271.8 1592.9 1551.2 1067.3 911.2 777.1 692.8 668.6 726.2 655.6 676.6 604.2 687.6 686.9 650.5 595.2 541.3 547.7 585 478.5 -9999 -9999 -9999 -9999 -9999 -9999 -9999 496.5 500.5 490.9 537 557.2 574.5 573.5 658.1 616.4 652.9 574.4 570 557.1 552.6 556.1 560.6 537.8 496.5 466.2 449.1 431.8 -9999 -9999 -9999 355.4 368.7 388.5 -9999 -9999 -9999 -9999 490.7 548 550.1 546.1 553.3 565.1 574.7 568 551.4 542.9 543.8 539.8 528.1 518.1 512.5 510.7
-9999 1362.5 1245.5 1122 1029.6 914.6 746 636 605.2 624.1 641.6 621 619.9 627.2 596.7 675.4 644.5 575.9 519 579.8 593.9 590.2 -9999 -9999 -9999 -9999 -9999 -9999 556.5 539.9 521.1 479.2 510.7 563.9 556 477.7 642 648.9 627.9 505.8 463 504.4 506.1 488.8 481.2 478.4 480.6 474.8 462.9 446.5 436.7 457.4 -9999 -9999 -9999 -9999 499.5 493.4 484.7 486.2 504 508.8 501.1 492.8 513 527.9 536.7 540.6 540.3 536.9 529.5 524.2 518.3 514.8 512.2 511.8
1563.5 1442.4 1027 979.2 1027.1 943.3 740.5 725.4 763.5 601 560.3 530.2 556.1 560.2 559.4 720.3 706.2 610.4 752.1 652.4 587.8 -9999 -9999 -9999 -9999 489.1 508.3 520.8 594.7 540.4 439.1 514.7 522.3 543.8 569.8 636.1 608.9 600.4 612.6 628.9 581.4 553.5 546.3 519.1 489.7 478.7 492.5 521.2 552.8 532.7 512.1 507.1 508.1 514.8 530.5 550.7 553.9 535.7 517.8 514.5 515.5 512.9 506.6 501.8 507.9 518.1 526.1 532.3 532.6 527.2 522 519.6 516.6 511.5 504.4 492.6
950.5 915.4 921.2 925.3 815.2 677.6 612.8 671.7 607.2 576.7 604.8 534.2 521.9 533.6 528.5 591.9 817.9 636.2 -9999 -9999 -9999 -9999 -9999 -9999 497.3 462.4 500.2 548 569.1 509.8 504.6 533 485.5 506.7 533.8 564.2 563.5 585.7 549.4 596.5 526.2 466 579.4 582 542.3 500.6 461.4 500.5 571.4 593.1 584.9 579 576.3 566.2 550.1 528.3 506.7 484.8 475 516.8 568.5 563.9 536.6 523.9 536.3 553.9 564 562.8 554.5 544.2 534 525.8 520.7 517.5 515.5 512.6
557.6 594.8 664.6 730.5 654.7 628.6 636.8 465.6 575.7 601.5 558.1 616.6 584.1 572.3 644.9 678.8 -9999 -9999 -9999 -9999 -9999 -9999 555.5 511.6 496.6 446.6 474.8 497.2 555.9 559.4 524.8 526.9 548.5 563.6 532.2 565.6 629.6 648.6 617.5 573.8 605.4 579 581.2 597.9 587.2 555.9 555.1 584.6 636.1 631.8 597.6 586.1 585.4 580.5 564.9 541.5 524 505.2 502.2 533.2 566.1 573.9 571.5 578.6 600 661.5 627.6 597.9 579.7 569.4 559.9 550.3 542.4 536 532.2 534.1
454.4 445.7 599.1 587.2 669.8 599.3 584 579 593.4 591.9 575.7 576.2 631.5 617.1 671.8 -9999 -9999 -9999 -9999 -9999 -9999 -9999 -9999 592.1 714.5 715.2 620.8 568.9 592.9 638.1 609.4 567.8 597.4 603.8 588.9 580 571.6 603.5 622.8 600.4 626.4 605.3 595.6 593.4 590 559.4 543.1 521.7 486.3 519.3 552 570.8 580.5 573.6 572.8 572.2 566.1 565.4 575.4 593 601 595.5 593.2 589.9 589.2 588.5 586.1 582.6 575.8 570 564.9 552.4 539.7 537.4 537.8 548.4
652.3 586.4 577.8 591.6 648.4 660 607 602.1 618.5 611.2 626.3 569.7 534.7 597.5 591.3 -9999 -9999 -9999 -9999 -9999 -9999 -9999 -9999 684 689.9 740.8 647 634.1 617.2 602.4 600.3 520.4 548.8 565.5 654 630.8 611 567.9 575.4 566 569.6 620.7 596.4 594.8 591.2 582.4 589.7 582.7 528.1 524.4 548.5 578.5 611.2 616.8 600.6 594.9 580.8 564.1 573 604.3 636.7 612.5 587.9 570.3 557.7 550.2 545.1 546.4 540 534.9 525.2 510.3 500.2 500 510.6 529.1
771 783.1 794.5 853.5 931.9 846.4 767.8 683.1 643.9 662 594.8 512.1 590 636.2 -9999 -9999 -9999 -9999 -9999 -9999 -9999 -9999 -9999 594.4 637.4 596.9 647.2 587.5 566.5 582.9 583 570.5 574 529.6 618.8 528.1 560.7 566.4 548.3 548.1 550.6 559.8 571.6 583.2 584.2 573.9 573.8 578.7 575.2 574.1 574.5 572.3 569.6 578.4 583.2 578.2 567 556 564.2 580.6 585 577 553.2 518.6 497.7 495.7 498.5 500.1 500.5 497.2 489.2 477.3 456.3 484.5 496.9 504.3
793.5 636.9 650.5 750.9 790.3 734.6 774.9 791.3 699 622.1 633.3 593.7 695.6 657 622 -9999 -9999 -9999 -9999 -9999 -9999 -9999 -9999 612.9 664 616.1 596.9 589.7 630.1 620.3 586.5 618.5 573.6 523.9 540.1 576.8 549.5 519.4 491.7 488.2 472.6 476.1 489.7 509.8 531.1 550.3 607.6 646.1 635.5 652.3 621.4 581.1 561.9 565.9 569.2 557.6 546 548.6 574.4 610.9 625.7 594.7 547.2 507.9 484.8 477.6 477.8 481.2 483.4 484.3 490.4 497.8 505.2 498.3 476.2 460.5
770.6 968.9 1005.6 834.6 877.2 935 838.5 833.2 926.4 821.8 743.7 702 642.5 641.4 596.7 612.6 558.8 -9999 -9999 623.2 609.7 -9999 -9999 -9999 613.3 -9999 657.9 711.6 660.9 630.9 -9999 632.6 -9999 -9999 -9999 -9999 -9999 -9999 436.9 419.2 441.3 449.8 454.8 472 509.4 526.8 572.9 617 629.8 622.3 600.1 572.1 546.8 534.2 513.2 488.8 481.4 485.6 510.6 561 593.4 567 522.3 481.8 448.4 430.4 443.9 473.8 495.9 504.7 508.4 504.4 491.2 466.2 401.8 283.8
837 1057.4 1100 1059.1 870.4 828.5 797.6 863.3 863.9 854.7 820.3 680.9 665.8 559.1 558.5 541.4 537 596 -9999 -9999 -9999 -9999 -9999 -9999 -9999 -9999 -9999 -9999 -9999 -9999 -9999 -9999 -9999 -9999 -9999 -9999 -9999 561.1 495.8 458.8 509.4 468.7 468.7 464.1 459.6 512.8 598.9 652.3 626.7 592.1 540.7 489.1 475.7 482.8 482.8 469.2 440.2 429.3 399.4 419.6 435.1 440.9 438.1 429.8 415.8 411 437.6 475.2 515.9 554.2 581 573.6 539.1 513.9 511.6 554.7
1278 1170.6 1176.7 1026.5 780.6 994.7 925.2 833.8 819.1 827 809.8 651.8 656.9 667 568.1 562.5 626.9 -9999 -9999 -9999 -9999 -9999 -9999 -9999 -9999 -9999 -9999 701.8 723.6 710.8 701 697.7 609.6 636.2 643 624.1 570.9 624 584.2 574.7 571.9 535.3 522.7 518.8 534 552.5 558.4 555.4 550.8 535.4 485.9 431.3 440.8 478.4 497.5 510.7 551.4 475.9 436.4 435 418.7 417.3 415.2 402.9 390.2 420.7 462.3 496.9 525.4 558.1 577.5 578.5 565.1 557.8 568.1 591.7
-9999 -9999 1043.3 1239.1 1155.5 916.1 752.4 647.7 742 790.1 743.5 626.7 623.5 579.7 560.3 -9999 -9999 -9999 -9999 -9999 -9999 -9999 -9999 -9999 -9999 -9999 -9999 -9999 1809.3 898.5 683.8 647.8 599.6 584.2 577.8 607.7 594.5 618.9 613.6 594.4 567.3 516.2 483.3 523.9 579.1 630.1 580.2 543.3 516.1 507 508 502.3 488.5 486.6 484.5 487.9 488.8 475.6 447.6 430.6 421.9 430.7 453.8 452.2 441.7 461.2 483.4 504.9 546.8 558.8 554.3 552.8 545.2 541.5 550.6 573.3
-9999 -9999 -9999 1255.8 1047.1 863.2 693 669.6 615.6 586.4 547.3 479.1 526.9 -9999 -9999 -9999 -9999 -9999 -9999 -9999 -9999 -9999 -9999 -9999 604.7 -9999 -9999 -9999 -9999 656.2 683.3 668.8 636 625 609.1 599.5 622.3 666.9 684.7 615.2 577.1 545 533.3 564.4 622.7 639.8 630.7 579.4 552.9 541.7 522.7 499.7 475.6 465.1 465.2 472.2 486.8 493.7 455.4 415.3 396.6 399.9 434.4 452 459.1 476.3 486.6 497.6 516.8 530 536.1 526.1 506.1 491.2 497.6 527.6
-9999 -9999 -9999 -9999 1181.5 1199.5 870.5 1033.3 683.1 698.5 589.8 516.2 551.4 -9999 -9999 -9999 -9999 621.8 -9999 -9999 -9999 -9999 -9999 -9999 -9999 -9999 -9999 -9999 -9999 619.2 717 679 646.3 627.1 616.5 600.7 573.6 566 572.8 560.8 571.5 588.6 596 614.7 647 650.2 648 622.9 573.5 541.2 515.1 494.4 443.2 415.8 448.7 461.2 456.5 443.8 408.8 337.5 320.7 425.3 406.1 416.9 434.5 467.8 493.7 516.4 528.1 531.7 517 490.9 490.4 470.1 471.5 506.1
584.8 -9999 -9999 -9999 1327.7 1425.4 1251.6 936.9 591.7 782.3 655 563.1 582 -9999 -9999 -9999 585.4 -9999 -9999 -9999 -9999 -9999 -9999 767.4 737.4 686.6 -9999 -9999 -9999 709.7 720.9 710.3 686 676.2 645.7 546.8 561.4 574.7 576.4 572.4 579.8 610.4 641.6 622.4 628.8 668.1 678.9 624 571.4 541.4 523.5 505 491.2 489.6 497.2 483.2 467.4 437.7 417.5 398.2 390.6 406 410.2 412 425.5 469.7 502.5 509.6 536.4 585 614.2 561.1 516.2 493.5 492 511.3
542.6 -9999 -9999 -9999 -9999 1121.9 1340 979.1 866.3 746.4 715.4 667.7 492.6 507.4 -9999 -9999 -9999 -9999 -9999 -9999 -9999 -9999 907.2 925.1 766.3 703.1 654.8 678.5 694.4 729.6 751.5 722.5 739.3 660.5 598.6 574.6 606 630.7 610.8 568.3 541.2 558.3 610.9 640.7 569.8 566.9 609.7 602.4 581.8 562.7 539.8 503.1 494.4 530 566.2 532.5 473.5 430.8 415.7 404.5 417.5 451.5 419.9 407.4 447.2 477.9 509.3 517.3 537.8 550 559.8 542.4 522.9 520 550.6 666.7
586.1 488.9 -9999 -9999 -9999 -9999 1063.4 1009.6 811.5 835.7 694 766.1 -9999 -9999 -9999 -9999 -9999 -9999 -9999 -9999 -9999 -9999 854.1 840.6 793.3 716.5 655 640.9 660.7 740.1 693.4 635.2 593.2 559.5 540.2 530.3 599.1 776.9 698.3 538.1 494.6 517.9 587 641.9 598.2 567.7 565 580.3 590.4 574.2 556.7 537.9 539.7 549.2 541.5 533.1 512.8 490.3 379.7 400.4 413 390.4 425.8 447.1 469.9 493.5 505.3 619.4 551 537.5 524.5 509.4 490.9 486.5 508.9 558.4
-9999 -9999 -9999 407.7 554.3 -9999 731.4 839.6 -9999 -9999 -9999 -9999 -9999 -9999 -9999 -9999 -9999 -9999 -9999 -9999 -9999 -9999 777.4 906.1 863.7 757.9 642.3 603.5 555.7 577.8 598.5 584.9 593.3 509.7 497.2 448.3 467.7 535 549.3 526.4 525.8 544.6 562 572.7 560.6 533 544.7 574.8 585.5 575.5 558.7 541.8 544.5 561.9 573.9 573.2 564.2 566.3 523.1 496.5 481.6 486.7 485.4 486.2 495 504.3 516.7 523.3 530.3 526.7 517.4 506.1 489.3 485.2 497 530.6
522.1 443.5 -9999 492.6 552.3 -9999 -9999 -9999 -9999 489.6 -9999 -9999 -9999 -9999 -9999 -9999 -9999 -9999 -9999 -9999 -9999 -9999 -9999 803.3 817.6 703.2 623.2 582 567.8 562 565.1 556.2 523.7 532.4 512.7 508.9 510.4 524.6 550.7 594.4 613.9 575.8 585.7 591.9 589.5 591.3 580.6 587.4 658.9 638 600.9 582.1 590.3 611.1 605.2 595.2 590.6 583.5 564 542.3 540.8 547.5 551.6 550.8 530.5 518.2 495.1 462.8 525.2 540.5 513.9 495.2 485.5 464.5 469.2 506.3
-9999 -9999 447.6 559.7 -9999 -9999 -9999 -9999 -9999 -9999 -9999 -9999 -9999 -9999 -9999 811.3 753.8 -9999 -9999 -9999 838.6 875.4 795.6 733.3 677.5 571.2 555.7 575 567.9 554.3 554.6 538.7 532 521.4 512.9 533.7 528.6 523.3 535.3 531.3 537.4 544.7 582.2 641 649.1 618 606 620.5 644.9 660.8 664.2 684.4 730.6 717.2 653.7 629.2 626.6 579.2 549.8 529.7 528.2 529.3 548.3 568.3 547.7 526.2 514.8 505 512 495.2 486.6 459.2 394.2 366.1 442.9 506.7
745.6 663.2 -9999 -9999 614.2 714.4 -9999 -9999 -9999 -9999 -9999 -9999 720.1 707 740.7 761.7 690.2 660.1 682.5 724.8 751.2 730.1 666.9 686.9 709.5 616.7 546.1 515.9 560.1 567.7 531.7 506.5 469.9 430.2 454.9 503.4 539.9 545.6 531.4 515 505.2 536.7 552.6 582.4 605 608.5 622.5 656.9 678.7 679.3 676.1 688.8 715.7 715.7 680.8 679.5 606.7 537.5 501.5 478.6 480.8 503.8 508.5 502.1 510.5 514.7 504 476.9 481.4 487.2 484.2 499.2 496.1 489.5 505.7 551.7
756 644 579.3 563.3 547.3 552.5 553.9 598.1 616.2 642.7 702.4 692.6 669.9 644.7 640.1 625.7 623.1 623 614.7 687.3 728 723.4 725.5 733.5 681.9 610.7 557.6 540.4 524.5 533.2 536.7 538.3 504.1 466.8 514.6 537.8 539.9 537.5 527.9 517.8 529.4 554.1 559.3 562.8 582 589.7 634.5 711.3 741.4 713.4 692 688.5 695.1 701.4 714.2 655.7 590.6 498.3 436 440.3 475.1 482.2 504 532.5 541.1 536.8 518.3 481.6 482.7 491.2 535.1 580.6 566.8 557.1 539.2 543.9
605 595.6 538.5 585 586.6 578.4 561.8 479.1 520.8 574.3 622.5 656.2 648.7 622.5 620.7 602.7 622.3 631 634 686.4 709 714.7 699.9 677.1 635.6 571.6 534.9 549.2 585.3 589.8 564.2 527.5 524.8 486.7 476.2 505.3 534.2 514.5 547.8 543.1 568.2 604.8 594.8 563.1 571.6 625.3 689 741.4 763.2 712.6 681.7 646.5 649.8 659 612.2 620 626.2 560.1 502.8 474.4 455.5 452 475.8 510.9 528.3 536.9 544.7 508.9 477.7 443.7 454.2 514.6 541.6 540.6 534.2 549.4
676.8 580.3 478.8 501.7 498.2 480.5 489.8 565.5 483.5 496.2 611.6 609.9 635.7 640 624.4 602.2 578.4 563 596.7 639.1 613 596.6 592.7 597.5 585.9 573.6 569 577.5 607 615.8 628.7 585.8 599.1 569.7 504.1 524.8 547.7 570.8 574.6 591.2 610.1 655.4 631.5 580.3 587.9 639.7 707 739.1 721.9 686.1 649.4 609.9 596.7 576.9 541.8 573.8 642.4 639.1 576.9 528 445.2 423.1 449.3 450.3 474.7 490.4 495.1 488.6 477.5 470.2 468.3 473.1 490.9 516.1 538 550.4
577.9 564.2 481.1 431.7 436.5 418.6 426.1 425.4 447 430.3 506.2 574.6 608.1 617.8 611.2 590.8 610.6 650.3 629.7 627.8 585.8 554.6 533.7 547.5 553.8 564.7 584.6 553.6 540 574.1 563.6 521.9 486.7 437.5 525.7 583.4 591.6 585.8 566.4 735.1 685.3 709.5 697.8 648.3 636.5 650 671.3 688.6 667.3 637.8 621.3 612.4 610.6 588.7 558.2 560.8 593.5 576.9 569.9 554.7 510.5 471.7 459.4 463.7 477.1 489.8 493.1 480.2 478.6 455.5 446.5 435.9 452.6 494.1 574.1 580
1236 1003.2 494.5 468.2 527.7 497.6 408.4 497.2 449 515.8 531 564.9 595.2 568.4 577.4 533.9 512.4 596.9 622.6 640.6 586.2 553.1 603.1 651.8 618 596.5 571.5 548.7 533.9 547.8 547.2 547.4 567.2 590.3 605.8 625.8 641.5 627.6 639.6 593.4 488.5 567.4 593.8 619.1 627.4 680.2 671.8 604.5 580.8 576.7 570.4 594.8 578.8 575.3 554 564 580.1 550.1 549.7 536.8 504.1 481.9 470.4 477.7 495.8 509.1 525.5 502.6 468.7 442.8 418.2 371.8 381.2 433 485.6 582.4
720.9 538.3 502.3 481.6 560.9 657.3 580.7 647.2 655.6 574.3 536.1 559.4 540.8 505.8 538.9 586.2 617.6 630.6 601 565.3 591.3 629 666 685.6 717.1 677.3 569.7 550.7 551.3 538.2 594.7 639.4 697.2 717.3 673 662.6 634.2 607.3 626.4 603.2 564.6 579.2 559 532.2 551.8 594.2 575.6 570 529.7 499.4 504.8 532.7 555.2 513.9 466.9 515.9 522.5 515.9 506.9 506 508 509.4 475.5 472.6 491.7 488.3 494 476.5 447.8 416.4 386.6 366.3 365.9 355.8 392.4 444.5
810.2 1070.5 624 658.3 675.9 673.8 879.5 931 617.5 554.3 727 933.5 727.2 655.8 634.8 739.2 735.1 685.8 620.6 645.8 646.6 661.5 597.4 557.7 631.3 642.1 651.4 601.2 567 551.9 553.9 565.8 582.5 615.5 641.8 654.3 642 650.7 662.1 636.7 617.7 603.8 564.8 529 536.6 558.4 583.9 562.7 526 488.9 477.2 501.7 473.9 430.6 443.1 448.8 458.6 473.5 477.3 481.7 476.3 470.3 433.4 353.2 356.4 454.9 476.3 475.1 453.5 425.5 404.4 375.1 345.8 324.8 327.6 337.4
722 735.7 879.6 878.6 784.9 690.6 606.9 456.6 437.3 385.7 498.9 522.5 886.3 727 790 651.9 671.1 768.8 770 715.4 750.4 758.8 702.7 635.1 682.3 665.5 650.5 655.7 643.8 639.5 632.2 622.7 586.2 594.2 612.5 635.2 657.4 783 724.6 665.1 635.4 597.9 529.9 526.3 545.3 546.6 538 557.1 549.7 510.9 468.8 442.7 451.5 438.1 443.4 440.7 449.7 446.5 449 442.6 428.2 426.9 426.7 448.8 495.3 497.1 501.1 516.3 508.5 453.8 418.8 388.3 352.2 332.6 319.5 321.1
623.5 702.3 933.8 706.3 863.9 527.2 368.1 400.6 448.5 535.2 523.1 519 539.2 464.4 460.9 504.2 688 889.6 968.5 823.8 809.5 790 787.4 734.8 744.7 695.5 706.4 670.9 632.1 636.8 617.3 616.2 615.1 587.6 543.4 616 625.6 635.3 643.5 612.1 565.3 556.2 546.8 543.3 532.1 533.3 507.4 529.9 514.7 508.4 524.5 445.6 412.9 414.1 412.4 396.7 436.3 442 448.3 443.8 431.3 428.6 491.1 499.6 521.4 548.5 530.3 537.9 489.6 446.7 420.6 383.2 335.4 304.5 282.6 250.4
