datasets/global_precipitation_1950_2017/rasters/precip_1983-total.asc
NCOLS 720 
NROWS 347 
XLLCORNER -180 
YLLCORNER -90 
CELLSIZE 0.5 
NODATA_value -9999 
[rows 0 to 33 of 347, columns 532 to 607 of 720]
-9999 -9999 -9999 -9999 -9999 -9999 -9999 -9999 -9999 -9999 -9999 -9999 -9999 -9999 -9999 -9999 -9999 -9999 -9999 -9999 -9999 -9999 -9999 -9999 -9999 -9999 -9999 -9999 -9999 -9999 -9999 -9999 -9999 -9999 -9999 -9999 -9999 -9999 -9999 -9999 -9999 -9999 -9999 -9999 -9999 -9999 -9999 -9999 -9999 -9999 -9999 -9999 -9999 -9999 -9999 -9999 -9999 -9999 -9999 -9999 -9999 -9999 -9999 -9999 -9999 -9999 -9999 -9999 -9999 -9999 -9999 -9999 -9999 -9999 -9999 -9999
-9999 -9999 -9999 -9999 -9999 -9999 -9999 -9999 -9999 -9999 -9999 -9999 -9999 -9999 -9999 -9999 -9999 -9999 -9999 -9999 -9999 -9999 -9999 -9999 -9999 -9999 -9999 -9999 -9999 -9999 -9999 -9999 -9999 -9999 -9999 -9999 -9999 -9999 -9999 -9999 -9999 -9999 -9999 -9999 -9999 -9999 -9999 -9999 -9999 -9999 -9999 -9999 -9999 -9999 -9999 -9999 -9999 -9999 -9999 -9999 -9999 -9999 -9999 -9999 -9999 -9999 -9999 -9999 -9999 -9999 -9999 -9999 -9999 -9999 -9999 -9999
-9999 -9999 -9999 -9999 -9999 -9999 -9999 -9999 -9999 -9999 -9999 -9999 -9999 -9999 -9999 -9999 -9999 -9999 -9999 -9999 -9999 -9999 -9999 -9999 -9999 -9999 -9999 -9999 -9999 -9999 -9999 -9999 -9999 -9999 -9999 -9999 -9999 -9999 -9999 -9999 -9999 -9999 -9999 -9999 -9999 -9999 -9999 -9999 -9999 -9999 -9999 -9999 -9999 -9999 -9999 -9999 -9999 -9999 -9999 -9999 -9999 -9999 -9999 -9999 -9999 -9999 -9999 -9999 -9999 -9999 -9999 -9999 -9999 -9999 -9999 -9999
-9999 -9999 -9999 -9999 -9999 -9999 -9999 -9999 -9999 -9999 -9999 -9999 -9999 -9999 -9999 -9999 -9999 -9999 -9999 -9999 -9999 -9999 -9999 -9999 -9999 -9999 -9999 -9999 -9999 -9999 -9999 -9999 -9999 -9999 -9999 -9999 -9999 -9999 -9999 -9999 -9999 -9999 -9999 -9999 -9999 -9999 -9999 -9999 -9999 -9999 -9999 -9999 -9999 -9999 -9999 -9999 -9999 -9999 -9999 -9999 -9999 -9999 -9999 -9999 -9999 -9999 -9999 -9999 -9999 -9999 -9999 -9999 -9999 -9999 -9999 -9999
-9999 -9999 -9999 -9999 -9999 -9999 -9999 -9999 -9999 -9999 -9999 -9999 -9999 -9999 -9999 -9999 -9999 -9999 -9999 95.4 -9999 -9999 -9999 -9999 -9999 -9999 -9999 -9999 -9999 -9999 -9999 -9999 -9999 -9999 -9999 -9999 -9999 -9999 -9999 -9999 -9999 -9999 -9999 -9999 -9999 -9999 -9999 -9999 -9999 -9999 -9999 -9999 -9999 -9999 -9999 -9999 -9999 -9999 -9999 -9999 -9999 -9999 -9999 -9999 -9999 -9999 -9999 -9999 -9999 -9999 -9999 -9999 -9999 -9999 -9999 -9999
-9999 -9999 -9999 -9999 -9999 -9999 -9999 -9999 -9999 -9999 -9999 -9999 -9999 102.1 -9999 101.5 101.4 102.8 100.6 100.5 100.6 100.5 100 99.4 -9999 -9999 -9999 -9999 -9999 -9999 -9999 -9999 -9999 -9999 -9999 -9999 -9999 -9999 -9999 -9999 -9999 -9999 -9999 -9999 -9999 -9999 -9999 -9999 -9999 -9999 -9999 -9999 -9999 -9999 -9999 -9999 -9999 -9999 -9999 -9999 -9999 -9999 -9999 -9999 -9999 -9999 -9999 -9999 -9999 -9999 -9999 -9999 -9999 -9999 -9999 -9999
-9999 -9999 -9999 -9999 -9999 -9999 -9999 -9999 -9999 -9999 -9999 -9999 113.2 111.9 -9999 109.4 107.9 107.7 106.3 105.2 104.5 103.7 102.6 -9999 -9999 -9999 -9999 -9999 -9999 -9999 -9999 -9999 -9999 -9999 -9999 -9999 -9999 -9999 -9999 -9999 -9999 -9999 -9999 -9999 -9999 -9999 -9999 -9999 -9999 -9999 -9999 -9999 -9999 -9999 -9999 -9999 -9999 -9999 -9999 -9999 -9999 -9999 -9999 -9999 -9999 -9999 -9999 -9999 -9999 -9999 -9999 -9999 -9999 -9999 -9999 -9999
-9999 -9999 -9999 -9999 -9999 -9999 -9999 -9999 -9999 -9999 -9999 -9999 -9999 113.7 112.2 -9999 110.5 109.5 108.7 107.6 106.7 -9999 104.2 101.8 99.7 96.2 92.7 88.9 -9999 -9999 -9999 -9999 -9999 -9999 -9999 -9999 -9999 -9999 -9999 -9999 -9999 -9999 -9999 -9999 -9999 -9999 -9999 -9999 -9999 -9999 -9999 -9999 -9999 -9999 -9999 -9999 -9999 -9999 -9999 -9999 -9999 -9999 -9999 -9999 -9999 -9999 -9999 -9999 -9999 -9999 -9999 -9999 -9999 -9999 -9999 -9999
-9999 -9999 -9999 -9999 -9999 -9999 -9999 -9999 -9999 -9999 -9999 -9999 -9999 -9999 -9999 -9999 -9999 112.3 112.8 112.5 113.1 112.7 111.7 109.7 107.2 104.1 100.1 -9999 -9999 -9999 -9999 73 -9999 69.3 -9999 -9999 -9999 -9999 -9999 -9999 -9999 -9999 -9999 -9999 -9999 -9999 -9999 -9999 -9999 -9999 -9999 -9999 -9999 -9999 -9999 -9999 -9999 -9999 -9999 -9999 -9999 -9999 -9999 -9999 -9999 -9999 -9999 -9999 -9999 -9999 -9999 -9999 -9999 -9999 -9999 -9999
-9999 -9999 -9999 -9999 -9999 -9999 -9999 -9999 -9999 -9999 -9999 -9999 -9999 -9999 -9999 -9999 -9999 -9999 -9999 -9999 -9999 -9999 -9999 -9999 -9999 -9999 -9999 -9999 -9999 111 104.2 101 98.9 98.7 97.8 98.4 98.9 100 100.5 -9999 -9999 -9999 -9999 -9999 -9999 -9999 -9999 -9999 -9999 -9999 -9999 -9999 -9999 -9999 -9999 -9999 -9999 -9999 -9999 -9999 -9999 -9999 -9999 -9999 -9999 -9999 -9999 -9999 -9999 -9999 -9999 -9999 -9999 -9999 -9999 -9999
-9999 -9999 -9999 -9999 -9999 -9999 -9999 -9999 -9999 -9999 -9999 -9999 -9999 -9999 -9999 -9999 -9999 -9999 -9999 -9999 -9999 -9999 -9999 -9999 -9999 -9999 -9999 -9999 122.5 120 115.5 108.8 100.3 92.1 90 98.4 -9999 -9999 -9999 -9999 106.4 -9999 -9999 -9999 -9999 -9999 -9999 -9999 -9999 -9999 -9999 -9999 -9999 -9999 -9999 -9999 -9999 -9999 -9999 -9999 -9999 -9999 -9999 -9999 -9999 -9999 -9999 -9999 -9999 -9999 -9999 -9999 -9999 -9999 -9999 -9999
-9999 -9999 -9999 -9999 -9999 -9999 -9999 -9999 -9999 -9999 -9999 -9999 -9999 -9999 -9999 -9999 -9999 -9999 -9999 -9999 -9999 -9999 -9999 -9999 -9999 -9999 -9999 -9999 -9999 -9999 -9999 -9999 -9999 -9999 -9999 -9999 -9999 -9999 -9999 -9999 -9999 -9999 -9999 -9999 -9999 -9999 -9999 -9999 -9999 -9999 -9999 -9999 -9999 -9999 -9999 -9999 -9999 -9999 -9999 -9999 -9999 -9999 -9999 -9999 -9999 -9999 -9999 -9999 -9999 -9999 -9999 -9999 -9999 -9999 -9999 -9999
-9999 -9999 -9999 -9999 -9999 -9999 -9999 -9999 -9999 -9999 -9999 -9999 -9999 -9999 -9999 -9999 -9999 -9999 -9999 -9999 -9999 -9999 -9999 -9999 -9999 -9999 -9999 -9999 -9999 -9999 -9999 -9999 148.1 151.5 155.2 156.4 153.4 145 132.7 -9999 -9999 -9999 -9999 -9999 -9999 -9999 -9999 -9999 -9999 -9999 -9999 -9999 -9999 -9999 -9999 -9999 -9999 -9999 -9999 -9999 -9999 -9999 -9999 -9999 -9999 -9999 -9999 -9999 -9999 -9999 -9999 -9999 -9999 -9999 -9999 -9999
-9999 -9999 -9999 -9999 -9999 -9999 -9999 -9999 -9999 -9999 -9999 -9999 -9999 -9999 -9999 -9999 -9999 -9999 -9999 -9999 -9999 -9999 -9999 -9999 -9999 -9999 -9999 -9999 -9999 -9999 163.3 162.4 159.4 157.3 154.7 150.7 144.8 138.8 132.7 129.6 125 121.7 -9999 -9999 -9999 -9999 -9999 -9999 -9999 -9999 147.9 -9999 -9999 -9999 -9999 -9999 -9999 -9999 -9999 -9999 -9999 -9999 -9999 -9999 -9999 -9999 -9999 -9999 -9999 -9999 -9999 -9999 -9999 -9999 -9999 -9999
-9999 -9999 -9999 -9999 -9999 -9999 -9999 -9999 -9999 -9999 -9999 -9999 -9999 -9999 -9999 -9999 -9999 -9999 -9999 112 126.9 -9999 -9999 -9999 -9999 -9999 -9999 249.6 236.7 222.9 212 202.9 196.6 191.7 186.1 182.7 172.9 164.3 156.2 147.8 141.4 139.9 137.1 134.3 132.4 131.8 131.9 131.3 132.7 132.9 132 131.2 129.6 -9999 -9999 -9999 -9999 -9999 -9999 -9999 -9999 -9999 -9999 -9999 -9999 -9999 -9999 -9999 -9999 -9999 -9999 -9999 -9999 -9999 -9999 -9999
-9999 -9999 -9999 -9999 -9999 -9999 -9999 -9999 -9999 -9999 -9999 -9999 -9999 152.2 143.8 138.3 134.7 134.3 138.5 145 156.6 169.6 185 200.9 214.5 225.2 232.2 235.9 237.2 238.2 238.9 239 239.6 240.5 238.6 235 230.2 222.8 211.3 198.3 183.4 167.6 155.4 146.2 139.7 135.9 133 132.1 129.6 127.8 125.8 123.3 121.9 120.2 120.9 126.6 -9999 -9999 -9999 -9999 -9999 -9999 -9999 -9999 -9999 -9999 -9999 -9999 -9999 -9999 -9999 -9999 -9999 -9999 -9999 -9999
-9999 -9999 -9999 -9999 -9999 261.3 259.1 250.6 239.3 226.6 213.9 202.6 192.8 183.9 178.6 176 175.6 177.4 181.1 186.9 194.5 204 212.6 222.2 230.7 239.4 246.7 253.5 256.7 260.5 262.8 261.7 262.3 260.3 257.7 259.1 255.6 248.4 235.8 220 203.3 187 173.1 160.9 151.9 144.6 139 136 135.5 135.2 135.3 136 137.8 139.9 143.1 -9999 -9999 -9999 -9999 -9999 -9999 -9999 -9999 -9999 -9999 -9999 -9999 -9999 -9999 -9999 -9999 -9999 -9999 -9999 -9999 -9999
-9999 -9999 221.4 222.1 227.4 227.8 226.2 222.5 218.3 212.5 207.1 202.5 198.8 197 197 198.8 201.8 207.4 214.2 221.7 230.7 239 248.1 255.9 265.9 273.2 277.7 283.2 284.6 284.2 280.1 273.3 265.7 259.1 255.6 253.2 249.4 240.7 233.2 221.9 207.7 192.8 178.6 166.3 156.3 149.2 143.7 140.3 138 136.8 137.8 138.5 -9999 -9999 -9999 -9999 -9999 -9999 -9999 -9999 -9999 -9999 -9999 -9999 -9999 -9999 -9999 -9999 -9999 -9999 -9999 -9999 -9999 -9999 -9999 -9999
-9999 208.5 206 202.9 200.6 198.5 198.1 195.6 193.2 191.3 190.1 189.2 190.8 194 199 205.3 213.3 223.2 234 244.6 253.3 264.7 274.2 281 285.2 291.8 296 300.6 304.7 306.9 301.7 289.3 277.4 266.7 259 251.7 243.5 233.8 223.5 212.1 200.2 189.2 177.5 166.5 156.9 149 142.6 135.9 -9999 -9999 -9999 129.7 131.9 133.5 -9999 -9999 -9999 -9999 -9999 -9999 -9999 -9999 -9999 -9999 -9999 -9999 -9999 -9999 -9999 -9999 -9999 -9999 -9999 -9999 -9999 -9999
201.8 195.4 188.9 179.7 174.6 171.1 168.9 166.6 167 168.4 169.3 172.5 175.1 180.9 188.9 197.9 209.2 221.6 233.7 245.6 256.5 266.2 272.6 280.8 281.9 283.8 287.5 289 284.1 284.9 280.8 275.1 268.2 259.1 250.7 241.5 231.9 223.1 212.8 203.1 193.3 182.8 173.8 166.5 161.8 -9999 -9999 169.6 154.6 -9999 131.9 -9999 -9999 -9999 135.8 -9999 -9999 -9999 -9999 -9999 -9999 -9999 -9999 -9999 -9999 -9999 -9999 -9999 -9999 -9999 -9999 -9999 -9999 -9999 -9999 -9999
190.3 182.9 174.6 165.7 158.3 152.7 148.7 147.5 149.3 153.8 158.1 162.9 172.8 181.9 192.9 204.4 214.8 226.2 234.8 243.9 250.8 256.4 261.5 264.9 266.6 267.6 267.3 265.1 261.3 256.8 252.5 246.4 239.6 235.7 229.9 222.4 215.1 207.9 201.7 194.4 -9999 -9999 -9999 -9999 -9999 151.2 148.6 149.5 151.8 152.6 152.6 151.7 151.5 151.2 151.3 150.6 149.8 148 145.8 143.5 140.9 138.9 136.9 135.5 135.1 -9999 -9999 -9999 -9999 -9999 -9999 -9999 -9999 -9999 -9999 110.9
178.6 172.2 168.2 163.8 160.2 158.1 158 161.1 166.4 174.3 181.9 188.7 196.3 203.7 214.1 220.5 228.4 239.3 244 251.2 257.2 261.1 264 264.5 265.2 263.1 260.1 255.7 247.7 240.3 234.2 227.8 220.9 214.6 209.5 204.7 201.6 197.8 194.2 190.9 186.3 181.3 177.1 172.4 167.5 164.6 163.1 165.6 165.5 167.6 170.2 174.4 177.5 180.8 181.8 183 181.5 177.9 172.9 167.2 160.7 153.6 148.9 144.2 140.2 138 135.8 136 137.5 139.1 140.6 141.4 142.5 144.8 147.4 150.4
168.7 177.7 178 186.2 195.2 204.6 216.7 224.9 228.6 228.9 229.9 231.2 232.4 237.3 242.9 249.2 254.6 258.1 261.5 265.7 267.2 267.1 269.2 270.3 270.8 269.5 267 263.1 260 254.1 245.9 229.7 215.6 196 188.4 190.4 193.3 193.6 193.9 192.6 191.8 190.2 187.7 185.8 183.6 182.5 181.7 182.4 184.9 187.8 192.3 197.3 204.4 212.4 219.9 224.2 223.6 217.6 209.3 198.3 187.9 177.4 168.2 160.7 154.6 150.9 150.7 150.9 154.3 158.5 162.9 167.6 166.8 175 177.6 183.2
190.2 211.7 237.2 259.7 285.1 302.3 291 291.9 292.1 293.2 286.6 281 278.2 282.5 282.1 283.6 285 287.3 288.8 290.1 290.4 288.2 285.7 284.7 283.9 281.5 280.5 279.1 277.9 277.9 278.6 278.6 270.8 236.7 221.1 212.3 208.3 205.9 204.7 203.2 202.1 200.5 198.9 198.1 196.8 196.4 194.7 194.8 195.9 199.2 202.9 207.2 212.5 218.3 223.8 226.9 227.1 224 217.7 207.8 199.5 190.6 183.8 176.6 171.3 169.2 168.1 169.7 173.7 178.2 179 183.1 186.3 189.9 192.8 198
243.6 272.4 300 330.8 356.4 385.1 396.8 400.5 390.8 374.3 355.8 341.1 328 313 304.7 301.9 306.1 320.1 327.4 327.6 321.7 313.6 305.3 298.5 293.1 289.1 285.7 281.4 278 275.8 272 267.1 259.9 235.5 230.1 224.8 220.7 217.4 215.2 213.9 211.4 211.1 207.8 209.3 208.7 209.2 208.7 208 207.6 209.5 211.4 212.9 214.9 215.1 217.5 216.8 216.5 215.5 213.7 209.8 204.4 199.6 194.9 190.4 186.2 184 184.2 185.4 189.4 193 197.5 205.8 211.2 217 225.8 231.4
278 312.8 312.8 341.2 375.1 413.2 440.6 461.1 451.5 417.3 383.8 357.9 346.3 332.1 332.8 340.1 354.1 367.5 366 356.9 344.7 330.6 316.4 303.7 293.7 285.6 279.2 272.9 268.7 263.5 257.5 253.2 248.5 230.4 226.7 225 222.9 222.5 222.1 219.8 221.1 220.9 221 221.4 222.7 223.5 224.3 225.1 224.9 226.5 224.9 224.9 225 223.3 224.7 224.6 223.6 221.8 218.9 218.1 215.2 212.2 210.1 208.1 206.7 205 207.8 209.4 212.4 215.3 219.5 225.3 230 238.1 246.7 254.5
315.6 317.8 317.8 320.9 317.4 324.8 335.7 347.7 355 352.7 346.8 342.1 331.3 337.2 340.6 344 346.6 347.4 343.4 338.5 329.4 319.5 306.2 294.6 284.7 276.6 269.2 260 253.6 246.9 241.7 237.2 234.3 225.6 223.8 222.6 223.5 224.2 225.2 227.3 228.7 232 234.8 237.8 238.5 242.9 244.4 245.1 246.2 244.4 244.2 241.2 239.4 237 235.2 233.2 232.7 232.4 231.8 230.4 228.3 225.9 223.9 222.5 221.7 221.5 221.3 221.4 222.4 223.1 224.9 227.6 230.3 234.3 239.4 244.6
440.4 382.4 322.8 272.4 243.6 237.4 248.6 263.7 281.4 290.5 303.5 307.8 312.3 318.4 321.3 322.9 322.8 321.2 318.3 313.3 305.8 298 287 278.4 269.5 261.6 255.6 248.5 241.2 235.1 229.3 225.3 221.7 218.6 216.1 216.6 218.9 221 224 228.5 233.5 236.3 242.8 247.3 250.9 253.8 255.9 257.9 258.9 259.5 258.7 257.1 254.7 251 247.8 244.7 241.9 240 238.6 236.6 233.8 231.3 227.9 225.5 223.5 221.6 220.3 219.1 217.1 216.6 216.2 216.3 216.3 217 218.7 221.9
556.2 437 322.5 233.1 181.7 183.2 204.8 228.8 247.9 264.5 278.2 286.7 295.8 303.2 308.9 312.7 313.9 310 302.8 298.9 289.6 280.1 269.7 262.5 256.4 248.6 242.9 236.8 231.1 225.5 220.1 214.7 210.4 206.2 205.1 205.8 206.4 211.6 216.9 223.2 230.7 236.5 243.4 248.8 254.1 258.5 263 266.4 270.1 272.4 274.2 274.5 272.9 271.2 268.2 263.7 258.3 252.6 246.8 241.1 235.1 229.4 225.3 221.9 220.6 220.9 220.4 219.2 217.3 213.7 209.6 206 201.2 196.8 194 193
296.4 291 287.3 274.6 263 257.5 258.1 263.3 274.9 284.6 293.3 301.2 309 316.4 323.2 329.1 332.9 328.3 317 303.8 290.2 278.4 267.8 259.5 251.2 243.9 236.2 230.2 224.2 219.4 215.1 204.1 199.3 194.5 193.3 194.5 197.9 204.7 211.2 218.1 225.8 233.5 239.8 246.7 252.8 259.7 266.1 272.7 278.6 284.1 287.8 289.6 289.8 292.8 290.3 283.5 274.8 265.2 255.2 246.1 237.5 229.9 224.4 222.1 224.1 225.7 226.1 224.2 220.7 215.8 210.2 203.9 197.3 189.1 181.2 175.4
313.5 302.8 289.8 281.5 284 292.7 300.4 308 315.7 323.2 333 342.6 352.9 364.2 370.3 377.6 382.2 381.2 370.7 356.5 336.1 315.4 291.8 275.8 259.4 246.8 235.5 227.3 220.6 207.4 202.9 198.5 192.1 186.4 187.8 191.3 195.9 201 208.8 215.5 221.4 229 236.3 243 249.6 257.3 264.7 272.5 280.2 287.8 294.7 301.2 306.4 306.1 299.9 291.7 282.2 272.4 262.7 253.8 245.6 239.3 234.3 231.2 230.4 230.3 228.7 226.7 224 221.3 216.8 212.1 207.1 202.2 196.3 194.3
453.9 433.7 386.8 351.6 338.1 339.2 345.3 353 360.2 368.2 381.4 392.5 401.9 411.8 418.9 425.1 430.7 430.3 420.8 404.4 379.8 349.4 318.5 288 264.9 245.1 231.3 220.1 212.5 205.1 201 196 193.7 192.8 192.8 194.6 197.3 203.2 208.8 215.3 220.8 227.4 233 238.7 244.3 251.6 258 264.8 271.7 278.8 283.7 288.3 290.5 290.7 289 285.2 280.1 273.7 268.1 262.1 256.4 250.3 245.9 241.9 238.7 236.5 234.8 232.9 231.5 229.4 228.7 226.1 224.2 221.7 218 215.5
445.2 429.5 420.8 407.5 396.5 392.1 391 392.7 397.3 405.2 414.4 426.4 437.4 445.6 451.8 458.8 459.5 455 440.8 419 392.4 363.4 330.2 298.4 270.9 248.7 234 223.2 213.3 208.2 203.5 201.6 199.9 197.6 197.7 198.8 200.4 202.7 207.5 214.4 219.1 224.3 228.8 233.5 238.4 244.1 249.8 255.2 261.6 267.7 273.6 278.1 281.4 283.2 284.3 282.9 281.1 278.9 274.8 271.4 266.1 262.1 257.4 252.9 249.4 247 245.6 243.6 243.9 243.5 243 242.8 241.1 239.1 233.6 231.5
425.2 431 434 434.5 433.6 431 427.4 423 420.9 421.9 429.9 437.6 445.1 453.2 456.3 458.2 453.7 442.6 426.5 404.6 382.4 353.8 321.7 291.6 270.2 250.8 237.2 227.7 221.3 216.3 212.4 209.4 205.2 205.6 205.3 203.1 203.5 205.9 208.4 213.8 217.4 222.9 227.6 233.3 236.1 241.5 247.5 252.4 257.8 263.9 269.9 274.2 280 283.3 287.4 289.7 290.4 289 285.4 281.4 276.3 272 267.1 263 259.8 258.2 257.2 256.9 257.5 259.6 261.3 262.8 264.4 268.2 282.4 273.2
