datasets/global_precipitation_1950_2017/rasters/precip_1991-total.asc
NCOLS 720 
NROWS 347 
XLLCORNER -180 
YLLCORNER -90 
CELLSIZE 0.5 
NODATA_value -9999 
[rows 204 to 237 of 347, columns 608 to 683 of 720]
660.6 666.8 670.8 634.9 577.7 665.6 705.3 764.6 798.9 776.6 775.6 706 646.4 605.6 568.8 512.7 455.8 448.8 446.2 362.1 437.4 516.6 512.9 484.4 467.3 488.6 551.1 629 802.3 844.3 796 1040.8 934.4 964.8 867.7 842 877.4 915.4 992.2 1055.7 997.9 944.1 1072.5 1511.1 1944.2 -9999 -9999 -9999 -9999 -9999 -9999 -9999 -9999 -9999 -9999 -9999 -9999 -9999 -9999 -9999 -9999 -9999 -9999 -9999 -9999 -9999 -9999 -9999 -9999 -9999 -9999 -9999 -9999 -9999 -9999 -9999
663.3 632.5 653.6 628.4 593.5 614.2 624.3 601.6 819.8 737.2 695.5 725 694.4 621.9 599.1 576.4 478.6 464.1 467.3 486.5 512.5 494.3 487.5 456.4 447 484.8 366.9 551 703.3 702.7 811 825.9 826.3 832.5 758 722.1 771.2 800.6 926 966.1 1017.2 1041.4 968 755.4 1413.4 1505 -9999 -9999 -9999 -9999 -9999 -9999 -9999 -9999 -9999 -9999 -9999 -9999 -9999 -9999 -9999 -9999 -9999 -9999 -9999 -9999 -9999 -9999 -9999 -9999 -9999 -9999 -9999 -9999 -9999 -9999
645.2 617.4 631.4 615.6 581.1 524.3 458.5 413.3 428.4 500 561.7 591.1 594 572.1 562.7 549.1 483.1 469 467 477.7 475.6 449.2 433.5 406.1 370.2 365.8 342.5 404.9 480.8 588.9 740.7 799 855.4 827.8 755.3 695.3 711.5 606.1 699.1 906.2 925.4 942.4 919.7 907.7 746.7 1267.5 1231.8 1335.6 -9999 -9999 -9999 -9999 -9999 -9999 -9999 -9999 -9999 -9999 -9999 -9999 -9999 -9999 -9999 -9999 -9999 -9999 -9999 -9999 -9999 -9999 -9999 -9999 -9999 -9999 -9999 -9999
631.8 626.7 627.9 594.9 514.1 413.6 349.5 294.5 261.3 371.2 449.3 506 523.4 509.8 503.6 465 412.4 419.7 422.6 419.6 414.7 403.7 370.9 372.7 350.2 335 321.2 426.4 460.6 504.7 651.6 723.9 757.2 794.6 782.5 615 510.2 560.2 617.3 619.1 661.3 755.2 907.3 837 748.2 935.9 1224.2 1168.7 1502.7 1946.8 -9999 -9999 -9999 -9999 -9999 -9999 -9999 -9999 -9999 -9999 -9999 -9999 -9999 -9999 -9999 -9999 -9999 -9999 -9999 -9999 -9999 -9999 -9999 -9999 -9999 -9999
388.9 624.6 619.4 538.3 410 343.4 313.8 294.4 301 349.9 394.9 397.8 459.9 458.8 427.1 364 321.9 359.2 382.5 390.9 421.4 398.1 400.2 424.5 415.1 395.2 407.5 471.9 423.4 430.5 621.2 683.1 758.8 811.6 633.7 604.7 557 618.3 608.7 660.4 542.9 600.5 769.5 797.1 654.7 758.3 803.2 810.5 1293.9 1880.4 -9999 -9999 -9999 -9999 -9999 -9999 -9999 -9999 -9999 -9999 -9999 -9999 -9999 -9999 -9999 -9999 -9999 -9999 -9999 -9999 -9999 -9999 -9999 -9999 -9999 -9999
200.8 369.3 556.8 446.3 352.5 306.2 287.6 291.5 313.9 354.6 392 405.6 411.1 389.3 336.9 287.4 295.1 326.7 359.8 380 375.4 405 483 484.1 443.5 426.9 406.9 403.4 355.7 411 495.8 600.7 780.2 732.8 668.9 544.5 491.2 540.1 594.3 696.9 599.4 679.4 646.4 689.6 614.7 731.6 761 760.8 911 1840.7 -9999 -9999 -9999 -9999 -9999 -9999 -9999 -9999 -9999 -9999 -9999 -9999 -9999 -9999 -9999 -9999 -9999 -9999 -9999 -9999 -9999 -9999 -9999 -9999 -9999 -9999
148.3 214 343.4 373.6 324.5 296.7 287.8 298.4 321.4 352.7 368.7 365.5 341.3 303.2 271.4 261.2 291.4 320.6 354.5 375.1 366.1 391.5 421.6 451.2 436.4 390.9 402.7 400.4 403.5 429.2 544.5 473 442.5 516.6 504.3 521.3 615.6 574.8 485.7 569.4 467.7 614.3 590.1 705 636.9 720.9 652.7 760 961.6 1097 1968.7 -9999 -9999 -9999 -9999 -9999 -9999 -9999 -9999 -9999 -9999 -9999 -9999 -9999 -9999 -9999 -9999 -9999 -9999 -9999 -9999 -9999 -9999 -9999 -9999 -9999
114.1 149.6 209.3 301 292 274.7 274.4 286.4 310.6 336.4 331.1 313.5 289.8 269.9 260.4 195.4 263.9 304.6 318.4 346.2 348.6 375.7 387.4 384.3 401.7 392.8 389.7 404.9 402.7 457.6 462.7 470.8 372.5 393.5 422 473.5 533.2 535.6 514.8 482 447.1 472.5 525.5 632.1 634 579.1 564.8 547.7 801.3 1147.7 1226.4 -9999 -9999 -9999 -9999 -9999 -9999 -9999 -9999 -9999 -9999 -9999 -9999 -9999 -9999 -9999 -9999 -9999 -9999 -9999 -9999 -9999 -9999 -9999 -9999 -9999
113 124.8 145.7 179.1 193.2 195 200 201.8 220.5 261.1 289 280.6 271.8 272 283.5 262.1 268.9 282.4 408 376 364.2 353.4 345.1 341.1 332.3 369 359.3 372.2 352.4 254 342 367.1 293.9 363.2 407.2 441.3 495.1 482.2 425.2 409.6 401.5 443.1 475.2 506.6 564.4 548.1 635.3 635.1 646.3 738.7 784.3 875.8 882.4 1440.8 -9999 -9999 -9999 -9999 -9999 -9999 -9999 -9999 -9999 -9999 -9999 -9999 -9999 -9999 -9999 -9999 -9999 -9999 -9999 -9999 -9999 -9999
137.9 135.8 127 120.5 128.6 132.2 137.8 133.5 135.6 161.5 219.5 255.7 255.9 249.6 248.6 286.1 223.7 240.8 171.9 333.2 353 340.1 328.8 314.3 282.5 303.5 316.3 327.2 305.2 287.1 332 344.3 349.4 326 315.6 305.1 421.9 444.2 435 397.2 420.4 436.2 453.6 475 536.9 541.7 504.3 513 549 560.5 622.1 724.8 853.2 1080.3 -9999 -9999 -9999 -9999 -9999 -9999 -9999 -9999 -9999 -9999 -9999 -9999 -9999 -9999 -9999 -9999 -9999 -9999 -9999 -9999 -9999 -9999
164.3 154.8 140.9 130.5 123.8 119.2 117.8 125 127.7 134.6 151.7 190.6 197.9 183.1 168.8 174.7 179.7 142.7 159.8 184.8 257.6 312 299.6 277.5 266.1 272.4 284.7 301.7 314.3 320 328.2 319.2 367.1 296.9 249.9 285 385.7 423.3 482.7 459.8 449 428.8 501.4 426.8 481.6 478.6 593.4 513.9 447.8 446.2 595.9 694.4 671.3 842.5 938.5 -9999 -9999 -9999 -9999 -9999 -9999 -9999 -9999 -9999 -9999 -9999 -9999 -9999 -9999 -9999 -9999 -9999 -9999 -9999 -9999 -9999
182.9 169.8 151.3 141 128.8 129.3 125.7 123.3 127.8 132.9 137.9 144.4 149 140.4 128.3 123.3 111.1 81 111.9 145.7 183.2 226.9 214.9 245.9 237.6 244.7 264.6 307.1 320.3 320.7 316.5 320 315.9 316.5 336.7 364.3 462.3 425.4 433.1 409.2 378.4 378.4 466.5 395 424.3 464.2 441.8 455.3 431.3 399.8 481.5 591.5 482.4 560.8 910.9 934.2 -9999 -9999 -9999 -9999 -9999 -9999 -9999 -9999 -9999 -9999 -9999 -9999 -9999 -9999 -9999 -9999 -9999 -9999 -9999 -9999
188.7 175.2 156.2 140.8 132.7 133 136 132 133.1 139.1 142.3 141.1 140.5 141.8 134.3 118.7 107.3 91.1 107.3 110 95.7 150.4 161.6 159.3 172.7 187.3 237.2 298.4 302.5 300 302 293.2 281.1 264.6 317.5 387.5 433.7 483.4 426.5 443.3 456.9 433.6 396.5 388 391.4 428.2 425.8 539.3 489.5 508.9 530.5 518 442 501.4 305.4 825.3 569.9 -9999 942.2 -9999 -9999 -9999 -9999 -9999 -9999 -9999 -9999 -9999 -9999 -9999 -9999 -9999 -9999 -9999 -9999 -9999
187 175.1 158.5 139.2 125.9 126.6 133.1 143.3 159.4 152.4 148.2 143.1 142 149 147.4 109.6 107.6 86.1 89.8 108.6 125.3 103.5 65.7 73.1 82.3 84.3 153.4 248.1 253.8 247 238 242.6 253.9 270.7 343.5 374.6 372.3 329.3 335.7 420.7 430.2 435.1 376.7 317.3 334.6 335.8 405.5 465.1 431.7 437.7 499.4 537.7 527.3 437.1 439.8 563.5 701 -9999 -9999 -9999 -9999 -9999 -9999 -9999 -9999 -9999 -9999 -9999 -9999 -9999 -9999 -9999 -9999 -9999 -9999 -9999
186.2 174.3 162.2 141.8 123.7 114.2 122.3 133.8 143.5 149.3 147.8 142.1 140.7 141.3 143.9 144.2 115.8 97.7 112 104.7 94.8 103.7 69.7 75.1 85.2 86.7 117.2 181.1 195.1 185.8 153.6 164.7 190.4 220.2 302.6 350 335.6 340.9 366.4 357.7 414.7 376.6 398.6 329.7 314.5 278.5 410 332.2 395.9 374.9 378.6 344.4 456 428.5 525.6 597.5 624.7 644.2 -9999 -9999 -9999 -9999 -9999 -9999 -9999 -9999 -9999 -9999 -9999 -9999 -9999 -9999 -9999 -9999 -9999 -9999
183.5 173.7 167.1 152.4 140.2 126.4 123.4 125.3 129.3 138.7 144 141.2 139 141.2 141.7 136.8 134.1 117.8 124.3 106.8 109.2 119.9 95.4 103.4 111.1 114.8 129.9 147.5 157.4 153.3 142.7 140.6 131.8 139.9 224.1 289.6 283.8 297.1 256.2 284.5 327.1 377.9 381 297 284.1 325.4 340.1 300.8 360.3 397.5 447.5 527.2 588.8 580.5 462.3 711.2 795.5 854 -9999 -9999 -9999 -9999 -9999 -9999 -9999 -9999 -9999 -9999 -9999 -9999 -9999 -9999 -9999 -9999 -9999 -9999
180.3 177 176.5 168.8 150 135.2 129.5 129.9 130.7 135.3 141 141.7 142 142.4 139.5 131 128 129 127 128.6 129.9 152.4 159.9 129.7 132 137.9 129.8 128.4 129.5 130.6 122.6 106.3 92.8 86.8 178.2 242.1 253 233.8 216.9 281.7 290.2 361.3 358.8 307.7 310.2 321.6 336.1 329.9 381.9 456.2 490.6 507.7 428.8 478.2 494.9 678.1 618.4 933.9 -9999 -9999 -9999 -9999 -9999 -9999 -9999 -9999 -9999 -9999 -9999 -9999 -9999 -9999 -9999 -9999 -9999 -9999
183.6 184.3 189.6 191.1 168.6 142.2 131.2 137.8 143.2 147.2 154.4 155 150.6 146 140.1 137.6 139.1 143.9 165.8 145.2 132.2 123.1 132.6 144.5 135.3 136.7 120.9 117.2 114.3 112.4 96 71.5 71.3 102.9 140.9 198.6 221.1 236.4 290.8 325 329.6 378.2 261.5 300.6 328.6 325.7 411.3 374.6 519 627.2 547.8 449 472.2 503.7 427.6 511.6 674.9 1026.9 -9999 -9999 -9999 -9999 -9999 -9999 -9999 -9999 -9999 -9999 -9999 -9999 -9999 -9999 -9999 -9999 -9999 -9999
192.9 194.9 197.5 206 204.4 172.8 143.8 140.5 154.7 166.5 194.5 194.8 185.6 172.9 161.9 161.3 161.7 163.5 164.6 149.3 131.5 119.8 117.8 155.5 122.5 117.2 111.6 114.2 117.5 103.1 77.4 48.5 51.6 148.2 120.9 147.7 192.7 257.6 267.9 294.9 296.4 289.4 323.1 308.8 321.5 321.4 381.5 388.4 490.2 458.9 524 545.9 563 536.1 499.9 766.3 649.4 784.4 931.9 -9999 -9999 -9999 -9999 -9999 -9999 -9999 -9999 -9999 -9999 -9999 -9999 -9999 -9999 -9999 -9999 -9999
197.5 199.4 198.2 195 196.7 185.6 174.2 164.2 164.1 166 167 174.9 185.9 188.6 193.3 197.5 190.2 177 162.7 144.6 130.2 129.3 122 90.7 93.8 88.2 96.3 109.8 111.4 109.7 85.7 64.4 62.4 74.8 90 118.8 173.3 211.3 235.8 271.1 291.7 299.3 325.3 378.7 340.3 363.3 368.1 332 344.5 442.4 525.4 607.8 674.9 563.5 536.9 428.6 577.8 820.1 1739.7 -9999 -9999 -9999 -9999 -9999 -9999 -9999 -9999 -9999 -9999 -9999 -9999 -9999 -9999 -9999 -9999 -9999
198.6 196.6 190 179.7 164.7 155.3 157.3 159 164.9 172.3 174 176.3 181.9 191 194.7 195 186.1 167.2 145 124.2 121.8 128.7 118 88.1 54.6 69 95.4 109.2 106.3 104.9 92.4 68.7 73.9 83.4 94.6 126.4 152.9 183.5 197 227.8 273.1 295.7 322.4 354.5 422.4 374.3 384.5 364.3 402.3 437.6 577.1 625 589.7 537.5 510.9 647 763.8 816.2 1023.7 -9999 -9999 -9999 -9999 -9999 -9999 -9999 -9999 -9999 -9999 -9999 -9999 -9999 -9999 -9999 -9999 -9999
191.5 179.3 167.6 161.2 156.8 155 157.6 160.5 165.5 173.4 174.7 176.7 183.6 193 196.9 196.1 191 173 158.4 138.3 121.3 117 115.5 93.8 70.3 76.9 102.8 111.2 104 96.4 94.6 84 90.7 103.7 90.4 126.1 138.2 142.1 159.4 190.2 238.4 246.1 253.1 286.6 280.9 330.5 380.1 365.1 514.3 566.8 651.5 588.6 681.6 788.1 671.4 798.5 670.8 1032 1131.6 -9999 -9999 -9999 -9999 -9999 -9999 -9999 -9999 -9999 -9999 -9999 -9999 -9999 -9999 -9999 -9999 -9999
155.8 158.3 155.1 155.6 153.3 151.9 156.1 161.4 165.8 173 177 177.8 181.5 189 192.4 193.7 192.9 182.9 164.3 152.8 132.5 116.5 119.5 119.6 116.2 111.7 105.2 81.8 81.6 84.8 93.6 94.9 94.5 99.9 122.3 144.3 135.9 130.3 113.4 174.2 197.4 260.2 269.8 255.6 227 271.2 337 433.4 520.7 539 644.2 679.8 564.1 662.6 780 886.4 670.4 886.1 973.7 -9999 -9999 -9999 -9999 -9999 -9999 -9999 -9999 -9999 -9999 -9999 -9999 -9999 -9999 -9999 -9999 -9999
145.4 150.4 154.5 152.5 150.7 150.7 153.2 161.3 167.3 172.6 175.8 182.2 193.9 189 185.8 189.8 199.9 191.9 181.9 174 158.9 157.4 133.1 107.2 115.7 98 106.5 80 84.6 89.2 119.6 90.5 93.5 97.6 133.1 207.2 222.4 167.7 127.9 132.7 162.6 215.7 249.9 194.2 205 242.4 293.4 354 510.6 599.8 730.8 749.3 1147.6 790.7 771 758.8 907.7 1257.3 -9999 -9999 -9999 -9999 -9999 -9999 -9999 -9999 -9999 -9999 -9999 -9999 -9999 -9999 -9999 -9999 -9999 -9999
142.1 146.4 185.8 147.5 149.4 153.4 149.6 158.3 173 171 177.8 179.6 202 194.4 188.9 194 211.7 202.8 192.5 185.6 167.7 169.8 154.2 152.9 113.2 81.4 87.4 120 149.4 184.7 119 96.1 105.5 121.8 149.7 207.2 262.5 186.5 166 139.4 150 168.8 194.2 169.8 153.6 229.7 344.6 328.2 371 583.5 776.7 827.8 665.8 675.4 757.3 662.5 682 982.7 -9999 -9999 -9999 -9999 -9999 -9999 -9999 -9999 -9999 -9999 -9999 -9999 -9999 -9999 -9999 -9999 -9999 -9999
142.4 109.4 119.6 140.5 155.7 166 163.3 173.9 188.3 194.9 193.1 189.7 205.1 227.4 225.3 265 292.5 277.1 245.4 218.7 170.6 158.9 126 135.5 134.6 98.9 95.9 135.2 191.9 266.7 131.4 116.1 118.3 129.8 152.5 152.3 175 170 146.6 116.7 119.8 124.2 146.1 142.3 215.6 332.7 271 320.9 414.7 545.2 919.9 864.6 751.6 810.2 810.1 723.4 774.6 786.6 -9999 -9999 -9999 -9999 -9999 -9999 -9999 -9999 -9999 -9999 -9999 -9999 -9999 -9999 -9999 -9999 -9999 -9999
169.5 159.4 166.4 180 193.6 191.1 204.3 190.4 231.8 225.4 -9999 -9999 -9999 -9999 -9999 -9999 347.4 319.8 262.7 257.7 263.8 243.8 211.2 202.3 182.5 168.1 154 146.5 193.1 230.4 136.1 130.6 147 131 143.2 152.7 144.6 158.2 145.3 137 148.4 147.6 159.1 136.8 215.9 281.7 320.9 428 440.4 514.1 682.5 709.1 769.8 735.3 752.9 624.4 697.1 795.3 -9999 -9999 -9999 -9999 -9999 -9999 -9999 -9999 -9999 -9999 -9999 -9999 -9999 -9999 -9999 -9999 -9999 -9999
196.1 180.4 183.9 207.6 -9999 219.2 244.9 -9999 -9999 -9999 -9999 -9999 -9999 -9999 -9999 -9999 -9999 -9999 -9999 -9999 269.7 276.2 279.8 291.5 246.6 210.8 200.4 213.4 194.9 179.1 146.4 169.2 182.5 149.5 156.4 156.1 159.3 178.8 186.3 189.8 230.7 196.3 224.2 237.6 233.3 251.8 383.9 446.3 420.1 490.9 648.6 672.7 591.1 646.2 548 766.3 852.7 -9999 -9999 -9999 -9999 -9999 -9999 -9999 -9999 -9999 -9999 -9999 -9999 -9999 -9999 -9999 -9999 -9999 -9999 -9999
240.9 217.8 -9999 -9999 -9999 -9999 -9999 -9999 -9999 -9999 -9999 -9999 -9999 -9999 -9999 -9999 -9999 -9999 -9999 -9999 354.7 298.6 313.8 307.6 302.1 235.9 182.9 225.7 334.3 277.1 222.3 192.9 202.8 180.8 173.6 162 153.8 184.7 207.2 224.6 245.5 251.3 265 227.4 281.9 321.5 415.9 431.4 451.9 452.3 547.3 635.8 673.7 439.7 553.4 707.8 -9999 -9999 -9999 -9999 -9999 -9999 -9999 -9999 -9999 -9999 -9999 -9999 -9999 -9999 -9999 -9999 -9999 -9999 -9999 -9999
-9999 -9999 -9999 -9999 -9999 -9999 -9999 -9999 -9999 -9999 -9999 -9999 -9999 -9999 -9999 -9999 -9999 -9999 -9999 -9999 -9999 303 307.1 303.2 331.9 261.5 204.2 -9999 413.3 436.3 266.1 224.4 240.5 255.4 230.3 205.4 221.8 218.9 220.4 197 198.8 239.5 289 246.8 287.1 333.6 353.9 378.5 465.3 669.1 727.4 700.7 625.7 636.8 722.9 -9999 -9999 -9999 -9999 -9999 -9999 -9999 -9999 -9999 -9999 -9999 -9999 -9999 -9999 -9999 -9999 -9999 -9999 -9999 -9999 -9999
-9999 -9999 -9999 -9999 -9999 -9999 -9999 -9999 -9999 -9999 -9999 -9999 -9999 -9999 -9999 -9999 -9999 -9999 -9999 -9999 -9999 -9999 284.6 333.3 279.1 272 -9999 312 357.8 514.2 255.2 238.2 336.2 373.4 226.5 208.1 174.5 211.5 217.6 214.3 173.8 262.2 241.1 249 336 342.4 334.3 464 518.2 538.7 741.7 699.9 832.9 676.2 1005.8 -9999 -9999 -9999 -9999 -9999 -9999 -9999 -9999 -9999 -9999 -9999 -9999 -9999 -9999 -9999 -9999 -9999 -9999 -9999 -9999 -9999
-9999 -9999 -9999 -9999 -9999 -9999 -9999 -9999 -9999 -9999 -9999 -9999 -9999 -9999 -9999 -9999 -9999 -9999 -9999 -9999 -9999 -9999 -9999 274.6 221.1 -9999 -9999 418.5 330.9 432.4 260.6 246.3 241.4 204.4 227.9 274.1 302.2 246.6 231.5 263.2 223.9 218.3 220.3 300.2 254.7 293.9 398 518.5 530.8 583.7 684.5 739.7 802.2 892.3 -9999 -9999 -9999 -9999 -9999 -9999 -9999 -9999 -9999 -9999 -9999 -9999 -9999 -9999 -9999 -9999 -9999 -9999 -9999 -9999 -9999 -9999
-9999 -9999 -9999 -9999 -9999 -9999 -9999 -9999 -9999 -9999 -9999 -9999 -9999 -9999 -9999 -9999 -9999 -9999 -9999 -9999 -9999 -9999 -9999 385.5 -9999 -9999 -9999 307.4 -9999 463.2 280.1 229.9 214.5 213.5 253.5 286 301.7 290.7 267.1 254.7 259.3 252.9 250.1 294.9 326.6 379.4 439.5 514.6 427 769.1 584.3 670.2 908.4 1315.5 -9999 -9999 -9999 -9999 -9999 -9999 -9999 -9999 -9999 -9999 -9999 -9999 -9999 -9999 -9999 -9999 -9999 -9999 -9999 -9999 -9999 -9999
-9999 -9999 -9999 -9999 -9999 -9999 -9999 -9999 -9999 -9999 -9999 -9999 -9999 -9999 -9999 -9999 -9999 -9999 -9999 -9999 -9999 -9999 -9999 -9999 -9999 -9999 -9999 -9999 -9999 737 284.6 286.4 290.7 275.7 284.9 301.6 301.6 275.4 291.1 300.9 284.4 287.9 264 323.3 326.6 417.5 477.2 487.4 817.1 872.4 644.4 655.5 1024.5 -9999 -9999 -9999 -9999 -9999 -9999 -9999 -9999 -9999 -9999 -9999 -9999 -9999 -9999 -9999 -9999 -9999 -9999 -9999 -9999 -9999 -9999 -9999
