datasets/global_precipitation_1950_2017/rasters/precip_1957-total.asc
NCOLS 720 
NROWS 347 
XLLCORNER -180 
YLLCORNER -90 
CELLSIZE 0.5 
NODATA_value -9999 
[rows 68 to 101 of 347, columns 532 to 607 of 720]
489.2 496 473 366.8 214.6 151.3 140 130.8 117.8 118.3 121.6 123.8 119.7 127.4 145 168.3 184.7 190.6 192.2 190.6 184.8 182.2 181.4 176.4 174.4 174 172.9 170.5 172.6 187.8 207.7 224.2 232.1 210.8 227.5 234.3 248.6 264.5 275.2 281.7 282.8 278.1 281.1 310.1 347.1 357 311 323 351.1 371.9 385.6 386 374.4 361 335.5 302.2 268.5 258.8 264 285.3 311.8 336.9 345.3 344.4 351.5 365.9 388.6 398.8 387.5 413.1 444.3 518.3 514.9 505.5 495.7 474.9
407.9 401.3 373.5 319.6 248.4 211.1 193.3 172.9 148.4 131.6 116.1 107.4 109.5 116.4 129.8 152.8 175.8 185.4 187.3 187.7 188.3 187.9 183.8 176.6 174.8 175.9 176.4 181 188.7 199.7 211.2 218.3 225.6 226.2 222.1 225.3 239.9 255.4 265.5 273.7 276.5 271.8 275 291.2 320.8 331.3 321.1 317.2 314.1 325.2 363.3 377.6 371.2 343.6 287.8 229.2 203.2 208 216.5 237.9 259.7 270.5 291.5 319 341.4 367.4 382.9 386.4 412.3 462.1 537.5 561.7 507.7 529.2 555.8 601.1
288.4 274.8 288.4 280.8 266.6 259 232.3 199.8 168.5 140.9 114.6 105 106 109 117.7 138.1 167.4 182.4 185.6 187.8 191.9 194.6 193.4 186 182.8 185.4 192.6 196.9 206.5 220.1 224.7 231.1 237.2 236 230.1 231.3 242.9 252.9 259 265.1 267 266.8 268.3 262.4 257.9 266.8 277 286.5 294.1 301.1 313.8 318.1 310.6 283.1 226.4 180.4 159.3 191.3 204.1 217.7 237.3 257.7 275.4 293.9 318.5 343.2 372 404.9 445 494.3 532.6 541.5 548 565 619.4 696.6
252.1 242.8 263 288.3 290.5 282.5 269.6 243.1 205.8 164.6 130 110.7 107.8 106.6 106 125.1 154.1 167.3 169.2 175.4 188.1 200.9 195.7 180.1 172.1 178.2 193.4 205.1 222.1 240.9 253.4 255.8 257.2 246.6 239.6 240 246.8 252.5 255.1 260.5 266.9 265.4 271.6 250.8 242.1 242.4 246.7 256.6 262.2 258.9 260.6 264 261.6 243.7 204.6 180.4 180.1 203.6 207.9 217 231.3 252.3 269.9 288.6 305.4 323.5 382.2 427.7 453.5 492.4 547.7 579.6 591.4 609.8 687.5 752.2
218.7 211.8 203.6 234.6 281 296.2 305.9 295 247.3 201.5 165.1 138.3 119.2 103.6 94.3 109.1 129.1 137.2 137.3 140.4 149.2 158.3 154.9 136.5 129.3 146.6 173.6 196.2 214.5 235.6 253.8 257.4 251.8 248 241.2 238.8 265.2 264.3 257 249.5 245.2 244.1 234.2 228.1 227.4 225 231 242.5 248.4 225 227.4 234 228.2 208.4 185.7 180.3 192.1 207.2 210.7 215.4 234.1 255.6 265.7 283.9 317 360.6 429.6 476.5 476.4 535.9 602 645.9 661.3 685.8 718.5 719.8
165.2 175.1 187.7 219.2 262.6 291 308.2 295.2 253.5 215.9 174.1 142.5 120.2 97 86.9 94.1 105.2 108 102.4 97.7 98.8 108.3 109.4 97.3 97.8 127.6 158.7 184.7 190.8 204 222 238.3 252 267.4 254.9 233.9 238.8 235.1 219.6 198.6 197.8 203.2 205.9 201.3 197.2 199 206.8 220.2 225.5 218.8 212.1 204.9 196.3 180.7 169.5 178.3 198.6 213.8 223.6 231.4 245.7 261.1 272.4 294.3 338 398.8 465.6 521.3 557 608.1 674.4 703.3 699.8 689.5 679.7 668.8
116.6 141.5 172.5 212.9 250.9 273.3 279.2 265.5 240 200.7 144.5 111.8 101.2 83.4 73.4 77.2 83.2 83.2 78.5 73.5 76.2 87.7 91.9 95.2 107.9 131.7 157 176.6 181.7 178.3 200.1 223 238.8 252.5 241.2 219.5 202.4 183.4 160.8 140.4 144.1 155 165.2 170 164.5 177.2 182.8 186.4 188.1 187.1 183.1 174.3 165.8 164.2 167.6 183.3 205.7 226.8 240 248.1 258.9 269.9 278.9 293 331 396.5 479 558.3 603.3 646.4 687.2 715.2 714.2 664 648.3 618.3
116.2 130 151.1 176.7 227.2 251.9 248.7 240.9 227.8 200.2 151.6 116.6 99.4 79.6 66.5 67.1 71 66.9 62 57.5 54 55.1 60.6 72.6 93.7 123.5 152.6 173.9 183.6 189.6 198.2 207.8 215.9 217.5 189.2 144.5 135.4 134.3 119.2 115.7 115.6 127.1 143.1 154.1 158.8 155.5 146.8 139.8 134.9 136.9 141.5 142.2 141.4 147.3 162.8 186.1 212.3 232.8 244.1 253.8 268.4 281.7 287 294.5 312.4 366.6 458.2 539.5 586.2 619.7 638.2 645.8 649.2 659.1 634.1 595.6
150.7 167 188.8 207.8 206.3 205.2 209.3 210.2 211.6 197.8 161.2 128.8 108.2 94.4 83.4 68.3 55.4 46.5 40.8 35.1 27.6 24.8 31.2 48.2 67.4 98.6 140.9 169 184.2 190.8 193.4 192 187 173.9 139.6 102.2 98.8 104.5 99.4 99.8 104.7 115.2 128.1 136.5 137.9 129.1 114.9 103.8 102.4 103.2 107.2 114.5 124.5 139.7 165.4 190 214.2 233.3 248.6 263.4 280.9 292.2 303.1 324.1 338.1 365.9 406.5 456.8 501.7 538.7 566.4 589.3 604.3 622.3 568.7 563
188.8 200.6 210.3 214.1 193.5 179.8 179.3 186 180 168.9 143.9 120.6 110 103.1 85.6 61.8 44.6 31 24.1 21.6 16.4 14.8 18.2 29.4 47.6 76.3 119.6 159.4 180.8 185.6 179.9 166.4 147.4 124.5 106.9 93.6 87.2 78.2 71 77.2 86.8 97.3 108.6 115.6 114.3 105.6 97.4 91.7 89 88.2 89.3 95.3 107.3 129.5 162.6 189 202.5 227 253.3 271.5 289 315.8 367.8 395.8 385.4 389.3 401.6 423.5 453.7 479.3 499.2 519.6 523.2 488.4 370.2 571
220.8 211.1 213.4 209.5 184.8 164.3 164.5 199.2 176 143.3 113.7 97.3 94 96.3 86.6 62.3 42.1 26.5 18.8 17.8 17.2 17.3 18 22.7 38 61.4 98.3 137.1 157.7 158.4 146.2 127.6 111.1 91.8 76.7 69.9 66.8 60.2 55 59.6 69.1 77.5 85.6 91.3 91.5 88.1 83.6 84 82.7 80 74.6 75.3 90.5 118.1 153.9 187.1 201.9 217.3 271 271.3 277.6 314.6 372.4 395.7 394 388 386.2 405.1 434.9 461 482.1 492.8 493.6 485.6 494.5 532.5
199.8 191.5 199.6 231.8 176.1 140.7 153.5 179.3 143.9 108.1 74.7 62.7 84.1 115.5 107.1 65.6 43.8 23.1 12.3 15.8 20.7 22.9 24.6 26.7 34.7 45.6 62.8 77.1 86 91.2 89.7 89.6 84.2 78.1 69 64.2 63.6 61.5 57.8 56.5 57.9 59.7 64.6 71.1 69.2 70.7 72.3 76.3 78 73.9 64.6 58 102.3 120.8 153.7 187.3 199 218.1 270.1 266.4 274.8 325.1 389.9 406.4 376 378.4 384.6 398.8 433.6 455.2 459.3 469.7 476.2 486.4 544.1 567.3
193.7 182.5 174.6 160.3 117.8 73.7 54.9 67.4 81.5 83 81 103.7 86.1 80.7 63 45.5 54.4 68.8 36 32.5 36.6 41.8 45.4 48.2 50.1 50 48.7 49 51 50.1 50.9 55.8 59.8 63.4 65 64.7 65.1 63.6 61.1 59.9 60.9 67.7 76.9 76.5 67.6 57.8 51.9 69 83.5 85.7 86.5 102.2 127.9 145.2 166 197.2 213.7 235.2 278.7 309.8 343 395.2 455.4 408.9 377.5 394.6 414.1 450.4 485.5 456.5 401.8 424.4 457.6 498 573.6 662.6
220.2 184.7 142.7 114.2 75.1 30.3 11.6 29.9 51.4 66.6 80.2 88.4 75.2 49.7 25.1 32.4 47 56.3 53.3 50.5 51.7 55.8 60.9 63.5 61.9 60.2 54.3 48.9 43.1 40.4 39.9 41.8 46.9 51.3 56.4 60.8 64.5 66.8 69.6 74.1 80 89.5 97.2 95.1 89.3 83.4 79.9 93.6 107 116 120.5 135.3 157.2 173.3 190.1 230.3 269.2 317.7 394.1 440.2 460.6 475.6 491.3 490 474.5 466.3 455.9 462.3 479.5 407 301.7 411.8 493.5 536.8 632.3 775.4
112.7 104.1 99.9 83.5 58 36.1 23.4 25.2 37.7 52.6 63.2 66.6 59.8 49.5 41.5 42.2 47.8 55.4 60 60 62.4 64.9 65.7 64.5 64.1 60.9 56.2 52.8 49 43 32.7 34.7 38.4 42.6 48.5 56 63.6 70 76.6 83.3 91.6 98.7 106.7 109.5 113.7 117.6 119.5 123.1 134.1 150.7 166.9 174.1 179.6 184.5 214.2 284.9 335.8 389.9 460.4 502.4 507.9 507.2 559.8 591.1 551.5 504.5 473.8 452.1 408.5 345 388.1 427.9 493.5 553.7 752.9 889.3
51.1 68.2 69.6 58 39.9 30.7 24 20.7 29 43.4 52.6 57.9 53.2 46.3 42.6 43.2 48.9 60.7 65.8 61 62.2 64.2 62.8 61.3 62.2 62 60.3 56.3 52.9 47.3 32.2 35.2 37.6 39.5 44.9 54 63.6 70.7 76.2 84.8 99.1 100.4 102.9 113.5 128.3 134.8 147.7 168.8 181.6 193.7 238.9 260.7 241.5 237.4 264.8 330.7 379.9 405.9 462 487 508.4 553.1 608.5 601.9 590.9 534.5 538.7 510.2 468.6 427 456.4 525.1 617.3 757.3 944.5 970.2
50.8 49.4 43.3 33.9 27.9 19 16.2 17 22 31.1 46.1 49.9 44.2 40.6 37.7 38.6 42.2 47.1 49.9 51.3 55.2 59 59.4 58.9 58.6 61.2 63.5 62.5 58.4 53.4 46.9 45.3 44 44.9 52.1 61 68.2 72.1 71.6 73 58.9 70.7 98.7 107.7 125.7 146.7 186.9 225.3 236.6 255.8 304.2 319.6 315.6 319 299.5 213.3 314.2 422 462.3 460.3 502.1 545.6 713.5 532.3 491.3 476.6 572.8 526.7 430.8 428.6 436.3 605.5 639.5 751 908.1 855.4
41.7 34 20.5 13.2 14.5 16.3 15.9 16.2 17.6 27.2 39.6 38.7 36.1 33.5 33.6 33.7 33.5 34.3 33.9 38.1 52.8 57 60.3 59.8 54.5 56.5 63.1 66.1 67.3 68.5 63.7 63.3 64.7 63.8 65.3 66.1 65.1 62.9 65 65.6 61.4 66.5 77.7 88.1 129.5 184.9 244.4 280.7 257 266.1 340.5 344.7 315.6 342.2 337.9 297.7 364.2 417 491.6 451.7 433.3 524.1 538.5 457.4 423.7 390.3 446.7 594.8 519.9 547 -9999 -9999 528.9 706.9 860.2 1033.5
30.1 22.7 15.2 12.3 13.6 15.7 16.7 17.3 20.7 27.6 35.7 33 30.5 28.1 28.1 28.1 27.5 26.9 28.6 38.8 54.7 55.1 72.4 63.8 50.8 47.5 62.6 67.5 77.3 91.5 100.7 103.2 101.2 93 82.8 71.3 60.1 56.5 62.2 65 70.1 73.8 81.8 99.2 143 221.6 274.7 273.8 260.2 279.3 304.6 305.8 342 387.1 420.2 403.7 402.3 443.7 591.5 503.3 516.6 488 473.4 471 442.5 441.5 443.5 450.1 523.4 -9999 -9999 -9999 544.3 658.5 951.1 973.5
16.7 15.8 15.9 17.1 18.8 17.3 15.1 17.9 25 33 38.8 38 31.2 27 24.5 24 24.4 24.1 26.7 33.3 45.7 54.6 68.9 79.6 84.1 54.9 73.3 90.1 103.7 115.8 126.4 131.2 124.4 120 105.2 86.7 74.1 72.2 73.2 61.7 79.8 97.2 115.3 138.8 168.4 233.5 286.5 297.3 297.5 321.5 331.9 336 388.9 458.3 497.4 460.3 389.1 396.5 524.5 596.2 534.6 472.5 438.5 461.5 464.8 393.8 396.7 -9999 -9999 -9999 -9999 475.4 517.9 564.8 632.3 855
8.7 10.5 13.5 15.7 21.7 10.4 12.1 20.1 29.9 39.8 44.7 44.1 36.1 26.2 19.7 20 21.8 23.5 27.1 31.3 42 68 101.4 122.7 134.8 119.5 108.1 122.7 134.6 124.2 150.5 126 126.9 121 98.6 81.3 91.2 106.1 124.9 127.7 122.4 128.8 147.6 152.2 168.9 226.6 296.8 338.2 328.6 348.9 328.1 345.3 410 453.6 639.6 719.8 559.2 400 412 380.3 353 383.9 443.3 407.9 413.4 336.5 -9999 -9999 -9999 -9999 -9999 387.8 -9999 -9999 -9999 -9999
6.8 7.4 9.6 8.7 5.7 6.5 11.1 24.8 40.1 53.7 58.3 53.3 42.3 28.8 17.4 17.5 22.9 28.4 33.8 39.8 57.1 111.1 145.1 180.2 220.4 201.9 158.1 146.2 149.9 145.8 206.5 179.1 155.7 121.6 103 84.4 91.4 123.8 161.7 173.9 137.3 140 154.3 165.2 197.9 258.9 302.7 313.3 325 356.7 368.3 357 374.5 359.2 644.7 781 544.5 330.6 322.7 338.7 311.7 328.3 372.3 -9999 -9999 -9999 -9999 -9999 -9999 -9999 -9999 -9999 -9999 -9999 -9999 -9999
5.6 7.1 8.8 9.8 9.2 7.3 15.2 30.3 48.9 66 70.7 64.4 53.2 40.6 31 28.3 32.5 37.5 42.2 48.6 65.7 100.2 141.1 183.9 226.5 246.3 240.1 209.5 199.7 213 243.8 230.9 172.9 137.1 132.1 123.7 116.5 133.2 148 143.2 131.5 146.9 165.6 191 248.4 299.8 336.1 298.9 308.6 350.1 368.6 337.8 324.4 320.4 364.7 412.5 349.3 306 266.4 257.9 232.1 254.5 352.8 377.1 -9999 -9999 -9999 -9999 -9999 -9999 -9999 -9999 -9999 -9999 -9999 -9999
6.4 6.8 7.7 8.5 9.5 12.2 21.2 35.6 52.8 68.4 75.1 72.3 63 54.8 46.8 41.9 39.2 42.3 44.4 47.7 61.1 83.8 106.7 163.6 274.8 355.4 361.3 321.6 316.5 380.9 444 402.8 257.9 176.9 199.8 209.1 171.7 141.4 135.5 140.2 147.1 166.6 171.8 211.4 294.9 335.2 341.8 326.7 325.1 346.1 351.2 326.5 299.2 265.1 255 326.4 339.7 325.6 268 213.2 352.5 373.8 532.8 391.6 421.4 433.6 -9999 -9999 -9999 434.7 -9999 -9999 -9999 -9999 -9999 -9999
8.3 7.9 8 9.5 11.1 17.7 27.8 43.3 57.6 74.5 80.9 76.9 68.8 58.7 55.1 52 46.3 44.6 46.1 51.7 64.5 80.1 85.7 153.9 325.1 488.7 388.9 321 303.8 373.4 474 512.9 383.6 385.4 338.7 255.1 181.3 148.9 120.6 116 157.6 220 265.9 303.5 371.4 391.6 398.1 387.8 370.1 361.4 348.9 329.3 340.2 303.7 266.9 308.4 430.3 427.4 337 383.8 438.6 355.4 432.5 475.6 449.1 482.2 -9999 -9999 412.1 282.2 444.8 496.2 582.3 -9999 -9999 -9999
11.2 9.2 8.3 9.7 13.1 21.3 35.5 56.7 78.6 99.5 109.3 105.4 91.7 76.9 70.9 68.6 55 46.3 48 56.1 64.4 76 106.9 169.5 285.9 373.3 248.5 301 302.4 320.7 356.5 372.1 366.5 362 320.3 248.3 180.1 194.2 144.3 130 223.6 320.5 346.9 378.3 407.9 433.3 457.2 435.8 412.2 376.2 357.7 343.7 368.8 357.8 326.8 359.9 414.8 446.2 338.9 354.8 543.6 495.8 480.5 611.5 513.4 532.8 565.6 512.1 508.7 532 592.8 -9999 -9999 -9999 -9999 -9999
14.4 11.2 10.6 13.5 19.6 36.8 64 100 131.3 150.8 160.1 160.5 153.2 142.7 126.6 94.5 57.4 46.5 50 62.3 70.2 85.2 87.6 137.7 185.6 247.1 282.1 295.1 283.7 278.6 311.2 337.2 340.4 347.6 313.1 260.2 248.2 248 260.7 305.4 363.8 408.2 433.4 452.1 453.6 460.4 460 444.3 425.2 393.8 364.5 332.3 393.2 424.2 450.9 474.3 504.6 472.3 422.6 423.6 1304.9 721.4 853.8 686.6 659.1 642.4 581 601.9 589.9 -9999 -9999 -9999 -9999 -9999 -9999 -9999
23.9 17.7 14.1 17.5 35.9 79.3 127.3 173.2 203.3 216.3 223.7 224.6 230.1 239.3 222.9 159.9 86.3 64.1 72 82.7 102 125.5 145.8 183.3 227.9 254.8 305.7 349.8 355.4 383.9 344.1 338.8 366.7 397.7 424.2 327.3 341.4 365.9 408.9 426.4 430.7 462.2 478.8 484.4 481.5 503.2 524.7 513.1 491.8 468.7 412.3 408.7 510.8 513.7 506.3 542.3 522.7 483.9 445 433.2 452.8 462.4 590.7 636.5 716.2 795.4 606.3 643.9 -9999 -9999 -9999 -9999 -9999 -9999 -9999 -9999
51.4 35.5 24.6 25.9 101.3 172.6 229.4 259.5 269 275.9 274.2 274.7 286.6 315 309.9 240.4 174.3 143.5 154.8 189.2 216.2 233.9 254.1 291.4 319.4 334.3 362 383.5 380.4 366 385.8 408 418.2 389 394.6 413.8 439.5 452.8 487 483.3 503.6 527.8 527.1 516.8 494.7 500.1 517.4 572.6 576.3 558.8 567.5 540.9 579 588.9 610.3 640.4 583.1 548.4 513.8 524.7 497.5 495.7 598.6 718.3 748.9 804.9 794.1 -9999 -9999 -9999 -9999 -9999 -9999 -9999 -9999 -9999
101.8 98 105.4 169.9 270.9 302.5 307.5 309.1 310.8 310.8 307.4 305.9 309.2 311.9 308.9 283.4 261.7 265.2 295.1 337.2 374.1 398.6 395.6 382 380.2 388.3 395.3 406.7 405.9 409.4 451 472.9 432.6 383.9 407.1 472.3 496.8 561.2 522.7 490 502.8 576.3 615 594.4 523.2 480.9 509.3 667.3 693.1 550.1 497.1 561.1 600.7 611.8 656.9 707.3 654.6 605 596.4 621 593.4 682 749.4 736.6 737.1 850.6 879.6 -9999 -9999 -9999 -9999 -9999 -9999 -9999 -9999 -9999
134.2 140.1 174.6 233.2 277.2 306.5 316.1 323.9 328.9 329.7 328.4 322.7 316.2 316.9 319.6 328 347.6 371.8 385.5 374.1 425.5 478.9 487.1 457.3 429.9 418.8 428.3 449.8 465.4 489.2 510.6 513.2 502.7 492.7 485.9 484 485.1 512.5 525.4 520.6 525.2 623.5 654.5 681.5 565.6 526 551.3 712.5 728.1 631.4 595 593.7 624.7 627.6 656.4 597.4 611.9 644.4 563.9 626.1 602.7 727.9 862.6 766.7 748.1 825.1 816.7 730.5 808.5 -9999 -9999 -9999 -9999 -9999 -9999 -9999
144.5 154.3 177 214.6 257.5 284.7 302.8 318.3 330.4 338.8 343.2 341.9 337.3 338.7 356.3 386.8 432 453.4 447.6 437 477.2 529.3 546.6 505.9 472.9 455.9 464.7 488.8 523.1 581.9 624.4 615.4 576.6 534.8 524.2 518.1 476 470.6 524.5 703.6 408.3 518.7 634.3 688.5 705.6 602.9 594.7 586.4 622.9 631 623.3 660.8 727.2 724.2 703.4 699 715.4 702.9 607.1 548.7 553.3 694.5 651.4 734.6 790.1 909.7 860.7 782.4 866.7 -9999 -9999 -9999 -9999 -9999 -9999 -9999
137.7 155.8 183.7 215.6 238.8 265.7 285 304.2 327 344.8 356.7 366.8 376.1 397.9 429 470.1 504.6 511.9 510.5 513.8 533.6 562.4 554.8 539.6 524.4 523 528.6 539.6 573.3 615.9 640.4 621.8 602.7 576 600.1 605.8 516.2 454.3 500.6 488.8 290.8 529.8 666.7 715.5 729.4 621.7 591.2 577.9 618.1 665.9 694.9 738 787.4 784.4 760.8 872.1 776.1 691.3 720.1 742.9 719.9 774.6 830.6 801.7 822.8 864.7 903.6 932.7 942.2 -9999 -9999 -9999 -9999 -9999 -9999 -9999
148.2 174.6 197.1 224.8 229.2 254.8 261.6 284.7 314.5 346.2 367.2 386.2 413.8 454.2 502.5 544.8 559.6 543.9 530.9 536.3 552.1 562.1 565.6 566.8 591.2 630.4 633.4 633.1 639.5 633.5 614.1 599.5 630.3 653.2 681.5 681.2 641.8 612.3 637.3 708.1 697.6 689.6 730.9 753.5 679.8 538 426.6 481 612.9 696 712.6 709.2 747.5 735.4 687.7 833.7 743.5 743.8 868.4 929.2 863.6 825.5 853 863.2 898.3 940.6 1065.2 1018.7 921.3 1018.8 -9999 -9999 -9999 -9999 -9999 -9999
