datasets/global_precipitation_1950_2017/rasters/precip_1958-total.asc
NCOLS 720 
NROWS 347 
XLLCORNER -180 
YLLCORNER -90 
CELLSIZE 0.5 
NODATA_value -9999 
[rows 306 to 339 of 347, columns 152 to 227 of 720]
-9999 -9999 -9999 -9999 -9999 -9999 -9999 -9999 -9999 -9999 -9999 -9999 -9999 -9999 -9999 -9999 -9999 -9999 -9999 -9999 -9999 -9999 -9999 -9999 -9999 -9999 -9999 -9999 -9999 -9999 -9999 -9999 -9999 -9999 -9999 -9999 -9999 -9999 -9999 -9999 -9999 -9999 -9999 -9999 -9999 -9999 -9999 -9999 -9999 -9999 -9999 -9999 -9999 -9999 -9999 -9999 -9999 543.6 -9999 -9999 -9999 -9999 -9999 -9999 -9999 409.5 391.1 372 360.1 -9999 -9999 322.8 325.8 329.3 335.1 333.8
-9999 -9999 -9999 -9999 -9999 -9999 -9999 -9999 -9999 -9999 -9999 -9999 -9999 -9999 -9999 -9999 -9999 -9999 -9999 -9999 -9999 -9999 -9999 -9999 -9999 -9999 -9999 -9999 -9999 -9999 -9999 -9999 -9999 -9999 -9999 -9999 -9999 -9999 -9999 -9999 -9999 -9999 -9999 -9999 -9999 -9999 -9999 -9999 -9999 -9999 -9999 -9999 -9999 -9999 -9999 -9999 -9999 -9999 -9999 -9999 -9999 -9999 -9999 -9999 -9999 -9999 410.9 -9999 382.6 369.6 -9999 -9999 357.1 358.7 364.8 371.6
-9999 -9999 -9999 -9999 -9999 -9999 -9999 -9999 -9999 -9999 -9999 -9999 -9999 -9999 -9999 -9999 -9999 -9999 -9999 -9999 -9999 -9999 -9999 -9999 -9999 -9999 -9999 -9999 -9999 -9999 -9999 -9999 -9999 -9999 -9999 -9999 -9999 -9999 -9999 -9999 -9999 -9999 -9999 -9999 -9999 -9999 -9999 -9999 -9999 -9999 -9999 -9999 -9999 -9999 -9999 -9999 -9999 -9999 -9999 -9999 -9999 -9999 -9999 -9999 -9999 -9999 433.8 417.9 406.8 396.5 391.5 -9999 -9999 388.1 392.8 400
-9999 -9999 -9999 -9999 -9999 -9999 -9999 -9999 -9999 -9999 -9999 -9999 -9999 -9999 -9999 -9999 -9999 -9999 -9999 -9999 -9999 -9999 -9999 -9999 -9999 -9999 -9999 -9999 -9999 -9999 -9999 -9999 -9999 -9999 -9999 -9999 -9999 -9999 -9999 -9999 -9999 -9999 -9999 -9999 -9999 -9999 -9999 -9999 -9999 -9999 -9999 -9999 -9999 -9999 -9999 -9999 -9999 -9999 -9999 -9999 -9999 -9999 494.2 480.6 469.4 459.2 449.1 436.8 425.7 425.5 422.7 421 -9999 416.8 420.2 425
-9999 -9999 -9999 -9999 -9999 -9999 -9999 -9999 -9999 -9999 638.1 -9999 -9999 -9999 -9999 -9999 -9999 -9999 -9999 -9999 -9999 -9999 -9999 -9999 -9999 -9999 -9999 -9999 -9999 -9999 -9999 -9999 -9999 -9999 -9999 -9999 -9999 -9999 -9999 -9999 -9999 -9999 -9999 -9999 -9999 -9999 -9999 -9999 -9999 -9999 -9999 -9999 -9999 -9999 -9999 -9999 -9999 -9999 499 502.2 490.9 481 474.1 -9999 460.3 447.8 443.7 438.5 434.7 431.9 430.5 430.3 -9999 -9999 438.3 444
-9999 -9999 -9999 -9999 -9999 -9999 -9999 638.8 638.7 639.6 640.1 640.2 639.9 639.5 637.7 -9999 -9999 -9999 -9999 -9999 -9999 -9999 -9999 -9999 -9999 -9999 -9999 -9999 -9999 -9999 -9999 -9999 -9999 -9999 -9999 -9999 -9999 -9999 -9999 -9999 -9999 -9999 -9999 -9999 -9999 -9999 -9999 -9999 -9999 -9999 -9999 -9999 -9999 -9999 -9999 -9999 -9999 -9999 -9999 -9999 -9999 -9999 -9999 -9999 -9999 430.1 -9999 427.1 427.1 427.3 -9999 -9999 -9999 -9999 441.1 445
-9999 639.5 -9999 -9999 -9999 -9999 -9999 -9999 638.1 640.3 -9999 -9999 -9999 -9999 -9999 -9999 -9999 -9999 -9999 -9999 -9999 -9999 -9999 -9999 -9999 555.9 -9999 -9999 -9999 -9999 517.9 511 -9999 -9999 -9999 -9999 -9999 -9999 -9999 -9999 -9999 -9999 -9999 -9999 -9999 -9999 -9999 -9999 -9999 -9999 -9999 436.2 434.2 -9999 -9999 -9999 -9999 -9999 -9999 -9999 -9999 -9999 -9999 -9999 -9999 -9999 -9999 -9999 -9999 -9999 -9999 -9999 -9999 430.3 435.8 440.3
-9999 651 650.3 649.2 648.3 646.6 644.8 638.5 635 635.8 631.2 624.1 616.8 610.3 -9999 -9999 589.2 580.7 572.4 564.2 555.3 546.6 536.8 526.6 517 -9999 -9999 492.3 482.7 474.8 465.4 455.8 445.8 439.2 -9999 430.3 426.2 -9999 -9999 -9999 -9999 -9999 -9999 -9999 -9999 -9999 -9999 -9999 389.9 383.9 -9999 381.8 381.5 -9999 -9999 -9999 375 378.5 374.5 -9999 372 -9999 -9999 -9999 -9999 -9999 384 -9999 393.4 398.8 404.5 410 415.8 421.7 427.5 433.8
-9999 -9999 659.7 656.8 653.7 -9999 -9999 638.6 632.1 623.9 617.4 609.3 601.1 591.1 581.1 570.6 559.4 548.7 538.3 527.4 515.9 503.9 491.5 479.9 469.1 459.3 451.6 440.8 431.1 420.7 410.2 398.1 393.7 386.6 380.9 376.4 371.5 366.3 359.2 351.9 347.2 343.3 344.2 -9999 -9999 -9999 341.4 342.8 342.8 339.7 338.5 337.1 338.1 338.1 -9999 -9999 333.8 339.5 341.2 340.6 341.7 344 348.6 352.6 355.8 361.1 366.6 371.5 378.5 385.1 391.3 396.8 403.6 410.3 417.6 424.9
-9999 -9999 -9999 -9999 -9999 644.3 636.2 627.4 617.7 608.8 598.7 588 577 564.7 552.5 540.4 527.8 514.5 502 488.6 474.7 460.7 452 439.7 425.7 411 400.4 389 379.3 370.4 362.1 351.6 346.7 336.1 328.9 318.9 318.7 314.4 306.7 303.3 301.2 299.4 298.3 298.1 299.6 301 302.1 302.8 304.4 306.4 308.1 309.5 310.7 311.9 308.3 312.6 313.3 314.6 317 320 323.5 326.9 330.6 334.1 340.4 346.2 352 357.5 363.1 369.2 375.5 382.8 390.1 397.5 404.8 412.8
-9999 -9999 -9999 -9999 -9999 -9999 -9999 -9999 599.9 587.5 574.1 561.2 548.5 534.9 522 508.8 495 482.7 469.7 456.1 442.3 428.8 413.6 399 384.8 370.4 357 347 334.5 322.1 310.3 301 290.2 281.5 275.3 269.8 265.2 262.6 259.8 257.2 257.4 258.7 260.4 261.5 265 269.3 273.7 279.2 283.4 286.2 289.2 290.6 294.7 297.4 299.1 300.9 302.6 304.1 305.9 307.9 311.2 314.9 318.2 322.7 328.1 333.5 338.7 344.4 350.2 358.2 363.7 370.7 378 385.1 392.5 399.7
624.1 619.8 614.3 609.8 -9999 -9999 -9999 -9999 -9999 559.1 545.3 531 516.6 502.8 489.3 476.1 463.3 451.1 437.9 424.6 411.3 397.1 383.2 369.1 354.6 340.5 326.4 312.8 298.2 286.1 275.4 264.7 254.6 245.3 236.7 229.5 222.9 218.8 217.4 217.1 218.1 220.9 224.6 232.8 237.2 245.2 253.1 260.9 265.8 273 275.8 282.4 286.1 290.3 294.6 296.5 297.7 299.1 300.1 302.7 305.5 308.5 312 315.9 320 324.6 329.4 334.8 341.2 347 353.4 359.9 366.7 373.3 380.7 387.8
585.2 579.8 573.2 565.8 562.5 558.4 552.7 545.9 535.2 521.9 508.3 494.8 481.3 468.2 455.2 443 430.6 418.3 405.8 393.2 380.7 367.4 354.2 341.4 328.2 313.4 298.1 283.6 271.4 260.8 250.7 240.7 231.4 220.6 210.7 202.4 195.3 190.5 187.6 188.6 192.6 197.6 203.9 210.6 218.5 225.1 235.2 244 251.6 257.8 264.3 270.1 274.7 279.1 282.5 285.4 288.3 290.5 292.7 293.8 298.8 302.2 306.1 310 313.5 317.6 322 327.4 332.9 338.2 343.9 349.2 355 364.3 369.9 374.9
521.4 527.7 521.7 514.5 509 503.5 498.6 494.2 485.8 474.5 463.4 452.6 442 430.9 420.4 408.3 397.9 386.4 374.4 363 349 336.7 324.5 312.4 305.4 289.6 279.2 269.1 255.6 245.7 235.9 226.6 218.2 210.1 202.9 196.2 191.3 187.5 185.6 186.8 189.9 192.8 199.5 205.8 212.5 218.9 224.7 232.4 237.9 244.6 250.5 -9999 -9999 -9999 268.6 272.6 276.1 281.5 282.6 286.6 290.7 294.2 297.2 301.8 305.8 310.6 314.3 319 324.3 329.6 335.3 -9999 -9999 -9999 -9999 -9999
463.4 460.1 459 457.9 453.1 447.1 440.8 433.7 428.5 424.5 419.1 412.4 403.5 392.4 382.2 372.2 362.6 352.8 343.4 334.3 323.2 313.5 304.2 295.5 286.8 277.6 267.4 257.1 246.9 248 231.1 225.1 219.8 215.4 210.9 207 203.4 199.6 201.9 200.8 202.5 205.2 208.3 212.2 215.8 219.7 223.7 227.5 232.1 237.1 241.2 245.2 249.9 -9999 -9999 -9999 -9999 -9999 -9999 -9999 -9999 -9999 -9999 -9999 -9999 -9999 -9999 -9999 -9999 -9999 -9999 -9999 -9999 -9999 -9999 -9999
373.5 374 373.8 372.6 372.9 369.9 366.5 362.6 360.1 358.3 355.6 352.1 347.9 342.2 335.6 329 322 316.1 309.4 303.1 296.5 290.3 284.7 278.4 271.8 264.1 256.9 249.7 243.3 238.9 234.7 230.8 227.6 223.7 221.3 217.9 215.2 213.3 212.4 212.7 213.1 213.7 214.8 220.7 222.5 224.7 225.3 229.1 232 235.3 237.7 240.4 243.4 246.5 250.7 -9999 -9999 -9999 -9999 -9999 -9999 -9999 -9999 -9999 -9999 -9999 -9999 -9999 -9999 -9999 -9999 -9999 -9999 -9999 -9999 -9999
284.4 286.3 288.5 290 291.9 291.1 293.2 292.8 291.8 290.7 290 288.6 286.8 284.7 282.1 279.7 277.1 274 270.8 267.6 265.3 262.2 259 255.8 251.6 247.1 248.5 240.5 237.2 235.7 233.4 231.7 229 226.1 224.1 221.8 220.8 220.7 221.1 221.8 222.9 219.4 221 222.7 224.7 226.9 229 230.6 232.3 233.9 237.1 238.8 240.8 243.1 247 249.3 252.9 254.9 258.5 261.7 265.5 268.6 -9999 -9999 -9999 -9999 -9999 -9999 -9999 -9999 -9999 -9999 -9999 -9999 -9999 -9999
208.7 212.1 215.3 217.8 219.5 221.1 222.4 227.1 225.8 227.5 229 230.1 230.3 230.3 230.7 230.3 229.3 228.6 228.8 228.8 228.9 229.1 228.1 228.1 228.4 225.9 225.3 225.1 224.4 223.2 221.8 220.8 221.4 219.5 219.5 219.1 218.7 218.7 221.8 219.8 220.8 221.9 223.4 225.1 226.3 227.4 228.7 230 231.7 233.7 236.4 -9999 -9999 -9999 -9999 -9999 -9999 -9999 -9999 -9999 -9999 -9999 -9999 -9999 -9999 -9999 -9999 -9999 -9999 -9999 -9999 -9999 -9999 -9999 -9999 -9999
148.2 152.5 156.6 160.8 162.1 163.6 165.5 166.8 169.2 172.1 175 177.9 180.7 182.2 183.8 184.3 185.1 186.8 187.8 189.5 191.3 192.7 194.7 196 197.6 198.8 199.6 199.7 201.1 201.8 202.8 204 205.4 205.9 206.9 208 210.2 210.2 211.6 213.3 215 -9999 -9999 -9999 -9999 -9999 224.4 226 227.7 230.1 231.1 233.3 -9999 -9999 -9999 -9999 -9999 -9999 -9999 -9999 -9999 -9999 -9999 -9999 -9999 -9999 -9999 -9999 -9999 270.8 272.6 274.1 276.4 -9999 -9999 -9999
101.7 103.8 114.5 111.7 116.3 120.6 122.6 129.2 131.7 130.5 133.4 134.2 135.3 137.9 142 145.7 147.6 152.3 154.6 154 156.5 158.1 159.5 161.4 163.5 165.9 168.5 171 173.4 175.9 178.2 179.8 181.9 184.2 186.2 188 190.5 192.6 194.8 196.7 198.9 201.2 203.2 205.3 207.7 -9999 -9999 214.8 217.1 219 -9999 -9999 -9999 -9999 -9999 -9999 -9999 -9999 -9999 -9999 -9999 -9999 -9999 -9999 -9999 253 253.8 256.3 257.8 -9999 -9999 -9999 -9999 -9999 -9999 -9999
68.7 71.6 82.5 85.5 80.4 85 88.4 91.3 93.7 95.9 97.7 98.8 108.4 110.8 106.3 110.1 113.5 116.1 119.1 120.2 121.8 124.2 127.4 129.8 131.8 134.6 138 140.5 143.1 145.7 148.4 150.9 153.4 156.1 159.1 161.4 164.2 166.9 169.6 172.5 175.1 177.6 180.6 182.7 186.1 188.9 191.3 193.7 196.5 199.2 201.7 204.4 207.7 209.3 213.1 215.4 -9999 -9999 -9999 -9999 -9999 -9999 -9999 -9999 -9999 -9999 -9999 -9999 -9999 -9999 -9999 -9999 -9999 -9999 -9999 -9999
45.6 49.6 52.9 55.2 57.5 59.2 60.9 63.5 65.7 68 70.7 73.7 76 76.6 80.8 79.4 82.5 86.7 89.1 90 92 94.2 100.3 102.9 102.5 105.3 107.5 110.5 112.9 114.8 117.9 119.6 122.6 125.5 128.1 131 134.8 137.4 140.4 142.8 145.7 148.5 151.5 154.2 157.3 160.3 162.9 166.1 169 171.9 175 177.7 180.8 184 186.5 189.4 -9999 -9999 -9999 -9999 -9999 -9999 -9999 -9999 -9999 -9999 -9999 -9999 -9999 -9999 -9999 -9999 -9999 -9999 -9999 -9999
30.7 33 35.7 37.5 39.1 40.7 43.3 45.5 49.1 50.8 50.3 52.4 54.6 56.2 58 59.5 63.7 62.7 64.6 68.1 69.1 71.6 73.9 76 78.1 79.9 81.8 83.5 86.2 88.9 91.3 93.6 96.3 98.1 100.6 102.2 104.5 106.9 108.8 111.8 114.4 117.1 119.7 122.5 125 127.8 130.7 133.4 136.1 139.3 142 145.1 148.1 151.5 154.6 157.2 160.2 -9999 -9999 -9999 -9999 -9999 -9999 -9999 -9999 -9999 -9999 -9999 -9999 -9999 -9999 -9999 -9999 -9999 -9999 -9999
27.9 28.9 30.1 31.1 31.9 34.3 35.6 36.8 38 39.6 40.8 42 43.2 44.6 46 47.2 48.6 50.1 51.7 52.6 54.4 56 57 58.4 60.6 62.1 63.5 65.2 66.4 68.5 69.9 71.6 73.1 75.1 77.2 78.8 80.5 82.6 84.5 86.7 89 90.9 92.5 94.1 96.1 97.7 99.5 101.3 103.6 105.8 108.2 110 112.4 114.9 117.8 120.1 122.5 125.2 127.8 131 133.7 137 139.7 142.2 144 146 147.6 149.2 150.9 153.7 155.9 158 160.2 -9999 -9999 -9999
21.8 20 21.4 21.7 21.6 21.6 22.3 23.8 25.8 26.6 26.7 29.3 28.3 29.3 29.3 33.8 31.9 33.9 35.8 37.5 38.9 39.2 39.2 40.1 42.6 44.5 46.8 48.8 50.1 50.4 50.9 51.3 52.1 53.9 55.8 58.1 60.6 62.9 64.5 65.1 65.9 66.7 67.7 68.7 69.8 71.3 72.2 73.7 75 76.6 77.6 79.2 80.8 82.7 84 85.8 87.5 89.1 91.7 94.8 97.7 100.6 103.9 106.3 107.8 109.3 110.9 112.2 114.6 117.4 120.3 123.1 125.7 127.5 128.3 129
14.9 15.4 16 16.2 15.9 16 15.8 15.7 16.5 16.5 17.3 18.3 19.1 19.9 19.7 19.6 19.9 25.2 25.9 22.1 23.3 24.8 26.3 27.3 28.7 30.4 32.3 33.8 35 34.9 35 35.3 36 36.7 38.5 40.5 42.4 44.3 45.4 46.2 46.4 47 47.9 48.3 48.6 49.7 50.5 51.2 52.3 52.8 54.1 54.9 55.8 57.1 58 59.1 60 61.1 62.7 65.2 67.8 70.3 72.8 74.7 75.7 77 78.2 79.5 81.7 84.8 87.5 90.7 93.2 95.3 96.3 97.1
10.5 10.7 10.9 11.3 11.5 11.3 11.7 11.4 11.3 11.1 11 11.1 11.7 12.3 12.9 13.7 13.7 13.7 13.8 14.7 15.5 16.4 17 17.5 17.5 19.9 18.9 19.9 21.2 22.1 23 23.4 23.1 24 25.3 26.7 28 29.9 30.8 31 31.2 31.6 31.7 32.6 32.6 33.2 33.5 34.2 34.6 34.9 35.7 36.2 36.7 37.2 38.3 38.9 39.3 39.9 41.3 43.3 45.5 47.6 49.6 51.2 51.8 52.6 53.3 54.1 55.6 58.2 60.4 62.8 65.5 67.3 68.4 69.5
8.3 8.1 8.2 8.1 8.2 8.1 8.1 8.2 8.5 8.4 8.3 8.2 9 9.4 8 8.3 8.7 8.7 9.2 9.1 9.5 10.2 10.9 11.3 11.3 11.2 11.3 11.3 11.7 14.9 14.9 15.1 15 15.3 16.3 16.8 18.3 19.2 20.2 20 20.3 20.2 20.6 20.8 21 21.2 21.3 21.6 21.8 22.2 22.5 22.9 23.2 23.3 23.8 24.3 24.4 31.1 31.5 27.6 29.1 31 32.5 33.9 34.4 34.7 35.2 41.6 42.8 38.8 40.7 42.6 44.4 45.5 46.6 47.1
6.3 6.2 6.1 6.2 6.4 6.3 6.4 6.2 6.3 6.3 6.2 6.2 6.1 6.2 6.1 6 6.2 6.5 6.3 6.3 6.2 6.2 7.1 6.4 6.7 6.9 7 7.3 7.6 7.5 8 8.3 8.7 9.1 9.1 9.3 11.4 9.8 10.6 11 11.8 12.9 13 13.1 13.1 13.3 13.3 13.6 13.9 13.9 14.2 14.2 14.6 14.8 15 15 15.1 19.8 20 17.3 18.3 19.4 20.7 21.2 22 22.1 22.5 27.3 28.2 25.1 26.6 28 29.5 30.5 31.1 31.8
4.3 4.2 4.2 4.3 4.3 4.5 4.4 4.3 4.3 4.4 4.3 4.4 4.5 4.4 4.3 4.3 4.7 4.3 4.5 4.6 4.5 4.4 5 4.9 4.8 4.8 4.9 5.2 5.1 5.2 5.3 5.7 5.4 5.5 5.6 6 6 6 5.9 6 6.3 7.9 6.7 7.2 7.4 8 8.3 8.4 8.6 8.8 9 8.9 9.1 9.3 9.7 9.7 9.8 12.8 12.7 11 11.8 12.5 13.4 13.8 13.7 14.1 14.3 17.7 18.3 15.7 16.5 17.9 18.5 19.5 19.7 20
3.4 3.3 3.3 3.4 3.3 3.2 3.2 3.3 3.3 3.3 3.3 3.3 3.3 3.3 3.3 3.3 3.4 3.5 3.4 3.3 3.5 3.5 3.5 3.5 3.5 3.4 3.7 3.7 3.6 3.7 3.7 3.8 3.9 3.9 3.8 3.8 4.5 3.9 4 4.3 4.3 4.4 4.4 4.4 4.7 4.7 5.8 5.1 5.2 5.6 5.9 6.3 6.3 6.3 6.5 6.6 6.5 8.2 8.4 7.2 7.7 8.3 8.7 8.9 9.1 9.3 9.4 11.5 11.7 10.3 10.7 11.2 11.9 12.4 12.7 13
2.8 2.7 2.7 2.7 2.8 2.9 2.8 2.7 2.7 2.7 2.8 2.7 2.7 2.6 2.6 2.8 2.7 2.9 2.9 2.8 2.7 2.8 2.9 2.8 2.6 3 3 3 2.9 3 2.9 2.9 3.1 3 3.2 3.1 3 3.1 3.1 3 2.9 3.1 3.6 3.3 3.1 3.3 3.5 3.5 3.4 3.7 3.9 4 4.6 4.6 4.7 4.7 4.8 5.9 5.2 5.2 5.6 5.8 6.3 6.3 6.3 6.7 6.7 7.6 7.9 7 7.3 7.8 8 8.2 8.3 8.7
2.5 2.5 2.5 2.7 2.5 2.5 2.5 2.5 2.5 2.5 2.5 2.5 2.4 2.4 2.4 2.4 2.5 2.4 2.3 2.3 2.3 2.4 2.6 2.6 2.5 2.5 2.5 2.6 2.6 2.6 2.6 2.6 2.5 2.6 2.7 2.7 2.8 2.8 2.8 2.8 2.7 2.8 2.8 2.8 2.9 3 2.9 3 3.1 3 3.1 3.2 3.1 3.1 3.3 3.3 3.7 3.8 3.8 3.8 3.9 4 4.5 4.8 4.2 4.6 4.8 4.9 5 5.6 5.6 5.4 5.5 5.5 5.7 5.8
2.6 2.6 2.6 2.6 2.6 2.6 2.6 2.6 2.5 2.5 2.4 2.4 2.4 2.4 2.4 2.4 2.4 2.3 2.3 2.3 2.3 2.3 2.3 2.3 2.5 2.4 2.4 2.5 2.6 2.6 2.5 2.5 2.6 2.6 2.6 2.6 2.6 2.6 2.6 2.7 2.7 2.7 2.8 2.8 2.7 2.8 2.8 2.9 2.9 2.9 2.9 3 3.1 3 3 3.1 3.1 3.4 3.4 3.3 3.4 3.3 3.3 3.5 3.6 3.5 3.5 3.6 3.6 3.7 3.6 3.6 3.9 3.9 4 4.1
