datasets/global_precipitation_1950_2017/rasters/precip_2008-total.asc
NCOLS 720 
NROWS 347 
XLLCORNER -180 
YLLCORNER -90 
CELLSIZE 0.5 
NODATA_value -9999 
[rows 306 to 339 of 347, columns 608 to 683 of 720]
509.6 514 520.3 524.3 528.1 531.8 534.9 537.8 540.5 541.9 543.7 544.1 542.4 544.4 543.6 542.9 541.4 540.2 540.7 540.9 541.5 542.5 543.5 544.2 543.6 542.7 541.6 547 545 540.7 541.5 541.6 541 540.4 539.3 539.3 539.4 540.1 541.4 542.5 544.3 546.1 548.1 549.5 551 552.2 554 556.3 558.3 560.3 562 564.5 567.2 570.2 569.5 573.4 574.5 577 579.9 581.6 582.9 584.3 587.7 592.2 597.9 604.2 611.4 617 623.8 628.7 629.8 624.4 -9999 -9999 -9999 -9999
506.8 510.9 516 522.3 527.9 530.5 533.9 536 538 539.9 540.8 541.7 542 541.9 541.3 540.5 539.9 539.3 539.1 540 541 541.8 541.9 541.7 541.2 540.4 539.9 539.8 539.5 539.4 539 538.1 538.2 537.5 538.7 538.3 539.5 539.5 540.8 542.3 543.5 544.5 545.6 547.2 547.8 550.6 551.7 553.9 554.8 557 558.6 560.9 562.1 564 564 565.2 563 563.5 564.9 565.6 566.4 567.9 568.5 571.2 572.4 576.6 581.5 585.2 587.9 588.4 586.4 580.3 568.2 556.6 -9999 -9999
497 503.9 511.9 519.5 526 529.3 531.3 534.4 537.1 539.3 540.3 539.9 540.4 540.7 540.3 540.1 540 540.2 540.1 540.4 540.6 540.9 540.9 540.3 540.1 539.3 538.5 537.9 537.2 536.1 535.5 536.3 536.3 537.4 538.2 539.1 540.1 541 542.2 543.1 544.4 546.3 547.9 549.6 550.1 551.5 553.4 551.3 555.1 554.3 554.8 553.4 555.2 556.4 557.8 547.1 544.6 561 557.8 557.1 556.1 555.2 554.5 553.8 550.9 551.4 550.6 548 546.3 542.9 538 530.7 521.3 510.8 497.4 483.1
479.2 490.2 500.8 495 515.1 517.5 520.3 524.1 528 533.8 536.8 538.5 539.7 540.1 539.9 540.1 540.3 540.9 541 540.8 540.8 540.4 540.1 539.2 538.5 537.5 536.8 536.3 535.2 535.2 536.2 537 538 538.8 539.5 540.6 541.1 541.7 543.5 545 545.4 546.5 547.9 548 546.6 546.2 545.3 543.4 542.1 540.3 540.9 541.2 542.1 542.6 542.5 542.6 542.9 542 541.1 540.2 542 538.9 534 528.1 526.3 524.3 521.4 519.4 512.3 504.8 493.9 491.1 481.9 471.3 460 447.1
443 455.8 443.9 473 478.1 481.9 488.2 497.4 509.4 507.8 520.6 522.9 526 530.6 535.7 537 539.7 540.4 540.6 541 541.5 540.5 539.6 538.8 538.1 536.9 535.7 535.9 536.4 536.8 537.3 534.8 538.7 538.7 538.6 539.7 538.3 537.7 539.7 539.1 537.8 536.3 534.9 534.9 529.7 529.8 524 524.7 524.6 524.6 524.6 524.6 524.4 523.8 523.1 522.9 521.6 520.7 519.1 517.7 515.7 509.6 503.1 502 496.9 492.4 487.4 479.7 472.5 466.9 460.7 444.8 443.5 434 422.9 413.7
376.1 386.2 394.5 400.3 408.4 421.3 434.8 447 453.4 458.6 464.1 474.1 485.4 496.7 505.1 514.4 512.5 526.9 528.3 529.3 533.5 533.2 532.2 532.9 532.4 533.7 534.8 535.1 533.5 533.3 531.8 530.4 528.9 527.9 525.2 522.8 523.8 521.5 515 513.2 513.7 514.7 516.1 506.7 509.9 507.4 507.4 507.6 507.6 507.7 507.7 508.4 507.2 506.7 506.4 505.6 504.5 503.1 501.5 491.5 480.1 470.7 463.2 459.8 455.5 451.5 448.3 442.4 436.3 430 423.1 415.8 407.2 399.2 391 383.5
292.5 300.1 307.8 316.2 324.8 332.5 343.6 352.1 361 372.9 382.2 391.1 401.8 412.4 425.2 435.6 449 464.5 474.6 477.7 483.5 485.3 494.5 494.9 503.5 511 516.4 516.2 515 517.4 519.4 520.5 493.5 513.5 506.6 489.4 488.9 485.5 480.4 480.7 480.5 480.4 477.3 477.2 476.6 476.3 476.6 476.7 476.8 477.2 477.5 477.7 452 449.9 448.2 470.7 468 460.3 449.1 439.2 434 430.8 427.4 423.6 419.4 413.7 405 402.6 399.2 391.8 387.8 379.6 373.4 367.2 359.8 354
212.8 219.1 226.7 231.4 236.8 246.2 253 260.3 266.6 271.2 279.7 284.2 291.8 300.5 310.9 322.6 335.8 349.5 360.8 374.5 389.3 397.5 405.2 414.2 427.8 441 447.2 456.6 464.7 469.5 472.3 471.1 470.3 468.8 449.4 442.5 440.1 438.2 427 425.1 423.4 418.2 416 415.3 414.7 409.1 408 407.1 414 413.1 412.9 412.3 411.7 410.7 409.8 400 401.5 396.7 394.1 392.1 388.9 386.7 380.8 373.8 371.2 368.3 365.3 360.7 356.5 351.1 346.5 342 337.7 333.5 330.1 326.4
155.2 159.9 163.1 165.6 168.7 172.2 171.8 176.2 180.7 182.5 183.3 184 185.6 187.6 190.2 194 201.6 212.6 223.6 237.2 254.1 270.9 283.4 297.6 312.5 328.6 339.5 352.4 363.9 372.9 372.7 378.3 377.7 377.4 375.6 373.2 370.5 368 354.6 352.2 347.3 345.3 343.6 342.3 341.5 341.8 341.8 342.4 343.3 344.3 345.4 346.7 334.3 343.1 339.3 336 332.7 331 329.7 329 327.8 326.1 324.4 322.2 319.9 317.9 315.5 313.5 310.4 308.2 306.5 304.5 302.7 301.7 300.2 299
106.8 104.1 101.5 98.5 100 105.2 110.3 110.9 108.4 105.5 102.5 100 97.4 95.3 92.9 94.7 99.4 115.8 118.4 132.1 139.6 145.4 172.5 173.8 194.1 206.9 219.6 233 245.6 252.3 255.8 265.8 278.3 280.5 267.8 272.4 276.5 277.3 275.7 273.8 272.9 279.1 274.3 276 275.3 275.3 275.3 275.6 277 276.5 276.6 276.5 276.7 276.8 277.9 277.6 277 275.9 275.8 274.1 274.1 275.6 274.3 272.6 273 270.9 273.1 272 270.5 270.9 271.2 269.9 268.6 267.8 267.8 273.2
60.8 57.9 54.6 51.4 48.2 68.2 46.3 50 54.2 53.4 50.2 45.9 43 40 41.2 49.7 56.1 55.5 61.1 63.8 67.4 69.3 75.3 82.2 91.6 101.7 113.2 129 146.3 156 165.9 174.9 194.5 194.3 204.1 208 210 210.8 211.2 210.7 210.5 219.5 219.4 220 222.3 224.8 224.5 224 223.8 224.3 227 229.8 229.9 229.3 232 230.3 232 233.2 234.3 234.2 235.1 235.5 236.2 234.6 235.7 237.2 237.5 236.4 235.5 235.1 234.6 234.5 235.4 235.8 236.9 237.9
39.6 37.2 34.6 31.9 29.5 26.8 24.2 22.1 20.3 23.1 21 18.5 18.7 16.8 18.2 14.4 15.7 15.9 34.8 24.4 33.7 43.8 52.4 58.6 65.1 73.2 82 93.9 101.5 112 122.3 131.9 141.9 152.8 154.9 160.4 164.6 168.6 169.8 171.8 171.7 172.2 183 176.6 180.3 183.8 188.5 196.7 193.4 193.6 197.2 196.9 205.8 197.4 198.7 204.6 207.5 208.7 208 206.6 206.9 208.4 208.7 207.6 207 206 205.5 204.9 204.2 204.3 204.2 204.5 205.1 206.3 213.3 214.5
22.1 20.5 18.9 17.5 16.1 14.3 13.2 11.9 10.2 9.2 7.2 6.7 8.4 8 9.3 10.4 10.7 13.4 18.1 23.7 27.3 31.2 35.3 40.3 47.3 57.1 64.6 71.7 79.3 93 98 108.5 118 126.2 125.7 132.4 138.4 143.5 147.3 151.1 154.4 165.4 166.3 164 166.7 170.2 170.1 169.5 171.8 173.5 175.4 178.5 183.5 183.9 185.2 187.2 186.9 186.7 185.6 185.4 184.8 184 183.4 182.7 181.3 180.7 181.6 181 181.1 181.7 182 182.6 183.1 184.2 185 186.2
16.3 10.5 9.8 9.1 8.4 8.1 7.7 6.3 8.5 7.7 8.3 8.3 9.1 9 9.3 11.5 12.7 16 17.9 21.3 24.1 28 33.2 38.8 43.6 50.8 54.6 61.9 70.7 79.5 83.8 91.3 98.8 106.4 113.5 120.2 125.8 130.4 137.7 140.3 145 149.2 153.1 153.4 156.1 156.4 156.4 155.7 155.4 154.8 153.8 153.4 164.3 163.7 171.2 166.4 168.9 166.7 166.1 165 164.2 163.5 162.7 162.2 161.3 160.4 159.9 159.3 158.5 158.3 157.5 158.4 157.5 163.8 163.5 163.4
11.2 10.3 9.7 9.1 9.2 8.6 8.4 9.5 9.7 9.4 10.2 10.9 10.7 11.9 13.5 12.3 13.8 16 19 22.8 26.8 29.3 33.6 38.6 42.9 48.6 53.4 58.8 64 70.3 79.7 82.7 89.6 96.2 103 111.5 117.3 124.6 127.2 132.2 137.1 140.8 143.2 145.3 146.7 147.6 147.8 148.3 148.3 147.9 147.5 147 146.2 145.4 157 147.6 151.3 152.8 151.8 150.7 149.9 150.2 148.5 147.5 146.9 145.7 144.5 143.6 142.1 141 139.3 141.2 139.5 135.4 134.1 133.2
9.9 9.8 10.6 10.8 10.5 9.7 10.2 9.8 9.7 11.6 12.3 12.7 13.1 14.6 15.6 17.1 19.3 21.6 23.4 26.2 27.5 31.7 35.7 39.3 43.7 48.1 56.9 57.8 63.3 69 75 80.9 86.6 92.1 97.6 102.6 108 112.9 117.3 121.3 124.9 127.6 130.2 132 133.7 134.6 135.3 135.5 135.3 135.2 135.1 134.9 134.2 133.4 143.8 143.1 142.3 145.3 142.6 139.6 139.1 138.1 137.5 136.5 134.8 133.7 132.1 131.5 131.3 129.8 128.7 126.7 124.7 122.6 120.3 111.8
11.1 11 11.3 11.8 12.1 13 13 13.2 14.1 14.3 14.6 14.7 15.5 16.7 18.1 19.8 21.5 24.1 26.5 29 31.8 34.5 38.6 41.9 46.1 49.8 53.8 57.8 63 67.1 71.3 76 80.6 85.8 90.5 95.5 100.4 108 112.4 116.5 120.1 123.4 126.4 124 125.5 126.9 127.8 128.4 129 128.9 128.8 129 128.7 128.5 128.3 128.2 132.1 139 132.6 134.8 133.4 132.1 130.5 129.1 127.4 125.8 123.8 121.7 119.7 123.5 121.3 118.8 110.3 108 105.8 103.3
13.1 13.4 13.6 13.9 13.7 15.6 14.6 15.5 16.5 17.6 18 20.4 19.8 19.8 20.8 21.5 23.4 28.4 26.5 29.4 32.4 35.4 39.1 41.7 44.9 47.8 51.5 55 58.8 65.9 70.1 73.7 77.9 82.8 88 92.3 96.7 101.2 105.1 109 112.8 115.7 118.6 121.1 123 124.8 125.9 126.8 127.4 127.7 127.4 127.1 126.6 126.1 125.6 124.9 124 130.5 130.2 129.4 130.8 128.6 132.1 133.1 133.5 122.7 121.2 119.9 118 123.1 120.3 113.3 111.6 109.1 106.3 103.4
15.8 16.4 16 17.1 17.7 18.5 19.9 19.8 20.1 21 21.5 22.2 22.8 23.5 24.5 25.1 26.6 28.3 30.1 31.8 34.1 36.3 38.9 41.5 44.2 47.8 51.1 54.4 58 62.2 65.7 71.8 74.7 80 84.1 88.3 92.7 97.1 101.2 105.4 109.4 113.6 117.5 121.3 123.9 126.2 128.3 122.2 123.1 132.8 133.5 134.6 135.1 135.8 135.8 128.2 128.7 129.2 129.7 130.1 130.5 130.3 132.5 127.8 129.3 127.9 126.7 131.9 129.5 127 123.7 122.5 120.9 117.7 116.9 114.6
19.1 19.2 19.5 21.3 21.6 22.3 22.6 23.3 24 23.6 23 23.7 23.8 25.1 25.9 27.1 28.8 29.9 31.7 33.7 35.9 38.1 40.7 43.1 45.9 48.8 51.9 55 58.7 62 65.8 70.1 73.8 78 83.6 86.8 90.5 94.9 98.7 103.1 106.6 110.2 113.5 116.7 119.2 120.9 129.2 125.6 127.9 130.2 132.9 134.9 134.3 135.6 136.4 137.6 138.4 137.8 139.6 140.1 136.5 136.5 136.9 136.8 136.2 136.1 140.9 140.5 139.3 138.2 136.2 135 134.1 -9999 -9999 -9999
22.8 23 23.4 22.8 23.1 23.7 24 24.5 23.9 25 25.2 26.4 27 27.8 28.8 29.8 31.1 32.5 34.2 36.1 37.8 40 42.3 44.8 47.2 49.9 52.7 55.8 58.8 61.9 65.4 69 73 76.5 83.9 85.1 89.9 94.4 98.6 102.3 105.6 109 112.2 119.3 122.6 121.1 124.2 127 129.7 132.1 134.2 136.6 138.6 140.7 141.7 141.9 142.1 142.2 147.7 142.6 144.1 145.5 146.9 147.7 148.5 149 149.7 150.2 149.5 148.7 150.3 150.3 -9999 -9999 -9999 -9999
23.5 23.7 23.7 24 23.2 24.6 25.1 25.1 25.4 26 26.5 27.1 27.6 28.3 29.1 30.2 31.3 39.8 41.4 43.7 45.3 47.6 50 52.1 54.5 57 59.6 62.6 65.4 68.2 71.4 74.9 77.8 81.2 84.8 88.2 88.3 93 97.5 101.8 106.5 109.8 113.1 116.3 119.3 122 124.2 125.9 128 129.4 130.7 142.9 133.6 135.4 137.1 139.1 140.3 141.8 143.6 144.6 146.4 147.9 147.8 147.7 147.6 152.9 154.5 149.6 151 -9999 -9999 -9999 -9999 -9999 -9999 -9999
23.8 23.9 24.2 24.4 25.3 25.6 25.2 26.3 26.5 27 27.3 28.3 29 29.4 30.9 31.8 32.7 34.4 35.9 42.7 45.4 47.6 50.2 53 56 58.3 60.8 63.9 66.6 69.6 72.5 70.5 73.6 77.5 81.1 85.4 89 92.9 96.7 103.7 105.2 109.5 113.6 117.9 121 124.1 126.8 129.3 131.6 133.6 135.4 137 138.3 139.3 140 140.8 141.4 141.7 141.8 141.9 142.2 156.7 144.7 146.4 147.8 149.4 150.8 152.7 157.9 158.3 160.2 162.7 165.8 168.8 -9999 -9999
22.7 24.1 24.2 24.3 25.6 25.6 26 26.6 26.8 27.5 28.1 28.6 29.6 30.5 31.6 32.4 33.7 35.1 37.9 39.4 41.3 43.6 46.1 48.4 50.7 53.3 56 59.2 62.1 65.2 68.3 71.8 74.9 78.7 82.3 85.9 89.5 93.6 97.4 101.4 105.4 108.9 112.7 117.3 120 123.8 127.6 130.7 133.7 136.5 138.6 141 143.1 144.7 146.4 147.4 148.7 150.4 160.3 161.8 162.9 154.5 155.6 156.6 157.6 159 160.2 161.4 162.9 164 170.5 171.3 172.4 174.7 -9999 -9999
20.6 21.4 22.5 23.5 23.8 24.6 25.2 25.7 26 26.6 27.2 28 28.8 30.1 31.2 32.3 33.7 35 36.9 38.5 40.4 42.4 44.3 46.5 49.1 51.4 54.1 56.7 59.6 62.3 65.4 69 72.1 75.4 81.5 84.9 88.5 90.1 94.1 98 101.9 105.6 109.6 113.5 117.1 120.7 124 128.9 131.4 135 137.8 141.3 143.7 146.5 148.7 151 152.7 154.4 158.1 160.1 162.2 164 165.4 164.7 166 167.7 169 170.7 172 173.3 174.7 176.3 182.4 184.5 185.7 188.1
22.1 18.8 19.8 20.7 22.1 23 24.2 24.6 25.1 25.6 26.3 26.9 27.7 28.7 29.7 30.7 31.8 33.3 35.3 36.7 38.6 40.4 42.1 44.5 46.4 48.8 50.9 53.5 56.2 59.2 61.7 64.9 68 71 74.5 77.2 80.7 84.2 87.2 90.7 94.1 97.9 101.2 104.7 108.2 112.1 115.4 119 122.5 127.8 129.3 132.7 136.3 139.5 142.9 145.6 148.2 150.7 153.6 155.7 157.9 160.3 162.3 164.3 166.5 168.5 170.1 171.9 174.1 175.8 177.6 179.6 181.3 183.7 189.8 191.6
17.1 17.3 17.3 21.8 18 19.5 20.5 21.8 23.3 24.3 25 25.9 26.5 27.1 28.1 29 30.1 31.4 32.9 34.4 35.7 37.5 39 40.9 42.6 44.7 46.6 48.6 50.9 53.2 55.5 57.8 60.3 62.8 65.1 67.8 70.7 73.5 76.4 79.4 82.5 85.5 89 91.6 94.8 97.8 101.1 104.2 107.3 111.1 113.5 116.8 119.9 126 126.6 129.7 133 136.6 139.6 142.6 145.1 147.7 150.4 152.7 155.3 157.7 160.1 162.6 165.1 167.5 169.8 172.3 174.9 177.1 179.6 182.2
15.6 15.8 15.9 16 16.3 16.4 16.8 21.5 18.4 19.8 21 22.6 24.2 25.1 26 27 27.8 28.1 29.4 30.8 31.9 33 34.4 36 37.4 39 40.9 42.6 44.4 45.9 47.8 49.7 51.8 53.8 55.8 57.9 60.2 62.5 64.7 67 69.3 71.7 73.9 76.3 78.9 81.2 83.7 86.4 88.7 91.3 93.7 96.2 98.6 101 104 106.2 109 111.4 113.8 120.7 120 123.2 126.6 129.7 132.5 135 137.3 139.9 142.2 144.6 146.9 149.3 152 154.1 156.9 159.2
13.1 13.2 13.4 13.6 13.6 14 14.1 14.6 15 15.3 16 20.6 17.8 19.1 20.8 22.3 23.8 25 25.9 26.8 27.8 28.7 30 31.1 31.9 33.2 34.6 35.9 37.3 38.6 39.8 41.5 42.7 44.5 46.1 47.5 49.1 50.6 52.4 54.1 55.7 57.5 59.4 61.1 63.1 64.7 66.9 68.6 70.5 72.3 74.2 76.1 78.1 79.9 81.8 83.8 86 87.7 89.6 91.7 93.5 95.6 97.7 99.8 101.4 103.6 110.5 108.9 111.7 115 118.1 120.2 122 123.9 125.9 127.8
11.3 11.8 11.7 12.1 12.2 12.6 12.6 13.1 13.5 13.5 14 14.5 14.8 15.4 15.8 16.4 20.8 17.9 19.2 20.9 22.5 23.9 25 25.9 26.7 27.5 28.5 29.2 30.2 31.2 32.3 33.2 34.3 35.4 36.5 37.5 38.5 39.9 41 42.2 43.6 44.7 45.6 47.1 48.4 49.6 50.9 52.2 53.8 54.8 56.3 57.8 59.2 60.3 61.6 63.1 64.5 65.8 67.2 68.7 70.2 71.5 73 74.5 75.6 76.9 77.9 78.8 80.2 81.3 82.6 83.6 85.2 86.8 89.7 91.9
9.2 9.4 9.7 9.8 10.2 10.5 10.6 11 11.1 11.6 11.6 12.1 12.6 12.7 13 13.5 14 14.3 14.9 15.3 15.8 16 17 21.5 18.9 20.3 21.7 23.2 24 24.8 25.2 26.2 26.8 27.6 28.3 28.9 29.7 30.7 31.2 32.2 28.1 28.8 29.6 30.6 31.4 32.3 33.2 34.1 34.9 35.9 36.8 37.8 38.7 39.5 40.4 41.4 42.5 43.5 44.5 45.3 42.4 43.5 44.6 45.8 47 47.9 49 50.2 51.4 52.7 53.7 54.6 55.9 56.8 58.2 59.3
6.8 6.9 7 7.2 7.2 7.5 7.3 7.6 7.8 7.8 8.1 8.2 8.3 8.6 8.9 9 9.2 9.5 9.5 9.8 10.1 10.3 10.3 9.4 10.3 11 12 12.4 12.5 12.8 13.3 13.8 14.2 14.6 14.8 15.3 15.9 16.4 16.8 17.3 17.8 18.4 18.9 19.4 19.8 20.5 21.1 21.4 22.1 22.8 23.4 23.9 24.6 25.2 25.5 26.3 27.1 27.7 28.4 29 29.7 30.4 31.2 32 32.8 33.2 34 34.8 35.7 36.3 37.1 37.7 38.4 39.3 40 40.9
5.6 5.6 5.6 6 6.1 6 6.1 6.5 6.5 6.5 6.6 6.9 7 7.1 7.3 7.3 7.3 7.6 7.7 7.9 8.1 8.4 3.3 3.7 4.1 4.6 5.1 5.6 6.3 6.8 7.5 8 8.8 9.7 10.4 11.2 12.1 12.6 12.8 13.2 13.4 14 14.2 14.8 15 15.2 15.7 16 16.4 17 17.2 17.8 18.2 18.4 19.1 19.2 19.7 20.2 20.6 21 21.4 21.7 22.2 22.6 22.9 23.5 23.9 24.2 24.6 25.3 25.8 26.3 26.9 27.1 27.5 28.1
4.2 4.2 4.4 4.6 4.7 4.7 4.8 4.8 5 5.2 5.3 5.3 5.3 5.5 5.5 5.5 5.6 5.8 5.9 6.2 6.3 0.2 0.5 0.4 0.6 0.7 0.7 1 1.3 1.6 2 2.1 2.6 2.7 3.1 3.5 3.9 4.4 5 5.6 5.8 6.5 6.9 7.5 7.9 8.6 9.4 9.9 10.5 11.2 11.8 12.3 13 13.1 13.5 13.7 13.8 14 14.4 14.6 14.9 15.4 15.4 15.8 16.1 16.6 16.7 17 17.4 17.6 17.7 18.3 18.4 18.7 19.1 19.1
