datasets/global_precipitation_1950_2017/rasters/precip_2013-total.asc
NCOLS 720 
NROWS 347 
XLLCORNER -180 
YLLCORNER -90 
CELLSIZE 0.5 
NODATA_value -9999 
[rows 102 to 135 of 347, columns 380 to 455 of 720]
55.3 78.1 92.4 99.4 176.3 224.9 285 263.2 252.2 166.8 133.4 -9999 -9999 -9999 -9999 -9999 -9999 -9999 -9999 -9999 290.8 316.2 364.8 362 133.4 231.5 -9999 -9999 -9999 -9999 -9999 -9999 -9999 -9999 -9999 -9999 -9999 -9999 -9999 -9999 -9999 -9999 -9999 -9999 -9999 -9999 -9999 -9999 -9999 -9999 760 506 169.7 203.8 56.7 103.9 134.9 128.8 120.9 113.5 104.4 94 79.7 66.5 62.3 65.9 76.1 85.5 85.2 95 113.2 136 147.6 167.6 191.5 213.6
60.5 77.4 116.7 137.7 184.9 177 159.8 101.9 87.8 149.7 150.4 -9999 -9999 -9999 -9999 -9999 -9999 -9999 -9999 -9999 239.1 275.5 288.1 166.3 165.2 167.3 124.6 117.7 126.3 131.4 -9999 -9999 -9999 -9999 -9999 -9999 -9999 -9999 -9999 -9999 -9999 -9999 -9999 -9999 -9999 -9999 -9999 -9999 -9999 526.7 545.5 350.1 219.3 81.3 48.7 89.1 138.9 145.3 130.4 123 108.7 92.3 72.9 64.5 65 69.4 73.8 78.7 71.7 83.9 92.9 112.2 124.3 147 186.6 175.3
42.7 45.3 84.3 127.6 132.2 113.2 102.5 81.7 90.5 166.5 192.5 107.5 -9999 -9999 -9999 -9999 -9999 -9999 -9999 -9999 181.9 188.8 179 90.3 74.5 83.4 89.8 98.7 106.3 112.7 117.5 142 156.6 154.8 155.5 -9999 -9999 -9999 -9999 -9999 172.7 122.6 83.3 69.3 -9999 -9999 -9999 -9999 229.4 243.1 252.4 360.2 170.6 80.7 40.5 89.2 131.3 144.1 132.7 117.4 98.9 80.1 63.3 65.1 75.4 83.3 90.2 89.1 83.8 82.5 88.8 77.5 87.7 96.2 108.4 116
27.8 31.8 50.1 89.3 90.6 86.9 68.1 57.2 77.4 148.8 163.9 141.7 139.6 146.8 128.8 102.6 -9999 -9999 -9999 -9999 126.1 144.9 139.5 117.7 49.2 64.3 68.9 70.8 78.4 90.1 105.1 127.3 146.7 153.1 144.3 125.9 120.3 126.4 124.8 142.5 103.6 65.4 40 41.5 25.9 44 63.2 76.4 164.3 221.3 246 293.9 162.2 61.5 51.3 65.3 116.6 125 113.2 102.9 88.9 71.7 60.2 72.2 93.1 107.2 114.8 111.2 100.4 82.5 74.1 73.1 83 83.9 76.2 84.5
18.3 22.1 26.1 33.4 46 50.1 38.2 28.6 45 87.8 97.6 91.6 99.2 109.1 110.9 101.4 92.7 87.5 82.9 163.7 236.5 154.8 103.4 53.4 25.5 18.2 27.9 38.2 48.7 57.1 62.7 72.9 96.7 128 135.2 126.1 121.1 123.4 119.2 96.8 61.5 34.2 18 14.2 7.9 18.3 28.3 33.2 45.2 73 147.2 68.4 50.7 62.6 51.4 51.5 89.1 104.1 107.5 107.1 98.7 85.8 80.9 91.6 113 132 139.1 131.7 118 94.2 75.9 76.9 82.7 94 98.6 111.9
16.4 18.5 20.3 25.2 30.1 18.2 7.9 14.7 28.1 39 41.8 48.1 53.6 63.1 64.3 61 57.3 52.9 59.2 101.6 124.9 79.8 38.6 22.7 11.8 8.2 14.6 24.9 31.4 33.8 33.8 36.5 47.2 63.6 102.8 104.4 92.7 87.7 79.2 37.4 26.2 16.6 13.6 12.8 12.5 12.4 32.1 33.7 25.5 21.5 50.7 55.4 51.2 50.2 51.8 62.2 88.5 102 110.2 115.6 114.1 109.4 113.2 124.8 140.4 152 151.5 139.1 121.7 102.2 81.4 88.8 101.1 110.1 94.2 118.2
14.1 14.3 15.6 18 18.3 10.5 8.3 12.6 19.6 26.4 31.6 35 40.6 40.3 38 31.8 27.7 18.7 12.9 31.8 46.9 23.6 6.2 5.5 2.4 3.2 8 16.3 20.8 19.9 16.8 21 25 31.1 39.6 32.9 23.6 17.4 14.9 14.5 12.4 8.7 9.8 11.7 11.2 -9999 22.1 21.2 19.3 -9999 31.5 28.4 38.7 60.7 76.4 94.6 113.6 118 116.5 122.4 128.2 133.7 146 164.2 177 179.8 160.1 136 125.6 119.1 111 122.2 139.5 175.4 266 565.6
10.3 9.4 8.9 10.6 13 13.5 10.5 10.5 15.6 22.6 30.2 36.4 39.4 35.7 30.1 25.2 22.3 17.1 14.5 18.6 20.7 12.8 3.3 0.5 0.6 1.1 4 11.2 14.2 14 13.6 15.3 18 19.2 17.1 11.6 7.1 3.1 2.6 3.5 5.2 5.8 7.6 9.6 11.4 15.7 17.3 9.6 6.4 -9999 29.2 51.3 83.7 100.7 102.4 112.6 126.5 123.5 129.2 139.2 148.8 156.8 171.9 187.5 196.7 196.5 181.4 158.5 147.4 147.4 145.8 160.3 196 262.3 369.8 519.6
7.9 8 7.5 7.5 11.5 13.6 13.1 14.2 17.4 21.3 25.8 30.5 32.8 31.3 27.5 23.9 20.9 17.3 14.8 17.9 15.4 9.7 2.5 0.7 0.7 0.7 1.9 7.6 11.4 12.1 12.2 12.8 13.1 11.2 7.9 4.1 1.4 0.1 0.6 1.3 2.5 2 3.3 4.9 9.2 11.3 -9999 6.8 2.5 4 22.9 70.5 107 123.2 117.5 114.7 121.1 125 139.2 153.4 161.9 171.3 187.6 202.7 203.5 194.4 180.6 170.8 160.2 152.4 146.2 159 180 253.9 336.5 388.9
9 9.8 9.7 10.6 13.5 16.2 16.5 17.5 19.2 20.6 22.7 26 28.4 27.8 25.9 23.6 19.9 17.4 14.9 12.6 10.1 6.6 3.3 1 0.8 0.4 1.1 5.5 8.8 9.7 9.8 9.4 8.1 5.6 2.8 1.6 0.8 0.5 0.5 1.1 1.6 1.8 2.2 3 5.3 7.7 6.3 -9999 1.6 -9999 -9999 68.7 98 103.1 99.5 100.9 102.9 116 142.8 157.5 163.7 168.3 180.5 217.3 202.1 186.3 174.4 171.5 161.9 145 126 132.7 173.1 219.3 283 346.9
12.3 14.1 15.1 17 20.5 20.8 19.9 19.4 18.9 18.7 21.2 23.5 25.4 25.8 24.4 21.9 19.4 15.7 13.2 10.3 6.7 3.8 1.8 0.9 0.4 0.2 1.1 3.5 5.9 7 6.7 5.6 4.5 2.8 1.6 1.1 1 0.9 0.9 1.4 1.9 1.9 2.5 3.2 3.3 5 5.2 3 -9999 -9999 -9999 -9999 79.8 82.7 84.7 84.4 83.1 100.2 123.7 140 145.2 150.1 142.7 140.6 175.3 172.7 168.7 173 173.5 155.8 140.3 139.6 167.5 183 206.6 220.4
18.3 20.4 22.2 24.2 26.8 27.3 24.1 20.5 18.2 18.8 20.9 22.8 24.2 24.6 23.4 21.1 18.1 14.5 10.8 7.9 5.3 3 1.7 0.9 0.4 0.3 0.9 2.1 3.8 3.9 3.6 3.8 3.2 2.5 1.8 1.6 1.8 2.4 3.3 2.1 2.2 2.1 3.9 3.5 2.5 2.6 6.4 6.9 -9999 -9999 -9999 -9999 74.6 67.7 69.5 73.6 72.2 85.6 100 113.9 123.1 130.1 134.1 145.3 158.1 160.7 160.7 165.7 178.2 165.7 152.3 143.3 141.4 142.5 134.5 120.9
26.4 27 27.3 29 30.5 29.6 26.4 22.8 21 20.1 21.7 22.8 23.5 23.6 22.3 19.8 16.8 13.4 9.9 7.2 4.8 2.9 1.8 1 0.6 0.3 0.6 1.3 1.9 2 2 2.2 2.9 2.8 3.4 3.5 3.6 3.9 3.6 2.2 1.5 1.8 2.7 3.3 3 0.4 3 5.4 -9999 -9999 -9999 -9999 -9999 57.2 62.7 71.2 73.3 78.5 84 89.4 98.3 109.5 119.6 135.2 147.6 154 156.2 147.4 184.8 169 155.4 143.3 136.5 140.8 136.2 112
41.6 35.6 31 30.4 30.6 28.7 26.6 25.2 24.1 22.7 21.8 21.7 23.1 22.7 21.2 18.8 15.2 12 8.9 6.5 4.3 2.9 1.8 1 0.5 0.4 0.3 0.6 0.9 0.9 0.9 1.6 2.8 3.7 4.3 4.2 5.1 6 3.5 1.8 0.8 0.5 2.2 4.5 8.1 13.9 6.5 4.8 11.3 -9999 -9999 -9999 -9999 58.4 60.9 66.6 69.3 70.9 70.8 69.5 74.6 86.8 102 118.7 133.8 146.2 155 159.6 167.9 162.4 152.3 147.1 148.2 151.4 144.5 123.4
65.4 37.9 29.1 28.1 28.7 27.6 26.2 25.2 24.2 23.6 22.9 22.5 21.9 21.8 20.1 18.1 14 10.8 8.1 6 4 2.8 1.5 0.8 0.5 0.2 0.3 0.4 0.5 0.7 0.7 1 2.6 4 4.5 4.1 4.7 4.5 2.5 1.3 0.3 0.4 1.8 3.7 6.5 8.4 5.2 2.7 19.1 52.2 -9999 -9999 -9999 -9999 58.2 60.6 62.3 60.9 57.3 56.1 55.9 64.9 81.2 100.1 118.8 136.6 149.7 154.9 157.7 154.9 148.1 145.7 153.4 159.3 122.5 103.5
13 19.6 22.9 24.4 25.7 26.1 25.6 24.9 24.5 23.5 23.2 23.2 23.4 22.6 21.3 19 15 11.2 8.2 5.7 4.2 2.9 1.7 1.2 0.4 0.1 0.1 0.3 0.5 0.5 0.4 0.9 2.3 3.4 4.3 3.8 3.1 2.6 1.4 0.9 0.4 0.2 1 2.3 2.8 2.4 1.6 0 11 30.4 -9999 -9999 -9999 -9999 55.4 60 62.5 56.3 45.3 57.9 40.5 46.1 63.8 80.5 103.2 128.8 142.6 146.8 147.5 145.7 139.9 136.5 133.8 132.5 108.4 90
8.7 12 16.8 20.3 23.2 24.1 24.6 24.5 24.7 24.2 24 24.8 25.8 25.6 24.1 22.5 18.6 14 9.9 6.7 4.6 3.3 2.5 2 0.7 0.8 0.1 0.5 0.4 0.3 0.4 0.7 1.5 2.7 3.9 5.6 3.5 2.7 2.3 2.1 1.9 1.2 1.7 2.3 0.7 0 0 0 1.7 6.7 8.5 -9999 -9999 -9999 -9999 -9999 74.8 61.9 35.9 17.3 25.8 35.7 45.9 59 81.4 107.9 131.3 139.3 138.5 137.1 132.4 124.1 112.9 99.4 82.5 71.1
13.2 13.6 15.7 17.8 19.8 21.9 22.8 23.9 24.4 25.1 26.2 27.5 28.4 29 28.3 26 22.4 17.8 13.1 9 5.4 4.6 3.2 2.8 1.6 2.2 4.2 0.7 0.5 0.3 0.6 1.1 2.6 4.5 6 5.9 5.5 5.3 5.3 5.4 4.8 4.7 6.7 5.7 4.2 2.1 0 0 0.2 1.7 1.9 -9999 -9999 -9999 -9999 -9999 -9999 66.9 43.3 31.7 29 33.5 39.8 51.8 63.2 93.4 118.3 128.4 126.8 123 116.8 107.7 97 84.3 69.2 62.4
13.5 14.5 15 15.7 16.8 18.7 21.4 23.3 25.6 27.1 28.4 30.3 31.6 31.9 30.7 28.2 25 20.6 16.4 11.1 8 5.8 4.1 3.9 4.3 4.9 4.6 3.5 0.5 0.7 2 2.4 2.9 4.7 7.3 9 10.1 11.9 14.2 16.9 20.4 20.1 14.7 10.5 7.6 4.2 2.1 1.2 0.4 0 0.5 -9999 -9999 -9999 -9999 -9999 -9999 58.3 48.1 41.8 42.3 46.1 51.4 61.1 75 97.7 115.8 120.2 113.7 106.7 99.2 93 82.4 74 66.3 60.5
12.1 12.5 12.7 13.3 14.6 16.5 19.6 22.6 25.4 28.2 30 32 32.4 32.2 31.2 28.9 25.8 22.2 17.8 14.5 10.3 7.7 5.8 6 5.5 5.1 5 4 2.8 4.6 3.2 3.2 4.1 6.1 10 14 17.4 22.9 29.1 32.9 32.7 29.4 16.7 10 15.6 13.9 7.7 3.6 1.8 1.5 5.1 9.4 -9999 -9999 -9999 -9999 -9999 -9999 48.6 49.6 55.6 65.1 73.3 84.9 98.7 116 120 119.6 104.9 95.1 89 82.4 77.2 71.6 65.2 61.4
12.1 11.5 11.6 11.7 11.9 14.7 18.6 21.8 24.9 28 29.8 31.2 31.4 31 30 27.9 26 23.6 20.6 17.3 14.5 11.9 10 9.9 8.6 7.6 7 5.5 3.9 3.1 4.7 4.4 5.8 7.5 13.6 22.9 29.5 35.6 38.6 39.9 43.1 40 31.6 32.3 36.2 26.4 18.1 11.5 8.9 16.8 22.7 21.2 24.6 -9999 -9999 -9999 -9999 -9999 43.2 52.4 75.4 92.8 98.6 105.7 114 126.4 129.6 121.1 109 96 88 80.3 74.5 69.1 65 60.1
13.5 12.7 10.6 10.7 11.2 13.9 17.3 21 23.9 26.6 29.2 30.9 30.5 29.1 27.9 26.9 25.4 24.2 23.1 22.2 21.3 20.6 20.5 20.6 20.1 18.3 17.2 14.1 6 4.3 6.7 6.8 8.1 13.2 24.1 30.7 35 37.9 40 43.5 47.8 54.1 61 128 61.5 36.9 28.8 24.9 27.5 46.4 53.6 50.6 43.9 41.1 -9999 -9999 -9999 -9999 27.6 44.4 91.8 119 114.7 115.4 123.8 133.1 134.6 129.4 115.3 99.1 88.4 81.6 75.9 70.7 66.7 60.6
20.6 17.6 13.5 11.6 11.9 13.5 16.5 19.9 23 25.9 29.3 31.5 30.6 28.1 26 25.4 25.2 26.3 26.7 27.7 28.1 28.4 28.7 29.7 29.2 27.4 25.3 21.5 12 7.5 5.8 9.2 13.4 21.4 28.5 32.5 34.4 36.6 39 43.1 50.1 58.6 75.3 76.4 44.6 30 31 32.9 43.6 66.7 85 81.5 75.5 57.8 -9999 -9999 -9999 -9999 32.2 44.4 94.4 119.7 115.4 118.8 130.6 139.7 141.5 133.5 119.4 101 89.3 82.5 77.7 71.8 67.3 61.2
33.1 25.1 18.7 14.5 12.6 12.9 15.1 17.8 21.2 24.8 28.9 32.7 32.4 29.3 25.6 24.7 25.4 27.5 28.7 32.7 36.5 39.9 42.2 43.6 42.8 40.7 38.2 33.9 28.5 21.9 16.5 14.9 19.2 28 31.1 32.2 32 33.1 34.2 36.1 40.5 46.3 51.9 45.5 28.5 28.4 35.3 41.1 54.9 80.4 102.5 102.1 98.2 83.1 -9999 -9999 -9999 -9999 -9999 60.6 86.3 104.3 107.3 112.3 139 154.8 152.3 136.8 117.2 100 85.9 81.7 79.6 74 69.5 67.3
46.5 35.7 24.6 16.9 13 11.5 13 15.3 19.1 23.2 27.4 31.7 32.6 29 25.9 24.5 25.5 28.3 30.3 36.6 43.9 51.8 58.7 60.8 61.2 60.5 57.9 53.4 48.8 42.4 36.1 25.9 26.6 30.3 31 31.4 31.7 31.7 31.1 30.2 30.5 32.8 35 32.5 28.6 34.4 43.4 51.9 63.3 84.5 112.1 118.8 121 118.3 -9999 -9999 -9999 -9999 -9999 -9999 100.8 111.5 103.7 106.1 155.7 182.3 166.5 141.4 118.5 99.7 86.5 82.8 80.7 77.8 76.7 73.6
61.7 46.9 30.4 19.2 12 9.7 10.5 13.6 17.3 21.4 24.8 27.8 28.8 26.9 25.5 25 26 27.9 31.9 39.2 50.5 60 68.3 75 78 78.7 77.3 75.8 76.3 76.4 62.9 43.1 32.4 31.9 31.3 31.3 30.8 29.7 27.8 25.1 22.9 23.3 25.3 26.5 28.2 35.3 55.7 62.7 68.9 84.1 130.2 136.1 140.6 144.2 139.5 -9999 -9999 -9999 -9999 -9999 -9999 -9999 139.7 140.7 172.4 189.5 169 142.2 118.2 100.2 88.7 82.5 79.5 79.3 79.4 81.9
82.2 59.1 38.9 23.6 13.2 7.4 8.6 11.5 14.8 17.8 22 25.6 27.1 26.4 24.9 24.9 25.5 28 32.6 42.2 52.7 63.4 72.4 79.2 83.9 86.9 90.5 92 93.3 93.2 88.5 62 38.4 33.7 32.3 32.5 31 29.2 27.1 24 19.8 19.3 23 26.3 29.3 28.2 30 52.4 66.7 90.2 137.7 145.4 149.6 156.1 179.3 -9999 -9999 -9999 -9999 -9999 -9999 -9999 207.6 186.1 185.4 181.6 163.8 139.1 116.2 98.3 85.4 79.8 78.2 79.8 81.9 82.9
104.7 74.4 47.8 28.9 15.2 7 7.2 9.9 13.7 18.3 22.4 26.7 28.1 28.8 27.9 27.7 26.9 25.1 28.3 40.2 54.8 67 76.1 81.7 86.5 90 94.1 96.4 100.7 107.3 106.6 94.5 61.2 44.8 36.6 33.3 32.2 30.6 29.3 28.1 22.9 21.1 20.4 21.4 26.9 30.8 40.4 57.6 73.4 104.7 130.9 136.8 144 168.3 217.9 -9999 -9999 -9999 -9999 -9999 -9999 -9999 280.4 231.3 224 198 164.6 136.1 106.7 89.9 82.3 77.7 80.3 81.3 83 84.2
132.9 90.1 57.7 32.5 19.2 16.3 13.5 13.2 16.6 21 26.4 31.2 33.1 33 33.6 33.7 31.3 26.7 26.2 39.4 57.4 72.3 79.8 85.2 89.5 93.5 96.9 101.2 108 124.2 149.3 243.8 157.5 84.5 53.2 38.6 35.1 35 34.9 39.1 34.2 23.3 18.7 17.7 24.8 39.5 58.1 71.2 81.9 96.1 111.6 115.1 107.8 122.2 150.9 121.4 -9999 -9999 -9999 -9999 -9999 -9999 -9999 259 270 227.7 162.8 124.4 86.1 75 78 82.9 85.6 84.1 81.4 82.2
169.1 111.5 69.7 43.3 31.5 31.6 31.3 30.2 28.3 31.6 37.4 41.4 44.2 43.5 42.4 43.2 41.8 37 34.8 48.4 65.1 78 86.4 90.8 95.6 99.6 102.8 108.6 116.8 151.3 230 394.6 375.6 198.2 97.5 61.8 43.2 41.2 39.5 40.9 36.1 25.8 18.3 16.5 23.9 46.4 65 72.2 72.7 76.3 87.5 100.2 108.3 99.3 127.7 171.8 253.7 -9999 -9999 -9999 -9999 -9999 -9999 -9999 216.4 203.5 153.2 104.7 63.3 65.3 88.3 95.9 102.3 93.2 79.4 80.8
219 153.6 98.8 61 49.4 52 51.7 55.8 62.7 67.1 78.5 91.8 67.1 56.8 53 53 54.5 54.5 53.3 65.4 77.9 88 88.5 94.1 101.9 109.1 114.5 120.3 145.6 202.1 304.4 419.8 429.9 399.8 216.1 122.6 67.2 53 46.8 43.4 38.2 31.1 23.3 22.8 37.3 56.6 61.4 60 60.9 60 68.4 87.9 95.5 91.4 142.5 190.1 225.4 274.9 -9999 -9999 -9999 -9999 -9999 -9999 -9999 172.1 134.1 87.9 81.3 94.4 125.6 145.7 149.3 113.8 97.7 97
274.1 264.9 176.9 109.7 99.2 96.2 93.2 102.6 125 166.6 188.5 154.7 97.7 75.2 66.7 63.5 67.4 67.1 70.6 81.2 94.7 102.3 96.6 103.4 120.3 135.1 147.5 158.3 202.5 277.2 349.5 405.4 416.8 400.5 332.9 225.8 135.9 92 64.7 57.2 49.5 47.6 60.7 66 60.9 56.7 59.3 65.9 66.4 64.8 81.1 87.8 97.2 115.7 169.8 177.4 163.6 361.7 -9999 -9999 -9999 -9999 -9999 -9999 -9999 167 123.9 89 105.8 129.3 151.5 178.1 174.3 151.4 130.1 130.2
323.1 345.6 347.3 255.2 201.1 178.2 176 190.3 222 264.4 277.8 224.4 153.8 111.2 80.3 70.6 72.2 77.2 82.1 100.6 128.6 143.2 139.5 157.8 174.5 192.7 211.9 244.7 279 313.8 353.8 389.7 420 411 370 291.6 203.8 158.6 136.1 110.6 76 82.7 82 69.7 57.8 49.2 64.1 103.2 109 110.6 115 107.1 116.2 156.5 190.9 197.2 322.8 491.5 -9999 -9999 -9999 -9999 -9999 -9999 -9999 -9999 96.1 110.6 131 146.7 172 212.8 185 177.3 156.1 158.8
356 373.5 378.4 306.1 253.4 222.9 216.2 226.9 253.7 285.7 304 288.6 227.1 151.1 113.7 79.5 74.9 82.7 97.8 145.7 227.7 251.3 247.3 256.2 268.2 281.8 297.9 307.3 298.1 313.1 347.9 387.6 416.5 402.8 372.9 284.9 218.7 191.9 187 184.8 171.8 112.3 99.6 83.2 61.6 40.8 102.5 121.3 126.6 134.8 137.9 100.4 90.4 180.8 205.9 161.6 321.4 578.2 484.6 -9999 -9999 -9999 -9999 -9999 -9999 52.7 77.3 141.7 180.3 178.6 183.5 196.5 193.1 179 161.9 172.5
