datasets/global_precipitation_1950_2017/rasters/precip_1950-total.asc
NCOLS 720 
NROWS 347 
XLLCORNER -180 
YLLCORNER -90 
CELLSIZE 0.5 
NODATA_value -9999 
[rows 34 to 67 of 347, columns 380 to 455 of 720]
-9999 -9999 -9999 -9999 -9999 1031.7 1307.3 -9999 991.8 741.8 744.7 564.8 549.7 613.4 631.7 603.5 615 592.2 530 519.1 545.1 488.7 464.5 453.1 605 491.2 577.2 544.4 570.6 556.4 539.9 525.9 537.8 461.9 454.2 466.4 479 468.2 455.2 452.3 449.9 444 440.6 438.6 440.9 447 444.3 420.7 -9999 -9999 -9999 -9999 -9999 -9999 370.6 382.3 399 415.2 437.4 433.9 -9999 -9999 -9999 -9999 369.8 387.5 401.6 -9999 409.4 415.8 429.5 455.6 484.2 511 540.7 565.1
-9999 -9999 -9999 -9999 -9999 1039.5 1134.2 888.8 754.5 666.8 612.1 655 738.4 675.8 649.7 636.1 597.2 589.4 542.5 504.3 485.3 471.6 495.6 457.2 451.4 485.4 -9999 -9999 -9999 477.7 527.4 571.2 570.8 552.8 568.1 555.8 545.9 532.2 488.7 474.2 471.9 469.2 459.5 454.7 462.7 468.6 458.2 429.5 394 -9999 -9999 -9999 -9999 -9999 -9999 -9999 -9999 -9999 -9999 -9999 -9999 398.8 396.1 396.1 394.2 390.1 383.6 370.6 306.7 354.7 407.9 455 498.6 539.7 581.7 617.1
-9999 -9999 -9999 -9999 -9999 1180.1 1077.3 850.4 618.5 635.9 715 775.9 720.3 610 669 679.3 609.6 568.2 591.5 526.3 483.2 542.6 477.2 -9999 -9999 -9999 -9999 -9999 -9999 -9999 -9999 471.2 512.2 533.7 508.5 566.9 593.7 577.5 532.9 513.8 517.8 491.6 480.1 487.2 493.2 483.1 457.9 437.9 428.6 -9999 -9999 -9999 -9999 -9999 -9999 -9999 -9999 -9999 -9999 -9999 486.5 477.7 473 468.7 461.2 447.1 431.5 422.4 424.4 447.7 489.9 528.6 560.4 593.1 624.8 651.7
-9999 -9999 1178.9 1483.9 1456.5 1062.9 972.8 875.9 753.5 723.2 767.3 718.3 687.3 629.7 643.9 657.6 492.8 487 544.5 581.2 594.4 550.1 -9999 -9999 -9999 -9999 -9999 -9999 -9999 485.9 484.4 498.2 544.8 556.3 565.1 596.5 666.3 570.1 578 524.8 552.6 542.6 526.7 523.4 527.2 513.2 480.5 456.3 443.3 444 -9999 -9999 -9999 379.7 389.1 398.8 -9999 -9999 -9999 -9999 524.2 511.6 488.6 483.4 487 496.1 502.2 500 500.4 516.2 545.3 571.5 593.3 618.7 643.2 653.6
-9999 1287.5 1092.5 1119.1 1021.7 912.5 782.7 678.5 646 677.4 696.6 652.4 676 678.2 606.4 608.4 640.2 627.6 620.8 692.6 707.7 694 -9999 -9999 -9999 -9999 -9999 -9999 547.7 509.1 503.4 489 527.8 536.1 536.9 516.5 611.1 599 606.1 558.8 638.3 621.9 590.9 551.6 526.1 512 506.1 498 489.8 475.6 458.5 462.9 -9999 -9999 -9999 -9999 539.4 528.4 514.1 507.7 504.3 475.5 455.2 443.5 463.8 480.5 492.4 504 518.7 534.6 547.1 557 565.7 574.1 578.1 577.8
1451.3 1337.4 910.3 862.5 999.2 882.9 847.6 838.2 835.4 662.5 655.2 627.9 696.1 658.7 672.5 832.9 813.6 721.7 873.9 793.2 732.7 -9999 -9999 -9999 -9999 580 567.9 570.8 608.7 557 457.6 534.5 543.3 559.9 607.7 648.4 617.5 595 633.9 678.5 659.5 623 618.7 586.4 539.7 515.7 519.9 544.8 580.1 563.4 541.4 532.5 533.5 546.4 576 614.5 625.3 592.1 558.6 539.4 524.1 507.4 487.8 475.6 478.8 490.3 503.8 519.4 533.8 538.1 543 542.2 532.5 518.6 501 478.8
910.7 856.2 853.4 912.7 830.6 665.6 640.3 708 655.2 641.3 667.1 648 697.8 679.6 656.9 664.9 893.5 727.2 -9999 -9999 -9999 -9999 -9999 -9999 614.1 582.9 607.6 612 599 535.8 550 591.9 552.7 575.2 558.3 584.8 607.3 632.9 595.4 644.2 644.7 665 676.4 651.2 578.9 507.3 446.9 485.7 568.4 610.5 625.6 631.6 621.5 602.4 583.8 565.6 546.4 521.8 505.4 537.8 578.7 563.3 529.1 512.3 525.9 548.2 563.5 570.5 568 559.3 546.8 531.2 512.7 493.7 478.3 468.5
536.6 630.8 725.9 802.6 727.6 645.4 651.8 599.8 681.7 671.3 646.9 665.4 690.9 698.8 779.2 805.9 -9999 -9999 -9999 -9999 -9999 -9999 686.5 658.1 664.6 618.3 604 604.5 625.8 607.6 557.8 561.6 585.5 619 554.9 560.3 593.7 625.5 611.9 626.6 668.7 655.7 657.1 647.6 612.7 554.3 533.9 552.5 603 617.4 616 623.5 611.9 589.1 563.8 536.3 516.3 494 486.2 513.2 544.2 552.9 554.6 567.4 595.2 663.8 637.3 615.4 603.2 592.9 575.2 551.5 526.9 504 486.1 473.8
484.9 489.1 640.5 681.8 758.4 717.6 724.8 714.6 767.5 736.3 658.2 657.6 763.6 778.9 830.8 -9999 -9999 -9999 -9999 -9999 -9999 -9999 -9999 732.2 725.7 703.3 662.4 647.5 626.7 664.2 639.8 609 604.1 626.3 622.7 592.6 577.6 612.8 625.6 601.6 634 665 645.1 619.2 591.1 534 494.1 456.2 416 451.6 493 515.7 522.4 513.8 514.1 514.1 506 501.5 509 526.1 538.2 544 555.3 565 569.2 570.6 580.3 592.6 599.5 605.8 598.6 564 531.3 509.4 488.2 474.8
718.4 691.5 666.9 710.4 776.7 805.4 761.3 784.4 797.9 765.6 730.7 613 550.7 643.6 674.4 -9999 -9999 -9999 -9999 -9999 -9999 -9999 -9999 747.9 753.4 783.7 725.1 710.6 688.4 648.5 659.7 597.9 619.5 604.2 624 630.1 625.1 605.3 585.8 564.4 550.9 586 571.2 564 552.7 531.6 517.2 482.3 403.3 418.6 461.2 495 520.1 524.3 515.2 510 487.3 463 482.6 532.1 548.2 549.2 531.1 519 512.1 510.7 517.8 535.2 543.9 551 549.7 536.4 516.4 492.8 474.2 465.9
947.1 981.2 997.9 986.4 1023.9 900.3 879 823.2 757.6 739.7 642.2 629.8 588.9 663.6 -9999 -9999 -9999 -9999 -9999 -9999 -9999 -9999 -9999 699.2 678.1 656.9 687.7 661.8 647.9 662.6 670.7 650.5 642.6 651.9 646.5 641 686.9 647.4 608.3 577.4 546.8 534.8 534 536.4 530.3 517.9 518.1 519.6 509.8 508.5 515.1 518.5 519.4 526.6 522.7 504.4 477.2 453.3 466.8 507.1 524.3 506.8 461.6 405.2 386 410.3 442.2 468.1 490.3 506.1 516 524.5 527.9 470.9 452.8 449.1
1025.6 864.3 788.4 863.4 897.4 828.9 852.3 826.6 766.2 684.8 672.2 609.7 704.5 702.5 700.4 -9999 -9999 -9999 -9999 -9999 -9999 -9999 -9999 740 764.3 707.7 684.1 671.5 706.6 726.1 696.6 690.7 672.4 684 682.6 706.7 681.3 653.7 628.3 617 578.3 550.1 541.3 543.6 543 541.3 584.8 617.3 603.8 623.1 596.2 559.1 539.3 541.3 540.2 520.8 498 486.5 496.5 516 522.3 500.3 457 414.8 397.6 412.7 433 452.5 467.3 478.9 488.5 488.1 480.7 476.2 447.9 425.7
1038.6 1207.2 1062.7 857.5 847.4 920.8 827.6 822.3 865.9 754.7 699 701.7 686.8 632 590.1 574 568 -9999 -9999 592.5 621.2 -9999 -9999 -9999 715.7 -9999 754.6 773.5 739.1 707.1 -9999 724.7 -9999 -9999 -9999 -9999 -9999 -9999 533.1 507 520.7 530.2 539.6 560.9 592.9 569.5 571.5 589.8 608.5 618.5 612.6 594.9 572 558.8 543.1 519.9 499.2 475.5 468.7 488.9 505.7 494.7 472.1 455.4 447.4 447.1 459.3 474.5 485.2 487.3 486.1 480 467 443.2 383.8 282.9
1190.2 1052 1004.1 943.7 789 777.7 824.9 865.7 862.8 820.7 768 609 574.7 558.9 542.6 533.1 572.1 596.1 -9999 -9999 -9999 -9999 -9999 -9999 -9999 -9999 -9999 -9999 -9999 -9999 -9999 -9999 -9999 -9999 -9999 -9999 -9999 529.4 508.8 502.1 570 538.8 545.2 547.1 538.4 556.3 560.3 519.7 609.3 635.5 624.7 601.5 583.4 570.1 560.1 542.1 497 461.2 404.8 402.4 405.8 414.1 424.7 436.6 446.3 456.8 477.9 498.9 516.4 521.4 516.8 508.2 488.8 468.3 460.4 488.4
1330 1058.9 954.4 893.2 875.5 910.5 818.2 775.7 764.7 789.2 808.5 671.3 623.8 669 571.7 563.1 575 -9999 -9999 -9999 -9999 -9999 -9999 -9999 -9999 -9999 -9999 636.9 647.5 678.4 679.3 681 597.1 546.6 548.2 530.3 517.6 601.4 590 602.7 613 596.2 594.7 605.7 630.7 651.7 641 625.1 626.5 634.7 618.8 600.9 597.9 596.8 594.5 603.2 630.1 537.2 476 459.1 412.9 416.7 427.6 430.1 431.2 472.2 521 560.1 579.2 574 551.5 537 525.2 508.1 499.3 499.1
-9999 -9999 920.3 1060.9 1034.5 897 797.4 724.8 770.2 768.7 783.5 664.1 683.3 630.7 616 -9999 -9999 -9999 -9999 -9999 -9999 -9999 -9999 -9999 -9999 -9999 -9999 -9999 1797.7 847 673.2 615 510.9 522 559.5 667 630.1 651.8 670.4 676.7 658.2 624.3 610.6 648.7 721.3 800.1 679 591.7 579.1 596 610.7 617.1 607.1 593.1 582.4 586.4 583.4 560.5 518 488.9 475.2 483.6 508.4 516.1 517 539.8 566.3 601.6 660.6 643.8 588.4 558.3 539.6 518 500 492.4
-9999 -9999 -9999 1160.4 1039.1 959.5 816.7 807.8 754.5 716.8 664.7 606.7 666.3 -9999 -9999 -9999 -9999 -9999 -9999 -9999 -9999 -9999 -9999 -9999 528.6 -9999 -9999 -9999 -9999 702.7 639.2 594.6 597.2 670.5 633.4 638.9 677.4 742.3 772.6 698.2 656.3 620.1 601.9 635.2 694 697.5 654.5 552 547.8 592.3 614.3 623.8 616.6 604.7 597.1 596.7 607.1 612.6 574.5 535.1 511.8 501.9 526.1 557.4 576.2 579.3 569 577.6 597 588.2 558.1 542.3 535.9 506.5 483.2 480.5
-9999 -9999 -9999 -9999 1066.2 994.3 970.6 884.1 718.1 748.4 711.7 682 646.9 -9999 -9999 -9999 -9999 569.1 -9999 -9999 -9999 -9999 -9999 -9999 -9999 -9999 -9999 -9999 -9999 737.8 754.5 712.1 678.1 626.9 623.9 664.7 713 744.1 711.6 662.2 644.1 637 626.1 649.6 681.5 672.3 662.6 642.2 650.6 649.4 637.7 658.4 629.9 605.1 616 609.7 598.7 588.8 564.1 501.4 482.4 580.3 475.3 592.7 655 658.7 644.2 631.7 617 605.9 600 594.5 564.5 521.7 489.7 494.2
747.9 -9999 -9999 -9999 1128.4 1158.2 1024.5 884.9 778.4 760 686.8 667.7 604.7 -9999 -9999 -9999 583.4 -9999 -9999 -9999 -9999 -9999 -9999 747 714.2 714.8 -9999 -9999 -9999 797.5 752.2 699.4 689.7 709.8 690.8 624.4 675.1 706.7 707.9 691.7 681.8 707.5 735.9 690.2 655.1 599.9 574.9 602.4 624 623.1 602.6 585.4 581.9 594.5 615.5 615 619.1 609 604.3 592.6 581.9 581.8 593.9 638.9 687.9 705.7 700.3 632.2 592.3 594.2 609.8 580.8 548.8 522 501.1 496.8
741.6 -9999 -9999 -9999 -9999 952.7 1123.9 839.5 779.9 735.5 711.1 664.1 526.5 547.5 -9999 -9999 -9999 -9999 -9999 -9999 -9999 -9999 954.7 938.8 787.7 752.5 736.2 776.4 781.4 798.1 795.8 751.6 783.9 721.8 655.8 634.8 673.8 705 697.7 669.6 653.4 664 689.5 684.3 579.9 535.2 555.5 573.2 582 581.3 570.6 541.1 527.1 558 618.2 623.4 608.2 611.9 635.2 635.1 621.1 626.9 588.2 574.4 601.4 618.3 624.2 580.9 534.8 523.6 543.3 538.9 529.9 525.9 548.4 661.6
734.8 719 -9999 -9999 -9999 -9999 1073.8 932.6 704.8 724.8 671.4 728.4 -9999 -9999 -9999 -9999 -9999 -9999 -9999 -9999 -9999 -9999 881.8 894.6 857 790.7 737.2 736 748.5 779.9 765.7 742.5 718.9 688.3 658.3 662.1 698.7 789.4 725.7 617.1 586.3 597.6 647.3 676.7 615.6 567.3 545.5 556.2 572.9 564.2 549.4 531.8 519 515.1 562.1 591.2 601.6 616.6 542.9 592.1 624.4 585.7 585.3 575.2 571.9 578.1 595.9 596.7 500.5 505.3 501.4 495.7 490.6 491.7 500.7 537.8
-9999 -9999 -9999 632.6 724.5 -9999 700.3 796.1 -9999 -9999 -9999 -9999 -9999 -9999 -9999 -9999 -9999 -9999 -9999 -9999 -9999 -9999 925.5 1008 928.7 841.1 723.4 740.3 791.7 790.9 778.6 756.3 768.6 691.2 690.2 725.9 693.2 632 622.6 625.2 617 600.5 599.9 595.4 573.2 536.6 527.3 539.4 544.4 534.7 519.5 504.9 519.9 578.8 654.8 662.6 628.6 629.3 605.7 608.2 614.3 607.2 575.6 548.2 533 516.2 498.3 480.7 476.9 471 466.5 462.7 455.7 457.3 467.1 490.2
703.3 646.5 -9999 735.1 694.9 -9999 -9999 -9999 -9999 564.2 -9999 -9999 -9999 -9999 -9999 -9999 -9999 -9999 -9999 -9999 -9999 -9999 -9999 926.4 948.3 854.7 806.3 814.7 793.3 755.2 785.6 791.4 762.5 740.1 677 648.1 620.6 595.1 627.5 682.1 617.8 593.4 590.9 579.6 562.6 550.9 525.1 516.2 577.6 559 525.8 514.3 529.1 574.8 606.6 614.4 593.8 562.8 565.9 564.5 566 560.8 539.9 517.8 495.6 473 429 378 415.9 420.3 422.6 434.7 439.3 436 436.3 451.9
-9999 -9999 677.2 736.6 -9999 -9999 -9999 -9999 -9999 -9999 -9999 -9999 -9999 -9999 -9999 759.7 706.9 -9999 -9999 -9999 810.9 923.6 900.7 866.8 860.8 830.6 832 902.1 864.8 804.5 826.9 845.1 823.2 766 704.2 672 665.2 663.9 643.9 620 610.7 587.9 566.9 543.2 543.1 532.8 515.3 515.7 533.6 550.8 551.2 551.5 564.7 568.5 546.4 550 567.9 540.9 538.2 529.9 519.5 511 504.9 502.9 481.2 454.6 430.5 401.8 381.4 367.3 378.7 391.3 398 405.5 411 415.7
790.2 798.7 -9999 -9999 699.4 726.6 -9999 -9999 -9999 -9999 -9999 -9999 829.2 776.7 777.1 780 692.6 658.6 737.7 778.8 791.5 800.6 782.4 806.8 869.8 790.3 749.9 762.2 824.3 830.7 837.3 814.4 766.4 684.4 648 660.7 692.4 685.5 644 618.3 613.5 573.4 545.3 534.1 525.6 516.4 515.6 519.1 530.3 552.1 559.6 554.7 552.4 549.3 519.7 524.3 505.3 487.3 483.3 472.4 475.7 492.8 480.9 450.5 435.2 424.8 408.6 380.1 376 378.1 373.4 382.6 380 381.3 391.6 402.4
886.9 761.1 743.7 723.6 685.9 659.6 598.7 614.9 608.4 637.2 696.3 719 716.5 681.8 704.8 703.8 664.4 660.8 667.9 736 751.6 757.5 762.5 772.5 813.4 825.8 837.4 878.2 815.3 806.7 783.3 801.3 742.6 669.2 668.5 656.9 634.8 631.5 624.5 624.9 668.9 628.6 554.1 524.9 513.8 497.4 514.9 553.4 575.2 601.5 587.6 578.2 570.5 550.8 538.2 506.4 489.7 460.7 442.2 455.7 506.9 498.3 497.4 479.6 433.5 404.1 390.6 369.1 383.2 398.9 433.5 445.9 391.8 385.7 386.8 385.2
739.4 716.2 655.9 725.1 662.5 596.7 611.4 569.1 531.1 541.3 599.6 643.7 641.9 625.7 634.2 617.5 607.6 615.1 647.4 700.6 714.1 735.8 726.9 721.5 751 774.9 781.8 783.8 762 733.7 707 687.6 672.5 621.7 596.2 578.8 566.4 600.1 607.4 598.5 593.5 565.5 519.8 496.4 507.9 523.9 549.7 576 579.6 551.2 580.3 597.2 602.2 563.3 479.3 487.3 512.1 482.2 466 479.2 509.3 522 523 501.9 438.3 399.3 400.3 402 415.3 417.7 426.9 452.6 448.4 425.6 400.1 392.5
762.7 710.3 638.3 609.3 585.3 588.3 629 636.6 593.2 559.9 566.8 570.9 564.6 550.3 540.5 533.1 534.7 543.7 561.7 606.7 618.2 625.7 629 643.7 667.7 686.9 685.9 680.4 677.6 667.3 653.4 633.9 622.2 593.2 563.8 549.2 553.8 566 559.9 554.1 549.7 538.5 523.2 506.6 504.2 521.6 550.3 562.5 572.2 574 582.7 593.4 576.8 510.8 439.6 442.2 480.5 491 486.2 494.7 530.5 542.9 562.9 515.9 414.6 339.3 383.7 423.4 457.3 473.5 480.1 482.7 487.8 477.8 446 412.4
692.5 686.9 578.4 550.2 578.5 545.4 575 568.2 581.1 557.1 562.4 565.4 536.7 512.3 487.3 468.3 458.9 473.1 507 537.1 566.9 581 584 587.7 592.8 595.2 594.6 598.6 606.2 598.4 583.1 560.4 543.2 515.6 511.2 503.4 505.1 513.1 494.1 518.7 522.5 517.4 533.3 544 541.3 544.2 551.2 563.4 568.3 571.3 570 556.5 531.9 519.2 478 459.1 483 486.3 492.4 497.2 492.2 480.6 476.5 461.7 423 397 401.1 397.3 446.2 454.2 466.8 476.8 512.3 494.9 479.7 449.5
1250.5 1111 579.8 541.5 636.4 623.9 545.2 589.7 577.5 598.4 577.6 580.6 558.4 507.9 495.5 452.6 427.9 464.7 485 522.5 515.3 532.4 537.3 546.9 562.3 563.9 555 547.5 543.3 538.9 534.8 529.1 530.5 517.8 509.6 501.6 485 469.1 477.1 475.4 437.4 483.6 502.9 531.4 551.2 616.7 620.1 573.9 575.8 588.2 571.9 580.4 551.7 555.5 522 515.2 515.3 481.9 484.9 461.2 424.2 412.9 423.6 436.8 442.2 434.3 441.7 435.5 441.3 456 463.2 420 425.1 435.5 419.7 479.9
747 645.8 664 648.1 675.4 690.7 618.6 703.2 675.8 633 611.8 575.8 477.3 505.3 514.3 498.7 503.4 516 499.9 471.6 492.5 517.4 523.4 526.3 545.2 551.7 515.7 504 500.6 474.6 517.1 527.2 505.7 474.8 480.4 483.1 439.4 392.6 437.4 457.4 450.3 484.7 473.7 475.3 512.9 553.7 534.9 557.7 544.8 547.8 552.7 562.1 579.2 522.8 466.7 504.5 487.6 462.8 443.5 421.7 389.4 376.2 396.9 440.1 464.4 436.8 432.9 442.9 455.5 449.6 427.5 411.6 400 344 336.1 353.9
891.1 1122.1 754 840.8 776.1 783.8 846 909.2 692.8 724.1 944.8 1084.7 742.5 632.7 570.3 571 574.7 601.7 572.2 552.8 525.2 518.9 484.5 466.5 494.9 491.2 482 501.2 531 500.8 473.5 455.1 426.6 411.8 435.4 466.5 463.9 452.5 458.4 468.4 477.6 476.8 465.6 462.7 489.3 528.6 570.2 557.2 511.4 521.4 544.8 528 505.4 457.1 455 442.3 437.3 429.5 420.3 414.3 395.8 392.2 398.6 379.2 390.7 436.8 438.4 450.8 473.7 464.4 415.7 373.7 328 276.6 273.6 285.7
830.9 785.1 898.6 995.2 841.4 816.7 658.3 500 497.7 471.4 589.3 569 913.1 789.7 815.5 618.3 596.8 646.3 627.5 605.9 624 608.4 567.9 519.3 520.3 503.5 498.1 540.7 552.5 549.1 530.4 489.1 407.2 365.3 377.9 447.1 501.8 469.2 460.3 483.4 488 453.2 403 399.1 457.5 510.7 529.1 566.6 555.3 526.2 506.3 503.8 531 493.3 432.6 415 413.7 414.2 411 404.2 409.4 415.9 423.8 434.3 457.5 427.7 409.1 419.7 438.9 404.8 362.5 332.9 308.3 289.5 277.8 267.4
700.9 794.2 961.4 835.7 897.9 662.6 501.8 531.5 547.2 618.3 616 713.6 715.7 633.8 677.2 706.6 747.1 904.6 867.2 732.4 708.5 653.3 659 635.6 597.9 515.8 546.5 577.7 545.9 531.1 518.2 477.5 444.2 426.6 388.4 477.1 486.2 468.7 470.4 461.4 433.5 431.1 423.5 423.4 430.6 476.7 466.3 499 465.4 460.2 511.8 493.4 522.9 478.8 416.7 393.1 430.7 414.6 399.1 378.7 389.9 418.5 448.3 431.9 413.4 393.8 369.9 370.4 368.7 361.1 347.6 317.7 281.7 256.3 235.3 201.5
