datasets/global_precipitation_1950_2017/rasters/precip_1997-total.asc
NCOLS 720 
NROWS 347 
XLLCORNER -180 
YLLCORNER -90 
CELLSIZE 0.5 
NODATA_value -9999 
[rows 306 to 339 of 347, columns 380 to 455 of 720]
-9999 -9999 -9999 -9999 -9999 -9999 -9999 -9999 -9999 -9999 -9999 230.2 236.4 -9999 -9999 -9999 -9999 -9999 -9999 -9999 -9999 -9999 -9999 -9999 -9999 -9999 -9999 -9999 -9999 -9999 -9999 -9999 -9999 -9999 -9999 -9999 -9999 -9999 -9999 -9999 -9999 -9999 -9999 -9999 -9999 -9999 336.7 334.6 332.1 329.6 327.5 322.7 320.2 316.7 313.4 310.6 -9999 -9999 305.1 304.4 302.9 301.6 301 301.4 302.8 304.9 309.4 314.6 321 327.8 334.7 340.2 345.3 350 354 358.2
-9999 -9999 -9999 -9999 -9999 -9999 -9999 -9999 -9999 -9999 -9999 -9999 227 -9999 -9999 -9999 -9999 -9999 -9999 -9999 -9999 -9999 -9999 -9999 -9999 -9999 -9999 -9999 -9999 -9999 -9999 -9999 -9999 -9999 -9999 -9999 -9999 -9999 -9999 -9999 -9999 346.3 347.1 348.6 349.8 349.8 349.4 348.5 347.2 345.7 344.3 342.6 339.4 337.6 335.7 333.4 332 326.7 325.6 324.1 323.8 324.6 321.3 325.5 325.4 327.7 332.7 332.5 337.9 345.4 350.6 352.8 361.6 358.9 367.6 371.7
257.3 249.7 238.6 196.7 224.1 228.1 228.4 228.8 229 231.1 232.7 231.5 236.6 238.2 240.9 245 247.3 250.8 -9999 -9999 -9999 -9999 -9999 260 263.6 -9999 -9999 275.5 274.7 -9999 -9999 -9999 -9999 -9999 -9999 308 313.6 319.9 326.1 332.3 338 343 347.5 350.7 352.9 355.8 358.6 360.4 361.8 356.8 356.5 360.3 356.5 356.9 355.7 352.7 352.3 349.6 354.8 352 350.5 348.9 350.4 352.7 353.3 355.4 359.6 361.3 363.4 364.9 368.5 373.6 378.7 384 385.9 388.8
312.5 317.3 321.9 322.9 315.4 302.8 290.2 279.6 271.3 266 262.2 256.9 254.6 253 253.4 253.8 253.7 258.8 257.4 258.2 256.6 260.1 259.4 259.4 264 265.1 264 264.4 267.2 270.1 272.9 275.8 279.2 284.9 291.5 296.9 301.4 307.7 315 322.7 329.9 337.3 344.4 350 354 356.6 361.3 366.1 370.1 362.8 364.7 374.3 374.2 373.7 373.3 374.2 376.7 379.1 379 378.6 379.3 380.9 376.9 372.5 375.7 378.5 379.2 379.9 380.8 381.8 384.1 388.6 392.7 397.3 401.6 403.4
331.5 331.4 330.1 327.8 326.1 318.4 311.7 304.2 304.5 297.2 290.6 284.4 279 274.6 272 268.5 266.1 264.6 263.9 273.5 269.1 267.9 266.7 265.7 268.1 267.5 264.8 264.7 265.2 269.6 270.7 272.6 274.7 277.4 282.4 287 290.5 296.5 303.2 310 316.9 324.1 331.7 338.7 341.7 350.1 352.5 357.4 362.4 355.4 360.3 371.3 372.8 373.7 379 380.2 384.8 385 385.3 385.2 386.5 388.5 390.7 393.2 391 386.3 389.9 389.4 386.4 384.8 386.7 392 399.1 399.5 405.3 406.9
338.7 346.6 344.6 341.6 337.8 331.8 327.3 321.9 316.4 310.5 304.7 299.2 296.8 291.7 284.5 280.6 279.9 294 289.1 284.8 278.2 276.9 276.4 274.7 270.8 268.7 268.7 267.7 266.7 266.8 266.6 267.3 270.3 270.6 271.6 273.8 277.8 281.7 286.1 290.7 295.9 300.5 305.8 311.5 314.8 319.1 327.5 330.5 333.6 334.9 336.3 347.6 351.4 355.1 361.1 363.4 362.3 363.4 364.2 365 366.6 369.4 372 374.6 380 382 380.4 381.6 382.9 374.1 380.5 383.6 387.1 388 390.3 393.5
352.7 351.1 348.5 346.1 343 337.6 333.9 329.7 325.4 320.5 315.6 310.5 305.5 299.8 295.6 290.8 316 308.8 302.8 296.7 291 283.2 278.5 275.3 271.9 268.5 266.9 266.3 264.8 262.9 261.4 260 256.8 254.1 253.3 255 257 257.5 259.9 261.8 264 266 268.5 272.7 275.7 278.6 281.1 284.2 287 289.9 292.8 296.2 302.5 305.8 308.1 311.1 313.8 316.4 315.1 317 319.1 321.5 327.6 329.4 331.4 334 337.9 338.6 341.4 343.8 346.3 348.5 347.1 346.5 351.4 356.4
356.2 353.6 350.9 348.4 345.6 342.1 338 334 329.8 325.3 320.6 315.6 310.4 305.3 300.1 294.5 322.9 315.3 307.7 300.4 293.4 286.5 279.9 273.3 267.2 262 257.9 255.8 251.3 249.2 245.6 240.8 235.3 229.9 224.3 220.4 220.1 220.7 222.1 224 226.7 225.2 224.8 229.2 229.8 228.3 227.7 228.5 230 232.2 234.1 235.7 237.8 240.2 242.1 243.9 245.7 247.5 250.7 253.9 256.5 258.6 261 263.6 266.8 269.5 271.9 274.2 276.8 278.5 281.9 285.5 289.6 290.1 292.7 293
360.8 358.4 355 351.5 348.1 344.3 340 335.4 330.5 325.8 320.3 314.9 309.2 303.8 298.3 291.1 322.4 313.8 304.4 295.3 286.2 283.9 273.9 263.7 253.9 246.4 239.8 233.8 228.8 224.7 219.6 212.2 204.5 196.7 188.4 180.9 178.1 176.4 175.6 175 176 177.4 179.5 179.4 174.5 178.2 165.7 162.6 171.6 163.3 164.2 160.9 158.3 155.9 153.9 156.6 163.3 169.7 175.3 180.9 183.3 182.7 182.4 182.4 182.7 185.7 191.1 196.4 201.1 205.2 207.9 208.8 210 211.1 220.7 217.4
364.4 360.7 356 352.9 348 342.8 338.4 332.8 328.4 319.6 316.5 309.6 302.4 294.7 288 318.3 308.4 302.6 291.8 280.3 276.9 265 253 241.2 230.1 221.9 213.6 205.2 198 191.5 185.7 180 170.8 161.7 152.4 144.8 141 138.5 137.3 135.9 129 125.5 127.2 129.6 127 119.9 113.2 128.3 110.1 113.8 113.5 110.1 106.3 103.3 100 101.2 106 110.7 115.5 120.1 120.7 119 117 115.2 113.6 115.8 121.3 126.5 131.2 136.4 138 137.1 135.3 133.8 132.2 134.6
364.6 359.4 354.7 347.2 345.2 337.6 331.1 323.7 317.2 311.5 303.1 295 286.5 277.7 268.5 297.2 288.7 279.6 270.1 260.2 248.1 235.4 222.9 210.5 201.6 192.8 183.3 173.5 164.4 157.5 151.9 146.8 141.6 132.9 123.5 116 110.1 102 94.7 89.8 88.3 87.6 88.3 89.7 91.1 85.1 78.7 75.6 78.3 81.1 80.5 76.3 72.6 68.9 65.8 66.1 70.1 74 78 81.8 82.3 79.6 77.3 75 72.9 73.7 77.4 80.5 83.8 86.6 83.9 81.1 78.3 75.5 75.4 75.6
361.1 354.9 346.8 340.3 332.5 324.4 316.7 307.5 298.6 289.9 280.6 271.5 261.4 251.4 242.5 233.7 225 247.1 236.7 224.5 212.3 199.7 187.6 178.8 170.5 161.8 153.9 145.4 136.6 129.4 123.9 116.9 109.4 105.1 100.2 94.5 87.4 80.7 74.2 69.6 67.2 65.1 63.6 63.1 63.5 61.5 67 56 57.8 59.7 58.6 54.9 51.3 48.2 45 44.9 47.6 50.6 53.1 55.8 55.7 53.3 50.6 48.4 46.1 46.3 48.4 50.9 53.2 51.5 48.5 46.1 43.6 41.9 43.9 43.7
345 337.8 327 318.1 309.2 300.7 291.5 282.3 272 261.7 251.7 242.7 231.2 222.8 212.3 202.2 192.3 182.4 199.8 187.8 176.2 165.5 157.1 149.7 142.2 134.8 127.7 120.8 114 108.7 104 98.2 93.7 90.2 86.4 81.8 75.7 70.2 64.9 59.3 69.5 67.9 62.9 49.4 48.6 48.1 45.5 45.2 45.4 45.8 44.4 41 38 35.1 32.1 31.5 33.3 34.3 35.8 37.2 36.9 34.4 32.2 29.8 27.6 27.2 28.5 29.5 29.1 26.9 24.6 22.7 28.5 21.9 22.7 22.3
318.2 309.6 300.7 292.2 278.8 271.5 260.5 250.3 241 230.8 220.3 209.7 199.9 189.9 179.9 169.3 159.4 151.2 164.6 155.2 146.7 139.8 132.2 125.8 119.5 113.3 108.5 104.2 99.4 95.1 90.5 86.3 80.8 78 74.7 71.9 67.6 62.8 58.5 54.6 51.5 49 46.9 45 43.1 41.4 40 38 37.1 36.8 35.9 32.9 30.2 27.6 25.4 24.1 24.3 24.3 24.4 24.4 23.9 21.9 19.6 17.5 15.3 14.5 14.4 14.1 12.6 11 9.9 14.4 8.8 9.2 9.5 9.4
285.4 274.1 263.7 255.1 244.5 233.2 223.5 215.3 204.9 195.1 184.9 175.3 166.9 158.8 150.1 142.3 134.9 127.7 121.2 115.3 114.8 117 111.2 107 102.9 99.1 94.4 91.7 88.2 84.6 80.7 75.1 70.9 68.5 65.7 63 60.3 57.5 54.1 50.8 48 45.6 43.5 41.8 40 37.7 35.1 33.2 31.9 29.7 27.7 25.7 24.3 24.3 21.9 20.8 19.9 16.9 15.3 13.7 12.6 11.1 9.9 10.3 7.7 6.7 6.4 4.6 3.5 3.1 3 2.6 2.5 2.1 1.9 1.2
245.9 234.9 226.7 216.1 207.6 197.5 187.3 178.1 170.2 163.3 155.7 146.3 140.1 132.6 127.6 122.4 115 110.5 106.4 101.3 107.3 101.4 95.1 90.6 90.2 86.2 82.5 78 75.5 72.4 69.1 66.2 63.3 62.1 59 56.1 53.7 51.2 49 46.6 44.3 41.4 36.7 37.1 35.7 33.1 31.4 29.7 27.3 25.5 24 22 20.6 19 17.5 16.1 14.7 13.5 12 10.8 9.7 8.2 7 5.4 4.4 3.4 2.4 1.6 1.4 1.3 1.1 0.8 0.5 0.3 0.1 0
213 202.3 192.3 183.3 176.6 164.9 158.4 150.6 143.2 137.7 131.3 124.3 120.6 114.2 109.1 105.5 100 96.7 93.2 89.1 85.4 84.2 84.5 79.4 75.7 72.7 70.3 67.4 65.1 62.5 59.8 59 56.1 54.3 51.4 50.3 48 46.1 43.3 41.2 39 37.2 35.2 33.7 31.7 29.7 28.1 26.3 24.5 22.7 20.6 18.7 18.7 15.6 14.2 13 11.7 10.3 9.4 8.4 7.4 6.2 5.2 4.5 3.4 2.6 1.8 0.8 0.3 0.2 0.1 0 0 0 0 0
181.5 173.1 165.1 157.3 149.9 142.8 136.2 129.7 124 119.4 117.9 110.5 105.9 101.7 98.2 93.9 90.6 86.9 83.2 81.8 78.5 75 73.2 71.7 68.1 65.2 61.6 59.5 57.7 55.6 53.4 51.4 49.8 47.9 46.2 44 42.6 40.7 38.8 37.2 35.3 32.7 31 29.7 28 26.3 24.8 23.1 21.9 20.3 18.7 17.6 15.8 14.5 13.5 11.9 10.5 9.4 8.9 7.6 6.8 5.9 4.9 4.1 3.3 2.6 1.9 1.3 0.6 0 0 0 0 0 0 0
154.8 150.2 145.4 141.4 137 133.3 127.3 121.4 116.3 111.6 107 101.9 98 94.8 91.5 87.8 83.9 81.1 79 76.1 73.1 69.5 65.9 65 61.9 58.7 55.4 52.7 51.1 49.4 47.4 45.4 43.6 41.9 40.6 38.4 36.6 35.2 33.1 31.6 30.4 28.6 26.9 26.2 25.2 23.9 22 20.6 19.4 18.2 17 15.7 14.3 13.2 12.2 11 10 9 8.3 7.5 6.8 5.9 5.2 4.6 3.9 3.3 2.7 2 1.4 0.8 0.4 0 0 0 0 0
134.4 130.8 127 123.4 120.2 116.8 113.7 110.6 107.7 104.5 101.5 98.5 93.8 90.1 85.4 81.2 79.7 75.7 72.3 69.7 66.8 63.9 62.6 59 56.3 53.6 51.7 48.8 45.7 43.4 40.7 39.1 37.5 36.1 33.2 32.7 31.1 29.8 28.3 27.1 25.9 24.8 23.7 22.6 21.5 20.5 18.4 18.3 17.2 16.4 15.1 13.9 13.2 12 11.1 10.3 9.4 8.6 7.9 7.3 6.7 6.1 5.4 4.9 4.3 3.7 3.2 2.6 2.1 1.6 1.1 0.7 0.4 0 0 0
136.6 132.5 128.2 124.4 107.6 104.3 101.8 98.9 96.2 93.1 90.7 88.2 85 82.6 80 77.4 74.7 70.5 66.8 65.3 63.3 59.9 57.5 54.8 52.4 49 46.8 44.9 42.7 40.5 38.2 34.2 33.8 31.2 29.2 27.6 26.6 25.2 24 23.1 22.1 20.9 20.1 19.3 18.4 17.6 16.7 15.9 15.2 14.4 13.5 12.2 12 11 10.2 9.5 8.8 8.2 7.5 6.9 6.4 6 5.4 4.9 4.4 3.9 3.4 3 2.6 2.1 1.7 1.4 1 0.7 0.4 0.1
114.8 110.3 107.4 104.1 101 97.9 94.6 92.2 89.2 86.5 83.7 80.9 78.3 75.9 73.3 71.1 68.2 65.6 63.3 61 56.9 56.1 53.8 51.6 49.2 47 44.4 41.9 37.3 37.1 35.1 33.3 31.5 30 28.3 26.4 23.7 22.3 21 19.8 18.7 18.2 17.2 16.5 15.9 15.1 14.4 13.8 13 12.4 11.8 11.1 10.5 9.8 9.2 8.6 7.8 7.5 6.8 6.3 5.9 5.4 5 4.5 4.2 3.8 3.4 3.1 2.7 2.3 2 1.6 1.4 1 0.8 0.6
108.8 104.8 101.3 98.1 95.2 92.5 89.4 86.5 83.6 81.4 78.3 75.5 72.5 69.5 66.9 64.1 64.4 59.7 57.6 55.5 53.3 51.6 49.5 46.5 43.8 41.1 40.8 37.5 36 34.3 32.3 30.6 29.2 27.5 26 24.9 23.1 22.1 21 19.7 18.6 17.6 16.7 15.8 14.6 13.5 12.7 11.7 11.1 10.5 10 9.6 9.1 8.6 8.1 7.7 7.1 6.4 5.9 5.5 5 4.6 4.3 4.2 3.6 3.3 3 2.7 2.4 2.1 1.9 1.6 1.4 1.1 0.9 0.7
96.3 98.1 95.1 92.4 89.5 81.3 78.5 76.3 74 71.5 69.2 66.8 70.5 67.9 65.7 63.1 61.4 58.9 53.2 51.6 49.6 47.7 46 43.8 41.9 40.5 38.8 37.1 33.5 32.1 30.9 29.6 28.5 27 25.3 24.2 23.1 21.8 20.6 19.8 18.8 17.9 17 15.6 14.8 14.1 13.2 12.5 11.8 11.1 10.3 9.7 8.9 8.3 7.6 7 6.2 5.8 5.2 4.9 4.6 4.1 3.9 3.5 3.2 2.8 2.7 2.4 2.2 2 2 1.8 1.4 0.9 0.8 0.7
90.3 87.5 84.5 82 79.2 77 74.6 72.3 70.1 68.3 66 63.9 62.1 59.8 58 55.9 54.3 52.5 50 48.8 46 44.5 43.7 40 38.5 37.2 35.9 34.5 33.5 32.1 30.9 29.5 28 26.8 26.2 25.1 23.8 22.9 21.7 20.7 19.8 17.7 16.8 16 15.6 14.8 13.5 12.8 12.2 11.6 11 10.3 9.8 9.2 8.6 8 7.5 6.9 6.4 5.9 5.5 4.9 4.5 4.1 3.6 3.2 2.8 2.6 2.1 1.9 1.7 1.3 1.1 1 0.9 0.6
83.2 80.5 78.3 76 74 72 69.9 67.8 66.1 64 62.3 60.3 58 55.7 53.6 51.2 49 47.2 45.2 44 42.3 42.1 39.5 38.3 37.2 35.8 34.8 33.8 32.5 31.3 30.3 29.2 28.4 26.9 25.9 24.8 23.8 22.9 21.6 20.9 20.4 19.2 18 17.1 16.5 15.9 14.8 14 13.3 12.4 11.7 11 10.3 9.6 9.3 8.5 8 7.5 7 6.5 6 5.6 5.1 4.7 4.3 4.1 3.7 3.4 2.9 2.7 2.5 2.3 2.1 1.8 1.6 1.4
76.3 73.8 71.7 69.5 67.3 67.5 65.2 62.7 60.3 58.1 56.7 54 52.7 50.9 49.6 47.8 46.3 44.7 43.1 41.7 39.2 38.1 36.6 35.5 34.7 33.7 32.4 31.5 30.5 29.7 28.7 27.7 26.7 25.8 25 24 23.2 22.3 21.3 20.6 19.9 19 18.2 17.6 16.7 15.6 14.7 14.2 13.4 12.8 12.1 11.7 10.3 9.9 9.2 8.7 8.2 7.6 7.1 6.8 6.5 6 5.7 5 4.6 4.2 3.9 3.7 3.5 3.1 2.6 2.5 2.3 2.1 1.9 1.7
70.7 68.6 65.8 63.1 60.7 58.6 56.6 55.2 53.6 51.5 50.3 48.8 47.1 45.8 44.5 42.9 41.5 40.1 40.1 37.8 36.5 35.4 34.3 33 32.2 31.2 30 29.2 28.3 27.4 26.5 26.6 25.7 24.7 23.8 23 22 20.6 19.8 19.4 18.6 18 17 16 15.5 14.7 14 13.3 12.9 12.2 11.5 11 10.4 9.7 9.5 8.5 8 7.6 7.2 6.7 6 5.7 5.2 4.7 4.2 4.1 3.6 3.4 3.1 2.9 2.7 2.4 2 1.9 1.8 1.6
61.3 59.5 58 56.2 52.1 50.7 49.3 47.8 46.6 45.6 44.2 43.1 41.8 40.5 39.4 38.3 38.3 36.5 35.3 34.4 33.8 32.8 31.7 30.8 29.8 29.1 28 27 26.1 25.4 24.7 23.7 22.9 22.1 21.3 20.6 19.9 19.2 18.4 17.8 17.1 16.5 15.9 15.1 14.6 13.6 13 12.5 12 11.5 11 10.4 9.9 9.6 9 8.5 8.2 7.7 7.2 6.6 6.3 6 5.5 5.1 4.9 4.5 4.2 3.7 3.2 3.1 2.5 2.4 2 1.7 1.5 1.3
50 48.7 47.4 46.5 44.8 43.7 42.8 41.7 40.9 39.8 38.7 37 36.2 35.3 35.4 33.4 32.6 31.9 31.1 30.1 29 28.2 27.5 26.7 25.9 25.1 24.1 23.6 22.8 22.2 21.7 20.8 20.1 19.3 18.6 17.9 17.2 16.7 16 15.3 14.7 13.9 13.3 12.8 12.2 12.5 11.9 12 10.6 10.2 9.8 9.4 9 8.6 8.1 7.4 7 6.8 6.3 6.2 5.9 5.6 4.9 4.6 4.4 4.1 4 3.6 3.5 3.3 2.9 2.7 2.6 2.3 2.3 2
43.2 42.1 39.8 39 38.1 37 35.9 35 33.9 32.6 32.9 31.2 30.5 29.5 28.8 28.2 27.4 26.6 25.9 25 24.5 23.8 23.1 22.5 21.6 20.9 20.3 19.8 19 18.5 18.7 18.1 17.5 16.4 15.8 15.2 14.4 14 13.5 13.1 12.7 12.2 11.6 11.1 10.5 10.2 9.8 9.4 9.2 8.4 8 7.6 7.2 6.9 6.6 6.2 6.1 5.7 5.5 5.2 4.8 4.6 5.4 5.2 4.8 4.7 4.4 4.2 4 3.9 3.6 3.5 3.2 3.1 3 2.8
32.6 32 31.5 30.6 29.7 29.2 28.6 28.5 27.6 26.6 26.1 25.5 24.7 24.1 23.6 23.1 22.4 22.6 21.9 21.7 21.3 20.6 18.6 18.1 17.6 17.2 16.6 16 15.7 15.6 15.3 14.3 13.9 13.3 12.9 12.3 12.1 11.7 11.3 10.9 10.7 10.4 9.8 9.5 9.1 8.6 8.4 8.1 7.8 7.6 7 6.5 6.2 5.9 5.7 5.5 5.3 5.1 4.9 4.7 4.5 4.2 4 3.8 3.7 3.6 3.3 3.1 4.5 4.2 2.7 2.6 2.4 2.4 2.3 2.3
25.1 24.8 24.7 24.2 23.2 22.9 22.3 22 21.5 20.7 20 19.7 19.3 19 18.6 18.2 17.8 17.3 16.9 16.4 16.1 15.5 15.1 14.8 14.4 14.1 13.9 13.2 12.9 12.7 14.4 13.9 13.6 13.4 13.2 12.7 12.4 9.8 9.4 9 8.8 8.4 8 7.9 7.4 7.3 7 7.1 6.5 6.1 6 5.7 5.6 7.2 7 4.7 4.6 4.5 4.4 4.3 4.1 4.1 3.9 3.7 3.6 3.3 3.2 3.2 3 2.9 2.8 2.7 2.7 2.5 2.5 2.4
18.7 18.5 18.2 17.8 17.3 17.1 16.6 16.3 16 15.6 15.1 14.8 14.6 14.3 14 13.7 13.5 13 12.7 12.5 12.2 11.7 11.3 11.2 10.8 10.7 10.5 10.3 9.8 9.5 9.2 9 8.7 8.4 8.3 9.8 9.7 9.4 7.3 7.3 6.9 6.6 6.4 6.4 6.1 6.1 5.8 5.4 5.2 5.2 5.2 4.8 4.8 4.6 4.5 4.4 4.2 4.1 3.9 3.8 3.7 3.5 3.5 3.3 3.1 3.1 3.1 2.9 2.8 2.8 2.7 2.6 2.5 2.5 2.4 2.3
