datasets/global_precipitation_1950_2017/rasters/precip_2005-total.asc
NCOLS 720 
NROWS 347 
XLLCORNER -180 
YLLCORNER -90 
CELLSIZE 0.5 
NODATA_value -9999 
[rows 102 to 135 of 347, columns 532 to 607 of 720]
374.8 412.6 421.6 426.4 422 412.4 431.9 446.8 466.6 482.2 487.6 492.2 521.1 581.8 651.2 691.5 677.6 651.8 625.8 599.5 585.5 575 577.6 623.9 701.4 752.9 759 788.2 867.4 845.8 818.1 820.3 813.2 794.3 761.1 766.1 785.3 799 775.1 770.6 919.8 1059.6 1249 1497.1 1509.9 1194.7 963.4 908.8 986.3 1070.2 991.2 978.5 1058 1153 1144.6 1309.4 1281.3 1279.9 1291.6 1223.7 1283.2 1116.3 1072.5 1026.1 980.1 969.1 999.2 986.3 991.8 894.9 777.5 -9999 -9999 -9999 -9999 -9999
533.7 553.4 519.3 449.7 415 411.5 421.6 436.2 452.3 468.2 476 473.6 493.6 579.9 667.9 711.9 691.5 655.6 629.2 605.8 573.2 553.8 556.2 622.8 734.5 770 737.7 704 743.2 771.5 782.1 809.2 822.1 808.6 816.3 843.2 818.4 792.5 831.5 891.6 962.3 1126.7 1325.1 1498.3 1503.8 1286.2 1077.4 1024 1047 1066.1 1002.3 945.7 946.4 947.7 776.5 1142.3 1253.7 1279.4 1305.3 1324.3 1367.8 1198.9 1154.6 1066.2 863.4 921.9 973.6 955.4 894 852 861.5 813.7 -9999 -9999 -9999 -9999
980.4 898.6 678.6 482.4 399.1 393.6 416.9 429 437.1 457.5 470.8 474.9 501.1 608.9 695.9 705.8 688.7 662.2 641.7 622 575.9 525.7 500 567.8 662.5 710.4 701.9 699.9 724.9 728.7 738.2 759.4 704.4 746.6 907.4 965.2 831.3 780.7 854.5 949.1 1016.5 1147.4 1276.6 1513.7 1401.1 1272.9 1088.5 1082.3 1105.8 1063.1 1059 1006.7 868.1 861.3 921.6 1087.2 1208.4 1329.5 1354.1 1450.2 1685.4 1504.4 1329.7 1166.2 1055.4 1097.8 1066.5 1008.8 864.2 869.4 959.3 -9999 -9999 -9999 -9999 -9999
1767 1395.3 884.1 537.3 413.8 397.7 425.8 448.3 452.5 462.1 477.1 496.2 542.5 639.6 722.9 697.1 678.3 676.9 678 663.1 620 554.3 523.2 537.4 593.7 631.1 644.9 680.8 730.7 738 763.5 799.2 742.7 820 941.5 836.3 825.7 871.1 935 1008.9 1091.7 1148.2 1323.4 1405.9 1310 1251.4 1174.5 1162.8 1134.5 1049.1 1021.5 1035.6 962 946.8 1029.5 1093 1206.6 1319.2 1472.5 1578.8 1546.3 1436.9 1381 1437.3 1404.8 1256.5 1184.7 1075.2 953.6 917.7 914.7 -9999 -9999 -9999 -9999 -9999
2178.1 1794.3 1082.7 581.3 478 474 480.3 481.2 472.9 468.9 475.2 485.9 514.5 576.5 634.3 646.6 645.4 677.1 735.5 771.7 719.5 637.7 567 546.3 562.6 581 564.8 651.8 775.1 794.8 844.7 914.6 953.8 1105.6 1199.2 1041.9 974.5 943.7 953.6 1010.5 1044.8 1100 1239.1 1448.9 1383.5 1310.7 1310.3 1266.4 1216.4 1091.1 1040.6 1001.3 1042.9 1052.8 1144.2 1221.6 1252.4 1414.9 1599 1784.4 1774 1510.8 1435.2 1599.1 1911.4 1528.4 1421.7 1185.5 1155.6 -9999 1159.5 -9999 -9999 -9999 -9999 -9999
2033.7 1655.6 1068.6 599.7 564.5 512.8 529.8 523.7 492.3 472.3 486.7 452.2 438.9 463.9 534.5 600.7 585.3 638.7 745.1 816.9 829.1 751 625.9 566.1 566.2 536.8 526 633.2 754.6 808.5 876.2 903 950.7 1184.5 1580.9 1424.7 1274.4 1095.3 1018.9 1035 989 1043.7 1067.5 1158.6 1216.9 1261.4 1298 1300.9 1302.8 1235.7 1155 1100.6 1106.9 1165.5 1245.4 1518.4 1613.3 1669.8 1849.4 2350.4 2257.6 1729 1470.5 1404.8 1401 1343.4 1283.4 1237.9 1299.8 1379.1 1361.2 1302.9 1205.7 -9999 -9999 -9999
1642.7 1009.7 432.6 534.5 764.5 438 550.6 417.8 464.5 460.5 446.7 405.9 362.7 330.5 407.3 644 896.8 961.9 1229 1286.2 1278.7 1186.4 879.7 596.1 541.9 523.1 549.3 632.1 697.2 787.4 905 889.9 921.3 946 1587 1596.1 1330.9 1216 1184.2 1143.7 1078.2 1085.8 1132.9 1109.4 1086.8 1204 1246.2 1281.2 1324.6 1312.7 1330.3 1294.9 1278.6 1272.1 1248 1495.1 1801.8 1909.7 2031.3 2265.1 2225.9 1584.9 1300.8 1406.7 1395.5 1338.6 1315.1 1308.4 1172.7 1667.6 1808.1 1508.1 -9999 -9999 -9999 -9999
601.4 288 222.6 808.6 1301.5 1782.6 1023.2 336.1 417.6 404.4 390.1 353.9 308.6 260 266.9 1303 2575.7 3213.7 3520.4 2950.7 2558.1 2433.5 1850.8 913.4 623.5 496.7 528.9 612.6 683.7 786.7 883.7 850.2 888.9 1000.9 1130.1 1163.9 1213.6 1250.6 1368.9 1263.1 1123.8 1093.9 1136.5 1060.8 1111.4 1212.8 1201.4 1195.5 1233.6 1309.6 1418 1452.1 1430.9 1437.3 1433.9 1549.3 1779.6 1873.6 1917.6 1953.6 1917.6 1675.9 1594.6 1602.6 1551.3 1451.2 1444.7 1517.3 1658.7 2239.9 2249.8 -9999 -9999 -9999 -9999 -9999
755.9 760.2 1131.5 1661.5 1711.3 1358.3 935.3 696.9 484.7 439.1 554 399.1 296.5 247.2 409.9 3377.3 4708.9 4749.4 4062.6 2930.4 2533.1 2575.8 2703.9 1666.7 948.4 535.1 535.3 641.3 716.1 787.8 856.5 865.5 857.5 884.1 878 804.8 1035.5 1162.3 1208.1 1157.3 1025.7 900.5 936.7 911 901.2 1020.6 1090.4 1112.1 1206.4 1267.3 1342.1 1454.2 1544.1 1538.6 1484.6 1543.7 1578.9 1646.7 1690.2 1772.2 1861.4 1878.9 1849.4 1823.5 1752.5 1698.3 1628.7 1627.4 1745.2 1887.1 -9999 -9999 -9999 -9999 -9999 -9999
1592.2 1375.2 2406.2 1742.7 2045.6 1196.5 497.5 1452.5 2923.4 3042.7 2567.6 1817.7 884.6 813.4 1926.6 3442.8 3822.2 4423.9 2855.6 2270.3 2307.3 2659.3 3246.1 2832.9 1777.2 967.8 697.8 746.2 804.6 827.2 865.2 876.7 843.4 850.9 767.4 673.3 774.5 883.1 908.1 935.3 945.1 903.6 936.9 883.3 835.2 947 1028 1016.8 1081.6 1156.3 1249.2 1396.6 1629.2 1722.9 1638 1547.5 1421.1 1523.1 1618.9 1698.4 1785.6 1804.8 1917.9 2043.5 1930.9 1800.9 1756 1779.3 1839 -9999 -9999 -9999 -9999 -9999 -9999 -9999
1028.6 1619.4 1205.3 1382.3 2581 2546 2319.5 4517.4 4408.2 2989.3 2613.7 2439.9 2247.4 2132 2150 2685.5 2933.4 2140.6 2109.6 2268.6 2271.7 2831.5 3368.4 3390.6 2760 1542.7 895.3 874.3 802.1 817.7 861.4 901.6 894.5 840.7 692.9 520.7 683.8 760.2 774.1 885 987.4 990.7 977.2 950.7 946.8 921.8 997.8 959.5 1004.7 1107 1211.7 1280.3 1633.5 2029.3 1717.5 1580.9 1533.7 1630.6 1699.5 1746.8 1826 1662.8 1975.4 1994.2 1854 1831.6 1758.1 1848.3 1981.8 -9999 -9999 -9999 -9999 -9999 -9999 -9999
1036.1 1255.8 1729.7 2011.3 2945.8 3279 3909.5 4600.4 4050.9 2813.1 2829.8 2192.8 1799.6 2010.1 2098.6 1950.5 1908.9 2199.4 2261 2246.4 2362.5 2990.2 3296.1 3295.5 2951.5 1869.9 965.2 963.3 839 844 886.5 997.9 1130.2 909.6 772.5 714.7 707.4 793.1 894.9 1035.2 1080.9 1071.5 1052.8 1021.3 976.1 917.6 1059.2 1103.6 1076 1064.7 1220.9 1323.3 1400.6 1432 1554.9 1505.8 1506.6 1542 1587.5 1770.1 2023 1898.6 1884.8 1883.6 1737 1783 1724.8 1896.8 -9999 -9999 -9999 -9999 -9999 -9999 -9999 -9999
960.5 1115.5 1449.2 2070.8 2446.3 3140.6 3263.7 3390 2521.5 2531.5 2250.4 1840.9 1571.7 1390.2 1741 1519.2 2290.8 2347 2456.2 2437.1 2298 2566.2 2808.7 2798.3 2334.2 1747.6 1083.6 958.7 953.7 917.6 852 885.8 986.6 835.7 714.8 777.4 861.2 986.3 1122 1192 1141.8 1088.9 1073.7 1066.4 1077.4 1095.8 1196.2 1259.6 1332.6 1287.9 1317.1 1380.4 1408.6 1455.2 1478.8 1495.6 1473.7 1427.7 1413.5 1677.6 1844.3 1860.6 1838.6 1881.9 1903.3 1770.9 1628.5 -9999 -9999 -9999 -9999 -9999 -9999 -9999 -9999 -9999
677.8 992 1343 1627.3 1896.7 2109.7 2301.3 2610.1 2702.5 2117.3 1930.6 1912.9 1846.6 1256 1056.4 1377.1 1743.5 2004.4 2128.2 1954.1 1882 2054.8 2138 2062.9 1887.4 1405.3 1032.4 995.7 1062.9 972.2 806.9 656.4 780.7 841 824.4 936.6 1044.9 1123.1 1241.4 1219.9 1131.5 1062.1 1083.6 1101.9 1133.6 1190.3 1450.7 1629.4 1717.9 1621.4 1442.4 1405.3 1451.9 1463.1 1464.8 1540.6 1543.7 1496 1357.5 1656.5 1859.5 1842.9 1827.5 1932.2 2078.9 1726.8 1521.3 -9999 -9999 -9999 -9999 -9999 -9999 -9999 -9999 -9999
825.4 963.4 1202.6 1690.5 1797.7 1981.4 1905 2100.1 2520.3 2390.5 8970.4 9489.8 3168.9 2848.9 2502.6 2042.4 1721.4 1698.1 1860.1 1717.7 1758.4 1935.7 1988 1819.6 1480.5 1245 894.8 929.7 942.3 924.6 828.6 805.5 890.3 955.9 953.2 980.5 1076.9 1183.8 1214.6 1218.4 1132.9 1053.1 1114.1 1199.5 1285.4 1440.3 1707.6 1959.7 1901.9 1798.6 1640.8 1533.4 1573.7 1505 1545.3 1653.6 1668 1576.4 1550.2 1652.2 1789.8 1828.3 1822.1 1733.7 1606.9 1396.9 1290.7 -9999 -9999 -9999 -9999 -9999 -9999 -9999 -9999 -9999
873.2 980.7 1179.8 1720.8 1676.5 1760.8 1779.4 1838.7 1992.9 1886.6 3775.6 3202.7 3094 3095.9 3218.5 1528.6 1465.5 1846.2 1844.2 1621.8 1595.5 1719.9 1765.3 1558.4 1337.1 1226.7 1018.5 958.7 973 927.6 843.2 843.5 901.8 941.5 977.3 1017 1018.8 1143.1 1244.1 1206.9 1149.6 1131.2 1199.9 1268.3 1332.5 1612.6 1706.9 1891.7 1812.8 1713.3 1617.3 1599.7 1695.4 1661.6 1713.7 1797.3 1792.9 1777.2 1669 1656.2 1724.3 1752.6 1684.2 1528.1 1327.2 1265 -9999 -9999 -9999 -9999 3376.7 2898.6 -9999 -9999 -9999 -9999
1043.9 1156.4 1485.3 1672.1 1732.8 1795.1 1842.5 1817.2 1765.1 1767.6 1928.9 1964.5 2338.1 2616.8 2787.9 1330.7 1406.9 1724.9 1717.7 1507.8 1534.1 1600.3 1649 1352.9 1350.9 1321 1171.7 1054.1 1032.1 1009.4 875.7 806 824.3 870.1 949.9 1044 1055.5 939.2 981.2 1108.5 1247.4 1264 1239.6 1388.7 1490 1638.9 1859.2 1700.4 1443.7 1546.3 1497.2 1577.3 1713.5 1810.6 1905 1894.4 1915.1 1837.1 1704.4 1817.3 1825.3 1673.3 1520.3 1402.7 -9999 -9999 -9999 -9999 -9999 3080.4 4032.4 -9999 -9999 -9999 -9999 -9999
1084.8 1194.9 1414.8 1501.8 1626.2 1790.6 1865.3 -9999 -9999 1753.9 1850.6 1645 2021.6 1756.7 1861.5 1600.8 1542 1544.4 1400.1 1329 1428.4 1457.3 1437.3 1306.5 1309.2 1296.6 1182.1 1060 1047.8 1121.5 1078 815.6 769.2 855.4 865.6 1253.7 1174.3 966.8 1034.8 1226.7 1332.1 1340 1308.1 1494.9 1593.6 1641.8 1489.5 1367.8 1443.1 1452 1419 1558 1802.6 1957.8 2011.9 2000.2 1850.1 1554.1 1712.6 1765.7 1713.2 1622.1 1381.8 -9999 -9999 -9999 -9999 -9999 2117.3 3556.8 2717.1 -9999 -9999 -9999 -9999 -9999
1129.8 1195 1396.4 1661.2 1657.5 1781.9 1821.8 1843.2 1728.1 2152.6 2093.3 1785.8 2492.3 3479.5 1980.9 1474 1371.9 1150.8 894.2 990.4 1431.2 1153 1435.4 1398.2 1336.5 1311.4 1242.3 1268.1 1319.6 1368.9 1439.5 1311.2 1172.2 916.6 839.1 1149.8 1129.8 1625.4 1625.7 1357.3 1429.5 1461.3 1441.5 1453 1421 1468.6 1302.8 1303.6 1342.4 1390.2 1531.7 1636.4 1889 1948.1 2001.2 1922.7 1851.8 1809.7 1870.9 1770 1656 1601 -9999 -9999 -9999 -9999 -9999 -9999 2213.5 3650.3 2304 -9999 -9999 -9999 -9999 -9999
1087.5 1301.6 1660 1724.7 1903.8 1870.5 1907.4 1872.3 2030.7 -9999 -9999 1979.5 2019.6 2815.9 2067.4 1407.6 1006.1 752.8 612.6 772.4 1472.6 1586.5 1283.2 1361.4 1346 1253 1391.6 1739.9 1669.8 1411.2 1496 1922.9 1777.8 1272.4 1349.4 1760 1778 2096.8 2071.3 1595.1 1637.8 1566.7 1378.4 1257 1126.6 1150.2 1142.7 1003.4 1143.8 1288.1 1457.6 1706.1 1878.7 1879.7 1886.8 -9999 1936.6 1904.8 -9999 -9999 -9999 -9999 -9999 -9999 -9999 -9999 -9999 -9999 2140.4 4382.8 -9999 -9999 -9999 -9999 -9999 -9999
1512.2 1620.1 1749.4 1795.4 1951.5 1977.4 1896.9 2153.2 2614.4 2374.7 -9999 -9999 1960.5 2425.2 2051.1 1347.5 725.9 582.3 563.5 681.2 940.1 1295.5 1302.4 1353.5 1350 1353.5 1458 1690 1630.4 1476.9 1598.7 1520.9 1674.6 1604.9 1865.7 2537.3 1899.1 2148.8 1925.7 1788.5 1692.9 1361.2 1309.1 1495.5 1358.6 1338 1122.2 713.8 1048.6 1320.3 1521 1737 1919 2103 1903.8 -9999 -9999 -9999 -9999 -9999 -9999 -9999 -9999 -9999 -9999 -9999 -9999 -9999 -9999 3560.1 -9999 -9999 -9999 -9999 -9999 -9999
1803.1 1928.5 1852.8 1989.3 2031.9 1989.9 1908.1 -9999 -9999 -9999 -9999 -9999 2334.7 2457.2 2148.8 1279.4 723 528 491.5 703 989.2 1390.8 1808.4 1643.6 1466.6 1286.5 1259.2 1335 1505.7 1514.6 1649.6 1963.2 1688 1785 1829.3 1733.4 1673.7 2082.4 1819.1 2093 1728.2 1320.3 1501.7 2386.6 2046.4 1498.8 1323.1 1291.5 1233.7 1318.3 1546 -9999 1942.3 -9999 -9999 -9999 -9999 -9999 -9999 -9999 -9999 -9999 -9999 -9999 -9999 -9999 -9999 -9999 -9999 -9999 -9999 -9999 -9999 -9999 -9999 -9999
1883 2174.6 -9999 -9999 -9999 -9999 -9999 -9999 -9999 -9999 -9999 -9999 2986.6 3258.4 2713.9 1823 976.5 549.1 660.2 785 954.7 2378 2166.6 1903.9 1674.1 1316.5 1159 1124.8 1412.4 1697.7 1857.6 1673.3 1733.9 1829.1 1713.5 1358.6 1351.5 1538.8 1782.4 2029.1 1697.9 1646.6 2466.2 -9999 -9999 -9999 -9999 -9999 1438.5 -9999 -9999 -9999 -9999 -9999 -9999 -9999 -9999 -9999 -9999 -9999 -9999 -9999 -9999 -9999 -9999 -9999 -9999 -9999 -9999 -9999 -9999 -9999 -9999 -9999 -9999 -9999
2097.5 2063.5 -9999 -9999 -9999 -9999 -9999 -9999 -9999 -9999 -9999 -9999 -9999 3424.5 3026 2096.7 909.7 568.3 709.6 867.9 1113 2002.1 1999 1826.3 1751.9 1500.8 1406.9 1423.7 1538.7 1677.1 1627.3 1641 1699 1725.4 1564.1 1341.3 1355.2 1514.7 2029 1752.1 1672.2 1536.6 -9999 -9999 -9999 -9999 -9999 -9999 1268.2 -9999 -9999 -9999 -9999 -9999 -9999 -9999 -9999 -9999 -9999 -9999 -9999 -9999 -9999 -9999 -9999 -9999 -9999 -9999 -9999 -9999 -9999 -9999 -9999 -9999 -9999 -9999
2369.6 -9999 -9999 -9999 -9999 -9999 -9999 -9999 -9999 -9999 -9999 -9999 -9999 -9999 -9999 2738.7 1086.5 783.5 792 985 1148 1626.5 1806 1782 1685.8 1700 1713.2 1676.2 1634.9 1682.7 1632 1619.3 1634.7 1569.1 1521.2 1392.9 1363.7 1456.9 1794.1 1941.7 1687.1 -9999 -9999 -9999 -9999 -9999 -9999 -9999 -9999 -9999 -9999 -9999 -9999 -9999 -9999 -9999 -9999 -9999 -9999 -9999 -9999 -9999 -9999 -9999 -9999 -9999 -9999 -9999 -9999 -9999 -9999 -9999 -9999 -9999 -9999 -9999
-9999 -9999 -9999 -9999 -9999 -9999 -9999 -9999 -9999 -9999 -9999 -9999 -9999 -9999 -9999 3258.9 2294.1 924.4 880 1040.4 1585.1 1613.9 1555.7 1628.2 1609.4 1618.4 1714.2 1703.2 1704.2 1694.8 1592.6 1567.1 1560 1756.4 1730.9 1561.3 1364.2 1403.7 1741.2 1499.2 -9999 -9999 -9999 -9999 -9999 -9999 -9999 1261.9 1320.8 1432.8 -9999 -9999 -9999 -9999 -9999 -9999 -9999 -9999 -9999 -9999 -9999 -9999 -9999 -9999 -9999 -9999 -9999 -9999 -9999 -9999 -9999 -9999 -9999 -9999 -9999 -9999
-9999 -9999 -9999 -9999 -9999 -9999 -9999 -9999 -9999 -9999 -9999 -9999 -9999 -9999 -9999 -9999 2902.3 1209.2 962.3 968.4 1789.3 2046.5 1789.8 1633.9 1620.1 1501.7 1523.5 1599.6 1624.8 1748.4 1626.3 1460.6 2077.7 2267.5 1688.9 1641.8 1402.4 1630.3 1591.9 1538.1 -9999 -9999 -9999 -9999 -9999 853 1240.7 1501 1830 -9999 -9999 -9999 -9999 -9999 -9999 -9999 -9999 -9999 -9999 -9999 -9999 -9999 -9999 -9999 -9999 -9999 -9999 -9999 -9999 -9999 -9999 -9999 -9999 -9999 -9999 -9999
-9999 -9999 -9999 -9999 -9999 -9999 -9999 -9999 -9999 -9999 -9999 -9999 -9999 -9999 -9999 -9999 2865.3 2067.2 1143.5 1306.3 2378.9 2864.2 2589.2 1921.3 1590.1 1461 1401.9 1432.7 1485.2 1517.7 1589.2 1786 2465.4 2576.4 2359.2 3090.6 2604.4 2210.5 1834.8 -9999 -9999 -9999 -9999 -9999 -9999 1081.2 1310.7 1518.7 1707.7 -9999 -9999 -9999 -9999 -9999 -9999 -9999 -9999 -9999 -9999 -9999 -9999 -9999 -9999 -9999 -9999 -9999 -9999 -9999 -9999 -9999 -9999 -9999 -9999 -9999 -9999 -9999
-9999 -9999 -9999 -9999 -9999 -9999 -9999 -9999 -9999 -9999 -9999 -9999 -9999 -9999 -9999 -9999 -9999 2341.2 1281.6 1435.4 2588.2 3314.4 3130.3 1972.5 1511.7 1402.3 1319.1 1317 1362.6 1451.1 1561.9 1615.2 1822 1987.8 2542.5 3290.3 3347.8 2833.6 2289.4 2640.1 -9999 -9999 -9999 -9999 -9999 -9999 -9999 -9999 -9999 -9999 -9999 -9999 -9999 -9999 -9999 -9999 -9999 -9999 -9999 -9999 -9999 -9999 -9999 -9999 -9999 -9999 -9999 -9999 -9999 2144.4 2117.8 1170.2 1549.5 -9999 -9999 -9999
-9999 -9999 -9999 -9999 -9999 -9999 -9999 -9999 -9999 -9999 -9999 -9999 -9999 -9999 -9999 -9999 -9999 3044.1 1685.8 1800.8 2282.3 3310.9 3398.8 2466.9 1716.6 1419.3 1259.8 1341.9 1436.2 1349.4 1277.5 1291.6 1503 1686.5 1915.9 2521.4 2780.6 3041.3 3042.2 3043.7 2944.3 -9999 -9999 -9999 -9999 -9999 -9999 -9999 -9999 -9999 -9999 -9999 -9999 -9999 -9999 -9999 -9999 -9999 -9999 -9999 -9999 -9999 -9999 -9999 -9999 -9999 -9999 -9999 -9999 2560.6 2283.2 2223.7 -9999 -9999 -9999 -9999
-9999 -9999 -9999 -9999 -9999 -9999 -9999 -9999 -9999 -9999 -9999 -9999 -9999 -9999 -9999 -9999 -9999 2584.1 2022.5 1927.7 2316.9 3428.6 4198.3 2033.4 2150.9 1473.1 1033.9 1242.6 1334.4 1221.3 1075.1 1151.2 1349.6 1376.8 1484.7 1808.7 2030.7 2820.2 3036.9 2800.9 2399.7 2388.2 -9999 -9999 -9999 -9999 -9999 -9999 -9999 -9999 -9999 -9999 -9999 -9999 -9999 -9999 -9999 -9999 -9999 -9999 -9999 -9999 -9999 -9999 -9999 -9999 -9999 -9999 -9999 2367.1 2734.9 2289.2 2258.9 -9999 -9999 -9999
-9999 -9999 -9999 -9999 -9999 -9999 -9999 -9999 -9999 -9999 -9999 -9999 -9999 -9999 -9999 -9999 -9999 2240.8 1968.2 1832.8 2151.6 2858.7 4790.2 4250.9 3405 1653.7 967.7 1161.3 1253.8 1124.6 941.1 1007.9 1130.3 1127.2 1301.1 1545.2 1806.4 1835.8 1896.4 2037 2123.3 2103.4 2549.2 -9999 -9999 -9999 -9999 -9999 -9999 -9999 -9999 -9999 -9999 -9999 -9999 -9999 -9999 -9999 -9999 -9999 -9999 -9999 -9999 -9999 -9999 -9999 -9999 -9999 -9999 2077.7 2278.4 1971.5 2803.4 -9999 -9999 -9999
-9999 -9999 -9999 -9999 -9999 -9999 -9999 -9999 -9999 -9999 -9999 -9999 -9999 -9999 -9999 -9999 2546.3 2419.9 2054.8 1967 -9999 -9999 -9999 4764.3 3702.4 1816.4 1161.1 1176 1239.6 1102 978.2 974.8 1048 1081.3 1317.5 1413.8 1586.1 1689.1 1658 1899.3 2071.7 2385 2474.7 2672.5 -9999 -9999 -9999 -9999 -9999 -9999 -9999 -9999 -9999 -9999 -9999 -9999 -9999 -9999 -9999 -9999 -9999 -9999 -9999 -9999 -9999 -9999 -9999 -9999 -9999 2252.2 1774.5 2735.9 -9999 -9999 -9999 -9999
-9999 -9999 -9999 -9999 -9999 -9999 -9999 -9999 -9999 -9999 -9999 -9999 -9999 -9999 -9999 -9999 -9999 -9999 -9999 -9999 -9999 -9999 -9999 4877.7 3593 1957.7 1311.3 1207.8 1234.7 1074.5 951.9 1048.8 1084.8 1203.6 1335.1 1384.2 1431.4 1511 1812.8 2000.3 1832.4 2585.2 2752.9 2142.6 1646.6 -9999 -9999 -9999 -9999 -9999 -9999 -9999 -9999 -9999 -9999 -9999 -9999 -9999 -9999 -9999 -9999 -9999 -9999 -9999 -9999 -9999 -9999 -9999 1715.8 1472.8 1680.6 -9999 -9999 -9999 -9999 -9999
