datasets/global_precipitation_1950_2017/rasters/precip_1964-total.asc
NCOLS 720 
NROWS 347 
XLLCORNER -180 
YLLCORNER -90 
CELLSIZE 0.5 
NODATA_value -9999 
[rows 170 to 203 of 347, columns 228 to 303 of 720]
2763.4 2728.8 3341.9 3461.8 2957 3138.5 3412.9 3318.8 3049.2 3042.7 3042 3029 2991.1 2821.8 2605.6 2457.2 2388.2 2412.5 2320.4 2222.5 2113 1839 1788.4 1707.7 1885 1995.5 2229.7 2641.7 2509.1 2519.5 2822.5 2975.2 3081.5 -9999 3028 3217.8 3214.9 3486.5 3449.2 3427.9 3706 3203.3 2710.4 -9999 -9999 -9999 -9999 -9999 -9999 -9999 -9999 -9999 -9999 -9999 -9999 -9999 -9999 -9999 -9999 -9999 -9999 -9999 -9999 -9999 -9999 -9999 -9999 -9999 -9999 -9999 -9999 -9999 -9999 -9999 -9999 -9999
2881.6 3874.9 3865.4 3692.5 3266.6 3198.7 3324.3 3239.6 3187.1 3123.7 3032.9 2976.6 2860.3 2613.6 2606.2 2435.9 2271.9 2356.2 2374 2143.5 2031.4 1780.2 1667.6 1993.9 2071.9 2126.7 2201.2 2362.3 2513.1 2797.2 2931.5 3120.2 3055.4 3105.1 2931.8 3105.2 3154.9 3075.4 3190.2 3294.6 3252 2884.9 2795.3 -9999 -9999 -9999 -9999 -9999 -9999 -9999 -9999 -9999 -9999 -9999 -9999 -9999 -9999 -9999 -9999 -9999 -9999 -9999 -9999 -9999 -9999 -9999 -9999 -9999 -9999 -9999 -9999 -9999 -9999 -9999 -9999 -9999
2822.3 3360.8 3283.3 3051.5 2746.9 2850.7 3067.7 3126.3 3002.6 2957.8 3125.1 2765.2 2575 2659.1 2637.6 2508.7 2306.3 2496.3 2341.8 2246.7 2068.8 1822.7 1908.5 1865.5 2303.7 2186.2 1991.8 1967.5 2215.8 2555.4 2804.9 2913.2 3114.5 3014.5 2895.3 2879.3 2910.8 2752.8 2892.2 3002 3059.3 2901.3 2794.6 -9999 2112.5 1959.1 2006.3 -9999 -9999 -9999 -9999 -9999 -9999 -9999 -9999 -9999 -9999 -9999 -9999 -9999 -9999 -9999 -9999 -9999 -9999 -9999 -9999 -9999 -9999 -9999 -9999 -9999 -9999 -9999 -9999 -9999
2790.8 2728.6 2449.8 2393.1 2316.6 2534.8 2933 2965.6 2840.1 2628.4 2811.1 2557.7 2261.5 2618.5 2674.3 2608.8 2355.9 2453.3 2281.3 2261.1 2171.2 2013.9 1902.3 1873.1 1906.3 1840.5 1748.4 1697.5 1883.7 2145.3 2412.8 2625.1 2815.3 2721.7 2621.3 2363.5 2376.3 2367.5 2525.3 2664.4 2697 2880.6 2567.3 2406.4 1983.5 1964.7 1845.7 1862.9 1884.4 1534.8 1719.5 1517.6 1506.3 1297.6 -9999 -9999 -9999 -9999 -9999 -9999 -9999 -9999 -9999 -9999 -9999 -9999 -9999 -9999 -9999 -9999 -9999 -9999 -9999 -9999 -9999 -9999
2790.3 2515.8 2258.4 2097.6 1894.3 2296.4 2615 2787.6 2905.6 2961.3 2774.3 2570.1 2480 2724.3 2687.3 2649.7 2519 2658.8 2558.2 2511.1 2451.9 2247.2 1943 1935.5 1793.9 1642.6 1563.9 1688.7 1802.4 1992.5 2019.8 2185.3 2708.4 2470 2331.6 2094.1 1923.4 1914.2 2041.6 2244.7 2516.2 2618.1 2609.1 2327.7 1954.5 1806.6 2155.2 2081.8 1651.4 1359.3 1499.4 1058.9 1037.6 1665 1801.8 -9999 -9999 -9999 -9999 -9999 -9999 -9999 -9999 -9999 -9999 -9999 -9999 -9999 -9999 -9999 -9999 -9999 -9999 -9999 -9999 -9999
2623.6 2458 2198.5 2115.3 2068.3 2239.7 2428.8 2685 2862.3 2979 2856.6 2644.8 2495.5 2604.8 2660 2609.4 2625.9 2669.9 2683.2 2825.2 2762.8 2433.6 2081.5 1969.6 1824.7 1617.1 1522.4 1586.5 1704.4 1772 1780.9 1960.1 2183.4 2201.4 2062.5 1958.1 1930.2 1850 1686.5 1840.8 2111.4 2310.6 2436.1 2174.9 2076.1 1848.4 1720.8 2521.3 2536.2 1432.8 1627.2 1242.8 1102.2 1217.6 1878.8 1708.4 -9999 -9999 -9999 -9999 -9999 -9999 -9999 -9999 -9999 -9999 -9999 -9999 -9999 -9999 -9999 -9999 -9999 -9999 -9999 -9999
2483.6 2452.7 2362 2408.4 2435.3 2401.1 2516.1 2674.1 2782.9 2901.3 2914.9 2830.6 2614.7 2576.7 2708.3 2737.6 2696.2 2650.3 2738 2715.3 2835.6 2509.8 2123.6 2030.6 1874.3 1676.7 1557.7 1552.9 1579.6 1596.2 1634.8 1746.1 1772.3 1676.6 1682 1938.8 1855.9 1667.7 1403.3 1371.7 1529.4 1668.8 2043 2189.8 2248.3 2167.8 1735 1851.3 1475.5 928.1 1556.6 1204.9 1482.5 1427.4 1309.5 1182.1 1746.4 -9999 -9999 -9999 -9999 -9999 -9999 -9999 -9999 -9999 -9999 -9999 -9999 -9999 -9999 -9999 -9999 -9999 -9999 -9999
2465.6 2484.6 2417.2 2487 2604.1 2516.5 2517 2501.5 2595.9 2778 2877 2918.9 2815.2 2732.8 2733 2736.1 2686.9 2606.5 2597.9 2757.2 2812.9 2536 2236.8 2134.4 2012.4 1843.8 1755.8 1645.8 1617.2 1634.6 1648.3 1725.6 1749.2 1609.3 1509.5 1622.9 1615.7 1544.1 1175.9 942.7 1175.9 1260.3 1578.7 1988.8 2175.4 2110.6 1712 1773.3 1662.3 1093 1219.6 985.3 1508.8 1412.4 1220.7 1139.2 1013.4 1148.6 1187.1 858.6 1069.4 -9999 -9999 -9999 -9999 -9999 -9999 -9999 -9999 -9999 -9999 -9999 -9999 -9999 -9999 -9999
2590.8 2651.8 2500.2 2290.7 2468.3 2506.4 2291.8 2207 2322 2945.8 2825.5 2859.9 2874.1 2832.4 2774.8 2703.4 2656.7 2615.2 2626.8 2670.9 2619.8 2472.4 2276 2206.5 2105 1970.5 1902.1 1870 1874 1891.7 1951.7 1929.5 1853.6 1741.5 1586.5 1533.9 1494.8 1483.2 1036.6 985.1 1110.7 1195.6 1525 1828.8 1754 1600.8 1635.6 1625.6 1201.8 950.8 1022.2 792.1 1261.3 1282.8 1238.7 1225.9 1083.6 1167.8 989 829 1334.2 2563.4 -9999 -9999 -9999 -9999 -9999 -9999 -9999 -9999 -9999 -9999 -9999 -9999 -9999 -9999
2776.5 2889.9 2964.4 2391.4 2420.2 2351.3 2160.3 2064.1 2096.1 2551.8 2706.7 2821.1 2812.7 2802.4 2815.6 2754.9 2653.4 2739.2 2712.7 2621.1 2550.7 2474.2 2354.1 2275.6 2172.2 2073.8 1994.7 2016.2 2038.3 2108.3 2153.9 2114.5 1969 1809.4 1738.7 1692.9 1620 1465.6 1168.3 1049.1 1116.3 1241.2 1540.1 1806 1737 1444.1 1508.8 1827.3 1367.8 1152.3 1030.5 925.8 1019.8 1260.6 1006.4 1260.5 1360.6 1258.9 1154.7 1039.8 910.1 1768.1 -9999 -9999 -9999 -9999 -9999 -9999 -9999 -9999 -9999 -9999 -9999 -9999 -9999 -9999
2242.6 2451.7 2510.3 2376.8 2395.5 2344.8 2264.9 2267.4 2494.2 2540.9 2658.2 2669.3 2603.6 2736.6 2869.7 2844.1 2892.8 2970.8 2936.6 2726.1 2546.3 2475.6 2429.5 2362.2 2274.6 2193.7 2132.1 2140.8 2096.2 2278.1 2230.4 2216.2 2087.5 1940.7 1889.1 1912.7 1901.4 1667.8 1364.8 1195.6 1160.7 1183.8 1385.2 1545 1675.1 1201.9 1440 1426.8 1033.1 1336.1 958.6 777 952.6 1252.6 1024.3 1169.8 1128.7 1121.1 966.2 712.2 1477.8 1481.5 -9999 -9999 -9999 -9999 -9999 -9999 -9999 -9999 -9999 -9999 -9999 -9999 -9999 -9999
2095 1937.9 2367.8 2416.7 2373.6 2323.8 2379.3 2349 2421.2 2598.7 2720.5 2711.1 2262.3 2694.9 2804.5 2807.9 3043 3134.1 3017.3 2798.7 2572.1 2489.2 2484.4 2438.8 2367.6 2287.8 2201.1 2179.6 2169.3 2177.4 2012.5 2046.9 2068.6 2006.8 1989.1 1992.6 1991.6 1853.6 1540.2 1208.1 1128.7 1075.9 1124.5 1179.4 1173.1 1065.8 1161.5 1210.5 830.7 829.2 979.7 877.1 1155.8 1172.4 741.1 922.1 2218.6 1029.3 582.6 667 1356.1 1844.9 -9999 -9999 -9999 -9999 -9999 -9999 -9999 -9999 -9999 -9999 -9999 -9999 -9999 -9999
2244.6 1674.8 2123.1 2305.3 2306.7 2313.5 2364.7 2369.9 2429.5 2631.6 2839.8 3105.5 2742.7 2722.3 2805.6 2867.7 3030.5 3093 3002.5 2813.2 2614.3 2531.1 2548 2544 2455.2 2304.4 2225.5 2187.3 2179 2140.5 2055.9 2024 2020.1 2002.2 1990.6 1988.4 1938.9 1814.3 1574.4 1231.1 1156.2 1032.9 1140.2 1057.5 814 927.2 880.8 910.8 784.4 664.6 914.5 1501.9 1016.9 903.2 1154 989.3 1076.5 868 568.6 693.5 1143.8 1541 -9999 -9999 -9999 -9999 -9999 -9999 -9999 -9999 -9999 -9999 -9999 -9999 -9999 -9999
2270.5 2011.8 2054.2 2158.4 2272.2 2271 2291.9 2302.4 2364.5 2571 2781.7 2903.6 2816.7 2734.5 2783.1 2892.7 2982.8 3009.1 2933 2809.1 2701 2659.4 2659.5 2662.5 2577 2370.6 2217.1 2160.7 2141.3 2099.6 2042.8 2001.9 2004.1 2012.1 1981.3 1974.2 1909 1769.9 1500.1 1318 1341.7 1142.8 1070.6 1085.1 834 994.9 868.9 1005.5 742.5 627.2 610.6 731.6 914.9 809 851.6 867.4 823.1 542.7 947.4 747.2 1012 1771.7 -9999 -9999 -9999 -9999 -9999 -9999 -9999 -9999 -9999 -9999 -9999 -9999 -9999 -9999
2131.5 1994.7 2074.3 2144.2 2175 2270.3 2258.6 2270.9 2358.1 2457.4 2623.9 2674.8 2641.6 2596.2 2653.7 2783.8 2909.1 2896.7 2819.3 2746.7 2722.9 2757.2 2763.9 2727.3 2653.5 2507.5 2277.8 2134 2084 2037.7 1972.6 1968.5 1986.1 1983 1956.1 1929.6 1920.9 1739 1519.5 1393.2 1316.3 1302.3 1097.4 1241.7 934.5 945.4 1003.9 796.1 669.9 801.4 780.6 1026.1 637.2 845.8 629.8 706.7 479.5 1087 815.3 1001.7 1918.5 1828.1 -9999 -9999 -9999 -9999 -9999 -9999 -9999 -9999 -9999 -9999 -9999 -9999 -9999 -9999
1915.6 1925.3 2043.4 2149.8 2233 2303.2 2267.6 2273.6 2327.1 2352.5 2392.6 2399.6 2415.8 2407.2 2416.8 2520.5 2655 2686.5 2650.6 2615.5 2660.9 2780.5 2826.6 2752.6 2692.5 2603.6 2454 2147.1 1986.3 1903.2 1936.8 1957.7 1958.4 1937.4 1876.6 1784.2 1803.5 1760.5 1635.7 1440.3 1079.7 1190.1 1072.2 1020.8 818.5 861.9 842.1 815.6 663.9 757.7 757.3 1005.6 748.7 603.5 568.1 662.5 1229.7 1102.6 1231.3 2081 1604.1 -9999 -9999 -9999 -9999 -9999 -9999 -9999 -9999 -9999 -9999 -9999 -9999 -9999 -9999 -9999
1946.3 1897.9 2056.2 2134.3 2233 2206.9 2185.1 2171.8 2173.5 2190.3 2189 2230.9 2301.2 2295.6 2303.5 2337.5 2398.2 2467.4 2478.7 2460.7 2528.8 2659.4 2728.3 2698.7 2641.5 2564 2365.9 1985.1 1889.6 1926.9 1959 1978 1981.2 1956.4 1844.2 1680.6 1610.3 1711 1554.8 1379.3 1365.5 1205.4 1009.5 1014 871.3 651.6 933.3 819.9 705.8 725.7 631 679.2 700.1 578.4 678.1 884.2 696.6 927.6 1322.1 1693.6 -9999 -9999 -9999 -9999 -9999 -9999 -9999 -9999 -9999 -9999 -9999 -9999 -9999 -9999 -9999 -9999
1976 2009.3 1991.5 2152.3 2250.1 2185.8 2095.4 2036.6 1994.4 1994.9 2053.5 2159.8 2254.8 2208.1 2223.8 2250.3 2280.2 2329.5 2363.3 2368.6 2420.7 2514.1 2573.1 2562.9 2483.8 2309.4 2052.5 1828.9 1815.9 1838.8 1864.3 1894.6 1909.9 1875.2 1809.4 1718.1 1604.9 1679.5 1599.6 1311.8 1214.3 1273.8 992.8 1006.5 1005.8 878.3 730.5 698.4 644.6 715.3 668.2 1004.7 1162.2 959.9 973 898.9 790.1 1004.8 1414.2 -9999 -9999 -9999 -9999 -9999 -9999 -9999 -9999 -9999 -9999 -9999 -9999 -9999 -9999 -9999 -9999 -9999
1905.6 1968.7 1943.4 2095.2 2241.3 2162.7 2044.9 1943.1 1872.2 1923.7 1985.5 2082 2181.7 2200 2184.4 2176.3 2190.6 2224.6 2254.2 2284 2336.5 2407.6 2452.4 2454.5 2299 2067.8 1845 1778.4 1763.5 1778.5 1784.3 1768.3 1774 1777 1740.4 1613.5 1680.7 1642.6 1594.4 1060.4 984.2 1279 1306.7 1152.2 1095.4 856.8 822.3 721 742.8 727.5 879.4 1243.8 973.3 718.7 972.3 948.3 2177.7 1763.9 -9999 -9999 -9999 -9999 -9999 -9999 -9999 -9999 -9999 -9999 -9999 -9999 -9999 -9999 -9999 -9999 -9999 -9999
1816.1 1811.1 1799.3 1971.3 2142.8 2088 1977.2 1885.8 1861.6 1918 2001.7 2101.9 2165.4 2191.3 2167.4 2122.5 2138.9 2155.5 2159 2186.9 2242.6 2316.7 2347.3 2243.6 2034.8 1826.9 1777 1762.1 1738.7 1731.2 1769.4 1709.4 1662.2 1676.5 1643.7 1599.6 1645.2 1682.6 1641.8 1390.1 931.7 1172.3 1483 1265.4 1055 930.1 805.9 691.6 739.6 1002.3 1195.9 1239.9 809.6 875.8 1134.7 1534.8 457.5 1658.1 -9999 -9999 -9999 -9999 -9999 -9999 -9999 -9999 -9999 -9999 -9999 -9999 -9999 -9999 -9999 -9999 -9999 -9999
1708.2 1700 1636 1618.1 1705.8 1823.6 1846.8 1824 1819.1 1872.2 2063.1 2110.5 2188.2 2199 2164.8 2123.9 2127.7 2114.5 2096.5 2101 2143.5 2217.3 2177.4 1936 1773.5 1745.1 1755.3 1768.1 1737.4 1682.6 1724.8 1663.4 1647.7 1540.2 1586.6 1660.7 1869.1 1805.1 1771.4 1844.3 1437.4 1270.5 1452.5 1325.2 1120.2 932.6 914.7 837.2 830.4 1269.7 1379 1359.4 1486 1215.9 1437.5 1383.6 2038.2 -9999 -9999 -9999 -9999 -9999 -9999 -9999 -9999 -9999 -9999 -9999 -9999 -9999 -9999 -9999 -9999 -9999 -9999 -9999
1576 1514.6 1449.9 1398.5 1373.1 1416.5 1620.6 1754.2 1770.3 1830.2 1971.5 2093.2 2177.5 2172.6 2138.7 2100.4 2072.6 2049.1 2035.1 2015.8 2016.6 2024 1754.9 1692 1696.1 1717.8 1744.6 1777.7 1801.9 1659.4 1605.9 1633.1 1615.7 1626.9 1584.3 1783.3 1787.4 1667 1970.7 1919.6 1596.5 1166.9 1225.8 1321.3 1313.1 1053.7 943.9 1014.1 1293 1368.2 1231.3 1335.7 1127.9 1574.7 2030.4 1846.8 -9999 -9999 -9999 -9999 -9999 -9999 -9999 -9999 -9999 -9999 -9999 -9999 -9999 -9999 -9999 -9999 -9999 -9999 -9999 -9999
1559.9 1462.9 1390 1331.5 1320.4 1315.6 1442 1667.4 1738.9 1833.4 1976.4 2071.1 2122.6 2131.3 2081 2039.7 2020.7 1976.5 1919.7 1879.6 1848.9 1829.4 1700.3 1668.1 1674.6 1696.7 1722.6 1747.1 1738.3 1718.4 1663.3 1659.7 1694.6 1747.3 1768.7 1860.7 1825.6 1880 1904.2 1846.9 1512.2 1278.8 1273.5 1317.4 1240 978.9 1379 1101.4 980.8 1340.2 1187.8 1375.7 1096.2 1703.6 -9999 2663.8 -9999 -9999 -9999 -9999 -9999 -9999 -9999 -9999 -9999 -9999 -9999 -9999 -9999 -9999 -9999 -9999 -9999 -9999 -9999 -9999
1663 1540 1426.3 1306.6 1313.4 1317.4 1325.5 1543.5 1736.2 1842.6 1943.7 2063.2 2124.2 2088.7 2053.8 2027 1984.3 1886 1789.1 1742.2 1748.1 1764.1 1712.9 1647.6 1665.2 1696 1736.5 1762.5 1779.6 1766.3 1751 1830.6 1825.5 1952.9 1952.8 1891.3 1890.2 1809.9 1761.4 1551.8 1524.3 1258.2 1351.8 1488.5 1143.6 1020.8 1252 1198.9 1499.1 1371.5 1164.8 1070.3 1177 2437.2 -9999 -9999 -9999 -9999 -9999 -9999 -9999 -9999 -9999 -9999 -9999 -9999 -9999 -9999 -9999 -9999 -9999 -9999 -9999 -9999 -9999 -9999
1823.4 1639.1 1580.8 1454.4 1374.5 1339.5 1262.6 1294.2 1764.3 1776.2 1811.8 1848.2 1930.1 1938.6 2005.6 2028.7 1901.1 1793.6 1718.7 1689.6 1674.6 1693.3 1787.1 1649 1659.4 1694.2 1726.4 1769.8 1813.6 1787.7 1797.8 1719.1 1834.6 1962 2217.5 1972 2002.2 1958.4 1501.2 1523.1 1686.4 1452.1 1382.6 1455.6 964.5 956.2 1317.3 1057.4 1017.6 878.1 669.2 968.7 3007.5 2363.4 -9999 -9999 -9999 -9999 -9999 -9999 -9999 -9999 -9999 -9999 -9999 -9999 -9999 -9999 -9999 -9999 -9999 -9999 -9999 -9999 -9999 -9999
2070.6 2023.7 1960.4 1817.4 1595.9 1261.6 1111.6 1066.1 1179.8 1453.1 1530.7 1542.9 1572.1 1612.9 1741.1 1803.7 1766.3 1728.2 1674.2 1612.2 1560.8 1650.8 1872.3 1769.1 1711.2 1718.1 1734.7 1763.7 1787.7 1797.5 1779.1 1796.3 1897.6 1917.5 1990 1869.4 1944.8 1765 1510 1656.7 1759 1553.5 1531.5 1371.8 1176.1 1060.1 1250.9 1205.1 844.7 783.9 626 893.8 1546.3 2186.6 -9999 -9999 -9999 -9999 -9999 -9999 -9999 -9999 -9999 -9999 -9999 -9999 -9999 -9999 -9999 -9999 -9999 -9999 -9999 -9999 -9999 -9999
2585.7 2353.8 2419.7 2096.8 1612.7 1099.5 974.6 1034.6 1123 1272.5 1357.6 1361.4 1334 1361.1 1387.9 1504.2 1594.8 1602.1 1576.5 1380.9 1435.7 1634.8 1835.3 1826.8 1830.8 1801.4 1785.3 1767 1787 1808.3 1871.8 1921.2 2096.3 1934.5 1861.3 1896.4 1928.5 1791 1499.1 1321.9 1579.5 1707.1 1498.4 1366.7 1079.9 992.5 1043.9 1075.7 170.8 873.9 988.5 1206.9 1235.3 1963.5 -9999 -9999 -9999 -9999 -9999 -9999 -9999 -9999 -9999 -9999 -9999 -9999 -9999 -9999 -9999 -9999 -9999 -9999 -9999 -9999 -9999 -9999
2477.4 2464 2291.8 1980.4 1367.5 1016.2 957.2 1045.1 1127.7 1219.4 1322 1353.1 1337 1344.3 1203.1 1233.8 1295.7 1074.2 1187.1 1172.2 1535.5 1657.8 1779.8 1865.9 1908.7 1864.8 1863 1837.8 1798.1 1736.5 1824.8 1924.4 1869.1 1777.1 1844.9 1862.5 1852.1 1886.9 1599.5 1240.5 1272.1 1395.5 1348.9 1328.2 1054.2 1050.2 1131.2 1067.8 758.3 859.7 867.3 924.5 1186 1802.3 -9999 -9999 -9999 -9999 -9999 -9999 -9999 -9999 -9999 -9999 -9999 -9999 -9999 -9999 -9999 -9999 -9999 -9999 -9999 -9999 -9999 -9999
2830.2 3068.1 3063.2 2305.4 1152 878.9 889.7 1080.5 1145.9 1196.2 1258.2 1325 1350.6 1243.7 1078.1 1023 1065.5 1082.1 1136.8 1177.3 1498.2 1670.3 1668.9 1839.3 1952.9 1913.6 1929.9 1885.9 1867.2 1834.5 1823.3 2001.7 1966.7 1790.1 1940.1 1993.3 1814.5 1776.9 1556.8 1165.9 1219.2 1325.8 1047.4 1132.2 1144.7 1264.6 1334.7 1129 882.6 844.1 1477.4 1278.9 1354.5 1804.3 -9999 -9999 -9999 -9999 -9999 -9999 -9999 -9999 -9999 -9999 -9999 -9999 -9999 -9999 -9999 -9999 -9999 -9999 -9999 -9999 -9999 -9999
3251.9 3887.6 4145.2 3371.4 1535.3 991.3 1066.9 1116.6 1177.2 1200.8 1219.1 1248 1295.5 1211.5 1038.7 984.1 985.8 1065.7 1126.9 1219.6 1337.9 1482.1 1493 1709.6 1912.8 1931.7 1762.7 1924.9 1900.8 1865.5 1907 1982.6 2162.9 2144.2 1952.6 1926.6 1980.9 1685.7 1585.9 1363.9 1361.2 1357.4 1305.7 1255.3 842.1 1361.1 1443.7 1164 1141.6 1231.6 1178.2 1168.3 1189.2 1483.6 -9999 -9999 -9999 -9999 -9999 -9999 -9999 -9999 -9999 -9999 -9999 -9999 -9999 -9999 -9999 -9999 -9999 -9999 -9999 -9999 -9999 -9999
2467 3391.7 4295.5 3049.7 1878.7 1230.9 1088.9 1122.7 1174.8 1176.3 1180.5 1153.8 1162.6 1164.4 1036.3 935.8 891.4 990.8 1082.8 1133.2 1210.1 1318.4 1406.7 1649.4 1804.5 1895.3 1896.4 1905.5 1944.4 1861.3 1812 1878.7 1881.9 1629.2 1982 2009.8 1858.5 1860.8 1876.6 1553.9 1390.3 1320 1608.5 1264.3 1181.7 1129.3 1330.9 1175.7 1182.4 1179.5 1274.4 1199.8 1080.9 1302.3 -9999 -9999 -9999 -9999 -9999 -9999 -9999 -9999 -9999 -9999 -9999 -9999 -9999 -9999 -9999 -9999 -9999 -9999 -9999 -9999 -9999 -9999
1286.5 2744.5 2639.8 2129.6 1708.6 1134.6 1055.3 1090.1 1106.8 1067.6 1047.9 1048.1 1060.8 1084.7 1048.5 949.6 921.7 914.9 947 997.4 1103.8 1195.6 1402.4 1694.9 1779.6 1955.6 1942.8 1917.7 1920.5 1785.4 1795.1 1826.7 1877.2 1985.2 1869.8 1948.5 1847.6 2058 2573 1561.9 1423.5 1318.5 1187.5 1186 1264.8 1399.2 1360.3 1162.1 1217.8 1303.6 1151.7 1224.3 1402.6 1489.6 -9999 -9999 -9999 -9999 -9999 -9999 -9999 -9999 -9999 -9999 -9999 -9999 -9999 -9999 -9999 -9999 -9999 -9999 -9999 -9999 -9999 -9999
736.6 593.2 1007.8 970.9 975.7 1081.3 1040.6 1079.2 1006.1 983.9 969.3 1015.3 1072.5 1096.8 1057.3 988.4 936.7 896.1 921.6 991.3 1136.1 1222.9 1383.5 1586.7 1695.3 1888.6 1938.1 1881.6 1954.5 1965.6 1881.9 1947.4 2045.3 2042.3 1927.8 1895.3 1830.4 1873.7 1760.1 1517.9 1464.5 1426.9 1514.1 1472.8 1472.9 1554.4 1650.4 1480.3 1101.5 1384.8 1249.1 1395.5 1581.1 1601.5 -9999 -9999 -9999 -9999 -9999 -9999 -9999 -9999 -9999 -9999 -9999 -9999 -9999 -9999 -9999 -9999 -9999 -9999 -9999 -9999 -9999 -9999
486.9 561.7 630.3 642.6 546.9 939.2 1033.8 1051.6 986.9 1001.9 1012.8 1054.6 1116.9 1087.8 1021 964 950.3 907.6 937.1 1076.2 1239.5 1256 1306.2 1397.5 1524.2 1726.2 1802.1 1593 1476.1 1668.5 1888.7 1984.1 2027.7 2085.1 2004.5 2025.1 1806.1 1685.8 1782.2 1751.2 1654.6 1470.1 1337.4 1169.4 1578.6 1720.3 2241 1694 266.7 1428.6 1410.7 1435.7 1464.6 -9999 -9999 -9999 -9999 -9999 -9999 -9999 -9999 -9999 -9999 -9999 -9999 -9999 -9999 -9999 -9999 -9999 -9999 -9999 -9999 -9999 -9999 -9999
