datasets/global_precipitation_1950_2017/rasters/precip_1986-total.asc
NCOLS 720 
NROWS 347 
XLLCORNER -180 
YLLCORNER -90 
CELLSIZE 0.5 
NODATA_value -9999 
[rows 204 to 237 of 347, columns 608 to 683 of 720]
501.7 550.9 605.7 558.4 514.2 559.5 517.4 486.1 451.6 371.4 395.5 384.8 411.4 452.8 440.7 415.7 290.8 222 223 264.5 233.1 250.5 316.9 367.2 363.3 344.2 363 354.6 399.6 368.5 358 443.1 330.6 312.5 339.6 371 377.9 401.4 420.4 509.1 597 631 691 915.3 1526 -9999 -9999 -9999 -9999 -9999 -9999 -9999 -9999 -9999 -9999 -9999 -9999 -9999 -9999 -9999 -9999 -9999 -9999 -9999 -9999 -9999 -9999 -9999 -9999 -9999 -9999 -9999 -9999 -9999 -9999 -9999
506.9 532.6 554 533.6 511.9 526.2 541.3 605.9 489.4 442.9 390.4 313.7 331.8 391 415.2 416.7 310 260.8 263.3 281.9 205.3 238.5 291 329.5 348.7 390.6 438.5 320.4 355.5 372.9 387.9 365.2 326.6 313.4 271.2 259.7 316.7 358.5 491.7 555.7 619.8 611.7 536 493.2 1169.9 585.3 -9999 -9999 -9999 -9999 -9999 -9999 -9999 -9999 -9999 -9999 -9999 -9999 -9999 -9999 -9999 -9999 -9999 -9999 -9999 -9999 -9999 -9999 -9999 -9999 -9999 -9999 -9999 -9999 -9999 -9999
493.8 510 536.4 532.4 524.1 502.5 485.5 474.6 452.6 436.3 422.3 366.6 362.9 372.6 380.9 376.9 303.5 270.2 260.8 262.4 203.8 213.5 230.8 266.7 299.1 311.4 290.5 283.3 300.7 405.7 358 371.7 358.4 310.7 244.7 265.2 268.7 233.3 346 545.4 527.9 387.4 410.8 455.1 498.3 616.1 476.6 503.1 -9999 -9999 -9999 -9999 -9999 -9999 -9999 -9999 -9999 -9999 -9999 -9999 -9999 -9999 -9999 -9999 -9999 -9999 -9999 -9999 -9999 -9999 -9999 -9999 -9999 -9999 -9999 -9999
486.3 503.7 519.5 519.1 496.6 457.2 441.5 425.6 418.2 434.3 449.3 405.9 393.7 381 385.7 371.2 302.3 258.8 233.6 215.5 199.2 211.7 166.4 196.3 234.3 246.6 232.1 249.4 272.4 313.2 301.7 382.2 344.2 294 254.9 310 260.3 238.1 280.3 344.2 440.1 501 483.7 418.4 399 468.7 675.1 409 595.6 1420.3 -9999 -9999 -9999 -9999 -9999 -9999 -9999 -9999 -9999 -9999 -9999 -9999 -9999 -9999 -9999 -9999 -9999 -9999 -9999 -9999 -9999 -9999 -9999 -9999 -9999 -9999
384.1 495.3 514.2 499.3 456.4 437.2 426.1 419.4 418.1 443.2 464.3 418.6 398.6 387.3 377.5 350.6 319.7 289 254.9 229.9 170.3 211.6 196.3 202.5 184.5 183 216.3 246.9 240.7 230.5 263.4 262 237 226.4 262.2 297.3 289.8 284.3 260.4 265.7 291.5 371.9 465.1 338.1 346.6 429.4 430.4 368.4 724.4 1127.8 -9999 -9999 -9999 -9999 -9999 -9999 -9999 -9999 -9999 -9999 -9999 -9999 -9999 -9999 -9999 -9999 -9999 -9999 -9999 -9999 -9999 -9999 -9999 -9999 -9999 -9999
308.2 390.6 492 469.5 441.1 426.4 418.2 416 426 445.8 444.6 414 377.9 360.3 340.8 321.9 320.5 315.8 296.7 281 254.9 222.7 257.6 235.8 157.9 153.5 186.3 207.3 268.9 225.3 240.1 234.6 261.4 240.9 298.7 296.1 228.2 263 320.2 353.8 361.1 393.4 303.2 352 294.2 439.7 507.9 500.2 635.4 860.3 -9999 -9999 -9999 -9999 -9999 -9999 -9999 -9999 -9999 -9999 -9999 -9999 -9999 -9999 -9999 -9999 -9999 -9999 -9999 -9999 -9999 -9999 -9999 -9999 -9999 -9999
288.2 321.4 394.5 441.5 435.6 422.7 418 418.4 426.9 430.9 411 373 333 312.6 316.4 323 315.7 317.1 330.6 301.5 285.3 253.3 231.5 212.5 190.8 179.5 185.6 190.7 182.2 192.8 252.5 227.5 199.2 242.7 301.3 324.2 359.1 349.7 388.3 410.2 463.5 370.8 337.9 379.4 420.5 442.6 453.6 485.1 511.2 480.4 858.8 -9999 -9999 -9999 -9999 -9999 -9999 -9999 -9999 -9999 -9999 -9999 -9999 -9999 -9999 -9999 -9999 -9999 -9999 -9999 -9999 -9999 -9999 -9999 -9999 -9999
266.2 290.9 330.9 405.9 408.1 402.6 402.4 402.4 405 397.2 362.2 321.6 294.9 280.6 305 362.9 324.5 279.9 218.2 299.8 327.2 269.5 227.7 198.4 209.6 205.4 193.4 170.9 174.7 190.9 211.6 203.2 192.7 271.6 286.6 312.5 382.9 382 401.2 424.7 340 285.2 349 440.4 444.9 434.4 437 444.3 545.9 457.5 561.3 -9999 -9999 -9999 -9999 -9999 -9999 -9999 -9999 -9999 -9999 -9999 -9999 -9999 -9999 -9999 -9999 -9999 -9999 -9999 -9999 -9999 -9999 -9999 -9999 -9999
228.9 239.8 254.4 274.9 291.4 296.6 297.5 290.5 285.9 301.5 308 290.8 288.5 288.5 283.5 316.3 327.1 304.7 334.7 328.6 332.8 296.4 237.3 250.7 238 224.9 208 189.2 182.9 197.9 170.3 161 180.9 231.6 262.9 254.8 362.8 412.3 421.7 435.5 317.9 270.2 241.4 370.3 452.4 412.9 481.9 544.1 509.1 651.5 542.5 539 741.8 1365.7 -9999 -9999 -9999 -9999 -9999 -9999 -9999 -9999 -9999 -9999 -9999 -9999 -9999 -9999 -9999 -9999 -9999 -9999 -9999 -9999 -9999 -9999
183.1 169.9 151.3 163.8 190.9 204.7 212 198 191.6 203.1 248.6 278.7 290.5 296.3 301.3 315.2 305.5 326.9 349.9 357.8 320.1 318.5 284.9 266.1 238.2 230.8 219.5 207.8 195.5 191.6 158.5 145 171.4 191.4 201.8 196.1 345.3 432.5 494.1 417.3 349 278.6 243.7 298.4 372.4 414.6 526.8 483.5 558.3 625.8 580.9 599.9 756.1 1099.4 -9999 -9999 -9999 -9999 -9999 -9999 -9999 -9999 -9999 -9999 -9999 -9999 -9999 -9999 -9999 -9999 -9999 -9999 -9999 -9999 -9999 -9999
111 105.8 114.3 134.6 151.1 168 173.7 180.7 180.8 187.4 200 237.4 268.5 287.5 312.6 324.2 320.9 312.3 334.4 343 347.4 336.1 319.3 282.9 250.1 236.4 227.6 216.9 199.6 195.1 182.5 146.7 178 196 126.3 187.8 307.2 339.6 367.7 340 337.4 324.8 265.9 316 404.1 410.4 492.6 422.3 549.4 563.3 554.1 799.8 753.6 879.9 903.1 -9999 -9999 -9999 -9999 -9999 -9999 -9999 -9999 -9999 -9999 -9999 -9999 -9999 -9999 -9999 -9999 -9999 -9999 -9999 -9999 -9999
86.6 90.5 106.9 127.4 141.5 154.9 168.1 177.8 185.5 186.8 188.8 193.8 219.6 240.4 262.9 272.9 335.9 289.1 272.2 281.9 315.3 311.8 260 283.6 258.4 243.1 236.6 234.6 222.8 223 226.1 195.5 179.5 165.7 151.9 203.2 287.8 282.9 268.8 309.6 295.8 326.3 335.4 338.6 393.6 371.8 461.4 442.1 479.2 427.4 659 667 684.3 777.6 1013 1208.3 -9999 -9999 -9999 -9999 -9999 -9999 -9999 -9999 -9999 -9999 -9999 -9999 -9999 -9999 -9999 -9999 -9999 -9999 -9999 -9999
90.7 95.4 106.4 121.9 135 149.5 166.3 183.8 188.5 191.3 191.2 190.2 194.4 199.2 212.8 243.6 319.8 295.8 238.6 201.4 229 252.7 240.3 235.9 242.6 238.4 244.8 252.1 242.2 232.4 226.8 226.3 203.6 195.3 181.5 202.8 212.1 319.4 212.4 294.5 308.4 329.7 330.9 339.8 415.9 456 491.8 570.7 606.8 731.6 679.8 736.5 670.5 641.9 724.7 998.4 888.5 -9999 984.9 -9999 -9999 -9999 -9999 -9999 -9999 -9999 -9999 -9999 -9999 -9999 -9999 -9999 -9999 -9999 -9999 -9999
94.3 98.6 105.5 116 123.5 133.5 156.2 188 211.6 203.9 196.5 189.3 185.6 180.4 190.1 158.7 243.4 280.7 271.3 194.1 226.6 201.3 192.8 186.5 183 186.1 208.4 240.9 237.6 230 224.1 215.6 205.6 195.7 202.1 201.2 168.6 191.3 199.8 238.4 258 330.8 421.5 371.8 401.3 511.1 557.7 597.4 643.6 648.2 669.5 684.3 655.6 647.1 625.8 710.5 775.5 -9999 -9999 -9999 -9999 -9999 -9999 -9999 -9999 -9999 -9999 -9999 -9999 -9999 -9999 -9999 -9999 -9999 -9999 -9999
97.6 104.1 109.9 118.4 117.7 111.3 136 167.9 190.5 197.5 195.1 187.4 178.5 175.1 172.1 159.3 198.7 203.9 200.8 194.1 180.1 180.7 175.7 171.7 165.6 166.8 174.7 199.4 205.4 202.3 192.3 199.1 194.5 199.8 211.6 252.2 232.7 176.4 182.8 199.6 219.7 228.2 390.5 468.6 465.5 433.2 524.6 499.9 473.5 495.7 481.3 466 623.8 616.1 792.3 649 662.3 829.1 -9999 -9999 -9999 -9999 -9999 -9999 -9999 -9999 -9999 -9999 -9999 -9999 -9999 -9999 -9999 -9999 -9999 -9999
104.2 111.8 119.2 129.1 138 132.8 134.2 152.5 169.7 183.2 188.8 181.3 173.3 168.2 167.5 165.3 192.1 185.9 190.7 171.8 168.2 171.6 166.3 163.2 162.7 167.4 181.8 193 200 196 185.4 185.5 180.2 188.8 217 237.1 208.4 174 160.5 190.2 169.5 180 281.7 368.4 429.7 396.6 417.1 449.1 477.2 451.5 479.2 471.3 508.6 581.8 634 639.5 781.1 1030.5 -9999 -9999 -9999 -9999 -9999 -9999 -9999 -9999 -9999 -9999 -9999 -9999 -9999 -9999 -9999 -9999 -9999 -9999
109.5 117 126.4 134.8 141.9 144.8 144.5 151.2 160.5 171.3 179.7 176 168.4 164.3 164.7 164.5 164.6 175.8 171.8 169.2 167.2 162.9 148.9 156.3 163.5 170.8 172.2 186.1 202.6 233.9 218.7 187.1 173.8 167.8 213.2 196.7 188.9 171.2 162 123.5 153.2 207 250.4 289.2 371.3 394.7 347.3 337.7 376.9 393.5 433.7 445.1 470.9 508 434.6 686.5 609.7 721.2 -9999 -9999 -9999 -9999 -9999 -9999 -9999 -9999 -9999 -9999 -9999 -9999 -9999 -9999 -9999 -9999 -9999 -9999
111.6 117.5 129.2 134.4 139.7 143.6 146.3 149.8 154.6 163.8 174 173.4 168.2 166.4 167.1 163.7 165.3 174.8 198.7 177.6 164.9 160 159 158.4 159.9 165.3 158.7 162.9 172.9 216 207.8 175.4 175.4 199.8 210.4 192 184.8 181.4 187.1 192.2 168.2 152.6 202.7 227.6 252.1 349.6 377.3 363.6 454.9 499.5 462.7 403.6 392.4 474.7 439.1 530.3 682.3 763.2 -9999 -9999 -9999 -9999 -9999 -9999 -9999 -9999 -9999 -9999 -9999 -9999 -9999 -9999 -9999 -9999 -9999 -9999
113.9 115.2 123.1 133.3 138.5 143.6 145.3 148.7 153.5 162.2 184.4 179.5 174.6 171.2 168.1 165.3 170.5 181.9 193.2 178.1 154 140.4 153.7 181.3 152 148.5 146.8 145.7 133.6 151.5 157.1 148.8 161.8 263.9 221.1 229.7 209.7 248.5 221.5 193.8 214.1 205 232.2 227.6 225.9 283.7 346.5 319.5 374.5 356.2 507.4 448.3 410 473.9 579.3 610 596.7 639.1 783.1 -9999 -9999 -9999 -9999 -9999 -9999 -9999 -9999 -9999 -9999 -9999 -9999 -9999 -9999 -9999 -9999 -9999
116.7 114.9 120.9 131.7 145.2 149.3 152.5 154.7 156.7 151 143.3 134.3 139.7 141.7 141.3 151.7 172.1 182.7 177.5 160.6 144.8 146.7 146.1 119.3 134.4 129.9 135.6 145.5 148 151.9 145 142.8 141.2 169.4 218.6 255.1 266 278.1 259.2 229.4 253.4 238.7 220.5 226.2 217.4 258.1 255.8 290.9 329.4 383.2 438.8 389.7 420 545.4 547 648.1 640.1 503.8 1115 -9999 -9999 -9999 -9999 -9999 -9999 -9999 -9999 -9999 -9999 -9999 -9999 -9999 -9999 -9999 -9999 -9999
125.7 127.3 136 152.8 162 159.4 161.3 164.6 167 165.2 156.7 145.9 139 135.8 135.8 138.6 144.7 148.3 141.4 130.1 132.4 138.2 138.7 135.7 125.2 125.9 140.5 149.8 147.7 147.2 142.6 140.9 164.7 192.7 224.1 270.5 296.8 294.6 256.3 228.2 240.1 262.9 231.9 223.3 238.4 299.7 309.3 309.8 317.5 332.9 363.7 415.1 484.3 561 523.9 597.6 710.5 646.8 718.1 -9999 -9999 -9999 -9999 -9999 -9999 -9999 -9999 -9999 -9999 -9999 -9999 -9999 -9999 -9999 -9999 -9999
143.1 157.1 168.3 178.5 173.5 164.5 163.1 167.9 169.8 168.7 160.5 152.4 146.5 145 143.4 141 145.3 142.1 138.9 136.8 132.2 129.3 140.7 137.9 130.5 136.4 156.5 154.9 145.4 147.5 165 172.8 175.4 187.9 216.5 276.1 290.8 251.2 221.4 210.2 231.8 262.8 267.6 302.9 295.7 343.5 314.7 284.1 354 344.4 369.9 419.8 452.1 716.8 655.4 698 561.3 621.9 931.6 -9999 -9999 -9999 -9999 -9999 -9999 -9999 -9999 -9999 -9999 -9999 -9999 -9999 -9999 -9999 -9999 -9999
172.4 180 181.2 184 175.3 164.5 163.9 168.6 173.6 172.3 166.1 155.5 147 145.5 140.6 141.5 153.3 153.5 126.2 145.3 149.2 152.2 144 154.7 156.7 167.3 180.9 178.5 180.1 179.6 203.6 199.5 186.8 176.1 210 238.5 212.1 197 179.5 198.6 206.9 299.3 281.9 300 311.2 333.4 339.5 331.6 271.2 259.9 266.3 521.1 412.7 477.9 539.8 611.8 655.8 601.5 782 -9999 -9999 -9999 -9999 -9999 -9999 -9999 -9999 -9999 -9999 -9999 -9999 -9999 -9999 -9999 -9999 -9999
181.6 179 180.8 182.7 175.8 164.5 162.7 171.9 177.7 178.3 172.4 163.3 159.5 148.5 136.2 140.6 178.4 193.5 177 181.2 170.2 165.9 160.7 156.1 164.2 167.9 179.7 183.2 189.2 215.1 248.2 197.5 177.1 151.2 161.4 192.4 170.7 156.1 167.2 163.8 198.4 244 282.3 267.8 291.7 298.3 316 375.1 319.9 284.4 382.7 465.7 840.9 591.7 594.8 573.5 646.2 964 -9999 -9999 -9999 -9999 -9999 -9999 -9999 -9999 -9999 -9999 -9999 -9999 -9999 -9999 -9999 -9999 -9999 -9999
184.1 173.7 186.9 193.3 170.9 157 155.1 173.5 186.7 185.8 186.5 168.2 170.4 161.4 161.4 174.2 213 225.9 214.3 197 157.9 156.5 182.5 182.2 180.8 205.9 172 197.7 262.7 280.2 191.6 170.1 165.1 182.3 180.5 181.8 144.7 136.3 148.9 166.6 191.3 208.7 241.6 259.4 293.9 292.7 317.1 368.6 327.3 326.8 450 518.4 491.3 515.8 737.4 611.3 562.9 842.9 -9999 -9999 -9999 -9999 -9999 -9999 -9999 -9999 -9999 -9999 -9999 -9999 -9999 -9999 -9999 -9999 -9999 -9999
189.3 140.9 172.4 214.3 180 171.2 174.5 197.9 219.9 232.2 219.6 198.3 195.3 215.6 219.2 266.4 299.9 298.3 280.6 248.9 180.8 182.4 201.3 180.2 193.9 205.2 183.4 212.1 211.2 314.5 197.9 130.6 158.4 180.9 150.6 168.4 165.8 158.8 152.6 154.5 184 183.1 220.1 205.3 274.6 354.4 340.1 326.4 336.1 308.4 569 491.2 500.6 528.6 749.2 689.6 777.3 961.1 -9999 -9999 -9999 -9999 -9999 -9999 -9999 -9999 -9999 -9999 -9999 -9999 -9999 -9999 -9999 -9999 -9999 -9999
235.9 195.7 196.2 206.7 214 197.6 222.9 236.3 291.4 292.3 -9999 -9999 -9999 -9999 -9999 -9999 327.5 327 307.7 303.8 299.9 251.8 212.5 191.5 181.6 196.9 224.3 276.5 253.4 360.1 228.8 189.6 187.6 190.8 181.6 193.7 199.2 186.4 181.4 181.5 193.3 162 169.4 228 245.3 268.9 277.2 353.5 333.6 391.4 458.1 559.3 621.4 592.2 696.4 655.5 690.2 1113.6 -9999 -9999 -9999 -9999 -9999 -9999 -9999 -9999 -9999 -9999 -9999 -9999 -9999 -9999 -9999 -9999 -9999 -9999
301.2 255.7 285.4 301 -9999 259.2 275.6 -9999 -9999 -9999 -9999 -9999 -9999 -9999 -9999 -9999 -9999 -9999 -9999 -9999 290.8 294.1 275.8 277 242.4 232.2 249 310.9 294.5 244.5 212.2 249.4 232.7 200.7 223.1 195.6 204.6 213.9 221.7 216.2 234 139.1 154.1 215.1 253.9 244 255 341.1 391.5 484.8 454.4 526.3 495.6 533.4 718.6 874.4 923.7 -9999 -9999 -9999 -9999 -9999 -9999 -9999 -9999 -9999 -9999 -9999 -9999 -9999 -9999 -9999 -9999 -9999 -9999 -9999
320 308.4 -9999 -9999 -9999 -9999 -9999 -9999 -9999 -9999 -9999 -9999 -9999 -9999 -9999 -9999 -9999 -9999 -9999 -9999 398 295 297.5 291.4 291.7 255 243.6 331.4 459.3 294.5 224.9 224.2 204.2 210.7 201.9 206.9 241 256 259.9 246.5 246.6 241.4 246.1 217.9 267.5 274.1 306.4 358.8 424 444.7 569.6 664.4 786.5 463.3 601.2 725.2 -9999 -9999 -9999 -9999 -9999 -9999 -9999 -9999 -9999 -9999 -9999 -9999 -9999 -9999 -9999 -9999 -9999 -9999 -9999 -9999
-9999 -9999 -9999 -9999 -9999 -9999 -9999 -9999 -9999 -9999 -9999 -9999 -9999 -9999 -9999 -9999 -9999 -9999 -9999 -9999 -9999 328.4 297.8 274.5 311.9 253 203.6 -9999 521.2 466.9 247.9 213.2 209 219.4 210.3 210.7 252.6 245.9 256.2 236.2 226.1 246.1 303.1 294.1 294.5 292.9 286.4 325.4 466.5 477.5 732.5 817.8 772.6 802.4 1156.3 -9999 -9999 -9999 -9999 -9999 -9999 -9999 -9999 -9999 -9999 -9999 -9999 -9999 -9999 -9999 -9999 -9999 -9999 -9999 -9999 -9999
-9999 -9999 -9999 -9999 -9999 -9999 -9999 -9999 -9999 -9999 -9999 -9999 -9999 -9999 -9999 -9999 -9999 -9999 -9999 -9999 -9999 -9999 364.4 315.2 288.9 286 -9999 291.7 400.5 523.7 267.6 265.4 364.5 368.3 241.6 197.3 166.4 233.5 255.5 249.3 224.8 256.2 296.2 302.4 327.4 340.1 363.6 380.3 578.7 500.6 840 896.5 840.8 761.5 1097.5 -9999 -9999 -9999 -9999 -9999 -9999 -9999 -9999 -9999 -9999 -9999 -9999 -9999 -9999 -9999 -9999 -9999 -9999 -9999 -9999 -9999
-9999 -9999 -9999 -9999 -9999 -9999 -9999 -9999 -9999 -9999 -9999 -9999 -9999 -9999 -9999 -9999 -9999 -9999 -9999 -9999 -9999 -9999 -9999 315.3 192.2 -9999 -9999 437.3 295.1 497.5 265.2 303.4 314.3 250.2 293.2 306.6 295.8 305 299 305.1 312.4 312.5 353.7 414.5 334.7 410.2 424.8 527.3 519.3 578.9 725.4 777.7 763.4 824.9 -9999 -9999 -9999 -9999 -9999 -9999 -9999 -9999 -9999 -9999 -9999 -9999 -9999 -9999 -9999 -9999 -9999 -9999 -9999 -9999 -9999 -9999
-9999 -9999 -9999 -9999 -9999 -9999 -9999 -9999 -9999 -9999 -9999 -9999 -9999 -9999 -9999 -9999 -9999 -9999 -9999 -9999 -9999 -9999 -9999 524 -9999 -9999 -9999 384.6 -9999 516.9 301.6 285 263.9 352 294.5 336.4 350.7 329.3 354.1 329.1 351.8 362.8 370.2 401.6 437.3 409.1 441.7 573.8 562.2 691.1 611 626.6 801.8 1323.5 -9999 -9999 -9999 -9999 -9999 -9999 -9999 -9999 -9999 -9999 -9999 -9999 -9999 -9999 -9999 -9999 -9999 -9999 -9999 -9999 -9999 -9999
-9999 -9999 -9999 -9999 -9999 -9999 -9999 -9999 -9999 -9999 -9999 -9999 -9999 -9999 -9999 -9999 -9999 -9999 -9999 -9999 -9999 -9999 -9999 -9999 -9999 -9999 -9999 -9999 -9999 743.4 353 346.8 361.4 370.7 375.4 357.6 395.4 325.1 361.7 394.6 385.4 365.1 355.8 348.6 402.1 511.1 581.5 754.1 943.1 923.2 625.2 537.9 822.2 -9999 -9999 -9999 -9999 -9999 -9999 -9999 -9999 -9999 -9999 -9999 -9999 -9999 -9999 -9999 -9999 -9999 -9999 -9999 -9999 -9999 -9999 -9999
