datasets/global_precipitation_1950_2017/rasters/precip_1962-total.asc
NCOLS 720 
NROWS 347 
XLLCORNER -180 
YLLCORNER -90 
CELLSIZE 0.5 
NODATA_value -9999 
[rows 68 to 101 of 347, columns 380 to 455 of 720]
640.8 578.2 601.5 645.1 620.5 662.8 945.5 655.5 604 717.5 679.3 608.6 550.6 522.1 625.8 762.8 921.8 871.4 943.6 1137.4 1179.9 841.4 701.8 669.5 714.9 776.4 831.6 801.2 794.6 770.3 711.9 672.1 751.3 949.7 886 677.2 622.3 613.7 616.6 564.5 521.7 528.8 470.7 448 459.6 482.1 434.8 396.4 379 445.9 404.8 405.1 413.9 400.4 425 417.2 405.1 443.9 415.4 372.2 377.3 428.7 446.8 422.9 506.1 536.6 434 426.9 388.4 384.6 384.1 338.6 255.9 198 195.5 211.6
657.8 661 640.2 652.6 677.9 626.7 1023.4 948.4 724.3 783.2 713.6 502.8 521.3 560.2 606 648.7 697.4 763.4 892.4 821.2 750.7 621.9 530.5 551.1 813.2 817.1 1258.4 967.9 923.2 825.9 748.9 771.1 723.6 601.9 669.9 588.9 593.1 570.2 604.5 680.7 905.1 610.7 542.4 509.9 549.6 458 438.5 379.6 388.8 413.6 359.3 407.4 435.1 427.8 420.4 418.9 450 424.4 399.3 402.6 408.9 404.7 394.7 389.1 415.7 449.2 431.6 374.4 315.4 313.9 341.7 368.6 287.5 232.9 175.4 178.3
729.6 767.9 803.8 813.5 769.4 819.3 858.6 914.3 890 900 737.6 688.6 597.4 533.9 518.5 545.7 541 645.7 656.9 596.6 554.3 460.6 413.1 475.8 526.2 578.3 883.8 1209.1 1246.7 1288.1 884 920.1 692.1 506.2 604.1 555.6 542.3 549.9 545.8 560.4 603.2 601.7 628.5 596 548.1 500.1 413.9 361.7 394 448.8 456.7 432.5 428.4 417.2 498.5 664.4 529.8 463.7 411.4 420.8 407.4 402.7 362.3 318.8 344 415.1 448.9 375.7 309.7 272.5 286.7 264.1 262.6 441.8 274.3 205.3
1598.9 1086.2 1164.7 1420.9 1420.4 1856.4 1437.7 1706.7 1323.3 1480 1443.2 1121.3 668.9 597.8 582.1 514.2 499.5 512.7 504.5 477.1 422.8 405.4 361.9 426.9 479.2 554.3 769.5 823.8 792.6 761.9 748.5 702.3 616.9 672.9 383.1 493.8 508.3 513.3 506.6 488.2 567.7 551.2 544.7 538.7 506.2 463.3 392.3 391.2 410.2 460.1 469.1 477.1 422.8 439.2 461.8 497.1 471 459.9 499 503.5 440.4 419.9 373.5 319.6 292.4 390.9 501.7 384.3 279.1 209 236.6 231.4 240.7 284.3 250.2 200
1759.9 794.8 1047.3 1047.8 1252.5 1459.8 1359.7 1023.7 776.1 858.5 1354.1 984.5 805.6 700.8 679.6 663.4 533.8 469.6 470.4 434.5 398.8 393.3 427.7 455.8 430.6 669 610.3 588.4 630.1 579 498.9 697.7 557.2 366.8 441.6 542.8 595.2 566.6 503.7 540.4 496.8 421.3 415 436 444.8 444.2 423.6 410 403.7 434.5 475.6 452.3 407.1 443.2 478.1 450.2 435 453.3 454.2 1013.7 655.6 467.3 381.7 330.1 302.3 327.7 375.4 329.4 302.9 271.7 239.7 219.7 221.2 208.3 177.8 146.7
454.5 541.1 760.5 780.8 859 1257.8 1461.9 1140 1001.5 978.8 1192.4 1067.7 904.9 790.8 625.5 595.7 544 500.2 438.8 392.1 390.5 418.4 447.5 458.1 459.9 503.4 490.9 552.7 350.9 620.2 493 551.5 547.6 392 225.8 400.1 526.7 601.6 624.4 491.7 509.5 412.4 374.2 398.3 445.6 483.3 434.2 404.5 363.5 385.5 418.4 381.6 482.3 -9999 -9999 -9999 -9999 392.8 392.5 445.3 503.6 470.8 375.6 272.4 315.9 331.7 345.7 297.9 291.8 257.9 211.8 174.9 161.2 142.4 133.1 122.4
776.4 1047.4 890.5 1457.8 1379.8 1733.7 2679.9 2230.8 1630.1 1597.9 1378.7 1236.4 1220.9 1057.1 786.1 638 578.1 515.4 457.7 429.9 378.4 414.9 450 332.1 359.2 413.9 380.7 401 401.6 659.2 529.6 541.9 458.6 360.6 323.9 392 496.1 532.6 502.9 482.6 429.4 -9999 -9999 -9999 338.5 376.1 414.3 410.2 394.8 400.4 -9999 -9999 -9999 -9999 -9999 -9999 -9999 496.3 427.5 407.2 422.9 413.3 352.7 340.7 341.2 336.1 331.9 334.2 244.7 238.4 210.8 144.8 135.8 119.4 119.8 162.1
1184.5 1060.3 1795.2 1107 969.4 1041.9 -9999 1221.2 1661.9 1800.7 1406.6 1163.3 1056.9 950.9 829.5 723.1 643.7 562.9 468.8 456.8 443 489.6 546.2 464.1 383.1 456.6 502.4 706.5 582 567.4 741.3 660.3 464.4 442.4 430.3 451.3 539.8 589.7 473.2 406.8 -9999 -9999 -9999 -9999 -9999 -9999 385.7 400.9 393 372.7 -9999 -9999 -9999 -9999 -9999 -9999 553.7 482.9 472.1 446.1 403.6 409.4 396.6 381.3 364.7 328.6 289.7 288.5 259.5 244.5 219.4 172.8 128.5 109.6 110.8 78.2
637.1 628.2 688.5 737.7 -9999 -9999 -9999 962.2 1298.5 1811 1703.7 1338.7 1153.1 983.1 811.8 724.3 675.7 560.3 579.6 453.6 453.2 466 491.5 766 643.2 506 552.7 463 344.9 569.4 787.5 750.7 435 486.7 453.3 375.7 455.9 498.4 407.7 -9999 -9999 -9999 -9999 -9999 -9999 -9999 368 462.5 494 483.4 387.5 369.9 341.7 -9999 362.3 472.7 531.8 697.7 784 572.6 456.5 448 485.9 493.2 429.4 341.8 335.2 314.3 240.8 263.6 255.5 209.3 143 111.9 106.6 85.5
854 742.8 574.3 543.9 -9999 -9999 -9999 -9999 -9999 -9999 1554.7 1267.6 1235.7 1050.1 948 801.4 813.8 767.4 742.8 570.9 512.2 534.2 553.8 463.5 680.7 590.1 489.9 320.7 372.2 466.9 618.7 494.7 458.8 337.7 408 297.7 267.4 355.1 -9999 -9999 -9999 -9999 -9999 -9999 -9999 -9999 -9999 570.8 830.3 -9999 -9999 -9999 -9999 -9999 -9999 717.7 661.2 792.5 786.8 682 701.8 629.5 593.3 481.4 456.3 429.3 385.6 390.8 409.6 303.1 260.1 219.4 174.8 142.7 110.6 98.8
1758.6 875.3 801.6 687.1 525.5 -9999 -9999 -9999 -9999 -9999 941.7 1226.8 1191.9 1133.8 830.6 828.4 1005.5 1167.8 891.3 783.7 699.8 653.6 644.8 650.6 633.8 489.4 369 473 473.3 484.3 505.8 532.9 530.9 424.9 370.6 295.7 259.7 -9999 -9999 -9999 -9999 -9999 -9999 -9999 -9999 -9999 -9999 -9999 -9999 -9999 -9999 -9999 -9999 -9999 -9999 -9999 -9999 -9999 1717.4 1220 970.1 793 635.4 529 471.7 438.3 395.9 400.1 346 299.3 277.2 217.4 207.9 186.1 157.6 137
-9999 884.9 739.4 1209.6 957.9 866.9 -9999 -9999 -9999 -9999 -9999 -9999 845.2 1198.8 1216.1 1739.9 1191.5 973.3 874.7 894.5 787.5 753.7 698.5 655.9 644.7 559.6 478.8 415.3 492.2 503.7 459.9 592.9 612.8 590.9 534.8 422.4 390 -9999 -9999 -9999 -9999 -9999 -9999 -9999 -9999 -9999 -9999 -9999 -9999 -9999 -9999 -9999 -9999 -9999 -9999 -9999 -9999 -9999 -9999 1483.1 1708.3 1553 922.2 674.7 636.3 521 472.1 410.1 376.9 333.8 446.4 432.8 351.6 230 263.4 264.9
-9999 937.4 744.1 651.9 713.3 880.4 697.1 650.9 -9999 -9999 -9999 -9999 -9999 -9999 1143.3 1517.3 1774.1 1440.8 1058.7 861.7 766.8 921.9 703.1 602.1 634.3 638.2 703.1 612.6 552.1 626.1 587.3 587.3 629.8 552.5 547.9 572.5 -9999 -9999 -9999 -9999 -9999 -9999 -9999 -9999 -9999 -9999 -9999 -9999 -9999 -9999 -9999 -9999 -9999 -9999 -9999 -9999 -9999 -9999 -9999 -9999 -9999 1504.2 1403.7 1568.3 1001.5 677 743.5 645.7 856 909.6 620.5 1084.8 469.2 365.2 335.8 309.3
-9999 -9999 771.4 888.3 789.1 792.2 883.8 902.5 -9999 -9999 -9999 -9999 -9999 -9999 -9999 -9999 2097.6 1948.5 2050.7 1519.3 969.7 715.3 693.7 758.9 598.2 522 499.4 628.5 707.9 942 897.9 640.7 516.4 569.9 534.5 576.1 -9999 -9999 -9999 -9999 -9999 -9999 -9999 -9999 -9999 -9999 -9999 -9999 -9999 -9999 -9999 -9999 -9999 -9999 -9999 -9999 -9999 -9999 -9999 -9999 -9999 -9999 -9999 1626.2 1489 1064.6 1105.3 954.2 1003.7 766.3 806.9 612.1 437.2 448.2 325.2 244
-9999 -9999 -9999 848.2 880.3 989 902.2 914.1 824.3 -9999 -9999 -9999 -9999 -9999 -9999 -9999 -9999 -9999 1766.6 2810.3 1535.5 792.5 771.9 714.9 684.4 528.8 685.2 782.5 551.9 556.9 566.4 548.8 543.3 569.3 683.6 694.1 -9999 -9999 -9999 -9999 -9999 -9999 -9999 -9999 -9999 -9999 -9999 -9999 -9999 -9999 -9999 -9999 -9999 -9999 -9999 -9999 -9999 -9999 -9999 -9999 -9999 -9999 -9999 1560.6 1439.1 1387.8 993.4 677.4 728.7 937.6 604.3 648.8 914.9 688.7 412.6 167.2
-9999 -9999 -9999 -9999 806.1 1062.5 1144.4 1272.3 1073.4 819.7 517.8 436.4 -9999 -9999 -9999 -9999 -9999 -9999 -9999 1727.7 1516.6 1124.1 876.8 637.1 607.6 656 668.7 747.3 909.1 1187.4 725.4 642.7 538.9 606.4 870.8 730.9 -9999 -9999 -9999 -9999 -9999 -9999 -9999 -9999 -9999 917.1 783.1 796.9 804.7 635.9 -9999 -9999 -9999 -9999 -9999 -9999 -9999 -9999 -9999 -9999 -9999 -9999 -9999 2620.1 2016.6 718.8 780.8 659.7 483.1 261.9 495.9 559.2 734.5 1024.8 761.7 364.3
-9999 -9999 -9999 -9999 -9999 -9999 -9999 1130.2 1108.5 877.3 657.2 507.3 530 -9999 -9999 -9999 -9999 -9999 -9999 1516.3 1722.3 969.1 902.6 701.3 679.1 739 695.7 723.8 908.8 1017 852.1 710 636.5 681.9 646.4 642.7 745.9 914.4 -9999 -9999 -9999 -9999 -9999 842.7 1040.4 566.8 531.2 439.9 459.3 441.4 427 509.2 646.4 836.3 -9999 -9999 -9999 -9999 -9999 -9999 -9999 -9999 1998.9 958.9 982.7 532.7 515.7 522.6 540.5 376.3 294 388.1 502.4 442.3 689.1 594.3
-9999 -9999 -9999 -9999 -9999 -9999 -9999 -9999 -9999 1295.9 1120.5 681.1 507.6 434.6 500.7 -9999 -9999 -9999 -9999 1251.1 1250.8 827 904.7 894.9 1013.6 581.5 525.1 -9999 -9999 783.8 -9999 -9999 667.9 753.1 844.3 -9999 -9999 -9999 -9999 -9999 939.2 855.9 782 542.4 648.4 630.3 489.7 420.4 414.5 404.9 374.8 379.7 422.8 417.4 615.5 756.2 952.4 856.5 723.5 700.4 1103.1 1307 960.6 515.6 452.9 500.4 528.2 533.8 520.7 547.2 473.1 500.8 307.6 287.1 320.5 565.6
-9999 -9999 -9999 -9999 -9999 -9999 -9999 -9999 -9999 -9999 850.6 707.6 685.7 -9999 -9999 -9999 604.4 -9999 -9999 1517.2 1609.6 1208.8 877.5 651.9 686.3 -9999 -9999 -9999 660.5 -9999 -9999 -9999 -9999 893.5 922.7 844.4 784 899.1 1000.7 617.2 600.2 611.5 585.5 519.2 523 580.4 442.8 392.6 417.2 415.8 386 350.5 345.8 375.2 428.9 521.8 501.3 497.2 418.3 402.9 374.7 397.8 387 404.8 406.4 502.2 422 285.3 346.6 516.3 520.5 431.9 626.2 417.1 308.4 307.2
-9999 -9999 -9999 -9999 -9999 -9999 -9999 -9999 -9999 -9999 -9999 -9999 496.3 -9999 -9999 -9999 -9999 -9999 -9999 1624.7 1595.3 1388.6 1602.1 1073 668.1 605 -9999 -9999 -9999 -9999 -9999 -9999 856.3 830.9 866.6 835.6 781 807.4 849.4 613.3 479.1 403.1 420 395.3 371.3 373.6 390.6 376.4 379.6 477.6 436.9 366.5 342 352 357 538.9 472.8 487.3 422 447.2 399.1 372.4 337.3 388.8 416.9 442.5 391.7 224.3 184.5 261.4 286.8 664 568 698.5 406.5 268.9
-9999 -9999 -9999 -9999 -9999 -9999 -9999 -9999 -9999 -9999 -9999 -9999 834.8 1156 -9999 -9999 -9999 -9999 -9999 -9999 -9999 1321.5 1304 1079 788.2 713.9 804.6 -9999 -9999 -9999 -9999 -9999 862 810.9 955.4 847.1 810.1 961.3 770.6 693.6 612.9 482.7 466.4 413.4 397.4 359.6 359.3 386.3 302.9 330.7 396.1 363.9 347.9 348.2 376 382.2 446.7 562.9 649.9 675 708.2 607.8 482.3 447.9 472.5 425.2 388.9 310.3 192.2 217 270 429.7 584.5 452.4 388.5 406.8
-9999 -9999 -9999 -9999 -9999 -9999 -9999 -9999 -9999 -9999 -9999 -9999 869.6 -9999 -9999 -9999 -9999 -9999 -9999 -9999 -9999 -9999 1306.7 1242.2 947.7 864.2 -9999 -9999 -9999 -9999 -9999 -9999 -9999 -9999 921.5 828.1 763.2 861.5 726.8 662.3 500.5 450.7 463 443.6 327.7 322.6 290.5 246.5 245.3 264.6 298.4 327.2 484.5 419.8 370.9 338.2 374.1 282.3 318.8 472.7 595.9 632.6 618.5 637.1 566.3 466.1 384.5 420.9 443.7 345 319.8 337.6 340.1 353 352.7 538.1
-9999 -9999 -9999 -9999 -9999 -9999 -9999 -9999 -9999 -9999 738.7 1212 1109.6 -9999 -9999 -9999 -9999 -9999 -9999 -9999 -9999 -9999 -9999 967.2 -9999 -9999 737.4 714.3 773.8 -9999 -9999 -9999 -9999 878.9 908.6 925.9 823.9 676 632.4 617.5 594.7 611.1 612.2 460.3 342.3 291.7 226.3 201.2 190 244.9 295.5 350 466 453.3 269.3 349.2 355.5 308.1 418.2 733.5 531.1 484.2 563.7 623.6 624.6 538.6 375.3 428.1 440.6 404.4 345.2 334.3 266.2 290.4 315.6 379.1
-9999 -9999 -9999 -9999 -9999 503.1 605.4 619.2 672.7 785.4 -9999 -9999 -9999 -9999 -9999 -9999 -9999 -9999 -9999 -9999 -9999 1369.7 -9999 1125.2 1172.5 826.4 -9999 -9999 -9999 -9999 -9999 -9999 -9999 1074.6 -9999 810.4 804 743.1 713.8 591.6 404.9 674.4 543.9 520.8 352.2 242.8 221.2 200.4 234.8 315.5 523 682.2 633.1 618.2 539.6 571.2 748.4 555.4 474.7 465.3 419.9 409.6 418.6 568.4 590.5 608.3 561 557.6 552.6 365.1 312.8 363.9 349.8 320.1 252.1 264.7
-9999 -9999 -9999 -9999 -9999 -9999 -9999 482.6 421.4 693.8 666 -9999 -9999 -9999 -9999 -9999 -9999 -9999 -9999 -9999 -9999 -9999 -9999 1076.5 1068 949.4 -9999 -9999 -9999 -9999 -9999 -9999 -9999 -9999 -9999 867.9 1413.5 1231.8 758.9 691.7 559.7 761.6 828.1 750.7 619.1 413.7 249.2 265.6 341.8 560.8 759.1 659.3 725.5 725.9 514.4 436 465.1 432.8 410.9 416.7 389.1 451.9 356.9 422.4 559 686.5 705.2 692.3 622.9 475.2 365.4 323.7 332.7 340.8 291.3 276.3
435.9 424.5 -9999 -9999 -9999 -9999 -9999 -9999 -9999 560.4 -9999 -9999 -9999 -9999 -9999 -9999 -9999 -9999 -9999 -9999 -9999 -9999 -9999 -9999 -9999 -9999 -9999 -9999 -9999 -9999 -9999 -9999 -9999 -9999 -9999 -9999 1194.2 1196.2 1072.1 670.5 760.3 -9999 -9999 1152.2 1019.3 692.5 446 516.6 603.4 -9999 658.2 -9999 843.9 583.1 421.8 311.3 317.2 323.6 297.9 315.7 314.8 281 238.8 321.6 337.2 1014.8 636.3 839.9 604.5 628.2 440.1 230.3 278.6 330.1 338.7 299.7
416.5 -9999 -9999 -9999 -9999 -9999 -9999 -9999 -9999 -9999 -9999 -9999 -9999 -9999 -9999 -9999 -9999 -9999 -9999 -9999 -9999 -9999 -9999 -9999 -9999 -9999 -9999 -9999 -9999 -9999 -9999 -9999 -9999 -9999 -9999 -9999 -9999 -9999 -9999 891.2 -9999 -9999 -9999 -9999 -9999 1042.6 787.1 679.6 -9999 -9999 -9999 -9999 1144.9 544.4 306.7 293.4 259 217.2 179 193.2 185.7 179.6 231.2 305.8 310.8 365.4 336.6 476.5 663.9 660.2 612 501 318.4 406.9 409.2 390.7
196.5 254.3 -9999 -9999 -9999 -9999 -9999 -9999 -9999 -9999 -9999 -9999 -9999 -9999 -9999 -9999 -9999 -9999 -9999 -9999 -9999 -9999 -9999 -9999 -9999 -9999 -9999 -9999 -9999 -9999 -9999 -9999 -9999 -9999 -9999 -9999 -9999 -9999 -9999 -9999 -9999 -9999 -9999 -9999 -9999 -9999 -9999 -9999 -9999 -9999 -9999 -9999 942 556.8 325.3 260.4 224.6 135.8 97.1 110.4 117 125.3 182.5 262.7 296.8 317.4 332.2 348.4 336.3 448.4 619 807.1 776.8 496.7 415.6 462.7
208.8 215 -9999 -9999 -9999 -9999 -9999 -9999 -9999 -9999 -9999 -9999 -9999 -9999 -9999 -9999 -9999 -9999 -9999 -9999 -9999 -9999 -9999 -9999 -9999 -9999 -9999 900.5 1004.1 1170.9 913.3 -9999 646.1 -9999 -9999 -9999 -9999 -9999 -9999 -9999 -9999 -9999 -9999 -9999 -9999 -9999 387.1 347.5 -9999 -9999 -9999 -9999 911.3 390.5 328 233.5 140.8 111.9 100.8 107.6 62.2 56.3 84.1 118.5 147.6 183.4 208.2 236 239.4 323.9 516.7 684.2 649.6 365.5 344.4 407.8
185.2 176.2 186.9 -9999 -9999 -9999 -9999 -9999 -9999 -9999 -9999 -9999 -9999 -9999 -9999 -9999 -9999 -9999 -9999 -9999 -9999 -9999 -9999 -9999 -9999 -9999 -9999 -9999 -9999 -9999 -9999 -9999 -9999 -9999 -9999 -9999 -9999 -9999 -9999 -9999 -9999 -9999 -9999 -9999 -9999 612.7 467.1 -9999 -9999 -9999 -9999 -9999 821.7 418.8 211.7 123.4 115.7 108 97.6 86.5 74.3 65.8 75.1 80.7 97 130.8 158.6 183.1 223.6 246.3 306.7 412.4 428.6 390.9 395.9 409.9
-9999 -9999 -9999 -9999 -9999 -9999 -9999 -9999 -9999 -9999 -9999 -9999 -9999 -9999 -9999 -9999 -9999 -9999 -9999 -9999 -9999 -9999 -9999 -9999 -9999 -9999 -9999 -9999 -9999 -9999 -9999 -9999 -9999 -9999 -9999 -9999 -9999 -9999 -9999 -9999 -9999 -9999 -9999 -9999 -9999 -9999 -9999 -9999 -9999 -9999 -9999 852.5 447 125.5 133.5 107.2 96.1 103.7 99.2 96.2 90.5 86.1 118.3 99.8 111.5 125.3 140.2 144 171.2 209.2 219.3 280.5 334 396 354.5 394.8
132.7 153.2 -9999 -9999 -9999 -9999 -9999 -9999 -9999 -9999 -9999 -9999 -9999 -9999 -9999 -9999 -9999 -9999 -9999 -9999 -9999 -9999 -9999 -9999 -9999 -9999 -9999 -9999 -9999 -9999 -9999 -9999 -9999 -9999 -9999 -9999 -9999 -9999 -9999 -9999 -9999 -9999 -9999 -9999 -9999 -9999 -9999 -9999 -9999 -9999 -9999 1105.5 364.7 140.2 120.1 107.2 87.7 86.8 86.3 78.4 74.8 78.2 87.5 100.9 112.9 121.9 141.1 151 144.5 168.5 218.1 250.9 291.9 335 352.9 401.5
127.2 129.1 -9999 -9999 -9999 -9999 -9999 -9999 -9999 -9999 -9999 -9999 -9999 -9999 -9999 -9999 -9999 -9999 -9999 -9999 -9999 -9999 -9999 -9999 -9999 -9999 -9999 -9999 -9999 -9999 -9999 -9999 -9999 -9999 -9999 -9999 -9999 -9999 -9999 -9999 -9999 -9999 -9999 -9999 -9999 -9999 -9999 -9999 -9999 -9999 564.4 549.7 173.4 134.5 142 70 31.1 53.4 72.6 71.1 63.1 68.1 80.3 95 104.3 117.9 141.1 144.8 103.7 116.5 146.4 175.5 184.3 244.5 337.7 369.3
123.9 131.2 169.7 193.7 245.1 296.7 353.1 402.8 -9999 -9999 -9999 -9999 -9999 -9999 -9999 -9999 -9999 -9999 -9999 -9999 -9999 -9999 564.5 716.9 518.1 -9999 -9999 -9999 -9999 -9999 -9999 -9999 -9999 -9999 -9999 -9999 -9999 -9999 -9999 -9999 -9999 -9999 -9999 -9999 -9999 -9999 -9999 -9999 -9999 -9999 450 310.7 156.1 191.9 160.9 55.5 24.9 42.9 66.7 73.1 63.1 64 69.1 70.6 74.1 93.6 110.2 99.2 97.6 89.2 91.6 92.4 94.3 107.1 204.6 279.2
