datasets/global_precipitation_1950_2017/rasters/precip_1994-total.asc
NCOLS 720 
NROWS 347 
XLLCORNER -180 
YLLCORNER -90 
CELLSIZE 0.5 
NODATA_value -9999 
[rows 102 to 135 of 347, columns 304 to 379 of 720]
-9999 -9999 -9999 -9999 -9999 -9999 -9999 -9999 -9999 -9999 -9999 -9999 -9999 -9999 -9999 -9999 -9999 -9999 -9999 -9999 -9999 -9999 -9999 -9999 -9999 -9999 -9999 -9999 -9999 -9999 -9999 -9999 -9999 -9999 -9999 -9999 -9999 227.2 189.5 182.7 167.2 232.7 354.5 358.1 329.7 176.3 149.2 178.4 251.8 422.6 299.6 207.8 194.7 180.8 186 173.2 149.5 132.4 125.7 110.5 101.8 94.5 102.9 110.2 101.9 81.5 66.1 66.8 74.7 71.5 68.7 67.7 64.5 68 78.7 113.1
-9999 -9999 -9999 -9999 -9999 -9999 -9999 -9999 -9999 -9999 -9999 -9999 -9999 -9999 -9999 -9999 -9999 -9999 -9999 -9999 -9999 -9999 -9999 -9999 -9999 -9999 -9999 -9999 -9999 -9999 -9999 -9999 -9999 -9999 -9999 -9999 -9999 180.4 191.6 220.3 239.5 387.8 445.4 355.5 221.8 146.2 173.3 188.5 190.6 215.2 175.9 149.9 166.4 182.3 181 171.6 153.5 142.8 120.8 95.2 81.5 71 82.3 96.7 95.7 85.1 79.6 88.9 99.2 87.7 73.3 64.7 57.6 48.8 44.8 78.2
-9999 -9999 -9999 -9999 -9999 -9999 -9999 -9999 -9999 -9999 -9999 -9999 -9999 -9999 -9999 -9999 -9999 -9999 -9999 -9999 -9999 -9999 -9999 -9999 -9999 -9999 -9999 -9999 -9999 -9999 -9999 -9999 -9999 -9999 -9999 -9999 152.4 187.2 229 433.2 295.7 278.7 225.3 147.2 103.7 117.2 121.4 119.3 138.8 140.4 130.9 127.2 135.7 151.1 166.3 170.3 165.4 141.6 101.6 90.3 87.1 85.3 88.6 93.3 93.3 89.5 86.8 93.1 99.1 91.2 79.7 68.8 54.2 44.5 46.7 66.5
-9999 -9999 -9999 -9999 -9999 -9999 -9999 -9999 -9999 -9999 -9999 -9999 -9999 -9999 -9999 -9999 -9999 -9999 -9999 -9999 -9999 -9999 -9999 -9999 -9999 -9999 -9999 -9999 -9999 -9999 -9999 -9999 -9999 -9999 -9999 -9999 130.9 272.1 214.8 284.8 295.3 275.4 133.4 107.1 82 86.9 97 101.9 98 98.4 87.7 84.5 89.5 101.2 112 99.4 69.8 67.7 78.1 87.1 94.9 104.6 97 93.5 92.6 92.1 90.7 91.3 92.6 89.5 79.6 63.4 50.2 40.5 42.8 49.9
-9999 -9999 -9999 -9999 -9999 -9999 -9999 -9999 -9999 -9999 -9999 -9999 -9999 -9999 -9999 -9999 -9999 -9999 -9999 -9999 -9999 -9999 -9999 -9999 -9999 -9999 -9999 -9999 -9999 -9999 -9999 -9999 -9999 -9999 -9999 -9999 -9999 184.4 144.2 231.5 294.7 349.1 200.2 95.9 64.5 74.9 82.5 88 82.6 73.4 62.8 50.7 57.8 63.3 53.3 42.5 41.7 49.1 62.4 76.3 88 85.9 89.6 90.5 89.3 90.9 91.3 90.3 87.2 83.6 74.7 60.3 48.4 43 41.3 36
-9999 -9999 -9999 -9999 -9999 -9999 -9999 -9999 -9999 -9999 -9999 -9999 -9999 -9999 -9999 -9999 -9999 -9999 -9999 -9999 -9999 -9999 -9999 -9999 -9999 -9999 -9999 -9999 -9999 -9999 -9999 -9999 -9999 -9999 -9999 -9999 16.4 87.4 140.6 192.4 286.1 299.6 194.7 118.9 81.1 74.9 78.5 77.6 67.6 63.9 59 53.9 52.3 49.3 40.8 33.2 33.7 40.2 51.7 65.1 77.9 84.5 85.7 86.5 87.6 87.7 86.7 81.4 79 70.7 61.3 54.1 50.3 47.7 46.2 44.7
-9999 -9999 -9999 -9999 -9999 -9999 -9999 -9999 -9999 -9999 -9999 -9999 -9999 -9999 -9999 -9999 -9999 -9999 -9999 -9999 -9999 -9999 -9999 -9999 -9999 -9999 -9999 -9999 -9999 -9999 -9999 -9999 -9999 -9999 -9999 60.7 61.6 64.4 78.4 96.7 169 216.4 164 118.7 93.8 77.2 79.8 71.2 62.7 58.8 57.3 53.8 49.7 44.6 36 27.8 23.7 33.1 43.3 53.8 62.9 70 71.8 74.4 75.7 78.8 77.8 71.4 64.3 57 49.9 48.4 48.1 46.9 48.4 50.9
-9999 -9999 -9999 -9999 -9999 -9999 -9999 -9999 -9999 -9999 -9999 -9999 -9999 -9999 -9999 -9999 -9999 -9999 -9999 -9999 213.2 -9999 -9999 -9999 -9999 -9999 -9999 -9999 -9999 -9999 -9999 -9999 -9999 -9999 42.2 39.6 27.8 19 23 22.2 34 56.3 77.9 85.7 86.2 80 77.1 67.4 57.1 55.3 53.5 51.1 47.2 43.1 39.5 35.1 31.6 34.2 39.5 44.7 48.8 51.7 55.4 57.2 60.2 63.1 63.2 55.5 48.7 43.3 41.8 44.4 44.4 48.3 53.1 56.3
-9999 -9999 -9999 -9999 -9999 -9999 -9999 -9999 -9999 -9999 -9999 -9999 -9999 -9999 -9999 -9999 -9999 -9999 -9999 -9999 -9999 -9999 122.8 -9999 -9999 -9999 -9999 -9999 -9999 -9999 -9999 -9999 -9999 45.7 40.9 33.5 18.8 12.5 14.9 22.5 32.9 41.9 55.5 65.8 69.3 68.6 68.6 61.2 55.4 53.2 51.5 48.4 45.5 42.3 41.3 41.8 43.5 40.5 39 38.4 37.6 38.5 40.5 42.7 45.4 47 45.7 40.4 34.4 34.7 34.2 37.1 41.6 49.8 59.3 69.1
-9999 -9999 -9999 -9999 -9999 -9999 -9999 -9999 -9999 -9999 -9999 -9999 -9999 -9999 -9999 -9999 -9999 -9999 -9999 -9999 -9999 -9999 -9999 -9999 -9999 -9999 -9999 -9999 -9999 -9999 52.2 57.1 49 41.1 35.8 30 21.6 17.5 17.6 19.9 26.8 34 44.3 53.7 59.5 56.9 57.7 53.7 51.7 50.3 48.1 45.4 43.5 42.2 40.2 52.8 50.3 42.2 37.3 33.3 31 30.1 32.7 35 35.8 35.3 33.6 28.8 24.3 23.3 26.4 28.9 32.9 45.1 67.1 92.9
-9999 -9999 -9999 -9999 -9999 -9999 -9999 -9999 -9999 -9999 -9999 -9999 -9999 -9999 -9999 -9999 -9999 -9999 -9999 -9999 -9999 -9999 -9999 -9999 -9999 -9999 -9999 -9999 -9999 60.6 51.2 48.3 41.7 35.9 31.9 27.3 22.2 18.9 16.6 14.9 19.7 25.3 37.5 45.9 52.5 49.1 50.1 49.9 47 46.7 45 44.7 42.8 40.9 41.2 44.1 44.7 39.9 34.2 30.8 26.4 27.2 28.3 29.2 29.6 30.1 26.7 23.2 21.2 20.9 20.5 19.4 19.6 26.6 45.3 63
-9999 -9999 -9999 -9999 -9999 -9999 -9999 -9999 -9999 -9999 -9999 -9999 -9999 -9999 -9999 -9999 -9999 -9999 -9999 -9999 -9999 -9999 -9999 -9999 -9999 -9999 -9999 -9999 -9999 48.3 44.5 39.4 38.5 38 33.8 28.7 23.9 20.3 17.6 16.6 16.9 21.2 30.2 41 46.6 42.3 42.9 46.4 41.8 43.5 43.5 43 41.5 40.4 40.1 40.9 40.7 38.3 35.2 32.3 29.3 27.3 26.6 27.2 27.7 28.1 24.8 22.3 20.5 19.5 17 12.4 7.2 7.4 23.6 39.6
-9999 -9999 -9999 -9999 -9999 -9999 -9999 -9999 -9999 -9999 -9999 -9999 -9999 -9999 -9999 -9999 -9999 -9999 -9999 -9999 -9999 -9999 -9999 -9999 -9999 -9999 -9999 123.3 63.7 45.9 36.8 36.2 37 37.5 34.2 30 25.8 22.3 19.1 17.9 16.2 18.3 23 31.3 42.3 36.7 39.4 43 39.5 40.9 42.4 41.6 41.1 39.8 39.7 40.4 39.9 38.1 36.3 34.5 31.3 30.3 28.6 27.9 28.1 29 26.6 24.2 22 19.6 16.3 12.3 9 8.9 17.1 27.3
-9999 -9999 -9999 -9999 -9999 -9999 -9999 -9999 -9999 -9999 -9999 -9999 -9999 -9999 -9999 -9999 -9999 -9999 -9999 -9999 -9999 -9999 -9999 -9999 -9999 -9999 -9999 86.3 44.3 32.7 33.3 36.7 37.3 36.2 34.2 30.4 26.9 23.8 21.4 19.1 17.1 17.1 18.2 22.4 29 31.6 37.2 41.5 37.8 39 41.4 40.6 40 40.2 40.2 40.1 39.5 39 38.1 36.5 33.2 31.5 31.1 31.7 35.3 37.4 37.5 33.3 26.9 22.9 19.1 15.3 12.9 13.4 17 21.5
-9999 -9999 -9999 -9999 -9999 -9999 -9999 -9999 -9999 -9999 -9999 -9999 -9999 -9999 -9999 -9999 -9999 -9999 -9999 -9999 -9999 -9999 -9999 -9999 -9999 -9999 32.1 30.8 32.2 31.2 33.3 34.7 35.7 33.9 33 30.6 27.3 25.2 22.6 20.6 18.7 17.7 17.3 17.6 21.6 27.8 36.4 39.4 37.9 37.7 40.9 40.3 40.4 40.5 41 40.5 41.4 40.3 39.4 36.7 34.9 35.8 37.1 40.2 46.5 50.2 57.5 52.1 42.7 32.6 25.1 20.1 16.7 15.4 16.3 19.1
-9999 -9999 -9999 -9999 -9999 -9999 -9999 -9999 -9999 -9999 -9999 -9999 -9999 -9999 -9999 -9999 -9999 -9999 -9999 -9999 -9999 -9999 -9999 -9999 -9999 -9999 31.6 30 31.1 32.7 34.2 35.7 37.6 38.5 35.8 33.2 29.7 27.8 25.6 23.4 20.8 18.8 17.5 16.6 17.7 24.8 34.6 37.9 37 37.8 40.8 41.1 41.6 42.1 42.1 40.4 39.5 38.3 40.1 38.4 38.4 39.7 43.4 50.4 56.4 63.4 68.4 61.5 55.7 44.8 34.6 26 19.5 15.9 14.9 16.4
-9999 -9999 -9999 -9999 -9999 -9999 -9999 -9999 -9999 -9999 -9999 -9999 -9999 -9999 -9999 -9999 -9999 -9999 -9999 -9999 -9999 -9999 -9999 -9999 -9999 32.6 31.4 31.2 31.8 33.3 36.2 38.6 38 37.1 36 34.7 31.5 29.9 27.9 25.7 23.8 22.1 20.3 19.1 18.8 25.3 33.1 37.6 37.5 38.6 41.1 42.9 43.6 44.1 43.5 41.9 39.7 36.1 34.9 37.8 40.8 43.6 49.1 57.2 64.6 72.6 75.1 70.7 65.4 55.5 43.7 33.7 24.2 19.2 17.2 17.6
-9999 -9999 -9999 -9999 -9999 -9999 -9999 -9999 -9999 -9999 -9999 -9999 -9999 -9999 -9999 -9999 -9999 -9999 -9999 -9999 -9999 -9999 -9999 -9999 32 30.7 30.4 30.4 31.5 33.6 37.5 40.2 40.4 39.2 37.7 37.3 35.8 32.9 30.3 28.6 26.4 24.9 23 21.9 21.9 27.2 37.6 45.1 48.9 48.4 49.5 49.3 48.8 48.2 46.7 44.6 42.1 39.1 37.7 40.3 43.3 49 55.9 62.6 71.5 77.7 80.5 80.8 77.9 67.7 53.4 40.7 30.1 24.1 21.2 20.4
-9999 -9999 -9999 -9999 -9999 -9999 -9999 -9999 -9999 -9999 -9999 -9999 -9999 -9999 -9999 -9999 -9999 -9999 -9999 -9999 -9999 -9999 -9999 -9999 33.2 31.7 29.6 29.4 31.9 33.1 38 43.3 44.2 43.1 40.9 38.9 36.8 35.6 33.9 30.9 29.1 27.8 26.5 27.2 31.1 39.7 50.6 57.3 64.4 65.8 63.6 61.7 60.5 59.4 57 54.4 52.3 52.7 50.5 49.7 52.5 53.5 60.3 67.9 75.2 80.6 86.1 90.5 87.7 77.7 63.6 50.1 37.8 29.2 24 22.5
-9999 -9999 -9999 -9999 -9999 -9999 -9999 -9999 -9999 -9999 -9999 -9999 -9999 -9999 -9999 -9999 -9999 -9999 -9999 -9999 -9999 -9999 -9999 39.5 34.7 34.4 33.1 33.9 33.4 30.5 27.9 49.5 48.7 45.9 44.8 44.8 43.9 41.9 39.2 38.6 43.5 49.1 49.8 48.8 52.6 61.9 76.4 81.9 81.7 82.4 76.1 73.7 73 69.8 66.4 69 67.7 65.8 65 64.5 65.5 65.4 69.2 68.9 73.5 81.5 80.5 101.5 95.4 85.2 69.1 55.7 44.3 35 29.1 24.1
-9999 -9999 -9999 -9999 -9999 -9999 -9999 -9999 -9999 -9999 -9999 -9999 -9999 -9999 -9999 -9999 -9999 -9999 -9999 -9999 -9999 -9999 -9999 39.9 35.6 37.6 41.7 41.9 39.5 36.5 36.5 45.2 48.7 47.8 48.6 50.5 50.6 52.3 55.2 63.7 75.7 84.9 82.8 85.6 91.3 99.2 100 97.5 93.4 90.3 89.2 90.4 88 92 93.1 92.7 91.2 90.5 86 84.3 80 76.8 78.1 78.4 79 76.9 81.8 94.4 96.2 90 74.3 61.8 50.5 40.1 33 28.7
-9999 -9999 -9999 -9999 -9999 -9999 -9999 -9999 -9999 -9999 -9999 -9999 -9999 -9999 -9999 -9999 -9999 -9999 -9999 -9999 -9999 -9999 41.9 40.1 39 45 52.1 52.4 50.4 47.7 46.9 48.1 47.9 48.3 51.3 53.7 57.6 63.4 69.9 80.2 92.4 106.9 119 126.2 124.7 119.2 111.5 100.4 95.7 92.9 96 103.3 106.9 107.5 114 111.3 109.9 108 108 106.5 100.6 94.1 85.6 82.8 77.9 73 80 91 95 85.1 77.1 67 56.2 48.1 42.8 35
-9999 -9999 -9999 -9999 -9999 -9999 -9999 -9999 -9999 -9999 -9999 -9999 -9999 -9999 -9999 -9999 -9999 -9999 -9999 -9999 -9999 -9999 43.2 42.1 42.8 54.2 65.2 62.1 60.1 58.9 56.1 51.4 50.8 54.1 56.1 58.5 65.5 71.1 77.4 87.2 105.3 133.3 149 147.3 134.4 127.7 118.7 104.1 97.2 95 98.9 105.1 112.7 121.6 123.8 125.3 121.1 118.7 119.2 123 120.2 112.4 101.3 92.1 81.7 78 81.8 88.9 90.9 90.3 83.8 78.4 68.5 61 52.7 45.7
-9999 -9999 -9999 -9999 -9999 -9999 -9999 -9999 -9999 -9999 -9999 -9999 -9999 -9999 -9999 -9999 -9999 -9999 -9999 -9999 -9999 -9999 -9999 47.5 51.1 64.2 71 68.4 66.5 64.7 58.2 48 53.1 59.2 64.2 68.1 75.8 78.6 84.2 102.2 126.9 156 165.7 154.8 143.1 136.4 123.9 112.7 96.4 94.6 96.7 102.9 113.6 125 131 130.8 124.1 114.1 117.3 130.5 139.4 131.7 117.5 103.2 91.2 83.6 85.5 91 92.6 94.2 90 83 76.2 68.5 62.5 56.5
-9999 -9999 -9999 -9999 -9999 -9999 -9999 -9999 -9999 -9999 -9999 -9999 -9999 -9999 -9999 -9999 -9999 -9999 -9999 -9999 -9999 -9999 -9999 -9999 62.2 69.5 73.9 70.3 68.7 68.4 61.9 51.4 60.5 73.6 80.5 87.7 87.2 86.7 96.7 117.5 146.2 175.9 185 172.9 157.7 143.2 127.9 113.1 97.5 93 94.4 102.1 112.4 128.9 139.5 140.7 130.6 117.6 121.7 140.3 153.2 152.5 141 122.6 104.9 96.4 97.4 99.3 101.4 100.4 95.2 84.1 72.8 66.7 70.2 66.3
-9999 -9999 -9999 -9999 -9999 -9999 -9999 -9999 -9999 -9999 -9999 -9999 -9999 -9999 -9999 -9999 -9999 -9999 -9999 -9999 -9999 -9999 -9999 73.5 80.6 81.4 72.2 66.4 70.2 77.3 85.3 87.6 99 108.5 109.6 105.1 91.6 94.9 107.5 131.8 163.3 193.7 206.3 196.2 173.7 150.9 130.1 114.3 98.2 93.1 93.4 102.7 111.9 132.1 149.6 157 152.4 145.3 148.4 158.5 166.9 166.7 162.2 149.8 134.6 123.8 123.3 124.9 126.1 121.8 107.4 82.5 61.8 58 67.3 70.5
-9999 -9999 -9999 -9999 -9999 -9999 -9999 -9999 -9999 -9999 -9999 -9999 -9999 -9999 -9999 -9999 -9999 -9999 -9999 -9999 -9999 -9999 -9999 102 107.6 97.7 85 77.3 79.3 109.3 140.6 154 157.7 149.8 136.1 119.7 100.4 100.6 120.2 156.5 190.3 216.5 229.8 218.6 194.7 158 131.9 114.9 99.4 95.5 97.6 106.7 119.5 151.2 172.1 177.8 182.7 184.2 186.9 184.2 179.9 175.3 174.3 174.1 176 185.4 186.8 172.1 163.5 152.4 128.8 89.9 54.5 54.4 75.6 83.8
-9999 -9999 -9999 -9999 -9999 -9999 -9999 -9999 -9999 -9999 -9999 -9999 -9999 -9999 -9999 -9999 -9999 -9999 -9999 -9999 -9999 -9999 -9999 -9999 122.7 125.5 121.1 115.3 127.1 205.4 230.6 226.9 212.7 182.7 158.4 125.5 101.7 100 127.2 178.2 215.7 240.3 254.1 247.8 217.6 165.1 135.2 119.6 104.1 103.2 106.9 130.6 155.9 200.2 202.7 202.7 212.1 219.9 221.2 191 184 186.5 189.1 194.7 207.3 231.5 227 205.4 195.6 182 158 122.2 92.8 89.3 102.8 109.4
-9999 -9999 -9999 -9999 -9999 -9999 -9999 -9999 -9999 -9999 -9999 -9999 -9999 -9999 -9999 -9999 -9999 -9999 -9999 -9999 -9999 -9999 -9999 -9999 123.4 134.6 164 182.5 210.6 238.8 257.8 255.1 247.8 225.9 197.6 155.6 109.2 107.9 148.6 208.6 251.6 271.6 277.9 264.9 240.8 176.5 134.5 134.2 132.2 125.5 143.3 169.6 195.6 207.4 210.8 223.9 232 234.3 208.3 187.2 200.6 208.6 211.2 230.4 253.7 263.6 246.7 233.3 224.4 213.4 200.3 177.4 154 144.9 147 140.8
-9999 -9999 -9999 -9999 -9999 -9999 -9999 -9999 -9999 -9999 -9999 -9999 -9999 -9999 -9999 -9999 -9999 -9999 -9999 -9999 -9999 -9999 -9999 -9999 125.2 156 213.7 204.2 214.8 236.5 258.4 270.3 264.2 258.8 267.3 221.9 181.2 170.5 206.3 268.5 296.6 288.5 281.3 274 252.6 224.7 238.6 216.7 216.5 220.7 223.4 210.1 195.4 188.9 205.3 234.3 258.6 258.6 240.8 229.5 236.6 242.8 259.7 284.8 326.3 310.6 281.2 255.7 245.1 239.6 241.7 233.6 217.5 202.6 193.6 179.4
-9999 -9999 -9999 -9999 -9999 -9999 -9999 -9999 -9999 -9999 -9999 -9999 -9999 -9999 -9999 -9999 -9999 -9999 -9999 -9999 -9999 -9999 -9999 -9999 147.6 178.5 223.2 205.5 201.1 240.5 264 274.8 286.2 295.1 315 264.8 259.6 267.3 315.9 364.2 369.3 303.2 275.9 290.7 266.2 281.2 315.7 303.1 291.4 270.7 247.3 218.7 166.2 145.8 192.8 241.5 301.8 320.8 317.8 302.7 294.1 302.2 318.5 367.4 418.1 379.8 329 281.3 244.9 235.2 266.7 265.2 250.9 241.6 230.2 224.5
-9999 -9999 -9999 -9999 -9999 -9999 283.1 -9999 -9999 -9999 -9999 -9999 -9999 -9999 -9999 -9999 -9999 -9999 -9999 -9999 -9999 -9999 -9999 206.3 159.6 167.7 185 235.1 233.9 316.2 365.2 347.6 329.7 307.2 296.6 265.4 278.5 311 374.6 436 437.8 434.3 359.3 328.8 282.9 342.1 325.1 308.2 292.9 325.4 298.5 243.3 175.2 166 219.4 274.1 372.9 413.3 401.9 372.6 340.8 338.6 360.7 420.3 489.6 484.1 406.3 340.2 254.2 193.6 277.5 283.9 266.6 263.2 261.4 269.9
-9999 -9999 -9999 -9999 -9999 -9999 -9999 -9999 -9999 -9999 -9999 -9999 -9999 -9999 -9999 -9999 -9999 -9999 -9999 -9999 -9999 -9999 -9999 275.9 226.1 235.1 221.6 268.5 300.3 389.1 390.1 413.3 420.2 399.9 348.2 308.7 291.6 338.9 402.3 478.4 448.7 448 421.7 403.7 399.2 394.9 360.4 345.8 294.8 360.3 371.4 332.4 324.4 303.5 297.6 292.6 523.8 477.5 441.7 381.1 335.4 344 389.3 462.1 546.1 567 518 435.3 340.8 269.3 278.8 283 276.8 277.4 285.7 308
-9999 -9999 -9999 -9999 -9999 -9999 -9999 -9999 -9999 -9999 -9999 -9999 -9999 -9999 -9999 -9999 -9999 -9999 -9999 -9999 -9999 -9999 -9999 274 326.6 369.3 298 371.7 495.8 793.6 545.6 564.8 539.7 478.8 483.7 474 449.9 467.8 465.2 427 420.5 424.4 465.3 532.2 579.8 476.6 426.9 408 399.8 416.8 472.8 528 581 545.3 416.1 412.5 502 495.5 449.5 406.9 440 389.7 450.6 527.7 589 594.1 599 559.2 479.2 381.4 304.3 283.7 287.5 297 313.8 349.6
