datasets/global_precipitation_1950_2017/rasters/precip_1963-total.asc
NCOLS 720 
NROWS 347 
XLLCORNER -180 
YLLCORNER -90 
CELLSIZE 0.5 
NODATA_value -9999 
[rows 34 to 67 of 347, columns 76 to 151 of 720]
257.2 272.8 291.6 308.6 317.2 313.7 302.8 290.6 281.1 270.7 264.6 262.5 247.2 234.4 228.3 223.5 225.7 226.4 229.8 231.9 241.2 244.4 248.1 250.9 250.6 249 250.3 256.9 268.2 281 290.3 295.8 297.2 295.6 291.9 288.2 284.3 280.9 278 273.7 267.8 263 256.5 250.1 246 243.4 241.2 238.9 237.1 235.4 234.3 234.9 237 240.3 243.8 247.1 252.5 257.5 262.5 267.8 271.6 274.8 279.5 285.1 295.4 305.5 318 324.5 324.9 318.8 305.8 285.1 266.8 249.9 226.2 204.5
272.4 288.3 309.7 329.9 344.5 345.9 340.7 329.6 316.6 307.3 300.3 295.5 289.7 284.7 282.6 282 275.7 270.5 264.9 258.6 257.5 264.3 266.8 272.6 275.5 276.8 280.3 289.4 302.4 316.2 323 322.6 315.8 307.9 299.1 289.2 280.2 275.4 275.8 277.9 276.1 276 268.7 262 252.2 244.4 240.2 236.8 236.1 235.5 235.3 237.4 241.1 244.3 247.8 252.7 256.6 261.2 264 266.1 267.4 266 262.2 261.1 265.2 274.3 283.8 288.5 289.5 283.8 277 263.8 252 235.2 214.1 196.4
274.5 286.2 305.6 328.7 347.9 357.1 354.2 348.2 346.1 350.7 351.7 346.9 342.7 340.5 340.5 343.1 341.7 345.1 338.8 330.4 323.8 323.7 321.7 320.2 316.8 315.9 317.2 321.9 327.6 332.9 333.9 332.6 323.5 318.3 309 291.1 272.3 263.1 272.4 283.3 290.1 291.8 285.4 274.9 262.6 252.3 244.1 239.9 238.5 237.6 238.6 241.7 245.9 250.5 253.8 256.4 259.2 261.1 262.4 260.9 260.1 257.3 253.4 251 253.4 259.1 262.5 265.3 266.6 262.2 255.8 248.8 237.6 222.8 205.6 187.8
267.4 276.6 295.2 325.6 353.9 378.7 404.4 420.4 410.8 393.2 380.4 374 372 370.9 377.7 380.7 384.4 398.5 423.4 456.8 464.3 467.7 441.3 419.3 404.2 383.3 368.6 354.8 344.4 337 332.3 328.3 327.6 333.5 332.1 323.7 313.8 309.8 310.3 314.7 315.3 313.5 306.3 293.6 282.1 268.3 258.6 250.7 246.9 245.8 246.6 248.9 251 253.3 257 260.7 262.5 263.5 262.7 260.7 257.4 256 255.4 255.1 255.6 255.6 254.4 254.1 250.3 246.9 240.5 233.2 227.4 217.9 207 194.6
261.7 279 305.5 333.3 355.4 365 395.3 433.5 421.9 394.9 379.8 376.3 380.7 383.3 390.3 386.5 385.9 408.6 453.3 509.3 563.8 618.1 590.7 576 567.1 518.8 480.7 438.4 404.2 381.1 362.4 352 350.2 351.5 352.7 354.3 355 355.3 354.6 353.3 350.4 344.8 337 325.6 311.4 298.3 284.9 272.1 263.6 255.7 252.8 252.1 254.4 257.4 261.7 265.2 267.9 267.3 266.4 263.3 259.8 256.3 255.2 255.9 256.5 255.9 254.1 250.9 247.1 241.1 237.5 233.2 230.1 227.5 222.9 217.1
247.9 265.5 292.5 323 344.7 353 357.7 364.4 367.8 366.1 364.5 371.9 384.5 390.6 381.4 374 376.5 401.7 445.6 499.9 577.2 635.8 673.3 699.3 695.5 670.1 637.3 589.3 523.4 464.1 420.7 393.3 381.2 379.3 383.2 387.5 390.9 391.9 389.4 384.8 379.1 374.9 368.7 356.2 340.7 320.8 301.2 284.4 270.6 261.1 254.2 250.6 252.1 257.3 265.2 272.5 277.1 279.1 279.1 275.7 271.4 267.7 265.2 264.7 264.6 263.7 261.3 256.2 251.6 247.6 243.4 241.3 239.9 239.2 238.1 237.4
234.1 252.8 276.2 303 326.6 341.4 347.3 348 346.9 343 343 349.7 355.3 357.7 356.3 358.7 366 383.5 420.7 482.3 532.1 610.5 670.3 715.4 729.2 719.6 694.8 666.6 623.6 568.8 514.1 457.2 418.6 406.3 404.1 407.1 408.8 408.3 403.6 398.2 392.4 388.8 381.1 372.3 355.3 334.4 312.5 293.5 277.3 267.1 260.6 257.5 259.3 266.1 276.9 288.8 295.7 296.6 294.7 291.2 288.1 285.9 285.5 285.1 284.1 281.2 277.4 274.5 270.8 267 263.7 260.8 260.5 260 260.6 260.9
256.2 273 307.6 350.2 361.7 358.2 347.8 337.9 334 333.5 328.4 325.8 331.2 342 352.2 359.2 375.6 378.5 378.8 399.4 447.8 510.5 576.5 631.7 662.1 674.3 683 677.7 669.1 633.4 579.2 516.5 457.8 423.1 401.8 397.8 397.3 397.3 396.7 394.1 390.3 390.3 385.7 378.1 365.4 348.1 328.1 307.1 292.6 283.2 276.2 271.8 268.3 269 282.8 322.6 313.9 307.6 303.8 301.3 300 299.4 301.1 304.2 308.3 309.9 300.1 297.7 292.6 288.2 283 280.9 280.3 279.1 279.9 282.5
343.2 378.4 411.7 421.8 399.2 368.6 339.5 316.6 304.8 300 294.7 291.2 303 326.1 352.3 360 338.8 313.9 310.4 297.1 325.1 391.5 464.7 518.8 561.4 610.2 646.4 667.2 664.3 641.1 588.6 536.9 471 412.9 382.5 372.8 374.1 379.5 384.6 384.1 381 386.7 388 384.8 375.4 360.5 341.9 321.6 308.8 300.3 294.1 286 276.9 264.6 256.2 268.3 287.5 298.9 305.5 308.3 309.1 309 310.9 312.8 315.3 317.8 314.8 310.7 306.1 301.5 300.5 300.2 300.2 298.4 300.3 301.2
465.8 436.4 409.9 379.1 355.2 332 312.5 293 278 278.4 286.6 285.1 285.6 294.6 308.9 317.1 314.1 303.8 286 276.9 297.5 355.7 422.5 463.3 493.7 538.9 594.3 631 633.6 613.8 579 515.4 449.1 392.3 344.9 319.1 322.1 349 378.5 389.6 393.7 413.1 407.1 396.5 380.9 363.5 343.5 326.2 317 316.8 319.5 321.5 319.4 315.7 313.9 316.7 321.7 325.7 326 326.5 326.8 326.7 325.3 322.8 325.8 325.2 324.9 323.4 321 320.1 320.2 319 317.7 316.8 315.3 312.5
580.5 562.7 487 430.3 374.1 342.8 320.7 299.9 290.1 285.6 281.5 272.3 266.5 273.8 288 300.1 316.6 330.7 337.9 341.2 367.3 416.7 445.4 454.2 441.3 477.4 539.7 551.6 560.4 559 537.1 483.4 415.2 351.2 303 246.4 216.1 340.2 440.9 432.7 419.7 417.1 412.3 395.9 380.6 362.8 342.5 323.7 317.8 331.6 355.1 370.9 374.7 370.2 362.8 359 356.8 355.6 354.3 355.2 357.8 360.5 358.8 357.2 355.1 352.4 353.2 352.7 351.6 351.8 352.4 350.8 346.2 338.9 331.7 323.8
1457 1496.3 1450.2 1256.1 957.9 664.4 484.8 350.3 280.7 316.7 306.8 279.6 250.3 291.2 281.1 297.4 341.6 387.9 409 433.7 458.7 485.1 489.1 486.4 489.7 498.4 506.1 514.9 522.9 527.9 519.7 491.5 448.4 404.7 376 361.7 367.8 400.1 427.1 431 424.6 421.4 415.7 403.8 388 368.2 352.9 345.3 352.1 365.3 388.3 410.6 412.1 401.1 388 376.7 371.2 370.2 371.7 374.4 376.9 382 385.7 390.5 392 389.3 388.8 386.9 383.5 380.1 379.1 382.1 378.2 371.1 358 342.6
2574.1 2791.5 3063.4 3090.6 2831.7 2290.7 1619.7 920.2 590.1 556.8 566.1 539.1 414.7 304.6 220.5 265.9 346.8 403.1 412.1 445.7 499.1 534.8 523.2 496.9 478.6 456.5 446.8 473.5 501.1 528.2 548.1 551 527.9 497.3 471.1 458.1 453.4 448.3 439.5 433.7 433.8 435.3 434.3 424.2 399.5 378 356.8 359.9 364 372.9 386.1 399 403 397.6 391.3 386.7 383.6 381.4 380.2 377.7 376 381.6 392.4 401.4 407.7 411.8 414.7 409.8 399.3 387.5 380.7 379.9 384.7 388.7 386 376.2
-9999 -9999 3654.5 4103.9 -9999 3953.2 3237.9 2093.1 1249.1 1000.4 928.6 982.7 863.9 802.9 660.8 410.9 353.4 359.3 391.6 434 485.9 528.7 524.3 509.6 487.5 455.8 451.8 471.6 501.7 533 564.2 583.4 572.6 552.5 531.8 508.2 484.7 464.5 452.3 447.3 449 461.5 480.1 494.2 469.7 434.2 414.9 398.6 378.3 361 366.5 379.2 386.2 389 390 392.5 392.8 391.2 387.5 383.7 387.1 395.5 408.9 420.3 426.1 431.8 435.9 428.5 401.8 374.2 365.2 371.4 381.7 394.9 408.2 419.7
-9999 -9999 -9999 -9999 -9999 -9999 3627.3 2557.4 1627.3 1277.5 1211.4 1003.4 1218.7 1327.1 996.6 655.6 507.6 476.8 498.2 505.3 530.3 536.7 562.2 600.4 588.7 370.2 417.7 458.3 490.4 520.8 546.8 564.6 568.2 572.2 577.3 568.9 531.1 479.6 441.2 435 452.2 479.4 508.5 527.1 523.1 499.6 478.5 458.6 439.7 417.1 405.3 400.4 397.6 396 399.1 408.3 416.3 420.5 421.2 422.6 427.9 435.2 441.9 445.1 446.2 444 438.8 421.1 382.6 338.9 346.4 376.1 388.6 402.1 423.7 451.5
-9999 -9999 -9999 -9999 -9999 -9999 -9999 -9999 2169.1 2017.6 1879.6 -9999 1524.5 1425.6 1596.5 1890.5 1841.9 1974.4 2065.4 1623.5 915.8 511.4 452.3 456.5 456.3 446 439 458.3 480.8 506.4 528.6 543.3 554.5 585.6 639.7 675.1 599.2 495.8 431.5 426.6 461.6 501.4 536.4 564.2 575.2 559.7 456 480.3 515.6 464.4 416.7 405.8 398.1 401.1 405.5 415.1 428.3 439.2 446.2 449.5 449.7 445.8 456.6 468.2 480.7 479.7 458.3 433.2 407.1 392.3 392.5 401.1 413.1 431.2 455.5 484.7
-9999 -9999 -9999 -9999 -9999 -9999 -9999 -9999 -9999 -9999 -9999 -9999 1987.9 1662.8 1786.8 2880.4 3913.9 3413.1 2861.9 1699 785 468.1 410.7 433.7 436.1 439.8 439.7 442.6 457.2 479.4 504.7 528 548.4 569.2 596 613.8 594.6 555.8 524 509.2 514.6 536.1 567.7 594.3 601.3 592.3 569.8 558.2 536.1 477 452.7 432.5 418.7 423.7 418.9 422.5 436.5 450.3 456.9 466.3 482.3 487.4 473.2 482.7 503.2 508.3 493.1 473.3 456 441.9 441.7 446.2 455.2 468.7 478.7 504.7
-9999 -9999 -9999 -9999 -9999 -9999 -9999 -9999 -9999 -9999 -9999 -9999 2683.1 -9999 -9999 2476.6 -9999 3051.4 2521.5 1294.9 702.3 496.3 470.3 462.6 459.5 471.8 476 444.3 433.7 437.9 454.3 469.2 477.9 494.8 525.7 554.5 579.3 593.4 586 576 570.9 568.8 576.1 588.2 598.3 603.8 619.2 637.1 591.3 607.7 554.8 543.4 512.8 475.4 452.2 446.2 458.4 459 459.7 469.7 480.9 473.8 469.6 468.8 475 484.2 496.8 500.2 494.2 481.8 471.3 464.7 468.4 479.6 495.1 527.3
-9999 -9999 -9999 -9999 -9999 -9999 -9999 -9999 -9999 -9999 -9999 -9999 2676.5 2667.5 -9999 2024.3 -9999 1813.3 2079.3 1814.6 1292.2 994.2 800.8 661.7 638 654.7 649.4 594.2 456.3 392.4 407.8 427.4 439.9 468.7 509.4 556.7 604.5 636.2 652.4 629.2 589.5 566.2 559.8 559.8 565.1 548 538.4 524.2 514.1 524.4 543.5 535.5 503 469.9 452.5 445.8 435.8 422.9 444.9 444.9 464.6 460 448.2 453.8 456.5 459.8 467.1 471.9 473.7 466.7 454.6 442.8 436.9 452.2 479.4 502.8
-9999 -9999 -9999 -9999 -9999 -9999 -9999 -9999 -9999 -9999 -9999 -9999 -9999 3267.9 3560.3 2724.4 2075 -9999 -9999 2330.6 2154.5 1824.9 1674.9 1425 1237.7 1272.1 1259.5 1181 783.3 432.3 422.6 434.9 450.2 477.8 516.8 567.1 619.3 647.3 638.4 608.7 599.5 524.1 491 492.4 500.6 473.3 487.9 489.2 476.4 467.1 481.4 493.2 488.4 422.5 452.2 462.4 423.5 424 434.6 441.2 449.1 374.5 420.3 436.5 432.6 428.5 422.5 416.1 410.3 405 419 426.8 435.6 450.9 461.3 478
-9999 -9999 -9999 -9999 -9999 -9999 -9999 -9999 -9999 -9999 -9999 -9999 -9999 -9999 4831.4 3702 -9999 2347.9 -9999 2462.9 2498 2429.9 2143.1 1954.5 1849.9 1726 1532.1 1132.1 676.5 538.5 512.1 488.4 486.6 509.5 546.1 596.6 668.8 739.1 716.8 608.4 541.8 484.1 466.4 479.2 412.5 457.5 435.8 428.6 399.1 337.5 411 460.7 470.2 462 461.5 438.5 401.6 390.5 399.2 414.3 428.5 468.1 461.4 424.8 404.3 395.6 390.6 383.6 384.3 398 427.1 439.4 441.4 443 452.4 463.1
-9999 -9999 -9999 -9999 -9999 -9999 -9999 -9999 -9999 -9999 -9999 -9999 -9999 -9999 -9999 -9999 -9999 2175.9 2052.6 2297.9 -9999 3194.9 -9999 2013.3 1819.6 1786.3 1283.2 735.3 572.7 548 511.9 478.3 482.2 534.2 576.8 656 851.8 1083.8 1235.1 1048.4 742.5 571.6 533.4 480.4 471.3 486.7 436.5 443.7 409.9 443.2 475.4 468.7 482.9 526.5 516.4 482.7 473.5 439.2 410.2 397.9 414.3 419.6 410.1 395.6 376.1 378.3 384.7 374.2 417.7 463.3 510.6 507 482.3 466.5 463.6 468.1
-9999 -9999 -9999 -9999 -9999 -9999 -9999 -9999 -9999 -9999 -9999 -9999 -9999 -9999 -9999 -9999 -9999 2775.7 1710.2 -9999 -9999 3405.1 2985.6 2059.1 1805.1 1134.6 916.7 736.2 669.9 704.1 481 424 444.7 519.1 648 801.9 997.1 1222.8 1673 1620.2 1193.6 841 571.5 446.7 427.7 377.4 392.9 439.4 491.9 510.1 548.1 542.1 605.9 618.3 611 596.1 547.1 427.8 415.6 398.5 386.5 383.7 359.4 334.2 357.1 385.8 401.1 423.2 459.3 499.7 541 555.3 533.3 510.6 485.4 474.4
-9999 -9999 -9999 -9999 -9999 -9999 -9999 -9999 -9999 -9999 -9999 -9999 -9999 -9999 -9999 -9999 -9999 -9999 -9999 2551.9 -9999 -9999 -9999 2222.9 2085.4 1390.6 926.8 1075.3 651 465.8 422.5 458 425.8 443.5 514.7 605.2 674 813.9 978.6 1060.5 988.2 804.2 614.8 500.6 487.6 498.2 477.3 491.6 520.6 509 533.3 594.1 626.3 565 689.5 547.1 470.6 423.8 422.5 444.7 421.8 385.1 362.7 351.6 377.1 406.9 412.3 414 440.7 484.8 527.7 542.1 532.9 515.7 489.3 455.7
-9999 -9999 -9999 -9999 -9999 -9999 -9999 -9999 -9999 -9999 -9999 -9999 -9999 -9999 -9999 -9999 -9999 -9999 -9999 -9999 -9999 -9999 -9999 2662.1 2893.8 2498.7 2103.9 1943.8 1321.6 292.3 348.9 513.5 430.6 419.9 436.4 437.9 507.9 625.9 713.2 790.4 939.9 959.2 858.9 686.8 553.6 541.6 615.6 660.4 555.5 492.2 474.1 487.6 478.3 469.5 448.5 394.5 342.9 356 352.1 358.9 363.6 352.2 329.5 338.6 376 422.6 414.4 399 433.2 484 536 541 502.4 480.9 448.8 405.2
-9999 -9999 -9999 -9999 -9999 -9999 -9999 -9999 -9999 -9999 -9999 -9999 -9999 -9999 -9999 -9999 -9999 -9999 1625.1 -9999 -9999 -9999 -9999 2549.4 3513.8 3495.7 2891.2 2382.4 2091.9 1447.3 527.5 382.2 412.9 423 448.2 473.9 529.5 587.8 605.3 690.4 879.1 883.6 898.4 761.4 640 562.4 564.7 517.4 495.7 469.6 448.6 436.3 456.8 449.3 418.9 356.2 316.9 286.1 360.1 342.5 345.2 356.4 363.2 378.7 365 353.2 390.7 428.7 465 491 450.2 473.3 480.5 456 411.2 398.8
-9999 -9999 -9999 -9999 -9999 -9999 -9999 -9999 -9999 -9999 -9999 -9999 -9999 -9999 -9999 -9999 -9999 -9999 -9999 2228 -9999 -9999 -9999 -9999 -9999 4178.1 4234.5 3808.2 2835.1 2053.4 1010.5 568 444.7 399.9 417.1 439.9 466.7 483.9 490 563.4 886.3 900.9 797.9 654.3 678.9 665.5 570.9 449.1 566.1 550.1 542.3 489.2 491.1 485.3 455.6 394.6 412.6 403.9 400.7 433.6 405.2 408.3 443 400.1 431.2 434 425.9 469.8 486.7 478.1 469.2 456.8 441.8 451 424.9 395.7
-9999 -9999 -9999 -9999 -9999 -9999 -9999 -9999 -9999 -9999 -9999 -9999 -9999 -9999 -9999 -9999 -9999 -9999 -9999 -9999 4713.5 -9999 -9999 -9999 -9999 3774.9 4570.5 4526 3781.3 2791.7 1755.5 1155.9 814.1 506.1 271.9 264.7 334.6 363.5 385 402.8 644.4 779.2 759.1 728.4 853.2 707.7 611.2 443.6 426.1 492.2 547.2 569.3 605.2 548.6 579.2 516.6 526.4 547.4 516.7 514.4 411.5 396 428 449.6 453 468.9 430.7 422.1 460.2 426 428.1 473.2 427 426.4 433.9 464.3
-9999 -9999 -9999 -9999 -9999 -9999 -9999 -9999 -9999 -9999 -9999 -9999 -9999 -9999 -9999 -9999 -9999 -9999 -9999 -9999 -9999 2596.4 -9999 -9999 -9999 -9999 -9999 -9999 -9999 2601.4 1767.2 897.7 642.7 330.5 348.4 320 271.9 228.4 325 345.8 451.4 556.2 895.1 906.7 884.4 1008.8 1028.2 893.8 583.3 464.3 446.3 472.2 636 645.6 579.3 511.7 497.1 497 532.6 476.9 498.7 496.1 469.8 481.5 499.6 463.3 423.1 475.3 514.6 455.7 421.8 416.8 392.9 398.8 392.4 441.6
-9999 -9999 -9999 -9999 -9999 -9999 -9999 -9999 -9999 -9999 -9999 -9999 -9999 -9999 -9999 -9999 -9999 -9999 -9999 -9999 -9999 -9999 -9999 -9999 -9999 -9999 -9999 -9999 3061.7 2930.7 2331.7 1372.7 673.4 493.9 508.3 540.5 397.6 313.9 314.5 344 356.7 426.6 513.2 492.9 414 694.4 1021.1 1078.5 1225.7 918.7 641.9 641.1 620.5 578.3 510.1 487.2 460.6 523.7 388.1 267.3 368.8 414.8 471.7 395.1 379.6 359.6 391 436.9 381.4 360.6 393.8 407.5 380.9 360 401.9 394.8
-9999 -9999 -9999 -9999 -9999 -9999 -9999 -9999 -9999 -9999 -9999 -9999 -9999 -9999 -9999 -9999 -9999 -9999 -9999 -9999 -9999 -9999 -9999 -9999 -9999 -9999 -9999 -9999 2768.1 2448.2 2409.7 2486.3 1729.9 983 640.7 547.8 496.3 465.5 453.1 389.7 351.5 351.3 451.3 457.4 420.8 748.1 836.2 1145.4 2094.2 1108.1 546 580.5 498.7 568.8 544.3 417.1 412.6 408 334.8 286.9 257.9 328.7 392.9 341.9 330.2 306.8 284.2 336.3 350 443.1 374.2 393.9 408.4 420.7 387.7 418.4
-9999 -9999 -9999 -9999 -9999 -9999 -9999 -9999 -9999 -9999 -9999 -9999 -9999 -9999 -9999 -9999 -9999 -9999 -9999 -9999 -9999 -9999 -9999 -9999 -9999 -9999 -9999 3178.6 2474.3 -9999 -9999 2090.6 2082.9 2015.1 1917.7 2228.3 1280.4 881 757.4 594.7 320.9 181.6 279.6 289.2 359.3 405.7 592.2 835.6 1116.5 1043 889 395.5 512.4 637.7 642.5 490.5 426.6 390 347.5 346 333.4 323.1 308.2 300.3 308 322.7 336.3 304.8 337.8 376.5 404.1 405.1 450.7 494.4 438.9 464.1
-9999 -9999 -9999 -9999 -9999 -9999 -9999 -9999 -9999 -9999 -9999 -9999 -9999 -9999 -9999 -9999 -9999 -9999 -9999 -9999 -9999 -9999 -9999 -9999 -9999 -9999 -9999 -9999 -9999 3618.5 3707.6 2490.6 1877.5 1751.4 1469.1 2004.8 2407.8 1645.1 1082.9 791 513.9 404.8 278.8 284.1 361 409.1 501 643.2 808.5 763 706.8 412 416.6 610 650.7 592.3 456.3 417.3 420.7 319.7 314.9 342.5 332.8 343.1 324.6 327.3 363.7 326.9 287.9 354.8 425.5 421.7 434.1 405.4 418 463.3
-9999 -9999 -9999 -9999 -9999 -9999 -9999 -9999 -9999 -9999 -9999 -9999 -9999 -9999 -9999 -9999 -9999 -9999 -9999 -9999 -9999 -9999 -9999 -9999 -9999 -9999 -9999 -9999 -9999 -9999 3774.6 3757 2610 1562 -9999 -9999 1534.6 2247.6 2406.9 3329.2 1277 1206.2 480.5 542.9 414.2 523.1 560.6 616.9 678.1 809.6 802.1 559.3 410.6 589.3 682.2 490.4 463.7 422.1 413.4 332.4 327.2 289.3 325.8 393.3 408.2 388.4 350.2 356.8 331.5 315.9 374.7 401.5 439.1 412.9 455.4 463.8
