datasets/global_precipitation_1950_2017/rasters/precip_2003-total.asc
NCOLS 720 
NROWS 347 
XLLCORNER -180 
YLLCORNER -90 
CELLSIZE 0.5 
NODATA_value -9999 
[rows 102 to 135 of 347, columns 304 to 379 of 720]
-9999 -9999 -9999 -9999 -9999 -9999 -9999 -9999 -9999 -9999 -9999 -9999 -9999 -9999 -9999 -9999 -9999 -9999 -9999 -9999 -9999 -9999 -9999 -9999 -9999 -9999 -9999 -9999 -9999 -9999 -9999 -9999 -9999 -9999 -9999 -9999 -9999 324.5 297 284.6 276.8 360 493.3 510.6 468.3 254.8 150.2 139.6 207 369 248.4 164.4 155.9 148.9 163 168.2 170.3 160.1 139.5 104.2 85.2 76.1 82.7 81.8 72.9 60.2 47.5 51.4 61.3 67.5 74 79.2 74.6 71.1 77.8 104
-9999 -9999 -9999 -9999 -9999 -9999 -9999 -9999 -9999 -9999 -9999 -9999 -9999 -9999 -9999 -9999 -9999 -9999 -9999 -9999 -9999 -9999 -9999 -9999 -9999 -9999 -9999 -9999 -9999 -9999 -9999 -9999 -9999 -9999 -9999 -9999 -9999 279.8 272.3 269.7 302.6 457.3 534.9 456.8 308.1 170.3 129 104.1 112.5 141 110.1 90.2 115.9 143.1 151.9 161.3 161 147.4 106.2 70.1 59.5 60 67.2 69 65.1 56.1 50.1 52.6 53.1 57.7 57.3 59.2 58.3 47.1 44.1 78.7
-9999 -9999 -9999 -9999 -9999 -9999 -9999 -9999 -9999 -9999 -9999 -9999 -9999 -9999 -9999 -9999 -9999 -9999 -9999 -9999 -9999 -9999 -9999 -9999 -9999 -9999 -9999 -9999 -9999 -9999 -9999 -9999 -9999 -9999 -9999 -9999 256.5 289.7 305.5 467 321.3 310.3 284 226.1 152.9 129.3 83.8 48.2 60 70.5 69.5 70.4 85.9 108 130.1 143.3 143.2 111.1 62.6 48.9 48.3 50.8 53.1 54.2 55.7 54.7 52.5 54.4 54.8 53.1 51.4 50.3 49.3 42.7 46.8 67.7
-9999 -9999 -9999 -9999 -9999 -9999 -9999 -9999 -9999 -9999 -9999 -9999 -9999 -9999 -9999 -9999 -9999 -9999 -9999 -9999 -9999 -9999 -9999 -9999 -9999 -9999 -9999 -9999 -9999 -9999 -9999 -9999 -9999 -9999 -9999 -9999 248.8 383.8 310 349.2 337 320.9 220.7 190.1 141.9 109.2 74.3 57.1 45.1 44.7 41.4 45.3 51 63 77.3 68.8 37.5 26.2 31 36.5 39.3 38.7 37.9 42.1 47.3 50.4 52.3 52.9 53.5 52.2 47.7 42.7 39.7 37.9 40 45.9
-9999 -9999 -9999 -9999 -9999 -9999 -9999 -9999 -9999 -9999 -9999 -9999 -9999 -9999 -9999 -9999 -9999 -9999 -9999 -9999 -9999 -9999 -9999 -9999 -9999 -9999 -9999 -9999 -9999 -9999 -9999 -9999 -9999 -9999 -9999 -9999 -9999 294.1 255.5 321.4 355.9 402.4 265.4 171.2 125.7 108.4 80.4 58 42.1 30.5 25.9 21.7 27.2 31.6 23.4 14.2 12 14.1 20.6 26.6 28.6 27 29.3 34.2 39.2 44.5 48.3 49.7 49.8 47.8 42.1 35.7 32 30.4 30.5 24.7
-9999 -9999 -9999 -9999 -9999 -9999 -9999 -9999 -9999 -9999 -9999 -9999 -9999 -9999 -9999 -9999 -9999 -9999 -9999 -9999 -9999 -9999 -9999 -9999 -9999 -9999 -9999 -9999 -9999 -9999 -9999 -9999 -9999 -9999 -9999 -9999 95.2 198.4 262.8 306.9 370.4 363.2 258.1 180.3 139.2 113.9 88.6 60 33.9 25.8 22 18.9 20.1 20.3 15.2 11.4 11.1 14.1 18 22.4 26 27.5 28 30.5 32.9 37.6 38.7 40.6 39.7 37.9 31.1 28.6 27.7 27.8 27.5 24.3
-9999 -9999 -9999 -9999 -9999 -9999 -9999 -9999 -9999 -9999 -9999 -9999 -9999 -9999 -9999 -9999 -9999 -9999 -9999 -9999 -9999 -9999 -9999 -9999 -9999 -9999 -9999 -9999 -9999 -9999 -9999 -9999 -9999 -9999 -9999 95.9 132 167.6 201 222.3 279.8 308.2 246.2 190.4 152.6 118 96 56.5 32.8 22.7 19.9 19.5 19.2 17.8 14.5 11.7 12.7 13.7 16.8 19 22.1 24.3 25.5 27.2 26.8 28.2 29.6 31 31.3 27.4 24.6 24.9 23.2 23.5 22.2 21.3
-9999 -9999 -9999 -9999 -9999 -9999 -9999 -9999 -9999 -9999 -9999 -9999 -9999 -9999 -9999 -9999 -9999 -9999 -9999 -9999 340.8 -9999 -9999 -9999 -9999 -9999 -9999 -9999 -9999 -9999 -9999 -9999 -9999 -9999 80.8 93.6 102.5 115 128 127.7 135.1 150.8 170 168.8 158.2 131.3 98.6 58.3 32.1 23.4 21.6 21 20.9 21.1 21.2 19 15.6 15.4 16.4 17 17.2 17.8 19.3 20 20.2 20.6 21.6 21 20.9 21.7 20.5 20.8 19 18.8 17.8 16.6
-9999 -9999 -9999 -9999 -9999 -9999 -9999 -9999 -9999 -9999 -9999 -9999 -9999 -9999 -9999 -9999 -9999 -9999 -9999 -9999 -9999 -9999 217.2 -9999 -9999 -9999 -9999 -9999 -9999 -9999 -9999 -9999 -9999 57.6 73.9 89.2 99.6 112.6 127 141.2 149.4 148.3 149.2 152.8 151.6 135 102.1 60.8 35.8 25.3 23.6 22.2 23.2 25.3 29.2 28.8 21.6 17.9 16.4 15.1 13.6 13.5 14.5 15.1 15.6 16.8 16.6 16 15.5 19.4 17.6 17.5 17 16.3 15.7 14.4
-9999 -9999 -9999 -9999 -9999 -9999 -9999 -9999 -9999 -9999 -9999 -9999 -9999 -9999 -9999 -9999 -9999 -9999 -9999 -9999 -9999 -9999 -9999 -9999 -9999 -9999 -9999 -9999 -9999 -9999 24.5 36.1 41.3 48 61.9 83.5 99.2 114.4 130.5 140.8 151.1 147.7 147.2 146.2 145.9 129.4 104.2 65.5 40.2 28.6 24.6 24.1 23.8 25.7 28.3 23.3 20.8 18.6 16.9 15.1 12.5 11.1 11.8 13.1 15.1 15.6 15.8 13.4 12.3 12.1 13.9 14.5 14.7 15 16.3 22.8
-9999 -9999 -9999 -9999 -9999 -9999 -9999 -9999 -9999 -9999 -9999 -9999 -9999 -9999 -9999 -9999 -9999 -9999 -9999 -9999 -9999 -9999 -9999 -9999 -9999 -9999 -9999 -9999 -9999 7.8 7.9 21.2 31.8 43.6 54.3 72.9 91.7 110.9 123.3 135.6 141.7 141.4 145.2 145.6 142.9 128.1 106.2 70.8 41.6 30 25.4 24.5 24 23.5 23.9 22.6 20.4 19.1 17.9 19.4 18.8 14.2 14.9 15.3 15.9 17.1 17 14.1 12.7 12.2 12.8 13.3 14.5 15.2 16.7 19.1
-9999 -9999 -9999 -9999 -9999 -9999 -9999 -9999 -9999 -9999 -9999 -9999 -9999 -9999 -9999 -9999 -9999 -9999 -9999 -9999 -9999 -9999 -9999 -9999 -9999 -9999 -9999 -9999 -9999 3.7 9.5 19.8 33.4 42 53 68.9 85 101.2 115 126.1 130.3 137.5 141.9 144 137.4 123.7 104.7 74 44 31.8 26.3 24.2 23.1 22.2 21.9 21.3 20.8 22.3 23.1 23.7 24.9 22.7 19.1 17.7 17.8 18.4 18.1 15.8 13.2 12.4 11.7 11.9 12.5 15.7 14.6 13.8
-9999 -9999 -9999 -9999 -9999 -9999 -9999 -9999 -9999 -9999 -9999 -9999 -9999 -9999 -9999 -9999 -9999 -9999 -9999 -9999 -9999 -9999 -9999 -9999 -9999 -9999 -9999 121.2 35.3 16.5 16.7 22.7 31.7 38.7 52.2 66.8 80.8 93.9 105.9 116.5 124.1 132 136.8 137.9 132.2 120.2 102.2 74.8 47.2 32.4 26.8 23.6 22.2 21.7 21.2 21.2 21.6 22.4 23.4 24.4 24 23.2 21.3 19.8 19.3 19.9 19.1 17.2 14.7 12.7 11.3 10.6 10.9 11.3 11.8 10.9
-9999 -9999 -9999 -9999 -9999 -9999 -9999 -9999 -9999 -9999 -9999 -9999 -9999 -9999 -9999 -9999 -9999 -9999 -9999 -9999 -9999 -9999 -9999 -9999 -9999 -9999 -9999 74.3 25.8 20.6 21.1 23.8 28.6 36.6 50.3 64.3 77.5 89 100.2 109.9 118.7 126.9 131.1 132.8 128.2 117.4 102.1 77 49.2 33.2 27.5 23.3 21.8 21.3 21 21.5 22.1 22.5 24.2 25.2 24.4 23.3 22.6 22 24 25.9 26.8 23.8 17.3 14.4 11.9 10.4 9.6 8.8 8.1 7.4
-9999 -9999 -9999 -9999 -9999 -9999 -9999 -9999 -9999 -9999 -9999 -9999 -9999 -9999 -9999 -9999 -9999 -9999 -9999 -9999 -9999 -9999 -9999 -9999 -9999 -9999 24.2 25 26.8 25.7 26.2 26.4 30.2 37.4 49.7 62.8 76.1 85.7 96.1 106.1 115.2 126.6 128.3 128.5 124.8 113.5 100.6 77.5 50.6 34.5 27.2 23.2 22.5 21.8 22.1 22.9 23.4 24.4 26.4 26.2 24.9 24.8 25.5 27.5 31.9 34.8 42.1 37.5 29 20.7 14.9 11 8.1 5.8 3.8 4
-9999 -9999 -9999 -9999 -9999 -9999 -9999 -9999 -9999 -9999 -9999 -9999 -9999 -9999 -9999 -9999 -9999 -9999 -9999 -9999 -9999 -9999 -9999 -9999 -9999 -9999 24.5 26.5 30.2 31 30.7 31.5 35.7 41.9 51.1 64.3 75.7 86.2 94.8 103.8 111.9 122.6 125.7 124.4 121.9 112.6 102.5 76.7 50.9 35.2 28.2 25.4 24.5 24.8 24.8 24.4 24.4 24.6 28.5 26.7 26.1 26.3 28.9 33.3 38.2 43.4 46.9 42.1 37.4 28.4 20.3 13.8 8.1 4.2 1.9 2.2
-9999 -9999 -9999 -9999 -9999 -9999 -9999 -9999 -9999 -9999 -9999 -9999 -9999 -9999 -9999 -9999 -9999 -9999 -9999 -9999 -9999 -9999 -9999 -9999 -9999 26.1 28.4 31.9 34.6 35.9 35.9 36.4 38 43.2 51.2 62.5 74.5 86.5 94.3 100.7 107.8 118.1 124 128.8 122.1 117.1 101.9 76.1 51.2 36.7 30 27.4 27.3 27.2 27.4 27.3 25.9 24.9 24.3 26.1 26.9 29 32.4 37 43.4 45.4 48.1 45.3 42.1 35 26.1 17.9 10.2 6.4 4.2 4.9
-9999 -9999 -9999 -9999 -9999 -9999 -9999 -9999 -9999 -9999 -9999 -9999 -9999 -9999 -9999 -9999 -9999 -9999 -9999 -9999 -9999 -9999 -9999 -9999 28.6 30.7 34.8 39.2 42.6 43.3 43 43 43.9 47.9 53.5 63.9 73.6 84.8 92.2 98.4 108.3 118.9 125.4 129 126.7 121.1 105.1 82.5 59.2 42.9 35.9 32.9 32 31 30.1 29.4 28.7 27.1 26.2 27 30 32.2 35.6 39.8 43.5 46.7 48.6 48.6 46.5 40.7 32.1 22.4 14 9.4 8 7.8
-9999 -9999 -9999 -9999 -9999 -9999 -9999 -9999 -9999 -9999 -9999 -9999 -9999 -9999 -9999 -9999 -9999 -9999 -9999 -9999 -9999 -9999 -9999 -9999 35.1 36.2 39.7 46.2 51.1 53.2 54.1 53.7 54.1 56.2 59.8 65.4 73.5 82.1 91.1 99 109 117.8 122.4 125.4 128.5 126.4 110.8 89.9 71.8 57.2 48.4 44.7 41.9 39.5 37.5 37.9 35.5 35.1 34.8 33.9 34.5 37.1 38.4 40.7 43.9 45.8 48.2 53.7 51.5 45.2 36.7 28.4 20.1 13.5 10.2 9.6
-9999 -9999 -9999 -9999 -9999 -9999 -9999 -9999 -9999 -9999 -9999 -9999 -9999 -9999 -9999 -9999 -9999 -9999 -9999 -9999 -9999 -9999 -9999 48.5 44.4 45.5 49.1 55.6 59.7 60.1 61 64.6 65.8 66.4 68.4 74 79.5 85.4 92.6 98.6 110.4 122.8 124.4 126.6 127.1 123.3 110.2 96 85.9 72.2 60 57 50.7 49.8 49.4 46.9 46 45.6 45.4 44.7 44.2 43.2 44.6 45.3 44.1 42.6 39.9 57.2 54.8 48.8 41.3 33.7 25.6 18.2 15.2 12
-9999 -9999 -9999 -9999 -9999 -9999 -9999 -9999 -9999 -9999 -9999 -9999 -9999 -9999 -9999 -9999 -9999 -9999 -9999 -9999 -9999 -9999 -9999 53.8 49.2 51.4 61 67.2 68.7 68.8 69 72.7 75.5 76.3 78.6 83.2 89.7 95.8 103.2 111.3 124.5 132.7 128.3 123.3 122.3 114.4 110 102.4 94.4 87 79.2 72.9 69.2 65.4 64.5 63.4 62.1 61.4 59.9 58.3 55.3 51.2 51.2 48.2 46 45.4 45.9 52 55.6 55.4 48.2 39.2 32.1 25.2 19.9 15.9
-9999 -9999 -9999 -9999 -9999 -9999 -9999 -9999 -9999 -9999 -9999 -9999 -9999 -9999 -9999 -9999 -9999 -9999 -9999 -9999 -9999 -9999 63.8 59.2 55.4 61.2 72.8 77.7 79.3 79.2 80.4 82.7 85.5 88.1 91.9 96.2 102.5 105.4 109.9 115.4 122.7 126.1 121.7 119.1 115.8 109.4 107.8 106.1 102.5 99.3 92.9 90.6 88.5 86.2 82 80.2 78.5 77.6 76.4 75.7 71.1 64.8 58 53.5 46.5 46.1 47.6 52.6 55.8 59.9 52.9 45.3 39.4 33.8 28.6 24
-9999 -9999 -9999 -9999 -9999 -9999 -9999 -9999 -9999 -9999 -9999 -9999 -9999 -9999 -9999 -9999 -9999 -9999 -9999 -9999 -9999 -9999 69.5 65.5 62 72.2 87.2 88.3 90.6 93.7 95.7 97.2 102.3 109.8 117.2 123 122.9 121.4 115.3 112.8 115.4 122.2 119.6 115.5 111.1 112.1 113.5 111.6 107.5 102.7 98.7 93.9 95.5 98.7 98.1 96 93.6 91.4 91.4 91.5 87.8 81.9 72 62.7 55.6 51.3 50.6 54.1 60.4 62 58.8 59.4 54.2 48.8 42.3 37.1
-9999 -9999 -9999 -9999 -9999 -9999 -9999 -9999 -9999 -9999 -9999 -9999 -9999 -9999 -9999 -9999 -9999 -9999 -9999 -9999 -9999 -9999 -9999 69 68.4 82.2 92.4 94 97.7 108.1 112.5 108.3 121.5 135 142.3 146.2 144.4 129.6 116 109.8 114.1 120.8 123.5 117.9 113 117.5 106 105.6 104.1 106.1 101.6 98.7 99.6 102.8 105.1 103.9 100.8 95.7 97.3 102.9 105.4 100.2 89 76.7 68.2 60.1 58.6 63.3 66.6 71.5 72.2 70.5 66.8 61.9 55.2 48.4
-9999 -9999 -9999 -9999 -9999 -9999 -9999 -9999 -9999 -9999 -9999 -9999 -9999 -9999 -9999 -9999 -9999 -9999 -9999 -9999 -9999 -9999 -9999 -9999 73.1 85.2 95.8 94.8 100.9 114.4 121.5 120.4 143.1 161.2 166.2 166.5 151.6 132 118.2 107 109 120 125.1 121.3 113.6 102.3 106.2 111.1 110 110.9 102.4 103 104.4 110 114.7 115.1 109.8 103 105.2 113.8 120.1 119.7 111.9 97.5 83.2 73.9 73.5 77 82 84.4 83 77.4 72.5 67.5 67.5 60.3
-9999 -9999 -9999 -9999 -9999 -9999 -9999 -9999 -9999 -9999 -9999 -9999 -9999 -9999 -9999 -9999 -9999 -9999 -9999 -9999 -9999 -9999 -9999 73.4 79.2 87.1 88 90.5 108.1 123.6 147.9 165.8 184.5 199.2 194.2 175.9 151.7 129.9 113.6 108.6 107.1 120.4 130.9 124.9 115.6 107.9 107 113.9 114.4 111.6 106.6 108.1 108.9 115.8 125.9 127.9 125.2 122.7 124.6 130.4 136.4 137.8 135.8 126.6 114.4 103 101.8 106.2 109.5 104.7 95.9 82.9 73.9 69.6 69.7 65.7
-9999 -9999 -9999 -9999 -9999 -9999 -9999 -9999 -9999 -9999 -9999 -9999 -9999 -9999 -9999 -9999 -9999 -9999 -9999 -9999 -9999 -9999 -9999 80.9 82.3 81.8 82.7 92.5 114.1 154.2 198.9 225.2 234 231.3 211.7 178.4 147.3 123 112.4 115.7 118.1 121.4 135.5 136.3 120 107.6 111.4 114.9 116.2 117.2 116.5 115.9 121.5 140.3 149.6 145.9 142 142.5 147.1 150.6 154.5 156.4 157.1 158.1 159 162.6 164.2 152.4 142.2 130.8 112.6 90.8 73.3 70.9 77.3 75.2
-9999 -9999 -9999 -9999 -9999 -9999 -9999 -9999 -9999 -9999 -9999 -9999 -9999 -9999 -9999 -9999 -9999 -9999 -9999 -9999 -9999 -9999 -9999 -9999 63.9 79.2 100.8 119.9 156.9 254.2 291.9 296 270.6 242.5 213.7 173.6 137.6 116.5 113.5 121.7 121.8 126.2 134.8 145.4 134.5 111.1 117.6 118.4 116.3 121.7 127.2 152.7 163.9 194.9 184.8 168.6 161.2 160.6 163.2 167.1 174.5 180.3 181 185.9 193.4 206.8 201.8 182.7 167.8 151.6 132.2 110.1 93.5 90 89.1 91.6
-9999 -9999 -9999 -9999 -9999 -9999 -9999 -9999 -9999 -9999 -9999 -9999 -9999 -9999 -9999 -9999 -9999 -9999 -9999 -9999 -9999 -9999 -9999 -9999 39.5 84.8 145.5 205.9 268 317.8 336.1 341.3 302.4 264.3 227.3 179.9 133.6 118.7 122.4 131.2 132 134.1 133.9 146.7 149.5 127.5 117.2 127.3 131.9 141.7 162.3 192.1 209.3 209.7 196.6 185.7 178.4 172.8 171.9 179.9 194.5 208.2 208 218.9 228.2 232.8 219.6 204.9 191 178 160.9 139.9 125.3 118.3 115.6 109.2
-9999 -9999 -9999 -9999 -9999 -9999 -9999 -9999 -9999 -9999 -9999 -9999 -9999 -9999 -9999 -9999 -9999 -9999 -9999 -9999 -9999 -9999 -9999 -9999 78.5 130.7 191.7 251.3 324 356.1 363 355.6 331.2 291.2 265.1 217.9 179.9 155.8 156.8 163 150.3 125.8 117.7 141.3 161.9 177.2 223.9 216.4 209.6 230.8 240.9 230.2 221.2 210.8 198.5 193.6 192.4 189.6 193.6 210.3 228 245.1 252.6 265.9 280.4 262.1 238.2 223.4 212.4 202.8 190.1 167.6 150.2 140.7 136.7 130.2
-9999 -9999 -9999 -9999 -9999 -9999 -9999 -9999 -9999 -9999 -9999 -9999 -9999 -9999 -9999 -9999 -9999 -9999 -9999 -9999 -9999 -9999 -9999 -9999 199.6 244.6 251.6 312.8 375.3 408.7 384.6 383.2 377.9 342 278.3 249.5 249.2 240.7 242.3 232.6 189.8 120.4 105.2 144.6 172.5 246.5 318.8 304.7 282.7 272.7 263.5 230.7 216.4 210.4 190.3 186.3 207.2 215.6 233.9 258 280.4 301.3 309.7 326.5 336.7 300.1 266.3 240.8 224.5 223.3 218.8 172.2 156.7 157.5 161.1 163.4
-9999 -9999 -9999 -9999 -9999 -9999 190.5 -9999 -9999 -9999 -9999 -9999 -9999 -9999 -9999 -9999 -9999 -9999 -9999 -9999 -9999 -9999 -9999 268.5 274.3 338 366 381.4 415.4 489.1 509.2 467.5 432.2 395.3 308.1 260.7 273.4 283.4 293.3 281 236.8 230.6 186.2 176.1 188.7 323.6 349 325.8 289.9 253.1 244.4 217.1 200.4 207.7 199.8 198.5 218.9 243.3 283.3 316.2 343.7 351.5 353.7 362.1 379.3 369 312.8 280.6 239.3 218.3 250.8 184.7 167.4 179.1 190.8 203.6
-9999 -9999 -9999 -9999 -9999 -9999 -9999 -9999 -9999 -9999 -9999 -9999 -9999 -9999 -9999 -9999 -9999 -9999 -9999 -9999 -9999 -9999 -9999 324 325.3 354.6 374.5 402 508.2 591.1 575.5 523.9 459.1 408.5 361.3 322.8 306.7 336.2 330.8 301.8 259.8 248.5 254 265 314.9 383.3 386.1 374.8 308.9 300 259.8 252.7 270.7 268.4 245.4 247.6 222 271.9 322.2 347.8 374.1 378.7 377.7 384.9 405.5 414.1 383.9 336.4 286.8 255.7 247.3 216.5 204.1 212.9 227.3 252.1
-9999 -9999 -9999 -9999 -9999 -9999 -9999 -9999 -9999 -9999 -9999 -9999 -9999 -9999 -9999 -9999 -9999 -9999 -9999 -9999 -9999 -9999 -9999 427.3 427 463.2 427.5 462.3 579.4 681.4 641.9 597.6 528.6 477.9 491.1 501.1 509.3 516.1 451.2 334.4 313.3 315.6 349.5 436.3 527.9 460.1 428.6 415.8 393.7 357.5 361.9 392.9 438.6 437.9 328.4 276.7 298.5 340.7 373.6 380 394.4 402.8 404.6 418.7 424.5 414.4 422.6 411.6 373.3 321.1 269.9 247 249.2 262.6 277.8 302.4
