datasets/global_precipitation_1950_2017/rasters/precip_1977-total.asc
NCOLS 720 
NROWS 347 
XLLCORNER -180 
YLLCORNER -90 
CELLSIZE 0.5 
NODATA_value -9999 
[rows 170 to 203 of 347, columns 380 to 455 of 720]
2202.8 2667.9 2685.5 2531.8 2283.3 2159.9 2215.3 2075.6 2075.2 2071.3 1912.7 1911.4 1777.6 1682 1634.5 1702.5 1690.6 1800.9 1966.8 2158.4 2280.8 2329.8 2377.3 2368.8 2310.7 2180.3 1995.9 1813.4 1678.6 1533.3 1344.4 1310.3 1437 1659.3 1910.2 1916.8 1871.5 1728.9 1289.4 1369.5 1058 917.4 1181 1400.5 1514 1505.3 1368.7 1119.6 1254.6 1298.1 1008.8 859.8 676.1 1616.3 842.8 943.7 903.8 869.3 687.3 625.9 802.6 903.9 921.9 -9999 -9999 -9999 -9999 -9999 -9999 -9999 -9999 -9999 -9999 -9999 -9999 -9999
2155.4 2325.5 2369.2 2296.7 2040 1957.4 2025.8 1957.4 2023.4 2119.4 1950.9 1901.2 1717.2 1668.6 1637.7 1666.2 1673.4 1700.3 1829.4 2073.7 2210.7 2245.1 2309.3 2375.2 2358.7 2168.5 1902.9 1665.4 1548.4 1313.1 1261.8 1243.5 1486.1 1771.5 1949.1 2117.3 1919.9 1803.3 1392.3 1252.7 1124.8 1011.8 1034 1189.5 1257.6 1359.7 1444.1 1169.9 1096.5 889.4 773.7 808.8 701 844.6 816.4 705.4 729.6 790.8 739.2 887.8 1070.8 1003.4 -9999 -9999 -9999 -9999 -9999 -9999 -9999 -9999 -9999 -9999 -9999 -9999 -9999 -9999
1814.7 1695.8 1721.4 1802.1 1668.7 1711.1 1844.9 1908.7 1795.9 1925.1 1915.8 1807.1 1489 1576.1 1572 1593.8 1632.3 1641.9 1659.7 1789.7 1904 1989.3 2118.4 2281.1 2274.3 2036.2 1777.4 1579.6 1433 1297.6 1301.4 1352.6 1512.2 1731.1 1960.5 2368.4 2670.8 1559.1 1289.7 1291 1263.5 1150.5 957.2 1113.9 1328.8 1177.9 1069.1 970 927.7 767.3 620.8 678.3 715.7 649.7 1048.3 838.2 712.7 741.4 861.5 1028.5 -9999 -9999 -9999 -9999 -9999 -9999 -9999 -9999 -9999 -9999 -9999 -9999 -9999 -9999 -9999 -9999
-9999 1647.6 1584.9 1485.3 1421.9 1611.1 1706.6 1810.5 1841.7 1866 1860.2 1776.1 1500 1490.5 1497.5 1527.7 1600.6 1621.5 1643.7 1696.3 1755.6 1808 1803.2 1981 1979 1857.5 1743.7 1597.9 1475.8 1385.2 1367.5 1389.6 1441.3 1647.1 2144.7 2629.2 2825.7 1409.8 944.3 1315.7 1320.2 1200.4 1129.2 1311.3 1295.8 1132.3 956.4 940.8 846.1 882.7 950.7 1015.2 868.9 1118.5 1654.9 1157.4 1097.9 664.6 932.9 1049.2 -9999 -9999 -9999 -9999 -9999 -9999 -9999 -9999 -9999 -9999 -9999 -9999 -9999 -9999 -9999 -9999
-9999 -9999 1454.1 1280.5 1206.1 1359.9 1695.9 1631.5 1657.9 1780.6 1575.6 1447.6 1399.2 1415 1469.7 1581.8 1623.3 1701.4 1756.6 1803.8 1819.3 1799 1737.5 1782.4 1815.9 1730.2 1727.6 1652 1540 1461.3 1384.3 1306.7 1272.8 1408.9 1831.3 2283.1 2250.9 1158.9 1138.8 1425.4 1312.3 1321 1275.6 1256 1232.6 1188.4 868.4 893.5 880.2 950.8 1066.3 927.3 952.9 966.7 827.1 825.2 812.2 753.8 1086.6 1101.9 -9999 -9999 -9999 -9999 -9999 -9999 -9999 -9999 -9999 -9999 -9999 -9999 -9999 -9999 -9999 -9999
-9999 -9999 -9999 1169.7 1198.4 1269.6 1356.9 1485.1 1523.3 1446.1 1650.3 1211.4 1272 1361.1 1524.5 1677 1619.9 1739.2 1835.3 1874.9 1855 1855.2 1798.4 1745.3 1724.1 1667.7 1700.1 1700.2 1629.7 1549.6 1398.1 1227 1117.4 1125.2 1312.2 1550 1427.2 1287.2 1234.5 1252.4 1273.2 1263.3 1208.7 1192.1 1163 1063.4 915.8 932.6 1013.9 882.1 889.5 862.2 841.8 601.2 739.2 860.2 997.9 1199.2 1221.4 -9999 -9999 -9999 -9999 -9999 -9999 -9999 -9999 -9999 -9999 -9999 -9999 -9999 -9999 -9999 -9999 -9999
-9999 -9999 -9999 -9999 1166.7 1371.7 1340.5 1339.2 1323.1 1198.3 1224.1 1190.4 1254.4 1375.1 1547 1644.4 1695.5 1828.6 1939.8 1919.8 1880.5 1862.4 1799.3 1723.6 1692.6 1704.9 1728.8 1733.5 1703.4 1636.9 1484.5 1327.7 1139.9 1092.4 1281.3 1516.8 1428.4 1268.8 1170.8 1129.6 1211.7 1112.9 1088 1104.8 1127.4 1150.7 1103.5 1004 900.5 830.4 818.9 837 775 658 833.6 1052.4 1089.8 1370.9 -9999 -9999 -9999 -9999 -9999 -9999 -9999 -9999 -9999 -9999 -9999 -9999 -9999 -9999 -9999 -9999 -9999 -9999
-9999 -9999 -9999 -9999 1098.9 1246.8 1233.1 1092 1150 1128.1 1364 1307.4 1359.4 1396.4 1507.4 1577.4 1584.9 1888.8 2037.6 1956.5 1868.3 1814.4 1753.2 1709 1695.1 1702.6 1735.3 1757.8 1754.9 1745.2 1548.4 1494.6 1289.5 1142.4 1253.2 1355.2 1332.6 1209 1146.3 1123.9 1131.7 1038.7 1081.6 1115.4 1173.7 1014.6 1019 975.6 815.7 775 713.2 762.5 695.3 660.5 830.4 1042 1548.8 1881.6 -9999 2048.7 -9999 -9999 -9999 -9999 -9999 -9999 -9999 -9999 -9999 -9999 -9999 -9999 -9999 -9999 -9999 -9999
-9999 -9999 -9999 -9999 860.1 992.1 1112.7 954.2 1127 1179.8 1175.8 1365 1395.8 1403.7 1524.2 1571.3 1553.4 1798.4 1959.3 1936.9 1759.3 1702.8 1708.8 1722.5 1641.6 1665.9 1702.1 1714.4 1798.4 1804.3 1728.1 1610.6 1414.6 1315.2 1281.1 1288.8 1266.5 1207.1 1197.1 1170 1133.5 1137.3 1162.2 1152 1115.8 1044.7 1004 899.1 765.8 744.1 690.3 665.1 625.7 708 921.3 979.1 1126.9 1466 -9999 -9999 -9999 -9999 -9999 -9999 -9999 -9999 -9999 -9999 -9999 -9999 -9999 -9999 -9999 -9999 -9999 -9999
-9999 -9999 -9999 -9999 -9999 835.6 989.5 1036.3 1137.6 1119.5 1147.9 1225.3 1391.5 1480.5 1536 1621.3 1718.2 1810.4 1920.2 1892.4 1740.9 1662.6 1668.3 1759.3 1736.2 1728.9 1715.4 1677.8 1848 1889.8 1780.9 1605.5 1337.8 1289.9 1268.3 1278.1 1264.1 1223.6 1206.1 1214.3 1150.8 1148.5 1204 1131.9 1085.2 994.3 959.8 877.6 760.6 706.9 629 580.6 541.2 692.1 992.8 1093.9 1096.3 1204.6 1406.5 -9999 -9999 -9999 -9999 -9999 -9999 -9999 -9999 -9999 -9999 -9999 -9999 -9999 -9999 -9999 -9999 -9999
-9999 -9999 -9999 -9999 -9999 669.6 967 1021.7 1158.4 1151.1 1078 1204.8 1417.8 1520 1543.4 1652.2 1782.6 1880.3 1932.4 1910.8 1804.4 1752 1754.2 1787.5 1815.4 1833.4 1798.3 1748.4 1745.7 1787 1699.8 1583.6 1382.5 1247.1 1261.4 1314.1 1311.8 1270.7 1261.2 1265.1 1111 1074 1080.2 1071.6 1015.7 944.6 919.6 893.3 780 598.8 486.7 491 574 772.5 1158 984.5 1182.4 1062 996.1 -9999 -9999 -9999 -9999 -9999 -9999 -9999 -9999 -9999 -9999 -9999 -9999 -9999 -9999 -9999 -9999 -9999
-9999 -9999 -9999 -9999 -9999 -9999 692.9 807.9 1246.4 1396.1 1403.8 1429.6 1466.8 1526 1529.5 1606.9 1781.8 1889.9 1921 1909.7 1918.7 2012 1909.9 1816.6 1826.1 1848.3 1823.2 1828.4 1892 1784.9 1650.7 1582.2 1408.2 1270.2 1322.4 1311.4 1325.5 1337.2 1242.3 1335.4 1073.6 967.6 1023.6 1021.7 1021 975.9 925.6 863.1 724.2 600.3 413 428.7 749.3 1329.6 1376.1 1450.6 1359.7 1060.4 1155.8 -9999 -9999 -9999 -9999 -9999 -9999 -9999 -9999 -9999 -9999 -9999 -9999 -9999 -9999 -9999 -9999 -9999
-9999 -9999 -9999 -9999 -9999 -9999 470.8 608.1 1203.1 1506.6 1625 1516.1 1370.9 1378.6 1358.1 1455.5 1744.4 1868.6 1899.6 1883.7 1917.6 1944.2 1882.5 1840.5 1826.6 1846.2 1809.9 1822.3 1864.6 1731.4 1591.9 1524.1 1367.5 1204.9 1243.6 1268.4 1291.1 1356.5 1363.9 1249.3 1099.7 1070.7 1029.7 972.2 1057.6 1051.3 980.8 877.5 744.1 746.2 630.5 643.7 1091 1722.1 1611.9 1437.4 1074.5 901.1 1164.3 -9999 -9999 -9999 -9999 -9999 -9999 -9999 -9999 -9999 -9999 -9999 -9999 -9999 -9999 -9999 -9999 -9999
-9999 -9999 -9999 -9999 -9999 -9999 -9999 643.9 1050.4 1248 1337.6 1371 1397.4 1376.2 1344.1 1479 1751.9 1884.7 1906.3 1890.4 1895.2 1895 1876.3 1864.8 1818.3 1754.5 1717.4 1698.6 1614.8 1506.3 1487 1477 1393.7 1255.7 1271.3 1269.9 1315.1 1391.2 1355.6 1291.7 1205.9 1229.5 1142.1 1013.5 1034.9 1042.6 1046.9 968.3 746.2 554.9 847.7 996.3 1561.2 1834.5 1886.7 1481.8 878.3 793.8 1027.7 -9999 -9999 -9999 -9999 -9999 -9999 -9999 -9999 -9999 -9999 -9999 -9999 -9999 -9999 -9999 -9999 -9999
-9999 -9999 -9999 -9999 -9999 -9999 -9999 633.2 1021.5 1127.1 1045.4 1214.9 1348.6 1427.9 1439.3 1527.5 1756.5 1873.5 1888.6 1858 1851.3 1859.8 1883 1863.4 1713.1 1572.6 1491.7 1513.8 1476.9 1502 1461.9 1467 1486.3 1374.3 1320.9 1289.4 1339.2 1613.6 1382.3 1363.9 1301.3 1237.8 1283.9 1153.2 1023.7 1094.5 1015.4 1191.5 1143 822.7 1181.4 1483.4 1961.3 2322.4 1921.6 1385.8 836.1 830.7 841.8 -9999 -9999 -9999 -9999 -9999 -9999 -9999 -9999 -9999 -9999 -9999 -9999 -9999 -9999 -9999 -9999 -9999
-9999 -9999 -9999 -9999 -9999 -9999 546.8 639.7 870.4 1182.5 1239.4 1213.3 1275.2 1437.9 1627.4 1561.7 1669.9 1768.2 1788.6 1789.9 1797.9 1813.5 1843.3 1802.3 1611.8 1448.7 1416.2 1419.9 1405.7 1364.3 1474.1 1497.4 1543.6 1436.6 1305.6 1271.7 1289.6 1343.4 1303.8 1297.7 1315.2 1295.9 1297.5 1125.9 871.6 1125.8 1539.3 2488.3 1498.8 1061 1338.7 1664 1841.7 1645 1458.9 970 764.9 804.2 889.7 -9999 -9999 -9999 -9999 -9999 -9999 -9999 -9999 -9999 -9999 -9999 -9999 -9999 -9999 -9999 -9999 -9999
-9999 -9999 -9999 -9999 -9999 -9999 741.1 943.5 821.4 1014.8 1161.2 1195 1293.9 1362.6 1461 1458.9 1535.3 1644.2 1711.7 1762.8 1765.4 1795 1818.8 1697.6 1433.7 1342.9 1373.1 1407.9 1394.3 1415.7 1466.1 1510.8 1559.9 1428.9 1204.8 1193.5 1220.5 1273.4 1155.9 1242.5 1285.1 1300.8 1317.5 1201 1169.6 1078.6 1109.7 1705.8 1333.5 1239.9 1343.3 1487.6 1489.1 1407.9 1042.9 718.9 716.8 815 897 -9999 -9999 -9999 -9999 -9999 -9999 -9999 -9999 -9999 -9999 -9999 -9999 -9999 -9999 -9999 -9999 -9999
-9999 -9999 -9999 -9999 -9999 -9999 -9999 665.7 825.2 1117.9 1230.9 1239.9 1278.5 1334.7 1396.5 1430.2 1556.9 1593.5 1655.7 1726.4 1764.6 1759.9 1691.5 1487.9 1365.8 1335.7 1375.1 1417.7 1467.3 1457.3 1516.7 1521.2 1591.4 1378.7 1205.3 1174.3 1165.8 1122.5 1183.2 1250.9 1267.8 1269.7 1303.5 1273.7 1295 1186.5 964.3 1043.1 1096 1098.4 1184 1168.4 1177.2 1113.5 906.3 766.7 752.9 850.2 916.9 931.2 986.2 -9999 -9999 -9999 -9999 -9999 -9999 -9999 -9999 -9999 -9999 -9999 -9999 -9999 -9999 -9999
-9999 -9999 -9999 -9999 -9999 -9999 -9999 386.4 712.4 1167.8 1237.3 1290.7 1352 1418.4 1407.6 1465.4 1552.8 1539.8 1550.4 1557.9 1570.5 1557.3 1531.9 1428.7 1324.6 1341.8 1363.8 1429.3 1498 1502.4 1599.8 1600.9 1501.9 1378.5 1349.2 1270.5 1181 1153.8 1215 1329.3 1321.2 1216.5 1189.5 1131.8 1256.1 1210.5 814.5 865 1026.8 1146.3 1139.7 1077.5 1116.7 1073.7 1024.9 927.7 821 863.7 924.7 944.8 998.9 -9999 -9999 -9999 -9999 -9999 -9999 -9999 -9999 -9999 -9999 -9999 -9999 -9999 -9999 -9999
-9999 -9999 -9999 -9999 -9999 -9999 -9999 -9999 797.6 981.6 1152.9 1217.5 1306.4 1420.6 1366.6 1359.4 1422.8 1443.5 1383.9 1334.1 1339.3 1413.6 1467.7 1423.5 1358.7 1354.3 1350.5 1409.4 1475 1402.6 1466.2 1481.5 1469.4 1414.5 1400.1 1376.5 1227.1 1108.2 1260.7 1345.1 1371.9 1217.7 1159.7 1131 1129 910.1 764 679.5 1198.3 1224 1354.1 1175.3 1098.6 1067 1060.8 1005.9 895 838.6 908.2 935.9 941.4 -9999 -9999 -9999 -9999 -9999 -9999 -9999 -9999 -9999 -9999 -9999 -9999 -9999 -9999 -9999
-9999 -9999 -9999 -9999 -9999 -9999 -9999 -9999 974.7 959.3 1091.9 1173.2 1302 1361.9 1286.8 1294.1 1369.1 1372.5 1292.7 1236.5 1247.4 1318.7 1404.5 1365.2 1337.1 1325.9 1305.2 1224.4 1175.2 1237.9 1362.9 1410.7 1428.1 1414.9 1460.6 1424.5 1322.9 1217.2 1261.5 1294.8 1293.6 1095 988.2 1018.3 954.9 690.2 758 1071.8 1685.5 1315.4 1310.5 1292.9 1112.2 1057.9 979.3 879.1 963.4 826.1 836.8 812.7 790 -9999 -9999 -9999 -9999 -9999 2372.7 -9999 -9999 -9999 -9999 -9999 -9999 -9999 -9999 -9999
-9999 -9999 -9999 -9999 -9999 -9999 -9999 279.4 847.9 1042.5 1099 1138.7 1203.2 1285 1314.6 1304.3 1360.5 1353.2 1238.7 1178.1 1184.3 1198.6 1204.2 1159.6 1166.5 1172.9 1168.9 1141 1118.8 1226.9 1335.1 1372.1 1315.6 1426.2 1450.2 1440.3 1373.9 1374.9 1266.6 1110.5 1016.6 951.3 954.8 946.8 825.9 688.7 699 1361 1674.4 1314.4 1322.4 1321.3 1208.8 1069.2 939.2 905.4 951.1 762.3 721.1 674.2 630.5 -9999 -9999 -9999 -9999 -9999 -9999 -9999 -9999 -9999 -9999 -9999 -9999 -9999 -9999 -9999
-9999 -9999 -9999 -9999 -9999 -9999 199.7 449.7 956.7 1163.8 1065.4 1127.9 1125 1234 1267.3 1259.8 1291.9 1282.7 1101.5 1068 1083.4 1082.1 1098.2 1120.4 1162.6 1104.5 1040.6 1046.7 1083.8 1199.6 1322.8 1413.2 1416.1 1445.8 1484.7 1474.4 1249.1 1575.8 1455.2 1106.9 975.5 880.1 892 840.4 875 797.5 686.9 1010.6 1672.8 1549.4 1371.8 1319 1182.1 958.6 885.2 869.6 810.4 679 687.6 667.2 709.6 -9999 -9999 -9999 -9999 -9999 -9999 -9999 -9999 -9999 -9999 -9999 -9999 -9999 -9999 -9999
-9999 -9999 -9999 -9999 -9999 215.2 315.4 637.5 951.3 1049.9 1002 956.3 1042.8 1051.5 1100.6 1137.1 1205.4 1041.4 963.8 981.5 1015.3 1032.4 1044.7 1074.5 1110.3 1069.7 978.6 927.7 874.8 1083.7 1360.5 1502.6 1482 1437.7 1436.5 1431.7 1458.7 1572.9 1356.9 1072 1085.5 955.5 905.9 889 1007.7 1021.8 743.8 872.1 1451.9 1363.3 884.6 1421.1 1173 961.5 841.4 787.1 762.5 718.1 728.1 693.2 713.2 -9999 -9999 -9999 -9999 -9999 -9999 -9999 -9999 -9999 -9999 -9999 -9999 -9999 -9999 -9999
-9999 -9999 -9999 -9999 -9999 255.7 514.9 726.5 820.2 926 999.4 934.5 924 975.3 959.5 894.7 866.9 879.9 890.4 936.3 991.6 1017.7 1012.7 1013.9 1026.1 988.9 970.8 916.3 806.4 1049.5 1305.5 1420.6 1447.6 1407.5 1357.1 1381.4 1402.3 1280 1022.7 939.6 1002.7 986.2 950.5 988.6 1081.6 1190.3 1067.3 980.1 1024.9 1346.1 1133.8 1244.8 1113.9 957.1 914.1 800 823.9 823.1 806.1 722.9 663.7 -9999 -9999 -9999 -9999 -9999 -9999 -9999 -9999 -9999 -9999 -9999 -9999 -9999 -9999 -9999
-9999 -9999 -9999 -9999 -9999 357.6 597 677.1 701.6 783 858 812.5 836.3 872 845.4 820.5 817 802.3 811.7 860.4 949.4 1020.3 1028.6 1013 977.1 983.5 1076.9 984.2 920.1 984.7 1169.4 1300 1305.3 1174.3 1093.6 1104.8 1031.9 941.2 833.2 860.2 863.5 914.5 995.5 1018.3 1157.3 1123 1059 1015.8 950.8 970.4 783 905.6 901.3 855.8 874.2 884.5 919.6 929.4 928.3 847.1 673.3 -9999 -9999 -9999 -9999 -9999 -9999 -9999 -9999 -9999 -9999 -9999 -9999 -9999 -9999 -9999
-9999 -9999 -9999 -9999 -9999 372.7 554.5 543.2 552.6 561.2 563.3 710.8 770.2 813.2 819.5 856.7 804.2 779.6 778.5 785.3 888.2 1001 1022.1 985.2 940.9 924.6 975.1 953.9 917.9 900.3 992.8 1085.5 1076.3 1061.3 1044.5 954.5 927.9 921.6 921.2 891 758.4 755.1 872.4 936.5 1228.5 1213.8 1134.5 1065.2 914 1152.3 841.6 852 868.3 834.3 883.5 944.6 1017.3 994.2 1033.5 1062.5 797.3 732.2 -9999 -9999 -9999 -9999 -9999 -9999 -9999 -9999 -9999 -9999 -9999 -9999 -9999 1580.4
-9999 -9999 -9999 -9999 39.6 403 591 403.1 435.9 409.7 399.6 654.8 745 794.2 842.6 835.7 815.2 798.4 818.9 857.9 881.8 925.5 953.9 946.4 923.2 918.8 887.2 905.7 916.2 908.5 901.1 900.5 924.2 1009.3 984.5 836.3 863.2 852.5 1004.9 965.5 568 672.5 735.9 712.7 618.2 865.9 1040 1119.1 1112 1040.9 1009.5 1066 1020.8 1281.6 1153.3 1067.4 1006.3 969.8 1011.4 944.6 855.9 -9999 -9999 -9999 -9999 -9999 -9999 -9999 -9999 -9999 -9999 -9999 -9999 -9999 1398.1 1404.4
-9999 -9999 -9999 -9999 41.1 293.6 537.8 463.5 439.3 499.3 651 760.2 722.1 673.7 803.2 849.7 829.8 864.3 945.1 1026.4 1026.5 918.8 894.7 926.2 928.8 926.1 929 922.7 915.6 884.6 849.7 841.7 841.1 853.3 778.9 677.1 777.8 743.6 809.8 765.4 690.3 702.6 746.6 706.3 582.7 800.2 997.6 956 902.9 861.4 1043.8 1528.9 1632 1501.6 1273.9 1120.1 1052.2 858 793.2 783.8 763.9 -9999 -9999 -9999 -9999 -9999 -9999 -9999 -9999 -9999 -9999 -9999 -9999 1230.2 1310.1 1353.6
-9999 -9999 -9999 -9999 21.2 96.2 492.1 468.9 462.8 656.4 752.7 767.5 762.7 743.4 722 733.5 787.2 929.2 1059.5 1096.1 1064.3 1002.3 959.6 954.4 938 945.3 964.7 968.3 934 882.3 837.9 841.5 839 796 753.9 733.9 767.4 841.6 860.1 803.9 807.4 839.7 885.5 828.7 726.8 785.2 765.5 650.4 701.7 787.6 1093.8 1629.4 1602 1404.8 1242.8 1190.9 1046.3 794.9 729 622.2 -9999 -9999 -9999 -9999 -9999 -9999 -9999 -9999 -9999 1031.1 1020 1128.1 1212.9 1210.1 1342.7 1386.9
-9999 -9999 -9999 26.5 22.5 31.9 431.9 546.1 579.3 639.7 706.1 704.1 698.1 697 714 757.5 797.8 841.2 859.4 893.5 929.8 928 906 881.7 957.7 982 1013.7 1032.5 1004 897.3 815 843.5 810.7 746.4 746.7 747.6 795 929.9 844.7 781.9 919 903.3 931.1 885.8 779.2 671.2 687.9 636.1 612.5 730 792.9 888.8 1041.4 1061.3 1090.3 1111.8 967.4 768.6 648.9 -9999 -9999 -9999 -9999 -9999 -9999 -9999 -9999 -9999 -9999 964.3 1065.8 1116.6 1210.2 1282.6 1380.8 1554.6
-9999 -9999 -9999 -9999 32.8 152.1 380.3 419.9 451.5 469 570 672.3 617.9 610.2 660.3 748.2 780.4 814.1 853.1 842.2 815.8 829 867.1 888.1 899.1 996.1 1090.2 1114.4 1118 995 901.5 900.3 872 787.9 741.7 757.3 830.4 939.9 880.6 900.9 1056.3 995.3 1065.9 938.3 778.9 835.8 788.9 709 680.9 722.9 772.1 763.8 823.7 1289.9 1304.5 1126.6 -9999 -9999 -9999 -9999 -9999 -9999 -9999 -9999 -9999 -9999 -9999 -9999 750.6 956.3 1071.2 1131 1172.9 1213.4 1270.5 1259.2
-9999 -9999 -9999 32 83.3 262.8 349.5 375.3 408 432.2 407.4 409.1 572.9 575.8 587.7 728.3 763.6 774.9 914.3 859.8 765.1 828.8 889.8 901.2 884.5 947.7 1080.5 1131.8 1119.4 1030 981.1 812.3 784.6 768.4 935.8 826 922.2 1071.9 1028.6 976.1 974.1 1040.4 1051.6 1017.3 947.1 1307.5 1385.5 1143.2 906.1 747.2 828.3 715.1 894.8 1249.6 -9999 -9999 -9999 -9999 -9999 -9999 -9999 -9999 -9999 -9999 -9999 -9999 -9999 -9999 658.5 1058.9 1120.4 1088.9 1108.9 1097.8 1066 971.3
-9999 -9999 -9999 -9999 127.2 214.9 259 315.2 355 391.4 411.5 494.7 542.6 535.6 553.4 661.7 738.4 815.3 872.8 830.9 801.6 838.7 902.2 872.6 857.9 897.6 1023.5 1094.4 1058.7 992.1 932.5 897.5 736.2 646.9 789.3 776 875.3 1084.7 1071 948.5 978.4 986.8 1119.3 1036.1 1228.7 1281.1 1567.8 1441.3 1217.5 820.4 734.1 651.9 688.1 965.3 -9999 -9999 -9999 -9999 -9999 -9999 -9999 -9999 -9999 -9999 -9999 -9999 -9999 -9999 510.2 871.4 1030.8 1088.5 1107.8 1012.1 967 894
