datasets/global_precipitation_1950_2017/rasters/precip_1958-total.asc
NCOLS 720 
NROWS 347 
XLLCORNER -180 
YLLCORNER -90 
CELLSIZE 0.5 
NODATA_value -9999 
[rows 0 to 33 of 347, columns 228 to 303 of 720]
-9999 -9999 -9999 -9999 -9999 -9999 -9999 -9999 -9999 -9999 -9999 -9999 -9999 -9999 -9999 -9999 -9999 -9999 -9999 -9999 -9999 -9999 -9999 -9999 -9999 -9999 -9999 -9999 -9999 -9999 -9999 -9999 -9999 -9999 -9999 -9999 -9999 -9999 -9999 -9999 -9999 -9999 -9999 -9999 -9999 114.7 115 -9999 -9999 -9999 -9999 -9999 117.5 -9999 118.4 118.7 119.2 119.7 119.7 120.3 120.3 120.4 120.7 121 121.1 121.2 121.7 122 122.3 123.2 123.2 123.4 124.1 124.1 124.8 125.4
113 114.8 116.6 118.2 120.3 -9999 -9999 -9999 -9999 -9999 -9999 -9999 -9999 -9999 -9999 -9999 -9999 -9999 -9999 -9999 -9999 -9999 -9999 -9999 -9999 -9999 -9999 -9999 -9999 -9999 -9999 -9999 -9999 -9999 -9999 -9999 -9999 -9999 -9999 -9999 110.5 111 111 111.8 112.2 112.6 113.2 113.6 -9999 -9999 114.6 115.3 115.7 116.1 116.5 116.8 117.4 117.9 117.9 118.3 118.2 118.5 118.7 118.9 119.4 119.3 119.1 119.6 119.5 119.3 120.5 119.7 120.2 120.8 120.5 120.4
93.8 95.7 97.9 99.7 102 103.9 105.9 107.1 108.6 109.9 -9999 -9999 -9999 -9999 -9999 -9999 -9999 -9999 -9999 -9999 -9999 -9999 108.1 107.4 -9999 107.1 106.4 106.5 -9999 -9999 105.5 105.5 105.5 105.3 105.8 105.6 -9999 -9999 -9999 -9999 107.2 107.9 108.4 109.1 109.6 -9999 -9999 112.1 112.4 113.1 113.4 114.2 114.8 114.8 114.9 115.8 116.1 116.6 116.7 116.9 117.1 117.4 117.8 118.2 118.4 118.6 118.8 118.6 119 119.4 118.7 119.7 119.4 119.1 119.3 119.2
66.3 -9999 67.5 70.9 -9999 -9999 -9999 -9999 -9999 87.8 89.7 91.7 93.1 94.7 -9999 96.8 97.7 98.2 98.5 98.9 99.5 99.7 99.6 99.8 -9999 100.4 100.3 100.5 100.4 100.8 100.3 -9999 100.7 100.8 101.4 101.7 102.2 102.6 103.3 103.9 104.4 105.3 106 106.8 107.2 108.4 109.4 109.9 111 111.3 111.9 112.2 114.4 113.6 114.5 115.3 116.3 116.3 116.6 116.9 117.2 117.6 119.3 119.4 119.5 118.6 118.6 -9999 119.5 120.2 120.6 120.9 120.5 120.5 120.6 120
67.6 -9999 -9999 -9999 -9999 -9999 -9999 -9999 -9999 -9999 81.6 83.1 84.9 86.3 87.4 89 89.6 90.7 91.3 92 92.7 93.2 93.7 94.3 94.8 95 95.3 95.7 96 96.2 96.4 96.9 97.1 97.5 98.5 98.5 99.2 100 100.9 101.9 102.5 103.5 104.5 105.3 106.4 107.4 108 108.8 109.4 110 113 112.1 113.3 114.2 115.4 116.5 117.8 118.8 118.9 119.7 121.9 121.6 122 122.4 123.2 123.5 124 124.1 124.1 124.3 124.7 124.6 124.7 124.7 124.5 124.7
-9999 77 77.4 78 78.5 79.2 79.8 80.6 81.4 82.2 83.2 83.9 84.8 85.3 86.3 86.8 87.6 88.9 89.1 89.4 90.1 90.5 90.8 91.7 91.9 92.4 92.6 93.2 93.5 94.1 94.2 94.8 95.5 95.9 96.2 96.3 97.1 97.7 98.8 99.9 101.4 102.4 103.8 104.6 105.7 106.7 107.9 108.9 110.3 112.6 112.9 114.1 115.5 116.9 119.2 119.7 121.7 122.8 124.1 124.7 126.1 128.3 128.5 129.4 130.3 130.9 131.4 131.4 132.1 132.6 133 133 133.3 133.6 133.8 133.9
85.9 85.6 85.6 85.4 85.3 85.7 85.5 85.3 86.5 85.7 86.3 86.7 87.2 87.6 88 88.2 88.7 89 89.1 89.2 89.4 89.9 90.1 90.9 91.4 91.7 92.2 92.7 92.7 93.7 94.3 94.5 94.9 95.2 95.7 96.2 96.7 97.6 98.4 100.3 100.4 102.1 103.9 105 106.3 107.7 109.2 111 112.3 115 116.5 118.4 120.5 122.9 124.7 126.5 128.2 129.8 131 133.1 134.5 136 137.6 138.9 140.6 141.8 142.7 143.6 144 145 145.3 145.9 146.5 146.9 147.1 147.7
-9999 -9999 93.3 92.6 92.2 91.3 92.2 91.2 91.1 91.2 91.2 91.3 91.3 91.7 91.9 92 92.4 92.4 91.7 91.7 91.8 91.4 91.6 91.8 92.2 92.6 92.8 93.3 93.9 94.5 94.5 95 95 95.4 95.9 96.9 97.4 98.6 99.3 101.2 102.4 103.9 105.3 106.9 109.2 110.9 112.5 115.1 117.4 119.9 121.7 124.3 126.7 129.5 132.2 134.4 136.3 138.7 141.6 142.6 144.8 146.5 148.4 150.5 152.4 153.8 155.4 157.5 158.3 159 160.6 161.4 161.7 163 163 163.5
-9999 100.1 99.3 99.2 97.9 97.5 97.6 97.8 97.5 97 97.1 96.8 96.9 96.9 96.8 96.7 96.9 96.9 96.3 96.1 95.5 95.4 97.2 94.9 95.3 95.6 95.4 95.5 96.1 96.7 97.1 97.2 97.3 97.5 97.8 98 98.7 99.8 101.6 103 103.9 106.1 108.4 111 113.4 115.8 118.4 121 123.6 126.5 129.7 132.5 135.6 138.3 141.5 144.5 147.2 149.9 152.5 155.1 157.2 159.6 161.9 164.6 166.6 168.6 169.8 172.4 173.5 173.9 176.5 177.8 179 179.5 180.2 180.9
103.9 104.2 104 103.9 103.8 104.1 103.9 104.4 103.3 103.8 103.5 103.3 102.7 104.4 102.2 102.2 102.3 102.1 102 102 101.7 101 100.3 101.5 98.7 99.9 99.9 100.1 99.6 99.5 100 100.1 100.4 100.6 100.7 102.4 101.5 103.7 105 106.5 107.6 110.1 112.9 115.4 117.7 120.4 123.7 127 130.6 134.5 138.1 142.2 146 150.1 154 159.3 160.5 163.9 170.3 173.9 176.5 179 181.9 183.9 185.6 187 187.1 189.7 190.9 192.6 194.1 195.4 196.6 197.3 198.4 198
108 108.3 108.7 109.2 109.4 109.7 109.9 109.6 110 111 110.9 111.1 110.6 111 110 109.5 110.4 109.7 109.6 109.2 106.6 107.7 106.9 105.8 107.2 104.5 104 103.5 105.1 105.1 102.5 102.3 103.4 103.9 103.8 104.2 105.6 106.4 109.2 109 111 113.5 116.7 119.3 122.4 125.4 129.1 133.3 138 143 147.7 153.5 161.7 163.4 168.4 173.6 177.8 182.8 186.4 190.6 194.2 197.4 200.6 203.1 205.4 207.5 208.9 209.5 210.6 210.5 212.3 213.5 214.7 215.8 215.9 215.9
110 111.8 113.5 114.5 115.9 117.3 117.8 116.5 116.9 119.4 118.9 118.7 118.4 117.8 117.4 116.9 116.9 118.2 116 115.5 114.6 114 113 111.4 111.6 109.9 109.1 108.3 107.8 108 108 108.3 108.2 108.9 109.6 110.7 110.7 111.8 113.6 115.8 117.6 119.6 121.5 124.5 128 132.2 136.7 141.6 146.8 154.4 161.8 169.1 175.7 182.3 188.6 194.9 200.7 206 211.2 212 218.8 221.6 222.6 225.1 224.5 232 228.2 229.6 231.8 233.4 234.7 235.1 236.8 237.1 236.5 235.6
119.8 121.9 123.2 124.2 124.8 125.1 125.6 125.3 125.9 125.6 125.4 124.8 120.8 120.6 122.4 121.8 120.7 119.9 119.5 118.3 118.6 116.5 116.1 115.6 115.3 114.5 113.6 113.5 113.3 112.9 112.7 114.7 114.7 115.9 116.2 117.3 118.2 120.4 121.2 123.8 126.6 129.4 132.5 135.8 140.4 146.1 152.1 159.4 167.1 174.8 182.7 190.6 198.5 205.1 210.7 216.4 221.3 226.6 231.6 235.2 237.1 238.7 244.2 249.9 252.2 253.3 254.1 254.8 255.8 256.5 256.5 255.3 256.4 257.2 257.5 254.3
138.9 137.6 135.8 134.4 133.2 132.8 130.9 129.7 128.2 128.3 125.8 125.3 122.5 123.6 122.6 121.9 120.9 120.3 119.7 119.5 119.4 118.9 118.9 119.5 119.6 120 120.2 120.4 119.8 120.8 121 121.6 122.1 123.3 124.3 126 128 130.9 134 138.1 142.6 146.5 151.9 157.2 162.5 169.6 179.6 182.9 192.1 203.4 211.6 219.2 226.4 232.9 229.6 233.5 238.3 244.1 248.9 257.4 261.4 258.7 259.8 266 267.4 268.6 269.9 270.6 275.2 275.1 275.8 277.2 276.5 277.2 275.7 272.7
-9999 142.1 139 -9999 134.4 -9999 -9999 -9999 127.3 126.1 125.3 124.2 123.1 122.7 122.8 121.9 121.8 121.7 123.1 123.8 123.5 124.1 125.7 125.8 126.3 126.4 126.9 127.5 126.3 127.4 128.4 129.2 130.8 131.6 133.7 136.5 140.5 143.7 148 153.4 160.8 163.6 176 180 187.3 194.7 202.6 210.9 218.7 225.8 232.2 239 246.6 248.5 258.6 262.7 264.8 268.1 270.9 274.5 276.9 278.8 283 285 287.6 288.7 289.4 290.6 292.1 293.1 293.6 295.6 296.6 294.2 293.3 293.2
-9999 -9999 -9999 -9999 -9999 -9999 -9999 -9999 -9999 -9999 -9999 -9999 -9999 -9999 125 125.7 127.2 128.3 128.9 130.8 132 132.9 133.8 134.4 135.4 135.4 135.5 136.8 137.2 137.7 138.4 139.4 141.5 143.8 143.5 146.6 150.2 154.6 160.1 165.2 171.7 182.1 188.6 193.6 201.1 208.9 217.2 224.9 233.7 241.4 248.8 255.9 262.7 267.6 274.1 278.5 281.1 286.6 289.9 292.9 295.6 298.2 300.3 302.7 303.7 306 307 308.1 308.9 310.1 310.7 311.6 312 313.3 313.5 311.8
-9999 -9999 -9999 -9999 -9999 -9999 -9999 -9999 -9999 -9999 -9999 -9999 -9999 -9999 -9999 134.9 136.2 136.9 139.6 140.8 141.3 142.4 143.7 144.2 146.6 146.6 147.6 148.8 149.6 146.7 146.8 146.5 147.4 149.7 151.6 154.6 158.2 162.1 167.3 175.2 183.8 192 199.5 204.6 210.6 216.6 223.4 231 238.9 247.5 255.1 263 270.6 277.9 283.8 290.5 295.6 299.6 302.8 306.7 309.9 313.3 312.6 315.4 318.4 320.7 319.9 320.7 322.2 321.9 322.3 323 324 323.9 324.4 325.2
-9999 -9999 -9999 -9999 -9999 -9999 -9999 -9999 -9999 -9999 -9999 -9999 -9999 -9999 -9999 -9999 -9999 -9999 149.8 151.8 152.1 153.2 153.3 152.8 152.5 152.8 153.2 153.5 153.2 153.6 155 155.3 156.3 158.1 159.9 162.2 163.3 167 170.4 173.8 180.2 186.2 191.5 196.8 199.9 206.6 214.4 223.7 233.6 244.7 253.4 263.8 272.1 280 287.6 295.5 301.1 305.9 310.3 314.3 317.8 321.2 323.3 326 330.5 329.7 330 330.5 332 332.8 333.6 334.4 334.9 335.7 335.7 335.9
-9999 -9999 -9999 -9999 -9999 -9999 -9999 -9999 -9999 -9999 -9999 -9999 -9999 -9999 -9999 -9999 -9999 -9999 -9999 -9999 160.9 161.1 161.2 161.4 161.9 161.5 160.7 161.8 161.7 162.9 164.1 164.7 164.4 166.2 166.4 169 168.1 171.1 172.6 174.8 177 180.2 180.9 189.1 194.7 202 209.9 217.9 227.8 238 249.1 260 266.9 279.8 289 296.8 303.3 308.9 313.9 319 322.9 328.4 334.5 336.3 337.9 340.1 341.1 341.9 342 341.9 343 342.6 343.4 343.6 343.8 345.4
-9999 -9999 -9999 -9999 -9999 -9999 -9999 -9999 -9999 -9999 -9999 -9999 -9999 -9999 -9999 -9999 -9999 -9999 -9999 -9999 172.1 172 171.7 171.3 171.9 171.5 171.3 171.2 171.7 172.8 171.6 172.2 172.2 172.2 172.4 173 172.6 173.9 175.5 178.5 177.5 181.7 184.7 188.9 193.1 196.8 204.2 212.3 225.5 234.8 246.4 258.4 268.1 280.3 291.5 300.7 308.9 315.3 322.4 327 332.6 339.6 343 345.4 347.6 348.6 348.8 349.1 349.1 349.1 349.4 350.2 350.2 350 350 351.4
-9999 -9999 -9999 -9999 -9999 -9999 -9999 -9999 -9999 -9999 -9999 -9999 -9999 -9999 -9999 -9999 -9999 -9999 -9999 -9999 -9999 -9999 178.2 177.8 176.9 176.3 175.9 175.1 175.4 174.3 173.9 173.5 173.7 173.4 173.3 172.5 172.9 175.1 176.7 177.5 179.3 182.2 183.5 188.7 196.6 201.2 204.8 211 217.4 224.9 236.5 248.7 263 282.9 293.9 305.6 315.7 324.9 331.7 338.4 347.7 351.8 354.3 355.5 356.9 358.6 357.4 357.3 356.4 357.7 357.1 356.1 354.8 354.6 355.6 355.2
-9999 -9999 -9999 -9999 -9999 -9999 -9999 -9999 -9999 -9999 -9999 -9999 -9999 -9999 -9999 -9999 -9999 -9999 -9999 -9999 179.7 179.6 178.9 178.3 177.9 177.6 175.9 175.4 175.6 175.1 174.9 174.9 174.6 174.7 175.5 176.7 177.3 177.9 176.4 177.4 181.6 185.2 186 185.5 190.3 194.3 197.1 207.8 215.1 224.7 238.5 255.3 272 286.6 301.7 316.3 329.5 339.3 348 359.9 364.3 368.8 370.8 371.7 373.9 371.6 371.3 370 370.3 368 364.4 362.3 363.5 361.5 359.4 357.5
-9999 -9999 -9999 -9999 -9999 -9999 -9999 -9999 -9999 -9999 -9999 -9999 -9999 -9999 -9999 -9999 -9999 -9999 -9999 -9999 -9999 -9999 178.9 178.5 177.9 177.2 177.1 177.1 176.9 176.9 176.9 177.4 178.2 179 180 180.8 178 179.8 179.3 181.3 185.4 185 187.7 192.3 199.6 203.9 201.8 211.7 218.9 226.6 255.3 259.9 283.9 307.5 327.8 346.5 362.4 382.6 392 397 400 402.7 402.9 400.2 400.6 400.8 398.7 393.5 389.2 383.5 377.6 378.4 372.1 368.3 364.3 362.3
-9999 -9999 -9999 -9999 -9999 -9999 -9999 -9999 -9999 -9999 -9999 -9999 -9999 -9999 -9999 -9999 -9999 -9999 -9999 -9999 179.8 179.5 178.8 177 -9999 -9999 173.3 172.3 172.4 172.7 172.9 173.7 172 174.4 176.3 178.6 179.8 181.9 181.3 185.5 184.2 189.8 191.3 195.3 199.4 204.5 212.1 226.3 233.6 248.2 264.2 290.7 318.1 352 382.1 416 443.5 463.1 468.2 469.6 469.8 467.2 463.1 457.5 452.3 446.5 440.7 433.1 425 413.6 405.9 397.7 390.6 383 377 372
-9999 -9999 -9999 -9999 -9999 -9999 -9999 -9999 -9999 -9999 -9999 -9999 -9999 -9999 -9999 -9999 -9999 -9999 -9999 -9999 -9999 -9999 -9999 -9999 170.6 -9999 161.1 158 157.3 158.9 158.8 161.9 167.4 171.6 174.4 176.8 179.8 181.3 184.1 187 189.5 191.8 195.6 199.8 208.7 215.9 231.5 246.4 253.7 278.7 306.9 342.5 392.3 448.2 504.1 525.8 587.8 588.2 593.7 585.5 577.1 572.3 561 551 540.5 527.9 515.1 500.4 485.2 471.1 458.4 445.1 432.3 420.6 405.1 393.6
-9999 -9999 -9999 -9999 -9999 -9999 -9999 -9999 -9999 -9999 -9999 -9999 -9999 -9999 -9999 -9999 -9999 -9999 -9999 -9999 -9999 -9999 -9999 178.3 168.8 158.7 -9999 -9999 -9999 147 -9999 161.3 167.2 172.4 176.9 181.1 183.6 185.3 189.2 189 193.6 196.9 202.8 211 220.2 232.2 244.2 260.4 279.5 313.1 356 416.8 488.5 566.8 631.3 683.3 733.7 720.1 737.5 727.3 724.7 704.1 689.9 675.4 658.6 643.7 621.2 591.7 580.3 556.5 534.7 513.9 493.4 474.2 455.7 438
-9999 -9999 -9999 -9999 -9999 -9999 -9999 -9999 -9999 -9999 -9999 -9999 -9999 -9999 -9999 -9999 -9999 -9999 -9999 -9999 -9999 -9999 -9999 194.5 179.3 -9999 158.5 161.8 166 169.7 173.7 177.3 180.2 182.8 186.1 188.1 189.9 190.5 193.3 193.8 197.4 202.2 208.9 217.7 228 244.5 267.6 290.6 319.6 359 422 502.3 593.1 690 740.1 806.9 841.1 858.5 860.1 850.7 853.8 830.9 814.2 801.6 787.6 764 750.5 728.4 698.6 672.9 645.2 617.3 589.1 560.7 532.3 505.2
-9999 -9999 -9999 -9999 -9999 -9999 -9999 -9999 -9999 -9999 -9999 -9999 -9999 -9999 -9999 -9999 -9999 -9999 -9999 -9999 -9999 -9999 275.5 269.1 255.2 234.7 214.8 204.9 -9999 196.1 -9999 191.9 192.2 193 192.9 192.5 193.5 194.8 195.4 197.7 200.2 204.4 210.6 221.3 231.6 252.5 282.8 323.1 368.4 424.6 500.5 583.4 676.2 752.9 825.7 864.7 907.2 926 932.2 930 919.5 935 925.2 914.5 901.9 881.3 865 852.6 833.7 813.1 785.6 753.7 723.3 690.1 655.2 620.2
-9999 -9999 -9999 -9999 -9999 -9999 -9999 -9999 -9999 -9999 -9999 -9999 -9999 -9999 -9999 -9999 -9999 -9999 -9999 -9999 -9999 -9999 -9999 -9999 -9999 -9999 -9999 -9999 -9999 -9999 183.7 190 193.7 195.5 195.2 195.6 194.6 194 195 196.5 198.3 200.5 207.3 218.4 236.6 265.7 308.1 362.7 428.9 506 596.9 679.8 744.5 806.3 868.2 914.1 941.1 963 972.1 985 991.9 993.1 988.9 983.9 980.1 977.1 970.4 959.3 942.2 927.8 905.1 880.5 851.1 823.8 790.4 754.9
-9999 -9999 -9999 -9999 -9999 -9999 -9999 -9999 -9999 -9999 -9999 -9999 -9999 -9999 -9999 -9999 -9999 -9999 -9999 -9999 -9999 -9999 -9999 -9999 -9999 -9999 -9999 -9999 -9999 208.5 200 199.6 198.1 196.5 194.8 193.5 190.9 187.8 187 188.3 190.8 195.5 200.5 215.7 241.6 285.7 347.8 423.1 506.3 593.3 693.8 766 814 851.4 887.6 926.3 947.2 969.8 992.9 979.2 1002.5 1006.1 1012.1 1019.6 1024.7 1028 1015.9 1013 1008.7 994.8 979.5 961.4 942.5 919.4 894.3 868
-9999 -9999 -9999 -9999 -9999 -9999 -9999 -9999 -9999 -9999 -9999 -9999 -9999 -9999 -9999 -9999 -9999 -9999 -9999 -9999 -9999 -9999 -9999 -9999 -9999 -9999 250.9 239.9 -9999 -9999 205.9 199 193.4 190.2 185.4 184.3 181.1 177.8 174 174.8 176.5 186.9 191 210.2 254.9 324.1 412.3 505.8 601 677.7 771.5 822.9 856.6 883.4 921.2 938.5 952.2 972.3 986.5 996.3 1007.7 1016.2 1024.3 1032.4 1045.8 1052.8 1056.3 1053.6 -9999 1037.1 -9999 -9999 -9999 -9999 -9999 -9999
210.4 188.7 169.6 -9999 -9999 -9999 -9999 -9999 -9999 -9999 -9999 -9999 -9999 -9999 -9999 -9999 -9999 -9999 -9999 -9999 -9999 -9999 -9999 -9999 -9999 251.4 -9999 -9999 203.5 -9999 175.2 167 167.4 163.4 165.3 167.6 164.8 166.6 159.3 152.9 157.2 157.7 192.6 227.9 285.6 392.5 505.9 608.9 686.8 747.6 809.1 851.2 875.8 902.8 923.6 940 953 966.3 977.9 990.1 1000.2 1010.6 1019.8 1029 1038.9 1048.6 -9999 -9999 -9999 -9999 -9999 -9999 -9999 -9999 -9999 -9999
220.7 202 183.7 -9999 -9999 -9999 -9999 -9999 -9999 -9999 -9999 -9999 -9999 -9999 -9999 -9999 -9999 -9999 -9999 -9999 -9999 -9999 -9999 -9999 293.7 -9999 249.3 216 183.9 158.3 132.9 121.5 128.6 139.9 148.9 155.9 156.6 149.7 140.8 136.6 137.7 143.5 181.4 261 366.3 486.4 593.6 680.5 745.8 794 826.2 857.1 876.2 895.2 909.8 924.9 936.6 947.7 960 973 983.2 993.9 1002.8 1011.2 1019.7 -9999 -9999 -9999 -9999 -9999 -9999 -9999 -9999 -9999 -9999 -9999
282.9 265.4 249.3 234.7 224.1 217.1 235.3 311.6 410.1 -9999 -9999 -9999 -9999 -9999 -9999 -9999 -9999 -9999 -9999 -9999 -9999 -9999 -9999 -9999 -9999 -9999 278.1 246.3 212.2 183.4 166.4 158.9 158.3 163.9 167.3 178.5 166.9 161.6 141.5 140.5 135.3 153.8 214.4 322.4 443 558.4 658.8 721.6 765.1 798 824 847.6 863.8 878.8 891.6 903 913.4 922.8 931.4 943.3 958.1 969.3 983 994.9 -9999 -9999 -9999 -9999 -9999 -9999 -9999 -9999 -9999 -9999 -9999 -9999
