datasets/global_precipitation_1950_2017/rasters/precip_1981-total.asc
NCOLS 720 
NROWS 347 
XLLCORNER -180 
YLLCORNER -90 
CELLSIZE 0.5 
NODATA_value -9999 
[rows 306 to 339 of 347, columns 76 to 151 of 720]
-9999 -9999 -9999 -9999 -9999 -9999 -9999 -9999 -9999 -9999 -9999 -9999 -9999 -9999 -9999 -9999 -9999 -9999 -9999 -9999 -9999 -9999 -9999 -9999 -9999 -9999 -9999 -9999 -9999 -9999 -9999 -9999 -9999 -9999 -9999 -9999 -9999 -9999 -9999 -9999 -9999 -9999 -9999 -9999 -9999 -9999 -9999 -9999 -9999 -9999 -9999 -9999 -9999 -9999 -9999 -9999 -9999 -9999 -9999 -9999 -9999 -9999 -9999 -9999 -9999 -9999 -9999 -9999 -9999 -9999 -9999 -9999 -9999 -9999 -9999 -9999
-9999 -9999 -9999 -9999 -9999 -9999 -9999 -9999 -9999 -9999 -9999 -9999 -9999 -9999 -9999 -9999 -9999 -9999 -9999 -9999 -9999 -9999 -9999 -9999 -9999 -9999 -9999 -9999 -9999 -9999 -9999 -9999 -9999 -9999 -9999 -9999 -9999 -9999 -9999 -9999 -9999 -9999 -9999 -9999 -9999 -9999 -9999 -9999 -9999 -9999 -9999 -9999 -9999 -9999 -9999 -9999 -9999 -9999 -9999 -9999 -9999 -9999 -9999 -9999 -9999 -9999 -9999 -9999 -9999 -9999 -9999 -9999 -9999 -9999 -9999 -9999
-9999 -9999 -9999 -9999 -9999 -9999 -9999 -9999 -9999 -9999 -9999 -9999 -9999 -9999 -9999 -9999 -9999 -9999 -9999 -9999 -9999 -9999 -9999 -9999 -9999 -9999 -9999 -9999 -9999 -9999 -9999 -9999 -9999 -9999 -9999 -9999 -9999 -9999 -9999 -9999 -9999 -9999 -9999 -9999 -9999 -9999 -9999 -9999 -9999 -9999 -9999 -9999 -9999 -9999 -9999 -9999 -9999 -9999 -9999 -9999 -9999 -9999 -9999 -9999 -9999 -9999 -9999 -9999 -9999 -9999 -9999 -9999 -9999 -9999 -9999 -9999
-9999 -9999 -9999 -9999 -9999 -9999 -9999 -9999 -9999 -9999 -9999 -9999 -9999 -9999 -9999 -9999 -9999 -9999 -9999 -9999 -9999 -9999 -9999 -9999 -9999 -9999 -9999 -9999 -9999 -9999 -9999 -9999 -9999 -9999 -9999 -9999 -9999 -9999 -9999 -9999 -9999 -9999 -9999 -9999 -9999 -9999 -9999 -9999 -9999 -9999 -9999 -9999 -9999 -9999 -9999 -9999 -9999 -9999 -9999 -9999 -9999 -9999 -9999 -9999 -9999 -9999 -9999 -9999 -9999 -9999 -9999 -9999 -9999 -9999 -9999 -9999
-9999 -9999 -9999 -9999 -9999 -9999 -9999 -9999 -9999 -9999 -9999 -9999 -9999 -9999 -9999 -9999 -9999 -9999 -9999 -9999 -9999 -9999 -9999 -9999 -9999 -9999 -9999 -9999 -9999 -9999 -9999 -9999 -9999 -9999 -9999 -9999 -9999 -9999 -9999 -9999 -9999 -9999 -9999 -9999 -9999 -9999 -9999 -9999 -9999 -9999 -9999 -9999 -9999 -9999 -9999 -9999 -9999 -9999 -9999 -9999 -9999 -9999 -9999 -9999 -9999 -9999 -9999 -9999 -9999 -9999 -9999 -9999 -9999 -9999 -9999 -9999
-9999 -9999 -9999 -9999 -9999 -9999 -9999 -9999 -9999 -9999 -9999 -9999 -9999 -9999 -9999 -9999 -9999 -9999 -9999 -9999 -9999 -9999 -9999 -9999 -9999 -9999 -9999 -9999 -9999 -9999 -9999 -9999 -9999 -9999 -9999 -9999 -9999 -9999 -9999 -9999 -9999 -9999 -9999 -9999 -9999 -9999 -9999 -9999 -9999 -9999 -9999 -9999 -9999 -9999 -9999 -9999 -9999 -9999 -9999 -9999 -9999 -9999 -9999 -9999 -9999 -9999 -9999 -9999 -9999 -9999 -9999 -9999 -9999 -9999 -9999 -9999
-9999 -9999 -9999 -9999 -9999 -9999 -9999 -9999 -9999 -9999 -9999 -9999 -9999 -9999 -9999 -9999 -9999 -9999 -9999 -9999 -9999 -9999 -9999 -9999 -9999 -9999 -9999 -9999 -9999 -9999 -9999 -9999 -9999 -9999 -9999 -9999 -9999 -9999 -9999 -9999 -9999 -9999 -9999 -9999 -9999 -9999 -9999 -9999 -9999 -9999 -9999 -9999 -9999 -9999 -9999 -9999 -9999 -9999 -9999 -9999 -9999 -9999 -9999 -9999 -9999 -9999 -9999 -9999 -9999 -9999 -9999 -9999 -9999 -9999 -9999 -9999
-9999 -9999 -9999 -9999 -9999 -9999 -9999 -9999 -9999 -9999 -9999 -9999 -9999 -9999 -9999 -9999 -9999 -9999 -9999 -9999 -9999 -9999 -9999 -9999 -9999 -9999 -9999 -9999 -9999 -9999 -9999 -9999 -9999 -9999 -9999 -9999 -9999 -9999 -9999 -9999 -9999 -9999 -9999 -9999 -9999 -9999 -9999 -9999 -9999 -9999 -9999 -9999 -9999 -9999 -9999 -9999 -9999 -9999 -9999 -9999 -9999 -9999 -9999 -9999 -9999 -9999 -9999 -9999 -9999 -9999 -9999 -9999 -9999 -9999 -9999 -9999
-9999 -9999 -9999 -9999 -9999 -9999 -9999 -9999 -9999 -9999 -9999 -9999 -9999 -9999 -9999 -9999 -9999 -9999 -9999 -9999 -9999 -9999 -9999 -9999 -9999 -9999 -9999 -9999 -9999 -9999 -9999 500.5 500.6 -9999 -9999 -9999 -9999 -9999 513 517.6 -9999 -9999 -9999 -9999 -9999 -9999 -9999 -9999 -9999 -9999 -9999 -9999 -9999 -9999 -9999 -9999 -9999 -9999 -9999 -9999 -9999 -9999 -9999 -9999 -9999 -9999 -9999 -9999 -9999 -9999 -9999 -9999 -9999 -9999 -9999 -9999
-9999 -9999 -9999 -9999 -9999 -9999 -9999 -9999 -9999 -9999 -9999 -9999 -9999 -9999 -9999 -9999 -9999 -9999 -9999 -9999 -9999 -9999 -9999 -9999 -9999 -9999 -9999 -9999 -9999 -9999 -9999 -9999 -9999 -9999 -9999 506.9 510 -9999 518.2 523.3 528.5 533.3 538.5 -9999 -9999 -9999 -9999 -9999 -9999 -9999 -9999 -9999 -9999 -9999 595.4 596.4 -9999 -9999 -9999 -9999 600.5 600.7 -9999 -9999 -9999 -9999 -9999 -9999 -9999 -9999 -9999 -9999 -9999 -9999 -9999 -9999
-9999 -9999 -9999 -9999 -9999 -9999 -9999 -9999 -9999 -9999 -9999 513.4 512.5 511.8 511.5 511.5 -9999 -9999 -9999 -9999 -9999 -9999 -9999 -9999 -9999 -9999 -9999 -9999 501.2 500.4 500.3 -9999 -9999 501.4 502.8 504.6 506.6 509.3 513.8 518.4 522.4 526.1 529.9 533.8 539.4 546.7 554.7 562.6 566.7 569.5 571.8 574.3 576.9 583.4 587.4 591.7 596.1 600.2 -9999 -9999 -9999 603.4 604.4 607.4 -9999 -9999 -9999 -9999 -9999 -9999 -9999 -9999 -9999 -9999 -9999 -9999
-9999 -9999 -9999 -9999 519.9 519.1 518.9 518.2 517 516.2 515.2 513.9 512.9 512.2 511.7 510.8 510.3 509.6 508 506.9 506.4 506.1 504.7 503.6 502 500.2 497.6 494.7 490 487.8 487.1 486.6 486.5 487.3 487.6 487.7 488.6 489.5 490.2 493.7 496.2 498.5 501.3 504.2 509 516.4 524.1 531.9 540.4 528.2 536.1 543.8 552.8 556.8 561.6 568.4 575.1 581.7 587.7 572.2 578.2 -9999 593.8 595 597.8 598.9 603.6 -9999 -9999 -9999 -9999 -9999 -9999 615.6 614.1 610.1
519 518.8 518.2 517.6 517 516.3 515.3 514.6 513.3 512.1 510.3 509.3 507.9 507 506 503.7 501.1 500.4 501 497.8 493.6 490 488.6 484 480.5 478.3 469.9 469.8 463.7 458.3 453.5 451.4 449.8 448.4 446.7 445.1 444.2 443.7 444.2 446.1 446.5 452.2 454 456.1 458.6 462.8 469.1 476.1 483.3 488.6 492.1 498.7 504.9 507.4 510.2 515.6 523.7 531.4 539.5 544.4 546.8 549.4 551.3 553.6 558.8 562.1 571.2 577.2 583.2 585.8 585.3 584.1 582.3 579.6 578.5 576.3
513.5 513 511.9 510.5 508.6 507.2 504.9 502.6 501.4 499.3 497.5 496.3 495.1 492.4 489.4 485.1 479.6 474.4 473.7 469.1 464.7 456.4 456.6 448.9 441.4 434.1 428.7 423.4 413.5 410.9 404.2 399.2 394.8 391.4 388 385.4 383.7 382.2 381.9 382.3 382.9 384.2 386.6 388.9 391.9 395.1 398.5 403.2 408 413.9 419.8 426.9 433.3 437.1 441 444.7 448.3 455.8 464 469.8 473.4 476.6 481.8 490.1 487.4 500.1 502 509.1 516.2 520.3 520.3 519.8 518.3 516.6 516.7 519.3
497.3 497.4 496.4 489.9 488 486.3 485.8 482.2 475.7 474.7 469.7 467 461.6 455.4 449.9 445.1 440 433.7 429.5 422.7 416.4 408.3 401.1 394.3 386.9 379.3 372 365.4 357.4 350.5 343.9 339.1 334.2 330.8 326.9 322.3 318.7 316.2 313.8 312.1 311.2 310.8 313.8 313.8 315.7 318.8 321.9 324.1 330.5 331.5 336.4 341.6 347.2 352.8 358.4 363.8 368.9 374.3 379 384.7 391.5 398.5 405.8 413.3 418.9 422.9 426.2 429.2 431.8 435.9 442.3 448.8 454.9 435 436.2 458.3
463.6 463.4 460.3 451.7 451.5 448.3 443.1 437.4 432 426.7 420.8 414.8 408.9 399.6 395.4 389.5 382.2 375 366.8 363.5 355.4 348.2 340.5 333.1 325.5 318.7 311.3 305.8 299.3 294.4 287.3 277.8 273.4 270.4 267.4 258.9 257 255.4 250.8 248.3 247.8 248 249 250.2 248.6 247.8 248.9 249.5 250 253.3 257.3 262.3 267.5 272.5 276.8 280.5 285.4 291.3 296.5 301.4 305.7 311 315.6 320.4 325.5 331.1 335.9 339.4 342.5 345.2 349.2 353.7 358.4 363 365.2 365.9
419.6 415.7 411.9 407 401.6 396 389.8 383.2 377.6 371.2 364.5 357.8 351.1 344.2 337.7 330.1 322.4 317.4 308.4 308.3 299.8 293 285.9 281.7 276.9 265.4 259.5 253.9 248.5 241.1 234.5 228.9 225.9 222.5 218.3 214 210.7 207 204.5 200.8 196.4 196.9 191.5 187 193.8 193.7 192.2 189.2 190.4 191 193.6 197 200.2 203.5 206.8 209.1 211.6 214.1 218.2 222.9 224.6 229.4 233.9 238.2 242 244.8 248 251.4 255.4 259 262.5 265.7 268.6 271.2 273.5 275.1
366.9 362 357.3 352.4 347.2 340.4 332.6 324.5 315.1 310.9 305.7 301.2 296.6 292.5 289.4 283.1 278.2 272.4 266.9 262.6 256.8 250.7 244.8 238.4 235 228.7 224.5 218.5 213.4 207 200.6 194.1 188 187.5 182.2 175.8 168.8 164.8 162.7 156.9 154.2 147.6 144.5 142.1 139.4 136.3 137.4 134.9 135.3 136 136.9 137.1 139.2 140.7 140.4 140.7 145.2 144.3 147.7 150.8 155 158.1 163 167.2 170.5 172.8 175.5 177.7 186 189.1 185.7 192.3 193.9 195.2 197 199.5
307.1 302.8 298.2 294 289.6 285.6 280.3 271.7 262.8 259.8 256.7 253.4 250.3 247.5 242.6 235.1 241.8 229.3 227 222 222.1 218.5 215.3 210.5 205 199.7 194.8 189.4 187.3 180.3 175.5 169.6 162.6 161.5 153.8 147.9 143.2 138.2 133.4 127.4 123.1 118.2 113.7 112.4 106.5 103.7 100.7 97.5 97.8 96.1 93.8 92.3 91.1 90.4 89.4 90.3 91.8 93.9 96.4 98.9 100.5 102.4 108.8 108.3 112.3 116.7 119.6 121.7 129 132.8 129.6 132.7 135.6 138.5 140.1 143.5
253.7 249.9 245.8 242 238.5 234.6 231.8 228.6 223.8 222.5 220.2 217.6 215.8 213.3 209 203.2 197.2 191.8 191.1 189.7 186.4 184.2 182.1 179.3 176.8 174.1 171.2 168.3 165 161.6 157.3 152.7 149 144.3 138.9 134.8 129.7 124.3 119.6 115.3 109.7 104.2 98.4 92.5 87.3 81.5 76.8 73.3 70.7 68.7 67 65.2 64.1 63.3 62.3 62.6 62.6 62.6 61.9 62.7 62.2 64.5 66.3 69.6 73 72.3 78.1 80.3 82.8 86.9 87.9 91.5 94.8 97.2 99.8 101
223.2 218.5 214 209.6 205.8 202.2 199.5 196.5 193.8 189.7 189.8 188.1 186.4 184.8 183.3 178.8 174 169.2 165.3 164.1 166 163.2 161.4 159.7 157.6 155.6 153.3 151.5 149.2 146.7 144 141.4 138.4 135.9 133.3 130.5 127.4 124.1 119.9 116.3 111.6 105.8 97.5 87.7 76.6 68.5 62.6 58.9 56.1 54.9 53.5 52.9 52 51.6 51.4 51.2 49.9 49.8 50.2 49.4 49.4 49.7 49.9 50.7 51.5 52.3 53.1 55.7 56.1 58.3 60.2 62.4 64.8 66.5 68.5 70.5
202.4 197.2 193 188.7 185 181.4 178.4 175.6 173 169.1 164 158.9 160.7 159.1 157.8 156.4 155.3 151.9 148.5 147.6 148.5 146.3 144.8 143.3 141.7 140.2 138.6 136.7 134.9 132.8 131.2 128.9 126.4 123.9 121.2 118.8 116.7 114 111.1 107.1 102.4 96.7 88.6 79.6 69.3 62.7 57.8 53.9 52 50.4 49.5 48.5 47.9 47.7 47.4 47.2 47.1 46.9 46.9 46.9 45.6 45.6 46 45.8 46 45.5 45.1 45.5 46.3 46.8 47.5 48.8 49.3 51 52 53.7
183.7 179.1 174.8 170.9 167.3 163.9 160.9 158.2 155.3 151.9 147.3 143.2 139 135.2 145.7 141.6 138.3 135.3 131.9 130.9 132 130.1 127.9 126.7 125 122.8 120.7 118.7 116.3 114.3 112 109.5 107.5 105.1 102.5 99.9 96.8 94 90.3 86.4 82.4 78.2 74 69.5 65.6 62.8 60 57.2 54.9 52.8 51 49.9 48.8 48 47.2 46.2 45.9 45.7 44.8 44.7 44.4 44.4 44.4 44.6 44.9 45.5 45.6 45.8 46.4 46.5 47 47.4 43.4 44.1 44.7 46.3
163.2 159.1 154.7 150.3 145.9 141.7 137.7 134.1 130.7 127.3 124.3 125 121.2 117 114.7 117 115.6 113.9 112.3 108.3 109.6 107.6 104.9 102.6 102.9 101.2 99.5 97.9 96.1 94.3 92.5 90.9 89.2 87.2 84.7 82.3 79.8 77.5 74.9 72.7 70.2 67.5 64.8 61.9 60.1 58.3 57.3 55.5 53.7 52.2 50.6 49.1 48.4 46.9 46.2 45.4 44.8 44.1 43.6 43.1 42.6 42.2 42.2 42.1 42.4 42.1 42.4 42.6 43 43.4 43.6 44.4 44.5 44.7 44.9 45.1
136.3 132.8 129 125.5 122.4 119.8 116.9 114.6 111.8 109.7 107 104.4 101.7 99.9 97.3 95.2 93.2 91.3 92.2 92.3 90.9 89.3 88 85.8 83.9 81.9 82.7 81.1 78.3 77 75.3 75.4 73.7 71.8 69.8 68 67.9 64.4 63 61.6 59.6 58.1 56.8 55.6 54.4 53.3 52.2 51.2 50.1 49.1 47.9 46.8 46.4 44.9 44.2 43.4 42.6 42 41.5 40.9 40.5 39.9 39.8 39.4 39 38.7 38.8 38.8 38.7 38.6 38.8 38.9 39.2 39.5 39.8 39.2
111.6 109 105.6 102.9 100.1 99 96.8 94.5 92.7 90.5 88.8 86.9 85.3 84.3 82.9 81.5 80.1 78.9 77.7 75 73.4 71.7 70.1 72.2 68.3 67.7 66.4 65.5 65.2 64.2 62.4 60.9 60 58.7 57.8 56 55.3 54.4 53.1 51.7 50.9 50.1 49.3 48.6 47.8 47.1 46.5 46 45 44.2 43.6 42.9 42.5 41.1 40.7 40.1 39.4 39 38.5 37.9 37.5 37.1 36.6 36.4 35.9 35.5 35.2 34.9 35 34.8 36.3 35.8 35.4 34.8 36.9 34.5
96.5 94.2 91.7 89.1 87.1 85 83.1 81.2 79.4 77.6 76.2 74.5 73.2 71.2 70 68.7 67.4 65.8 64.8 62.8 61.6 60.2 58.9 60.2 58.7 55.4 54.4 53.4 52.9 51.6 51.3 49.8 49.1 48.6 47.7 47.1 46.1 45.8 44.5 44 43.4 42.9 42.2 41.8 41.2 40.6 40.5 39.9 39.4 38.8 38.4 37.7 37.2 36.8 36.5 36 35.4 35 34.7 34.2 34.1 33.9 33.4 32.8 32.7 32.3 32 31.6 31.4 31.3 30.6 30.4 29.9 30.2 30.7 29.6
81.1 78.8 77.1 74.9 73.3 71.6 69.8 68 66.2 64.6 63.2 61.9 60.6 58.9 57.6 56.5 55.6 54.4 53.3 52.1 51.2 49.8 48.8 49.4 48.2 46.2 45.2 44 43.3 42.5 41.7 41 40.3 39.8 39.3 38.7 38.2 38 37.3 37 36.6 36.1 35.9 35.3 34.8 34.6 34 33.8 33.5 33.2 32.8 32.2 31.8 31.5 31.4 31 30.8 30.6 30 29.8 29.6 29.3 29.1 28.8 28.8 28.3 28.2 28 27.8 27.5 27.3 26.9 26.5 27.2 26.2 26.1
65.3 61.5 59.8 58.2 56.5 57.8 53.7 52.9 51.9 51.1 49.5 48.5 48.1 47.2 46.6 45.9 45.2 44.4 43.5 42.5 41.8 40.4 39.7 40.1 39.3 37.8 37.3 36.6 35.5 34.8 34 33.6 33.1 32.6 32.3 31.9 31.4 31.1 30.7 30.5 30.3 29.4 29.4 29.2 28.9 28.6 28.4 28.1 27.7 27.3 27.3 26.9 26.7 26.6 26.4 26.2 26.2 25.9 25.7 25.5 25.1 25.1 24.7 24.6 24.5 24.5 24.3 24.3 24 23.9 23.7 23.3 23.2 23 22.8 22.6
51.7 49 47.7 46.2 44.7 43.5 41.9 41.7 41 40 39.1 37.6 36.7 36.9 36.4 35.7 34.6 34.3 34 33.6 33.2 32.7 32.2 31.9 31.4 30.6 29.9 29.9 29.4 29.1 27.6 27.2 26.9 26.6 25.9 25.9 25.5 25.1 25.1 24.6 24.2 24.1 23.7 23.3 23.3 23.1 23.1 22.5 22.4 22.1 22.1 21.9 21.7 21.5 21.6 21.4 21.2 21.2 21.1 20.7 20.6 20.7 20.4 20.2 20.4 20.1 20.2 20 19.8 19.6 19.5 19.5 19.5 19.6 19.3 19.3
40.4 39.3 37.8 36.8 35.6 34.9 34.5 34 33 32.6 31.7 31.2 30 29.5 29.1 28.7 28.1 27.8 27.6 26.8 26.4 26.3 26 25.7 25.2 24.9 24.6 24.3 24.1 23.7 23.2 23 21.9 21.5 21.2 20.8 20.7 20.3 20.2 19.8 19.5 19.3 19.3 18.7 18.5 18.3 18.3 18 18.1 17.7 17.8 17.7 17.6 17.5 17.5 17.1 17.1 17 17 16.8 16.6 16.6 16.6 16.5 16.4 16.1 16.2 16 16.1 16.1 16 15.9 16 16.1 16.2 16.1
32.1 31.2 30.2 29.6 29.1 28.5 28.3 27.8 27.1 26.4 26.3 25.7 24.9 24.4 24.1 23.8 23.3 23.2 23.3 22.8 22.4 22.1 21.8 21.6 21.2 20.8 20.7 20.5 20.1 19.9 19.8 19.5 19 19 17.9 17.8 17.7 17.4 16.9 16.8 16.6 16.5 16.4 16 16 15.8 15.6 15.3 15.3 15.4 15.1 15.2 15.1 15.1 15 14.9 14.7 14.7 14.6 14.6 14.3 14.3 14.2 14.2 14.1 14.2 14.2 14.3 14.3 14 14.1 14.1 14.1 14 13.9 13.8
26 25.5 25.1 24.7 24.4 23.8 23.3 22.9 22.8 22.2 22 21.7 21.2 20.8 20.6 20.4 20.3 20.2 19.8 19.5 19 18.8 18.5 18.4 18.2 17.9 17.8 17.7 17.5 17.3 16.9 16.7 16.7 16.6 16.5 16.1 16.1 16.1 15.4 15.3 14.9 14.9 14.8 14.7 14.7 14.6 14.1 13.9 13.9 13.9 13.7 13.7 13.5 13.5 13.5 13.2 13.2 13.2 13.1 13.1 12.9 12.9 12.8 12.8 12.7 12.5 12.4 12.5 12.5 12.5 12.6 12.5 12.5 12.3 12.4 12.4
21.3 21.2 20.8 20.4 20 19.7 19.7 19.4 19.3 18.9 18.6 18.5 18.6 17.8 17.5 17.4 17.5 17.2 17.1 16.8 16.8 16.8 16.5 16.1 15.9 15.8 15.6 15.5 15.3 15.2 15.1 14.8 14.8 14.6 14.6 14.2 14.2 14 13.9 13.9 13.8 13.6 13.2 13 12.9 12.9 12.8 12.8 12.6 12.6 12.4 12.3 12.4 12.3 12.3 12.3 12 11.9 11.9 11.9 11.8 11.5 11.4 11.5 11.5 11.4 11.3 11.3 11.2 11.3 11.3 11.3 11.2 11.1 11.1 11.2
