datasets/global_precipitation_1950_2017/rasters/precip_2009-total.asc
NCOLS 720 
NROWS 347 
XLLCORNER -180 
YLLCORNER -90 
CELLSIZE 0.5 
NODATA_value -9999 
[rows 34 to 67 of 347, columns 152 to 227 of 720]
203.6 192.9 180.7 173.7 167.3 162.5 158 155.8 153.7 153.2 153.1 153.9 152.2 151.8 152.5 149.2 150 148.2 155.4 151.5 156.1 157.3 159.8 163.8 166.9 168 172.5 177.6 180.5 186.5 191.5 195.9 205 210.3 214.5 215.5 -9999 -9999 197.5 -9999 181 -9999 -9999 -9999 -9999 -9999 -9999 -9999 -9999 -9999 -9999 -9999 -9999 -9999 -9999 -9999 -9999 -9999 -9999 -9999 186.5 185.2 185.1 187.6 190.6 193.7 196 198.3 198 194 188.7 184.6 -9999 -9999 -9999 191.6
190.4 183.9 177.9 173.7 173 173.1 176.2 179.1 181.4 182.8 182.6 183.1 188.1 187.1 184.4 182.4 181.7 182.7 183.5 185 185.9 187.6 190.5 192.6 190.2 185.6 183.5 185 -9999 -9999 191.9 198.2 203.1 206.7 208.7 -9999 207.9 205.8 202 -9999 -9999 -9999 -9999 -9999 -9999 -9999 -9999 -9999 -9999 -9999 -9999 -9999 -9999 -9999 -9999 -9999 -9999 -9999 -9999 -9999 -9999 219.2 215.5 214 212.2 208.3 206.1 203.8 201.2 198.7 193.9 187.5 -9999 -9999 -9999 -9999
177 171.7 168.5 167.6 170.2 175.5 180.4 186.5 197.4 202.3 205.4 205.6 210.9 213.2 213.4 212.2 207.3 207.4 207.6 209.9 210 213 213.5 214.2 213.2 209.9 207 203.5 206.4 205.6 207.2 207.7 209.2 211.3 -9999 -9999 212.4 211.8 -9999 209.2 -9999 -9999 -9999 -9999 -9999 -9999 -9999 -9999 -9999 -9999 -9999 -9999 -9999 253.9 262.2 266.9 263.5 -9999 252.5 246.2 238.5 233.8 227.3 222.7 218.4 213.3 208.3 203.7 199.1 195.2 192.4 190.7 188.7 187.2 -9999 -9999
171.5 168.9 167.8 168.2 172 176.5 184.7 193.3 201.4 208.9 216.6 222.2 226.9 229.2 228.8 223.6 217.4 214.7 215.5 218.3 221.1 225.6 225.3 225 224.7 223.8 222.7 220.3 219.2 219.1 218.8 218.9 218.4 -9999 -9999 220 219 219.3 218.5 217.3 213.5 206.4 199.2 -9999 -9999 -9999 -9999 -9999 -9999 -9999 -9999 -9999 251.8 262.8 269.5 273.4 267.9 264.2 256.8 250.3 243.2 234.9 227.6 220.8 216.2 210 203.7 198.7 193.9 190.1 188.3 187.6 189.2 192.3 197.3 203.4
177.7 175.3 174.7 174 177.4 181.3 187.1 193.9 205.3 214 223 232.2 239.5 244.2 248.2 251.2 217.9 219.5 223.2 227.8 232 235.8 236.4 235.2 233.5 230.6 228.3 226.6 226.2 226.3 227.6 227 -9999 -9999 -9999 222.8 221.9 221.3 220.8 221.1 223.3 202.3 182.7 182.8 186.9 -9999 -9999 -9999 -9999 -9999 -9999 -9999 -9999 -9999 271.9 -9999 -9999 -9999 -9999 -9999 -9999 -9999 223.5 215.7 211 202.7 195.9 189.5 184.2 180.2 178.5 179.5 185.2 195.2 208.7 225.5
184.6 183.2 181.6 182.2 186 189.8 194.9 201.6 210.5 218.1 229.3 236.4 243.7 247.4 248.7 246.7 243.3 241 242 245.1 248.2 250.2 248.6 -9999 236.6 227.9 221.8 220.7 -9999 -9999 -9999 -9999 -9999 -9999 226 224.2 221.8 218.3 214.1 207.9 -9999 -9999 -9999 180.4 185 191.1 198.5 204.8 -9999 -9999 -9999 -9999 -9999 -9999 -9999 -9999 -9999 -9999 -9999 -9999 -9999 -9999 219.9 -9999 -9999 195.8 187.7 181.6 176.4 170.8 166.7 168.9 177.8 191.7 210.4 233.2
185.3 183.2 181.9 182 186.8 191.1 197.8 205.5 215.4 223 232.5 239.4 245.7 251.5 255.1 257.1 258 259.6 262.1 264.9 267.7 269.1 268.4 263.5 250.6 234 221.4 -9999 -9999 -9999 -9999 -9999 -9999 -9999 -9999 -9999 -9999 217.6 212.8 -9999 -9999 -9999 -9999 -9999 -9999 -9999 -9999 -9999 -9999 -9999 -9999 -9999 226.8 -9999 -9999 -9999 -9999 -9999 -9999 -9999 -9999 -9999 -9999 -9999 -9999 193.6 186.5 182.8 182.2 180.7 176.5 176.2 -9999 -9999 203.2 223.3
179.7 178.4 177.8 178.4 181.7 186.1 193.2 202.5 211.5 221.2 230.5 239.1 248.3 255.9 262.6 268.2 272.2 276.6 279.7 283.2 285.7 288.9 291.2 -9999 -9999 -9999 -9999 -9999 -9999 -9999 -9999 -9999 -9999 -9999 -9999 -9999 -9999 -9999 -9999 -9999 -9999 212.5 212 215.3 -9999 -9999 -9999 -9999 -9999 -9999 -9999 -9999 -9999 -9999 -9999 -9999 -9999 -9999 -9999 -9999 -9999 -9999 -9999 -9999 -9999 -9999 -9999 -9999 -9999 199.2 193.3 189.8 189.3 190.9 -9999 -9999
173.4 171.4 169.3 169.4 171.4 174.7 180.1 191.4 199.8 211.9 225.1 238 249.2 260.5 270 277.8 285 290.7 295.2 298.5 301.6 303.9 -9999 -9999 -9999 -9999 -9999 -9999 -9999 -9999 -9999 -9999 -9999 -9999 -9999 -9999 -9999 -9999 -9999 -9999 -9999 234.2 -9999 -9999 -9999 -9999 -9999 -9999 270.8 -9999 -9999 -9999 274.5 273.6 273.3 272.3 271.6 267.6 -9999 262.4 256.7 252 -9999 -9999 -9999 -9999 -9999 -9999 -9999 -9999 -9999 195.7 194.8 194.6 194.1 193.7
173.8 165.2 156.4 152.2 153.1 156.5 165.1 175 185.5 200.3 215 232.5 248.2 261.5 275.1 285.5 295.8 303.3 308.3 311.6 312.9 -9999 -9999 -9999 -9999 -9999 -9999 -9999 -9999 -9999 -9999 -9999 -9999 -9999 -9999 -9999 -9999 -9999 -9999 -9999 -9999 -9999 -9999 -9999 -9999 -9999 -9999 -9999 311.1 -9999 -9999 -9999 316.1 312.6 308.9 304.5 299.1 296.7 290.1 284 279.2 272.7 266.2 259.2 -9999 -9999 -9999 -9999 -9999 -9999 -9999 -9999 -9999 -9999 -9999 -9999
186 169.1 152.1 136.8 126.4 128.9 160.6 167.3 176.7 192.4 212.8 231.4 252 267.5 283.3 295.8 305.6 314.1 319.4 322.7 -9999 -9999 -9999 -9999 -9999 -9999 -9999 -9999 -9999 -9999 -9999 -9999 -9999 -9999 -9999 -9999 -9999 -9999 -9999 -9999 -9999 -9999 -9999 -9999 -9999 -9999 -9999 -9999 -9999 -9999 -9999 -9999 -9999 356.8 350.7 342.9 334.3 324.5 317 310.9 302.7 294.9 287.1 279.9 271.7 -9999 -9999 -9999 -9999 -9999 -9999 -9999 -9999 -9999 -9999 -9999
224.6 204.7 178.4 153.8 138.2 129.8 140.1 160 183.1 206.4 228.8 251.7 271.1 287.2 299.9 310.8 318.3 323.7 326.6 -9999 -9999 -9999 -9999 -9999 -9999 -9999 -9999 -9999 -9999 -9999 -9999 -9999 -9999 -9999 -9999 -9999 -9999 -9999 -9999 -9999 -9999 -9999 -9999 -9999 -9999 -9999 -9999 -9999 -9999 -9999 -9999 -9999 -9999 395.1 388.4 381.1 371.2 361.2 350.8 340.7 329.7 321.4 311.9 302.9 295 286.9 285 280.2 273.7 -9999 -9999 -9999 -9999 -9999 -9999 -9999
296.5 268.5 248 223.4 205.3 196.2 200.8 219.4 238.8 263.7 286.2 307.3 322.9 335 340 341.3 339.7 336.8 334.6 -9999 -9999 -9999 -9999 -9999 -9999 -9999 -9999 -9999 -9999 -9999 -9999 -9999 -9999 -9999 -9999 -9999 -9999 -9999 -9999 -9999 -9999 -9999 -9999 -9999 -9999 -9999 -9999 -9999 -9999 -9999 -9999 -9999 -9999 434.6 426.1 416.3 403.5 391.4 379.3 367.4 355.9 345.7 335.9 327.8 323.6 320 314.7 313.1 310 -9999 -9999 307.9 -9999 -9999 -9999 -9999
396.4 373.6 348.7 324 308.2 304.5 306.8 321.3 337.5 356.5 379.8 396.7 407.8 407.6 397.5 377.9 360.3 347.3 -9999 -9999 -9999 -9999 -9999 -9999 -9999 -9999 -9999 -9999 -9999 -9999 -9999 -9999 -9999 -9999 -9999 -9999 -9999 -9999 -9999 -9999 -9999 -9999 -9999 -9999 -9999 -9999 -9999 -9999 -9999 -9999 -9999 -9999 -9999 473.8 461.4 447.7 432.5 415.9 398 383.4 373.2 364.5 356.7 356.3 357.8 358.3 360.5 362.7 366.8 -9999 -9999 -9999 -9999 -9999 -9999 -9999
482 485.2 472.4 456.6 435.8 431.7 431.4 442.3 458.7 475.3 491.5 498.1 488.8 460 433.5 398 368.5 346.8 -9999 -9999 -9999 -9999 -9999 -9999 -9999 -9999 -9999 -9999 -9999 -9999 -9999 -9999 -9999 -9999 -9999 -9999 -9999 -9999 -9999 -9999 -9999 -9999 -9999 -9999 -9999 -9999 -9999 -9999 -9999 -9999 -9999 -9999 515.1 506.4 491.6 474.4 454.1 434.1 411.4 394.3 381.9 375.1 374.2 380.8 389.5 399.3 409.6 419 428.1 435.9 -9999 -9999 -9999 -9999 -9999 -9999
529.1 538.4 531.7 515.9 502.3 496.4 495.6 503.6 515.5 524 529.8 526.3 506.4 475.3 435.9 396.2 361 336 324 316.5 343.3 337.7 -9999 -9999 -9999 -9999 -9999 -9999 -9999 -9999 -9999 -9999 -9999 -9999 -9999 -9999 -9999 -9999 -9999 -9999 -9999 -9999 -9999 -9999 -9999 -9999 -9999 -9999 -9999 -9999 -9999 542.9 536.7 525.3 507.4 485.4 461.6 437.6 415.6 397.1 383.6 376.3 383.9 399.4 420 439.4 456.4 469.9 -9999 493.6 503.1 -9999 -9999 -9999 -9999 489
587 575.5 546 515.4 492.2 485.5 491.3 502.7 513.9 522.5 524.5 518.4 504.2 465.3 427.4 387 351.7 331.8 321.5 319.1 318.2 314.6 -9999 -9999 -9999 -9999 -9999 -9999 -9999 -9999 -9999 -9999 -9999 -9999 -9999 -9999 -9999 -9999 -9999 -9999 -9999 -9999 -9999 -9999 -9999 -9999 -9999 -9999 -9999 -9999 -9999 -9999 537.3 525.9 508.9 488.3 463.4 437.1 413.4 392.6 378.8 372.6 382.8 410.5 437.7 461.7 482.3 500 512.5 524.2 532.9 -9999 532.1 525.6 518.2 508.8
563.2 550.5 527.7 501.5 481 481.2 491.2 500.8 511.1 515.7 519.3 510.1 498.1 466 419.3 372.9 338.2 317.4 302.7 293.4 286.4 279.5 274.5 -9999 -9999 -9999 -9999 -9999 -9999 -9999 -9999 -9999 -9999 -9999 -9999 -9999 -9999 -9999 -9999 -9999 -9999 -9999 -9999 -9999 -9999 -9999 -9999 -9999 -9999 -9999 -9999 -9999 -9999 -9999 508.2 488.8 468.9 442.9 420.4 400.4 386.7 383.4 396.4 420.1 449.3 473.6 494.4 510.5 522.1 531.8 537.6 539.7 536.8 531.5 521.9 508.9
517.2 513.6 507.9 504.2 503.5 509.2 515.3 514.8 520.9 524.4 526.2 510.6 488.4 452.6 406 361.8 323.5 293.8 274.7 261.9 246.5 233.7 227.7 -9999 -9999 -9999 280.4 -9999 -9999 -9999 -9999 -9999 -9999 -9999 -9999 -9999 -9999 -9999 -9999 -9999 -9999 -9999 -9999 -9999 -9999 -9999 -9999 -9999 -9999 -9999 -9999 -9999 -9999 -9999 519.4 505 487 472.2 449.2 435.2 425.8 427.5 438.2 455.4 472.6 489.3 502.2 515.2 525.1 532.1 538 542.1 543.6 539.2 529.2 516.1
482.4 483.2 485.3 493.3 505.4 518.7 523 514.4 506.1 538 552.2 518.9 490 453.5 405.6 356.6 306.3 261.4 239.4 238.4 228.4 212.2 208 223.1 244.5 267 296.5 330.6 357.4 391.2 424.8 -9999 -9999 -9999 -9999 -9999 -9999 -9999 -9999 -9999 -9999 -9999 -9999 -9999 -9999 -9999 -9999 -9999 -9999 -9999 -9999 -9999 -9999 -9999 -9999 537.8 525.4 517 505.4 496 493.4 496.4 498.4 501.8 507.5 510.9 516.1 523.8 529.6 533.9 541.7 551.4 561.2 564.5 550.6 534.1
460.2 454.7 457 461.5 469.6 478.4 482.2 478.8 471.8 488.2 506.7 504.3 495.1 466.2 420.1 374.1 317.3 256.4 222.9 228.3 238.3 237.7 238.3 249 268.7 298.9 332.2 370.6 401.3 436 459.2 489.4 506.1 -9999 -9999 -9999 -9999 -9999 -9999 -9999 -9999 -9999 -9999 -9999 -9999 -9999 -9999 -9999 -9999 614.5 617.6 -9999 -9999 -9999 -9999 590.4 580.4 572.7 568.8 568 568.3 569.6 566.6 564 558.6 550.8 556.3 557.2 562.2 570.6 585 599.4 612.5 614.8 604.1 578.2
438.2 434.4 425.6 420.6 424.5 430.7 435.1 446.5 467.1 487.3 500 511.8 524.5 497.8 455.1 410.5 364.5 323.3 296.3 286 284.1 284.4 289.1 299.8 324 356.8 393.2 429.3 463.2 494.3 514.2 529.2 540.7 548.3 551.4 -9999 -9999 -9999 -9999 -9999 -9999 -9999 -9999 -9999 -9999 -9999 -9999 -9999 -9999 -9999 -9999 -9999 -9999 -9999 660.6 645.8 635.5 629.2 627.8 629.4 634.2 635.7 630.1 617.2 613.1 611.4 612 623.3 632.1 645.7 662.3 680.5 695 700.2 691.1 658.9
424.1 415.9 407.2 402.5 400.4 398.2 404.3 420.6 444.9 472 489.7 493.2 492.6 484.8 462.1 438.1 420.8 398.1 377.3 362.9 351.6 348.2 354.3 374.1 403.4 434.8 466.2 500.1 528 552.3 566.3 563.3 565 564.4 561.5 559.6 559.8 564.7 -9999 590.2 611.2 -9999 -9999 -9999 -9999 -9999 -9999 -9999 -9999 -9999 -9999 -9999 701.7 693.4 681.6 673.2 667.4 665.9 670.6 672.9 677 678.3 675.4 671.4 670.1 673.7 677.9 690.6 705.1 721.7 742.2 763 786.8 798.4 790.7 756.2
417.4 400.2 392.8 395 382.1 374.7 388.2 406.6 431 461.8 483.6 474 432.5 446.8 442.5 440.9 435 419.3 402.8 390.8 387.4 390.6 415.2 443.9 472.2 503.3 531.8 553.3 568.3 582 585.1 581.9 579 574.8 568.2 560.9 559.3 560.7 570.9 581.4 598.4 611.2 617.4 630.3 -9999 -9999 -9999 -9999 -9999 638.3 648 660.5 669.8 673.6 674.2 673.9 675.9 679.1 683.2 689.9 694.1 698.5 702.7 706.8 712.5 722.2 732.8 745.2 761.1 778.8 796.1 811.1 827.6 841.3 831 796.9
385.4 374.9 371.9 370 373.6 382.5 378 392.7 415.9 440 466.2 492.4 506.9 481.2 446.1 434.6 425.3 412.5 395.8 388.6 393.6 414.1 449.6 484.7 516.4 544.8 560.9 570 579.9 592.7 600.9 600.7 596.8 589.5 577.5 568.3 560.7 561.5 564.9 571.7 582.3 598.3 619.6 -9999 -9999 -9999 -9999 -9999 -9999 588.9 599.6 626.8 655.2 669.2 672.6 674.7 679.3 684.7 690.3 695.7 700 705.2 711.5 716.2 724.8 735.6 750.8 767 784.6 800.3 813.9 824 825.7 824 815.7 805.2
362 370 370.4 363.9 352.9 348.1 366.4 380.2 388.5 396.8 422.6 471.3 496.7 456.4 415.4 405.6 406.3 405.5 405.7 399.1 403.9 429.4 466.1 504.5 542.9 575.2 594.4 599.6 604.5 614.2 616.6 615.7 609 601.2 586.8 573.3 563.4 557.4 558.1 555.1 567 596.1 625.8 650.6 -9999 -9999 -9999 -9999 -9999 -9999 575.5 634.2 696 699 683.7 678.7 680.6 687.9 694.1 697.3 699 701 702.5 703.9 709.5 719.4 733.4 752 771 789.9 811.1 820.2 824.2 823.2 816.4 803.9
370.8 386.2 393.8 388.9 402.3 437.8 443.8 412.6 376 344.6 350.9 335.8 313.7 315.1 333.5 354 368.1 378.8 386.4 398.4 415.2 443 486.6 542 589.8 616.8 632.9 639.9 643.1 632.3 617.5 610.3 604.3 605 590.9 573.6 558.7 547.8 540.6 537.4 560.3 614 670 688.1 -9999 -9999 -9999 -9999 -9999 -9999 616.1 646.6 678.9 683.8 679.2 679.4 682.9 687.3 692.6 694.5 690 679.9 667.7 657.8 654.6 657.9 667.3 688.2 719.7 759.4 793 815.9 821 828.9 836.1 809.8
434.5 416 451.3 378.3 465 634.2 584.7 490.5 410.5 362.1 323.9 264.4 194.8 236.9 294 322.8 345.8 366.8 394.6 430.3 462.5 491 555 634.7 669.1 673.2 668.5 659 642.1 621.5 599.5 596.8 597.6 581.9 551.9 530.7 514.8 506 494.4 502.2 552.3 661.9 748.1 753 -9999 -9999 699.3 -9999 -9999 -9999 661.3 663.1 663.9 667.1 669.1 674.7 680.9 687.3 689.3 682.8 668.7 643 610.9 580.7 561.3 542.8 538.4 567.2 624.7 693.4 762.2 801.5 801.2 766.6 804.4 788.4
445.6 426.3 430 463.1 445.5 399.1 487 499.9 434.9 357.8 307.9 296.7 310.2 325.2 345.6 365.3 378.2 409.4 474.4 538.1 581.5 618.6 678.8 724.3 733.7 730.2 712.4 708.5 671.2 625.4 575.5 563.8 614.3 544.6 472 429.1 421.7 430.1 424.9 444.6 540.9 678.3 767.4 782.5 780.6 -9999 -9999 -9999 -9999 -9999 -9999 689.6 679.7 674.4 667.5 673.8 699 718.2 712.9 688.1 644.4 601.5 547 487.9 423.5 361.5 337.1 385.6 483.4 609.1 735 829 851.5 817.7 778.1 728.3
412.3 383.1 418.4 451.6 487.8 439.1 489.2 543 432.8 455.7 405.2 406.1 451.5 507 553.9 514.2 503.3 541 609.5 671.6 701.7 704.4 697.9 712.4 722.7 726.3 726 745.9 719.9 634.1 528.7 410 424.3 436.9 389.7 348.5 370.7 402.7 438.4 468.3 558.1 728.1 771.3 772.8 780.5 790.2 791.6 -9999 -9999 -9999 724.4 714.8 705.8 689 679.1 710.1 766.1 778 752 702.4 639.1 549.5 445.2 329.5 234 182.2 171.2 218.1 326.5 478.1 647.5 794.5 849.5 824.4 762.2 676.8
462.6 424.5 398.4 416.7 423.6 437.2 452.2 471.6 511.6 504.5 466 456.6 510.4 562 570.7 584.6 611.2 634.3 677.6 748.4 784.9 721.6 671.2 664 693.9 710.7 703.6 687.4 650.8 618.2 529.8 441 432.4 432.2 408.9 421.3 444.6 491.2 556.6 632.7 724.2 780.2 772.6 768.1 767.3 770.7 770.4 700.3 -9999 737.4 743.3 749.3 761.9 756.5 780.3 831.9 828.2 799.2 756.3 702.7 622 503.5 357.7 245.2 169.1 141.5 136.7 156.2 228.7 363.9 542.5 724.5 824.4 843.7 813.5 758
440.9 435.8 383.8 376.1 390.3 380.5 479.9 496.5 519.5 473.9 427.1 396.2 443 484.7 512.5 587.2 625 628.8 644.7 700.8 683.7 590.9 594.1 618.3 663.5 700.9 703.1 667.9 629.3 605.8 579.6 578.5 569.2 549.4 562.2 591.9 638.1 680.6 704.1 716.3 742.1 769.1 780.9 776.8 766.1 754.1 733.2 710.7 713.2 745.2 807.2 849.6 863 857.1 877.4 889.5 855.9 817.5 775.6 718.7 654.2 568.1 455 360.3 268.4 170.9 139.4 147.2 205.8 330 546.4 798.2 891.8 912.8 903.4 878.8
420.1 443.2 469.2 408.5 395.3 393.2 419.9 481.8 453.8 457.5 458.2 444 434 478.6 553.1 628.4 641.5 658.8 653.8 644.7 629.8 602.1 599.5 572 769.2 756.9 764.9 728.5 667.6 624.3 559.9 546.3 544.5 562.5 598.9 611.3 666.9 710.2 706.7 732.3 749.6 756.1 755.4 773.1 766.6 763.9 767.6 760.2 772.8 873.5 925.2 931.3 919.3 907 884.9 896.7 865.7 823.1 818.7 795.5 719.9 648.1 568.9 565.9 452.7 335 245.8 228.2 302.5 496.1 731.4 883.7 938.9 933.2 871.5 903.1
459.8 409.9 410.7 400.7 404.2 422.2 452.7 403.3 416.7 480.5 496.9 487.1 510.5 526.3 577.7 665.8 715.8 676.4 637.7 654.7 634.5 627.6 615.1 686.2 769.5 790.6 791.6 764.8 680.7 599.9 519 471.8 536.8 544.5 556.6 569.8 637.9 658.8 690.3 754.9 761.6 776 708.3 742.4 765.7 750.9 771.1 799.3 868.9 933.2 959.6 966 938 939.9 914.2 895 856.6 812.4 839.7 864.1 749.5 599.8 538.7 650 584.1 337.7 352.7 414.4 521.2 730.6 869.4 915 944.3 1020.8 -9999 -9999
