datasets/global_precipitation_1950_2017/rasters/precip_1981-total.asc
NCOLS 720 
NROWS 347 
XLLCORNER -180 
YLLCORNER -90 
CELLSIZE 0.5 
NODATA_value -9999 
[rows 306 to 339 of 347, columns 152 to 227 of 720]
-9999 -9999 -9999 -9999 -9999 -9999 -9999 -9999 -9999 -9999 -9999 -9999 -9999 -9999 -9999 -9999 -9999 -9999 -9999 -9999 -9999 -9999 -9999 -9999 -9999 -9999 -9999 -9999 -9999 -9999 -9999 -9999 -9999 -9999 -9999 -9999 -9999 -9999 -9999 -9999 -9999 -9999 -9999 -9999 -9999 -9999 -9999 -9999 -9999 -9999 -9999 -9999 -9999 -9999 -9999 -9999 -9999 363.8 -9999 -9999 -9999 -9999 -9999 -9999 -9999 210 192.8 180.5 171.1 -9999 -9999 149.9 150.6 151.6 155.2 155.5
-9999 -9999 -9999 -9999 -9999 -9999 -9999 -9999 -9999 -9999 -9999 -9999 -9999 -9999 -9999 -9999 -9999 -9999 -9999 -9999 -9999 -9999 -9999 -9999 -9999 -9999 -9999 -9999 -9999 -9999 -9999 -9999 -9999 -9999 -9999 -9999 -9999 -9999 -9999 -9999 -9999 -9999 -9999 -9999 -9999 -9999 -9999 -9999 -9999 -9999 -9999 -9999 -9999 -9999 -9999 -9999 -9999 -9999 -9999 -9999 -9999 -9999 -9999 -9999 -9999 -9999 211.1 -9999 185.3 176.8 -9999 -9999 167.6 167.9 172.1 176.3
-9999 -9999 -9999 -9999 -9999 -9999 -9999 -9999 -9999 -9999 -9999 -9999 -9999 -9999 -9999 -9999 -9999 -9999 -9999 -9999 -9999 -9999 -9999 -9999 -9999 -9999 -9999 -9999 -9999 -9999 -9999 -9999 -9999 -9999 -9999 -9999 -9999 -9999 -9999 -9999 -9999 -9999 -9999 -9999 -9999 -9999 -9999 -9999 -9999 -9999 -9999 -9999 -9999 -9999 -9999 -9999 -9999 -9999 -9999 -9999 -9999 -9999 -9999 -9999 -9999 -9999 227.8 215.2 204.6 195.4 191 -9999 -9999 188.9 193.6 200
-9999 -9999 -9999 -9999 -9999 -9999 -9999 -9999 -9999 -9999 -9999 -9999 -9999 -9999 -9999 -9999 -9999 -9999 -9999 -9999 -9999 -9999 -9999 -9999 -9999 -9999 -9999 -9999 -9999 -9999 -9999 -9999 -9999 -9999 -9999 -9999 -9999 -9999 -9999 -9999 -9999 -9999 -9999 -9999 -9999 -9999 -9999 -9999 -9999 -9999 -9999 -9999 -9999 -9999 -9999 -9999 -9999 -9999 -9999 -9999 -9999 -9999 290.3 274.5 261.5 249.5 238.5 230 221.9 216 213.6 212.4 -9999 212.7 216.9 222
-9999 -9999 -9999 -9999 -9999 -9999 -9999 -9999 -9999 -9999 537.3 -9999 -9999 -9999 -9999 -9999 -9999 -9999 -9999 -9999 -9999 -9999 -9999 -9999 -9999 -9999 -9999 -9999 -9999 -9999 -9999 -9999 -9999 -9999 -9999 -9999 -9999 -9999 -9999 -9999 -9999 -9999 -9999 -9999 -9999 -9999 -9999 -9999 -9999 -9999 -9999 -9999 -9999 -9999 -9999 -9999 -9999 -9999 297.9 298.9 285.7 274.2 266.2 -9999 249.5 242.1 235.9 230.7 227.5 225.5 224.7 225.4 -9999 -9999 238.6 245.7
-9999 -9999 -9999 -9999 -9999 -9999 -9999 556.2 552.2 549.1 545.9 542.3 538.8 535.6 531.9 -9999 -9999 -9999 -9999 -9999 -9999 -9999 -9999 -9999 -9999 -9999 -9999 -9999 -9999 -9999 -9999 -9999 -9999 -9999 -9999 -9999 -9999 -9999 -9999 -9999 -9999 -9999 -9999 -9999 -9999 -9999 -9999 -9999 -9999 -9999 -9999 -9999 -9999 -9999 -9999 -9999 -9999 -9999 -9999 -9999 -9999 -9999 -9999 -9999 -9999 220.9 -9999 220.1 221.9 224.2 -9999 -9999 -9999 -9999 250.6 255.6
-9999 588.4 -9999 -9999 -9999 -9999 -9999 -9999 561.5 559.9 -9999 -9999 -9999 -9999 -9999 -9999 -9999 -9999 -9999 -9999 -9999 -9999 -9999 -9999 -9999 431.8 -9999 -9999 -9999 -9999 382.9 373.2 -9999 -9999 -9999 -9999 -9999 -9999 -9999 -9999 -9999 -9999 -9999 -9999 -9999 -9999 -9999 -9999 -9999 -9999 -9999 237.4 232.6 -9999 -9999 -9999 -9999 -9999 -9999 -9999 -9999 -9999 -9999 -9999 -9999 -9999 -9999 -9999 -9999 -9999 -9999 -9999 -9999 241.3 249.3 256.3
-9999 607.4 603.2 598.6 594.7 589.5 584.3 574.7 567.6 565.2 556.9 548.2 538.5 529.1 -9999 -9999 496 483.5 471.8 461 450.1 438.3 426.1 413.5 401.3 -9999 -9999 365.9 354.3 343.5 331.9 320 306.9 297.6 -9999 283.8 276.3 -9999 -9999 -9999 -9999 -9999 -9999 -9999 -9999 -9999 -9999 -9999 201.6 191.5 -9999 184.2 181.8 -9999 -9999 -9999 171.2 172.8 171.8 -9999 166.3 -9999 -9999 -9999 -9999 -9999 180.5 -9999 193.9 201.3 209.4 217.7 227.6 236.5 245.2 254.5
-9999 -9999 619.2 613.5 607.2 -9999 -9999 585 575.9 564.8 555.1 543.6 531 517.7 504 490.1 475.8 460.9 446.5 431.9 416.6 401.3 387.1 373 359.9 347.1 336.8 323.3 310.7 297.3 284.3 271.5 259.5 249.7 241.2 234 227 219.7 209.8 200 192.7 185.3 182 -9999 -9999 -9999 166.1 165.5 162.3 158.4 155.2 152.3 153.1 151.7 -9999 -9999 149.1 150.3 150.5 149.6 149.8 151 154.2 157.1 159.5 163.3 169.3 176.7 184.3 191.6 202.7 209.6 219.5 229.7 239.3 250.5
-9999 -9999 -9999 -9999 -9999 604.3 593.3 581.5 568.8 556.3 543.2 529.4 515 499.7 484.3 468.2 452 435.3 419.2 402.3 385.1 367.9 356 340.1 324 306.9 294.1 280 267.9 256.8 245.9 232.9 225.4 212.3 202.9 190.9 188.6 178 167.7 161.1 155.7 150.6 146.2 142.8 141.9 140.6 139.5 138.1 137.7 138.3 138.6 140 140 138 138 138 137.4 137 138.8 139.4 142 144.7 147.6 150.4 155 160.2 164.6 168.6 173.8 182.5 191.1 201.6 212.2 222.7 233.1 243.7
-9999 -9999 -9999 -9999 -9999 -9999 -9999 -9999 557.2 541.8 525.8 509.7 493.4 476.9 460.8 444.7 427.8 412 395.9 379.2 362.3 345.5 327.2 309.5 292 275.4 260.3 248.7 234.6 220.8 207.7 196.6 184 174.4 166.5 159 151.7 145.6 140.2 134.1 130.5 127.3 123.5 119.5 120.3 123 126.3 129.8 132.5 134.3 137.3 138.3 140.3 141.4 141.3 141.6 141.7 141.6 140.9 140.6 141.1 143.5 145.8 149.4 153.4 157.5 161.5 166.2 171.1 180.9 186.1 194.9 206.1 216.1 226.5 236.9
605.3 598.8 590.8 584 -9999 -9999 -9999 -9999 -9999 519.3 502.5 485.4 468.1 451.5 435.2 419 403.8 388.7 372.6 356.4 340.5 323.3 306.4 289.5 272.6 255.5 240.1 225.7 210.3 197.7 186.3 174.6 163.7 155 147.4 140.4 133.3 127.8 123.8 119.9 115.9 112.8 110 110.1 108.4 113.9 119.2 124.5 130.1 134.7 137.5 140.8 143.6 145.8 148.9 149.2 148.4 147.9 146.9 147 146.7 147.7 150.3 153.2 156.3 159.9 163.6 167.3 173.2 179.1 186.4 193.3 200.7 208.4 217.6 228.7
569.8 562.2 553.6 543.8 538.2 531.7 524.1 515.3 502.3 486.3 470.4 454.3 438.6 423 407.4 392.4 377.8 362.8 347.9 333 318 302.3 286.7 271.5 255.6 238.3 221.2 206.4 194.6 183.9 173.9 164.1 156.1 147.3 139.4 133.2 127.3 122.6 118.9 115.8 113.4 110.7 109.4 109 107.8 108.4 114.4 120.5 125.3 129.8 133.9 137.7 140.5 143.2 145.3 146.8 147.4 148 148.5 148.9 149.6 152.1 154.8 157.7 160.4 163.4 166.9 171.8 177.6 184 190.3 196.5 202.7 212.3 219 229.5
508.4 512.9 504.6 495.6 488.5 480.8 473.7 467 456.5 443 429.6 416.4 403.5 390.8 377.7 363.4 350.6 336.9 322.5 309.3 294 279.6 265 250.9 241.8 223.7 211.3 199.7 186.4 176.7 167.1 159 152.2 145.6 139.7 134.1 129.2 125.6 122.3 119.9 117.8 116 114.8 113.1 111.9 111.4 115 119.2 122.8 126.9 130.5 -9999 -9999 -9999 140.2 142.1 143.7 146.8 146.9 149.6 152.6 155.1 157.2 160.4 164 168.5 171.9 177.7 183.2 189 195 -9999 -9999 -9999 -9999 -9999
453.6 448.5 446.1 442.9 436.1 428.2 420.2 410.9 403.5 397.4 390.2 381.5 370.3 357.3 345.1 333.1 321.5 309.9 298.2 287.2 274 262.4 251.3 240.6 229.9 218.8 206.8 194.6 182.9 182.1 165.6 159 154 149.7 145.3 141.1 136.8 133.1 131 127.4 125.1 123.1 121.2 119.2 119.7 121.5 123.1 125.1 127.7 130.3 132.3 134.4 137.2 -9999 -9999 -9999 -9999 -9999 -9999 -9999 -9999 -9999 -9999 -9999 -9999 -9999 -9999 -9999 -9999 -9999 -9999 -9999 -9999 -9999 -9999 -9999
365 364.1 362.2 359 358 353.2 347.9 342.4 337.8 334.4 329.8 324.7 318.4 311.1 302.5 294.1 285.1 277.5 268.9 261 252.6 244.6 236.8 229.4 220.6 211.5 202.3 193.6 185.6 179.5 173.8 168.4 163.5 158.8 153.9 148.9 144.4 141.1 138.5 136.9 135.4 133.3 132.8 137.5 137.4 137.6 136.3 137.9 138.9 140.2 140.8 141.6 142.9 144.6 147.1 -9999 -9999 -9999 -9999 -9999 -9999 -9999 -9999 -9999 -9999 -9999 -9999 -9999 -9999 -9999 -9999 -9999 -9999 -9999 -9999 -9999
276.8 277.5 277.8 278.1 278.5 276.2 276.9 274.6 272.1 269.3 267.3 264.3 260.8 256.9 253 248.9 244.4 239.8 235.1 230.2 226.1 221.3 216.8 211.9 205.8 199.9 200.2 190 185.9 182.1 178.7 175.3 171.3 166.9 163.2 159.5 157.1 155.7 153.3 152.7 153.3 147.9 148 148.2 148.4 149.3 150.1 149.9 150.1 149.9 151.7 152.1 152.5 153.4 156.3 157.4 160 160.8 163.2 166 168.4 171.2 -9999 -9999 -9999 -9999 -9999 -9999 -9999 -9999 -9999 -9999 -9999 -9999 -9999 -9999
201.9 203.8 205.7 206.8 207.5 207.7 207.8 210.8 208.3 208.7 208.9 208.3 207.3 205.9 205.1 203 200.8 198.5 197.2 195.7 194.5 193 191.1 189 188 183.8 181.7 180.3 178.5 175.6 173 170.4 169.7 166.1 165 163.1 160.1 159.1 162.2 158.6 158.3 158 158.4 158.7 158.8 158.4 158.4 158.1 158.9 159.5 161.1 -9999 -9999 -9999 -9999 -9999 -9999 -9999 -9999 -9999 -9999 -9999 -9999 -9999 -9999 -9999 -9999 -9999 -9999 -9999 -9999 -9999 -9999 -9999 -9999 -9999
143.3 145.6 148.2 151 151.4 151.6 152.4 152.7 154 155.7 157.3 159 160.6 161 161 160.4 160.3 160.2 160.3 160.3 161 161.3 161.9 162.1 162.4 162.3 161.6 160.6 160.4 159.7 159.8 159.9 159.8 157.7 157.3 158.2 159.7 158 158.3 158.6 159.2 -9999 -9999 -9999 -9999 -9999 161.9 162.5 162.8 165.1 164.7 166.2 -9999 -9999 -9999 -9999 -9999 -9999 -9999 -9999 -9999 -9999 -9999 -9999 -9999 -9999 -9999 -9999 -9999 194.1 195.9 196.9 199.8 -9999 -9999 -9999
102.1 102.9 110.7 107.4 110.4 112.7 113.3 117.4 118.4 116.3 117.8 117.4 117.7 119.4 122.5 125.2 125.9 129.6 130.8 128.9 130.6 130.8 131 132.2 132.9 134.2 135.9 137.6 138.7 140 140 140.4 142.4 143.7 144.5 145.1 146.6 147.3 148.4 149.3 150.2 151.4 152.5 153.6 154.8 -9999 -9999 159.4 160.6 162.1 -9999 -9999 -9999 -9999 -9999 -9999 -9999 -9999 -9999 -9999 -9999 -9999 -9999 -9999 -9999 187.6 187.9 190.8 191.8 -9999 -9999 -9999 -9999 -9999 -9999 -9999
72.2 74.3 82.4 83.9 79.1 81.9 83.8 85.3 86.4 87.1 87.8 87.4 94.3 95.4 91 92.9 95.1 96.6 98.9 98.7 99.7 101.2 103.5 104.9 106 108 109 110.5 112.3 115 116.8 118.3 119.7 121.7 123.5 124.5 126.7 128.2 130 131.9 133.6 135.4 137.4 139.1 141.3 143.5 145 146.9 149 150.3 151.9 153.9 157.4 159 161.6 163.5 -9999 -9999 -9999 -9999 -9999 -9999 -9999 -9999 -9999 -9999 -9999 -9999 -9999 -9999 -9999 -9999 -9999 -9999 -9999 -9999
54.9 56.7 58.2 59.1 60.2 60.6 61.3 62.3 63.3 64.1 65.4 67.2 68.3 67.9 70.4 68.7 70.4 72.8 73.9 73.7 74.3 75.5 80.8 80.9 80.1 82.1 84.4 86.6 88.3 89.1 91.5 92.5 94.5 96.5 98.2 100.3 103.5 105.5 107.6 109.3 111.4 113.6 115.8 117.1 119.5 121.5 123.7 126.9 129.1 131.6 134.1 136.3 138.5 141 143.1 145.6 -9999 -9999 -9999 -9999 -9999 -9999 -9999 -9999 -9999 -9999 -9999 -9999 -9999 -9999 -9999 -9999 -9999 -9999 -9999 -9999
46 46.7 47.6 48.3 48.6 49.2 50.1 51.1 52.1 52.6 52.3 53 53.8 54.2 54.5 55.1 57.1 56.1 56.5 58 58 58.9 60.3 61 61.9 62.7 63.4 64.5 66.3 68.3 69.8 72 73.9 75.2 77.2 78.5 80.4 81.3 82.6 84.6 86.8 89.6 91.7 93.8 96.1 98.1 100.3 102.3 104.5 107.1 108.8 111.3 113.8 117.2 119.1 120.5 123.4 -9999 -9999 -9999 -9999 -9999 -9999 -9999 -9999 -9999 -9999 -9999 -9999 -9999 -9999 -9999 -9999 -9999 -9999 -9999
45.6 45.4 45.7 45.8 46 46.7 47.2 47.4 47.6 48.1 48.3 48.5 48.7 48.4 48.9 49.3 49.5 50.1 50.6 50.7 51.4 51.7 51.8 52.3 53 53.4 53.7 54.4 54.8 55.2 55.7 56.2 56.6 57.7 59.5 60.8 62.1 63.3 64.8 66.7 68.4 69.9 71.1 72.1 73.3 74.8 75.9 77.4 79 80.8 82.1 83.6 86 87.9 90.1 91.9 93.6 95.8 98 100.7 103.3 106 108.6 110.5 112 113.4 114.1 115.3 118.1 120.5 122.5 124.2 126.1 -9999 -9999 -9999
40.5 39.2 39.7 39.7 39.3 38.9 39 39.3 39.7 39.9 39.6 40.7 39.7 40.2 39.8 41.9 40.5 41.2 41.8 42.5 43.1 42.8 42.3 42.6 43.6 44.1 45.1 45.6 46.2 45.8 45.8 45.7 45.9 46.4 47.2 48 49 49.9 50.2 50.3 50.5 51 51.5 52 52.5 53.5 53.7 54.4 56 57.3 58 59.6 60.5 61.9 63.3 64.4 65.8 67.1 69.2 71.7 74.6 77.2 80.2 81.9 82.4 83.5 85.9 87 89 91.4 94 96.6 98.8 98.3 98.7 99.2
34.2 34.5 34.5 34.6 34.1 33.8 33.5 33.1 33.4 32.9 33 33.5 34 34.2 33.9 33.6 33.3 36 36.2 33.6 34.1 34.6 35.1 35.5 35.9 36.7 37.2 37.7 38 37.7 37.4 37.5 37.3 37.5 38 38.9 39.5 40.3 40.6 40.7 40.5 40.2 40.4 40.6 40.6 40.9 40.9 41 41.4 41.3 41.8 42 42.2 42.9 43.5 44 44.6 45.5 46.6 48.8 50.9 52.3 54.7 57.5 58.3 59.2 60.2 61.2 63.1 65.5 68 70.6 72.8 73.5 74.4 75.3
29.6 29.5 29.4 29.7 29.5 29.1 29.1 28.6 28.4 28 27.9 27.8 28.1 28.1 28.2 28.5 28.4 28 28 28.2 28.6 29 29 29.2 29.1 30.2 29.2 29.7 30.2 30.4 30.6 30.6 30.3 30.6 30.8 31.4 31.9 32.4 33 32.9 32.6 32.6 32.6 32.5 32.4 32.5 32.6 32.7 32.3 32.5 32.7 32.8 32.7 32.7 33 33.4 33.5 33.8 33.6 34.7 37.6 39.1 40.6 41.9 42.6 42.8 43.8 44.4 45.2 47.8 49.4 51.7 53 54.5 55.5 56.1
25.8 25.8 25.8 25.6 25.3 25 25 24.7 24.9 24.9 24.5 24.2 24.9 25.2 23.9 23.9 24.1 24.1 24.2 23.7 24 24.2 24.3 24.5 24.3 24.3 23.9 23.4 23.5 25.4 25 25.2 24.8 25 25.5 25.7 26.2 26.6 27 26.6 26.4 26.5 26.5 26.4 26.2 26.1 26.1 25.9 25.9 25.8 26.1 25.9 26 25.9 25 25.3 25.2 30.2 30.2 27.8 28.7 29.5 30.5 31.1 31.6 31.7 32.1 37 38 35 36.4 37.2 38.7 39.5 40.3 40.8
22.3 22.4 22.2 22 22 22.1 21.9 22 21.8 21.6 21.4 21.2 21.1 21 20.9 20.6 20.9 20.7 20.4 20.2 20 19.8 21.1 19.9 20 20 20.2 20.3 20.5 20.3 20.5 20.7 20.8 20.7 20.7 20.5 21.7 20.5 20.9 21.2 21.4 21.8 21.7 21.5 21.5 21.6 21.4 21.2 21.2 21 20.2 20.3 20 21.4 21.5 21.4 21.3 23.9 23.9 22.1 22.9 23.4 23.9 24.3 24.6 24.7 24.4 27.8 28.4 26.2 27 27.2 28.4 29 29.6 30
19 18.9 18.7 18.7 18.5 18.5 18.1 18.2 18.1 18 18 18.2 18.2 18 17.9 17.6 18.2 17.5 17.4 17.4 17.4 17.4 17.6 17.5 17.2 17.1 17.4 17.4 17.2 17.2 17.1 17.9 17.1 17.3 17.2 17.2 17.5 17.4 17.2 17.1 16.8 18.4 17.2 17.3 17.4 17 17.1 17.1 18.2 18.2 18.1 17.8 17.8 17.7 17.9 17.9 17.8 19.7 19.7 18 18.3 18.9 19.6 19.8 19.6 19.5 19.6 22 22.1 20.4 20.7 21.2 21.7 22.3 22 22.2
16.2 15.8 15.7 16.1 16 15.8 15.7 15.8 15.9 15.8 15.7 15.5 15.4 15.4 15.5 15.5 15.5 15.5 15.3 15.1 15.1 15.1 15.1 14.9 14.9 14.7 15.1 15 15 14.7 14.9 15 14.8 14.7 14.6 14.5 15.4 14.3 14.4 14.1 13.9 13.9 14.9 14.7 14.7 14.7 15.7 14.8 14.8 15.1 15.3 15.4 15.1 15.1 15.2 15.1 15.1 16.4 16.4 15.3 15.5 15.7 16 16.2 16.1 16.2 16.4 17.7 17.4 16.3 16.6 17 17.2 17.4 17.6 17.6
13.8 13.6 13.8 13.8 13.8 13.8 13.6 13.6 13.7 13.7 13.6 13.6 13.6 13.5 13.4 13.3 13.4 13.4 13.3 13.2 13.1 13.1 13 12.9 12.8 12.8 13.1 13.1 13 12.9 12.7 12 12.6 12.2 12.1 13.2 13.2 13.1 13 12.8 12.6 12.6 13 12.5 12.8 12.6 12.7 12.6 12.6 12.7 12.7 12.6 13.4 13.3 13.2 12.9 12.8 13.8 12.9 13.1 13.3 13.4 13.4 13.7 13.6 13.7 13.6 14.2 14.5 13.4 13.5 13.9 14.3 14.2 14.2 14
12.3 12.3 12.3 12.4 12 11.9 11.9 11.9 11.9 11.9 11.7 11.7 11.7 11.6 11.6 11.6 11.6 11.6 11.6 11.7 11.5 10.9 10.7 10.8 10.8 10.8 11.5 11.7 11.6 11.6 11.6 11.5 11.3 11.2 11.3 11.2 11.2 11.2 11 11.4 11.5 11.1 11.3 11.3 11 10.8 10.7 11 11.2 10.8 10.7 10.9 10.9 11.1 11 11 11.2 11 11.2 11.2 11.1 11.3 11.8 11.7 11 10.9 11 11.1 11.1 11.6 11.5 11.4 11.4 11.3 11.4 11.5
11.2 11.1 11.1 11 10.8 10.8 10.5 10.2 10.2 10.2 10.2 10 10 10.5 10.4 10.4 10.3 10.2 10.2 10 10 10.1 10 9.9 10.2 10.2 10.1 10.3 10.3 10.3 10 10 10 9.9 9.9 9.9 9.9 10.1 9.7 9.6 9.7 9.6 9.6 9.7 9.5 9.5 9.4 9.5 9.7 9.7 9.5 9.5 9.7 9.7 9.3 9.5 9.4 9.7 9.7 9.5 9.7 9.7 9.6 9.2 9.2 9 9 9.1 9 9 9 9 9.1 9 8.9 9.1
