datasets/global_precipitation_1950_2017/rasters/precip_2010-total.asc
NCOLS 720 
NROWS 347 
XLLCORNER -180 
YLLCORNER -90 
CELLSIZE 0.5 
NODATA_value -9999 
[rows 306 to 339 of 347, columns 152 to 227 of 720]
-9999 -9999 -9999 -9999 -9999 -9999 -9999 -9999 -9999 -9999 -9999 -9999 -9999 -9999 -9999 -9999 -9999 -9999 -9999 -9999 -9999 -9999 -9999 -9999 -9999 -9999 -9999 -9999 -9999 -9999 -9999 -9999 -9999 -9999 -9999 -9999 -9999 -9999 -9999 -9999 -9999 -9999 -9999 -9999 -9999 -9999 -9999 -9999 -9999 -9999 -9999 -9999 -9999 -9999 -9999 -9999 -9999 660.8 -9999 -9999 -9999 -9999 -9999 -9999 -9999 514.7 495.7 475.4 463.1 -9999 -9999 424.3 425.8 428.7 434.1 431.9
-9999 -9999 -9999 -9999 -9999 -9999 -9999 -9999 -9999 -9999 -9999 -9999 -9999 -9999 -9999 -9999 -9999 -9999 -9999 -9999 -9999 -9999 -9999 -9999 -9999 -9999 -9999 -9999 -9999 -9999 -9999 -9999 -9999 -9999 -9999 -9999 -9999 -9999 -9999 -9999 -9999 -9999 -9999 -9999 -9999 -9999 -9999 -9999 -9999 -9999 -9999 -9999 -9999 -9999 -9999 -9999 -9999 -9999 -9999 -9999 -9999 -9999 -9999 -9999 -9999 -9999 500.5 -9999 470.6 457.3 -9999 -9999 441.3 441.7 448.1 454.9
-9999 -9999 -9999 -9999 -9999 -9999 -9999 -9999 -9999 -9999 -9999 -9999 -9999 -9999 -9999 -9999 -9999 -9999 -9999 -9999 -9999 -9999 -9999 -9999 -9999 -9999 -9999 -9999 -9999 -9999 -9999 -9999 -9999 -9999 -9999 -9999 -9999 -9999 -9999 -9999 -9999 -9999 -9999 -9999 -9999 -9999 -9999 -9999 -9999 -9999 -9999 -9999 -9999 -9999 -9999 -9999 -9999 -9999 -9999 -9999 -9999 -9999 -9999 -9999 -9999 -9999 504.7 487.1 474.9 467.6 461.3 -9999 -9999 455.8 461.6 469.5
-9999 -9999 -9999 -9999 -9999 -9999 -9999 -9999 -9999 -9999 -9999 -9999 -9999 -9999 -9999 -9999 -9999 -9999 -9999 -9999 -9999 -9999 -9999 -9999 -9999 -9999 -9999 -9999 -9999 -9999 -9999 -9999 -9999 -9999 -9999 -9999 -9999 -9999 -9999 -9999 -9999 -9999 -9999 -9999 -9999 -9999 -9999 -9999 -9999 -9999 -9999 -9999 -9999 -9999 -9999 -9999 -9999 -9999 -9999 -9999 -9999 -9999 562.2 544.6 530.6 517.9 505.8 495.3 485.6 477.9 474.7 473.3 -9999 474.4 480 486.4
-9999 -9999 -9999 -9999 -9999 -9999 -9999 -9999 -9999 -9999 661 -9999 -9999 -9999 -9999 -9999 -9999 -9999 -9999 -9999 -9999 -9999 -9999 -9999 -9999 -9999 -9999 -9999 -9999 -9999 -9999 -9999 -9999 -9999 -9999 -9999 -9999 -9999 -9999 -9999 -9999 -9999 -9999 -9999 -9999 -9999 -9999 -9999 -9999 -9999 -9999 -9999 -9999 -9999 -9999 -9999 -9999 -9999 568.4 571.7 557.9 545.3 536.6 -9999 517.3 509 500.5 493.9 490.2 487.8 489.5 490.6 -9999 -9999 501.3 508.8
-9999 -9999 -9999 -9999 -9999 -9999 -9999 652.8 654 655.8 657.7 658.8 660.2 661.3 661.1 -9999 -9999 -9999 -9999 -9999 -9999 -9999 -9999 -9999 -9999 -9999 -9999 -9999 -9999 -9999 -9999 -9999 -9999 -9999 -9999 -9999 -9999 -9999 -9999 -9999 -9999 -9999 -9999 -9999 -9999 -9999 -9999 -9999 -9999 -9999 -9999 -9999 -9999 -9999 -9999 -9999 -9999 -9999 -9999 -9999 -9999 -9999 -9999 -9999 -9999 490.4 -9999 483.3 479.9 487.3 -9999 -9999 -9999 -9999 506.4 512.6
-9999 645.7 -9999 -9999 -9999 -9999 -9999 -9999 649.6 652.3 -9999 -9999 -9999 -9999 -9999 -9999 -9999 -9999 -9999 -9999 -9999 -9999 -9999 -9999 -9999 583.5 -9999 -9999 -9999 -9999 555.3 549.4 -9999 -9999 -9999 -9999 -9999 -9999 -9999 -9999 -9999 -9999 -9999 -9999 -9999 -9999 -9999 -9999 -9999 -9999 -9999 482.9 480.2 -9999 -9999 -9999 -9999 -9999 -9999 -9999 -9999 -9999 -9999 -9999 -9999 -9999 -9999 -9999 -9999 -9999 -9999 -9999 -9999 492.8 499.6 505.3
-9999 654.8 654.7 653.9 653.7 652.8 651.5 645.8 642.6 644.3 640.3 635.7 630.1 624.9 -9999 -9999 604.1 596.3 588.5 581.1 573.2 564.5 555.5 546.5 537.5 -9999 -9999 513.4 505.3 499 491.3 483.3 475.3 470.3 -9999 464.7 460.9 -9999 -9999 -9999 -9999 -9999 -9999 -9999 -9999 -9999 -9999 -9999 431.9 426.3 -9999 424.5 424 -9999 -9999 -9999 417.4 420.9 421.8 -9999 418.3 -9999 -9999 -9999 -9999 -9999 437.9 -9999 453.8 457.3 466 471.7 477.6 482.5 488.9 496.2
-9999 -9999 661.9 659.5 656.7 -9999 -9999 644.7 639.2 631.7 625.6 617.6 608.4 598.8 588.7 578.2 568 557 545.5 536.3 525.4 514.1 502.8 491.8 482 473 466.2 457.9 449.9 440 431 422.6 414.6 409.1 405.3 402.1 399 395.5 390.2 383.3 380.9 377.9 379.3 -9999 -9999 -9999 379.1 381.2 381.1 377.8 380.8 376.3 377.8 378.3 -9999 -9999 381.3 380.5 387.1 387.4 388.7 391.5 396.6 401.4 405.7 411.7 423.4 429.9 436.9 443 450.5 453 461.2 469.3 476.3 485.7
-9999 -9999 -9999 -9999 -9999 647.5 639.2 630.9 621.4 611.4 601.4 590.7 579.3 567.3 555.2 542.6 530 517.1 505 492.4 478.8 465.8 458.2 446.5 430.3 419.4 409.7 399.2 390.8 383.1 375.5 365.9 361.7 352.3 348.3 340.7 341.7 335.4 329.3 327.4 326.9 326.5 327.1 328.6 330.8 333.2 335.1 336.5 339.1 341.9 344.2 346.3 348.1 350 351.8 357.5 356 358.2 361.4 365.4 369.7 373.6 378.5 383.1 384.5 397 403.6 409.7 416 422.5 434.5 437.8 445.4 453.6 461.5 469.8
-9999 -9999 -9999 -9999 -9999 -9999 -9999 -9999 599.3 586.4 572.9 559.9 546.3 533.2 520.4 507.5 494.2 482.2 469.6 456.5 443.3 430.1 415.5 401.3 387.9 374.1 361.3 351.8 340.1 328.8 318 310.4 300.7 293.7 288 282.9 279.5 277.4 276 274.3 275.1 280.4 283.8 287.5 291.6 296.3 302.6 308.7 313.9 318.2 322 327 331.9 336 339.3 342.1 344.1 346 347.8 350.6 354.8 361.4 363.6 368.8 374.9 381.3 387.1 393.7 400.3 409.3 415.5 423.4 431 431.6 446.7 454.2
621.9 617.7 611.7 607 -9999 -9999 -9999 -9999 -9999 554.8 540.9 526.4 512.3 498.7 485.4 472.3 459.9 447.8 434.7 421.8 409 395.4 381.6 367.9 354.3 340.9 327.5 314.5 300.7 289.1 279.3 268.9 259.6 251.1 243.6 238.6 231.8 228.8 228.7 229.3 231.5 235.3 240.5 249.7 255.1 264.4 273 281.8 289.4 296.1 301.8 311.6 317.5 323.6 330.1 334.2 336.2 336.3 337.7 341 344.6 348.7 352.9 357.7 362.5 367.6 373.2 379.2 386.4 393.5 400 407.2 414.4 421.5 429.3 436.7
580.3 574.5 567.7 560.2 556.8 552.3 547.1 540.1 529.9 515.2 502 488.3 475.1 462.1 449.3 437 424.9 412.9 400.4 388.5 376.4 363.5 350.6 338.4 325.6 311.4 297 282.5 271.4 260.9 251.4 242.3 233.3 223.6 214 206.7 200.2 196.3 194.3 196.2 200.9 207 214.2 223.1 231 240.2 250.2 260.2 269.1 268.1 283.8 290.7 296.3 302 306.1 310.5 313.9 316.9 320.3 323.9 327.8 332.3 336.9 341.3 346.1 354.1 359.4 365.3 371.4 377.4 383.3 389.2 395 404.6 410.6 416.6
513.6 520.1 513.6 506.9 501.9 496.2 491.5 487.1 478.7 467.4 456.3 445.5 433.9 423.7 413.1 401.4 390.9 379.9 368.3 357.4 343.3 331.9 319.6 307.8 301.6 285.8 275.9 266.3 253.3 243.6 234.2 225.2 217.5 210 203.7 197.6 193.3 190.3 189.2 190.7 194.6 199.7 206.1 212.9 220.6 227.9 234.7 243.1 249.4 257.1 264 -9999 -9999 -9999 286.1 292.2 295.7 302.4 304.6 309.7 314.8 319.2 323.6 328.8 326.2 338.8 343.3 349 354.9 360.4 366.7 -9999 -9999 -9999 -9999 -9999
454.3 450.9 450.2 448.9 444 438.5 432.2 425.4 420 416.3 411.1 404.6 395.6 385 374.9 365.3 354.7 345.6 336.2 327.4 316.9 307.2 298.5 290 281.7 272.7 262.9 253.1 243.3 244.4 228.1 222.7 217.6 213.5 209.4 206.3 203.1 200.9 202.8 202.2 204.4 207.6 211.8 216.4 220.6 225.3 230 234.7 240.2 245.7 250.5 255.5 261.1 -9999 -9999 -9999 -9999 -9999 -9999 -9999 -9999 -9999 -9999 -9999 -9999 -9999 -9999 -9999 -9999 -9999 -9999 -9999 -9999 -9999 -9999 -9999
362.5 363.3 363.3 362.4 362.8 360.2 356.7 353.3 350.9 349.4 346.9 343.6 339.5 334 327.9 321.4 314.6 309 302.3 296.3 289.2 283.7 277.8 272.2 265.9 258.6 251.6 244.8 238.6 234.8 230.7 227.4 224.3 221.9 218.9 216.1 213.5 212.4 212.2 212.8 213.6 214.8 217.5 222.9 225.1 228.2 229.5 233.4 237.2 241.2 244.4 247.7 251.5 255.6 260.3 -9999 -9999 -9999 -9999 -9999 -9999 -9999 -9999 -9999 -9999 -9999 -9999 -9999 -9999 -9999 -9999 -9999 -9999 -9999 -9999 -9999
271.5 274.1 276.4 278.7 280.7 280.3 282.7 282.2 281.6 281 280.4 279.4 277.8 275.9 273.8 271.3 268.9 266.5 263.5 260.5 258.4 255.5 252.8 249.6 245.1 241 242.8 234.9 232.7 230.8 229 227.5 225.4 222.9 220.8 219.5 219.2 219.4 220.1 221.4 223.2 220 222.2 224.2 226.9 229.5 232.3 234.6 236.6 238.7 242.7 244.7 247.7 250.4 254.9 258.1 262.2 265.1 269 273.2 277.6 281.5 -9999 -9999 -9999 -9999 -9999 -9999 -9999 -9999 -9999 -9999 -9999 -9999 -9999 -9999
194.5 198.2 201.9 204.7 206.8 208.7 210.6 215.7 214.7 216.7 218.6 220.1 220.8 221.2 221.8 221.6 221.4 220.5 221 221.3 221.9 222.2 222 221.7 222.3 220.1 219.8 219.9 219.6 218.2 217.1 216.6 217.4 216.2 216.7 216.4 216.5 217.3 220.5 219.2 221.1 222.3 224.5 226.6 228.5 230.1 231.9 233.9 236.2 238.5 241.7 -9999 -9999 -9999 -9999 -9999 -9999 -9999 -9999 -9999 -9999 -9999 -9999 -9999 -9999 -9999 -9999 -9999 -9999 -9999 -9999 -9999 -9999 -9999 -9999 -9999
132.4 137.1 141.8 146.7 148.6 150.3 152.6 154.5 157.1 160.7 163.8 167.2 170.4 172.4 173.9 175.1 176.6 178.1 179.7 181.4 183.8 185.7 188 189.6 191.5 193.2 194.3 194.8 196.2 197.4 198.9 200.5 202.1 203.2 204 205.4 208.2 208.7 210.6 212.5 214.8 -9999 -9999 -9999 -9999 -9999 227.4 229.8 231.8 234.8 236.6 239.5 -9999 -9999 -9999 -9999 -9999 -9999 -9999 -9999 -9999 -9999 -9999 -9999 -9999 -9999 -9999 -9999 -9999 289.1 291.7 293.7 296.8 -9999 -9999 -9999
85 87.7 99 96.7 102 106.8 109.1 116.1 118.8 118.2 121.2 122.5 124 127.2 132 135.9 138.4 143.4 145.9 145.9 149 150.9 152.3 155.1 157.5 160.3 163.4 166.2 169 171.8 174.7 176.8 179 181.8 184.4 186.6 189.2 191.7 194.7 196.7 199.5 202 204.5 207.3 210.1 -9999 -9999 219 222.2 224.2 -9999 -9999 -9999 -9999 -9999 -9999 -9999 -9999 -9999 -9999 -9999 -9999 -9999 -9999 -9999 268.5 270.5 273.4 275.7 -9999 -9999 -9999 -9999 -9999 -9999 -9999
51.2 54.8 66.1 69.8 65.4 70.6 74.4 78 80.8 83.4 85.6 87.2 97 100.1 96.2 100.3 104.2 107.2 110.6 111.9 114.1 117 120.5 123.5 126.1 129.3 133.2 136 138.9 141.7 145 148 150.9 154.2 157.2 160 163.5 166.5 169.8 173 176.2 179.2 182.6 185.3 189.2 192.6 195.4 198.5 201.8 204.8 208 211.4 215.1 217.6 222 224.9 -9999 -9999 -9999 -9999 -9999 -9999 -9999 -9999 -9999 -9999 -9999 -9999 -9999 -9999 -9999 -9999 -9999 -9999 -9999 -9999
30.1 34.1 37.7 40.4 42.7 45.1 47.2 50 52.9 55.7 58.8 62.4 65.1 66.3 70.8 70.1 73.8 78.2 81 82.6 85 87.9 94.1 96.7 97.1 100.3 103 106.3 109.1 111.4 114.9 117.1 120.7 123.6 126.9 130.2 134.3 137.3 140.7 143.7 147.2 150.3 153.8 157.3 160.7 164.3 167.5 171.2 174.8 178.4 181.7 184.9 188.5 191.9 195.6 198.9 -9999 -9999 -9999 -9999 -9999 -9999 -9999 -9999 -9999 -9999 -9999 -9999 -9999 -9999 -9999 -9999 -9999 -9999 -9999 -9999
16.5 19 21.9 24.2 26.1 28.1 31 33.7 37.2 39.1 39.3 41.5 44.1 46.5 48.4 50.5 55.1 54.5 57.2 61 62.4 65.5 68.2 70.8 73.1 75.6 78.2 80.2 83 86.2 89 91.9 94.7 97.3 100.2 102.6 105.4 108.4 110.6 113.7 117 120.3 123 126.2 129.3 132.8 136 139.2 142.5 146.3 149.5 153.2 156.6 160.6 164.1 167.1 170.9 -9999 -9999 -9999 -9999 -9999 -9999 -9999 -9999 -9999 -9999 -9999 -9999 -9999 -9999 -9999 -9999 -9999 -9999 -9999
13.2 14.8 16.5 17.9 19.1 22 23.9 25.4 26.9 29.1 30.8 32.2 33.5 35.6 37.3 38.9 40.9 42.7 44.5 46.2 48.3 50.4 51.8 53.6 56.1 58.2 60.2 61.9 64 66.3 68.5 70.6 72.4 74.7 77.3 79.7 81.8 84.1 86.4 89.2 92.4 94.3 96.4 98.4 100.7 103 105.1 107.5 110.4 112.8 115.7 118.2 121.5 124.3 127.7 130.5 133.6 136.5 139.9 143.6 147 151 154.3 157.6 160.1 162.5 164.9 167.3 169.8 173.1 176.1 179 181.9 -9999 -9999 -9999
8.4 6.7 8.6 9.6 9.7 9.8 11.2 13.4 15.8 16.9 17.1 20.5 19.9 21.2 21.5 26.7 24.8 27.2 29.4 31.9 33.9 34.3 34.7 36 39.2 41.2 44 46.1 48.1 48.6 49.4 50.2 51.2 53.2 55.6 58.2 61.4 63.7 66 67.3 68 69.3 70.9 72.9 73.4 75.5 76.8 78.8 80.7 82.7 84.3 86.4 88.7 90.8 93.1 95.3 97.7 100 103.1 106.4 110.3 114 117.7 120.8 122.9 125 127.2 129.2 132.2 136 139.4 142.9 146.4 148.8 150.1 151.8
3.3 4.2 5 5.9 5.8 6 6.2 6.3 7.1 7.4 8.4 10 11.6 12.8 12.9 13.2 13.3 19.8 20.9 17 18.8 20.6 22.3 23.8 25.4 27.4 29.7 31.3 32.8 33 33.3 33.9 34.5 35.9 38 40.4 42.7 44.7 46.7 47.5 47.6 48.6 49.5 50.5 51.3 52.4 53.4 55.6 56.1 57.1 58.9 59.9 61.3 62.9 64.5 65.9 67.5 69 71.4 75 78.1 81.7 85.2 87.6 89.3 91.2 92.9 94.8 97.5 101.1 104.8 108.3 111.4 114.4 116 117.3
1.2 1.4 1.9 2.4 2.6 2.7 3.3 3.1 3.3 3.4 3.3 3.9 4.5 5.1 5.9 6.9 7.4 7.6 8.1 9.2 10.4 11.7 12.7 13.7 14.2 17.1 15.9 17.2 19 20.3 21.4 21.8 22 23.3 24.9 26.3 28.2 30.3 31.4 31.9 32.4 32.9 33.3 34 34.7 35.3 35.8 37.3 37.9 37.9 39 39.9 40.5 41.6 42.6 44.5 45.8 45.6 47.5 50.2 52.8 55.7 58.5 60.7 62.1 63.4 64.9 66.3 68.2 71.8 74.8 77.9 81.2 83.5 85.3 87
0.4 0.5 0.6 0.8 0.9 0.9 1.1 1.4 1.7 1.7 1.8 1.8 3.2 3.8 2.4 2.8 3.3 3.8 4.2 4.4 5.3 6 7 7.4 7.7 8 7.9 8.1 8.7 13.2 13.2 13.3 13.3 13.9 15.3 16.2 17.8 19.2 20.5 20.5 20.7 21.2 21.7 22 22.2 22.9 23.1 23.6 23.9 24.8 25.2 25.9 26.4 26.8 27.5 28.3 28.6 36.1 36.9 32.7 34.8 37.2 39.4 41 41.9 42.6 44 51.1 52.8 48.8 51.3 54 56.5 58.6 59.8 61
0.1 0.2 0.2 0.1 0.3 0.6 0.7 1 0.8 0.8 0.8 0.7 0.8 1 1 1.1 1.6 1.9 1.9 2.1 2 2 3.9 2.2 2.8 3.5 3.8 4.7 5.2 5.3 6.2 6.8 7.8 8 7.9 8 10.9 9.3 10.3 11.1 12 13 13.6 13.7 14.1 14.5 14.6 15.1 15.6 15.9 16.3 16.7 16.7 17.3 17.9 18.1 18.6 23.9 24.5 21.3 23.2 24.4 26.2 27.1 28.2 28.4 28.9 34.9 35.7 32.8 34.7 36.6 38.6 39.8 40.8 42
0.1 0 0 0 0 0.1 0.1 0.1 0.1 0 0 0 0 0 0 0 0.3 0.1 0.2 0.3 0.5 0.6 1 1.2 0.9 1.2 1.6 1.9 2.1 2.1 2.3 3.9 2.9 3.3 4 4.6 5 5.2 5.2 5 5.2 8.4 6.4 7.2 7.7 8.8 9 9.2 9.6 10 10.3 10.4 10.6 10.8 11.6 11.7 11.8 15.8 16.1 13.9 14.9 16.1 17.2 18.3 18.6 18.9 19.3 23.8 24.4 21.8 23.3 24.6 25.6 27.2 27.5 28
0 0 0 0 0 0 0 0 0 0 0 0 0 0 0 0 0 0 0 0 0 0 0 0 0 0 0.4 0.2 0.4 0.5 0.7 0.9 1 1 1.2 1.4 3 1.4 1.8 2.3 2.7 2.8 3 3.2 3.3 3.5 5.6 4.2 4.7 5.5 5.8 6.4 6.5 6.6 7.1 7.3 7.3 10.1 10.5 8.9 9.5 10.3 11.1 11.5 11.8 12.2 12.7 15.6 15.9 14.1 14.9 15.8 16.8 17.5 18.2 18.5
0 0 0 0 0 0 0 0 0 0 0 0 0 0 0 0 0 0 0 0 0 0 0 0 0 0 0 0 0 0 0 0 0 0 0 0 0.2 0.3 0.2 0.3 0.3 0.8 1.7 0.6 1.1 1.3 1.9 2 2 2.3 2.5 2.7 4 4.1 4.2 4.1 4.3 6.3 5.1 5.1 5.8 6.2 6.8 7.1 7.5 7.7 7.7 9.9 10.3 9.1 9.2 10.1 10.7 11 11.2 11.5
0 0 0 0 0 0 0 0 0 0 0 0 0 0 0 0 0 0 0 0 0 0 0 0 0 0 0 0 0 0 0 0 0 0 0 0 0 0 0 0.2 0.3 0.2 0.3 0.4 0.4 0.6 0.5 0.9 1.2 0.8 0.9 1.3 1.5 1.7 1.9 2 2.4 2.2 2.7 2.8 2.9 3.1 4 4.5 3.6 4.1 4.5 4.6 5.1 5.7 5.7 5.9 6.2 6.3 6.5 6.8
0 0 0 0 0 0 0 0 0 0 0 0 0 0 0 0 0 0 0 0 0 0 0 0 0 0 0 0 0 0 0 0 0 0 0 0 0 0.1 0.1 0.1 0.1 0.1 0.2 0.2 0.2 0.2 0.3 0.3 0.4 0.4 0.4 0.5 0.8 0.8 0.8 1.1 1.1 1.6 1.7 1.4 1.7 1.9 2.1 2.3 2.3 2.1 2.1 2.5 2.5 2.5 2.5 2.6 3.1 3.1 3.2 3.5
