datasets/global_precipitation_1950_2017/rasters/precip_1992-total.asc
NCOLS 720 
NROWS 347 
XLLCORNER -180 
YLLCORNER -90 
CELLSIZE 0.5 
NODATA_value -9999 
[rows 68 to 101 of 347, columns 456 to 531 of 720]
284.5 259.1 243.5 236.6 242.2 247.1 250.1 255.1 253.6 246.4 245.7 248.4 263.5 279 276.5 279.7 286.7 306 312.1 297.1 268.3 255.7 229.3 216.1 213.6 195.5 180.4 170.4 164.3 163.7 166.5 159.5 142.5 133.7 135.5 144.5 165.5 199.5 209.6 186.5 169.6 171.3 177.5 202.9 282.5 447.3 550.8 533.8 440.3 366 326.9 261.2 170.9 123.6 145.5 342.1 239.3 174.4 132.7 168.6 199.4 234.6 261.9 282.6 299.6 301.3 282 311.7 352.5 388.2 419.2 448.1 475.3 475.6 479.3 484.4
272.6 241.5 224.6 223.3 225.9 222.2 219 217.3 221.9 211.2 215.3 224.8 242.1 253.9 254.4 251.4 238.6 263.8 270.8 265.8 282.3 286.2 253 224.3 195.8 173.2 164.4 155.8 151.5 148.7 149.1 149.8 148.3 156.1 166.4 182.1 226.6 299 293 201.7 162 159.7 157.4 168.2 268.8 523.5 840 959.8 597.3 414.2 344.9 236 180.1 151.7 154.3 189 189.2 148.8 130.4 158.4 195.8 226 243.3 280.4 308.9 330.7 321.4 318.7 331 321.9 340.5 349.9 395.3 426.3 440.8 433
217.7 172.9 170.2 181.7 188.3 192.3 198.9 200.2 203.3 203.3 208.1 216.8 220.1 210.4 216.7 222.9 222.7 215.6 211.1 238.6 270.2 277.4 226.2 191.3 171.9 158.6 150.5 134.2 127.3 133.9 137 139.8 145.7 158.4 180.6 207.9 231.2 255.5 250.8 214.7 188 168.6 161.2 117.8 181.5 320.6 449.3 492.5 408.6 273.6 252.5 212.8 165.7 128.6 70 86.9 88.2 76.2 101.2 159.5 212.3 233.7 254.2 289.3 324.9 326.7 306 282.8 266.6 255.1 270.7 295.9 309.8 327.3 343.4 401.9
187.3 139.8 140.3 155.8 169.9 183.9 199.3 210.3 211.5 212.1 208.7 204.3 201.8 198.2 191.9 193.4 203.6 207.1 204.9 203.6 186.8 179 166.1 150.6 147.4 137.8 131.1 127.1 125.7 126.2 129.9 131.2 133.2 148.5 170.4 193.2 205.3 200.2 199.9 186.9 172.4 155 147.2 150.2 176.5 216.8 263.9 299.7 310.6 268.5 211.5 173 141.4 119.2 104.4 95.6 95.6 109.7 137.2 176.3 211.2 230.2 247.8 270 279.9 282.7 279.2 256.9 228.7 225.1 267 290.8 265.4 316.4 317.6 346.3
218.4 192.1 174.5 175.1 179.7 186.5 197.8 218.5 222.6 212.9 200.7 192.1 188.6 184.3 179.4 174.9 178.7 187.9 187 181 167.3 151.7 140.1 135.5 127.5 118.8 115.9 118.5 119.3 122.2 129.7 139.9 150.3 160.7 171.1 178.3 184.8 182.9 172.8 156.3 136.4 120.3 121 135.8 154.6 162.9 207.5 244.7 240.3 200 158 138.9 123.3 116.2 114.5 113.7 115 130 151.8 170.9 191.3 207.3 209.1 211.3 231.3 233.9 241.6 255.7 265.2 302.7 325.2 322.8 317.8 332.3 306.7 289.7
245.5 225 191.2 183.9 178.7 185.4 186.9 186.1 205.5 203.7 194 181.8 181.4 177 174 167.4 169.2 179.1 186.8 173.5 151.2 125.5 113.7 112 109.8 111.1 115.7 119.2 119 120.7 128.8 145.2 164.7 175.6 173.7 168.1 163.9 157.8 144.2 122.2 99.2 85.5 95.9 112.8 130.6 146.6 168.8 185.7 175.5 149.2 132.7 123.2 115.8 115.2 122.3 122.2 120 123.5 146.4 169.8 187 197.5 187.9 185.1 213.7 215.5 227.1 247.9 290.3 352.3 391.2 355.7 320.3 264.2 226.4 193.5
305.6 257.8 221.6 202.5 189.3 186.8 186.2 188.2 195.1 194.4 187.6 179.2 171.3 165.5 165.7 164.4 161.6 167.3 173.1 165.4 146.4 119.8 101.3 95.3 96.7 101 107.5 107.7 109.6 112.4 119 130.3 143.2 148.5 149.8 146.4 145.7 146.7 143.2 121.4 100.8 93.9 102.2 113.6 129.1 138 139.4 138.2 125.7 114.1 106.2 103.3 109.2 112.8 115.8 119.1 126.5 133.2 155.6 190 220.8 235.3 252.2 282.3 304.5 283.4 244.1 217.6 238.5 275.4 317.9 322.7 293.6 242.1 217.9 213.9
234.3 236.7 221.1 198.4 188.8 182.8 183.9 192.2 197.3 195.5 186.3 175.1 167.9 165.9 166.3 162.3 156.3 153.4 152.7 148 132.5 108.7 89.8 82.3 85.4 91.6 96.8 100.8 103.8 104.1 111.8 118.5 121.4 123.5 122.3 123.4 123.4 123.3 122.3 116.2 110.6 109.8 114.2 120.2 132.5 139.9 137.7 134.4 132.9 125.2 112.2 106.3 104.4 103.2 103.3 114.7 141.5 167.5 180.2 231 278.4 274.7 335.1 405.7 472.6 468.7 290.1 192.1 173.1 208.4 264 290.3 261.8 232.5 224.8 221.1
178.6 201.5 188 177 168.5 166.7 167.9 175.3 185.9 190.2 186.9 175.5 166.4 165.2 164.5 163 156.5 145.7 140.4 133.5 113.5 94.1 81.5 77.2 77.3 79.3 84.2 90.8 96.3 101.4 108.6 115.3 117.9 116.3 116.8 117.6 112.6 99.6 93.3 101 112.4 120.6 122.7 129.4 139.5 140.9 137.5 135.7 136.8 138.9 137.7 132.8 116.4 111.1 110.5 135.7 172.3 211.1 247.8 285.7 342.4 394.3 364.9 419.9 500.1 551.8 360.3 218.5 180.4 175.7 186.6 214.1 228.9 228.9 232.8 238.9
236.6 202.5 174.9 158.8 145.2 140.9 146 147.4 159.9 172.3 174.1 166.9 158.9 157.7 158 159.4 167.6 140.4 133.8 122.8 104.1 86.4 78.1 74.5 70.1 65.6 66.9 77.9 89.4 97.4 103.6 108.5 112.3 116.4 123.6 130.3 122.5 111 106 113.8 126 123.2 118.8 136.3 148.9 144.4 137.5 138.4 135.4 156.7 180.6 184.3 172 163.7 182.6 201.7 207 244.9 284.5 343.2 420.5 560.1 610.1 383 330.3 323.3 282.6 222.1 185.4 138.4 136.7 171.5 207.5 230.1 243.3 254
299.1 231.2 180.7 154.4 141.8 133.7 122.4 129.2 141 150.5 157.1 155.6 151.9 151.8 155.1 156.1 154.4 146.1 131 112.4 98 88.2 84.9 83.6 79.4 71.6 68.9 76.4 87.2 95 99.6 105 110.5 115.5 120.6 122.5 123.5 123.8 133 154.1 152.1 158.1 182.9 187.2 191.1 195 187.8 177.2 174.6 189.7 223.4 279.9 267.8 254.4 285.9 269.7 283.7 270.6 315.6 335.6 376.1 442 353.6 199 193 251.3 278.3 281.2 227.4 173.5 152.7 181.1 215.5 236.5 250.7 260.7
428.5 369.3 214.3 171.7 154.5 140.2 118.5 120.7 131.3 142 148.7 149.4 148.6 148 149.4 153.1 149.4 136.4 118.2 102.7 99.3 109.2 99.2 100.7 97.7 91.5 86.8 87.5 93.4 97.8 101.7 107.7 111.7 111.9 107.9 100.2 110.8 135.2 158.3 184.3 230.9 306.5 184.3 251 228.2 257.2 261.6 263.4 260.7 261.7 281.3 318.2 377.2 389.1 363.1 363.4 415.9 499.3 437.6 357.2 276.6 324 305.4 257.5 263.4 298.4 338.9 349.5 304.6 250.6 234 259.4 280.2 280.9 274.6 274.1
449.2 443.6 367.9 212.9 178.5 159.1 133.9 130.5 137.2 144.9 145.8 141.7 139.7 139.8 140.7 140.7 137.8 122 103.3 96.5 90.2 74.3 91 116.7 109.4 105.2 103.8 106.7 111.7 114 113.8 114.8 116.6 111.4 104.5 97.4 110.3 140.3 167.7 198.4 199.5 314.9 350.2 316.2 276.2 296.7 293.2 291 299.1 334.3 379.1 419.6 435.9 448.3 451.1 467.7 525.2 731.3 848.4 642.8 437.4 428.7 391.2 379.6 374.7 433.1 492.7 436.1 409.1 327.3 309.8 355.9 370.4 344.6 306.5 280.2
430.7 434.3 425.6 342.2 222.6 178.8 152.2 143.2 141.1 142.4 141.7 138.8 135.9 136.5 135.8 133.1 126 111.3 101.6 96.8 93.3 89.1 100.6 101.4 102.6 110.4 116.2 124.6 135.4 137.3 132.2 121.4 115 110.7 105.3 108.2 125.3 145.8 155.8 196.9 225.9 297.3 391.2 528 560 382.2 291.6 281.7 332.3 373.1 402.3 544.9 541.5 521.7 521.7 553.6 500.8 583.5 620.8 529.4 536.2 688.4 500.3 395.3 359.3 431 485.4 443.9 308.1 236.3 251.6 316.2 350.5 308.3 264.2 264.7
450.4 454.7 448.5 427.8 381.2 242.6 166.2 146.5 140.7 137.9 138.2 137.6 137.1 137.5 136.7 137 133.7 125.3 115.7 110.3 107.4 108.6 112.4 105.1 112.4 118.7 123.5 131 147.8 153 143.4 128.4 114.6 106.1 107.8 128.6 151.6 158.6 174.8 202.5 240.2 322.9 530.2 635.7 717.8 674.9 490.5 373.5 384.9 524.4 547.7 574.9 524.1 537.6 439.3 296.6 302.7 274.5 227.9 218.8 294.5 351.7 370.5 384.3 362 376.3 393.4 247.3 174.2 150.8 164.3 196.4 216 210.7 190.7 181.5
485.1 457.9 444.3 425.4 391.1 314.1 186 149.5 144.1 140.7 135.6 133.8 132.8 133.8 134.9 138.1 141 139.8 134.9 127.4 116.8 109.5 105.8 88.7 125.4 126.8 125.6 136.6 152.4 153.7 142.1 131.6 121.3 99.8 119 146.7 167.5 165.1 175.8 189.5 216 340.9 489.2 794 742.8 627.2 438.5 564.2 454.3 363.1 489.7 488.6 416.1 388.2 339.5 360.2 317.4 259.1 198.9 166.3 135.1 104.5 238 229.5 181.5 192.5 171.2 138.1 119 102.6 116.5 135.7 149.8 152.3 137.8 117.8
564 499.6 382.3 395.4 337.3 269.3 189.8 152.5 140.8 132.4 128.1 130.9 129.5 123.4 121.2 126.9 134.8 142.5 146.8 147.3 134.4 120.2 116.4 123.3 144.4 136.1 128.3 120.4 128.8 134.4 127.2 128.9 132.2 137.2 143.2 184.3 217 223.3 217.6 182.3 215.5 336.1 465.3 647.4 896.4 437.9 296.8 284.3 337.8 851.9 725.4 894.6 609.5 320 263.9 261.4 259.5 249.6 226.2 218.1 236.5 238.2 193.2 119 93.1 107.9 119.6 118.7 114.6 111.1 114 122.3 128.6 129.3 125 119.2
551.5 516.6 447.1 351.6 263 219.4 185.5 155.4 143.2 138.4 137.7 138.6 130.9 113.6 98.4 112.2 124 137.5 143.6 144.9 135.2 125.3 123.8 125.6 131 129 124.1 113.5 116.2 121.8 124.4 134.2 147.6 158.3 192 241.4 270.2 312.1 327 311.1 298.1 330.9 352.5 409.9 454.4 146 146.9 141.1 171 361.7 574.7 751.1 542.5 277.3 226.2 238.5 241 245 233.8 229.2 272 268.4 200.1 142.8 118.9 116.3 115.8 115.8 113.4 111.4 110.4 111.3 112.8 111.4 111.9 106.1
317.8 318.9 264.5 216.4 210.5 165.8 154.6 155 150.9 157 146.3 142.9 138.6 114.7 107.7 113.8 125.7 134.1 133.9 127.7 118.2 112.4 114.5 120.5 124.6 125.2 126.2 124.4 128 137 152.7 166.4 177.3 184.7 213 255.2 322.8 340.3 352.1 403.9 373.8 351 291 236.1 190.8 166.2 261 264.9 277.8 354.3 465.5 460.2 337 272.8 196.2 175.1 178.6 186.4 161.4 143.1 161.9 170.1 160.9 147.1 131 119.9 115.9 114.4 109.4 102.9 97.5 91.7 88 85.5 86.7 82.7
283.1 346 215.7 190.5 185.8 160.6 151.5 152.5 153.7 150.6 143.9 134.4 120 110.8 115.1 124.4 152.9 155.1 135.7 117.7 101.9 96.4 100.6 104.1 110.2 118.3 126.1 137.8 151.6 166.7 182 192.7 200.1 183.4 215.3 289.9 349.1 325.5 337.2 440.6 460.3 458 446.8 369.8 279.3 261.5 434.8 387 322.7 309.2 361.1 247.4 244.6 200.9 161.8 117.6 193.2 140.6 123.9 113.6 125.6 139.5 141.3 139.7 129.3 121.7 114.4 105.9 95.8 84.8 75.1 68.1 61.5 56.1 54 51.6
392.3 413.3 292.6 280.8 231.7 175.6 140.4 147.4 167.4 179.6 174.4 142.8 118.9 121.5 123.7 145.6 192.1 205.3 190.3 148 110.1 97.8 108.6 101 93.2 99.3 118.7 142.2 177 189.9 186.3 197.6 189.6 195.3 216.4 304.6 396.3 461.9 513.2 547.1 524.4 601.6 578 461.8 590.4 664.6 514.9 408.9 183.7 357.2 227.9 155.4 157.5 136.9 106.4 85 90.1 104.1 104.1 105.7 114.7 124.4 129.4 130 126.9 119.4 106.7 92.7 77.5 65.5 56 51.2 46.6 40.1 36.2 34.3
552.1 986.9 896.5 762.2 616 411.5 150.9 156.1 191.6 206.9 195 169.1 151.8 149.9 158.1 189.5 225.5 286.9 226 192.8 167.3 157.9 152.4 121.4 98.5 100.9 111.2 143.2 190.1 232.2 273.6 200.5 157.3 177.2 246.3 287.5 412.4 567.9 608 612.1 765.6 934.1 876.1 875.9 899.8 802.6 670.9 655 1062.1 505.2 194.6 86.7 78 79.2 83.4 83.1 84.5 81.3 78.4 86.5 98.4 108.3 114.1 113.9 114.3 110.1 97 81.3 66.8 52.9 43.8 39.8 35.8 30.5 26.8 24.8
270.8 1058.7 1072.8 1045.4 1050.6 1083 1079.4 486.4 268.8 252.4 235.5 213.1 198.8 189.8 194.2 227.7 252.6 297.6 222.4 254.6 257.8 255 230.6 190 137.4 124.3 135.6 156 166.6 152.5 213.2 188.7 137.3 152.2 205.7 292.6 389.7 464.2 511 433.9 497.7 670.3 934.4 905.7 869.8 611.8 286.3 348 309.4 173.9 133.6 66.1 55 66.2 83.8 88 73.6 71.7 71.3 83.2 92.2 100.4 106 109.8 111.9 105.6 92.9 79.3 63.8 48.9 37.3 31.7 29.5 26.3 23.1 20.9
364 670.8 1038.4 1064.3 1055.3 1072.3 1117.5 1105.1 766.1 475.4 323.3 222.9 208.1 189.9 256.3 284.8 270.7 245.1 230.3 300.2 324.2 309.6 272.7 212.3 139.3 122 150.4 178.6 181.7 158.8 163.2 165.7 150.3 140.1 133 175 225.8 282.3 280.1 313.3 348.1 342.3 552.4 688.3 649.2 505.5 285.5 228.9 187.4 124.6 102.9 74.1 71.6 103.5 113.6 115.6 96.2 82.6 83.9 95.5 102.8 109 104.1 110.4 115.5 107.3 93.2 79.1 65.5 51.4 38 30.5 29.1 26.8 24.3 22.8
308.6 498 900.6 1051.1 1047.2 948.3 1066.2 1079 1008.2 816.4 521.2 314.5 268.4 287.3 395 367.1 318.9 235.8 229.3 290.7 342.3 308.7 276.8 228.5 138 122.4 174.5 181.1 181.4 187.7 185.1 194.1 185.9 163.7 154.6 152 161.2 175.7 114.2 159.9 213.8 289.8 387.2 515.2 594.3 524.2 305 213.5 185.5 163.7 132.7 103 98.3 116.3 121.4 128.8 121.4 96.9 95.8 106.9 119.4 108.2 87.9 91.4 112.7 102.1 90.9 80.1 68.2 58.3 47.8 39.6 34.2 30.4 27 24.1
270.7 428.1 437.8 560.5 702.8 1085.2 1019.6 1034.9 1123 1237.2 797.2 516.3 353.6 321.3 394.2 451.4 433.2 262.9 253.1 283.3 302.4 300.9 305.2 283.7 235.8 210.7 214.1 207.9 206.8 231 262.4 278.3 268.9 236.2 201.9 185.1 181.8 182.3 198.7 187.1 236.1 366.3 400.9 476.1 560.3 489.7 309.2 240.3 289.5 244.1 199.7 158.9 131.5 118.6 137.8 156.1 165.8 137.6 115.9 113.4 103.8 91.4 73.4 63.1 80.2 89.1 87.2 81.3 71.9 63.4 55.6 47.9 41.4 36.4 32.2 27.9
395.6 392.7 382.4 338 313.1 579.3 703.5 774.3 822.8 722.2 690.9 530.8 370.1 336.5 904.4 615.7 482.6 301.8 243.4 274.4 279 299.6 310.4 284.1 281.2 260.5 249.1 256.7 277.5 298.8 316.4 319.9 332.3 328.8 278 230.8 204 197.3 204.5 232.2 301.6 305.6 463.5 569.6 604.8 579.8 548.2 537.1 535.1 414.4 267.4 209.2 162.5 157.1 191.9 217.3 226.4 220 171.3 131.5 107.1 86.5 73.9 67.4 74 81 82.3 79.9 74.9 68.6 61.9 55 50.1 44.7 38.9 34.9
414.1 345.7 332.6 327.6 311 352.5 421 332.6 416.9 491.8 444.3 369.7 338.7 424.7 554.2 566.2 471.2 312.1 239.1 241.8 252.6 266.6 284 330.9 312.6 302 306.2 314 330.7 328.9 334.7 356.5 379.8 393.5 332.3 280.6 245.1 204.2 185.1 302.9 525.3 686.3 815.6 818.6 807.4 804.8 816 695 774.7 660.9 370.5 259.8 183.6 141.9 278.6 276.8 272.6 270.5 252.2 196.3 137.4 102.1 80.5 73.8 74.4 77.9 80.1 80.3 79.4 78.3 75.4 73.5 69 66.6 60.4 53.2
348.4 291.6 291.6 292.2 300.5 291.5 278.4 210.2 178.8 190.9 280.7 306 328.1 393 471.7 488.7 419 284.6 209.1 212.9 204.7 220.7 255.9 280.5 298.1 310.7 324.3 342.7 363.6 344.4 357.4 369.6 366.8 347.3 311.7 284.7 267.1 240.9 184.7 229.9 506.8 873.9 823.6 703.7 674 818.2 1056.7 1662.7 1200.3 1167.2 1088.7 645.4 382.6 566.9 393.2 286 348.3 333.2 269.3 208.1 160.9 127.6 99.9 84.4 79.1 79.2 81.9 87.2 94.2 101.6 105.7 110.5 113.2 112.8 109 102.2
388.1 277.8 296 274.9 252.1 180.1 191 181.8 148.1 107.9 129.1 257 355.5 392.6 445.9 435.9 349.2 223 170 177.7 189.1 209 239 265.4 288 315.1 331.1 344 350.3 357.7 382.2 378.9 359.1 332.2 312.3 283.5 268.3 284.3 243.9 120.2 325.9 522.8 471.3 512.8 534.4 555.5 904.4 1134.7 1078.7 1357.4 1607.1 1349.9 1196.6 1209 1141.7 615.1 401.9 383.6 265.2 190.4 149.3 125.6 112.3 102.8 92.8 89.5 92.7 103.6 119.9 138.9 152.3 162.4 169.5 174.4 175.9 175.2
352.5 284.3 324 273.5 226 176.9 173.1 173.4 145.5 115.5 122.4 247 406.8 377.3 405.9 391.2 284.9 162.9 132.8 140.5 160.5 178.6 198.4 217.9 253 303.1 322.7 331.4 337.1 345.7 361.3 370.1 367 341.8 310.9 296.8 282.8 325.2 332.7 277.7 329.6 407.2 408.4 526.3 521.1 480.1 565.1 674.3 702 1080.5 1263.7 1210.7 1120.7 893.2 1562.3 860.2 568.9 399.3 236.5 174.1 151.3 141.6 124.3 109.8 102.5 101.7 107.5 131.3 163.5 187.4 204.7 216.7 222.3 231.7 229.7 234.9
407.9 444.9 378.7 288.7 218.4 193.8 177.4 177.3 171.5 232.6 330 367.6 285.2 208.4 188.6 182.3 148 101.3 93.4 110.4 128.5 146.1 157.9 174.7 199.4 245 281.2 295.4 305 319.4 339.1 356.3 359.5 349.2 332.4 326 323.2 332.3 317.3 292.1 320.4 366.9 394.6 604.1 747.9 577.5 563.5 630.1 597.2 747 1077.9 1065.2 1351.8 875.7 884 1047.7 928.7 485.6 286 229 228.1 172.5 119.1 100.7 97 100.5 116.2 153.2 196.1 225.2 243.4 258.2 265.6 269.2 272.9 279.1
351.1 389.3 348 304.7 176.1 185.1 179.3 169.1 216.4 327.4 423.6 341.5 254.2 198.2 158.3 128 102.7 91.8 89.6 98.8 114.7 125.3 138.5 152.4 166.7 190.5 214.1 231.3 239.8 254.4 278.7 299.4 307.5 313 317.6 329.4 347.2 341.2 313.4 294.2 322.8 356.8 408.3 513 472.3 450.6 551.9 503.5 561.3 598.9 701.4 899.6 1128.8 1679.7 1308.5 1024.7 1137.8 1070.5 901.1 795.8 658.2 284 100 91.4 79.3 73 113.7 164.1 212.3 245.1 268.1 284.4 291.1 293.3 299.1 303.2
326.2 328.1 329.6 305.2 233.2 185.4 175.2 161.4 252.1 543.2 500.8 312.6 214.3 186.6 162.9 144 128.4 117.3 113.8 114.8 118.9 121.9 131.8 142.1 143.4 145.8 150 157.7 165.9 176.7 191.9 217.6 242.2 263.5 282.1 306.5 348.5 353 322.6 274.5 281.3 321.3 356.1 355.5 347.4 332.6 347.8 304.6 323.5 412.7 601.7 839.3 972.2 1192 1706.1 1791.7 2431.6 1294.4 1017 1273.2 1335.1 687.9 185.5 113.9 66.8 64.6 107.4 176.7 226.4 259.8 283.7 298.5 311.4 309.9 313.5 331.8
