datasets/global_precipitation_1950_2017/rasters/precip_2013-total.asc
NCOLS 720 
NROWS 347 
XLLCORNER -180 
YLLCORNER -90 
CELLSIZE 0.5 
NODATA_value -9999 
[rows 34 to 67 of 347, columns 532 to 607 of 720]
491.7 484.5 480.1 484.9 486.4 479.4 466.3 450.4 436.4 424.3 413.2 400.3 386.4 378.3 372.1 368 366.6 363.6 359.4 353.5 344.8 334.7 324.8 316.4 313.5 312.5 316.2 320.2 322.7 324.8 328.1 329.4 330.1 329.6 327.8 325.1 323 316.2 313.3 308.8 304 301.3 299.1 297.3 297.5 297.1 299.7 301 304.9 311 318.9 324.2 319.7 305.4 287.9 272.1 255 259.8 261 260.3 257.3 252.2 246.8 246.6 251.6 261.6 274.6 292.1 307.7 324.4 342.1 359 374.7 390.6 394.6 394
531.4 540.8 556 582.9 560.4 523.7 475.5 429.3 406.6 414.5 423.8 425.1 418.6 415.4 410.3 405.4 398.9 389.5 379.5 367.4 354.9 341.6 331.9 325.8 323 322.1 325.6 329.6 335.9 340.7 345.8 347.2 347.8 348.9 346.5 344.7 341 335 328.3 320.7 314 309.7 304.2 300.8 300.2 298.5 299.8 301.4 302.3 303.2 302.3 300.6 295.5 287.8 279.6 270.6 265.2 263.3 261.9 259.1 255 250.3 246.5 245 246.7 252.3 262.8 277.2 292.1 309.8 324.2 332.3 345.4 356.5 359.9 361.4
563.8 576.3 586 594.3 587.5 559.9 519.9 484.5 464.5 459.7 463.3 461.4 459.1 455.7 450.7 446.3 438.6 424.1 411.4 394.4 377.4 362.3 345.8 330.4 318.6 312.6 321.1 333.9 346.5 353.7 358.7 360.2 360.4 359.6 357.5 355.1 353.3 349.8 345.5 340.6 333.2 329.4 323.1 319.5 315.2 311.9 310.8 308.2 304.5 299.2 294 288.5 283.2 279.3 275.2 271.6 269.6 267.7 266.1 264.4 262 258.8 256.1 253.2 251.4 250.6 251.9 258.2 267.1 278.3 289 299.2 307.7 315.7 319.5 322.2
573.2 569.7 568 568.6 565.7 558.4 547.4 534.9 521 511.1 505.2 497.8 492.5 491.8 490.4 487.2 479.1 465 448 426.1 406.1 387.7 369.8 350.8 333 325.5 337.1 355.3 367.5 370.5 371.2 367.9 364.9 361.9 359.7 358.1 357 356.2 353.8 352.3 351.8 352.1 350 346.5 342.1 336.5 330.2 323.7 315.9 308.2 299.2 290.4 282.6 278 276.4 273.8 272.6 270.5 269.9 269.4 269.1 269.1 266.5 262.4 259 255.3 253.1 253.7 254.6 258.6 265.4 269.3 274.2 277.4 280.9 287.7
561.9 544.3 527.8 525.9 539.1 548.4 551.4 554.7 551.1 542 532.7 524.3 518.4 512.8 507.8 501.6 496.2 482.6 461.4 437.8 417.3 402 389.8 376.8 370 364.2 369.4 373.1 399.4 383.3 376.2 369.1 362.8 357.8 354.3 352.3 352.2 353.8 354.2 358.5 362.9 365.9 368.3 370.6 365.1 356.7 348.4 340.3 332.3 324.1 314.8 308.4 300.3 294.6 291.1 286.6 280.9 274.3 270.8 269.7 269.6 270.2 268.9 264.8 259.8 256.5 254.1 253.5 254.3 257.3 261.1 264.7 265.5 265.3 264.7 264.8
584.9 582.6 583.2 586.7 587.1 585.2 584.3 582.8 580.6 577.7 574 570.1 561.6 549.5 538.9 527.2 511.6 491.1 466.8 441.4 417.9 404.5 396.5 387.4 378.7 371.8 365.9 368.4 367.8 366.5 363 357.9 353 349.2 346.4 344.5 343.8 346.6 352.5 359.1 367 371.7 380.9 379.5 379.7 374.5 365.2 354.4 344.9 336.1 328.7 322.3 317.8 310.6 303.3 295.1 287.9 282 273.1 265.8 260.9 257.2 255.3 252.9 251.9 250.8 250.2 248.6 248.8 252.7 258.7 265.1 264.5 263.7 261.3 257.4
598.3 626.1 669.6 707.4 663.7 635.9 613.8 603.6 607.2 623.6 632.6 642.9 640.2 625 604.1 579.2 553.5 526.6 501.3 474.2 450.5 430.5 414 400.5 383.1 372.3 362.1 354.4 349.2 343.3 339.5 339 338.5 339.5 339.4 339.3 341.3 347 351.6 360.2 372.4 382.1 388.5 396.8 399.4 395.3 384.3 369.3 354.9 343 333.8 327 325.8 322.5 300.4 288.9 290.7 286.4 277.3 265.2 253.5 244.7 242.9 243.4 245.2 250.2 254.6 254.3 251.7 254.1 258.9 262.8 264.3 266.1 266 268.9
541.5 565.1 605 631.3 614.4 573.2 556.2 579.3 620.3 662.7 705.8 739.6 749.4 728.8 682.8 641.8 601.4 567.5 537.6 512.6 492.8 472.2 450.9 431.1 406.2 383.1 364.4 349.2 335.4 324.2 320.4 322.5 326.3 328 328.6 330.2 336.3 343 352.1 368.6 379.8 386.6 396.2 404.1 406.9 402.5 389.3 371.3 354.3 339.3 331 329.7 327.8 326.6 313 294.4 285.2 286.1 282 266.4 243.6 224 236.1 256 267.9 276.9 286.4 292.9 291.5 286 281.9 279 277.1 275.6 276.4 278.8
520.6 533.2 557 569.2 557.5 531.6 542 588.4 638.6 684.4 735.6 777.8 792.4 762.2 713.9 660.8 608.2 569 549 532.9 519.5 507.1 490.8 463.9 437.9 407 383.3 363.5 349.8 340.1 333.5 329 325.6 321.5 319.2 322.5 328.5 336.3 349.2 363.2 376.2 387.9 394.6 396.9 396.3 391.9 383.2 369.6 355.4 342 333.5 332.9 333.1 329.1 318.7 307.6 309.2 317.7 313.7 292.8 272.9 286.7 311.6 325.7 317.5 314 320.6 329.9 326.9 317.7 309.6 302.3 296.8 292.7 289 286
561.6 563.4 575.9 589.1 601.3 616.2 638.1 656.3 659.2 678.4 699.3 722.6 728.3 715.4 690.7 652.4 611.4 576.9 551.9 533.3 524.6 515.5 493.4 467.7 440 419 400.5 388.4 379.8 369.1 357.9 346.3 337.2 318.5 315.7 321.8 330.9 341.8 353.3 365.4 378.2 387.4 393.3 395.1 394.8 392.2 387.5 381.7 373.4 365.1 358.7 355.7 357.8 361.2 370.9 389.3 417.3 427.5 398.4 363.6 340.1 333.2 334.1 334.9 332.7 331.1 333.4 337.5 340.6 342.1 339.5 334 325.6 315.6 306.2 298.4
611.2 604.1 607.4 618.1 631.7 643.4 647.9 647.3 663 668.7 670.4 670 670.8 670.4 657.2 650.3 648.8 629.1 590 546.2 505.4 469.8 439.6 419.7 408.4 405.1 403.6 404.3 405.2 397.8 383.7 370.7 361.2 352.8 345.7 344.4 348.1 354.8 363.4 369.6 380.8 391.3 396.1 397 397.7 398.7 400.1 400 399.7 397 397.6 400.3 402.9 408.5 414.8 424.8 436.7 439.3 430.5 413.4 392.6 375.7 365.8 357.5 349.1 340 335.9 347.3 367.9 382.2 385.9 381.8 369.7 354.4 343 333.9
663.2 642.5 631.7 631.4 638.2 651.6 671.2 677.2 673 658.5 641 651.9 712.9 802.4 829.5 794.8 766.1 718.2 648.2 566.5 480.6 410.7 362 351.2 372.3 389.5 398.4 400.4 400.2 397.8 397.7 398.5 395.4 386.5 374.3 366.7 361.8 360.6 364.4 371.7 383.9 394.1 399.8 403.5 406.4 410.6 417.7 425.1 438.1 451 465 475.2 474.3 465.6 457.1 451.4 450.5 453.7 450.1 438.1 422.7 409.7 400.2 391.7 379.7 363.6 359.5 392.7 436 455.9 454.6 443.4 431.5 417.1 405.1 390.9
678.2 652.5 632.3 621.3 618.7 636.2 667.4 690.8 698.9 690.7 684.1 726.2 853.7 1141.3 1234.4 1061.4 921.6 815.8 709.4 595.7 484.2 414.9 383.2 380.2 391.9 404 406.4 401.3 394.9 395.9 401.1 412.5 417.6 397 371.9 355.2 348.4 346.1 348.1 354.4 368.7 386.7 406.9 420.9 421.8 424.6 434.7 453.1 478.8 503.3 523.1 530.7 521.2 505.6 494 483.4 471.5 460.8 451.8 444.8 439.2 435.3 435.1 436 438.3 439.3 450.4 475.6 503.9 511.1 504.6 499.6 499 496.2 489.3 483
668 647.3 631.8 622.6 619.5 629.2 658.5 694.5 721.8 738.7 743.2 754 803.1 865.9 840.8 822.5 810.1 758.6 674.3 568.5 474.7 426.1 404.1 399 397.1 398.8 396.9 391.2 385.1 380.9 378.8 378.5 371.2 351.3 329.8 329 330.3 323.5 312.9 306.1 315.9 344 382.1 408 417.3 426.3 450.6 478.6 505.6 526.2 534.6 527.1 510.6 502.2 511.4 513.1 503.8 484 464.9 451.7 455.7 459.2 464.7 468.4 473.8 479.4 488.2 499.1 509.8 517.7 524 528.8 536.2 546.5 560.9 570.7
662.6 652.4 635.4 617 591.3 573.9 587.9 635.4 692.6 731.5 734.7 720.2 704.5 688.8 673.6 657.4 634.6 596.6 542.2 488.4 446.7 418.8 402.4 396.2 393.2 389.7 386.5 381.7 371.3 358.9 354.2 358 361.2 357.4 351.4 344.5 331.2 312.3 291 269.8 261.8 286.4 320.6 357 389.7 421.9 461.2 494.5 517.2 529.1 529.6 529 523.2 533 551.9 550.3 531.4 500.8 472 468.1 471.8 485.6 490.2 493.7 493.9 502.6 515.6 526.1 532.1 535.4 537.8 538.8 543.8 563.1 597.4 631.5
685.4 696.3 655.1 623.3 509.6 403.4 534.7 582.8 605 630.3 636.6 617.9 598 588 576.7 552.2 516.2 480 460.3 450.7 433.3 415.8 407.2 405.3 400.2 387.2 381.9 377.7 372.8 362.3 359.4 366.8 378.1 385.3 383.3 372.7 355.3 334.1 320.5 310 294.5 276.6 276.5 317.6 360.8 402.6 453.6 500 509.5 509.1 513.7 535 576.5 632.3 610.8 556.6 517.6 490.4 461.6 439.7 442 457.1 466 470 478.2 494.7 514.8 530.4 536.7 539.6 537 533.4 539 564.9 607.2 663.7
635.1 641.6 611.4 562.2 514.5 519.7 587.1 580 568.4 566.1 560.1 555.9 560.4 577.1 575.5 538.8 496.5 403.2 420.8 435.9 435.4 430.4 433.6 432.9 416.7 396.9 380.1 371.3 368 369.4 376.2 384.4 394.2 401.5 394.4 381.9 369.9 364.9 365.4 378.7 348.4 314.8 298.1 299 316.7 360.5 378.6 429.3 454.5 476.1 496.2 518.3 547.1 578.1 556.7 506.7 447.3 468.6 453.3 419.3 406.2 409.2 411.9 418.8 432.8 450 476.7 500.7 516.7 523.6 525.3 527.6 539.3 557.3 574.5 607.2
536.7 543.1 534 520.7 512.7 523.7 545 551.5 547.2 535.9 517.5 483.2 449.8 527.3 577.8 539.6 491.4 457.6 434.6 424.7 427.4 436.4 431.2 421.2 406 380.6 357.8 347.9 347 352.4 364 371.2 375.4 371.4 366 367.7 372.5 374.2 374 364.3 341.5 305.1 288.8 289.7 286.3 257.1 292.3 340.8 383 419.1 437.6 453.8 486.4 505.5 504.7 493.2 494.8 493.1 469.9 439.8 403.8 380.3 368.1 370.3 390.8 413.6 437.5 465.9 489.5 513.9 528.6 539.3 550.4 580.2 600.2 621.7
461.3 473.6 483.8 482.1 473.5 489.8 531.7 534.1 529.4 528.6 520.5 506.8 501.6 518 518.1 484.2 449.6 421.5 358.1 390.4 404.5 417.9 427.1 430.6 419.7 395.8 369.4 348.8 335.9 330.6 331.6 345.7 391.6 378 358.2 357.3 371.9 385.7 383.9 357.9 312.7 264.3 251.6 269.2 273.1 276.6 290.3 318 353.6 391.9 414.2 444 468.5 480.8 479.9 475.9 469.7 465.4 451.7 430.2 395.1 375.2 371.9 378.8 386.6 391.6 412 443.6 478.6 517.2 553.5 576.5 601.5 630.1 661.9 684.7
508.8 499.8 495.5 485.7 487 491.7 496 507.4 536.4 546.7 539.4 543.8 533.4 509.3 485.6 463 443.6 433.4 442.8 404.4 396.6 429.5 457 480.5 482.5 460.7 424.5 375.8 334.4 316.7 306.9 304.3 324.7 328.9 326.6 324.7 333.4 349.5 328 248.6 237.8 269.5 289.9 297.6 305 311.7 310.6 313.3 325.4 349 386.7 420.3 449.6 458.7 457 445.8 431.3 417.5 401 383.3 375.5 372.5 377.4 384.4 391 391.5 411.9 445.6 489.4 534.2 576.7 602.6 627.3 664.3 702 729.7
553.2 546.2 510.1 457.3 513.6 532 511.2 505.8 446.6 465.6 545.6 593.2 624.7 506 519.1 497.6 480.8 482.6 511.5 361.8 451.3 485.1 544.1 544.4 531.4 499.5 449.9 383.1 327.8 305.4 300.6 307.1 296.2 262.9 272.3 288.9 298.2 313.5 333.9 346.5 312.5 305.2 315.3 323.3 325 333.1 338.9 328.9 310.7 308.7 331.5 369.5 414.1 434.7 436.9 424.7 409.8 395.4 370.2 354.9 357.3 367.7 371.5 374.5 383.3 396.8 411.6 442.5 493 541.9 577.5 607.1 640.2 687.7 734.9 782.3
628.4 621.9 625.2 613.5 554.1 547.5 479.2 449.9 421.9 466.9 556.2 649.7 710.3 652.4 583 492.8 530.7 412.2 500.9 504.3 486.3 503.2 525.2 533.9 521.5 486.2 424.8 354.3 309.9 295.1 285.6 289.9 294 284.3 281.2 284.8 284.3 299.9 325.4 366.5 347.9 330.5 322.6 323 331.4 354.6 384.4 304.5 255.8 286.7 328 378.6 424.6 451.7 458.8 451.5 426.6 382.8 329.6 323.2 353 375.1 384.5 386.3 393.2 408.9 428.9 472.5 533.9 570.4 583.5 600.3 631.2 683.9 741.6 783.4
646.8 708.7 879.9 1065.9 973.4 904.7 669 422.1 430.8 414.8 483.3 706.9 1060.7 852.9 756.9 529.9 457.9 455.3 471.6 496.5 506.3 513.8 514.5 500.2 475 445.9 409 354.9 285.9 182.3 293.2 295 291.9 286.3 286.3 293.9 304.5 317.7 332.3 334.5 329 328.9 328.1 318.5 327.1 324.8 315.7 306.9 289.1 296.3 333.7 387.2 437.4 466.3 472 466.6 445.6 411.1 382.4 376 379.8 385.2 392.6 402.9 420.8 450.3 490 532.2 571.4 585.2 582.4 586.5 605.9 656.9 708.9 715.2
631.4 685.4 797.8 1036.9 1411.4 1860 1269.5 687.8 498.7 421.4 427.3 498.5 595.2 716 747.1 650.6 564.2 524.4 510.5 529.5 552.1 561.5 551.2 520.5 482.3 446.5 431.2 400.7 352.3 349.1 326 303.7 288.8 287.8 290.8 295.9 290.9 293.3 326.7 313.6 307.9 316.2 324.1 324.4 308.9 296.6 294.4 285.7 265.5 281.8 327.1 387.6 446.2 485.3 493.6 467.1 444.4 417.1 402.8 403.1 405.3 403.2 406.6 420.3 448.3 480.5 514.2 538.3 545 543.8 543.1 537.5 542.7 582.3 642.1 683.3
562.8 602.7 680.3 854.1 1065.8 1078.4 945.6 763.6 526.6 404.9 317.5 332.8 422.2 572.4 781.6 796.3 723 691.3 657.4 610.3 588.7 587 580.2 561.2 548.4 542.5 511.9 471.8 454.5 415.9 346.1 276.2 273.6 281.4 288.5 320.8 332.1 294.9 267.3 244.9 253.3 282.1 284.2 257.4 236.9 240.8 290.9 282.3 155.7 225.8 317.5 404.8 445.1 451.2 443.5 434.6 419.4 391.8 378.4 393.6 410 415.2 414.6 420.1 436.5 461.9 488 511.8 511 495.8 494.9 501.1 508.5 528.6 592.1 686.6
637.4 615.8 631.4 802 905.9 935.8 882.3 678 392.8 390.6 322.4 342.9 440.4 480.5 605.7 704.6 747.1 773.1 761.2 682.1 606.8 573.1 568.5 564.4 566.9 586.8 558.5 503.8 456.7 414.9 362.9 328.2 319.3 314 313.6 334.6 373.2 323.2 259.5 223.8 220.9 216.3 207.1 204.4 183.2 179 255.9 283.9 268.8 269 302.8 352.5 397.1 414.9 405.4 406.2 400.5 389.1 389.9 392.2 392.3 396.4 402.3 408 413.3 422.5 447.5 464.7 468.2 467.2 469.7 470.6 467.4 494.2 553.3 599.1
737.9 867.4 988 939.6 932.2 1004.9 917.7 686 516.1 460 462.3 492.5 563.5 572 753.9 827 867.4 854.2 755.3 626.8 538.6 509.6 525.7 552.2 580.4 551.7 508.3 462.2 432.5 423.5 418.2 406.1 368.9 308.5 286.2 278.2 278.2 275.7 302 244.7 219.9 161.6 170.6 182.4 226.2 189.2 262.9 293.4 302.2 291.6 276.1 294.8 376.8 446.1 438.6 423.3 395.4 386.3 388.8 385.9 381.9 382.9 399.4 408.3 410 411 406.6 430.1 445.6 463 483.2 488.1 507.5 539.7 530 481.1
811 947.3 1057.1 975.2 885 840.5 717.7 445.1 460.1 548.2 555.7 564.6 610.2 827.7 1364.1 919.6 775.5 704.3 567.8 433.4 373.5 402 441.9 479.6 492.6 463.9 411.7 365 373.7 412.9 445.4 468.5 451.7 377.8 316.5 305.9 263.6 233.8 267.9 269.3 226.9 193.5 194.7 204.7 218.1 250.7 289.2 342.6 326 294 264 265.5 305.1 345.1 351.7 351.2 345.1 343.6 351.7 359.6 367.3 363.7 377.2 398.1 411.2 421.7 413.2 412.3 419.2 452 500.2 549.5 615.5 630.2 564.6 523.2
756.6 820.4 821.9 969.8 1031.7 929.9 802.3 673.3 662.4 746.8 637.7 538.1 538 383.5 393.1 404.9 402.7 408.9 381.9 337.5 324.4 338.3 370.2 393.1 401 383.9 355.5 350.5 377 431.2 462.7 480.3 576.7 687.9 481.2 349.5 322.7 292.6 281.3 275.9 201.5 241.5 216.5 205.9 209.6 224.6 210.5 158.9 224.3 260.1 258.9 260 259.3 243.7 281.3 300 301.8 303.8 325.3 352.6 366.3 374.1 393.6 406.2 421.2 442.2 455 459.3 465 484.6 521.9 568.8 602.7 599.1 580.3 568
733.1 797.6 930.6 974.8 905.2 857.7 731.8 548.8 477.8 494.4 488.3 449.2 421.1 405.6 396.7 362.4 292.4 279.5 319.1 318.5 322.8 324.7 323.7 319.3 316.6 310.2 313.4 329.1 370.2 407.5 428.6 442.8 410.3 476.7 505 298.8 392.8 507.2 532.3 453.1 382.7 261 140.7 195.4 214.6 231.7 230.7 229.2 249.6 263.5 277.3 301.1 293 275.8 279.2 290.3 286.6 267.1 317.3 362.9 380.9 389.2 426.2 449.7 474.6 503.1 534.2 549.4 543.9 543.5 563 587.8 605.3 608.8 602.8 592.9
554.7 651.5 715.4 665.2 672.5 615.4 462.7 334.8 303 327.2 376.6 407.9 408.9 408.4 406 410.8 423.3 415.4 338.3 313.6 313.7 314.6 313.4 303.4 290.4 282.9 262.2 257.2 306.6 357.6 397.3 429.6 458 525.1 621 647.7 575.3 573.6 557.8 481.9 346.8 218.3 221.9 216.3 239.5 258.8 266.4 290.1 323.5 309.6 288.9 282.4 326.9 334 316 299.7 302.6 303.4 301.2 304.5 329.7 399.6 488.9 552.3 549.4 546 580.1 601.3 589.5 595.1 609.8 622.4 631.7 635.3 631.3 623.5
488.8 566.4 575.6 543.3 485.4 370.9 289.6 250 239.7 247.9 275.5 303 316.9 340.1 359.7 358.7 359.3 338.1 304.6 296.2 294.8 303.3 319.5 320.5 309.4 296.7 285.9 286.6 300.5 315.7 357.8 421.9 479.7 506.9 566.3 587.3 524.9 430 309.6 319.6 315.7 285.6 287.6 284.2 277.3 292.4 304.4 317 350.6 353.6 346.9 325.7 339.3 364.9 378.5 362.3 326 304.7 286.7 296.4 354.1 418.2 498 565.2 550.3 515 521 538.4 571.1 611.2 638.9 650.2 656.6 657.8 654.5 651.3
627.5 608.2 548 425.8 268.5 168.4 162.5 175.1 182.6 185.3 188.5 186.7 189.2 205.5 242.1 273.9 276.6 258.7 272 260.8 259 272.6 300.1 316.2 317 309 302.4 299.6 283.5 302.9 345.2 403.5 450.8 493.3 539.4 554 515.9 460.1 385.6 350.9 359.9 346.4 319.8 307.7 311.7 319.4 341 383.1 413.4 436.7 470.2 428.3 390.4 398.9 457.5 427.2 369 342 337 361.3 400.1 438.3 489 508.8 496.3 477.2 435.7 486.1 546.2 617.2 665.6 686.8 682.1 677.8 671.3 671.5
647.5 643 546.4 375.8 206.2 143.8 128.7 118.7 97.6 119.4 142.9 147 148.8 162.7 196.4 237.6 271.3 262.7 240.7 209.2 202.9 229.3 264.4 289.1 300 303.1 302.8 302.2 300.7 315.4 358.7 388.2 407.3 449.3 468.4 475.2 473.9 451.7 403.8 367.7 351.1 345.7 336.1 283 333.1 367.4 380.2 422.1 461.4 483.9 491.9 444.4 407.1 361.6 383.9 371.5 331.5 329.2 355.2 388.7 425.5 493 618 504.1 452.5 472.6 510.7 536.7 560.2 613.3 671.4 707.5 714.8 698.3 678.8 672.8
