datasets/global_precipitation_1950_2017/rasters/precip_1979-total.asc
NCOLS 720 
NROWS 347 
XLLCORNER -180 
YLLCORNER -90 
CELLSIZE 0.5 
NODATA_value -9999 
[rows 34 to 67 of 347, columns 76 to 151 of 720]
239.5 245.8 257.2 271.7 285.6 296.4 308.4 321 335.3 347.6 354 348.7 334.8 318.8 305.3 292.1 280.5 267.9 256.1 246.5 240.7 233.4 230.9 229.4 229.1 228.8 228.3 227.9 227.7 229.1 228.5 226.5 222.7 217.2 213.5 209.8 205.7 205.7 204.2 202.9 201.9 204 203.9 205.1 208.5 212.6 215.1 217.5 218.7 219 219.4 221.1 222.2 222.7 223.2 223.3 224.7 224.8 226.1 227.2 227.4 225.2 222.9 218 214 207.7 203.1 197.5 192.9 188.1 180.2 170 164.8 168.2 151.1 143.8
273.3 276.2 286.2 296.9 304.5 310 317 325.3 337.3 351.4 360.9 366.2 367.8 366.4 358.8 349.6 335.8 316.9 293.5 269.5 250.1 241.6 231.2 229.2 227.9 225.5 225.2 227 230.3 235.2 234.7 229.8 220.9 211 201.3 192.1 184 179.1 181.5 185.3 188.4 189.8 193.9 196.4 199.5 202.3 206.3 209.6 214.5 217.2 218.2 220 222.5 224.8 226.2 228.4 229.7 231.4 234.1 236.4 238.7 239 233.7 226.8 221.9 220.1 216.6 208.4 199.7 188.8 177.4 168.7 160.8 154.5 138.6 132.3
285.7 283.8 290.6 303 314 320.4 319.9 322.5 336.1 355.4 369 375.1 380.6 384.2 392 398.8 396 389.2 360.9 326.4 296.3 274.6 256.3 242.9 231.1 223.9 220.8 220.1 219.6 218.6 215.6 212.5 207.3 204.4 197.6 182.3 167.1 159.2 167.5 177.3 186.8 194.2 195.4 196 196.2 198.6 203 209.6 215 218.6 221.3 223.9 225.9 228.4 230.4 231.5 233.6 234.5 236.6 237.7 239.1 239.8 237.5 234.2 230.2 226 220.7 213.1 202.5 192.9 181.1 171.8 160.6 149.1 134.8 127.3
281.3 279.2 286.7 307.9 334.4 360.9 390.8 411.1 406 392.2 383.6 383 385.6 394.5 412.1 419.9 422.2 423.3 425.9 431 404.1 375 325.1 290.2 269.3 243.7 228.7 216.2 207.9 203.1 200.9 200.7 203.3 212 210.7 203.4 195 192 194.1 200.6 206.2 208.9 208.9 206.8 206.1 206.3 209.1 213.1 219 222.4 224.4 226.7 229.7 231.4 233.5 234.7 235 235.8 236.3 237.2 236.9 236.9 236.3 235.4 232.4 227.9 221.8 214.9 206.3 196.9 186.5 175.3 165 157.2 150 141.3
276 286.2 304 324.4 344.8 363.4 395.9 430.3 416 387 371.3 371.7 387.4 415 433.2 428.2 417 419.6 424.3 448 459.6 477.5 416.8 378.8 362.5 319.1 285.9 251.7 228.8 219 211.6 210.4 214.1 218.8 221.4 224 226.2 228.9 230.8 233 234.8 235.1 234.4 232 228.3 225.4 223.1 221.9 222.3 226.6 229.1 231.9 233.6 235 235.6 235.1 236.3 237.4 238.1 238.2 239.1 239.5 239.6 239 237.8 235.9 231.9 225.8 217.7 210.5 201.4 191.1 183.8 178 172.3 169.5
247.3 261.3 280.5 300.2 316.3 328.8 339.6 347.9 350.5 347.1 341 339.1 348.3 394 411.7 396.8 383.3 384.7 395.5 405 430.4 445.9 437.8 431.3 412.2 390.7 369.2 340.3 299.9 266.9 247.1 235 233.3 236.2 242.5 249 254.9 258.3 258.9 258.1 257.1 259.9 260.2 256.1 249.4 239.7 230.3 225.2 222.3 223.6 226.9 230.4 232 232.7 234.4 235.9 237.5 237.4 240.2 241.9 244.1 245.8 247.5 248.7 248.1 246.1 243 237.6 231.3 223.9 215.7 210.9 204.6 199.6 196.5 195.2
216.3 232.2 248.9 260.9 262 267.1 286.6 302 309.6 311.8 317.2 321 319.5 326.3 333.1 338.9 339.7 341.7 350.1 375.7 380.2 405.5 422.3 422 412.6 414.5 410.7 405.2 388 356.5 326.9 291.6 267 261.6 263.3 269.1 271.6 271.9 269.9 268.4 266.9 268 265.4 263.4 255.7 242.4 230.6 222.9 217.5 219.1 220.6 223.7 228 229.9 232.9 236.6 238.9 240.2 242.6 244.6 246.5 251.4 257 262.2 263.1 261.6 258.7 255.2 248.9 243.7 237.3 228.7 226 220.4 216.3 214.7
277.6 256.8 262.1 286.6 292.7 292.4 288.1 282.9 278.7 278.7 284.6 291.4 298.4 305.7 310.3 311.4 321.8 326.5 317.5 309.6 317.9 341.3 378.8 407.4 422 436.1 458.4 468.4 475.4 452.8 415.7 366.6 319.9 292.8 276.2 274.6 274.2 274.2 273.3 269.6 265.2 265.6 263.4 260.1 253.2 244.2 232.9 221.3 216.2 215.4 215.6 217.6 219.5 222.2 229.7 255.1 246.9 242.8 242.3 243.1 247 252.8 261.9 270.2 277.2 281 273.2 271.3 266.5 260.1 252.5 245.8 239.7 233.9 229.5 229.3
309 320.1 329.2 327.9 315.2 297.5 280 264.2 258.4 258.9 259.3 260.5 273.9 288.4 294.4 298 310.1 296.3 281.9 253.1 251.1 286 334.7 376.8 412.2 458.7 500.5 526.7 526.7 507.6 458.7 415.4 356.4 304.3 279.7 273.3 276.6 279.5 277 266.3 254 254 255.3 257.6 254.4 246.9 234.4 222.8 216.6 215.3 215.1 215.9 217.2 219.2 222.2 233.1 237.5 237.1 237.8 240 244.4 250 258.3 266.8 271.4 277.2 275.5 271.6 266.6 261.7 259.1 253.7 250.2 244.7 241.7 241.3
369 339 311.6 291.9 282.4 270.1 258.8 245.8 236.6 241.8 257.4 268.8 279.4 284.5 288.5 292.9 292.7 281.8 255.6 237 244 294.2 343.6 371.4 394.5 434.4 489 523.1 522.9 501.7 469.4 412.2 353.1 304.2 265.5 247.4 255.8 280.5 293.5 282.6 266.3 274.1 271.2 268.3 258.3 245.3 230.7 218.1 212.8 213.3 215.4 217.5 218.3 220 222.7 226.7 230.9 233.3 233.6 235.9 240.9 247.4 253.6 257.5 264.6 266.7 267.7 267.6 266.8 267 267.5 265.6 261.6 257.2 252.1 246.1
339.9 338.6 292.4 275.1 256.7 254.6 249 242.1 266.6 285 285.8 281.9 279.8 277.8 282 287.6 294.6 300.5 296.7 293.4 315.3 364.4 388.5 385.5 358.1 384.3 443.4 453.3 461.2 459.3 438.8 390.7 330.6 276.5 239 192.1 162.4 298.9 384.4 354.7 323.8 310.4 304.4 290.9 275.8 256.7 235.3 215.4 204.4 212.4 222.6 221.6 218.5 219 219 225.6 237.5 239.8 241 244.6 249.4 254.8 257.5 262.2 264.8 267.8 272.7 276.5 279.6 284.3 287.5 287.9 283.8 274.8 265.4 254.6
898.8 962.5 954.2 826.4 616.4 412.6 319.7 299.7 357.9 397.5 328.8 281.3 245.8 272.6 267.4 285.6 308 328.7 335 360 405.9 451.4 460.2 444.5 425.3 415.6 423 433.4 438.4 435.8 420.7 394.3 357.4 322.9 306.6 304.6 321.7 358.8 378.8 375.5 364.5 362.9 364.1 358.1 340 316.3 292.1 276.2 268.3 266 258.6 238.4 221.7 226.9 218.8 209.4 226.6 240.3 246.4 249.7 252.5 257.4 260.3 267.7 272.3 278 282.3 287.6 292.7 298.3 304 312.3 312.2 303.9 290.5 273.3
1695.7 1971.5 2310.6 2396.9 2209.3 1776 1216.7 684.5 468.3 461.2 480.9 484.4 410.7 347 292 277.8 316.5 314.8 268.2 345.2 477 573.1 569.5 522.6 477.7 432.5 406.6 423.6 435.3 437.2 430.3 422.1 407.4 392.8 378 371.8 368.4 369.6 376 387.7 407.3 432.4 449.7 448.4 423.4 392.1 358.9 349.5 343.3 349.3 365.8 349.8 317.9 294.1 270 251.6 264.1 262.3 255.3 250.7 246.5 247.2 257.5 269.9 281.1 289.8 297.5 300.4 300.3 301.3 304.6 311.6 320.1 326.5 322.7 310.4
-9999 -9999 2824.6 3313.7 -9999 3231.6 2628.7 1645.8 923.3 711.7 648.6 763.6 854.2 962.4 767 453.1 352.3 319.7 330 399.2 514.4 607.4 614.4 589 554 502.3 470.8 464.3 462.8 456.7 449.5 446.3 442.6 439.3 434.1 422.2 409.2 403.1 406.3 418.9 445.1 479.9 518.4 557.7 553.1 489.9 427.4 402.6 397 362.3 387.5 393.9 379.5 363.5 354.9 344.2 326.4 288.9 263.8 253.7 247.8 250.9 268.5 284 296 305.8 313.7 315.2 303.4 292.7 298.7 317.1 331.5 344 352 355.9
-9999 -9999 -9999 -9999 -9999 -9999 3010.2 2111.5 1287.8 1007.3 969.1 832.7 921.6 989.9 920.3 617.8 481 446.2 467.6 496.2 559.2 595.5 633 675.1 676.3 498.9 504 495.6 489.8 484.8 483 478.4 474.2 482.5 494.6 493.7 466.6 427.2 399.4 406 438.1 474.8 505.6 520.5 498.1 445.2 410 370.5 394.5 396.5 397.8 400.8 394.8 382.2 375 370.6 344.3 314.5 291.6 284.6 292 300.4 306.2 308.4 311.5 314 315.7 307.3 285.6 260.5 287.3 329.9 350.1 360.4 371.8 386.9
-9999 -9999 -9999 -9999 -9999 -9999 -9999 -9999 1943.2 1853 1737.6 -9999 1334.6 1285.4 1504 1788.3 1725.2 1863.2 1975 1576.2 921 538.6 494 503.6 506.7 498.9 486 489.1 489.9 491.8 489.4 483.5 482.8 512.4 567.7 607.8 541.3 440.4 372.4 374.2 422.2 462.4 479.5 475.6 458 460.2 443 422.9 427.4 403 403.6 409.6 398.6 370 358.4 368.5 363.6 355.4 346.4 336.8 323.4 315.2 319.2 320.9 333.9 340.5 331.6 318.7 309.2 313.3 330.9 351.2 368.1 382 397.1 413.5
-9999 -9999 -9999 -9999 -9999 -9999 -9999 -9999 -9999 -9999 -9999 -9999 1842 1705.6 1715.9 2626.7 3738.7 3226.7 2697.4 1578.5 720.1 441.7 398.2 419.1 427 438.8 447.2 449.9 456.7 462.3 468.7 475.9 489.3 512.2 541.2 555.8 527.8 481.4 442.6 426.1 434.7 458.6 479.4 470.4 448.1 460.6 466 452.7 446.7 432.1 421.7 414.6 435.8 420.2 390.8 366.6 383.3 407.7 409 409.6 399.2 372.5 325.7 302.7 347.7 372.7 368.6 360.7 360.2 368.1 380.2 395.4 408 417.2 419.6 433.8
-9999 -9999 -9999 -9999 -9999 -9999 -9999 -9999 -9999 -9999 -9999 -9999 2586 -9999 -9999 2366.1 -9999 2877.2 2338.9 1115.1 560.7 402 387.5 388.4 403.3 434.2 457.2 436.4 429.2 428.1 430.8 433.2 437.2 450.6 470.1 483.3 487.7 480.8 459.5 439.4 431.7 450.7 493.1 522.7 551.4 545.3 510.5 506.1 446.5 517.1 492.2 501.8 499.1 488.7 427.2 393.2 415.4 449.7 435.3 435.2 422.7 384 383 413.4 410.8 409.2 410.6 403.9 403.4 407.3 417 428.1 435.9 442.7 450.8 471.1
-9999 -9999 -9999 -9999 -9999 -9999 -9999 -9999 -9999 -9999 -9999 -9999 2503.8 2634.6 -9999 1932.2 -9999 1598.3 1829.4 1577.3 1067.7 807.3 673.7 590.3 604.6 640 642 590.2 465.4 411.1 413.7 419.9 421.2 426 433.9 444.5 461.3 472.7 461.1 427.6 409.3 414.8 463.7 504.9 525.6 513.8 501.8 462.6 435 450.5 488.9 503.8 492.6 453.3 402.2 394 404.2 411.9 423.9 423.4 389.3 401.8 423.5 453.4 464.6 467.4 454.2 436.5 420.3 410.1 420.7 433.8 429.9 446.7 470.5 483.9
-9999 -9999 -9999 -9999 -9999 -9999 -9999 -9999 -9999 -9999 -9999 -9999 -9999 2914.2 3153.4 2370.7 1807.5 -9999 -9999 2037.8 1912.1 1635 1580.7 1410 1227.9 1252.9 1236.8 1151.9 760.1 422 421.8 427.9 429.7 435.5 437.8 435.5 444 454.1 447.6 477.5 580.1 494.8 458.3 465.4 474.6 458.5 458.8 452.6 417.9 407.6 440.9 465.9 452.4 460.2 407.5 373.7 380.5 390 418 451.8 492.3 450.3 498.6 523.2 517.1 509.5 495.3 479.8 466.8 460.5 462.8 475.2 494.9 510 499.8 501.4
-9999 -9999 -9999 -9999 -9999 -9999 -9999 -9999 -9999 -9999 -9999 -9999 -9999 -9999 3988.2 3233.3 -9999 2268 -9999 2225.5 2139.8 2065.7 1834.2 1692.4 1618.6 1552.1 1406.2 1036.8 598.5 478.5 468.3 452.5 440.7 436.2 431.3 417.7 417.2 454.8 478.9 475.4 469.8 486.4 477.4 478.8 391.2 422 448.3 427.6 380.4 359.2 434.1 468.3 438.9 417 388.9 384.8 374.5 387.1 424.8 439.5 513.8 581.8 581.3 557.7 539.6 521.6 512.1 513.8 513.5 509.3 504.9 503.4 502.9 499.1 495.3 500.1
-9999 -9999 -9999 -9999 -9999 -9999 -9999 -9999 -9999 -9999 -9999 -9999 -9999 -9999 -9999 -9999 -9999 1886.8 1640.5 1669.9 -9999 2615.9 -9999 1622.6 1488.7 1570.2 1169.4 640.2 469 482.3 474.4 434.2 425.1 445.1 439.2 436.9 448.6 524 617.6 586.2 473.5 493.4 558.6 522 487.9 463.6 446.1 418.2 410.7 446 462.6 479.4 507.2 513.6 504.7 425.1 458.9 452.7 512 567.3 569.9 589.6 561.5 530.2 521.5 518.2 525 543 545.9 536.6 536.7 536.3 530 509.9 475.2 468.3
-9999 -9999 -9999 -9999 -9999 -9999 -9999 -9999 -9999 -9999 -9999 -9999 -9999 -9999 -9999 -9999 -9999 2304.9 1061.4 -9999 -9999 2870.1 2537.8 1742.4 1624.6 1053 854 572.6 457.9 589.5 497.4 433 504.8 556 555.2 561.2 551.4 517 615.4 670.2 641.4 621.9 556.1 477.1 461.8 418.9 384 421 452 454.6 495.9 496.3 561.7 560.9 527.7 557 492.9 441.3 486.9 526.4 539.3 514.5 480.4 447.2 471.7 493 508.7 525.4 531.8 528.5 539.6 559.6 582.9 558.2 488.8 457.7
-9999 -9999 -9999 -9999 -9999 -9999 -9999 -9999 -9999 -9999 -9999 -9999 -9999 -9999 -9999 -9999 -9999 -9999 -9999 2145.1 -9999 -9999 -9999 2114.6 1900.8 1136.7 663.1 1210 586.7 385.8 378.4 413.1 446.7 471.3 482 491.3 460 506.6 601 649.5 623.4 561.1 517.7 466 454.7 478.3 471.9 535.5 583.7 583.8 630.2 704.8 701.7 676.5 729.8 576.3 477.3 444.6 500.4 573.1 545 471.2 445 424.2 428.9 434.3 436 435.2 436.7 448.3 487.3 524.7 552.6 556 531.7 502.4
-9999 -9999 -9999 -9999 -9999 -9999 -9999 -9999 -9999 -9999 -9999 -9999 -9999 -9999 -9999 -9999 -9999 -9999 -9999 -9999 -9999 -9999 -9999 2572.1 2586 1943.9 1610.8 1578.2 1225.9 347.3 391.2 522.3 410.4 428.7 404.9 373.9 392.8 463.6 653.6 699.8 708 719.6 738.3 646.7 516.4 499.7 582.1 660 657.4 603.3 650.2 606.3 569.1 552.2 562.7 509.6 443.3 470 460.8 444.9 445 443.4 437.8 418 432.8 408.7 419.5 405 398 412 431.8 447.9 462.6 475.4 476.6 463.5
-9999 -9999 -9999 -9999 -9999 -9999 -9999 -9999 -9999 -9999 -9999 -9999 -9999 -9999 -9999 -9999 -9999 -9999 1481.9 -9999 -9999 -9999 -9999 2424.9 3026.3 2725 2112.5 1757.4 1539 1122.9 462.6 425.4 425.8 422 420.5 412.8 430.9 499.9 504.8 558.9 662.7 735.8 824.1 712.1 599 498 529.4 484.4 469.8 499.6 533.7 501.8 535.6 522.4 505 480.1 432 366.6 441.9 390 393.3 427.5 437.2 458.3 418.8 387.6 382.1 388.3 386.8 418.3 422.8 416.4 413.9 435.3 444.5 444.9
-9999 -9999 -9999 -9999 -9999 -9999 -9999 -9999 -9999 -9999 -9999 -9999 -9999 -9999 -9999 -9999 -9999 -9999 -9999 1783.1 -9999 -9999 -9999 -9999 -9999 3472.7 3503.6 3180.8 2273.3 1596.9 767.7 481.5 397.6 367.2 377.7 415.9 458.3 481.7 501.4 540 732.2 729 690.5 605.6 622.3 569.2 491.5 394.8 467.8 476.7 520 496.7 475.3 336.5 454 479 485.6 524.6 474.8 396.9 292.7 435.6 428.5 413.5 415.1 384 355.9 368.5 355.4 362.7 363.8 375.9 375.9 433.5 459.3 470.7
-9999 -9999 -9999 -9999 -9999 -9999 -9999 -9999 -9999 -9999 -9999 -9999 -9999 -9999 -9999 -9999 -9999 -9999 -9999 -9999 3344.4 -9999 -9999 -9999 -9999 3548.7 4075.2 3959.3 3200.8 2286.5 1432.9 938.5 639.3 379.2 194.2 233.9 353 401.4 389.6 392.5 545.2 630.2 622.8 651.4 769 659.1 541 412 399.1 441.8 473.9 440.9 411 428.4 438.2 368.6 428 653.1 504 434.1 342.7 348.9 395.9 421.6 399.4 353.6 327.7 346.9 395.3 335.7 420.7 400.4 390.2 407.6 405.2 401.5
-9999 -9999 -9999 -9999 -9999 -9999 -9999 -9999 -9999 -9999 -9999 -9999 -9999 -9999 -9999 -9999 -9999 -9999 -9999 -9999 -9999 2442.2 -9999 -9999 -9999 -9999 -9999 -9999 -9999 2073.4 1490.4 686.8 475.3 252.4 185.3 186.2 225.3 243.1 305.8 319.8 404.5 436.8 665.2 744.8 756.5 812.6 892.3 806.9 607.4 637.1 481.6 368.5 416.1 452.2 390 347.5 354.8 319.5 348.1 350.7 364.6 368.2 344.6 317.8 354.7 312 351.6 376.7 423.6 359 339.6 367.2 416.3 297.2 374.5 363.6
-9999 -9999 -9999 -9999 -9999 -9999 -9999 -9999 -9999 -9999 -9999 -9999 -9999 -9999 -9999 -9999 -9999 -9999 -9999 -9999 -9999 -9999 -9999 -9999 -9999 -9999 -9999 -9999 2403.4 2257.4 1801.6 1007.3 430.4 244.5 249 312 253.6 200.2 223.3 275 279.6 298 382 424.1 369.6 650.5 914.9 975.7 1175.7 888.6 573.4 525.7 477 458 338.4 376.5 322.7 338.6 272.3 294.4 321.3 277.2 292.6 289.2 293 312.4 313.1 284.5 326.3 334.4 352.3 292.1 275.4 259.3 294.6 333.5
-9999 -9999 -9999 -9999 -9999 -9999 -9999 -9999 -9999 -9999 -9999 -9999 -9999 -9999 -9999 -9999 -9999 -9999 -9999 -9999 -9999 -9999 -9999 -9999 -9999 -9999 -9999 -9999 2193.3 1910.2 1886.9 2029.4 1412.1 736 434.7 352.9 312 286.1 273.9 236.3 246.7 291.2 362.8 327.1 334 648.8 743.7 1093.4 1966.4 996.7 437.2 461.4 375.9 374.6 363.7 318.7 269.8 290.2 262.3 254.8 228.1 262.7 290.4 261.6 248.2 279 283 254.9 265.6 315.8 281.8 279.9 260.9 249.4 250.1 282.6
-9999 -9999 -9999 -9999 -9999 -9999 -9999 -9999 -9999 -9999 -9999 -9999 -9999 -9999 -9999 -9999 -9999 -9999 -9999 -9999 -9999 -9999 -9999 -9999 -9999 -9999 -9999 2383.6 2032 -9999 -9999 1673.1 1895.1 1925.5 1801.3 1861.8 947.8 653.9 520.7 325.5 257 193.2 201.3 161.7 280.8 313.4 509.6 791.7 1038.7 933 762.1 363.9 345.7 413.4 439.3 354.5 299.5 240.5 260.6 297.5 314.9 296.4 260.4 268.8 311.4 313.2 283.2 267.8 251.7 275.8 283.7 283.5 292.8 327.3 311.8 314.2
-9999 -9999 -9999 -9999 -9999 -9999 -9999 -9999 -9999 -9999 -9999 -9999 -9999 -9999 -9999 -9999 -9999 -9999 -9999 -9999 -9999 -9999 -9999 -9999 -9999 -9999 -9999 -9999 -9999 2754.1 3128.4 2142.1 1865.6 1646 1294.9 1588.1 1871.6 1469.2 933.2 641.3 357.3 309.6 235.7 219 263.3 309.9 377.5 480.4 610.9 659.5 624.4 285.3 259.3 394.5 457.1 496.1 317.8 271.7 324.1 256 284.9 271.6 294.6 304.1 303.6 307 351.7 322.6 263.8 263 276.5 305.7 293.7 308.1 286.5 368.3
-9999 -9999 -9999 -9999 -9999 -9999 -9999 -9999 -9999 -9999 -9999 -9999 -9999 -9999 -9999 -9999 -9999 -9999 -9999 -9999 -9999 -9999 -9999 -9999 -9999 -9999 -9999 -9999 -9999 -9999 3074.3 2820.6 2060.7 1242.3 -9999 -9999 1449.9 2665.4 2151.8 3075 1029.2 963.8 338.2 405 299.1 423.5 380.1 488.9 579.9 709.9 698.4 336.4 201.1 461.7 757.5 456.4 348.3 266.2 298.5 200.1 211.5 245.3 294.3 376.2 416.7 408.7 348.7 335.1 180 315.6 330.3 333.5 329.1 272.3 330.2 361
