datasets/global_precipitation_1950_2017/rasters/precip_1990-total.asc
NCOLS 720 
NROWS 347 
XLLCORNER -180 
YLLCORNER -90 
CELLSIZE 0.5 
NODATA_value -9999 
[rows 0 to 33 of 347, columns 228 to 303 of 720]
-9999 -9999 -9999 -9999 -9999 -9999 -9999 -9999 -9999 -9999 -9999 -9999 -9999 -9999 -9999 -9999 -9999 -9999 -9999 -9999 -9999 -9999 -9999 -9999 -9999 -9999 -9999 -9999 -9999 -9999 -9999 -9999 -9999 -9999 -9999 -9999 -9999 -9999 -9999 -9999 -9999 -9999 -9999 -9999 -9999 74.6 73.2 -9999 -9999 -9999 -9999 -9999 66.1 -9999 64.4 63.5 62.7 62 61.3 60.9 60.3 60 59.9 60 59.9 59.8 60.6 61.6 61.9 62.6 63.4 64.6 65.4 66.6 68.2 69.4
152.7 156.1 159.7 163.1 166.2 -9999 -9999 -9999 -9999 -9999 -9999 -9999 -9999 -9999 -9999 -9999 -9999 -9999 -9999 -9999 -9999 -9999 -9999 -9999 -9999 -9999 -9999 -9999 -9999 -9999 -9999 -9999 -9999 -9999 -9999 -9999 -9999 -9999 -9999 -9999 80.7 79.6 78.7 77.7 76.8 75.8 74.7 73.7 -9999 -9999 71.5 70.4 69.9 69.4 68.3 67.7 67 66.9 66.4 65.7 65.2 65.1 64.8 64.7 64.6 64.6 64.4 64.7 64.7 64.9 65.8 66.1 67.4 68.5 69.1 70.6
120.7 122.8 125.3 127.1 128.9 130 130.6 129.7 128.2 126 -9999 -9999 -9999 -9999 -9999 -9999 -9999 -9999 -9999 -9999 -9999 -9999 92.1 90.4 -9999 88.5 87.4 86.6 -9999 -9999 83.9 83.1 82.1 81.6 81.3 80.4 -9999 -9999 -9999 -9999 77.7 77 76.7 76.5 76 -9999 -9999 75 74.5 73.7 73.7 72.9 72.8 72.4 71.7 71.6 71 70.7 69.9 69.5 68.5 67.9 67.4 67 66.4 65.7 65.4 64.8 64.9 65 64.9 65.3 65.7 66.7 68.6 70.8
74.2 -9999 69 67.2 -9999 -9999 -9999 -9999 -9999 48.7 45.8 43.9 42.8 43.1 -9999 47.3 50.3 52.9 55.5 58.1 60.4 62.2 63.9 65.3 -9999 66.9 67.7 68.9 69.6 70.3 70.9 -9999 72.2 72.1 72.1 72.7 73.2 73.2 73.7 73.7 74 74.1 74.5 74.8 74.1 74.6 75 75.1 75.4 75.9 75.3 75.5 75.7 76.1 75.9 76 76.1 75.6 75.5 75.2 75 74.3 73.9 73.7 73.3 73.4 73.4 -9999 73 73.4 74.1 75.3 76.9 78.5 80.3 82.3
57.8 -9999 -9999 -9999 -9999 -9999 -9999 -9999 -9999 -9999 34.9 34.1 34.2 34 35.1 36.6 38.2 40.5 42.6 44.9 47 48.9 50.8 53 54.7 56.3 57.8 59.5 59.4 60.6 61.7 63.1 64 65.2 65.9 66.5 67.5 68.4 69.2 70 71.3 71.9 72.9 73.5 74.2 75.4 75.9 77 77.5 78.4 79 79.6 80.5 81.1 81.6 82.2 83.3 83.6 83.6 84 85.2 85.7 86 86.3 87.1 87.2 87.9 88.3 89.2 90.3 91.7 93 94.1 95.7 97.5 99.6
-9999 54.5 53 51 49.2 47.7 46.2 44.5 43.4 42.6 42.1 41.9 41.2 41.5 42.1 42.6 43.2 44.3 44.8 46 47 48.1 49.1 50 51.2 52.3 53.4 54.5 55.9 57.2 58.1 60.3 61.4 62.5 63.8 63.5 64.5 65.6 66.7 68.3 69.8 71.4 72.4 73.7 75.6 76.8 78.7 79.8 81.4 83 84.2 85.5 86.9 88 89.5 90.7 92.1 93.2 94.6 95.2 96.9 98 99.2 100.3 101.5 102.4 103.7 104.7 106.2 108 109.4 110.8 112.6 114 115.9 117.2
61.4 59.9 57.9 56.3 55.1 53.8 52.9 51.3 51.2 48.9 48.4 47.8 47.4 47.7 47.1 47.1 47.3 47.3 47.5 47.9 48 48.7 49.1 50.1 50.7 51.5 52.5 53.8 54.7 55.4 56.7 57.6 58.9 59.8 61.3 62.8 63.8 65.7 65.8 68 69 71.2 73.5 75.1 77.5 79.2 81.6 83.5 85.6 88.1 90.4 92.2 94.5 96.6 98.6 100.7 102.7 104.6 106.4 108.5 110.4 112.2 114.2 116.3 117.8 120 121.5 123.7 125 127 128.5 130.4 132.1 133.6 135.3 137
-9999 -9999 60.2 58.7 57.7 56 55.4 53.7 53.1 52.5 51.3 50.8 50.4 50.2 49.8 49.6 49.4 49.2 49 48.7 48.8 48.6 49.1 49.5 50.2 50.9 51.8 52.3 53.5 54.6 55.6 56.5 57.1 58.2 59.4 60.5 62.1 63.9 65.9 68.2 70.5 71.7 73.8 76.7 79.5 82.6 85.1 88.1 91.2 94.3 97 100 103 106.2 109.1 112.1 114.9 117.8 120.6 123.2 126 128.9 131.6 134.2 136.8 138.9 141.8 144 145.8 147.7 150 151.9 153.9 155.8 156.7 158.2
-9999 59.4 58 57.1 55.2 54.1 53.4 52.7 52.2 51.6 50.6 49.4 49.4 49.4 49.1 48.5 48.4 48.2 47.6 47.5 47.5 47.5 49.3 48.1 48.7 49.5 50.2 50.9 52.1 53.7 54.5 54.7 55.5 57.2 58.8 59.6 61.2 63.1 65.4 68 69.9 73 75.9 79.5 81.8 85.5 89.1 92.9 96.8 100.8 105.1 109.1 113.6 117.2 121.8 125.5 129.7 133.7 137.2 140.7 144.2 147.9 151.2 154.3 157.2 160 163 166.5 168.5 170 173.7 175.9 178.2 179.8 181.4 182.8
52.7 52.3 51.1 50.8 50.2 49.8 49.6 49.2 48.9 48.4 47.4 46.7 46.1 47.4 45.3 45.3 45.3 45.1 45.4 45.3 45.2 44.8 44.8 46.4 46.5 46.3 47.2 48.4 48.9 49.9 51.4 53.1 54.6 55.4 56.3 59.3 59.6 62.4 65.6 68.2 70.8 74.2 78.1 81.9 86.1 89.6 94.7 99.1 104.3 109.8 115.6 121 126.1 131.9 136.6 143.1 147.2 151.5 159.3 164.2 168.6 172.6 176.1 179.7 182.9 184.9 187.3 190.1 192.9 195.9 198.4 201.4 203.5 205.7 207.7 208.7
43.3 43.4 43.1 43.4 43.5 43.4 43.8 43.7 43.9 44.1 44.3 44 44 43.6 43.3 43.4 42.4 42.7 42.3 42.4 42.3 42.1 42.3 42.5 44.9 43.5 44.3 44.8 47.7 49 48.8 49.8 51.7 53.4 54.9 56.9 60.1 62.5 66.9 68.7 72.4 75.9 80.5 84.6 89.2 94.4 99.9 106.2 112.7 119.7 126.7 134.4 143.2 148.4 154.6 160.4 167.4 173.5 179.7 183.5 190.4 195 200.4 204.5 208.3 211.9 214.4 216.5 219.9 222.2 225.3 226.9 230.1 233 235.7 237.2
37.6 38.3 38.8 39.3 39.7 39.9 40.4 40.6 40.5 41.1 41.2 41.2 41.1 40.7 40.6 40.2 40.2 41.4 39.8 40 40.7 41.5 41.5 41.9 42.6 42.9 44 45.1 46.5 47.4 48.8 50.7 52.3 54.5 57.1 59.6 62.7 66.5 69.4 73.5 77 81.6 84.6 89.3 94.8 100.9 107.8 115.7 124.1 132.8 142.6 152.1 160.7 169.6 178 184.8 193.2 199.7 206.8 212.8 219.4 223.7 225.6 230.7 233.8 242.2 239.5 244.5 248 251.5 254.4 256.9 259.3 261.7 263.6 265.1
37.9 38.8 39.6 40.5 40.6 40.9 41 41.1 41.3 40.6 40.8 40.3 39 38.8 39.2 39.5 39.8 39.3 39.7 40.2 41.7 42 42.6 44 45.3 46.4 47 48.8 50 51.2 52.5 55.7 57.3 61 63 65.3 68.5 72.3 75.6 80.7 86.4 91 96.1 101.5 107.9 116.1 125.2 135.2 145.7 156.4 167 176.8 186.1 195.2 204.8 212.4 219.7 227.3 234.2 237.9 243.8 247.6 255.1 259.2 262.9 265.4 268.8 273 276.9 279.8 282.3 283 285.8 288.4 290.6 289.7
45.3 45.1 44.5 44.2 43.7 43.2 42.7 42.2 41.6 42.2 40.7 40.6 40.7 41.4 41.6 42.4 42.5 42.9 44 44.6 45.5 46.9 48 49.5 50.7 52.2 53.6 55.4 56.8 59 61 63.5 65.8 69.3 71.9 76 80.5 85.7 91 97.8 104.6 112.7 119.7 127.6 135.7 145.5 159 166.8 177.4 189.8 202.7 212.6 221.9 229.7 228.1 235.5 242 249.3 256.9 267.7 272.8 270.4 276 277.6 285.1 288.3 291.9 295.6 299.9 302.6 303.8 309.3 310.7 313 312.8 313.3
-9999 49.7 48.5 -9999 46.6 -9999 -9999 -9999 44.2 44.3 44.8 45.3 46.1 46.5 47.8 48.3 49.3 50.5 52.7 53.6 54.5 55.7 57.8 58.9 60.8 62.9 64.6 66.4 68.2 70.4 73.4 77 82.1 83.6 90.3 95.6 101.4 107.5 115.5 123.8 132.7 138.9 153.4 162.8 172.2 182.1 192.4 203.3 213.6 224 232 240.1 249.2 256.4 262.8 268.7 271.4 278.1 280.7 285.9 290.2 294.6 299.4 302.4 306.1 310.3 313.3 315.1 318.4 320.5 321.6 323.5 327.3 327.4 329.3 329.3
-9999 -9999 -9999 -9999 -9999 -9999 -9999 -9999 -9999 -9999 -9999 -9999 -9999 -9999 57.4 59.3 61 62.8 66.1 68.6 69.2 71.8 73.8 75.9 78.7 80.1 82.8 85.6 88.5 92.1 95.3 98.6 103.5 109.9 111.1 118.9 125.9 135.5 145.5 154.9 162.8 176.9 184.3 193.3 202.7 212.7 222.2 232.5 241.5 251.8 260.5 268.3 273.6 279.6 285.2 290.3 293.3 300.8 304.2 307.3 311.1 312.8 315.6 318.2 319.9 323.8 325 328.1 329.9 331.7 332.2 334.1 335.4 336.7 337.5 338.5
-9999 -9999 -9999 -9999 -9999 -9999 -9999 -9999 -9999 -9999 -9999 -9999 -9999 -9999 -9999 74.7 77.5 79.5 83.6 84.8 88.5 92.5 94.9 97.6 101.9 105.4 108.9 113.7 118.7 120.1 124.2 127.2 132.3 139.2 144.9 153.6 160.6 170.4 178.8 189.5 200.2 208.9 217.9 223.5 230.5 237.5 245.3 253.2 260.9 269.6 276.4 284.4 292 294.1 303 307.1 311.5 312.5 315.4 319.6 322.3 325.9 326.5 328 329.8 331.3 332.8 333 334.7 334.4 335.3 336 336.8 336 337.4 337.4
-9999 -9999 -9999 -9999 -9999 -9999 -9999 -9999 -9999 -9999 -9999 -9999 -9999 -9999 -9999 -9999 -9999 -9999 104.2 107.4 112 117.2 121.7 126.3 130.3 134.9 139.3 143.5 148.3 153.6 159.1 164.7 171 177.2 183.3 190 197.7 205.3 211.8 220.7 227.2 232.4 237.9 242.6 246.7 251.3 256.6 262.4 269.9 278.2 285.9 293.8 300.8 307.6 311.4 314.2 316.6 320.2 324.6 326.5 330.3 331.8 331.9 332.9 335.4 335.4 335.2 335.6 334.3 334.6 334.1 333.4 333.3 333 332.3 331.6
-9999 -9999 -9999 -9999 -9999 -9999 -9999 -9999 -9999 -9999 -9999 -9999 -9999 -9999 -9999 -9999 -9999 -9999 -9999 -9999 140.7 146.7 152.6 158.4 164.3 170.2 175.4 182.2 187.8 194.3 199.8 206.2 211.7 217.5 222.6 229.5 234 239.1 243.3 247 252 254.6 258.7 259.6 265.9 270 271.8 275.6 280.2 284.7 291.7 299.5 304.8 312.6 316.9 318.7 320.7 323 326.2 328.3 326.2 330 333.1 332.7 333.1 333.3 333.1 331.6 331.5 330.6 330.4 329.9 329.9 329.7 328.9 328.2
-9999 -9999 -9999 -9999 -9999 -9999 -9999 -9999 -9999 -9999 -9999 -9999 -9999 -9999 -9999 -9999 -9999 -9999 -9999 -9999 178.5 184.6 190.4 196.6 202.9 209 212.8 220.4 225.1 231.2 235.2 241 246 250.5 254.5 259.9 264.4 267.2 271.1 275.1 274.7 275.5 277.2 277.8 278.3 278.3 281.1 284.4 288.2 293.3 297.6 302.6 305.7 312.6 316.9 320.7 322.7 324.9 325.5 326.1 326.2 329.3 328.3 327.2 327 328.8 325.5 325.3 326 325.7 325.4 326.1 325.5 325.5 324.1 323.9
-9999 -9999 -9999 -9999 -9999 -9999 -9999 -9999 -9999 -9999 -9999 -9999 -9999 -9999 -9999 -9999 -9999 -9999 -9999 -9999 -9999 -9999 219.9 225.4 227 232.1 236.9 241.6 246.3 251.9 258.6 262.2 267.8 274.7 279.1 283.3 284.1 286.2 287.8 288.1 288.6 289.9 288.1 288.7 289.6 286.9 287.1 286.9 286.8 286.5 289.1 294.6 301.2 313.7 316.8 320.1 322.4 324.9 323.9 323 326.3 325.4 324.1 324 323.2 323.3 320.9 320.1 319.6 320.5 319.9 318.9 318.2 317.6 318.4 318.3
-9999 -9999 -9999 -9999 -9999 -9999 -9999 -9999 -9999 -9999 -9999 -9999 -9999 -9999 -9999 -9999 -9999 -9999 -9999 -9999 225.2 229.8 234.8 240 245.2 248.9 254.5 258.9 265.4 271.5 275.3 278.3 283.8 287.7 291.6 296 298 300.4 299.4 299.9 301.2 301.6 298.6 293.9 293.5 291.2 287.6 291.7 285.4 286.8 293.3 300.1 306.8 313.2 319.2 324.9 330.2 330.9 331.8 335.8 333.6 331.2 328.8 328.2 324 319.8 316.7 317.2 314.6 314.1 310.9 310.3 308.9 309.8 309.9 309.9
-9999 -9999 -9999 -9999 -9999 -9999 -9999 -9999 -9999 -9999 -9999 -9999 -9999 -9999 -9999 -9999 -9999 -9999 -9999 -9999 -9999 -9999 248 253.8 258.2 263.6 266.3 274.1 278.4 284.3 286.7 293.8 295.5 299.1 302.9 305.9 306 304.7 308.8 310.7 305.7 311 309.9 308.6 305.5 302.5 296.8 297.6 294 290.7 307.6 301.3 313.8 327.7 337.3 345.3 351.8 361.1 363.4 359.6 353.3 350.6 346.3 339.9 336.4 332.8 327.5 321.1 317.2 315.2 309.9 307.6 303.8 302.6 301.7 301.8
-9999 -9999 -9999 -9999 -9999 -9999 -9999 -9999 -9999 -9999 -9999 -9999 -9999 -9999 -9999 -9999 -9999 -9999 -9999 -9999 247.1 252.7 258 262.4 -9999 -9999 273.5 276.6 280.3 285.6 289.9 294 294.1 297.1 301.1 305.4 308.3 310.6 310.3 308.9 312.1 311.4 312.9 312.7 311.2 308.4 304.4 307.9 302.1 305.4 309 325.8 339.4 360.3 380.1 400.1 415.8 424.6 421.4 411.4 403.9 394.9 385.6 375.6 366 355.8 343.2 335.1 328.5 321 316.2 310.2 306 301 301.1 299.6
-9999 -9999 -9999 -9999 -9999 -9999 -9999 -9999 -9999 -9999 -9999 -9999 -9999 -9999 -9999 -9999 -9999 -9999 -9999 -9999 -9999 -9999 -9999 -9999 265.3 -9999 267.7 272.5 275.7 280.7 283.4 289.2 294.8 299.9 304.3 307.2 309.9 312.3 313.3 312 311.8 310.4 310.1 308.3 306.7 304 313.4 317.3 311.3 323.2 343.9 364.2 399.7 441.8 483.8 490 537.6 528.2 526.8 501.1 481.7 470.2 453.3 437.8 422.2 403.9 389.7 377.4 363.7 353.7 345.1 336 328.5 325.7 315.9 312.6
-9999 -9999 -9999 -9999 -9999 -9999 -9999 -9999 -9999 -9999 -9999 -9999 -9999 -9999 -9999 -9999 -9999 -9999 -9999 -9999 -9999 -9999 -9999 272.5 271.3 270.6 -9999 -9999 -9999 277 -9999 297.9 305.5 314.9 318.8 318.4 319.4 318.6 318.9 316.9 317.4 315.6 313 313.5 312.3 311.4 313.1 316.6 322.4 345.4 377.8 420.9 476.9 540.3 590.2 623.8 657.7 628 636.6 616.5 598.1 573.7 551.5 528.3 504.8 487.1 468.7 451.4 435.7 419 406.3 391.6 378.7 369.2 362.2 357.5
-9999 -9999 -9999 -9999 -9999 -9999 -9999 -9999 -9999 -9999 -9999 -9999 -9999 -9999 -9999 -9999 -9999 -9999 -9999 -9999 -9999 -9999 -9999 296.7 290 -9999 286.8 297.3 307.6 320.3 327.6 332.7 335.4 336.7 337.8 336.8 333.1 331.4 327.3 322 317.5 312.7 309.3 308.8 306.2 311 323 334.7 352.2 380 428.2 489.7 566.2 645.2 675.3 721.5 737.1 736.7 720.6 694 685.5 656.3 638.7 618.9 604 589.7 574.3 561 542.4 523.4 502.7 485.1 467.8 452.2 438.6 426.3
-9999 -9999 -9999 -9999 -9999 -9999 -9999 -9999 -9999 -9999 -9999 -9999 -9999 -9999 -9999 -9999 -9999 -9999 -9999 -9999 -9999 -9999 373 376.1 372.8 363.3 356.7 359.4 -9999 371.1 -9999 370.4 366.8 360.9 355 347.5 341 335.1 327.8 320.9 313.9 308.1 305.1 303.3 300.5 308.5 325.2 354.1 386.3 427.7 487.7 556.2 627.3 685.3 738.6 753.8 771.8 767.7 756.4 747.3 734.5 721.7 711.8 704.3 694.1 679.3 672.3 665.7 654.2 642.6 627 619.2 595.6 579.4 561.6 543.3
-9999 -9999 -9999 -9999 -9999 -9999 -9999 -9999 -9999 -9999 -9999 -9999 -9999 -9999 -9999 -9999 -9999 -9999 -9999 -9999 -9999 -9999 -9999 -9999 -9999 -9999 -9999 -9999 -9999 -9999 385.3 382.6 374.9 365.7 356.2 347.6 336.9 327.6 318.7 310.5 303.7 296.3 289.8 288.1 292.6 308.9 337.5 380.1 430.5 490.1 567.6 632.2 677 715.2 757.5 778.2 780.5 780.1 772.5 767.7 760.5 755.7 751.7 748.9 745.9 740.6 737.1 737.6 733.2 732 726.4 717.8 710.9 704.2 692.7 678.7
-9999 -9999 -9999 -9999 -9999 -9999 -9999 -9999 -9999 -9999 -9999 -9999 -9999 -9999 -9999 -9999 -9999 -9999 -9999 -9999 -9999 -9999 -9999 -9999 -9999 -9999 -9999 -9999 -9999 352.8 353.1 353.6 348.4 340.8 332.1 323.4 313.6 303.5 294.6 287.3 279.2 273.6 268.1 271.7 286.5 317.6 367 427.6 494.5 565.8 649.4 700.7 728.1 747.3 764.8 781.6 783.5 782 777.5 771.5 768.5 765 761.8 758.4 755.3 754.6 753.9 757 759.9 762 764.8 771.7 778 782.8 783.6 785.1
-9999 -9999 -9999 -9999 -9999 -9999 -9999 -9999 -9999 -9999 -9999 -9999 -9999 -9999 -9999 -9999 -9999 -9999 -9999 -9999 -9999 -9999 -9999 -9999 -9999 -9999 340.5 334.4 -9999 -9999 315 307.9 299.2 292.5 283 277.4 269.6 262.3 253.7 249.3 245.2 247.3 242.5 251.9 286.9 345.8 421.2 499.8 578.4 637.8 710.9 746.1 759.6 768.7 785.8 785.9 783.6 783.6 781.7 775.8 769.3 767.5 765.3 761.1 758.8 759.3 765.6 765.6 -9999 779.4 -9999 -9999 -9999 -9999 -9999 -9999
167.5 165.1 161.5 -9999 -9999 -9999 -9999 -9999 -9999 -9999 -9999 -9999 -9999 -9999 -9999 -9999 -9999 -9999 -9999 -9999 -9999 -9999 -9999 -9999 -9999 340.4 -9999 -9999 303.6 -9999 260.5 239.3 228.8 218.7 217.7 219.8 218.1 220.3 213.8 207.7 208.6 206.4 233 261.6 312.2 409.6 509.5 598.5 661.3 706.3 749.3 770.9 782.3 790.7 795.8 792.8 791.1 787.1 780.7 775.8 770.1 768 766 765.1 763.9 764 -9999 -9999 -9999 -9999 -9999 -9999 -9999 -9999 -9999 -9999
193.3 184 173.9 -9999 -9999 -9999 -9999 -9999 -9999 -9999 -9999 -9999 -9999 -9999 -9999 -9999 -9999 -9999 -9999 -9999 -9999 -9999 -9999 -9999 371.2 -9999 345.2 327.6 306.5 275.7 205 145.2 138.4 148.3 162 175.9 183.9 183.4 181 181.3 184.5 189 220.3 293.2 391.4 502.6 598.6 673.1 725.2 757.8 774.9 789.7 793.5 797.6 796.5 796.8 793.7 789.3 786 781.9 776.7 775 774.3 773.7 771.5 -9999 -9999 -9999 -9999 -9999 -9999 -9999 -9999 -9999 -9999 -9999
237.4 224.2 209.4 194.7 181.3 173.7 187.7 257.5 367.2 -9999 -9999 -9999 -9999 -9999 -9999 -9999 -9999 -9999 -9999 -9999 -9999 -9999 -9999 -9999 -9999 -9999 369.5 354 333.1 295.9 232.2 177.8 161 165 174.5 192.1 190.1 193.3 182.7 182.7 178 197.6 258 364.9 479.3 583.3 673.6 725.9 757.7 775.8 787.2 800.3 803.8 807.1 805.6 803.1 799.4 795.3 790 787.2 785.2 782.9 784.2 786.6 -9999 -9999 -9999 -9999 -9999 -9999 -9999 -9999 -9999 -9999 -9999 -9999
