datasets/global_precipitation_1950_2017/rasters/precip_1992-total.asc
NCOLS 720 
NROWS 347 
XLLCORNER -180 
YLLCORNER -90 
CELLSIZE 0.5 
NODATA_value -9999 
[rows 68 to 101 of 347, columns 380 to 455 of 720]
801 681.9 733 708.9 670.3 784.2 914.5 616.4 500.2 552 541.6 496.8 446.8 465.6 516.6 598 687.5 677.7 818.7 877.8 1080.4 743.6 621.7 587.6 703.5 713.8 737.9 674.5 570.6 553.6 566.5 532.5 525.9 542.9 523.9 509 496 481.5 580.4 560.2 563.9 505.2 458.7 461.3 478.3 487 456.3 411.1 391 407.7 391.6 402.1 436.7 495.1 596.7 605.3 620.4 624.3 599.3 547.8 513.9 537.5 519.7 501.6 456.9 417.3 417 411 405.3 406.7 397.9 357.2 307.3 275.1 301.1 299.6
768.8 732.9 834.7 696.6 672.5 707.3 1049.3 1050.8 661.2 627.1 535.5 395.4 460.6 492.9 561.2 641.1 561.5 558.3 671.4 627.5 543 608.4 593 499.6 763.8 857.2 1211.9 847.8 660.9 567.5 505.2 493.6 479.7 453.2 493.7 450.6 475.3 471.6 517 552.5 572.2 531 435.2 366.9 362.8 456.2 421.2 408.1 414.3 396.8 311.1 377.9 409.7 470.1 548.1 587.8 633.1 657.7 646.1 582.6 572.5 561.2 504.7 469.2 442.2 415.6 402 413.3 434.9 406 401.7 365 325.7 312 317.8 307.9
899.5 895.3 859.7 814.2 769.3 792.5 815.5 826.2 778.4 770 573 529.3 591 505.8 480.1 495.8 428.6 583.4 534 468.9 592.3 661.7 553.9 520.2 504.9 551.4 765.9 987.1 851.6 894.4 589.6 574.9 459.6 245.6 430.1 429.2 448.9 482.9 455 442.1 424.5 389.5 387.4 346.5 327.6 376.8 389.2 405.6 429.5 466 486.5 407.6 391.9 469.1 527.3 556.1 687.2 696.9 652.5 563.6 423.3 472.1 481.4 438.3 448.1 414.3 378.5 431 462.4 475.8 434.3 364.8 338.2 352.5 291.9 260.9
1794.9 1180.5 1199.6 1223.3 1265.4 1860.8 1382.2 1817.7 1210.6 1387.5 1453.3 967.1 557.5 647.1 538 535.5 619.5 487.4 482.4 545.7 598.8 607.1 466.2 435.3 384.7 354.5 555.5 609.5 507 496.9 500.6 260.1 234.6 266.5 155.8 382.5 424 411.9 381 300.3 322.5 329.7 310.4 312.7 317.8 344.2 355.6 370.9 387.6 384.7 360.8 423.5 486.9 505.2 522.9 531 611.4 650.3 662.6 607.9 581.5 554 553.6 548.3 550.1 518.1 500.3 474.8 483.1 505.7 442.6 374.4 340.1 314.2 275.3 240.2
1472.9 750.3 981.5 1041.2 1143.4 1155.2 1106.7 975.3 730 752.8 1195.8 783.8 719.6 813.8 771.7 741.2 584.8 477 480.7 598.8 658 562.8 403.8 337 328.6 436.9 318.7 299.4 450.1 457.3 366.1 362.1 242.1 160.3 198.9 361.7 443.1 398.9 385.8 346.8 323.8 296 287.9 295.9 320.1 334.4 300.8 335.9 357.1 378.4 384.2 468.7 654 545.3 447.9 479.8 618 737.1 708.4 627.3 604.9 586.2 578.5 582.3 591.4 568.4 493.9 437.6 428.3 423.5 398.4 362.9 326.5 288.1 257.7 239.6
670.5 772.7 878.7 1022.1 1213.6 1043.7 1232.7 920.1 870.2 780.1 967.2 816.7 666.9 899.8 935.9 834.4 772.1 685.6 619.3 656.3 592.6 516.4 452.4 316.4 343.5 322.3 321.8 404.3 213.8 549.6 352.9 400.9 418 295.1 193.5 258.9 373.2 383.2 365.7 344.6 367.1 350.6 323 303.4 372.2 427.1 367.4 371.7 381.6 401.2 413.3 456.6 474.7 -9999 -9999 -9999 -9999 644 679.4 701.6 659.7 587.5 572.4 616.9 597.2 539.8 458.5 436 407.8 375.5 353.4 339.8 310.6 272.1 255 248
1172.1 1213.3 1007.7 1630.4 1458.5 1737.1 2662.7 2266.2 1556.7 1368.4 1095.2 951.8 852.7 856.6 869.5 1009.8 1029.9 803.2 642.4 503.6 518.8 383.7 295.1 257.6 273.5 403.6 249.7 198 192 406.7 184.1 344.9 270.9 129.2 249.7 178.5 341.6 377 363.3 358.9 304 -9999 -9999 -9999 336.8 334.2 362.3 398 421.7 460.9 -9999 -9999 -9999 -9999 -9999 -9999 -9999 766.8 781.6 778 742.7 608 560 626.2 633.3 565.1 497.7 452.1 426.1 362.1 315.8 338.7 306.7 271.7 261.9 286.8
1309 1148.5 1844.2 1105.8 922 1084.6 -9999 1219 1769.7 1686.5 1230.9 914.9 806 831 858 922.8 924.1 688.9 560.7 503.3 457.6 330.2 384.7 272.5 253.1 350.4 387.7 473.4 419.4 387.5 275.4 256 300.6 207.7 137.6 217.3 352.8 356.2 331.3 300 -9999 -9999 -9999 -9999 -9999 -9999 354.3 420.5 471.3 447.9 -9999 -9999 -9999 -9999 -9999 -9999 730.7 815.6 842.4 877.2 866.8 749.7 688.7 683.2 678.5 636.3 593.5 553.6 502.7 428.9 362.2 330.2 292.9 273.1 278.7 233.2
801 698.8 759 762 -9999 -9999 -9999 991.9 1287.3 1737.8 1392.4 1144.7 1009.1 921.6 825 791.8 750.3 599.5 581.3 476.9 435.1 417.3 383 459.8 385.9 254.3 303.9 224.4 228.6 313.9 358.9 294.4 139 292.7 213.5 186 281.7 381.1 169.5 -9999 -9999 -9999 -9999 -9999 -9999 -9999 382.5 502.1 530.3 534.9 539.8 541.8 593.8 -9999 693.9 752.5 769.7 866.2 894.5 819.9 763.2 758.8 757 753 738.2 669.8 670.3 625.6 553.6 502.6 438.9 371.2 304.9 276.7 273.4 151.2
1108.6 915.7 652 592.3 -9999 -9999 -9999 -9999 -9999 -9999 1673.1 1285.5 1207.8 1052 941.5 777.7 794.1 767.3 695.3 541.2 413.9 537.7 532.4 333.1 426.6 321.1 251.6 104.7 131.2 193.8 311.5 244.9 231.1 139.8 143.1 123.9 107.2 175 -9999 -9999 -9999 -9999 -9999 -9999 -9999 -9999 -9999 577.6 787.4 -9999 -9999 -9999 -9999 -9999 -9999 1011.3 945.7 1035.2 1000.2 927.4 882.3 842.5 815.1 721.8 712.3 697.5 658.1 579 491.1 474.2 424.1 375.4 342.7 318.3 292 267.2
2440.8 1718.1 1107.5 875.5 595.6 -9999 -9999 -9999 -9999 -9999 920.4 1165.4 1180.1 1106.7 751.1 697.6 851.5 1046.8 798.9 732.1 662.7 647.6 595.9 530.3 430 249.8 194.5 239 208.8 214 280.8 331.8 235.6 196.1 225.2 169.4 87.6 -9999 -9999 -9999 -9999 -9999 -9999 -9999 -9999 -9999 -9999 -9999 -9999 -9999 -9999 -9999 -9999 -9999 -9999 -9999 -9999 -9999 2078.3 1493 1196.3 995.7 830.5 740.3 714.5 670.5 632.8 676.6 578.8 514.6 449.1 365.4 383.5 384.2 361.7 326.4
-9999 1233.5 880.8 1429.6 1074.2 878.3 -9999 -9999 -9999 -9999 -9999 -9999 767.8 1105.2 1102.3 1513.6 1024.4 743.7 679.1 746.8 722.9 656.8 586 522.1 475.5 358.9 375.6 206.8 227.2 286.1 124.1 263.6 325.8 377.8 427.6 347.9 307.7 -9999 -9999 -9999 -9999 -9999 -9999 -9999 -9999 -9999 -9999 -9999 -9999 -9999 -9999 -9999 -9999 -9999 -9999 -9999 -9999 -9999 -9999 1796.2 2085 1826 1137.1 881.6 888.9 721.7 734.1 714.9 681.7 634.7 600.8 568.6 571.8 570.9 486.4 445.1
-9999 1079.3 851.2 857 978 1072.8 826.8 705.5 -9999 -9999 -9999 -9999 -9999 -9999 926.3 1029.8 1319.8 982.3 674.6 586.3 593 926.4 588.2 438.6 505.3 548.6 652.9 544.6 342.4 362 321.2 335.5 437.5 464.2 527.3 580.7 -9999 -9999 -9999 -9999 -9999 -9999 -9999 -9999 -9999 -9999 -9999 -9999 -9999 -9999 -9999 -9999 -9999 -9999 -9999 -9999 -9999 -9999 -9999 -9999 -9999 1867 1838.8 2060.7 1538.4 943.8 1008.4 920.4 1070 1051.6 685.2 566.5 643.7 638.3 469 455
-9999 -9999 647.4 931.9 978.8 1139.1 1216.3 1066.5 -9999 -9999 -9999 -9999 -9999 -9999 -9999 -9999 1509.5 1219.3 1333 890.2 617.9 479.9 505.3 543 429.7 443.7 492.5 531.1 565.2 803.1 733.6 499.1 425.3 476.6 432.4 460.1 -9999 -9999 -9999 -9999 -9999 -9999 -9999 -9999 -9999 -9999 -9999 -9999 -9999 -9999 -9999 -9999 -9999 -9999 -9999 -9999 -9999 -9999 -9999 -9999 -9999 -9999 -9999 2175.7 2240.5 1294.6 1368.8 1096.2 1196.6 1026.5 907.1 637.8 511.1 591.7 491.9 434.3
-9999 -9999 -9999 847.6 912.7 1197.5 1170.4 1031.6 860.9 -9999 -9999 -9999 -9999 -9999 -9999 -9999 -9999 -9999 1170.8 2344.1 1082.1 418.7 520.2 481.5 447 370.4 562.1 629 357.6 378.7 393.6 403.6 441.6 469.5 554 564.7 -9999 -9999 -9999 -9999 -9999 -9999 -9999 -9999 -9999 -9999 -9999 -9999 -9999 -9999 -9999 -9999 -9999 -9999 -9999 -9999 -9999 -9999 -9999 -9999 -9999 -9999 -9999 2083.5 1978.5 1731.6 1456.6 995.7 907.9 925.4 797.2 762.7 988.8 833.6 564.8 345.2
-9999 -9999 -9999 -9999 871.5 1028.7 1228.9 1341.5 1107.2 720.5 499.1 492.1 -9999 -9999 -9999 -9999 -9999 -9999 -9999 1174.6 1040.1 747.7 613.9 418.4 279.7 415.6 445.6 498.4 524.8 669 364.9 430.4 506.5 523 649.8 586.1 -9999 -9999 -9999 -9999 -9999 -9999 -9999 -9999 -9999 1025 1196.7 1415.1 1315.2 1073.7 -9999 -9999 -9999 -9999 -9999 -9999 -9999 -9999 -9999 -9999 -9999 -9999 -9999 3296 2017.5 748.5 907.4 888.1 701.1 626.8 738.8 787 1124.3 1136.7 898.6 519.3
-9999 -9999 -9999 -9999 -9999 -9999 -9999 1238.4 1215.7 911.7 653.2 472 451.9 -9999 -9999 -9999 -9999 -9999 -9999 952.3 1231.5 514.8 565.2 430.3 404.4 512.5 480.2 481.7 542.6 588.5 509.4 508.5 540.6 636 582.6 575.5 617.7 769 -9999 -9999 -9999 -9999 -9999 978.4 1210.7 717.9 671.7 465.3 600.4 611.6 568.3 593.7 636.3 870.7 -9999 -9999 -9999 -9999 -9999 -9999 -9999 -9999 2284.9 1375.7 1170.4 643.3 650.4 639.8 604.9 502.3 483.5 632.2 710.6 577.1 833.2 707.2
-9999 -9999 -9999 -9999 -9999 -9999 -9999 -9999 -9999 1265.7 1027 603 437.9 401.3 449.2 -9999 -9999 -9999 -9999 743.9 772.3 432.1 606.4 639.2 830.4 501.8 445.5 -9999 -9999 423.1 -9999 -9999 472.9 547.2 623.5 -9999 -9999 -9999 -9999 -9999 1039.7 997.5 1031.7 798.6 773.4 683.3 566.7 511.2 496.2 404.4 372.8 396.9 458.4 489.6 732.2 870.1 1045.3 988.1 927.6 990.1 1432.4 1586.7 1192.6 786.5 614.6 547.7 514.5 502.9 546 644.3 625.2 657.8 337.4 352.8 451.3 552.7
-9999 -9999 -9999 -9999 -9999 -9999 -9999 -9999 -9999 -9999 797.8 689 662 -9999 -9999 -9999 427.3 -9999 -9999 950.1 1065.8 790.7 597.4 407.1 499.9 -9999 -9999 -9999 388.8 -9999 -9999 -9999 -9999 484.3 597.8 522.3 501.3 686.1 879.8 628.3 673.2 710.4 733.3 650.3 562.6 569.4 471.4 425.8 458.5 442.3 415 446.4 467.7 529.8 558 612.6 629.4 656.8 599.8 615.8 580.7 618.3 548.3 507.3 499.7 615.9 487.8 390.2 486.5 590.1 532.1 464.6 657.5 450.3 340.8 277.5
-9999 -9999 -9999 -9999 -9999 -9999 -9999 -9999 -9999 -9999 -9999 -9999 525.3 -9999 -9999 -9999 -9999 -9999 -9999 868.1 952.3 843.5 1193.3 740.6 449.6 406.2 -9999 -9999 -9999 -9999 -9999 -9999 368.8 437.8 484.1 465.9 500.3 633.2 724 587.9 497.9 442.5 460.6 421.3 363.3 342.3 367.3 408.4 482.6 588.8 559.6 513.9 539 615.1 482.5 561.5 568.2 626.4 571 635.8 629.9 590.3 468.6 501.9 550.2 630.2 599.2 385.4 351.1 381.5 381.9 708.6 584 602.7 387.7 224.1
-9999 -9999 -9999 -9999 -9999 -9999 -9999 -9999 -9999 -9999 -9999 -9999 883.5 1219.1 -9999 -9999 -9999 -9999 -9999 -9999 -9999 819.8 832.6 685.2 498.1 447.1 510.8 -9999 -9999 -9999 -9999 -9999 391.6 395.3 504.2 428 463.5 656.7 574.5 603.5 569.2 465.6 425.4 375.6 348.6 337.8 362.8 436.2 420.8 489.9 538.2 553.6 536.1 536 511.8 496.3 561.6 671.2 793.7 908.6 969.3 846.7 698.7 685.8 730.3 669.8 591.2 542.6 393.3 354.8 383 516.6 624.7 439.4 350.6 330.8
-9999 -9999 -9999 -9999 -9999 -9999 -9999 -9999 -9999 -9999 -9999 -9999 862.9 -9999 -9999 -9999 -9999 -9999 -9999 -9999 -9999 -9999 700.9 721.7 513.2 469 -9999 -9999 -9999 -9999 -9999 -9999 -9999 -9999 426.2 421.4 408.3 576 624.7 582.5 472.2 449.5 394.8 375.5 303.2 302.9 339.8 379.3 412.1 461.4 512.8 547.9 701.9 599.5 505.7 454.4 485.7 441.3 519.2 649.2 765.6 832.3 834.3 901.2 890.4 770.7 582.9 551.7 507.3 417.7 374.2 344.5 311.7 339.8 313.8 453.7
-9999 -9999 -9999 -9999 -9999 -9999 -9999 -9999 -9999 -9999 447.1 903.5 986.8 -9999 -9999 -9999 -9999 -9999 -9999 -9999 -9999 -9999 -9999 375.3 -9999 -9999 373.8 409.4 437.9 -9999 -9999 -9999 -9999 345.3 391 458.3 418.9 422.2 503.8 479.3 454.8 467.2 477.1 360.5 284.4 263.2 283.9 357.8 388.5 424.5 445.7 497.6 604.7 572.7 398.7 438.2 433 384.3 529.2 775.6 579.6 603.7 766.9 919.3 993.9 842 626.4 563.5 523.6 472.2 380 348 280.5 258.1 255.9 322.1
-9999 -9999 -9999 -9999 -9999 613.1 674.4 634.5 682.1 743.2 -9999 -9999 -9999 -9999 -9999 -9999 -9999 -9999 -9999 -9999 -9999 642.4 -9999 498.2 604.8 355.9 -9999 -9999 -9999 -9999 -9999 -9999 -9999 461.1 -9999 575.4 442.2 379.8 389.2 374 306.3 447.1 389.5 370.9 279.5 225.7 258.3 300 363.1 441.3 654.1 857.2 758.8 680 567.5 544.3 609.2 514.9 514.8 505.2 448 521.5 579.5 764.6 823.8 868.7 833.3 821.4 703.3 433 327.1 355.1 314.1 277.3 200.9 209.6
-9999 -9999 -9999 -9999 -9999 -9999 -9999 523.6 387.7 718.4 702.2 -9999 -9999 -9999 -9999 -9999 -9999 -9999 -9999 -9999 -9999 -9999 -9999 490.2 492.9 447.6 -9999 -9999 -9999 -9999 -9999 -9999 -9999 -9999 -9999 409.2 718.4 601 383.1 354.5 348.1 596.9 761.4 639.2 489.3 351.7 313.2 352.5 420 624.8 823.1 833.7 845.3 785 510.6 393.1 404.9 397.5 424.6 512.4 560.1 640.2 469.2 619.8 784.2 912.3 936 930.7 811 599.7 446.2 362.1 337.4 336 278.2 255.1
508.4 564 -9999 -9999 -9999 -9999 -9999 -9999 -9999 801.1 -9999 -9999 -9999 -9999 -9999 -9999 -9999 -9999 -9999 -9999 -9999 -9999 -9999 -9999 -9999 -9999 -9999 -9999 -9999 -9999 -9999 -9999 -9999 -9999 -9999 -9999 563.6 550 568.9 348.2 472.3 -9999 -9999 1054.7 812.8 581.7 434.7 481.4 533.9 -9999 691.4 -9999 966.2 584.3 364.3 252.1 270.9 298.6 315.7 451.4 575.1 565.8 489.8 560.4 542.5 1210.2 828.8 1022.5 797.5 801.2 579.7 322.6 381.6 391.1 370.5 318
571.1 -9999 -9999 -9999 -9999 -9999 -9999 -9999 -9999 -9999 -9999 -9999 -9999 -9999 -9999 -9999 -9999 -9999 -9999 -9999 -9999 -9999 -9999 -9999 -9999 -9999 -9999 -9999 -9999 -9999 -9999 -9999 -9999 -9999 -9999 -9999 -9999 -9999 -9999 575.7 -9999 -9999 -9999 -9999 -9999 900.5 670.3 559.2 -9999 -9999 -9999 -9999 1068.8 408.6 141 182.2 211 197.1 207 304.9 365.8 379.5 457.2 528.1 496.4 521.2 466.9 626.8 836.9 849.3 792.7 686.6 530 558.1 506.2 442.9
512.8 586 -9999 -9999 -9999 -9999 -9999 -9999 -9999 -9999 -9999 -9999 -9999 -9999 -9999 -9999 -9999 -9999 -9999 -9999 -9999 -9999 -9999 -9999 -9999 -9999 -9999 -9999 -9999 -9999 -9999 -9999 -9999 -9999 -9999 -9999 -9999 -9999 -9999 -9999 -9999 -9999 -9999 -9999 -9999 -9999 -9999 -9999 -9999 -9999 -9999 -9999 798.3 410.2 203.1 194 201.9 138.5 133.6 184 212 247.8 334.2 419.8 438.2 434.7 436.9 461.8 461.4 616.9 802.3 993.5 951.5 627.3 515.2 498.3
461.3 440.5 -9999 -9999 -9999 -9999 -9999 -9999 -9999 -9999 -9999 -9999 -9999 -9999 -9999 -9999 -9999 -9999 -9999 -9999 -9999 -9999 -9999 -9999 -9999 -9999 -9999 458.6 556.6 706.6 408.6 -9999 331.6 -9999 -9999 -9999 -9999 -9999 -9999 -9999 -9999 -9999 -9999 -9999 -9999 -9999 343.2 336.3 -9999 -9999 -9999 -9999 845.2 320.8 348.7 257.3 170.5 141.7 137.7 149.8 103.8 102.7 135.3 186.3 209.4 231.3 249 303.9 347.3 462.6 670.5 834.9 775.3 446.8 357.9 387
350.3 235.2 301.9 -9999 -9999 -9999 -9999 -9999 -9999 -9999 -9999 -9999 -9999 -9999 -9999 -9999 -9999 -9999 -9999 -9999 -9999 -9999 -9999 -9999 -9999 -9999 -9999 -9999 -9999 -9999 -9999 -9999 -9999 -9999 -9999 -9999 -9999 -9999 -9999 -9999 -9999 -9999 -9999 -9999 -9999 533.3 411.2 -9999 -9999 -9999 -9999 -9999 1123.4 563 300.9 180.8 172.3 140.6 123.6 109 85.7 64.1 66.5 68.3 78.5 106.1 143.5 203.2 285.6 329.1 432.6 536.7 537.6 433.4 361.3 352.2
-9999 -9999 -9999 -9999 -9999 -9999 -9999 -9999 -9999 -9999 -9999 -9999 -9999 -9999 -9999 -9999 -9999 -9999 -9999 -9999 -9999 -9999 -9999 -9999 -9999 -9999 -9999 -9999 -9999 -9999 -9999 -9999 -9999 -9999 -9999 -9999 -9999 -9999 -9999 -9999 -9999 -9999 -9999 -9999 -9999 -9999 -9999 -9999 -9999 -9999 -9999 1237.5 757.8 159 195.2 158 126.4 131.7 113.8 91 64.8 44.5 63.8 48 48.3 58.3 96 142.6 211.6 283.7 323.1 407.6 441.6 431 335.1 343.2
174.9 228 -9999 -9999 -9999 -9999 -9999 -9999 -9999 -9999 -9999 -9999 -9999 -9999 -9999 -9999 -9999 -9999 -9999 -9999 -9999 -9999 -9999 -9999 -9999 -9999 -9999 -9999 -9999 -9999 -9999 -9999 -9999 -9999 -9999 -9999 -9999 -9999 -9999 -9999 -9999 -9999 -9999 -9999 -9999 -9999 -9999 -9999 -9999 -9999 -9999 1278.3 489.6 169.9 158.9 155.5 132.4 131 115.4 86.1 59.6 47.5 42.4 41.3 37.8 44.9 71.5 122.6 177.2 243.1 329.7 375.2 416.9 413 378 377.2
149.8 157.5 -9999 -9999 -9999 -9999 -9999 -9999 -9999 -9999 -9999 -9999 -9999 -9999 -9999 -9999 -9999 -9999 -9999 -9999 -9999 -9999 -9999 -9999 -9999 -9999 -9999 -9999 -9999 -9999 -9999 -9999 -9999 -9999 -9999 -9999 -9999 -9999 -9999 -9999 -9999 -9999 -9999 -9999 -9999 -9999 -9999 -9999 -9999 -9999 887.6 847.1 284.8 182.7 205.7 115.7 77.5 102.3 114.3 90.7 65.1 55.2 46.3 42.2 38.7 47.1 77.6 115.7 142.7 199.2 260.6 307.1 318.1 348.3 398.9 379.7
121.8 120 124.9 95.9 122.2 157.7 279 271.6 -9999 -9999 -9999 -9999 -9999 -9999 -9999 -9999 -9999 -9999 -9999 -9999 -9999 -9999 322.8 367.9 287.7 -9999 -9999 -9999 -9999 -9999 -9999 -9999 -9999 -9999 -9999 -9999 -9999 -9999 -9999 -9999 -9999 -9999 -9999 -9999 -9999 -9999 -9999 -9999 -9999 -9999 715.6 616.8 268.6 301.1 243.1 122.7 98.3 99.2 103.1 90.9 67.8 54.1 42.7 31.2 20.5 42.7 71.4 98.2 152 175.8 199 209.8 214.5 216.4 287.6 330.6
