datasets/global_precipitation_1950_2017/rasters/precip_1986-total.asc
NCOLS 720 
NROWS 347 
XLLCORNER -180 
YLLCORNER -90 
CELLSIZE 0.5 
NODATA_value -9999 
[rows 34 to 67 of 347, columns 608 to 683 of 720]
240.3 237.2 228.7 223.5 216.4 209.2 201.2 194.9 188 188.8 188.4 184 184.4 181.6 179.9 178.8 177.2 177 178.5 178.7 177.9 178 177.2 175.8 173.9 172.6 172 173.2 173.3 174.5 173.7 173.7 174.9 175.2 175.6 174.6 173.4 171.3 170.7 171.2 174 178.3 183.2 188.1 193.4 195.9 199.8 200.8 200.5 198.4 195.6 195.8 200.9 207.1 212.1 215.6 217.7 218.8 219.3 221.9 224 228.7 234.7 242.2 250.8 259.8 269.9 279 287.2 294.1 299.2 298.1 293 287.9 283.5 281.3
233.2 230.4 222.6 212 196.8 183.5 176.9 180.1 186.5 194.3 197.8 199.5 199.6 195.8 196.6 199.1 198.3 190.6 191 189.7 190.2 189.9 191.5 191.5 190 186.4 183.3 181.6 181.4 183.6 185.9 188.6 191 193.3 193.7 193.4 192.1 191 190.3 190 190.9 194.2 197.3 201.3 206.9 211.4 216.1 219.8 222.5 223.4 225.2 229.9 237.6 247.2 244.7 238.2 234.2 233 233.2 235.5 237.5 241.3 246.6 253.6 261.1 269.3 277.1 282.9 286.8 288.5 288.3 286.1 283.1 281.9 283.4 286.9
230.9 230.1 222.9 208.6 187 164.1 156.6 172.2 190.9 203.7 208 206.8 204.4 203.1 201.9 199.1 195.8 193.6 192 191.9 193.7 193.4 191.5 199.9 198.8 194.1 189.9 188.8 190.8 194 198 202.8 205.2 208.9 210.6 213 212.8 211.7 208.9 207.2 205.4 204.9 207.2 212.1 218.9 226.2 233.1 239 242.5 244.3 245.3 246.6 248.6 249.7 248 245.8 244.1 242.4 242.1 243.3 244.5 248.5 251.9 258 264.8 271.1 277 282.6 286.6 286.6 283.1 276.4 270 270.4 278.7 289.3
231.6 239.5 249.8 258.8 260.7 252.4 241.4 235.8 236 234.7 232.5 227 219.6 211.2 201.4 191.1 182.8 178.3 178.3 182.8 185.1 188.6 190.7 193.4 195.5 196.5 200.2 202.8 206.7 211.2 212.3 211.8 212.3 213.8 218.2 224.2 229.5 231 220.8 212.7 207.3 204.1 208.5 217.3 227.9 239.3 250.5 257.1 260.9 261.1 260.5 259.5 258.2 258.2 256.4 255 252.6 250 247.8 246.1 246.5 248.7 254.6 259.7 266.7 273.1 280.1 285.3 288.9 290.8 291.8 292.5 294.3 298.2 303.5 308.6
216.2 221.9 245 285.7 330.9 325.1 294.4 276.7 266.9 261.8 266.5 280.9 289.2 258 201.3 155.1 137.5 144.4 156.8 168.8 175.6 181.6 183.7 184.2 188.8 200.4 214.5 226.2 230.8 232.7 225.7 216.8 211.2 208.2 208.9 211.7 219.6 226.8 224.2 215.4 208.7 207.7 214.1 225.4 239.8 254.1 265.9 273.4 275.4 272.6 271.9 273.1 274.6 275.9 275.1 273.1 270.3 266.6 263 260.7 257.7 259.3 262.4 265.1 272.5 279.5 286 291.3 294.4 295.7 299.4 306.1 314.9 322.7 327.6 328.3
207.3 205.8 223 250.4 272.4 279.4 276.8 270.7 259.9 244.8 236.1 250.2 275.7 258.2 211.4 172.6 160.8 161.3 162 168.9 175.2 183.5 186.6 188.7 201.3 223.2 243.3 258.4 259.7 250.7 231.8 217.4 206.9 197.4 188.1 176.6 171.6 190 212 217.8 221.3 225.1 232 240.7 253.8 265.9 275.6 281.4 282.6 282.8 286.9 293.7 295.9 298.6 298.4 295.1 291.1 284.4 282.4 281.1 280.1 280.3 281.3 286 294.4 302.6 305.7 308.6 305.4 305.2 307.9 314.1 317.6 322.5 324.8 325.7
211.8 217.5 228.3 241 251.2 256.2 250.5 241.8 229.2 214.8 205.8 205.9 207.8 208.2 209.9 217.2 214.8 197.3 182.6 177.5 177.6 188.9 207.6 232 257 278 291.9 306.9 314.4 277.8 228 199.8 202 197.6 188.4 180.9 185.7 213.2 223.8 227.5 234.5 243.4 255.3 267.8 281.2 292.2 298.6 299.8 299 302.3 307.8 313.8 318.7 317 310.5 294.5 285.9 286 292.5 298.8 304 305.4 305.9 313.2 328 339.1 347.1 355.8 358.2 355.1 353 347 342.4 337.6 331.8 329.6
195.6 199.9 203.8 209.3 211.4 209 201.3 191.3 182.7 176.9 172.7 169 169.7 172.1 176.3 180.1 180.1 177.3 174.1 171.2 166.7 178.8 209.1 249.4 292.4 327.6 320.6 304.9 296.2 277.1 249 226.2 212.4 203.7 198.8 198.4 204 213.5 224.6 237.9 248.6 265.4 286 303.6 320.4 330.2 327.3 316.7 306.8 314.8 327.2 337.9 343.5 344.3 340.3 330.7 313.1 312.1 321.7 328.4 330.6 321 302 284.2 312.4 362.5 400.2 418 419.6 413.5 401.8 382.2 356.8 334.7 319.8 308.3
181.3 181.5 181.9 181.4 177.4 172.3 164.7 158.5 156.1 156 153.4 137.6 145 150.5 154.3 153.8 153.1 153.9 159.6 170.9 183.2 196.1 210.2 227.2 245.1 261 266 260.7 255.7 248.6 238.5 227.5 218.4 211.7 211.5 213.3 216.2 226.8 241.4 259 278.3 299.9 317.9 336 351.2 361.8 369.7 370.9 363.5 361.1 363.9 369.4 375.2 382.1 392.1 406.3 420.7 408.9 387 375.2 373.6 366.5 351.1 351.6 393.9 451 485.2 490.6 483.5 472 453.7 406.4 329.7 280.6 274.7 274.3
177 178.8 179.1 176.9 172.6 167.4 159.9 154.5 153.5 153.2 152.7 154.4 153.3 150.6 150.3 148.2 148.8 151.1 159 171.4 184.4 197.5 204.9 206.8 209 208.7 204.6 198.3 197.6 199.9 206.5 213.5 230 246.4 266.6 283.2 295.8 306.6 319 334.3 345.8 351.9 354.1 359.5 360.6 359.4 366.8 384.8 390.8 393.7 399.6 404.4 406.8 407.8 405.3 397 390 392.9 400.1 413.9 438.8 473.1 518.4 584.6 660.3 699.9 652.4 -9999 -9999 -9999 -9999 439.9 -9999 302.1 288.8 290.2
174.2 179.2 182.9 184.3 181.5 175.4 167 162.6 161.8 174 167.4 154.7 151 149.9 149 149 151 156.3 165.2 171.8 179.2 185.3 188.9 188.5 186.7 178.2 156.5 140.9 137.4 150.1 174.8 207.6 252.7 298.2 328.7 340 359.2 361.2 379.8 404.9 425.5 428.4 423.6 416.2 409.8 404.7 408.9 422.5 433.6 442.7 449.9 451.1 449.6 438.8 437.3 436.4 427.9 426.9 419.5 446.4 490.7 528.8 558.2 596.6 650.9 -9999 -9999 -9999 -9999 -9999 -9999 -9999 401.2 374.2 355 -9999
177.1 184 193.3 195.3 192.2 187.6 181.7 175.8 169.5 164.1 159 155 152.8 152.7 151.7 149.8 152.8 163.4 174.4 184.7 188.9 186.9 186.7 189.1 189.9 185.6 176 170.1 170.7 182.2 204.1 240.9 285.7 318.6 347.2 358.6 352.4 341.4 369.4 419.9 471.4 511.6 535 541.8 549.7 553.6 564 581.7 592.8 591.3 569.1 544.5 524.2 488.1 439.9 388.2 420.6 438.9 458.2 499.8 521.5 530.7 511.1 489.4 -9999 -9999 -9999 -9999 -9999 -9999 -9999 -9999 -9999 391.9 -9999 -9999
230.4 227.2 222.8 214.7 205.6 196.8 188.7 183.1 177.6 170.3 162 155.5 154.3 157.9 161.6 167.3 173.3 181.3 190.1 200.2 210.6 206 203.3 208.2 217.6 229.1 238.9 241.2 238.5 243.9 259.6 290.2 326 354.4 374.4 381.3 379.1 390.5 423.7 484.7 561.1 620.5 639.8 663.3 710.2 753.2 785.7 799.4 797.1 784.2 742.5 695.8 646.8 595.5 547.5 511.6 502.7 518.6 544.5 576.8 597.5 592.8 -9999 -9999 -9999 -9999 -9999 -9999 -9999 -9999 -9999 -9999 -9999 -9999 -9999 -9999
303.5 304.2 293.3 269.8 231 189.1 173.3 183 184.4 181.3 178.8 177.6 177.8 180 183.7 187.3 192.1 196.8 198.5 201.2 208 215.5 222.1 231.3 245.3 263.3 282.4 291.6 288.6 290.7 307 333 358.7 381.2 397 406.6 416.3 438.7 464.6 506.4 576.5 642.6 675.3 715.5 770.2 824.4 850.9 866.5 899.3 904.7 835.5 831.4 903.2 655.5 563.9 557 561.8 580.4 617.4 668.8 -9999 -9999 -9999 -9999 -9999 -9999 -9999 -9999 -9999 -9999 -9999 -9999 -9999 -9999 418.5 410.4
367.9 380.4 370.8 331.3 285.6 256.2 233.2 219.6 209.6 201.2 198.6 200.8 204.3 206.2 205.5 204.5 203.3 203.4 205.7 212.5 222.9 230.6 236.5 247.9 263.3 279.9 290.8 296.6 303.6 317.7 333.1 355.3 376.7 396 412.4 426.7 443.2 -9999 -9999 -9999 -9999 -9999 -9999 -9999 830.1 -9999 -9999 -9999 -9999 807.3 -9999 -9999 -9999 -9999 -9999 -9999 -9999 584.6 615.4 653.2 679.9 682.7 -9999 -9999 -9999 -9999 -9999 -9999 -9999 -9999 -9999 -9999 414.8 418 412.9 412.1
422 456.4 480 428.3 339.9 307.3 281.5 244 207.9 199.3 207.7 213 217.8 221 219.6 217.4 216.9 217.8 223.2 231.4 241.4 251.6 262.5 277.6 299.3 323.8 341.3 344.8 346 353.6 361.8 363.6 377.9 393.5 411.4 426 -9999 -9999 -9999 -9999 -9999 -9999 -9999 -9999 -9999 -9999 -9999 -9999 -9999 -9999 -9999 -9999 -9999 -9999 -9999 -9999 -9999 -9999 -9999 -9999 -9999 -9999 -9999 -9999 -9999 -9999 -9999 -9999 -9999 -9999 -9999 338.9 368.5 388.6 407.8 425.4
421.4 439.9 448.2 428.4 387.4 350 311.9 269.5 234 220.4 221.5 223.7 226.2 228.1 230 232.3 235.5 238.2 244.9 257.2 274.2 289.3 303.6 317.1 330.3 350.9 374.6 386.8 390 383.9 366 345.9 343 -9999 -9999 -9999 -9999 -9999 -9999 -9999 -9999 -9999 -9999 -9999 -9999 -9999 -9999 -9999 -9999 -9999 -9999 -9999 -9999 -9999 -9999 -9999 -9999 -9999 -9999 -9999 -9999 -9999 -9999 -9999 -9999 -9999 -9999 -9999 -9999 272 271.6 290.7 332 403.2 486.7 546.1
383.7 389.1 381.3 365.7 358.9 352.6 332.3 304 273.4 250.6 243.6 242.2 239.5 236 240.5 253.1 263.3 273.4 283.5 298.8 315.4 326.3 334.5 333.3 334.9 365.6 404.9 435 444.2 424.3 379.2 331.1 -9999 -9999 -9999 -9999 -9999 -9999 -9999 -9999 -9999 -9999 -9999 -9999 -9999 -9999 -9999 -9999 -9999 -9999 -9999 -9999 -9999 -9999 -9999 -9999 -9999 -9999 -9999 -9999 -9999 -9999 -9999 -9999 -9999 -9999 316.3 287.2 255 249.4 277.4 311.4 363.3 443.5 540.9 641
358.5 357.3 359.1 361.6 361.6 360 349.5 328.3 300.1 281.7 286 292.6 299.1 301.4 305.7 314.7 323.6 331.5 340.1 355.5 364.8 369.7 371.5 373 389 421.6 477.5 531.5 555.6 538 -9999 -9999 -9999 -9999 -9999 -9999 -9999 -9999 -9999 -9999 -9999 -9999 -9999 -9999 -9999 -9999 -9999 -9999 -9999 -9999 -9999 -9999 -9999 -9999 -9999 -9999 -9999 -9999 -9999 -9999 -9999 -9999 -9999 -9999 -9999 -9999 354.2 332.4 314.8 318.1 339.5 376 416.3 473.7 549.3 626.9
355.7 364.3 361.7 368.6 371.1 371.1 370.9 371.9 356.1 350.2 365.7 367.6 377.2 394.5 397.3 395.5 391.9 396 398.9 408.2 416.9 419.7 423.1 412.1 385.9 444.1 573.8 713.8 781.2 -9999 -9999 -9999 -9999 -9999 -9999 -9999 -9999 -9999 -9999 -9999 -9999 -9999 -9999 -9999 -9999 -9999 -9999 -9999 -9999 -9999 -9999 -9999 -9999 -9999 -9999 -9999 -9999 -9999 -9999 -9999 -9999 -9999 -9999 -9999 402.1 389.2 375.6 360.3 357.3 371.6 404.9 444.6 482.3 510.9 534.9 554.4
366.9 369.5 382.2 390.7 383.5 379.7 382.8 391.8 391.3 385.8 392.5 404.7 418.3 438.3 459.9 446.5 430.4 427.3 433.4 441.7 446.5 462.1 474 480.1 488.2 536.2 643.2 772.6 -9999 -9999 -9999 -9999 -9999 -9999 -9999 -9999 -9999 -9999 -9999 -9999 -9999 -9999 -9999 -9999 -9999 -9999 -9999 -9999 -9999 -9999 -9999 -9999 -9999 -9999 -9999 -9999 -9999 -9999 -9999 -9999 -9999 -9999 -9999 -9999 449.3 422.5 396.1 368.4 349.1 368.9 415 479.5 548.3 619.6 580.5 531.1
387.4 381.1 385.1 391.8 387.7 383.8 384 387.6 393 391.9 389.1 387.8 390.7 394.9 404.6 413 423.1 438.1 448 441.5 432.4 461 513.3 563.6 591.5 607.2 -9999 -9999 -9999 -9999 -9999 -9999 -9999 -9999 -9999 -9999 -9999 -9999 -9999 -9999 -9999 -9999 -9999 -9999 -9999 -9999 -9999 -9999 -9999 -9999 -9999 -9999 -9999 -9999 -9999 -9999 -9999 -9999 -9999 -9999 -9999 -9999 -9999 502.5 480.1 445.3 405.9 371 340.9 346.1 397.1 475.3 546.4 593.3 591.2 551.4
427.4 435.7 417.2 398.3 376.7 361.6 367.9 378.1 385.1 391.6 389.9 367.4 343.6 333.5 344.3 371.7 410.8 453.5 482.6 479.9 459.5 495.3 608 662.1 -9999 -9999 -9999 -9999 -9999 -9999 -9999 -9999 -9999 -9999 -9999 -9999 -9999 -9999 -9999 -9999 -9999 -9999 -9999 -9999 -9999 -9999 -9999 -9999 -9999 -9999 -9999 -9999 -9999 -9999 -9999 -9999 -9999 -9999 -9999 -9999 -9999 -9999 -9999 464.6 467.2 444.2 395.7 346.7 339.3 363 390.1 501.3 637.7 726.8 755.4 720.3
421.1 417 401.9 384.1 367.1 358.7 367 378 373.5 404.6 412.9 353.3 284.1 272.2 302.1 376.6 436.5 494.3 542.5 585.5 631.5 739.4 -9999 -9999 -9999 -9999 -9999 609.8 -9999 -9999 -9999 -9999 -9999 -9999 -9999 -9999 -9999 -9999 -9999 -9999 -9999 -9999 -9999 -9999 -9999 -9999 -9999 -9999 -9999 -9999 -9999 -9999 -9999 -9999 -9999 -9999 -9999 -9999 -9999 -9999 -9999 -9999 -9999 564.5 558.2 510 432.9 362.6 330.3 369.9 517.7 733.2 927.8 1054.5 1094.9 1028.8
524.6 376.5 347.9 334.1 328.3 338.5 363 377.4 374.4 380 383.2 364.6 335.9 325.6 341.7 389.6 448.4 500.4 549.8 604.8 650.9 701.4 780.8 784.3 733.9 690.8 -9999 -9999 -9999 424 -9999 308.8 -9999 -9999 -9999 -9999 -9999 595 -9999 -9999 -9999 -9999 -9999 -9999 -9999 -9999 -9999 -9999 -9999 -9999 -9999 -9999 -9999 -9999 -9999 -9999 -9999 -9999 -9999 -9999 -9999 -9999 -9999 -9999 631.6 613.1 564 523 568.8 674.3 903.9 1143.4 -9999 -9999 -9999 -9999
278.1 284.4 284.7 285 289.7 305.7 358.2 364.3 358.7 374.7 378.6 359.7 350.3 368.1 407.7 449.7 459 424 447 553.1 613.9 645.4 669 671.2 659.7 665.6 629.8 -9999 -9999 391 351.5 340.7 364.9 -9999 -9999 -9999 -9999 -9999 -9999 -9999 -9999 -9999 -9999 -9999 -9999 -9999 -9999 -9999 -9999 -9999 -9999 -9999 -9999 -9999 -9999 -9999 -9999 -9999 -9999 -9999 -9999 -9999 -9999 -9999 657.6 701.1 782 863.4 966.5 1049.6 1130.2 1189 -9999 -9999 -9999 -9999
84.5 181.3 239.6 251 275.3 265.7 294.2 310.8 326.2 340.1 346.8 342.2 348.6 399.9 454.4 492.6 517.8 555.3 608.1 602.4 603.3 594.9 589 584.8 573.8 532.5 476.9 424.8 384.7 370.4 364.8 373.8 450.3 539.9 419.3 -9999 570.7 561 -9999 -9999 -9999 -9999 -9999 -9999 -9999 -9999 -9999 -9999 -9999 -9999 -9999 -9999 -9999 -9999 -9999 -9999 -9999 -9999 -9999 -9999 -9999 -9999 -9999 -9999 667.8 673.9 764.2 872.7 1068.9 1208.2 1169.1 1158.3 -9999 -9999 -9999 -9999
183.3 214.1 262.3 317.5 304.5 256.5 267.4 272 286.7 304.1 313.7 371.7 400.1 451.3 497.7 484.6 523.4 568.1 613.8 620.9 610.3 580.9 553.6 532 482.7 414 339 314.1 372.5 412.1 420 390.9 399.7 459.9 -9999 -9999 516.8 540.4 563 -9999 -9999 -9999 -9999 -9999 -9999 -9999 -9999 -9999 -9999 -9999 -9999 -9999 -9999 -9999 -9999 -9999 -9999 -9999 -9999 -9999 -9999 -9999 -9999 -9999 608.7 412.1 605.9 857.3 1034.9 -9999 -9999 -9999 -9999 -9999 -9999 -9999
237.9 241.3 270.5 310.3 326 324.3 297.8 269.9 253.1 298.6 340.7 407 421 432.3 453 478.2 522.7 566 605.7 652.7 644.5 575.1 541.2 567 437.8 379.8 377.7 387.3 447.4 526.2 533.3 435.5 358.2 378.8 446.4 453.5 493 532 -9999 -9999 -9999 -9999 -9999 -9999 -9999 -9999 -9999 -9999 -9999 -9999 -9999 -9999 -9999 -9999 -9999 -9999 -9999 -9999 -9999 -9999 -9999 -9999 -9999 -9999 -9999 648.3 747.9 919.6 1017.8 -9999 -9999 -9999 -9999 -9999 -9999 -9999
303.3 310 331.7 361.8 393.7 408.9 350.9 305.1 321.5 377 348.7 378.3 406 427 451.1 480.8 513.8 531.2 572.1 624.4 577.1 506.4 466 442.9 447.6 459.3 457.7 468.7 494.9 500.4 477.7 415.1 381.3 401 -9999 -9999 478.2 485.2 392.6 -9999 -9999 -9999 -9999 -9999 -9999 -9999 -9999 -9999 -9999 -9999 -9999 -9999 -9999 -9999 -9999 -9999 -9999 -9999 -9999 -9999 -9999 -9999 -9999 -9999 -9999 685.8 860.6 1062.2 -9999 -9999 -9999 -9999 -9999 -9999 -9999 -9999
372.1 373.3 379.5 394.8 410.4 417.2 375.1 342.1 349.5 375.5 361.3 381.1 407.8 426.7 454.2 482.5 498.7 490.8 520.1 560.6 530.9 458.7 436.9 459.5 487.1 526.7 494.6 487.1 496.1 479.2 466.7 464 451.7 -9999 -9999 -9999 461.8 475.2 467.9 -9999 -9999 -9999 -9999 -9999 -9999 -9999 -9999 -9999 -9999 -9999 -9999 -9999 -9999 -9999 -9999 -9999 -9999 -9999 -9999 -9999 -9999 -9999 -9999 -9999 -9999 695.9 1120.3 -9999 -9999 -9999 -9999 -9999 -9999 -9999 -9999 -9999
411 402 386.9 387.2 392.8 378.1 369 381.4 436.9 427 377.2 389.7 410 431.5 452.2 474 493.6 495.9 526.8 532.8 522.3 496.9 480.3 474 470.7 449.3 448.1 502.3 563.6 565.9 568.2 548.7 539.3 -9999 -9999 -9999 468.6 469.1 468.2 -9999 -9999 -9999 -9999 -9999 -9999 -9999 -9999 -9999 -9999 -9999 -9999 -9999 -9999 -9999 -9999 -9999 -9999 -9999 -9999 -9999 -9999 -9999 -9999 -9999 1805.3 -9999 -9999 -9999 -9999 -9999 -9999 -9999 -9999 -9999 -9999 -9999
420.3 411.7 398.6 394.6 394.2 370 342.6 362.3 371 375.9 357.5 385 432.9 428.9 436.7 428.5 427 464.8 511.9 547.5 542.5 523.1 507.4 479.4 474.4 558.5 513.3 530.5 603.4 710 725.8 620.8 560.2 -9999 -9999 -9999 410.7 404.5 462.5 440.2 -9999 -9999 -9999 -9999 -9999 -9999 -9999 -9999 -9999 -9999 -9999 -9999 -9999 -9999 -9999 -9999 -9999 -9999 -9999 -9999 -9999 -9999 1075.4 1205.9 -9999 -9999 -9999 -9999 -9999 -9999 -9999 -9999 -9999 -9999 -9999 -9999
445.8 441.6 424.1 425.1 424.8 417.3 409.3 343.7 345.7 374.6 371.3 362.1 386.9 410.8 421 427.3 438.3 463.8 497.3 530 556.6 563.7 510 467.8 442.9 426.4 517.4 617.8 683.8 715.2 681.6 571.7 516.7 -9999 -9999 -9999 458 514.1 607.9 611.6 -9999 -9999 -9999 -9999 -9999 -9999 -9999 -9999 -9999 -9999 -9999 -9999 -9999 -9999 -9999 -9999 -9999 -9999 -9999 -9999 -9999 -9999 -9999 -9999 -9999 -9999 -9999 -9999 -9999 -9999 -9999 -9999 -9999 -9999 -9999 -9999
