datasets/global_precipitation_1950_2017/rasters/precip_1992-total.asc
NCOLS 720 
NROWS 347 
XLLCORNER -180 
YLLCORNER -90 
CELLSIZE 0.5 
NODATA_value -9999 
[rows 306 to 339 of 347, columns 608 to 683 of 720]
556.3 559.1 563.9 566.2 568.9 571 573.1 575 577.2 578.4 579.3 579.5 580.6 580.5 580.1 579.7 578.7 578 578.7 579.6 580.5 581.3 582.2 582.6 581.5 580.2 579.2 586.2 585.4 580.3 582.1 584 585 585.2 585.3 586.1 587.3 588.2 589 590.8 591.7 593.2 595.3 597.1 599 600.2 601.4 602.7 604.3 606.5 607.3 609.5 611.9 614.1 613.1 615.6 616.3 618.8 620.8 621.4 622.7 623.7 626.6 630.6 635.5 640.9 646.9 652.1 659.1 663.8 664.7 659.3 -9999 -9999 -9999 -9999
549.9 552.9 556.9 561.3 565.3 566.9 569.2 570.8 572.2 573.6 574 575.7 576.5 576.3 576.2 575.9 575.7 575.6 575.8 576.2 577.2 577.8 577.4 577.2 576.5 575.8 575.2 575.7 576.5 577.4 579.5 580.6 581.9 582.4 583.1 583.5 585.3 586.8 587.9 589.9 591.4 592.9 594.6 596.4 596.8 599.2 600.1 601.3 602.4 604.3 606 607.9 608.8 609.9 609.8 609.4 606.6 606.8 607.5 607.4 607.7 608.7 609.1 611.3 611.8 615.7 620 623.4 625.6 625.6 622.3 616.5 604.3 592.7 -9999 -9999
537.5 543.3 549.8 555.3 560.5 562.9 564 566.9 569.2 570.8 572 572.1 573 573.5 573.9 574.1 574.5 574 573.8 573.6 573.9 573.6 573.5 573 573.4 573 573 573.5 573.9 574.9 575.8 577.8 578.3 579.9 581.9 583 585 586.3 587.8 589.5 591.5 593.3 594.8 596.6 597.1 598.1 600.3 598.2 601.8 601.1 601.3 600.4 601.4 602.5 603.6 592.5 589.9 602.5 601.2 599.7 598.3 596.7 596.1 594.7 591.2 591.6 590.2 587.4 585.3 581.5 576.4 568.9 559.6 548 535 520.8
516.1 525.6 534.8 529.2 546.5 549.1 551.1 554.6 559.4 563.4 566.5 568.6 570.6 571.2 571.5 571.6 571.6 571.8 571.6 571.4 571.1 570.2 569.9 569.4 570.1 570.2 570 570.7 572.1 573 575.1 576.8 578.2 580.1 581.6 583.7 584.7 586 588 589.6 589.8 591.3 592.5 592.6 591 590.7 589.5 588.4 586.9 585.4 585.8 586.4 586.8 587.4 587.4 587.5 587 586.4 585 583.9 582.7 580.9 575.5 569.2 567.1 564.8 561.7 558.5 551.8 544.4 533.1 530 520.4 510.2 498.8 485.9
476.2 487.8 475.6 503.1 507 510.4 516 526.5 536.9 535.5 548.3 550.4 554 559.1 563.8 564.9 567.4 568 567.9 568.3 568.5 567.7 567.1 567.4 567.5 568 568.9 570.5 571.8 573.2 574.4 573.7 577.7 579.2 579.8 580.2 579.8 579.5 581.5 580.7 579.6 578.7 576.6 576.8 571.4 572 566 566.2 566.6 566.8 566.8 567 566.8 566.1 565.7 564.8 563.7 562.6 561.3 559.6 557.5 551.1 544.6 541.1 536.9 532.1 526.9 519.2 511.8 506.2 499.9 483.8 482.6 471.8 462.2 452.9
407.2 416 423.4 429 435.9 447.6 460.2 470.9 477.2 483 488.6 498.5 509.1 520 528.3 537.4 535.4 549.4 551.5 553.8 557.8 557.7 558.6 560.5 562.8 565.4 567.2 568.3 567.6 568.3 568.2 567.7 566.8 565 563.3 561.1 562.4 560.1 553.8 551.6 552.6 553.8 555.1 545.8 549.1 546.3 546.7 547 547.1 547.2 546.9 546.9 546.6 546.4 545.7 544.7 543.8 542.5 540.7 530.6 518.8 508.2 501.7 498.4 494.1 490 486.1 479.7 473.5 467.2 460.2 452.8 444.2 436.4 428.5 421.3
320.3 326.8 333.5 341.2 349.2 356.2 364.8 372.9 381.9 393.7 403.1 412.3 422.4 432.7 445.1 455.7 468.7 484.1 494.2 498.4 505.2 509 520.2 521.9 531.5 540 546.3 547.2 547.2 550.3 552.5 555 528.2 548.6 541.9 524.7 524.2 521.2 515.8 516 516.1 516.2 513.5 513.2 513 512.8 513.1 513.3 513.1 513.5 513.7 514.2 487.6 485.8 484.1 506.9 503.9 496.3 485.2 474.7 469.9 466.4 462.8 459.2 454.5 448.5 439.9 436.1 434 426.3 420.8 413.7 407.9 401.7 394.6 388.9
235.6 241.3 246 250.1 255 264.7 271.3 278 284.2 288.6 297 301.4 308.9 317.8 328 339.8 352.8 366.7 379.1 393.7 409.7 420.6 429.8 440 454.8 468.8 475.7 485.7 493.1 499.1 502.5 501.7 501.2 499.9 481.3 474.7 472.6 470.7 459.9 457.9 456.6 451.2 449.2 448.4 448 442.5 441.6 440.6 447.6 446.7 446 445.5 444.6 443.8 442.5 432.6 434.2 429.2 426.4 424.2 420.7 417.6 412.5 405.8 402.6 399.3 396.3 391.5 387.2 382.5 378.1 373.5 369.5 366 362.1 358.6
170.2 174.4 177.5 180.1 182.8 186.3 185.3 190.1 194.3 196.1 197 197.6 199.5 201.4 204.2 208.1 216.3 228.4 240.1 255.2 274.1 292.1 305.8 320.8 336.4 352.5 364.8 378.1 389.9 399.6 399.6 405.5 405.3 405.2 403.7 401.6 399.2 396.9 384.6 382 377.7 375.6 374.2 373.2 372.5 372.5 372.3 373 374 375.1 376.2 377.1 364.7 373.6 369.1 365.6 362.5 360.5 358.9 358.1 356.6 354.5 352.6 350.4 347.5 345.1 342.6 340.1 337.5 335 333.2 331.6 330.5 329.6 328.7 328.9
116.1 113.3 110.4 107.3 108.9 114.4 119.9 120.9 118.4 115.7 112.8 110.4 108.2 106.3 104.6 107 112.2 129.6 133.4 148.4 157.1 164 191.4 193.7 214.6 228.1 241.6 255.5 268.8 275.5 279.8 290 302.8 305.8 293.3 298.1 302.5 303.7 302.3 300.6 299.8 306.9 302.2 303.9 303.6 303.3 303.6 303.7 305 304.7 304.5 304.3 304.7 304.5 305.7 305.3 304.4 302.8 302.5 300.6 300 301.6 299.9 298.1 297.9 295.7 297.4 296 294.4 294.3 293.7 293.8 292.9 293.3 294.1 301.2
64.8 61.8 58.7 55.7 52.6 73.5 51.5 55.4 60.2 59.6 56.7 53.5 50.5 48 49.8 59.1 66.5 66.5 72.9 76.6 81 84 90.7 98.8 108.9 119.7 132.1 148.4 165.8 176.7 186.7 196.3 216.4 216.6 226.6 231.2 233.2 234.6 235.3 235 235.2 244.2 244.3 244.5 247.1 250.4 250.1 249.9 249.3 250.1 253 256 256.3 255.3 257.9 255.6 257.5 258.6 259 258.9 259.2 259.3 259.9 258.2 259.1 260.5 260.8 259.8 259 258.4 258.3 258.6 259.1 260.1 262.1 265
39.3 37.2 35 33 30.9 28.9 26.7 25.3 24 27 25.1 23.8 24.3 23.7 25 23.4 24.7 24.8 42.9 33.6 44.2 55.1 64.6 71.5 79.1 87.7 97.5 110.1 118.5 129.2 140 150.5 160.7 172 174.8 180.7 185.5 189 191 192.8 193.4 194.1 205.3 198.9 202.6 206.5 211.4 219.6 216.6 216.8 220.6 220.2 228.6 220.7 222.3 228.1 231.1 232.2 231.8 230.5 231 231.9 231.5 231 230.2 229.2 229 228.7 228.5 229.1 229.5 230.6 232.1 234.1 242.5 245.1
20.5 19.3 18.1 17.2 16.3 15.3 14.5 14.3 13.8 13.8 13.2 13.2 15.1 15.6 16.7 17.5 18.2 20.7 24.6 29.8 34.6 38.9 44.2 50.2 57.9 68.6 76.7 84.6 92.7 106.9 112.7 123.9 133.9 141.9 142.2 149.4 155.9 161.1 165.4 169.6 173.2 184.2 185.4 183.5 186.3 189.9 189.7 189.3 191.9 193.5 196 198.2 204.4 204.4 206 208.3 208.1 208.4 207.6 207.6 207.3 206.8 206.6 206.6 205.5 205.9 206.6 206.5 207.6 208.6 210.3 211.6 213.6 215.5 218.2 220.9
13 9.9 9.3 9.1 8.7 8.7 8.9 9.2 10.2 10.6 11.6 12.3 13.2 14 14.8 16 17.6 20.2 22 25.1 28.6 32.9 38.6 45.2 50.8 59.1 63.4 71.6 80.7 90.2 95 103.5 111.1 119.4 126.7 134.1 139.8 144.8 152.1 155.1 159.9 164.3 168.6 169.1 172.1 172.5 172.5 172.2 171.9 171.7 170.8 170.8 182.1 181.9 190 185.5 187.1 186.4 185.7 185.1 184.9 184.7 184.8 185 184.7 185 185.5 185.9 186.6 187.8 188.7 190.2 191.6 199.5 201 202.8
7.9 7.9 7.8 7.9 8.3 8.7 9 9.5 10.1 10.7 11.5 12.2 12.9 14 15.5 15.6 17 18.9 20.8 23.8 28.2 31.2 36 41.8 46.9 53.3 59 64.8 71 77.6 87.7 91.2 98.8 105.8 113 122 127.5 135.2 137.9 143.4 148.5 152.4 155.5 157.4 159.1 160.2 160.8 161.3 161.7 161.5 161.3 161 160.9 160.4 172.4 163.2 167.3 169.2 168.8 168.4 168.1 167.9 167.7 168 168.1 167.9 168.2 168.4 168.7 169.6 170 173.8 174.6 173.3 174.7 177
6.4 6.4 6.8 7.1 7.5 7.9 8.6 9 9.7 10.8 11.4 12.3 12.8 14.1 15.9 16.7 18.1 19.6 21.8 24.4 26.5 30.3 34.6 39.3 43.8 49.4 58.7 60.9 66.8 73 79.8 86.1 92.3 97.9 103.8 109.4 114.8 120.2 124.7 129 132.7 136 138.6 140.8 142.5 143.6 144.8 145 145.1 145.5 145.2 145.1 144.9 144.5 155.2 154.6 154.6 157.9 155.3 153 153 153 153 153 152.1 152 151.5 151.4 153.4 153.8 153.7 154.1 154.4 155.1 155.6 150.1
5.7 6 6.3 6.7 7.3 7.8 8.3 9 9.7 10.3 11 11.9 12.9 14 15.1 16.3 17.6 19.8 22.3 24.7 27.6 30.8 34.6 38.7 43.1 47.6 52.1 56.8 62.6 67.5 72.2 77.3 82.6 87.9 93.4 98.4 103.5 111.7 116.3 120.4 124.4 127.9 130.7 128.8 130.6 132.1 133.1 134 134.7 135.1 134.9 135.5 135.1 135.5 135.2 135.3 139.6 146.6 140.5 143.1 142.2 141.3 140.4 139.2 138.5 137.5 136.5 135.5 134.6 139.5 138.7 138 131.3 131.2 131.4 131.9
5.3 5.7 5.9 6.3 6.8 7.7 7.7 8.4 9.4 10.3 11.1 12.6 13 13.5 14.6 15.4 17.3 21.2 21.2 23.8 26.4 29.6 32.9 35.8 39.3 42.9 46.6 50.6 55.2 62.5 67 71.5 76.4 81.6 87 91.7 96.4 101.1 105.2 109.5 113.3 116.5 119.6 122.4 124.4 126.1 127.4 128.3 129 129.3 129.1 128.8 128.5 127.9 127.5 126.8 125.9 132.3 132.3 131.6 133 131.1 134.3 136.1 136.7 126.1 124.9 124.3 123.2 128.7 126.6 120.3 119.6 118.2 116.8 115.3
4.9 5.3 5.4 5.9 6.6 7.4 8.5 8.6 9.7 10.2 10.9 11.8 12.5 13.5 14.8 17.1 18.1 20.2 21.9 23.9 26.1 28.6 31.3 33.9 36.5 40.1 43.5 47.2 51.3 55.6 59.9 66.3 69.8 75.5 79.9 84.5 88.8 93.6 97.9 102.5 106.8 110.8 114.3 118.6 121.1 123.8 125.6 119.7 120.6 129.9 130.6 131.8 132.2 132.5 132.4 124.9 125.6 125.7 126.1 126.3 126.5 126.4 128 123.4 124.5 123.5 122.1 127.2 124.8 122.3 119.1 117.8 115.9 113.3 112.4 110.5
5 5.2 5.3 6.2 6.7 7.2 7.9 8.6 9.2 10 10.4 11.3 12 13 14.5 16.3 17.8 19.5 21.5 23.5 25.7 27.9 30.6 33 35.9 38.7 42 45.5 49.5 52.8 57.4 61.7 66 70.6 75.5 79.4 83.4 87.9 92.1 96.5 100.3 104.2 107.6 110.3 113.2 114.8 122 119 121.7 123.4 125.6 127.2 127.2 128.1 128.9 129.8 130.1 129.5 130.6 130.9 127.2 126.5 126.5 125.8 125 124.5 128.9 127.9 126.6 124.6 122.4 120.7 119.3 -9999 -9999 -9999
6.2 6.5 6.8 6.7 6.9 7.4 7.6 8.3 8.8 9.5 10.2 11 11.9 13.3 14.9 16.2 18.7 20 21.7 23.6 25.6 27.9 30.1 32.5 35.2 37.6 40.5 43.9 47 50.6 54.3 58.1 62 66.2 73.6 75.1 80 84.7 89.3 93 96.4 99.8 102.9 110 113.5 111.9 114.9 117.3 119.8 121.9 123.9 125.9 127.6 129.6 130 130 129.3 129.2 134.1 128.8 129.8 130.6 131.4 131.5 131.9 131.9 132.3 132 130.8 129.3 130.1 129.6 -9999 -9999 -9999 -9999
6.1 6.4 6.6 6.7 6.9 7.4 7.7 8.2 8.6 8.9 9.6 10.6 11.7 13 14.4 15.9 17.7 23.2 25 27.2 29 31.3 33.9 36.1 38.6 41.6 44.1 47.1 50.4 53.2 56.9 60.4 63.8 67.9 71.7 75.6 75.9 80.5 84.9 89.3 94 97.6 100.6 104.1 106.6 109.1 111.5 112.7 114.8 115.7 116.8 128.7 119 120.8 122 123.4 124.5 125.3 126.8 127.6 128.6 129.6 129.1 128.7 127.7 132.8 133.6 127.8 128.9 -9999 -9999 -9999 -9999 -9999 -9999 -9999
5.5 5.5 5.7 5.9 6.7 6.9 7.2 7.8 8.3 8.7 9.4 10.6 11.6 12.7 14.3 15.7 17.1 19.1 20.5 25.4 27.7 29.9 32.4 35.1 38.1 40.7 43.5 46.6 49.5 52.8 55.8 54.5 58.1 62.2 65.9 70 74.1 78.1 82.1 88.9 90.3 94.7 98.7 102.8 105.9 108.7 111.2 113.7 115.8 117.6 119 120.4 121.2 122.1 122.4 122.7 123 122.8 122.8 122.6 122.4 136.5 123.8 125.1 126.2 127.5 128.3 130 134.8 134.8 136.4 138.5 141.3 144 -9999 -9999
5.1 5.5 5.6 5.9 6.2 6.4 7 7.5 7.8 8.5 9.2 10.3 11.3 12.6 14 15.1 16.6 18.3 20.5 22.2 24 26 28.4 30.6 32.7 35.3 38.2 40.9 43.9 46.7 50.1 53.5 57.2 61.1 65.2 69 72.9 77.1 80.9 84.9 88.8 92.4 96.1 100.6 103.3 106.9 110.3 113.5 116.3 118.6 120.6 122.8 124.6 125.8 127.2 128.2 129.2 130.1 139.8 141.3 142 133.3 134 134.9 135.2 136.4 137.4 138.1 139.3 140.1 146.7 147.3 148 150.1 -9999 -9999
3.9 4.2 4.8 5.3 5.8 6.1 6.4 7 7.6 8.2 8.8 9.8 10.8 11.8 13.1 14.5 15.7 17.2 19 20.6 22.4 24.2 26.1 28.1 30.4 32.6 35.1 37.6 40.3 43.3 46.3 49.8 53 56.4 62.6 66.1 69.6 72.2 76.5 80.1 84.2 88.1 92 95.7 99.2 102.6 106 110.3 112.9 116.2 118.9 122 124.3 126.7 128.9 130.6 132.4 133.8 137.2 139.1 140.7 142.2 143.5 142.6 143.6 145 146.1 147.3 148.6 149.9 151.1 152.3 158.3 160.1 161.3 163.7
4 3.2 3.6 3.9 4.7 5.2 5.8 6.2 6.8 7.6 8.3 9.1 10 10.9 11.8 13 14.3 15.6 17 18.5 20.1 21.8 23.4 25.4 27.3 29.2 31.3 34 36.4 38.9 41.6 44.9 48 50.9 54.3 57.4 60.9 64.4 67.9 71.4 75 78.9 82.6 86.2 89.9 93.3 96.6 100.2 103.7 108.2 110.1 113.4 116.6 119.6 122.9 125.4 127.8 130 132.6 134.4 136.5 138.4 140.3 142.3 144.2 145.8 147.5 149.2 151.1 152.6 154.2 156.1 157.9 159.9 165.9 167.9
2.2 2.5 2.6 4.2 3.1 3.5 4.3 4.8 5.9 6.8 7.2 7.9 8.8 9.6 10.6 11.6 12.5 13.7 14.8 15.7 17 18.5 20 21.3 22.8 24.5 26.4 28.3 30.3 32.3 34.8 37.3 39.9 42.4 45.6 48 50.9 54 56.7 59.7 62.8 65.7 69 71.9 75.1 78.2 81.5 84.5 87.7 90.8 93.7 96.6 99.9 105 106 109.1 112.2 115.4 118.5 121.1 123.5 126 128.5 130.9 133 135.3 137.8 140 142.5 144.9 146.7 149.5 151.8 153.8 156.3 158.9
1.7 1.8 1.9 1.9 2.2 2.4 2.7 4.6 3.5 4.2 5.1 5.9 7.2 8 8.9 9.7 10.4 11.2 12 13.1 13.9 15 15.9 17 17.9 19.1 20.5 22.1 23.4 24.8 26.3 28.1 30 32.1 34.4 36.5 39 41.3 43.5 46 48.1 50.7 53.1 55.7 58 60.3 63.2 65.6 68.2 70.6 73.1 75.6 78.3 80.5 83.3 85.4 88.2 90.6 93.1 99 98.6 101.9 104.8 108 110.8 113.1 115.4 118 120 122.4 124.7 127 129.6 131.8 134.5 136.7
1.2 1.4 1.4 1.5 1.6 1.8 1.9 2.1 2.4 2.7 3 5.3 3.9 4.7 5.6 6.7 7.9 8.9 9.5 10.1 10.8 11.6 12.3 13.2 13.8 14.8 15.6 16.5 17.4 18.2 19.3 20.2 21.4 22.6 24.2 25.6 27 28.5 30.1 31.7 33.6 35 36.9 38.4 40.6 42 44.4 46.3 48 49.8 51.7 53.6 55.6 57.5 59.2 61.2 63.6 65.2 67 69.1 71 73 74.8 76.9 78.7 80.9 87.3 85.8 88.8 92.1 95 97 99 100.9 102.9 104.7
0.1 0.2 0.2 0.2 0.2 0.2 0.3 0.5 0.5 1.8 2 2.1 2.3 2.6 2.9 3.1 5.6 4.1 4.9 5.8 6.9 8 8.8 9.3 9.8 10.5 11.1 11.4 12.3 12.9 13.4 14.2 14.8 15.6 16.4 17 17.9 18.6 19.5 20.6 22 23.1 23.9 25.1 26.5 27.9 29.1 30.2 31.6 32.9 34.2 35.7 37.1 38.2 39.4 40.8 42.2 43.4 45.1 46.5 47.8 49.3 50.7 52 53.2 54.5 55.5 56.3 57.6 58.8 59.9 60.9 62.8 64.3 67.1 69.4
0 0 0 0 0 0 0 0.1 0.1 0.2 0.2 0.3 0.3 0.4 0.5 0.6 0.5 0.6 0.7 0.9 1.3 1.2 1.9 4.1 3 3.6 4.5 5.3 5.8 6.3 6.7 7.2 7.7 8.1 8.7 9 9.4 10.1 10.4 10.9 8.6 9 9.4 10.1 10.6 11 11.5 12.1 12.7 13.5 14.3 14.9 15.8 16.7 17.7 18.5 19.6 20.4 21.5 22.2 19.4 20.5 21.5 22.5 23.4 24.6 25.8 26.8 27.8 29.1 30.3 31.3 32.6 33.7 35.1 36.2
0 0 0 0 0 0 0 0 0 0 0 0 0 0.1 0.1 0.1 0.1 0.2 0.2 0.2 0.3 0.3 0.3 0.2 0.3 0.4 0.5 0.5 0.5 0.7 0.8 0.8 1 1.1 1.2 1.4 1.6 1.8 2 2.2 2.6 2.8 3.1 3.2 3.7 4 4.4 4.6 4.9 5.4 5.7 6.2 6.6 6.8 7.1 7.4 8 8.3 8.9 9.2 9.7 10.2 10.6 11.3 12 12.6 13.4 14.1 14.8 15.6 16.4 17.1 17.9 18.8 19.5 20.4
0 0 0 0 0 0 0 0 0 0 0 0 0 0 0 0 0 0 0 0.1 0.1 0.1 0 0 0 0 0 0 0 0 0.1 0.1 0.2 0.2 0.3 0.4 0.6 0.7 0.9 0.9 1.2 1.3 1.5 1.5 1.7 1.9 2 2.3 2.4 2.7 2.6 2.9 3.2 3.3 3.7 3.8 4.2 4.4 4.6 4.7 5 5.4 5.6 5.9 6.2 6.5 6.6 7 7.1 7.4 7.8 8.1 8.5 8.8 9.3 9.9
0 0 0 0 0 0 0 0 0 0 0 0 0 0 0 0 0 0 0 0 0 0 0 0 0 0 0 0 0 0 0 0 0 0 0 0 0 0 0 0 0 0 0 0.1 0.1 0.2 0.2 0.3 0.6 0.9 1.2 1.4 1.6 1.7 1.8 1.8 2 2.1 2.2 2.3 2.4 2.7 2.7 2.9 3 3.2 3.5 3.4 3.7 3.8 3.9 4.3 4.3 4.5 4.7 4.8
