datasets/global_precipitation_1950_2017/rasters/precip_1965-total.asc
NCOLS 720 
NROWS 347 
XLLCORNER -180 
YLLCORNER -90 
CELLSIZE 0.5 
NODATA_value -9999 
[rows 34 to 67 of 347, columns 608 to 683 of 720]
307.3 314.8 316.9 319.5 323.8 329.1 334.9 342.6 351.5 359.4 367.2 363.6 356.5 339.2 321 301.5 283.1 266.5 253.1 241.2 233.2 226.7 222.3 218.7 215.1 211.1 207.9 205 200.8 198.3 193.5 187.9 181.2 177.6 173.6 173.9 173 171.7 171.1 170.6 170.6 173 178.1 181.8 186.1 187.8 190.6 190.9 188.7 185.4 181.3 179.1 179.8 181 183.3 187.9 191.9 195.3 197.7 200.8 203.4 206.6 210.7 215.7 221.3 228.1 237 245.5 252.7 259 263.4 261.6 255.3 248.7 241.1 236.4
300.1 305.6 310 312.6 317.2 322.2 331.3 348 369.4 392.5 411.1 421.2 420.6 412 395.5 374 345.3 311.9 287.4 264.7 246.5 233.8 224.8 218.8 214 211 206.5 203.5 200.5 198 194.7 192.1 187 182.5 178.1 175.7 171.8 170.5 168.5 167.5 166.9 168.8 170.6 175.4 180.8 186.4 190.8 194 195.4 193.7 192.2 192.1 193.4 197.6 194.9 191.5 192.2 194.6 198.4 202.3 205 208 211 214.8 219.3 224.2 228.4 234.2 239.9 241.5 241 238.1 235.9 232.2 232 232.6
294 300.1 303.7 307.3 311.2 317.3 328.2 350 377.5 405.7 430 446.1 462 466.1 449.1 413.8 373.4 332.9 299.7 270.9 247.8 231 219.4 211.4 207.5 207.4 207.1 206.6 206.6 205.2 203.4 200.7 196.1 189.4 181.8 174.9 167.3 161.2 157.5 157.5 160 164.7 170.5 176.4 182.9 190.3 198.2 203.5 206.5 206.8 205.4 203.8 202.8 201.6 199.9 198 198.1 199.5 202.6 206.8 209.2 211 211.8 213.1 214 216 217.7 221.3 224.5 225.1 223.8 221.2 219.9 219.4 221 224.7
280.1 288.9 303 315.6 327 334.1 343.4 360.1 381.6 405.1 430.1 450.6 463 462.4 440.6 404.2 362 322.8 289.8 264.8 243.1 227.2 216.2 211.8 212.2 214.4 221.2 225.1 228.4 229.8 225.1 217.2 208 198.1 188.7 179.4 170.8 159.1 140 142.2 157.2 167.4 173.9 181.1 189.8 200.1 210.3 214.5 217.1 216.3 213.8 211.5 210.2 209.7 207 204.4 200.3 198 198.4 203.9 208.9 208.6 208.5 208.8 209 210.1 211.9 212.8 214.1 215 214.2 212.3 210.3 208.1 209.2 215.7
255.1 262.8 284.8 314.8 341.7 343.7 340 347.7 366.2 392 427 467.6 494.3 464.8 395.7 329.5 292.1 276.4 263.9 249.9 232 215.8 203.4 194.5 199.3 218.5 239.6 258.5 267.7 269.5 261.1 245.1 228.7 213.1 198.1 186 179.4 176.2 167 162.7 169 176.1 182.3 190.3 200.2 210.3 220.3 226.5 227.3 223.2 220.5 221.7 224.2 225.2 223.8 220 213.4 204.7 196.1 194.8 199 203.7 206 205.4 206.9 208.9 210.5 212.7 213.3 212.2 210.5 207.5 199.1 187.5 186.2 205.3
244.1 245.1 263 288.8 310.4 320.6 326.3 333.3 341.6 345.6 355.9 393.5 445.5 430.9 369.4 312.3 283.3 270.7 260.4 252.2 241.1 229.6 215.1 205.6 219.6 251.6 280.4 302.6 311.5 313.4 303.7 289.9 268 240.6 212.6 184 165.2 176.2 194.1 197.7 197.9 197.5 198.2 200.5 208 214.5 220.6 224.3 224.7 224.9 229.2 237.4 243.4 248.6 250.9 251.1 247.1 237.1 231.7 227.6 225.4 223.9 222.2 223 226.9 229.9 228.9 228.2 223.5 221.8 221.3 221.6 217.8 218 224.6 239.6
252.4 258.1 268.8 283.3 296.7 307.3 310.1 311.1 309.2 303.4 298 305.9 320 326.1 326 322.8 315 296.7 281.8 276.6 275.7 279.3 286.3 299.7 318.6 335.8 343.5 346.7 350 343.4 336.8 327.8 306.8 272.8 237.3 208.2 198.5 218.2 225.2 222.8 220.1 217.1 215.8 217.3 221.2 223.3 223.1 218.7 217.3 223.7 236 249.8 260.3 268.9 273.5 271.6 272.1 268.4 262.1 256.3 254.3 251.9 249 252.6 264.4 271.8 276.4 282.5 281.8 278.4 275 272.6 271.9 275.3 282.3 308.1
246.7 251.9 257.4 263.9 269.4 271.8 271 268.9 267.8 269.5 271.6 272.3 274 274.4 273.8 272.9 272.4 271.5 277.5 284.4 288 300.5 323.6 355.4 389.9 417 399.7 372.4 361 352.9 341.1 327 306.3 280.1 254.7 236 224.9 222.9 224.3 226.9 224.4 225.1 230.2 235 241.5 244.4 234.3 217.5 205.8 218.2 239.1 258 269.3 276.2 280.6 281.2 274.8 273.9 273.5 272.2 270 260.4 243.1 227.1 254.1 301.5 336.7 352.6 351.8 346.9 338 332.8 325.8 323.4 335.2 361
231.3 232.5 237.3 242.1 244.3 242.8 239.2 234.4 234.5 238.4 245.8 250.8 250.5 245 242.2 236.6 233.1 236.4 253.4 280.5 308.1 336.1 360.6 374.9 381.6 386.5 383.1 371.5 364 357.1 346.1 331.4 312.3 292.5 276.1 264.1 254.4 249.6 248.6 245 242.2 242.3 242.4 243.8 251 262.1 279.1 286.4 276.7 271.3 272.1 274 275.5 280.1 284.2 292 303.6 298 288.2 288.1 295.7 296.5 287.1 293 337.2 394.1 424.9 424.4 407 380.3 375.8 383.9 364.5 331.9 342.9 383.7
222.3 225.9 232.8 235.6 238.1 236 231.1 226.3 225.1 224.9 221.6 212.6 219.1 226.3 230.3 228.8 228.9 232.5 249.4 277.8 310.3 348 375.3 381.3 371.7 361.7 354.4 346.7 341.6 337.6 335.3 332.9 334.4 340.2 348.7 354.2 352.5 350.4 344.2 331.9 315.6 288.8 264.6 252.1 239 235.2 252.2 296.6 304.2 298.5 290.2 280.6 274.4 271.5 264.4 247.3 232.6 249 275.4 306.7 346.5 393.3 446.6 522.7 612.7 661.9 613.9 -9999 -9999 -9999 -9999 443.6 -9999 376.3 377.7 422
238.4 243.5 248.5 251.8 252.5 249.6 244.8 238.7 234.3 233.4 234.4 233 233.3 235.2 235.8 235.2 236.4 242.6 255.5 268.4 285 303.6 321 331.9 335.5 333.9 325.3 314.4 308.1 309.2 318.4 329.3 354.1 383 400.4 403.9 422.7 417.2 415.3 407.1 394.7 362.4 327.2 295.2 273 265.2 269.4 282.8 286.2 280 268.5 261.3 264.1 268 284.4 294.6 290 294 298.2 341.3 400.7 449.3 488.4 534.4 598.2 -9999 -9999 -9999 -9999 -9999 -9999 -9999 396.4 388.2 407.4 -9999
255.9 259 263.4 268.2 273.1 275.6 274 268.7 260.3 254.3 253.3 256.4 257.5 255.3 250.6 243.2 242.1 250.9 259 261.5 259 263.7 282.3 304.3 318.1 323.5 322.1 318.2 315.5 317.1 322.9 337 362 382.2 398.4 407.8 410.6 411.9 415 420.3 426.3 424.8 414.8 387.1 364.9 343.4 336.6 340.8 336.7 322.2 294.1 270.3 262.1 273.4 294.3 268.8 307.6 321.6 353.9 417.6 456.6 473.1 450.3 419.6 -9999 -9999 -9999 -9999 -9999 -9999 -9999 -9999 -9999 350.6 -9999 -9999
293.6 293.9 294.6 295.7 300.1 307 309.3 305.2 296.3 286.7 276 270.2 269.3 270.1 271.6 275.1 281.6 288.4 289.8 282.5 275.1 275.5 297 321.5 333.7 337.1 336.6 333.8 330.6 335.9 344.4 358.9 378.5 390.5 394.8 391.5 387.1 396.7 414 436.1 467.5 490.1 485.1 473 462.3 456.1 468.3 474.6 469.4 460.7 421.6 367.4 296.8 295.9 333 344.9 361.4 402.7 464.1 533.4 573.7 571.6 -9999 -9999 -9999 -9999 -9999 -9999 -9999 -9999 -9999 -9999 -9999 -9999 -9999 -9999
347.6 355.2 355.1 347.2 335.1 320.2 318.1 325.8 324.8 320.8 316.2 311.9 308.1 309.1 308.1 313.9 324.3 338.5 346.2 351.1 365.1 385.4 399.5 397.4 380.1 363.8 353.6 346.4 347.1 356.1 372.3 389.5 400.9 408.1 409.9 408.3 409.8 419.4 427.5 443.9 479.9 508.8 507.5 502.2 504.9 511.1 522.3 537.9 562.7 572.6 524.5 511.3 562.1 492.9 407.5 403.8 425.2 476.3 568.6 676.6 -9999 -9999 -9999 -9999 -9999 -9999 -9999 -9999 -9999 -9999 -9999 -9999 -9999 -9999 456.3 496.9
399 413.3 410.6 385.9 360.2 352.6 347.9 348.9 352 353 353.6 354.3 354 350.1 346.6 348.4 355 363.7 381.7 410.1 449.6 495.9 515.8 479.5 430.9 395.7 375.5 367.9 373.9 389.5 406.4 421.7 430.3 436 441.5 447.1 450.4 -9999 -9999 -9999 -9999 -9999 -9999 -9999 536.8 -9999 -9999 -9999 -9999 540.3 -9999 -9999 -9999 -9999 -9999 -9999 -9999 484.7 557.3 643.5 703.5 724.9 -9999 -9999 -9999 -9999 -9999 -9999 -9999 -9999 -9999 -9999 540.6 475.2 491.2 530.9
441.2 472.7 486.1 449.9 388.7 376.8 375.1 366.3 360.6 366.1 370.5 371.5 372.9 373.6 373.2 373.4 380.4 387.9 397.7 415 438.1 459 461.1 443 419.1 401.6 392.7 396.6 411.2 433 451.8 458.1 463.3 461.3 464.9 473.8 -9999 -9999 -9999 -9999 -9999 -9999 -9999 -9999 -9999 -9999 -9999 -9999 -9999 -9999 -9999 -9999 -9999 -9999 -9999 -9999 -9999 -9999 -9999 -9999 -9999 -9999 -9999 -9999 -9999 -9999 -9999 -9999 -9999 -9999 -9999 512.9 547.2 555.8 579.9 619.7
460.5 473.4 476.9 462.2 436.9 418.5 399.4 381.7 370 369.4 372.6 374 375.1 376.7 380.8 386.6 392.3 397.3 397.9 397.3 398.5 394.7 385.8 376.8 369.1 374.6 391.2 412.5 437.4 461.2 481.1 492.9 498.1 -9999 -9999 -9999 -9999 -9999 -9999 -9999 -9999 -9999 -9999 -9999 -9999 -9999 -9999 -9999 -9999 -9999 -9999 -9999 -9999 -9999 -9999 -9999 -9999 -9999 -9999 -9999 -9999 -9999 -9999 -9999 -9999 -9999 -9999 -9999 -9999 454.8 446.1 476 535.4 626.8 730.2 815.6
498.9 499.6 478.1 445.8 438 440.6 429.3 414.5 397.4 382.8 379.7 380.1 380.3 378.5 383.8 391.4 395.7 397.1 391.9 386.1 373.2 357.3 345.8 331 323.6 344.5 380.5 418.4 446 465.6 481.6 493.6 -9999 -9999 -9999 -9999 -9999 -9999 -9999 -9999 -9999 -9999 -9999 -9999 -9999 -9999 -9999 -9999 -9999 -9999 -9999 -9999 -9999 -9999 -9999 -9999 -9999 -9999 -9999 -9999 -9999 -9999 -9999 -9999 -9999 -9999 609.8 601 585.3 571.7 592.1 623.2 674.5 764.9 863.7 985.5
586.7 597.2 578 541.9 517.5 507.5 496.6 474.4 440.7 413.3 404 405.3 405.6 406.4 407.4 408.7 407.9 403 393.4 383.4 368 352.1 341.1 332.8 336 351.8 389.5 428.7 455.5 468.6 -9999 -9999 -9999 -9999 -9999 -9999 -9999 -9999 -9999 -9999 -9999 -9999 -9999 -9999 -9999 -9999 -9999 -9999 -9999 -9999 -9999 -9999 -9999 -9999 -9999 -9999 -9999 -9999 -9999 -9999 -9999 -9999 -9999 -9999 -9999 -9999 687.3 756.5 806.9 831 834.3 834.6 836.8 865.9 930.9 1011
657.1 702.8 680.2 640.7 613.4 595.9 579.5 558.5 515.2 474.6 465.7 453.2 446.2 439.2 433.8 431.1 426.1 417.5 405.3 392.6 379.8 363.5 350.7 330 298 324.5 405.8 499.2 548.4 -9999 -9999 -9999 -9999 -9999 -9999 -9999 -9999 -9999 -9999 -9999 -9999 -9999 -9999 -9999 -9999 -9999 -9999 -9999 -9999 -9999 -9999 -9999 -9999 -9999 -9999 -9999 -9999 -9999 -9999 -9999 -9999 -9999 -9999 -9999 731.7 747.2 829 956.1 1078 1116.4 1075.7 993.4 913.5 866.2 890.1 937.3
638.7 649.4 659.3 658.6 638.8 624.5 615.5 610.1 588.3 553.1 532.3 512.3 482.8 455.5 452.3 448.8 442 431.7 419.5 408.4 394.9 384.9 372.4 357.3 345.8 363 428.6 521.6 -9999 -9999 -9999 -9999 -9999 -9999 -9999 -9999 -9999 -9999 -9999 -9999 -9999 -9999 -9999 -9999 -9999 -9999 -9999 -9999 -9999 -9999 -9999 -9999 -9999 -9999 -9999 -9999 -9999 -9999 -9999 -9999 -9999 -9999 -9999 -9999 824.8 913.3 1050.8 1234.9 1426.6 1461.9 1267.8 1093.2 949 883.5 885.9 886.2
633.3 634 635.6 631.9 616.9 604.2 601.4 611 623.3 623 611.5 594.2 569.2 541.3 522.4 498.1 470.6 447.1 428.9 412.4 402 390.8 392.2 402 399.2 388.8 -9999 -9999 -9999 -9999 -9999 -9999 -9999 -9999 -9999 -9999 -9999 -9999 -9999 -9999 -9999 -9999 -9999 -9999 -9999 -9999 -9999 -9999 -9999 -9999 -9999 -9999 -9999 -9999 -9999 -9999 -9999 -9999 -9999 -9999 -9999 -9999 -9999 685.2 790.2 913.7 1052.3 1177.2 1200.4 895 1020.1 1062.3 1045.2 1027.7 1001.7 964.7
630.6 626.8 619 599.3 569.3 548.6 560.2 587.1 619.7 651.9 673.6 685.4 699.3 688.8 658.8 599.1 530.8 476.4 438 403.6 355.5 351.6 426.7 455.6 -9999 -9999 -9999 -9999 -9999 -9999 -9999 -9999 -9999 -9999 -9999 -9999 -9999 -9999 -9999 -9999 -9999 -9999 -9999 -9999 -9999 -9999 -9999 -9999 -9999 -9999 -9999 -9999 -9999 -9999 -9999 -9999 -9999 -9999 -9999 -9999 -9999 -9999 -9999 828.2 836.5 869.3 940.8 979.8 965.5 977.8 978.8 1032.2 1113 1172.5 1191 1168.4
638.7 623.3 594.8 561.1 533.4 523.3 532.6 556.8 596.1 671.4 684.1 719.3 790.2 813.1 773 713.9 626.2 539.3 485.9 469.4 477.5 518.1 -9999 -9999 -9999 -9999 -9999 463.5 -9999 -9999 -9999 -9999 -9999 -9999 -9999 -9999 -9999 -9999 -9999 -9999 -9999 -9999 -9999 -9999 -9999 -9999 -9999 -9999 -9999 -9999 -9999 -9999 -9999 -9999 -9999 -9999 -9999 -9999 -9999 -9999 -9999 -9999 -9999 883.9 887.4 889 871.5 867.2 856.6 890.3 980.7 1120.3 1268.3 1398.3 1472.5 1444.4
781.5 591.5 520.9 474 443.5 439.2 456.3 481.6 535 576.1 594.4 637.1 687 711.3 709.2 694.6 660.8 608.7 566 538.1 523.6 529.5 554.4 546.3 523.3 502.9 -9999 -9999 -9999 555.1 -9999 674 -9999 -9999 -9999 -9999 -9999 762 -9999 -9999 -9999 -9999 -9999 -9999 -9999 -9999 -9999 -9999 -9999 -9999 -9999 -9999 -9999 -9999 -9999 -9999 -9999 -9999 -9999 -9999 -9999 -9999 -9999 -9999 910.2 942.6 966 993.4 1067.7 1116.1 1197.1 1276.3 -9999 -9999 -9999 -9999
497.5 465.9 421.2 390.2 368.5 353.8 374.5 418.9 467 509.3 527.6 542.2 558.9 587.8 631.9 670.7 672.2 631.4 610 594 572.5 555.3 544.6 525.8 516.8 530.5 558.9 -9999 -9999 634.3 644.7 653.8 690.2 -9999 -9999 -9999 -9999 -9999 -9999 -9999 -9999 -9999 -9999 -9999 -9999 -9999 -9999 -9999 -9999 -9999 -9999 -9999 -9999 -9999 -9999 -9999 -9999 -9999 -9999 -9999 -9999 -9999 -9999 -9999 964.3 1038.2 1165.2 1357.3 1584.9 1634 1523.4 1421.4 -9999 -9999 -9999 -9999
222.1 318 349.9 335 328.5 308.4 344.9 378.6 422.7 453 474.6 492.4 502 539.5 603.1 668.9 738.9 781.9 686.7 589.3 548 555.9 533.5 501.3 499.9 548.5 617.9 668.2 693.7 716 709 683.6 671.5 659.5 530.2 -9999 617.1 694.5 -9999 -9999 -9999 -9999 -9999 -9999 -9999 -9999 -9999 -9999 -9999 -9999 -9999 -9999 -9999 -9999 -9999 -9999 -9999 -9999 -9999 -9999 -9999 -9999 -9999 -9999 957.2 987.5 965.6 977 2262.2 2111.9 1535.6 1432.6 -9999 -9999 -9999 -9999
327.7 353 370.8 387 363.8 333 364 386.4 412.1 439.7 451.5 465 488.4 516.7 564.2 648.1 705.5 781.2 732.3 653.3 614 585.6 550.8 515.5 489.7 539.5 693.1 770.9 761.9 780.1 783.1 760.8 742.3 686.8 -9999 -9999 709.3 803 872.3 -9999 -9999 -9999 -9999 -9999 -9999 -9999 -9999 -9999 -9999 -9999 -9999 -9999 -9999 -9999 -9999 -9999 -9999 -9999 -9999 -9999 -9999 -9999 -9999 -9999 868 905.5 931.4 1094.7 1195 -9999 -9999 -9999 -9999 -9999 -9999 -9999
398.7 417.1 418.9 427.4 433.6 441.1 443.8 428.9 394.5 422.9 437.9 454.1 474.2 506.7 528.3 573.5 644.3 690.9 696.5 686.8 668.4 617.4 582 570.8 490 478.9 608.6 694 754.2 821.1 841.1 804.9 814.5 766.3 660.4 619.9 786.1 968.7 -9999 -9999 -9999 -9999 -9999 -9999 -9999 -9999 -9999 -9999 -9999 -9999 -9999 -9999 -9999 -9999 -9999 -9999 -9999 -9999 -9999 -9999 -9999 -9999 -9999 -9999 -9999 1111.2 1093.4 1191.7 1225.9 -9999 -9999 -9999 -9999 -9999 -9999 -9999
449.8 462.9 477.5 496.5 504.8 474.6 519 483 447.7 431.3 419.3 459.5 505.2 538.1 556.5 587.6 633.1 674.8 690.5 671.2 642.1 600.5 581.7 573.2 606.8 687.7 711.7 717.5 748.1 777 780 722.9 685.3 684.8 -9999 -9999 851.4 885.4 709.4 -9999 -9999 -9999 -9999 -9999 -9999 -9999 -9999 -9999 -9999 -9999 -9999 -9999 -9999 -9999 -9999 -9999 -9999 -9999 -9999 -9999 -9999 -9999 -9999 -9999 -9999 847.6 1042.5 1287.4 -9999 -9999 -9999 -9999 -9999 -9999 -9999 -9999
473 500.2 513.3 534.4 564.7 599.6 531.4 433.7 412 433.5 455.8 467.6 555 587.2 598.8 611.2 614.6 584 612.4 633.6 615.2 577.8 577.9 649.8 801.2 1078.3 862.1 685.3 648.1 740.2 773.6 730.9 691.8 -9999 -9999 -9999 925.9 1191.7 922.2 -9999 -9999 -9999 -9999 -9999 -9999 -9999 -9999 -9999 -9999 -9999 -9999 -9999 -9999 -9999 -9999 -9999 -9999 -9999 -9999 -9999 -9999 -9999 -9999 -9999 -9999 646.2 1111 -9999 -9999 -9999 -9999 -9999 -9999 -9999 -9999 -9999
440.3 468.2 481.3 500.8 516.1 502.7 475.1 443.5 398.2 388.1 356 436.4 545.3 632.4 659.6 638.8 608.1 628.5 633.2 631.6 615.5 611.5 629.8 661.8 675.5 639.1 592.6 589.4 570 641.6 701.3 714.4 728.8 -9999 -9999 -9999 652.7 586.6 772.9 -9999 -9999 -9999 -9999 -9999 -9999 -9999 -9999 -9999 -9999 -9999 -9999 -9999 -9999 -9999 -9999 -9999 -9999 -9999 -9999 -9999 -9999 -9999 -9999 -9999 1766.2 -9999 -9999 -9999 -9999 -9999 -9999 -9999 -9999 -9999 -9999 -9999
420.8 419.9 425.3 444 462 442 414 460.5 436.2 436 449 508.5 609.4 665.5 701.7 729.4 776.3 760.9 717.5 678.3 644.9 633.6 637.2 635 624.4 585.8 579.7 622.4 667 716.1 743.4 730.6 739.4 -9999 -9999 -9999 765.6 546.1 762.1 817.1 -9999 -9999 -9999 -9999 -9999 -9999 -9999 -9999 -9999 -9999 -9999 -9999 -9999 -9999 -9999 -9999 -9999 -9999 -9999 -9999 -9999 -9999 2411.5 2284 -9999 -9999 -9999 -9999 -9999 -9999 -9999 -9999 -9999 -9999 -9999 -9999
445.8 432.1 414.8 429.7 447.9 453.6 451.3 434.1 433.4 428.5 489 543.6 576.4 635.2 696.5 784.2 858.5 813.2 771.4 713.2 673 661.2 621.8 626.9 644.6 639.3 683.3 763.5 801.1 798 771.4 718.7 712.7 -9999 -9999 -9999 910.7 913.4 1020.9 1017.4 -9999 -9999 -9999 -9999 -9999 -9999 -9999 -9999 -9999 -9999 -9999 -9999 -9999 -9999 -9999 -9999 -9999 -9999 -9999 -9999 -9999 -9999 -9999 -9999 -9999 -9999 -9999 -9999 -9999 -9999 -9999 -9999 -9999 -9999 -9999 -9999
