datasets/global_precipitation_1950_2017/rasters/precip_2012-total.asc
NCOLS 720 
NROWS 347 
XLLCORNER -180 
YLLCORNER -90 
CELLSIZE 0.5 
NODATA_value -9999 
[rows 68 to 101 of 347, columns 380 to 455 of 720]
755.2 589.5 660.2 641.4 627.3 786.1 1077.5 805.8 712 771.7 687.6 632.9 609.2 459.9 580.1 699.2 824.3 753.5 922.4 900.2 1121.6 696.4 627.7 701.1 772 746 717.5 685.4 651.1 654.5 683.9 698.5 683 694.3 671.1 626.3 548.2 498.6 615.3 599.7 611.5 571.6 547 537.1 554.8 574.3 584.1 576.9 612.3 598.5 574.7 559 551.4 580.7 664.4 611.3 559.7 518.1 472.7 417.1 375.6 412.4 420 397.5 363.5 332.7 321.3 308.4 295 285.6 279.5 253 224.6 216.9 202.1 191.5
741.3 667.8 656.1 742.3 729.3 773.5 1051.9 1050.7 732.3 770.4 710.4 501.4 522.9 475.2 502.6 563.2 609.3 679.9 745.7 704 724.2 621.8 583.5 554 755.2 845.4 1214.8 922.4 801.8 687.1 613.8 605.9 587.6 559.2 588.1 529.8 530.9 504.3 521.3 541.3 579.6 559.4 521.1 486.4 491.4 511.3 545.9 541.8 566.8 580.3 551.7 531.5 525.4 550.8 557.9 523.1 503.7 471.4 433 430.4 425.3 411.2 380.7 355.7 330.5 306.3 290.6 284.9 290.8 257.4 254.3 232.9 210.3 200.2 191.7 185.8
880.9 861.8 829.6 851.7 857.5 863 873.1 820.7 747.3 802.7 685.4 650.4 663.6 528.5 505 452.4 445.8 522.8 535 516.3 539.5 538.2 469.2 466.4 453.5 560.7 821.5 1076.4 956.5 995.3 667.1 620.4 510.5 387.1 520.7 500.4 474.1 505.5 495.1 495.8 493.5 480.9 507 477.3 448.3 449.5 418.5 464.4 517.8 534.9 522.4 496.8 491.5 509.3 495.4 485.5 491.1 478.1 460.3 450.7 398.3 383.7 347.6 315.6 306.4 289.5 280.5 273.4 259.6 240.2 229.2 206.7 204.4 222 178 165.5
1731.6 1200.6 1298 1357.5 1415 1926.9 1495.1 1758.1 1331.5 1340.8 1295.4 1152.7 679.3 568.3 441 455.5 421.3 417.7 414.5 412.8 386.5 406.2 381.1 416.6 416.1 450.2 613.3 659.6 641.6 589.6 614.1 497.9 436 508.5 305.4 456.2 471 486.4 471.6 406.5 446.8 449.5 438.2 431.9 410 394.5 379.2 411.6 440.8 449.4 466.1 461.9 453.6 446.9 449.8 437.4 448.6 466.9 477.2 452.5 431.1 382.7 345.9 326.2 315.3 298.1 283.1 268.1 233.1 205.7 209.1 204.7 202.9 199.5 179.9 163.2
1992.7 935.8 1195.3 1168.1 1265.2 1297 1349.4 1065 865.3 825 1342.6 928.5 638 517.2 507.2 491.7 423.7 420.8 419.5 393.9 357.2 369 406.4 407.4 371.1 607 534.1 512.5 567.6 525.2 449.5 686.9 580.6 382.9 426.1 501.3 554.1 521.9 521.8 482.4 452.7 419.1 401.6 368.4 354.9 367.5 383.1 379 367.3 370 361.9 384.4 409.2 362.7 371.2 374.3 397.2 413.1 453.2 510.6 444.1 403.7 373.7 351.9 322.7 312.5 296.4 264.8 258 248.9 229.1 209.5 193.5 179.6 173.8 167.3
636.1 620.4 925.4 977.4 1087.3 1331.8 1599.1 1253.1 1102.8 955.6 1059.7 886.3 687.1 538.8 512.6 447.3 441.7 463.1 435.9 421.9 399.8 406.4 390.9 439.1 477.9 539.3 511.8 494.9 292.2 593.4 489.2 591.2 648.5 551.8 312.3 424.2 520.7 506.3 509.5 487.1 499.9 468.7 430.6 361.7 365.9 372 394.9 350 327.5 325.8 318.2 324.9 302.1 -9999 -9999 -9999 -9999 359.9 402.8 450 445.7 423.5 411.9 421.5 376.6 342.9 319.5 318.3 294.8 266.1 235.9 215.7 191.1 167.8 169.1 172.2
1168.9 1249.1 1062.2 1428.3 1196.3 1610.6 2608.4 2253.7 1518.4 1363.5 1094.5 1079.4 909.5 732 589.5 529.2 560.6 538.5 489.5 442.7 398.2 459.3 534.4 415.5 471.8 549.9 483.2 379 325.5 562.3 434.9 449.1 455.5 453 436 455.3 522.2 520.2 506.1 496.8 454.1 -9999 -9999 -9999 356.3 328.6 338.7 343 314.5 299 -9999 -9999 -9999 -9999 -9999 -9999 -9999 393.2 427.7 445.2 430.9 390.8 365.1 371.5 369.3 372.3 358.4 326.1 284.6 259.6 222.1 218.4 195.5 176.8 177.8 203.6
1376 1160.2 1825.6 1033.2 858.2 836.2 -9999 946.5 1361.9 1631.9 1176.7 930.1 828.6 769.6 761 707.3 668.7 546.2 446.9 464.6 475.5 529.1 580.5 534 516 654.6 622.5 663.8 461.8 417.2 519.8 445.4 355.1 430.8 478.6 519.5 592.6 519.9 467.3 417.6 -9999 -9999 -9999 -9999 -9999 -9999 313.3 289.3 274.2 234.9 -9999 -9999 -9999 -9999 -9999 -9999 392.8 444.2 469.8 464.3 463.6 474.1 431.6 401.3 399.4 407.3 413.5 373 311.7 269.5 242.6 222.7 197.1 195.8 214.2 200.4
754.5 610.4 653.9 646.9 -9999 -9999 -9999 803.8 1236.3 1628.3 1447.6 1183.4 1020.4 850.5 732.6 691.2 649.4 531.9 573.7 465.7 463.4 503 474.9 729.9 717.8 619.2 651.1 511 380.5 530 567 552.9 379.7 458.7 476.2 448.7 508.6 504.7 397.3 -9999 -9999 -9999 -9999 -9999 -9999 -9999 271.1 280.3 280.6 282.3 274.9 240.5 236 -9999 364 446.2 488 554.8 556.1 504.5 502.8 544.7 531.5 481.5 420.3 423 420.3 384.6 325.9 312.4 292.3 257.2 209.5 209.6 235.2 213.5
606.6 642.4 519.2 504.1 -9999 -9999 -9999 -9999 -9999 -9999 1476 1306.8 1168 857.2 864.5 735.6 745.5 688.2 688.5 552.2 453.4 560.9 678.1 592.8 726.6 643.5 549.3 382.2 428.8 464.9 563 495.5 532 425.6 538 423.7 351.7 415.5 -9999 -9999 -9999 -9999 -9999 -9999 -9999 -9999 -9999 336.4 498.1 -9999 -9999 -9999 -9999 -9999 -9999 611.6 630.1 719.1 706.8 659.4 604.9 574.5 586.4 524.3 508.6 523.2 489.3 412.6 366.5 343.6 328 294.1 254.5 223.5 191.1 180.7
1765 898.9 845.7 710.4 493.1 -9999 -9999 -9999 -9999 -9999 883.8 1064.1 1061.2 1075.6 816.7 700.7 1029.4 1105 810.7 710.4 643.1 638.2 655.4 691.8 612.1 485.5 387 506.6 450.9 418.1 436.4 514.5 558.8 585.2 649.5 500.6 350.8 -9999 -9999 -9999 -9999 -9999 -9999 -9999 -9999 -9999 -9999 -9999 -9999 -9999 -9999 -9999 -9999 -9999 -9999 -9999 -9999 -9999 1522.4 1040 738.9 606.3 598.1 608.3 585 604.7 615.7 528.5 440.1 403.3 384.8 340.2 300.8 263.7 230 207
-9999 1026.4 938.2 1417.5 1031.8 786.4 -9999 -9999 -9999 -9999 -9999 -9999 817.5 1244.2 1264.6 1697.5 1237.3 927.1 804.2 814.3 692.8 624.1 667.2 648.9 627.6 526.4 452.9 394.7 436.1 454.8 417.7 513.3 590.2 690.9 698.5 525.5 397.4 -9999 -9999 -9999 -9999 -9999 -9999 -9999 -9999 -9999 -9999 -9999 -9999 -9999 -9999 -9999 -9999 -9999 -9999 -9999 -9999 -9999 -9999 1270.4 1181.5 1319.5 951.2 788.2 723.3 613.7 597 533.3 505.1 481.2 516.9 501.7 429.6 352.1 347.7 343.5
-9999 995.6 833.6 879.5 817 805.6 501.9 398.5 -9999 -9999 -9999 -9999 -9999 -9999 985.2 1222.8 1609.4 1369.1 943.7 791.8 696.2 797.2 650.4 587.6 622 636.8 715.9 621.5 494 495.2 521.5 564.1 675.4 651.7 617.6 571.4 -9999 -9999 -9999 -9999 -9999 -9999 -9999 -9999 -9999 -9999 -9999 -9999 -9999 -9999 -9999 -9999 -9999 -9999 -9999 -9999 -9999 -9999 -9999 -9999 -9999 1379.4 1411.5 1621.5 1089.9 780.5 826.1 674.3 793.1 778.1 608.4 653.9 494.3 417 399.5 386.6
-9999 -9999 642 843.6 735.7 764.7 833.6 851.8 -9999 -9999 -9999 -9999 -9999 -9999 -9999 -9999 1962.4 1895.6 1974 1372.1 794 558 594.6 704.9 582.6 549.7 545.8 815.5 695.8 799.1 826.7 676.1 691.1 674.6 550.8 561.9 -9999 -9999 -9999 -9999 -9999 -9999 -9999 -9999 -9999 -9999 -9999 -9999 -9999 -9999 -9999 -9999 -9999 -9999 -9999 -9999 -9999 -9999 -9999 -9999 -9999 -9999 -9999 1755.4 1648.1 1163.8 1074.9 794.4 897.1 687.2 754.2 553.7 398.1 479.5 418.8 337.8
-9999 -9999 -9999 755.6 742.3 911.1 875.4 893 822.7 -9999 -9999 -9999 -9999 -9999 -9999 -9999 -9999 -9999 1622.6 2366.7 1241.7 533.4 537.2 522.9 606 519.8 708.8 791.3 505.9 583 502.9 538.9 607.7 612.2 633 570.4 -9999 -9999 -9999 -9999 -9999 -9999 -9999 -9999 -9999 -9999 -9999 -9999 -9999 -9999 -9999 -9999 -9999 -9999 -9999 -9999 -9999 -9999 -9999 -9999 -9999 -9999 -9999 1653.5 1446.2 1149.4 891.5 568.7 602 520.6 558.8 648.2 866.3 650 401 233.3
-9999 -9999 -9999 -9999 722.3 967.8 1023.8 1178.2 992.9 699.9 441.2 398.4 -9999 -9999 -9999 -9999 -9999 -9999 -9999 1336.7 1190 803.9 628.2 403.1 393 624.3 649.4 705.4 806.4 1069.2 588.5 581 525.2 576.2 689.7 571.2 -9999 -9999 -9999 -9999 -9999 -9999 -9999 -9999 -9999 916.7 865.6 937.2 952.8 832.9 -9999 -9999 -9999 -9999 -9999 -9999 -9999 -9999 -9999 -9999 -9999 -9999 -9999 2492.3 1738.8 564.8 578.9 555.4 439.2 272.5 579.4 683.2 844.4 914.9 711.9 367.3
-9999 -9999 -9999 -9999 -9999 -9999 -9999 1039.9 1036.6 763.4 509 400.4 480.3 -9999 -9999 -9999 -9999 -9999 -9999 1338.6 1502.3 851.1 735.2 550.8 564.9 644.2 642.2 651.1 782.6 841.2 702.8 610.4 561.4 649.1 594 572.3 591 731.5 -9999 -9999 -9999 -9999 -9999 797.4 1030.3 583.4 558.7 468.4 564.5 606.2 619.9 728.7 874 1223.4 -9999 -9999 -9999 -9999 -9999 -9999 -9999 -9999 1918.5 1023.1 924.1 472.3 404.1 395.4 384.1 224 274.4 489.9 613.7 415.5 620.5 491.9
-9999 -9999 -9999 -9999 -9999 -9999 -9999 -9999 -9999 1102.4 917.2 553.6 470.6 480.1 570.5 -9999 -9999 -9999 -9999 1117.9 1079.9 753.5 850.4 824.6 925.6 504.5 439.5 -9999 -9999 641.8 -9999 -9999 527.7 622.2 687.1 -9999 -9999 -9999 -9999 -9999 845.2 810.1 805.8 616.1 642.8 592 503.3 493.5 558.2 594.1 548.3 560.7 646.9 661.4 867.7 961.1 1103.6 968.7 767.7 631.8 1147.1 1382.9 926.3 479.6 409.8 462.7 452.1 403.4 408.3 474.1 459.2 524.4 260.8 281.1 329.4 375
-9999 -9999 -9999 -9999 -9999 -9999 -9999 -9999 -9999 -9999 790.2 681.3 717.2 -9999 -9999 -9999 723.7 -9999 -9999 1309.8 1049 1006.1 853.5 597.2 600.8 -9999 -9999 -9999 572.4 -9999 -9999 -9999 -9999 641.1 768.3 711.5 647.7 755.3 906.1 529.6 533.6 569 586.2 537.4 519.3 550.6 427.1 457.3 558.1 612.7 590 569.9 518.3 527.3 618.5 674.4 651.1 616.8 530.3 496.5 407.3 444.7 391.1 373.9 398 557.5 446.1 311.7 386.1 464.7 393.7 356.7 601.1 451.4 361.6 251.1
-9999 -9999 -9999 -9999 -9999 -9999 -9999 -9999 -9999 -9999 -9999 -9999 603.7 -9999 -9999 -9999 -9999 -9999 -9999 1248.6 1197.1 1020.5 1376.1 900.9 567.3 510.5 -9999 -9999 -9999 -9999 -9999 -9999 681 712.5 721.1 709.3 704.7 756 783 590.8 435.4 352.4 398 391 396.7 427 422 467.5 534.1 580 563.7 519.7 521.5 578.3 599.6 642.4 586.7 570.7 445.3 498.8 508 461.8 359.7 408.1 446.2 511.7 489.8 278.2 229.9 265.7 275.3 637.8 562.3 632.8 414.1 221.2
-9999 -9999 -9999 -9999 -9999 -9999 -9999 -9999 -9999 -9999 -9999 -9999 976.1 1250.5 -9999 -9999 -9999 -9999 -9999 -9999 -9999 1043.5 1041.7 869.7 646 582.5 681.4 -9999 -9999 -9999 -9999 -9999 686.4 662.3 724.8 652.5 678.9 833.5 696.1 664.7 583.3 445.8 414.5 391.8 404.3 415.8 441.9 513.5 471.9 456.7 424.7 442.9 483.6 553.3 590.1 567.5 588.2 643.6 718.3 845.4 966.2 849 646 583.4 586.6 516.4 468.4 427.2 280.9 258.5 299.2 461.7 615.2 473.1 399.9 384.3
-9999 -9999 -9999 -9999 -9999 -9999 -9999 -9999 -9999 -9999 -9999 -9999 847.2 -9999 -9999 -9999 -9999 -9999 -9999 -9999 -9999 -9999 966.7 967 708.7 643.1 -9999 -9999 -9999 -9999 -9999 -9999 -9999 -9999 685.2 534.6 590.1 807.4 878.2 734.4 496.6 374.4 419.8 450.9 376.7 383.2 418.3 442.3 440.4 410.2 359.5 385.7 641.9 624.3 575.2 494.8 469.2 394.3 421.7 630.5 874.5 939.2 820.5 789.2 708 571.3 446.3 465.3 420.7 357.1 323.2 311 313.1 368.2 362.4 479
-9999 -9999 -9999 -9999 -9999 -9999 -9999 -9999 -9999 -9999 698.9 1075.4 1101.6 -9999 -9999 -9999 -9999 -9999 -9999 -9999 -9999 -9999 -9999 689.8 -9999 -9999 519.4 539.2 613.2 -9999 -9999 -9999 -9999 694.3 766.4 768.6 715 691.9 731.4 646.3 550 549.9 618.9 508.3 396.4 333.4 363.8 418.9 412.1 405.2 418.1 485.5 647.8 684.4 530.9 511.9 424.2 391.5 530.5 844.7 713.5 687.9 744.8 805.2 839.2 656.2 414.6 457.6 454.8 424.6 336.1 306.1 236.1 260.6 327.5 383.9
-9999 -9999 -9999 -9999 -9999 711.3 827 757 724.5 827.5 -9999 -9999 -9999 -9999 -9999 -9999 -9999 -9999 -9999 -9999 -9999 954.2 -9999 751.7 758.5 494.6 -9999 -9999 -9999 -9999 -9999 -9999 -9999 790.5 -9999 839.4 798.4 693.6 650.5 594.8 456 598 593.7 594.8 484.5 380.2 374.2 369.4 396.9 466.9 712.5 957.3 924.1 939.1 843.9 783.7 852.4 707.6 666.6 663.3 627.3 614.1 569.4 673.7 701.8 735.9 739.7 808.2 678.7 421.6 313.2 306.5 246.3 264.8 288.4 328.5
-9999 -9999 -9999 -9999 -9999 -9999 -9999 624.1 475.4 677.6 728.9 -9999 -9999 -9999 -9999 -9999 -9999 -9999 -9999 -9999 -9999 -9999 -9999 725.5 721 619.7 -9999 -9999 -9999 -9999 -9999 -9999 -9999 -9999 -9999 880.8 1199.4 1150.6 790.7 678.4 607.2 913 1125 1047.6 885.4 653.7 498.5 456.9 520.9 772.4 1025.6 1018.8 1060.9 1081.2 846.1 705.9 680.8 645.5 632.1 662.1 653.9 681 520 548.8 671.6 795.7 856.6 898.5 782.9 582.8 431.1 313.9 233.4 307.5 341.4 379.4
428.9 568.8 -9999 -9999 -9999 -9999 -9999 -9999 -9999 675.7 -9999 -9999 -9999 -9999 -9999 -9999 -9999 -9999 -9999 -9999 -9999 -9999 -9999 -9999 -9999 -9999 -9999 -9999 -9999 -9999 -9999 -9999 -9999 -9999 -9999 -9999 1017.5 1226.6 1141.2 801.2 937.3 -9999 -9999 1787.1 1549.1 1092.8 746.3 713.5 827.9 -9999 967.4 -9999 1127 877.2 709.9 552.4 520.5 506.4 486.9 562.2 588.5 469.6 326.3 404.8 379.7 1041.9 657.9 899.1 703.2 752.6 576.3 363.3 346.6 365.7 407.2 431
327.9 -9999 -9999 -9999 -9999 -9999 -9999 -9999 -9999 -9999 -9999 -9999 -9999 -9999 -9999 -9999 -9999 -9999 -9999 -9999 -9999 -9999 -9999 -9999 -9999 -9999 -9999 -9999 -9999 -9999 -9999 -9999 -9999 -9999 -9999 -9999 -9999 -9999 -9999 1199.5 -9999 -9999 -9999 -9999 -9999 1470.4 993.8 774.5 -9999 -9999 -9999 -9999 1357.4 773.1 544.6 503.1 438.9 329.4 295.9 368 352.9 280.1 323.7 372.9 317.5 314.4 259.6 461.7 710.8 755.1 745.8 656.9 491 538.3 535.6 529.8
223.1 257.9 -9999 -9999 -9999 -9999 -9999 -9999 -9999 -9999 -9999 -9999 -9999 -9999 -9999 -9999 -9999 -9999 -9999 -9999 -9999 -9999 -9999 -9999 -9999 -9999 -9999 -9999 -9999 -9999 -9999 -9999 -9999 -9999 -9999 -9999 -9999 -9999 -9999 -9999 -9999 -9999 -9999 -9999 -9999 -9999 -9999 -9999 -9999 -9999 -9999 -9999 1263.4 779 533.3 459.5 377.1 221.6 181.3 222.5 219 214 261.4 317.3 312.1 288.3 287.7 317.3 334.8 502.9 731.8 959.7 943.6 643.3 553.5 552.4
217.4 226.5 -9999 -9999 -9999 -9999 -9999 -9999 -9999 -9999 -9999 -9999 -9999 -9999 -9999 -9999 -9999 -9999 -9999 -9999 -9999 -9999 -9999 -9999 -9999 -9999 -9999 938.4 1028.3 1005 662.6 -9999 615.2 -9999 -9999 -9999 -9999 -9999 -9999 -9999 -9999 -9999 -9999 -9999 -9999 -9999 509.5 517.1 -9999 -9999 -9999 -9999 1277.4 525.4 562.8 456.9 306.7 224.3 186.2 176.4 128.6 120.4 134.5 160.6 158.4 165.4 172.4 200.7 228 355.9 607.6 821.4 800.3 504.6 423.8 435.1
186.4 208.9 202.4 -9999 -9999 -9999 -9999 -9999 -9999 -9999 -9999 -9999 -9999 -9999 -9999 -9999 -9999 -9999 -9999 -9999 -9999 -9999 -9999 -9999 -9999 -9999 -9999 -9999 -9999 -9999 -9999 -9999 -9999 -9999 -9999 -9999 -9999 -9999 -9999 -9999 -9999 -9999 -9999 -9999 -9999 863.6 699.1 -9999 -9999 -9999 -9999 -9999 1312.8 784.7 491.3 336.9 266.2 209.9 162.7 139.4 134.5 124.2 129.5 119.3 106.4 114.1 132.5 155.9 206.1 252.2 385.8 522 555.9 476.9 410.8 399.3
-9999 -9999 -9999 -9999 -9999 -9999 -9999 -9999 -9999 -9999 -9999 -9999 -9999 -9999 -9999 -9999 -9999 -9999 -9999 -9999 -9999 -9999 -9999 -9999 -9999 -9999 -9999 -9999 -9999 -9999 -9999 -9999 -9999 -9999 -9999 -9999 -9999 -9999 -9999 -9999 -9999 -9999 -9999 -9999 -9999 -9999 -9999 -9999 -9999 -9999 -9999 1548.8 1030.7 383.8 358.7 264.5 189.6 152.1 117.2 103.5 108.3 116.8 155 142.1 107.9 100.9 116.7 133.8 171.3 237.2 294 397 451.8 445.3 355.4 380.6
147.7 161 -9999 -9999 -9999 -9999 -9999 -9999 -9999 -9999 -9999 -9999 -9999 -9999 -9999 -9999 -9999 -9999 -9999 -9999 -9999 -9999 -9999 -9999 -9999 -9999 -9999 -9999 -9999 -9999 -9999 -9999 -9999 -9999 -9999 -9999 -9999 -9999 -9999 -9999 -9999 -9999 -9999 -9999 -9999 -9999 -9999 -9999 -9999 -9999 -9999 1413.4 621.3 278 250.5 199.5 141.8 109.1 91.2 81 81.2 96.9 116.1 123.3 114.3 106.4 115.8 134.1 156.9 209.6 302.6 367.7 433.3 431.9 384.1 395.1
171.6 169.8 -9999 -9999 -9999 -9999 -9999 -9999 -9999 -9999 -9999 -9999 -9999 -9999 -9999 -9999 -9999 -9999 -9999 -9999 -9999 -9999 -9999 -9999 -9999 -9999 -9999 -9999 -9999 -9999 -9999 -9999 -9999 -9999 -9999 -9999 -9999 -9999 -9999 -9999 -9999 -9999 -9999 -9999 -9999 -9999 -9999 -9999 -9999 -9999 859.8 816 318.2 214.7 228.8 96.5 25.7 48 73.7 75.6 72.3 85.5 102.1 113.3 114.9 116.2 122.7 135.5 131.3 161.1 214.6 272.4 297.9 328.3 382.7 374.7
121.3 127.4 142.6 132.1 150.8 156.9 172.8 238.5 -9999 -9999 -9999 -9999 -9999 -9999 -9999 -9999 -9999 -9999 -9999 -9999 -9999 -9999 515.6 629.7 512.5 -9999 -9999 -9999 -9999 -9999 -9999 -9999 -9999 -9999 -9999 -9999 -9999 -9999 -9999 -9999 -9999 -9999 -9999 -9999 -9999 -9999 -9999 -9999 -9999 -9999 673.9 562.9 352.7 334.8 240.8 66.2 10.8 36.4 67.3 79.9 74.2 77.9 84.4 82.8 81.8 100.9 120.1 125.2 143 130.5 134.4 142.5 148.1 155.7 239.4 309.7
