datasets/global_precipitation_1950_2017/rasters/precip_1977-total.asc
NCOLS 720 
NROWS 347 
XLLCORNER -180 
YLLCORNER -90 
CELLSIZE 0.5 
NODATA_value -9999 
[rows 102 to 135 of 347, columns 304 to 379 of 720]
-9999 -9999 -9999 -9999 -9999 -9999 -9999 -9999 -9999 -9999 -9999 -9999 -9999 -9999 -9999 -9999 -9999 -9999 -9999 -9999 -9999 -9999 -9999 -9999 -9999 -9999 -9999 -9999 -9999 -9999 -9999 -9999 -9999 -9999 -9999 -9999 -9999 374.2 351.9 265.8 241.2 304.4 432.6 462.3 423.4 214.2 110.4 107.9 181.9 334.6 183.1 75.3 74.6 72.6 112.5 126.5 125.5 122.1 116.7 87.3 62.5 47.3 47.6 17.2 14.9 21.7 26.4 35 44.8 53.9 61.2 59.7 48 39.3 43.1 55.5
-9999 -9999 -9999 -9999 -9999 -9999 -9999 -9999 -9999 -9999 -9999 -9999 -9999 -9999 -9999 -9999 -9999 -9999 -9999 -9999 -9999 -9999 -9999 -9999 -9999 -9999 -9999 -9999 -9999 -9999 -9999 -9999 -9999 -9999 -9999 -9999 -9999 350.6 294.3 226.4 241.2 411.1 475.7 394.8 261.8 135 78.4 68.2 86 117.3 75.6 12.5 48.6 72.3 89.9 107.7 116.3 112.5 82.5 49.6 33.3 24.5 23.5 19.3 18.2 21 29.7 31.1 32.8 43.4 46 45.4 37.2 28.9 31 42
-9999 -9999 -9999 -9999 -9999 -9999 -9999 -9999 -9999 -9999 -9999 -9999 -9999 -9999 -9999 -9999 -9999 -9999 -9999 -9999 -9999 -9999 -9999 -9999 -9999 -9999 -9999 -9999 -9999 -9999 -9999 -9999 -9999 -9999 -9999 -9999 359.9 340.9 313.9 450.7 293.6 280.7 253.1 190.2 136.5 100.6 48.7 32.7 52 66 77.8 86.5 71.7 73.8 89 104.4 109.5 85.9 44.9 31.9 27.1 24.3 23.4 22.1 21.6 23.8 24.6 26.4 29.1 34.3 35 33.4 29.5 27.4 30 35.9
-9999 -9999 -9999 -9999 -9999 -9999 -9999 -9999 -9999 -9999 -9999 -9999 -9999 -9999 -9999 -9999 -9999 -9999 -9999 -9999 -9999 -9999 -9999 -9999 -9999 -9999 -9999 -9999 -9999 -9999 -9999 -9999 -9999 -9999 -9999 -9999 325.6 425 285.3 329 312.3 291.1 175 152.2 108.2 82.2 51 41.7 44.9 47.6 44.8 46.8 48.6 51.6 55.1 46.6 28.4 23.4 23.8 26 27.5 29 25.8 23 22.3 23 24.5 25 27.5 29.7 28.4 24.3 22 21.9 23.7 26.7
-9999 -9999 -9999 -9999 -9999 -9999 -9999 -9999 -9999 -9999 -9999 -9999 -9999 -9999 -9999 -9999 -9999 -9999 -9999 -9999 -9999 -9999 -9999 -9999 -9999 -9999 -9999 -9999 -9999 -9999 -9999 -9999 -9999 -9999 -9999 -9999 -9999 371.6 244.1 302.3 334.7 375.6 232.5 135.3 91.1 84.9 59.8 44.9 37.2 30.5 24.7 21.9 29.5 31.9 22.1 16.8 14.5 14.3 17 19.6 22.6 22.6 22.5 21 20.4 21.7 23.2 23.4 24.4 22.5 20.4 18.7 17.9 18.5 19.4 19
-9999 -9999 -9999 -9999 -9999 -9999 -9999 -9999 -9999 -9999 -9999 -9999 -9999 -9999 -9999 -9999 -9999 -9999 -9999 -9999 -9999 -9999 -9999 -9999 -9999 -9999 -9999 -9999 -9999 -9999 -9999 -9999 -9999 -9999 -9999 -9999 148.5 246.4 272.8 287 348 333.2 224.5 149.6 112.8 88.6 64.7 42.3 30.1 26.2 22.7 22.4 23.8 22.1 15.6 11.9 10.5 10.7 12.2 13.9 16.9 18.1 18.3 18.3 17 18.7 18 16.6 15.7 14 13 13.4 14.5 15.5 16.3 15.8
-9999 -9999 -9999 -9999 -9999 -9999 -9999 -9999 -9999 -9999 -9999 -9999 -9999 -9999 -9999 -9999 -9999 -9999 -9999 -9999 -9999 -9999 -9999 -9999 -9999 -9999 -9999 -9999 -9999 -9999 -9999 -9999 -9999 -9999 -9999 126.2 159.1 184.6 192.1 189.5 235.1 254.3 187.9 134.4 109.5 84.7 63.3 40.3 27.9 24.2 23.4 21.4 19.4 15.4 10.4 8.9 8.8 7.9 7.6 9.1 9.6 12.3 13.2 13.3 12.3 12.7 12.2 11.1 10.1 10 10.6 10.2 10.5 10.9 11 10.9
-9999 -9999 -9999 -9999 -9999 -9999 -9999 -9999 -9999 -9999 -9999 -9999 -9999 -9999 -9999 -9999 -9999 -9999 -9999 -9999 456.8 -9999 -9999 -9999 -9999 -9999 -9999 -9999 -9999 -9999 -9999 -9999 -9999 -9999 118.4 117 111.2 102.3 86.9 63.5 62.5 70 83.3 87.6 85.4 76 56.8 36.6 24.8 23.3 20.5 18 15.7 13.6 8.9 7.4 5 4.5 3.9 5.2 5.1 5.6 6.6 6.9 7.2 7.6 7.5 7.3 7.8 7.9 7.8 7.5 7.3 6.8 6.1 5.7
-9999 -9999 -9999 -9999 -9999 -9999 -9999 -9999 -9999 -9999 -9999 -9999 -9999 -9999 -9999 -9999 -9999 -9999 -9999 -9999 -9999 -9999 477.2 -9999 -9999 -9999 -9999 -9999 -9999 -9999 -9999 -9999 -9999 99.4 105.3 101.2 84.5 67.4 45.2 37.6 40.7 39.6 44.5 51.5 55.6 55.5 46.8 31.8 23.2 19.8 17.9 16.4 14.8 12.9 7.7 5.5 1.9 2.8 2.7 2.7 1.2 1.2 2 2.5 3.6 4.4 4.9 5.2 4.9 7.5 5.5 5.1 4.5 3.6 3 2.1
-9999 -9999 -9999 -9999 -9999 -9999 -9999 -9999 -9999 -9999 -9999 -9999 -9999 -9999 -9999 -9999 -9999 -9999 -9999 -9999 -9999 -9999 -9999 -9999 -9999 -9999 -9999 -9999 -9999 -9999 57.2 71.6 75.4 78.2 81.7 78.1 62.9 42.2 22.8 10.1 16.4 21.8 26.9 30.6 34.8 35.5 34.6 24.8 19.5 17.6 16.2 14.3 12.4 11.3 6.3 3.5 2.2 1.3 2.3 2.3 0.6 0 0.2 0.8 2.8 3.4 4.1 3.1 2.5 2.9 3.2 3.1 2.7 1.7 1.6 2.1
-9999 -9999 -9999 -9999 -9999 -9999 -9999 -9999 -9999 -9999 -9999 -9999 -9999 -9999 -9999 -9999 -9999 -9999 -9999 -9999 -9999 -9999 -9999 -9999 -9999 -9999 -9999 -9999 -9999 74.7 61.4 60.9 62 60.3 58 54.3 45.5 28.4 11.6 5.1 3.9 11.6 15.7 20.9 21.8 22.8 26.6 21 15.1 14.6 13.2 12.8 10.9 8.8 4.4 2.7 1.4 1.5 3.4 5.6 5.4 1.5 2 2.4 2.7 3.3 3.3 2.9 2.2 1.8 1.9 2 2.6 2.4 2 1.9
-9999 -9999 -9999 -9999 -9999 -9999 -9999 -9999 -9999 -9999 -9999 -9999 -9999 -9999 -9999 -9999 -9999 -9999 -9999 -9999 -9999 -9999 -9999 -9999 -9999 -9999 -9999 -9999 -9999 64.6 61.8 58 57 54.5 49.3 41.5 33.8 22.6 12.4 6.1 3.5 5.4 9.1 11.9 14.8 16.1 19.4 17.6 11.1 11.5 11.3 10.4 8.9 5 4.3 3.2 2.7 4.2 7 8.8 11 9.2 5.5 3.7 3.2 3.1 3.7 3.4 1.8 0.8 0.6 0.9 1.6 3.2 2.3 1.8
-9999 -9999 -9999 -9999 -9999 -9999 -9999 -9999 -9999 -9999 -9999 -9999 -9999 -9999 -9999 -9999 -9999 -9999 -9999 -9999 -9999 -9999 -9999 -9999 -9999 -9999 -9999 183.7 92.7 65.9 56.3 53.3 52 49.3 44.3 36.9 26.9 19.8 11.7 6.4 4.2 3.5 4.3 7.2 10.7 12.9 14.8 13.9 9.1 9.9 9.5 5.9 5.5 5.3 4.8 4.8 5.1 7.1 8.3 11.2 10.4 9 6.6 4 3.1 3.1 3.7 3 1.8 0.5 0.1 0.5 1.1 1.1 1.7 2.2
-9999 -9999 -9999 -9999 -9999 -9999 -9999 -9999 -9999 -9999 -9999 -9999 -9999 -9999 -9999 -9999 -9999 -9999 -9999 -9999 -9999 -9999 -9999 -9999 -9999 -9999 -9999 122.3 64.4 52 48.7 47.8 45.4 43.2 37.9 32 25.3 18.1 13.7 7.8 4.6 3.7 3.5 4.4 7.2 10.5 12.2 12.2 7.9 8.5 8.5 8 5.7 5.6 5.7 6.5 7.6 9.1 11 11.8 11.4 9.4 5.8 4 3.6 3.3 4.4 3.1 1.7 1.3 0.8 0.2 0.4 0.6 1.5 2.7
-9999 -9999 -9999 -9999 -9999 -9999 -9999 -9999 -9999 -9999 -9999 -9999 -9999 -9999 -9999 -9999 -9999 -9999 -9999 -9999 -9999 -9999 -9999 -9999 -9999 -9999 63.5 50.4 45.3 41.5 38.6 37.2 35.4 32.6 29.9 26.6 21.7 15.9 11.7 9.2 6.4 4.9 4.2 3.7 5.6 8.2 12.2 10 5.6 5.8 6 5.5 5.5 6.1 6.6 7.5 9 10.3 12.2 11.7 8.5 6.7 5.5 4.5 6.5 8.7 14.8 11.4 4.9 1.4 1.4 1.1 0.8 0.8 1.2 3.9
-9999 -9999 -9999 -9999 -9999 -9999 -9999 -9999 -9999 -9999 -9999 -9999 -9999 -9999 -9999 -9999 -9999 -9999 -9999 -9999 -9999 -9999 -9999 -9999 -9999 -9999 31.9 28.9 29.3 30 29.8 28.5 27.6 26 22.9 21.2 18.1 14.8 11.1 8.1 6.1 5.6 4.4 3.7 4.9 6.9 10.8 8.1 4 4.3 5.1 5.6 5.9 6.3 6.7 7.3 8 9.1 12 10.1 7.8 5.8 5.1 6.6 9.5 12.3 15.7 12 9.1 4.1 1.5 2.5 2.2 1.8 1.1 2.8
-9999 -9999 -9999 -9999 -9999 -9999 -9999 -9999 -9999 -9999 -9999 -9999 -9999 -9999 -9999 -9999 -9999 -9999 -9999 -9999 -9999 -9999 -9999 -9999 -9999 13.6 16.1 18.1 20.2 21.2 21.5 20.3 18.8 17.2 15.6 14.4 13 11.3 10.2 8.2 6.7 5.6 5.1 6 6.3 8.3 9.1 7.2 4.4 4.4 5.6 6 6 5.9 6.3 6.6 6.1 5.3 4.7 5.9 5.8 6.6 5.8 7.5 12.9 13.6 14.7 10.9 8.5 5.1 1.5 2.8 3 3.4 2.6 2.9
-9999 -9999 -9999 -9999 -9999 -9999 -9999 -9999 -9999 -9999 -9999 -9999 -9999 -9999 -9999 -9999 -9999 -9999 -9999 -9999 -9999 -9999 -9999 -9999 14.3 11.4 8.5 9.1 13 14.8 15.7 14.7 14.4 12.9 11.6 11.8 11.3 11.4 11.1 10.4 9.7 9.5 9 8.8 9.9 12.4 14.6 14.6 12.2 9.4 8.3 8.4 7.9 7.6 6.9 6.7 5.7 4.3 4.1 4.9 6.5 7.3 9.8 9.8 13.4 13.9 12.9 10.9 9 6.4 4.1 2.4 3.7 4.6 3.7 3.4
-9999 -9999 -9999 -9999 -9999 -9999 -9999 -9999 -9999 -9999 -9999 -9999 -9999 -9999 -9999 -9999 -9999 -9999 -9999 -9999 -9999 -9999 -9999 -9999 14.5 10.9 8.5 9.3 11.8 14.3 15.3 14.7 14.8 14.2 13.1 11.4 11.5 11.5 13.3 14.8 13.9 13.3 13 14 19.3 22.3 23 24.1 21.7 19 15.8 14.1 13.2 13 11.5 12 9.9 8.9 8.9 8.6 9.7 10.3 12.1 10 12.6 12.3 13.2 11.3 10.2 7.9 5.7 5 3.5 2.7 3.8 3.9
-9999 -9999 -9999 -9999 -9999 -9999 -9999 -9999 -9999 -9999 -9999 -9999 -9999 -9999 -9999 -9999 -9999 -9999 -9999 -9999 -9999 -9999 -9999 16.2 13.7 11 9.8 10.3 13.2 14.2 14.8 18.5 18.3 17.1 16.5 16.3 15.9 16.6 17.6 19.2 23.1 27.5 28 28.7 25.4 23.2 19.5 21.5 23.7 24.5 24.2 20.2 19.5 19 18.9 18.4 17.8 17.2 15.5 15.3 15.3 14.3 14.4 11.7 10.5 11.4 10.6 10.1 11.3 12.7 8.1 6.3 4.3 3.4 3.4 4.2
-9999 -9999 -9999 -9999 -9999 -9999 -9999 -9999 -9999 -9999 -9999 -9999 -9999 -9999 -9999 -9999 -9999 -9999 -9999 -9999 -9999 -9999 -9999 14.8 12.9 10.7 11.5 14.5 16.3 16.8 16.6 19.6 20.9 20.3 20.1 20.1 21.9 24.2 27.5 35.3 43.2 43 32.9 25.9 24.4 17.4 12.9 15.3 21.7 26.8 28.9 30.8 28.1 28.4 28.3 28.6 29.7 29 26.3 25.6 24.1 21.4 17.2 13.8 11.8 8.7 6.5 9.5 13.5 12.1 10.5 8 4.7 4.5 2.1 2.2
-9999 -9999 -9999 -9999 -9999 -9999 -9999 -9999 -9999 -9999 -9999 -9999 -9999 -9999 -9999 -9999 -9999 -9999 -9999 -9999 -9999 -9999 12.7 12.7 11.4 9.8 16.7 21 22.1 21.8 22.4 22.9 22.5 21.6 20.3 23 25.2 30 36.3 41.9 40.9 33.4 27.4 27.4 22.8 15.1 11.7 11.1 15.8 24.9 31.4 36.6 39.6 38.7 39.5 38.9 40 38.5 38.5 38.4 36.6 31.4 25.4 17.5 11.5 7.6 6.2 9.6 12.7 11.2 10.7 9.2 7.1 3.8 2.2 2.2
-9999 -9999 -9999 -9999 -9999 -9999 -9999 -9999 -9999 -9999 -9999 -9999 -9999 -9999 -9999 -9999 -9999 -9999 -9999 -9999 -9999 -9999 8.8 9.9 9.9 13 25.4 25.7 26.8 27.8 28.5 27.6 24.9 23.4 22.5 25.6 29.7 33.3 37.7 37.1 29.3 29.8 28.5 25.1 18.1 11.3 10.5 11.3 13.6 20.1 29.4 37.5 42.7 47.1 48.6 49.7 48.1 49 49.4 51.4 49.5 45 35.6 24.8 17.4 10.8 7.7 9.6 11.3 12.4 12.3 12 8.3 6.8 5.3 5.4
-9999 -9999 -9999 -9999 -9999 -9999 -9999 -9999 -9999 -9999 -9999 -9999 -9999 -9999 -9999 -9999 -9999 -9999 -9999 -9999 -9999 -9999 -9999 10.2 10.1 19.4 27.4 27.2 26.5 28.4 32.9 29.7 27 25.4 23.4 28.7 32.9 36.6 35.7 30.9 29.8 29.7 27.9 22.3 14.6 8.8 9 11.7 14.1 16 25.4 34.9 43 47.5 53.9 55.2 53 49 51.1 59.3 64.8 61 50.8 37.1 26.2 16.9 13.3 15.5 15.6 18.8 17 14.2 11.9 9 8.5 9
-9999 -9999 -9999 -9999 -9999 -9999 -9999 -9999 -9999 -9999 -9999 -9999 -9999 -9999 -9999 -9999 -9999 -9999 -9999 -9999 -9999 -9999 -9999 -9999 15.6 22.9 28.6 28.1 26.4 26.2 31 30.4 27.2 25.9 26.5 33.3 33.9 34.5 28.1 30.5 29.1 29.2 28.4 20.9 11.4 5.9 8 12.2 13.6 16.1 20.8 32 41.8 49.3 59.1 64.4 59.4 52.3 55.7 67.4 76.9 78.4 71.4 56.2 39.8 29.5 26.1 25.2 25.3 23.6 19.3 12 5.3 4.5 10 12.2
-9999 -9999 -9999 -9999 -9999 -9999 -9999 -9999 -9999 -9999 -9999 -9999 -9999 -9999 -9999 -9999 -9999 -9999 -9999 -9999 -9999 -9999 -9999 29.2 31.1 31.7 29.3 30.6 28.6 28.6 34 34.8 33.3 33.8 34 34.4 31.3 30.6 29.3 29.8 27.9 30.8 30.7 19 8.3 3.8 8.2 11.9 14.4 16.8 20.7 28.8 39.4 50.3 67.5 74.6 74.5 70.7 73.8 82.7 90 93 92 83.6 70.4 55.8 50.3 47.7 43.7 35.9 24.1 5.6 1.1 1.2 4.6 10.1
-9999 -9999 -9999 -9999 -9999 -9999 -9999 -9999 -9999 -9999 -9999 -9999 -9999 -9999 -9999 -9999 -9999 -9999 -9999 -9999 -9999 -9999 -9999 55.4 50.8 40.2 35.2 31.9 26.1 38.7 53.8 53.8 45.2 37.3 35.2 31.6 31 31.6 31 34.5 33.6 32.8 31.1 17.5 7 3.2 9.4 12.5 13 16.9 21.6 28 37 59.8 85.3 92 94.8 97 102 103.7 104.3 104.6 106.4 110.4 112.5 112.4 107.3 82.1 68.9 54.4 31.7 6.2 2 2 5.3 12.6
-9999 -9999 -9999 -9999 -9999 -9999 -9999 -9999 -9999 -9999 -9999 -9999 -9999 -9999 -9999 -9999 -9999 -9999 -9999 -9999 -9999 -9999 -9999 -9999 56.8 48.6 41.8 35.4 38 86.7 85.6 77.5 54.2 33.2 34.2 32.6 36.9 33.9 31.9 36.5 33.8 34 29.7 19.5 8.9 4.5 11.3 13.8 13.9 17.6 23.2 38.5 63.5 104.7 109.3 109.3 113.7 122.4 126.7 117 116.3 118.5 120.1 128 140.3 154.1 138.2 103.5 87.3 69.8 46.8 17.9 4.3 4.7 11.6 19.4
-9999 -9999 -9999 -9999 -9999 -9999 -9999 -9999 -9999 -9999 -9999 -9999 -9999 -9999 -9999 -9999 -9999 -9999 -9999 -9999 -9999 -9999 -9999 -9999 49.6 46.8 52 67.4 84 87.9 75.4 70.3 67.5 60.7 56.6 46.9 43.8 34.1 34.9 37.3 37.5 32.9 25 17.2 12.7 10.4 13.7 18.8 19.3 23 40.8 75.6 106.7 114.6 111.7 118.2 123.5 128.2 124 116.7 125.6 134.4 136.1 148.8 165.7 178.3 156.8 130 114.3 96.1 76.2 48.7 28.8 22 26.2 32.8
-9999 -9999 -9999 -9999 -9999 -9999 -9999 -9999 -9999 -9999 -9999 -9999 -9999 -9999 -9999 -9999 -9999 -9999 -9999 -9999 -9999 -9999 -9999 -9999 59 54.2 48.1 65.9 89.9 85.6 66.4 55.6 75.5 86.3 100 77 55 46.4 48.8 48.9 41.6 28 17.2 15.2 18.6 36.6 100.5 87.2 79.5 96 114 119.7 118.1 111.6 108.9 118 127.7 128.6 127.8 133.2 143.9 156.3 165.7 184.7 212.2 211.9 184.2 156.8 138.9 128.2 108.4 76.7 54.8 47.2 50.3 52.9
-9999 -9999 -9999 -9999 -9999 -9999 -9999 -9999 -9999 -9999 -9999 -9999 -9999 -9999 -9999 -9999 -9999 -9999 -9999 -9999 -9999 -9999 -9999 -9999 99.6 98.2 65 89.5 111.6 107.4 85.5 87.4 119.3 127.5 114.3 95.5 99.7 97.5 103.1 88.3 49.9 21.2 16.5 21.1 25.1 117.2 202.8 181.3 157.5 136.4 127.4 131.3 121.2 105.9 105.4 112.5 134.4 141.7 151.2 164.5 178.3 192.9 203.8 229.5 264.8 249.7 222.9 187 160.1 155 142.9 87.2 62.8 67.8 76.9 85.2
-9999 -9999 -9999 -9999 -9999 -9999 87.2 -9999 -9999 -9999 -9999 -9999 -9999 -9999 -9999 -9999 -9999 -9999 -9999 -9999 -9999 -9999 -9999 118.2 119.1 142.7 136.5 124.5 126.3 169.6 180.3 164 167 165.9 124.4 94.9 108 114.9 125.6 126.4 84.7 88.2 55.5 46 43.8 214.5 232.9 206.9 176.5 141.5 126.9 133.1 124.4 108.5 120.7 131.8 149.5 162.5 188.5 205.9 213.8 218.3 227.7 256.1 306.1 322 275.3 236.2 181.3 153.4 181.2 115.3 85.1 97.5 114.2 133.3
-9999 -9999 -9999 -9999 -9999 -9999 -9999 -9999 -9999 -9999 -9999 -9999 -9999 -9999 -9999 -9999 -9999 -9999 -9999 -9999 -9999 -9999 -9999 105.6 147.6 173 162.7 145.1 195.5 228.2 211.5 217.6 208.2 189.4 166.9 128.7 103.1 118.4 120.5 139.7 136.3 138.5 152 147.1 192.9 267.3 261.1 258.1 200.4 203.4 171 155.4 168.8 165.3 162.9 178.2 168.5 187.9 214.8 224.6 220 222 242.7 286.3 343.4 369.4 347 300.6 237.7 193.3 179.7 147.2 132.7 141.4 158.3 188.3
-9999 -9999 -9999 -9999 -9999 -9999 -9999 -9999 -9999 -9999 -9999 -9999 -9999 -9999 -9999 -9999 -9999 -9999 -9999 -9999 -9999 -9999 -9999 167.3 234.6 355.1 271.7 208.4 199.8 183.2 249.1 311.9 310.8 280.7 300.4 287.3 241.2 221 198.3 173.8 236.8 273.9 292.3 353.4 414.4 322 273.9 271.8 284.8 242.8 259.1 286.2 309.3 313.9 224 195.2 221 239.6 251.1 241.5 236.1 246.1 282.3 337.5 376 376.2 383.6 370.4 328.5 262.7 202.6 173.9 178.3 195.4 214.8 243.2
