datasets/global_precipitation_1950_2017/rasters/precip_1967-total.asc
NCOLS 720 
NROWS 347 
XLLCORNER -180 
YLLCORNER -90 
CELLSIZE 0.5 
NODATA_value -9999 
[rows 170 to 203 of 347, columns 380 to 455 of 720]
1909.3 1935.6 1856.1 1899.9 1820 1838.5 1862.6 1646.9 1806.2 1918.3 1799.9 1778.1 1676.7 1577.6 1657 1855.9 2130.9 2229.5 2207.2 2247 2182.6 2070.2 2053 2063.8 2087.1 2075.6 2020.6 1952 1917 1833.4 1686.6 1702.3 1886.3 2097 2255 2061.8 1795.2 1628 1193.4 1221.1 929.7 896.9 1319.2 1656.5 1623.2 1293.3 1045.2 994.2 1298.2 1308.8 1032.6 813.4 474.4 1336.1 829.5 1062.8 1141.3 1159.7 856 754.1 935.5 1080.3 1124.9 -9999 -9999 -9999 -9999 -9999 -9999 -9999 -9999 -9999 -9999 -9999 -9999 -9999
1842.7 1796.2 1795.3 1855 1940.6 1934.3 1828.3 1701.8 1833.7 2023.1 1846 1784.3 1658.5 1597.7 1595.2 1712.8 1913.9 2021.2 2079.4 2204.7 2237.8 2108.2 2071.8 2136.3 2164.5 2106.8 2003 1902.5 1870.1 1677.1 1606.7 1541.1 1925.1 2221.1 2288.1 2314.6 1922.9 1888 1346 1164.1 984.6 855.8 1064.5 1303.9 1224.3 1178 1088.3 1096.2 1156.7 944.1 849.2 883 652.6 950.6 837 790 931.5 1045.2 1005.6 1141.5 1309.5 1209.4 -9999 -9999 -9999 -9999 -9999 -9999 -9999 -9999 -9999 -9999 -9999 -9999 -9999 -9999
1691.9 1662.1 1669.4 1756.1 2032.5 2387.5 1872.5 1754 1620.8 1853.6 1827.8 1748.9 1500.4 1500.3 1455.9 1427.3 1606.8 1753.2 1785.2 1900.7 1923.3 1904.9 1949.5 2128.1 2168.9 2037 1930.4 1861 1800.5 1701 1660.4 1631.1 1823.3 2134.3 2283.5 2564 2678.2 1524.1 1279.8 1245.5 982.7 975.2 894.4 1025.1 961.2 1083 1014.3 995.8 983.6 752.5 577.7 698.7 850 907.9 1237.9 949.9 858.9 915.5 1138.2 1377.3 -9999 -9999 -9999 -9999 -9999 -9999 -9999 -9999 -9999 -9999 -9999 -9999 -9999 -9999 -9999 -9999
-9999 1708.9 1639.5 1533.7 1497 1753.6 1531.9 1522.5 1601.5 1702 1723.5 1692.5 1463.2 1420 1386.4 1376.8 1468.3 1532.2 1551.7 1571.7 1580.6 1618.1 1659.7 1902.7 1963.4 1913.9 1909.7 1841.9 1779.2 1720.3 1712 1774.2 1802.9 1991.8 2433.2 2806.2 2836.6 1401.5 951.2 1311 1253.8 1224.9 1061.5 1147.5 1004.5 1009.7 1002.4 1014.8 859.5 898.6 976.6 1118.7 1019.3 1084.7 2223 1312.4 1198.9 830.3 1210.1 1444.4 -9999 -9999 -9999 -9999 -9999 -9999 -9999 -9999 -9999 -9999 -9999 -9999 -9999 -9999 -9999 -9999
-9999 -9999 1478.4 1287 1228.9 1252.4 1245.4 1239 1367.6 1561.5 1384.9 1351.4 1348.9 1361.2 1355.2 1372.8 1368 1407 1426.2 1427.1 1411.5 1443.5 1557.8 1693.5 1783.5 1775.8 1841.3 1804.5 1743.2 1709.8 1684.3 1652.7 1632.3 1736.5 2109.2 2413 2230.4 1127.6 1108.5 1398.3 1333.5 1525 1240.8 1001 919.1 952.7 1044.4 1030.7 930 1047.6 1159.7 1072.1 1033.7 979.2 885.6 846.7 883.1 913.6 1403.2 1458.5 -9999 -9999 -9999 -9999 -9999 -9999 -9999 -9999 -9999 -9999 -9999 -9999 -9999 -9999 -9999 -9999
-9999 -9999 -9999 1091.8 1273.8 1411.9 1188.9 1169.1 1290.3 1259.9 1195.7 1213.6 1245.3 1337.2 1369.9 1407.7 1274.4 1333.7 1344.3 1335.8 1321.2 1426.4 1538.3 1591.2 1639.2 1632 1702.1 1728.9 1700.5 1682.5 1600.8 1505.6 1463.1 1455.1 1523.1 1556.6 1318.3 1175.1 1120.8 1137.5 1192.7 1279.6 1194 1025 1001.5 1001.1 1035.5 1030.2 1200.8 1053.1 998.4 990.9 942.3 602.3 677.3 724.4 1082.3 1381.4 1492.1 -9999 -9999 -9999 -9999 -9999 -9999 -9999 -9999 -9999 -9999 -9999 -9999 -9999 -9999 -9999 -9999 -9999
-9999 -9999 -9999 -9999 1120.1 1474 1366.4 1241.8 1260.9 1171.2 1223.5 1234.6 1262.4 1331.3 1344.5 1358 1365.6 1458.2 1311.1 1277.9 1321.4 1432 1511.1 1516.3 1557.5 1600.4 1636.5 1658.5 1658.7 1629.7 1548.7 1489.2 1415.1 1358.3 1362.5 1416.9 1268.7 1118.6 996.3 949.7 1125.8 1103.3 1069.5 1052.8 1083.2 1094.1 922.4 989.2 1006.6 894.3 856.3 936.5 905.9 817.6 846.6 1114.4 1250.6 1555.6 -9999 -9999 -9999 -9999 -9999 -9999 -9999 -9999 -9999 -9999 -9999 -9999 -9999 -9999 -9999 -9999 -9999 -9999
-9999 -9999 -9999 -9999 931.6 1203.8 1169.1 1132.7 1234.9 1276.2 1409.1 1310.6 1346.1 1307.1 1269.4 1309.3 1296.2 1226.9 1128.4 1266.7 1337.4 1419.9 1468.3 1485.4 1536.4 1567.2 1583.3 1615.5 1636.1 1640.7 1472.3 1474 1353.1 1229.4 1175.7 1196.2 1165 1059.2 984.6 998.1 1160.2 1049.2 1076.7 1096.8 1162.4 1070.3 1020 970.6 879.4 831.1 576.9 830.4 847 855.9 927.7 1172.2 1721.2 1986.1 -9999 2157.5 -9999 -9999 -9999 -9999 -9999 -9999 -9999 -9999 -9999 -9999 -9999 -9999 -9999 -9999 -9999 -9999
-9999 -9999 -9999 -9999 777.7 899.8 1002.3 1113.1 1141.1 1127.4 1018.9 1292.4 1325 1251.1 1263.9 1312.6 1307.3 1271.7 1210.7 1325.3 1318.9 1388.4 1437.6 1493.1 1529.2 1528 1504.9 1528.2 1640.1 1649.8 1573.4 1476.9 1298.8 1181.2 1096.7 1105.4 1100.6 1059.9 1068.4 1091.8 1114.1 1130.7 1157.5 1144.9 1120.7 1068.1 1023.2 919 817.6 812.1 762.5 812 820.8 898.6 1040.1 1191.3 1393.9 1684.1 -9999 -9999 -9999 -9999 -9999 -9999 -9999 -9999 -9999 -9999 -9999 -9999 -9999 -9999 -9999 -9999 -9999 -9999
-9999 -9999 -9999 -9999 -9999 758.1 919.2 1009.9 955.1 977.9 900.6 1100.7 1264.1 1282.9 1280.2 1328.6 1357.8 1312.5 1319.6 1360.3 1373 1395.4 1419.2 1491.7 1452.9 1478.5 1490.2 1493.5 1683.5 1717.5 1614.9 1441.8 1185.8 1196.9 1198.9 1179.6 1140.3 1097.1 1113.2 1168.4 1128 1130.7 1189.7 1123.9 1083.3 994.4 963.4 906.4 801.3 744.9 773.1 668.6 880.4 973.4 1025.5 1364.1 1217.5 1545.8 1629.1 -9999 -9999 -9999 -9999 -9999 -9999 -9999 -9999 -9999 -9999 -9999 -9999 -9999 -9999 -9999 -9999 -9999
-9999 -9999 -9999 -9999 -9999 567.1 889.5 931.8 1014.1 1012.6 952.9 1078 1308.1 1393.1 1337.1 1361.9 1401.6 1390.9 1428.7 1496.4 1428.8 1423.6 1437.9 1469.3 1496.4 1546.2 1577.4 1577.7 1565.9 1588 1503.8 1394.4 1222.7 1168.6 1286 1284.7 1231.8 1156.8 1197 1245.3 1106.4 1064.9 1063.6 1061.6 998.5 896.2 862 935.6 910.2 806.8 837.6 876.9 938.9 976.2 1199.7 1207.7 1311.5 1379.2 1209.4 -9999 -9999 -9999 -9999 -9999 -9999 -9999 -9999 -9999 -9999 -9999 -9999 -9999 -9999 -9999 -9999 -9999
-9999 -9999 -9999 -9999 -9999 -9999 588.3 698.2 1107 1282.6 1294.6 1304.3 1381 1374.9 1309.1 1319.2 1427.7 1487.2 1518.3 1503.6 1459.5 1458.9 1460.6 1444.2 1481.9 1565.4 1617.2 1605.1 1637.3 1551.1 1428.6 1374.4 1244 1204.2 1360.9 1325.6 1282.6 1213.8 1093 1312.9 1086.1 964.6 964.6 1028.8 1012.9 920.7 908.6 1017.5 993.4 941.4 830.7 901 1226.4 1604 1401.5 1620.2 1510.2 1288.1 1380.7 -9999 -9999 -9999 -9999 -9999 -9999 -9999 -9999 -9999 -9999 -9999 -9999 -9999 -9999 -9999 -9999 -9999
-9999 -9999 -9999 -9999 -9999 -9999 403.7 521.8 1038 1319.9 1389.6 1344.1 1235 1150.1 1072.7 1130.5 1380.6 1458.6 1478.6 1485.8 1478 1424 1445.3 1436.5 1458.1 1558.9 1599 1574.7 1589.3 1477 1345.3 1283.7 1190.1 1157.3 1314.6 1327.2 1312.2 1321 1329.9 1276.3 1142.5 1086.3 981 1115.9 993.3 979.3 1040.3 1082 989 961.5 995.7 1092.3 1663.9 2243.4 1950.5 1623.8 1242.8 1128.3 1393.2 -9999 -9999 -9999 -9999 -9999 -9999 -9999 -9999 -9999 -9999 -9999 -9999 -9999 -9999 -9999 -9999 -9999
-9999 -9999 -9999 -9999 -9999 -9999 -9999 575.9 842.6 968 1051.8 1204.2 1300.8 1095.6 980.6 1146.5 1395.8 1448.9 1466.6 1516.5 1533.5 1441.7 1402.8 1413.5 1428.8 1450.5 1495.7 1441 1359.2 1258.9 1224.1 1196.9 1165.3 1231.1 1391 1396.6 1388.8 1382 1419.9 1428.5 1344.9 1335.7 1280.7 1194.2 1103.6 1097 1163.3 1174.8 1025.6 1159.3 1129 1264.3 1966.3 2313.8 2113.7 1698.7 1077 1062.1 1348.8 -9999 -9999 -9999 -9999 -9999 -9999 -9999 -9999 -9999 -9999 -9999 -9999 -9999 -9999 -9999 -9999 -9999
-9999 -9999 -9999 -9999 -9999 -9999 -9999 557.9 795.6 826 777.9 1037.6 1160 1192.2 1142.6 1221.7 1405.7 1441.3 1449.3 1476 1461 1423.3 1416.1 1421.9 1367.7 1310 1244 1235.3 1219.8 1234.8 1167.4 1136.7 1191.7 1312.6 1454.1 1446.6 1436.7 1524.4 1488.1 1572.7 1521.9 1378.7 1422.3 1228 1119.7 1209.1 1297.5 1445.8 1343.6 905.8 1300.1 1617.6 1914.1 1962.7 1878.7 1510.2 1046.8 1143.3 1218.4 -9999 -9999 -9999 -9999 -9999 -9999 -9999 -9999 -9999 -9999 -9999 -9999 -9999 -9999 -9999 -9999 -9999
-9999 -9999 -9999 -9999 -9999 -9999 528.2 540.5 643.7 967.9 1010.9 982 1125.3 1251.5 1353.8 1308.2 1341.1 1365.1 1389.7 1439.8 1482.6 1382.3 1378.3 1456.6 1443.9 1480.3 1331.5 1170.9 1149.4 1095.2 1177.7 1176.5 1216.5 1274.8 1367 1425 1457.1 1510.3 1510.2 1570.2 1605.9 1431.1 1343.2 1120.5 863.7 1125.7 1565.7 2299.8 1691.2 1437.2 1588.4 1752.7 1764.2 1474.7 1423.6 1049.3 931.9 1075.1 1186.6 -9999 -9999 -9999 -9999 -9999 -9999 -9999 -9999 -9999 -9999 -9999 -9999 -9999 -9999 -9999 -9999 -9999
-9999 -9999 -9999 -9999 -9999 -9999 703.9 855.3 546.2 671.7 892.9 1010.8 1217.2 1268.9 1335.6 1299.3 1231 1276 1333.8 1431.6 1483.7 1398.1 1513.4 1630 1600.2 1557.5 1474.9 1328.6 1247.3 1216.5 1235.2 1264.5 1266.7 1145.4 1131.3 1304.5 1426 1562 1211 1469.1 1527.5 1386 1350.9 1156.4 1076.7 952.9 845.3 1833 1562.5 1547.9 1603.3 1702.6 1564.9 1416.1 1102.5 836.4 875.7 1049.1 1122.3 -9999 -9999 -9999 -9999 -9999 -9999 -9999 -9999 -9999 -9999 -9999 -9999 -9999 -9999 -9999 -9999 -9999
-9999 -9999 -9999 -9999 -9999 -9999 -9999 572 640.5 812.2 898.5 1126.9 1292 1343.6 1374.1 1279.4 1192.5 1280.2 1322.3 1394 1479.3 1629.5 1873.3 1776 1658.2 1573.8 1500 1460.3 1457.8 1368.1 1314.8 1300.8 1290.4 1044.9 1008.5 1194.4 1337.6 1329 1378.5 1506.5 1476.3 1373.8 1397.9 1180.9 1133.2 1120.5 917.5 1400.4 1405.4 1110.6 1352.1 1428.8 1385.4 1256.8 1039.2 939.9 977.5 1113.3 1177.9 1232.6 1659.8 -9999 -9999 -9999 -9999 -9999 -9999 -9999 -9999 -9999 -9999 -9999 -9999 -9999 -9999 -9999
-9999 -9999 -9999 -9999 -9999 -9999 -9999 277.3 683.3 946.7 1006.3 1363.8 1568.4 1657.7 1488.8 1298.4 1238.5 1337.4 1372.4 1421.6 1561.7 1781.4 1966.3 1812.7 1664 1522.7 1450.2 1501.5 1560.8 1478 1352.5 1339 1241.7 1102.6 1066 1235.7 1329.8 1352.1 1381 1437.1 1436.3 1300.6 1274.9 1227.9 1145.3 1109.9 939.4 1087.3 1541.5 1097.1 1322.7 1377 1341.1 1243 1130.6 1076.8 1088.3 1136.5 1267.7 1373.3 1376.8 -9999 -9999 -9999 -9999 -9999 -9999 -9999 -9999 -9999 -9999 -9999 -9999 -9999 -9999 -9999
-9999 -9999 -9999 -9999 -9999 -9999 -9999 -9999 981.1 965.6 1077 1452.2 1611.3 1747.2 1615 1493.2 1490.8 1483 1438.4 1465.5 1574.1 1761 1849.3 1751 1572.7 1376.7 1369.4 1527.3 1582.9 1561.2 1419.9 1317.6 1280.5 1241.7 1320.7 1402.4 1372.5 1344.9 1430 1417.3 1456.6 1276.1 1247.4 1371.5 1241.1 1069.3 987.2 920.7 1544.9 1455.5 1544.8 1426.4 1314.6 1260.2 1158.1 1179.6 1256.7 1287.9 1417.4 1430.8 1225.7 -9999 -9999 -9999 -9999 -9999 -9999 -9999 -9999 -9999 -9999 -9999 -9999 -9999 -9999 -9999
-9999 -9999 -9999 -9999 -9999 -9999 -9999 -9999 944.2 973.1 1155.2 1447.9 1648.3 1702.4 1562.8 1576.8 1657.2 1619.2 1536.3 1491.5 1528.7 1651.3 1762.3 1644.7 1502.3 1388.3 1413 1553.2 1645.7 1626.8 1487.8 1342.7 1297.3 1258.2 1480.3 1492 1414.2 1372.8 1417.5 1424 1376.9 1129 941.4 1030.4 1110.4 1019.1 1076.4 1264.6 2053.1 1580 1498.8 1492.8 1352.1 1357.9 1359.4 1412.4 1511.4 1455 1546.3 1510.4 1249.6 -9999 -9999 -9999 -9999 -9999 2989.1 -9999 -9999 -9999 -9999 -9999 -9999 -9999 -9999 -9999
-9999 -9999 -9999 -9999 -9999 -9999 -9999 388.4 980.7 1176.5 1418.3 1473.6 1389.6 1666.5 1579.1 1635.7 1703.3 1701.9 1593.7 1519.9 1508.3 1526.9 1534.9 1476.9 1437.8 1420.8 1459.5 1566.9 1634.6 1607.4 1463.8 1307 1248.8 1322.2 1363.1 1391.8 1416.2 1367.8 1258.1 1198.8 1132.7 1014.4 956 951.2 949.8 910.3 832.9 1509.7 1847 1391.1 1359.9 1382.5 1433.5 1417.2 1406.2 1502.3 1478.8 1308.3 1304.7 1240.2 1131.3 -9999 -9999 -9999 -9999 -9999 -9999 -9999 -9999 -9999 -9999 -9999 -9999 -9999 -9999 -9999
-9999 -9999 -9999 -9999 -9999 -9999 332.8 708.5 1173.8 1402 1371.4 1551.1 1314.6 1543 1637.9 1646.2 1699.7 1728.4 1588 1540.3 1501.1 1432.7 1398.9 1454.4 1531.1 1497.1 1403.3 1450.1 1506.6 1463.1 1311.8 1257.7 1263.4 1325.6 1411.1 1423.3 1516.5 1328.2 1256.2 1147.5 1117.1 1071.9 1045.8 1022.1 1007 895.1 816.5 1126.7 1705.4 1458.1 1354.1 1334.4 1357.1 1264 1228.8 1218.8 1153.5 992.8 1041.9 1120.7 1071.7 -9999 -9999 -9999 -9999 -9999 -9999 -9999 -9999 -9999 -9999 -9999 -9999 -9999 -9999 -9999
-9999 -9999 -9999 -9999 -9999 328.4 491.8 955.8 1230.5 1353.4 1279.2 1204.5 1313.3 1323.8 1436.6 1550.1 1678.2 1593.4 1559.3 1560 1505.9 1369.3 1274.7 1341.8 1461 1461.6 1316.9 1308.7 1290.9 1255.2 1232.8 1240.3 1242.4 1273.4 1382.6 1411.3 1559.5 1380.6 1225.4 1102.4 1105 1136.5 1181.3 1294.4 1153.8 994.2 821.6 882.3 1216.1 1279.5 1013.5 1435 1336.7 1217.7 1118.2 1060.7 1038.3 967.6 1006.5 1121.7 1046.2 -9999 -9999 -9999 -9999 -9999 -9999 -9999 -9999 -9999 -9999 -9999 -9999 -9999 -9999 -9999
-9999 -9999 -9999 -9999 -9999 401.6 806.7 1052.2 1170.4 1325.8 1355.2 1320.3 1387.3 1331.8 1384.9 1397.6 1413.3 1481.4 1535.4 1579.4 1505.3 1308.1 1131.7 1172.8 1275.9 1281.6 1271.6 1266.3 1247.6 1196.5 1181.6 1175.9 1204.7 1195.5 1253.4 1290.2 1279.9 1234.9 1053.2 985.8 1040.8 1077.2 1124.3 1445.4 1223.2 1030.7 842.3 713.9 729.5 994.4 1146.5 1315.7 1304.2 1194.5 1149 1063.4 1089 1095.3 1136 1265.2 1086.9 -9999 -9999 -9999 -9999 -9999 -9999 -9999 -9999 -9999 -9999 -9999 -9999 -9999 -9999 -9999
-9999 -9999 -9999 -9999 -9999 592.1 925.3 1049.1 1132.9 1307.9 1369.7 1521 1594.9 1483.4 1429.6 1434.1 1408.4 1378.3 1409.1 1447.1 1401.2 1255 1113.8 1100.8 1103.8 1141.2 1260.1 1203.8 1128.4 1042.5 1081.8 1127.4 1110.8 992.3 950 1028.5 972.5 942.8 975.9 848.8 865.7 985.2 1034.3 1194 1265.6 992.2 754.6 707.7 953.5 926.6 928.1 1048.9 1110.7 1118.4 1128.8 1131.9 1153.8 1140.3 1126.9 1102.4 947.4 -9999 -9999 -9999 -9999 -9999 -9999 -9999 -9999 -9999 -9999 -9999 -9999 -9999 -9999 -9999
-9999 -9999 -9999 -9999 -9999 598.9 905.4 976.1 1080 1116.4 1202.7 1454.1 1489.3 1481.7 1462.3 1500.1 1389.3 1274.4 1231.7 1270.6 1245.9 1171.1 1096.8 1025.6 959.1 910.3 1081.4 1085.2 997.9 886 940.7 991.3 952.8 888.3 892.3 923.5 892.8 815.5 890 830.7 818.9 979.5 1091.1 1267.9 1529.3 1282.8 954.7 960.3 854.5 901 914.6 1001.3 1062.1 1112.2 1112.4 1168.6 1260.7 1113.2 988.2 906.3 969.4 955.1 -9999 -9999 -9999 -9999 -9999 -9999 -9999 -9999 -9999 -9999 -9999 -9999 -9999 1828.5
-9999 -9999 -9999 -9999 59.7 600.4 945.1 862.6 959.7 987.1 957.5 1108.1 1244.9 1350.6 1437.9 1432.8 1347.8 1233.5 1172.3 1143.1 1086.5 1046.4 1015 967 934.9 947.5 1014.5 1004.3 969.9 904.8 893.6 889.8 904.9 928.3 897.8 808.6 749.6 745.5 795.5 804.7 720 1028.9 1087.2 1172.4 1034 1072.8 947.9 1062.8 1125.4 998.5 1085.4 1126.2 1169.4 1516.9 1405.3 1286.3 1236.1 1102.9 966.2 1003.6 1050 -9999 -9999 -9999 -9999 -9999 -9999 -9999 -9999 -9999 -9999 -9999 -9999 -9999 1620.5 1697.5
-9999 -9999 -9999 -9999 101.2 497.5 906.7 946.9 948.1 944 928.8 933.8 971.4 1080.5 1322 1402.3 1319.6 1232.8 1169.4 1084 1007.3 988.2 963.8 954.9 948.9 967.3 989.7 975.1 939.7 881.9 859.1 866.6 878.8 875.5 779.1 764.8 720.6 647 641.5 728.6 722.8 784.3 938.8 992.8 865.4 905.7 877.9 938.3 1045.5 971.6 1177.8 1420.6 1141.4 1743.6 1607.2 1297.1 1302.6 1189.8 1323.9 1117.7 1070.7 -9999 -9999 -9999 -9999 -9999 -9999 -9999 -9999 -9999 -9999 -9999 -9999 1455 1593.9 1685
-9999 -9999 -9999 -9999 58.2 257.3 861.3 934.7 892.1 907.8 918.1 937.8 937 965.6 1080.9 1205 1200.9 1185.9 1157 1074 989 962.9 952.8 953.4 948.6 957.9 964.6 937.5 870.4 834.4 830.3 834.2 837.7 821.6 741.9 709.9 696.9 614.9 613.8 809.5 744.6 662.5 717.6 754.5 601.6 728.4 757.2 724.8 859 959 1223.3 1001 1063.1 1596.5 1611.1 1512.9 1430.9 1222.7 1159.4 895.8 -9999 -9999 -9999 -9999 -9999 -9999 -9999 -9999 -9999 1306.6 1300.4 1410 1504.6 1527.2 1695.8 1776.4
-9999 -9999 -9999 39 39.3 107.3 701.5 834.5 827.7 857.9 901.2 931.6 912 894.5 977.9 1134 1144.4 1087.6 973.6 900.7 888.4 864.3 821.2 799.3 896.6 922 906 863.2 821.8 822.5 816.5 777 661.9 799.5 799 756 685.1 624.6 764.6 899.6 775.8 664.5 732.2 845.7 699.3 616 640.7 629.1 697.4 813.1 785.1 774.4 958.2 1135.3 1248.9 1503.8 1503.8 1289.5 1149.5 -9999 -9999 -9999 -9999 -9999 -9999 -9999 -9999 -9999 -9999 1370.9 1491 1538.9 1625.8 1705.8 1822.1 2002
-9999 -9999 -9999 -9999 62.6 226.4 519 577.7 606.3 662.1 799.2 932.8 822.7 789.4 944 1131.6 1169.3 1124.5 951.9 854 788.9 765.6 777.9 766.5 764.8 816.2 827.7 802.4 811.5 784.8 766.9 763.6 680.5 677.6 751.9 744.4 704.9 699.4 797.5 790.8 908.7 738.6 579.8 797.1 852.8 835.5 734.1 652.7 720.6 810.3 874.2 719.8 859.7 1209.9 1369.2 1536.7 -9999 -9999 -9999 -9999 -9999 -9999 -9999 -9999 -9999 -9999 -9999 -9999 1236.7 1458.1 1596.4 1652.5 1694.5 1737.5 1798.1 1765
-9999 -9999 -9999 75 159.1 385.1 491 513.3 545 520 721.6 755.5 683.5 683.4 784.9 1075.3 1083.6 949.3 857.3 830.9 811.8 812.3 775.7 755.6 735.7 740.9 770.6 769.1 770.2 751.2 715.4 717.3 612.8 561.5 524.6 669.4 675.4 686.1 741 765.6 679.6 792.9 799 864 825.1 1273.7 1351.8 1099.9 970.9 990 1209.6 1405 1343.7 1529.6 -9999 -9999 -9999 -9999 -9999 -9999 -9999 -9999 -9999 -9999 -9999 -9999 -9999 -9999 1217.9 1636.9 1702.4 1679.3 1707.7 1701.8 1669 1547.2
-9999 -9999 -9999 -9999 257.8 372.1 417.7 475.3 522.4 610 685.5 659.9 628.7 615.4 644 827.7 908.8 886.5 829.4 812.3 848.9 858.5 772.1 757.3 701.3 710.3 746.1 759.4 747.7 738.4 726.1 721.5 511.2 443.9 559.7 642.2 610.4 668.6 694.2 707.4 745.9 681.2 820.3 983.2 1001.7 1213.6 1539 1379.4 1262.1 1125.6 1238.2 1500.5 1594.8 1667.1 -9999 -9999 -9999 -9999 -9999 -9999 -9999 -9999 -9999 -9999 -9999 -9999 -9999 -9999 1124 1486.3 1653.2 1725 1764.3 1687.8 1644.9 1550.9
