datasets/global_precipitation_1950_2017/rasters/precip_1957-total.asc
NCOLS 720 
NROWS 347 
XLLCORNER -180 
YLLCORNER -90 
CELLSIZE 0.5 
NODATA_value -9999 
[rows 34 to 67 of 347, columns 152 to 227 of 720]
193 179.9 167.7 159.7 150.8 144.9 137.4 135.5 134 132.2 132.6 133.1 134.5 137.7 139.4 140.8 144.5 147.2 151.8 157.8 163.3 171.5 180.7 191.2 200.4 209.8 221.7 233.2 242.6 253.3 261.8 268.5 279.6 288 296.6 303.4 -9999 -9999 304.6 -9999 298.6 -9999 -9999 -9999 -9999 -9999 -9999 -9999 -9999 -9999 -9999 -9999 -9999 -9999 -9999 -9999 -9999 -9999 -9999 -9999 351.6 354.9 358.3 364.1 369.6 376.3 382.2 389.7 393.8 394.5 395.2 395.7 -9999 -9999 -9999 420.5
172.8 162.2 152.6 146 141 138.5 138 138.9 140.1 142 144 145.1 152.6 153.8 154.5 156.7 160.2 163.5 168.2 173.2 179.1 187.2 195.8 203.6 208.6 213.8 219.8 229 -9999 -9999 252.7 261.3 268.9 275.5 283.1 -9999 295.2 299.9 303.4 -9999 -9999 -9999 -9999 -9999 -9999 -9999 -9999 -9999 -9999 -9999 -9999 -9999 -9999 -9999 -9999 -9999 -9999 -9999 -9999 -9999 -9999 406 410.3 416 420.5 424.9 429.2 432.8 436 440.7 440.5 438.9 -9999 -9999 -9999 -9999
152.9 142.8 135.1 129.8 128.7 130.7 133.1 137.3 140.9 145.2 148 152.5 157.5 161.3 165 168.7 170 173.7 177.2 182.5 187.7 191.9 197.2 202.2 207 209.7 212.9 218.2 226.7 232.2 240.8 248.2 257 265.8 -9999 -9999 292.4 299.4 -9999 310.2 -9999 -9999 -9999 -9999 -9999 -9999 -9999 -9999 -9999 -9999 -9999 -9999 -9999 383.9 398.8 408.6 413.2 -9999 420.4 423.6 426.1 432.8 438 445.1 451.6 457.8 462.4 466.8 471.3 472.3 473.5 474.9 473.7 471.9 -9999 -9999
150.8 142.1 134.5 129.4 127.9 129 132.5 137.1 140.9 145.6 149.8 154.4 158.8 162.4 165.7 168 169.8 172.4 175.2 179 182.2 185.4 187.6 189.4 190.8 193 196 200 206.2 214.3 223.6 234.3 244.8 -9999 -9999 281.1 290.3 301.2 309.7 316.9 319.8 317 310.7 -9999 -9999 -9999 -9999 -9999 -9999 -9999 -9999 -9999 372.5 387.8 400.6 411.8 415 420 423.2 428.5 435.5 442.7 449.7 455.8 466.9 475.5 483 491 496.2 499.9 501.8 503.1 501.3 499.2 495.9 490.9
162.1 154.8 148.5 142.9 140.4 139.2 141.2 142.8 146.6 151.4 155.3 159.9 163.8 166.5 167.8 168.5 168.6 170.6 173 176.4 178.3 178.8 178 175.6 173.5 171.1 171.8 175.4 182.8 192.9 205.5 218.6 -9999 -9999 -9999 272.2 284.6 296.7 308 317.7 327.8 310.9 289.3 288.4 290.6 -9999 -9999 -9999 -9999 -9999 -9999 -9999 -9999 -9999 394.7 -9999 -9999 -9999 -9999 -9999 -9999 -9999 450.3 460.7 472.6 484.3 495.4 506 515.2 522 525.7 525.8 525.4 524.8 523.8 527.8
172.5 167.8 163.6 160.9 159.7 157.4 158.1 160.2 162.2 165.4 170 172 174.6 175.9 177.1 177.7 177.7 178.6 179.9 180.6 180 177.9 173.7 -9999 159.1 151.7 148.1 151.1 -9999 -9999 -9999 -9999 -9999 -9999 247.7 260.5 272.9 283.4 291.2 295.4 -9999 -9999 -9999 276 278.3 284 289.8 295.8 -9999 -9999 -9999 -9999 -9999 -9999 -9999 -9999 -9999 -9999 -9999 -9999 -9999 -9999 446.9 -9999 -9999 483.1 495.9 509 521.1 529.5 533.4 532.3 530.1 529 532 537.9
182.6 181.2 178.4 176.3 177.1 176.9 178.3 180.9 183.4 185.5 187.9 190.2 191.7 192.7 192.4 192.9 192.5 192.2 192.1 191.2 188.8 184.2 177.5 169.5 158.7 148.1 139.8 -9999 -9999 -9999 -9999 -9999 -9999 -9999 -9999 -9999 -9999 267.8 274 -9999 -9999 -9999 -9999 -9999 -9999 -9999 -9999 -9999 -9999 -9999 -9999 -9999 300.6 -9999 -9999 -9999 -9999 -9999 -9999 -9999 -9999 -9999 -9999 -9999 -9999 473.1 484.6 498 511.9 520.3 520.8 518.5 -9999 -9999 508.3 511.1
193.5 193.8 194.5 195.5 196.6 198 200.4 202.4 204.3 206.2 207.3 208.5 210.4 210.8 211.3 211 210 209.8 207.4 205.8 202.1 197.4 190.7 -9999 -9999 -9999 -9999 -9999 -9999 -9999 -9999 -9999 -9999 -9999 -9999 -9999 -9999 -9999 -9999 -9999 -9999 273.3 275.1 276.8 -9999 -9999 -9999 -9999 -9999 -9999 -9999 -9999 -9999 -9999 -9999 -9999 -9999 -9999 -9999 -9999 -9999 -9999 -9999 -9999 -9999 -9999 -9999 -9999 -9999 504.7 500.1 493.2 484.7 475.1 -9999 -9999
202.5 204.1 206.3 209.4 213.9 218.7 222.3 225 226.6 227 227.5 229.3 230.1 231.1 230.7 229.8 229.3 227.8 225.7 223.2 221.4 219 -9999 -9999 -9999 -9999 -9999 -9999 -9999 -9999 -9999 -9999 -9999 -9999 -9999 -9999 -9999 -9999 -9999 -9999 -9999 271.7 -9999 -9999 -9999 -9999 -9999 -9999 299.7 -9999 -9999 -9999 315.4 323.3 333.4 346.2 360.1 373.6 -9999 401.7 415.3 428.7 -9999 -9999 -9999 -9999 -9999 -9999 -9999 -9999 -9999 465 453.1 439.7 424.4 409.1
207.8 208 209 213.5 221.2 230.4 238.1 243 244.8 245 246.3 248.3 250.5 250.9 252 250.3 249.4 247.3 243.9 240.5 237 -9999 -9999 -9999 -9999 -9999 -9999 -9999 -9999 -9999 -9999 -9999 -9999 -9999 -9999 -9999 -9999 -9999 -9999 -9999 -9999 -9999 -9999 -9999 -9999 -9999 -9999 -9999 320.7 -9999 -9999 -9999 341.1 347.4 353.9 362 371.8 384.9 395.3 405.8 419.1 430.4 440.3 450.1 -9999 -9999 -9999 -9999 -9999 -9999 -9999 -9999 -9999 -9999 -9999 -9999
214 211.1 208.1 205.9 207.1 217.4 251.4 252.8 253.6 256.5 261.9 266.1 272.9 275 277.3 275.6 272.3 267.4 261.7 256 -9999 -9999 -9999 -9999 -9999 -9999 -9999 -9999 -9999 -9999 -9999 -9999 -9999 -9999 -9999 -9999 -9999 -9999 -9999 -9999 -9999 -9999 -9999 -9999 -9999 -9999 -9999 -9999 -9999 -9999 -9999 -9999 -9999 369.1 375.1 380.5 386.6 393 401.1 412.1 420.3 429.7 438.3 447.6 458.3 -9999 -9999 -9999 -9999 -9999 -9999 -9999 -9999 -9999 -9999 -9999
232.3 230.1 221.8 212.5 211.2 211 225.1 242.7 260.3 274.4 285.5 296.8 305.4 309.6 311 309.5 303.6 296.2 288.2 -9999 -9999 -9999 -9999 -9999 -9999 -9999 -9999 -9999 -9999 -9999 -9999 -9999 -9999 -9999 -9999 -9999 -9999 -9999 -9999 -9999 -9999 -9999 -9999 -9999 -9999 -9999 -9999 -9999 -9999 -9999 -9999 -9999 -9999 386 389.9 398 403.2 405.7 411.6 418.3 424.3 430.7 435.7 440.9 446.6 454.9 472 487.8 497.9 -9999 -9999 -9999 -9999 -9999 -9999 -9999
280.6 271.9 270.2 262.3 257.2 258.1 269.2 288.4 307.9 327.8 344 357.3 363.7 367.8 364 356.8 346.9 336 328 -9999 -9999 -9999 -9999 -9999 -9999 -9999 -9999 -9999 -9999 -9999 -9999 -9999 -9999 -9999 -9999 -9999 -9999 -9999 -9999 -9999 -9999 -9999 -9999 -9999 -9999 -9999 -9999 -9999 -9999 -9999 -9999 -9999 -9999 393.6 397.6 401.8 405.7 410.5 416.5 421.9 427.5 427.5 431.9 432.9 436.4 439.5 443.4 450.2 455.4 -9999 -9999 444.2 -9999 -9999 -9999 -9999
361 358 350.7 340.7 337.5 344.8 355.3 375.6 396.1 415.6 435 449.2 451.8 448.8 433.2 409.8 388.6 372.5 -9999 -9999 -9999 -9999 -9999 -9999 -9999 -9999 -9999 -9999 -9999 -9999 -9999 -9999 -9999 -9999 -9999 -9999 -9999 -9999 -9999 -9999 -9999 -9999 -9999 -9999 -9999 -9999 -9999 -9999 -9999 -9999 -9999 -9999 -9999 397.1 400.1 403.7 408.2 412.7 415.3 420 425.6 427.2 432.3 437.2 440.5 441.7 442.9 443.4 443.4 -9999 -9999 -9999 -9999 -9999 -9999 -9999
439.6 458.5 460.4 458.2 450.5 457.8 468.8 487.6 510.7 531.9 549.3 554.2 541.9 510.5 481.7 444.7 413.6 390.9 -9999 -9999 -9999 -9999 -9999 -9999 -9999 -9999 -9999 -9999 -9999 -9999 -9999 -9999 -9999 -9999 -9999 -9999 -9999 -9999 -9999 -9999 -9999 -9999 -9999 -9999 -9999 -9999 -9999 -9999 -9999 -9999 -9999 -9999 395 400.4 403.8 408.2 411.2 415.8 417.2 421.2 424.8 430.7 437.1 443.3 447.7 449.6 447.9 444 438.7 433.6 -9999 -9999 -9999 -9999 -9999 -9999
494 510.8 512.4 508.6 506.4 512 523.5 543.6 565.8 581.7 593 590.1 568.6 535.3 497.6 456.4 419.7 394.5 381.6 372.9 398 391.4 -9999 -9999 -9999 -9999 -9999 -9999 -9999 -9999 -9999 -9999 -9999 -9999 -9999 -9999 -9999 -9999 -9999 -9999 -9999 -9999 -9999 -9999 -9999 -9999 -9999 -9999 -9999 -9999 -9999 390 395.4 401.2 403.9 406.4 409.6 413.3 418 422.4 427.3 433.8 443 452.1 458.4 459.1 453.2 440.2 -9999 414.5 407.7 -9999 -9999 -9999 -9999 504.3
552.5 547 525.1 503.3 488.5 492.5 511.6 536.5 556.5 573.7 581.5 580.6 567 532.4 495.7 454.3 421.5 402.4 393 391.3 390.4 387 -9999 -9999 -9999 -9999 -9999 -9999 -9999 -9999 -9999 -9999 -9999 -9999 -9999 -9999 -9999 -9999 -9999 -9999 -9999 -9999 -9999 -9999 -9999 -9999 -9999 -9999 -9999 -9999 -9999 -9999 395.1 400.5 404.5 409.1 412.5 416 419.5 422.5 430 438 448.2 459.1 463.5 458.4 448.1 431.9 410.5 390.5 374.8 -9999 391.7 423.8 462.3 501.5
576.8 555.7 530.3 501 479.9 484.7 502.8 523 540 551.3 560.8 558.8 553.4 527.9 487.8 449.6 421.5 406.3 395 387.4 379.8 372.6 365.7 -9999 -9999 -9999 -9999 -9999 -9999 -9999 -9999 -9999 -9999 -9999 -9999 -9999 -9999 -9999 -9999 -9999 -9999 -9999 -9999 -9999 -9999 -9999 -9999 -9999 -9999 -9999 -9999 -9999 -9999 -9999 417.4 419.6 424.3 426 429.5 430.7 434.4 442.6 451.8 455.8 458.7 454.2 444.1 429.8 411.6 394.3 382.6 385.6 404 434.9 468.3 502.4
579.9 569.8 552.8 532.6 517.1 511.3 515.4 521.7 533.9 546.9 550.3 542.4 527.8 503 470.7 442.5 425.5 413.3 403.8 391 371.7 352.3 339.4 -9999 -9999 -9999 349 -9999 -9999 -9999 -9999 -9999 -9999 -9999 -9999 -9999 -9999 -9999 -9999 -9999 -9999 -9999 -9999 -9999 -9999 -9999 -9999 -9999 -9999 -9999 -9999 -9999 -9999 -9999 444.4 447.7 448.9 453.4 449.6 449.5 450.5 455.3 462.6 464.9 464.1 458.2 451.2 441.5 432.6 426.1 425.8 433 449.7 472.2 498.1 525.6
608.5 608.5 590.4 562.4 537 523.3 518.3 513.1 511.7 542.7 555.4 526.9 503.2 478 450.9 436.5 430.8 429.7 428.6 420.7 393.3 359.7 339.3 340.4 346.7 352.2 358.8 365.6 365.1 371.8 379.8 -9999 -9999 -9999 -9999 -9999 -9999 -9999 -9999 -9999 -9999 -9999 -9999 -9999 -9999 -9999 -9999 -9999 -9999 -9999 -9999 -9999 -9999 -9999 -9999 485.5 485.9 491 490.6 490.3 491.7 496.6 494.7 488 482 472 463.6 458.5 455.7 455.7 462 475 498.1 522 537 557.3
630.5 639.2 617 580.9 547.9 525 507.4 488.2 469 474.4 486.7 484.5 476.6 451 416 413.1 428.2 432.8 442.6 443.2 425.9 401.4 382.6 372.9 370.4 373.1 379 387.2 391.1 397.8 396.2 400.2 400 -9999 -9999 -9999 -9999 -9999 -9999 -9999 -9999 -9999 -9999 -9999 -9999 -9999 -9999 -9999 -9999 522.3 527.2 -9999 -9999 -9999 -9999 536.3 536.6 539.3 544.9 549.3 549.9 550.2 543.5 532.1 518.6 502.1 498.8 493.2 493.8 501 514.9 532.7 553.2 571.6 584.2 593.4
584.4 579.7 566.4 550.7 527 496.8 467.9 447 440.7 441.8 444 459.2 478.3 451 414.6 405.9 420.6 436 446 448 440.6 429 415.5 403.9 402.2 408 415 424.9 431.1 436.4 435.4 430.3 422.6 413.7 403.9 -9999 -9999 -9999 -9999 -9999 -9999 -9999 -9999 -9999 -9999 -9999 -9999 -9999 -9999 -9999 -9999 -9999 -9999 -9999 589 588.4 590.1 597.4 597.7 605.4 610.2 609 598.4 579.8 568.3 558.7 553.1 558 562.6 572.3 588.1 607.2 625.4 637.9 642.2 634.7
528.9 514.1 501.1 486.6 460.6 431.3 408 393.1 385.8 385.2 387.3 389.4 397.6 404.8 408.1 417.1 438.4 455.1 466 469.5 466.8 460.7 450.7 447.7 451.8 456.7 463.3 471.6 476.8 479.7 475.1 458.2 441.8 425.9 408.6 393.4 383.7 382.6 -9999 422.8 454.8 -9999 -9999 -9999 -9999 -9999 -9999 -9999 -9999 -9999 -9999 -9999 613.3 613.9 616.7 623 630.2 637.2 647.4 650.8 652 648.6 640 629.6 620.8 616.4 615.2 623 632.7 644.5 659.2 678.1 696.3 705.3 700.7 687.2
475.8 443.6 425.1 410.7 385.5 365.8 373.3 370.7 365.5 364.8 362.9 342.8 303.5 331.7 363.4 399.4 432.8 454.8 469.7 477.9 483.8 480.5 480.9 486.6 491.6 497.1 502.8 505.8 505.9 505.2 496 479.5 460.2 439.4 418.2 397.4 385.3 382.9 395.8 423.7 456.8 485.7 507.7 535.3 -9999 -9999 -9999 -9999 -9999 618.5 623.4 627.9 631.8 635.6 640.5 647.6 655.2 662.5 663.9 666.3 665 663.3 660.7 658.1 656.6 659.6 666.4 675.8 687.3 699.5 710.8 722.6 731.5 737 727 709.4
463.6 429.9 403.4 388.7 371.3 362.8 374.8 375 372.3 365.3 354.8 344.6 338.1 332 338.6 374.9 411.3 441.5 455.5 467.1 475.8 481.9 489.4 500.5 509.8 514 514.7 512.3 514.4 520.4 519.5 508 489.6 466.5 440.6 417.8 399 388.4 394.9 417.3 457 492.4 529.3 -9999 -9999 -9999 -9999 -9999 -9999 621.6 634 655.3 675 681.2 679 676.8 678.3 679.3 676.7 672.8 666.2 661.2 658.4 657.4 662.2 671.9 685.2 699.6 714.1 727.3 738.1 745.6 747.6 745 739.5 742.6
465.2 450.8 426.8 406.7 406.7 449.7 404.2 391.4 383.5 371.7 358.4 345.4 334.6 329.3 331.8 356.5 386.2 410.9 430.7 437.7 445.5 459.2 477.1 496.8 513.1 526.7 534.3 534.8 539 546.6 544.4 535.1 517.6 498.6 472.1 445.3 421.9 400.4 399.3 409.3 456.4 508.5 557.8 600.1 -9999 -9999 -9999 -9999 -9999 -9999 648.9 705.2 758.4 749.2 721.6 704.2 694.4 691.6 683.4 671.7 658.8 650.9 647.9 648.5 655.3 667.8 683.1 701.1 720.4 740 754.4 764.4 772.2 777 781.5 784.9
447.7 444.2 432.1 406 405.7 425.6 427.7 406.5 386 360 361 345.3 332.5 330.4 331.7 342.9 356.1 364.6 365.1 364.2 380.7 414.7 453.6 496.8 527.4 545.8 558.9 567.4 573.6 565.9 553.5 545.8 535.8 528.8 503.3 474.1 444 419.6 401.7 411.1 466.1 549.1 625 661.4 -9999 -9999 -9999 -9999 -9999 -9999 678.4 714.6 745.3 744.2 729.2 718 708.2 697.6 685.1 666.3 652.5 647.7 648.1 654.3 661.7 667.5 678.9 700 728.2 755.3 773.6 783.5 787.6 800.9 816.1 806.2
398 369.3 457.1 373 395.4 456.6 408.2 393.5 363.9 362.4 360.8 351.1 340 331 332.7 338.1 338.2 335.1 328.1 325 333.4 367.1 439.8 524.8 564.5 572.4 573.9 571.5 563.2 554.6 544.6 550 552.5 534.7 498.1 468.9 443.4 424.5 409.4 430.5 508.6 635.9 731.3 741.2 -9999 -9999 704.8 -9999 -9999 -9999 698.4 707.1 715.4 721.3 721.7 718 710.7 701 686.1 666.8 663.7 664.2 670.6 683.1 698.4 710 723.2 743.6 772.8 801.4 818.4 815 787.5 744.2 787 788.6
321 318.5 345.8 379.2 361 387 418 423.7 381.8 365 360.7 358.7 364.6 355.8 357.5 364.5 335.8 309.1 301.3 317 339.9 389.3 468.2 546.1 586.7 603 595.3 599.1 578.4 555.4 530.4 533.3 585.9 518 450.3 412.4 406.6 414 418.1 455.3 568.8 696.7 777 781.2 773.2 -9999 -9999 -9999 -9999 -9999 -9999 709.3 711.4 711.8 704.8 703.8 717.5 724.8 715.4 707.7 701.9 709.8 721 738.6 755.4 775 797.4 825.5 859.8 896.9 922.4 919.5 867 792.3 750.1 724.8
346 295.4 321 348.2 394.1 407.7 443.1 476.6 364.4 408.4 386.4 393.9 432.5 477 508 439.5 371.5 328.4 323.9 348 387.3 431.3 478.4 533.6 575.5 598.8 606.6 618.4 607.8 559.4 486.7 392.2 417.6 441.3 406.3 379.5 413.5 460.9 512 574.8 641.3 775.2 794.5 780.2 773.3 773 770.3 -9999 -9999 -9999 704 702.7 704.9 690.5 679.8 708.5 766.1 794.1 796.2 786.1 779.3 782.1 797.9 818.6 841.5 860.4 883.1 909.9 949.8 990.2 1016.7 995.4 904.2 798.3 725.8 668.6
316.6 312.6 311 346.1 349.1 346.6 293.7 372.8 430.1 459.8 438.5 450.5 484.8 508 486.6 451.7 412.1 366.5 363.7 382.2 401 456 492.8 519.9 565 595.6 598.7 592.4 567.7 576.9 529.9 471.1 483.2 501.4 493.9 519.1 555 610.7 681.9 754.6 829.3 851.2 816.4 792 770.9 760.2 766.5 668.6 -9999 700.8 706.1 719.9 725.6 713.5 744.6 819.5 846.8 847.4 826.8 804 793.4 798.4 835.2 888.8 925.7 947.1 967.3 982.5 1006.3 1030.5 1039.2 1006.6 920 840.6 775.7 748.1
295.1 312 327.3 329.2 330.2 248.7 480.3 433.1 465.9 477.5 479.2 468.8 466.1 481.6 458.6 397.8 374.9 358.3 377.5 438.6 483.4 549.4 538.3 517 546.8 590.8 612.5 610.3 618.8 647 654.4 668.9 688.3 689.4 707.4 741.3 790.9 825.8 840.8 835.6 840.1 849.9 840 819.7 780.4 741.2 707.3 674.1 665.9 684.6 738.6 775.6 780.7 771.3 834.8 889.9 900.7 888.3 848.8 788.8 762.6 793.6 841.7 913.4 961.1 952 977.1 990.1 986.2 976.6 996.2 1029.6 974.7 926.9 896.4 873.1
306.9 361.3 386.5 349 339.6 418 404.6 417.1 451.6 458.5 482.9 486.5 473.4 437.3 421.5 357.1 333 396.4 440.8 489.9 539.6 571.9 563.3 446.9 587.7 640.2 680.2 708.9 727.2 736.8 698.8 711.2 731.6 737.4 686.1 775.7 858.5 901.8 843.8 824.3 828.2 831.6 856 914.2 813.8 736.2 715.8 688.9 683.7 762.3 787.1 761.7 736 749.4 814.1 909.1 947.5 946 926.3 865.6 796.9 812.6 853.4 1015.4 1077.9 1077.4 1027.2 1000.4 978.1 988.8 1019.6 1017.7 989.7 952.6 885.6 921.9
304.7 326.7 360.8 354.9 361.2 446.4 503.3 470.4 458.1 508.3 515.3 528.3 507.8 503.2 469.9 454.9 476.2 464.8 469.6 498.3 574.4 637.8 677.4 645.5 677.8 753.5 760.5 778.4 774.6 755.1 748.7 765.4 783.8 769.9 801.1 807 824.2 816.4 772.6 778.5 776.4 804.4 757.9 810.2 758.1 685.1 687.6 684.6 717.2 753.2 772.9 766.6 721.4 748.8 815.6 911.7 977.2 997.8 987.2 978.2 884.9 755.2 744.1 976.2 1104.5 1049.1 1020.4 980.1 922.9 938.5 990.2 1010.7 1019.9 1093.1 -9999 -9999
