datasets/global_precipitation_1950_2017/rasters/precip_1960-total.asc
NCOLS 720 
NROWS 347 
XLLCORNER -180 
YLLCORNER -90 
CELLSIZE 0.5 
NODATA_value -9999 
[rows 68 to 101 of 347, columns 532 to 607 of 720]
540.5 527.7 492.6 373.7 209.3 136.1 117.1 104.8 106.1 128.2 147.7 163 165.1 173 189 213.9 233.4 236.4 233.8 233.6 236 245.8 262.7 277.1 291.7 300.4 305.1 302.1 292.1 301.1 316.3 314.3 296 252.9 299.3 331.7 346.2 350.7 337 315.8 303.1 304.5 331.8 388.8 449.4 464 409.1 405.3 406.5 397.8 376.4 343 316 300.1 281.8 260.5 246.7 264.6 299.6 331.2 347.2 350.5 330.9 326.1 348.8 372.4 398.3 412.2 391.5 433.8 495.6 594.3 596.2 580.2 574.9 565.1
426.4 407.5 380.6 317 233.3 180.2 151.2 130.4 120.7 125.8 125.4 124.2 134 148 167.6 198 226.2 240.9 247 245.3 252.8 262.2 272 281.2 290.8 298.3 293.9 294.2 301.2 308.4 314.7 315.6 311 318.8 344.3 366.6 374.9 379.3 364.6 338.2 326.7 332 349 380.8 419.2 430.3 409.6 385.7 361.7 359.2 376.2 363.6 341.9 312.1 263.6 215.6 213.1 244.9 278.5 310.3 318.9 311.8 322.8 338.7 356.3 379.3 392.6 395.6 428.3 508.2 626.6 694.1 625.5 607 607.8 635.6
306.2 279.4 286.7 277.4 258.3 232.9 202.8 176.9 156.4 138.9 115.1 108.1 117.3 131.6 151.6 183.7 222.5 243.7 249.4 252.8 256.5 261.3 280.7 292.3 298.2 309.2 310.7 306.2 314.5 326.3 330.3 333.6 339.5 341.5 354.7 374.5 401 423.5 428.7 401.5 369 357.7 360.4 360.6 362.7 370.4 366.6 353.6 341.1 338.2 339.1 328.9 317.5 293.9 241.7 200.6 182.7 261.6 294.2 310 318 320.7 326.4 335.8 352.5 369.6 392.1 425.7 477.1 547.8 605 625.7 609.3 589.7 603.2 637.6
286.1 252.3 254.9 269.4 253.7 254.5 266 250.1 214.7 171.4 133 114.8 119.9 127.6 138 170.9 211.5 233.7 240 249.1 263.6 284 330.5 303.1 291.5 298.2 308.7 313.5 328.2 348.4 364.9 366 364.1 354.2 354.7 376.2 416 461.1 478.5 436.6 384.6 331.6 353.6 349.7 360.8 361.6 347.2 331.3 313.4 298.2 295.8 300.4 303.4 293.6 261.1 239.5 244.4 282.8 297 304.3 316.5 328.6 342.3 352.9 362.7 370.4 418.3 461 489.8 532.9 582.2 602.5 590.2 577 601.8 610.2
293.1 248.4 201.6 209 238.8 290.9 357.5 353 270.2 213 176.4 151.2 135.8 126.5 128 157.3 187.1 201.8 206.5 217.6 238.9 269.8 278.4 255.4 241.6 255.6 280.6 299.9 316 336.6 357 358.2 353.7 354.6 345 352.2 402.3 417.7 430.9 396.5 364.2 339.9 304.5 307.9 349.5 356.5 347.2 328.7 304.9 263 269 286.7 292.9 287.1 273.4 262.5 261.5 268.4 272.8 281.4 306.1 336.3 355.5 366.1 384.2 414.7 470.9 511.3 506.9 551.2 595.4 617.9 604.8 591.4 574.4 526
262.3 236.7 210.6 217.4 259.9 313.1 369.3 334.9 244 209.1 179 153.2 137.9 122.7 118.8 135.6 156 164.9 160.5 148.2 142.8 164.4 187.8 187.8 191.3 225.2 257.1 285.4 291.1 297.6 308.2 316.4 327.2 345.3 323.4 306.7 325.9 335.5 327.3 309.9 306.7 310.8 322.2 349.1 384.7 365.8 341.3 325.2 301.5 277.2 268.1 269.1 272.3 272.1 268.6 261.6 258.9 257.7 260.2 269.4 291.7 320 341 363.3 399 449.8 502.2 547.1 570.8 605.6 647 653.1 627.9 598.2 576.2 553.8
220.3 223.9 224.1 235.6 264.7 285.3 284.5 256.2 218.3 182.7 138.4 118.6 120.6 114.6 106.5 120.9 129.6 132.2 127.8 111.8 104 122.5 150.6 167.8 188.3 217.6 244.7 267.5 270 257 263.6 266.8 262.7 275.1 259.2 252.6 253.3 251.3 241.2 222.2 221.8 245.1 280.8 298.1 274.4 320 311.6 295.8 280.4 262.3 251.8 243.5 244.6 250.3 251.4 250.1 248 247.8 243.9 255.7 279.2 301.2 317.8 336.8 375.1 435.6 505.7 570.3 604.3 631.3 658.4 668.1 653.3 593.9 579.4 569
235.6 235.9 231.4 223.9 246.4 252 237.2 215.9 194.2 170.2 139.1 121.7 119.9 112.2 106.7 110.3 112.3 108.5 107 102 100.7 103.7 115.2 133.7 161 195.4 225.5 246.8 252.6 249.9 242.9 232.8 216.7 192.7 179.7 160.3 174.4 191.5 189.8 189.6 226.6 205.9 243.3 265.5 273.5 270.2 254.2 234.4 217.5 207.9 205.6 206.6 210 213.3 216.3 223.3 232.8 238.2 238.4 252 280.3 296 304.3 320.3 338.6 387.8 471.3 550 593.2 615.6 621.8 622.3 592.6 529.2 530.7 543.4
289.7 291 286.2 265.5 225.3 203.1 199 188.5 180.9 172.4 154.1 135.3 126.8 121.3 117.3 104.1 92.1 83.1 79.2 76.2 64.1 56.1 65.6 92 119.2 156.1 201.4 227.6 237.6 235.8 227.6 212.3 194.3 173.4 144.3 119.8 130.5 151.6 163.4 177.7 189.9 207.8 228.2 240.5 238.7 223.6 197.7 168.6 152.3 144.1 152.7 163.4 175.9 185.8 198.1 208 221.1 239.5 258.8 278.2 298.9 310.3 322.9 346.8 355.7 370.5 404.7 459.9 514.1 549.2 556.7 551 528.6 522.6 495.5 525
327.2 316.9 296.1 264.1 214.1 187.6 177.7 179 172.3 163.3 145.5 130 127.5 129.8 119.5 96.6 77.8 60.7 51.3 49 40 30.9 39.6 59 86.7 119.7 165 202.8 219.9 217.5 202.6 181.7 156.5 131.4 119.5 110.5 110.8 113.5 122.3 140.4 162.4 184.2 202.6 209.8 200.8 180.6 153.3 126.1 113.2 112.9 121.7 131.8 147.8 167.9 188.9 194.6 193.8 233.4 273.9 300.2 324.1 353.6 411.4 440.1 400.3 370.8 369.7 406.2 471.9 539 534 500.4 472 427 331.5 579.8
342 306.9 276.3 247.5 206.3 172.3 161.2 191.4 170.8 139.5 111.7 102 113.7 134.6 130.8 101.8 70.2 46.4 34.4 34 34.7 36 36.1 41.7 62.3 88.7 125.3 162.3 178.8 174.2 157.3 137.5 118.6 97.7 87.3 85 84.9 84.3 88.2 103 123.5 143.7 159.5 163.4 149.1 129.8 114.1 107.5 105.1 106.9 118 124.9 141.7 159.6 183.9 207.7 218.6 243.2 312.1 310.6 336.4 368.1 408.6 419.3 386.5 335.1 292.6 334.3 421.8 496.3 503.9 471.6 454.3 461.8 515.9 622.8
283.8 251 236.4 260.5 198.2 153.2 156 177.5 141.6 100.8 58.5 48.8 100.7 174.8 175.9 108.8 61.7 27.4 11.6 19.7 29.6 33.6 35.8 37.5 44.6 53.4 70.4 83.8 90.9 94.3 92.1 93 88.6 85.1 80.2 77.1 78 78.5 77.5 84.5 93.6 102.9 111.2 114.5 97.1 91.6 89.2 96.7 104.3 110.9 118.2 124 151.4 163.5 188.7 216 226 250 315.2 301.9 339.1 373 398.7 404 343.8 308.8 282.5 305.4 390 447.1 451.6 433.5 419.4 461.6 554.2 599.1
201.7 188.6 189.6 179.2 137.1 93.2 74.2 81 86.9 77.3 62.6 80.5 88.5 121 111.3 78.2 58.8 51.4 28.6 31.1 38.3 42.6 45.5 48.5 50.1 49.4 47.3 48 49.8 49.7 51.2 57.8 64.3 70.2 74.9 77.4 79.5 79.3 77.1 78.7 85.2 96.8 108.9 110 98.5 81.1 73 93.7 112.3 120.8 128 142 163.2 180.8 197.9 222.3 234.7 257.7 301.5 327.1 354.1 387.5 427.7 355.6 301.8 306.9 327.5 382 456.4 463.4 418.1 423.5 440 486.4 573.5 665.4
143.6 144.4 141.4 125.3 89.4 45.4 25.7 43.9 59.5 67.6 75.3 81.4 80.7 73.9 62.4 66 60.7 56.2 52.9 52.3 53.7 56.6 59.7 63.4 61.4 58.7 51.4 44.8 40.3 39.7 41.5 45.1 51.9 58 65.7 73 79.4 83.7 87.8 94.3 105.8 122.2 138.3 141.1 130.9 117.1 107 118.2 132.9 140 146.6 164.4 185.6 204.5 213.7 239.1 267.4 310.1 373 398 393.1 390.7 396.1 385.8 367.1 357.9 352.5 400 481.3 454.9 359 451.1 504.4 538.5 630 787.8
123.3 133.3 120 98.7 71.5 48.6 35.7 35.3 45 57.9 68.7 72.3 71.8 69.5 66.4 67.5 66.9 69.6 72 67.9 65.3 67.2 68.6 68.8 67.7 62.7 55.3 49 42.6 37.4 36.4 37.7 40.8 46.7 56.7 69 80.3 88.5 95.1 101.8 112.8 132.3 153.1 163.7 167.9 163.1 152.6 149.5 157.1 169.8 183.6 186.9 195.5 207.4 222.4 267.6 303.3 346.2 394 409.5 386.9 376.4 431.2 445.1 405 404.5 342.7 386.8 424.7 419.7 490.3 555.5 516.1 546.7 720.7 892.3
80.4 107.7 96.8 75.3 53.7 42.3 33.8 28.6 34.7 48.7 59.9 67.2 66.3 63.1 60.5 60.5 65.3 79.5 86 72.8 66.4 68.2 68.9 67.5 66.1 65.7 60.2 54.2 47.2 40.7 36.8 35.2 33.7 38.7 52 68.9 83.6 93.9 96.8 94.3 95.1 118.7 153.7 177.1 195.2 192.4 182.7 187.7 198.8 207.6 243.4 260.9 232.9 212.7 226.8 287.8 332.1 347.8 387.8 398.5 409.6 446.5 469.6 375.6 395.2 410.1 440.7 452.4 417.3 416.1 548.6 658.8 674 736.1 801.1 951
73.7 69.7 58.1 44.2 36.8 28.6 23.9 22.9 25.7 38.3 54.7 61.4 56.8 55.4 51.9 51.4 53.6 58.3 58.5 53.1 53.6 57.8 60.4 61.5 62.8 64.4 67.8 66.7 60.4 54.3 45.5 38.7 32.3 40.6 60.5 79.2 94.5 101.5 100.3 90.4 55.2 105.3 179.3 182.5 193.6 198.2 209.9 226.8 235.6 251.6 289.9 322.9 308.8 246.7 202.9 116.3 238.2 347.5 388.6 394.9 453 504.4 634.4 441.2 401 400.8 528.4 512.4 431.1 489.8 579.7 711.2 720.7 805.9 932.2 945.1
56.4 44.9 26.1 14.2 17.5 21.5 20.2 18.1 19.3 25.3 37.3 38.2 40.4 39.7 40.6 40.8 40.3 37.7 30 24.4 38 44.5 50 55.4 55.2 60.4 75.5 80.6 81.1 79.7 72.1 67.6 63.8 67.9 78.7 89.9 97.3 98.7 105.2 111.2 116.8 141.4 155 159.9 191.2 222.8 248.5 241 235.9 251.6 298.1 324.8 323.3 267.8 231.3 196.5 274.6 325 413.1 391.4 405.1 508.6 513.4 426.1 403.8 402.6 475.5 634.5 565.3 604.9 -9999 -9999 656.8 871.3 1017.4 1171.7
38.6 29.3 18.2 13.6 15.8 19.4 19.8 18.1 18.5 21.1 27.3 24.4 25.5 26.8 29.5 30.6 32.9 31.8 24.4 23.8 37.6 34.8 54.3 56.9 51.2 52.2 78.7 86.9 102.7 122.6 130.7 128.7 124.7 118.3 109.1 101.3 94.2 99.1 116.4 127.4 139.2 151.4 166.9 186.8 218.5 273.7 300.5 283.9 272.6 288.1 301.3 287.5 308.9 300.1 287.5 286.8 319.5 375.5 516.7 455.4 544.1 548.8 498.2 477.7 460.4 490.2 502.1 506.7 559.5 -9999 -9999 -9999 638.4 870.7 1219.6 1252.4
21.1 19.8 19.5 21.4 24.1 21.2 16 15.8 19.7 23.4 26.8 26.2 22.6 21.4 21 22.3 26.1 26.4 25 26.2 35.9 44.8 62 80.5 89.2 59.1 91.6 120.7 148.7 167.7 173.8 174.1 172.9 164.9 143.6 126.3 123.1 134.1 141.5 128.9 158.1 193.1 230 267.8 290.6 326.9 358.1 375 366.9 352.7 361.4 357.3 363 374.6 385 351.9 317.5 353.3 501.2 609.1 580 537 481 466.7 449.2 456.7 480.5 -9999 -9999 -9999 -9999 638.5 727.7 918 1047.1 1185.6
11.8 13.5 16.9 19.6 27.2 12.9 12.3 16.2 21 24.7 28.7 29.3 25 17 11.4 13.4 18.8 20.8 24.1 28.9 41.4 70.8 109.9 137.1 155.5 145.3 143.8 165.8 206.3 188 186 158 177.4 167.4 140.1 119.6 145.5 179.3 206 212.6 220.1 248.1 297.1 339.8 350.6 360.7 398.3 430.6 400.6 383.4 392.7 396 408.2 395.5 544.3 622.2 501.3 379.9 433.6 439.2 474.1 495.3 508.8 450.4 443.9 446.8 -9999 -9999 -9999 -9999 -9999 657 -9999 -9999 -9999 -9999
8 9.4 11.5 11.4 6.7 7.5 10 16.2 20.7 24.5 32.1 36.8 31.5 18.5 6.9 8.9 18.5 28.6 37.3 47.5 71.7 136.8 178 216.6 262.6 247.2 222.6 251.1 352.1 243.4 229.9 219.7 206.3 164.1 139.8 126.4 148.8 203.6 250 268.1 256.7 271.6 305.8 339.8 368.9 399.3 419 417.9 409.3 403.9 399.2 398.7 397.6 356.4 570.1 688.7 544.3 354.5 350.2 396 451.9 487.6 504.7 -9999 -9999 -9999 -9999 -9999 -9999 -9999 -9999 -9999 -9999 -9999 -9999 -9999
5.7 8.8 10.8 13.8 12.9 10 13.5 19.6 21.9 21.7 45.6 59.6 47.9 31.7 21.3 20.8 29.6 41 49.5 62.6 92.6 145.3 198.8 239 272.5 291.1 301.2 293.9 302.3 295.4 298.9 280.3 221.9 195.2 186.8 173.2 177.7 212.6 242 252.1 258.5 275.4 302 335.5 391.8 431 453.4 420.3 413.3 412 408.1 398.9 397.4 409.8 416.8 485.3 502.2 426.1 345.1 364.7 395.4 533.4 550.5 521.8 -9999 -9999 -9999 -9999 -9999 -9999 -9999 -9999 -9999 -9999 -9999 -9999
6.4 7.9 9.4 10.1 10.8 12.8 17.9 24.4 32.8 48 76.1 84.2 61.2 44.8 34.6 33 36.8 47 52.7 63 93.3 141 185.4 231.4 308.4 367.5 376.6 353.6 357.8 428.2 487.9 444 298.1 220.2 253.1 260.1 226.3 209.8 217.7 231.1 249.5 284 300.4 342.4 424.4 459 459.4 439.2 427.1 438.4 440.3 414.4 400.2 404.7 369.2 447.9 487.7 460.7 397.7 398.4 452.5 498.5 621.5 500.4 578.9 620.7 -9999 -9999 -9999 613.1 -9999 -9999 -9999 -9999 -9999 -9999
8.5 8 9 10.2 11.3 15.2 21 31.2 42.8 60.2 73.8 72.3 56.8 38.3 34.3 38.2 42.1 47.4 53.7 64.6 88.9 132.1 171.1 212.5 330.4 450.7 345.5 316.8 321.6 397.9 506.1 548.2 419.6 428.3 383.4 296.5 221.1 201.5 187.8 190.6 236.4 307.8 364.8 406.4 475.5 495.8 499.3 485.2 461.4 451.5 438.7 402.9 433 476.2 436.4 417.9 499 484.8 401.1 417.7 380 368.5 478.8 595 633.5 699.2 -9999 -9999 578.8 499.6 706.9 739.7 845.2 -9999 -9999 -9999
10.5 9.1 9.1 10.5 12.4 17.3 27.5 41.8 59.8 78 88.3 82.8 63.9 44.9 41.6 49 48.5 49 52.4 57.5 57.9 78.7 125.1 172.8 257.1 297.6 157.2 272.9 315.1 351.1 376.5 366.3 386.4 403.4 364.9 285.6 198.6 244.4 195.8 181.7 259.2 352.7 380.7 417.3 455 492.6 530.1 508.5 479.5 446.3 427.5 408.6 457 498.1 452.3 420.2 472.3 502.8 362.3 346 519.7 429 435.8 643.2 637.6 767.8 828.2 716.3 716.5 820.6 961.5 -9999 -9999 -9999 -9999 -9999
12.6 9.7 9.9 11.6 15.3 28.3 47.9 75.9 99.7 115.2 121.2 118.5 106.8 94.4 82.2 63.3 44.1 46.2 51.1 56.4 47.9 58.6 70.3 112.1 152.7 200 234.7 280.6 300.4 316 344.3 357.3 381.1 404.7 372 313.4 289.9 291.8 296.7 319.9 367.6 396.3 415.6 441.2 451.8 473.6 492.7 479.8 452.7 427.4 431.3 382.5 426.4 464.9 487.4 455.9 459.9 448.4 414.3 437.5 1271.9 663 784.4 675.7 704 803.3 780.8 758.5 706.7 -9999 -9999 -9999 -9999 -9999 -9999 -9999
21.2 14.5 10.4 12.9 26.8 62 100.4 135.5 157.9 164.9 169.7 164.5 164.1 167.3 154.4 105.8 57.1 47.4 60.9 69.8 80.5 92.1 103.5 138.2 179.4 209.7 277.8 345 372.1 411.1 388.5 408.5 461.1 485.9 473.9 394.9 386.4 387.6 427.9 426.4 408.7 401.3 441.7 460 460 486.6 497.6 484.5 441.4 402.5 375.2 384 467.5 455.4 416.9 404.6 406.9 391.6 379.6 394.6 409.6 444.3 555.5 689.6 838.9 957.1 799.4 823 -9999 -9999 -9999 -9999 -9999 -9999 -9999 -9999
50.1 33.2 20.9 17.2 87.7 147.9 193.1 212.7 211.5 213.5 208.1 202.6 207.8 229.2 224.1 169.2 123.7 110.6 132.7 168.9 190.7 198.1 202.5 226.5 247.5 276.8 332.1 383.7 396.6 386.2 448.2 515.8 564.1 575.8 531.2 464.7 448.6 473.8 509.7 472.6 458.9 461.3 478.1 486.9 476.6 480.1 487.3 525 490.4 399.8 386.3 421.4 483.4 463.1 425.7 388.2 386.1 408.9 408 479 452.6 450.3 622.9 913.5 1134 1044.9 1033.7 -9999 -9999 -9999 -9999 -9999 -9999 -9999 -9999 -9999
103.9 102 108.5 166.2 258.7 279.9 271.1 262.4 255.2 245.8 235.8 229.1 228.6 229.8 227.1 212 207 227.4 272.6 319 351.7 366.7 350 314.9 301.7 333.7 375.2 415 434 458.9 545.4 607.2 594.3 604.2 581.1 544.3 536.9 605.9 547.8 463 461.9 519.4 550.3 560.6 519.1 485.5 519.8 627.4 622.6 426.6 349.9 444.4 502.6 493.7 455.2 430.3 485.2 506.2 567.6 626.2 605 707.9 839.5 955.8 1055.3 1106.1 1112.8 -9999 -9999 -9999 -9999 -9999 -9999 -9999 -9999 -9999
143.7 158 188.8 243.4 282.3 300.7 297.8 293 285.9 275.5 263.1 247.8 236.6 237.1 245.4 264.4 297.6 338.6 365.8 363.5 410.3 460.4 464.7 418.6 387 395.5 433.4 475.2 505.2 556.5 617.5 643.2 628 602.6 583.8 543.8 532 558.9 564.7 538.5 511.8 565.3 564.9 648.3 570.9 543.2 577.5 686.6 688.9 592 575.9 534.8 558 536.6 516.5 453.9 554.9 675.4 622.9 695.8 695.1 826.1 980.1 901 936.1 1044.4 1032.9 929.7 1025.5 -9999 -9999 -9999 -9999 -9999 -9999 -9999
174.4 194.6 216.7 249.6 285.3 303.9 310.8 312.4 311 305.4 294.5 279.4 267.5 268.5 293.3 332.9 387.4 420 424.3 419.6 463.3 525.7 551.1 486.5 452.3 455.4 490.5 527.6 572.2 658.9 732.6 733.6 677.8 608.9 600.1 587.2 538.1 528.3 591.2 825.6 454.8 497.3 596.7 688.2 748.4 676.5 665 633.9 642.9 615.3 609.4 649 697.6 686.9 673.4 663.2 680.5 734.6 776.3 938 722.4 769.5 687.5 769.9 861.2 1027.8 999.4 952.4 1087.3 -9999 -9999 -9999 -9999 -9999 -9999 -9999
193.5 218.6 250.2 276.9 291.3 308.4 317.6 324.4 334.1 337.7 334.6 329.4 330.9 348.7 383.2 434 472.8 474.6 461.3 481.8 523.7 550.8 514.9 508.2 503.7 521.4 549.2 575.8 630.1 700.2 752.7 740.6 707.1 657.2 668.4 675.7 593.8 518.5 549.2 519.4 321.7 518.5 660.5 775.8 864.5 832.3 821.1 733.1 709.3 744.1 765.6 790.4 794.6 770 844.8 1055.8 978.8 808.1 866.9 880.3 836.1 825.1 822.6 785.2 824.1 923.4 1014.8 1096.6 1131.3 -9999 -9999 -9999 -9999 -9999 -9999 -9999
224.9 255.1 276.9 301.6 300.3 318.2 318.2 333 351.4 368.7 375 378.7 395.6 430 480.3 526.4 544.8 513.5 478.7 509 550.7 557.4 529.4 531.8 565.8 615.3 639.2 658.6 690.1 719.9 731.3 726.9 748.1 741.5 734.8 774.4 752.8 702.6 629.7 642.9 665 681 766.6 901.1 909.6 825.7 778.3 753.3 786 843 857 852.1 812.1 766.9 822.8 1124 1047.1 951 1024.8 1002.2 973.6 889.9 872 852 872.7 897.9 1050.9 1186.9 1481.3 1310.4 -9999 -9999 -9999 -9999 -9999 -9999
