datasets/global_precipitation_1950_2017/rasters/precip_1967-total.asc
NCOLS 720 
NROWS 347 
XLLCORNER -180 
YLLCORNER -90 
CELLSIZE 0.5 
NODATA_value -9999 
[rows 306 to 339 of 347, columns 380 to 455 of 720]
-9999 -9999 -9999 -9999 -9999 -9999 -9999 -9999 -9999 -9999 -9999 541 550.3 -9999 -9999 -9999 -9999 -9999 -9999 -9999 -9999 -9999 -9999 -9999 -9999 -9999 -9999 -9999 -9999 -9999 -9999 -9999 -9999 -9999 -9999 -9999 -9999 -9999 -9999 -9999 -9999 -9999 -9999 -9999 -9999 -9999 951.1 967.4 984 999.7 1016 1029.7 1045.6 1059.7 1073.4 1088 -9999 -9999 1134.5 1150.6 1164.6 1177.7 1190.4 1203.5 1217.1 1231.8 1248.9 1265.5 1281.3 1296.9 1309.9 1318.3 1324.8 1328.9 1330.3 1331.1
-9999 -9999 -9999 -9999 -9999 -9999 -9999 -9999 -9999 -9999 -9999 -9999 538.3 -9999 -9999 -9999 -9999 -9999 -9999 -9999 -9999 -9999 -9999 -9999 -9999 -9999 -9999 -9999 -9999 -9999 -9999 -9999 -9999 -9999 -9999 -9999 -9999 -9999 -9999 -9999 -9999 866.1 881.7 897.3 913.6 930.1 946.8 963.6 979.9 995.9 1011.8 1027.7 1041.7 1057.1 1072 1086.7 1101.2 1111.8 1124.8 1137 1151 1166 1171.1 1191 1200.4 1212.9 1229.1 1234.1 1247.3 1263.6 1273.2 1276.9 1291 1284.3 1294.5 1296.7
513.9 510.1 502.9 418.6 495.1 506.6 512.5 517.5 521.5 527.2 532.6 535.5 542.6 547.3 553 559.7 565.3 572 -9999 -9999 -9999 -9999 -9999 608.2 616.7 -9999 -9999 644.3 650.1 -9999 -9999 -9999 -9999 -9999 -9999 740.3 756 772.7 790 807.3 825.7 844.1 862.7 881.3 899.3 918.1 936.9 955.1 973 983.2 998.7 1021.7 1031.5 1048.7 1062.6 1074.7 1089.5 1099.3 1122.6 1131.9 1141.1 1149.3 1162.4 1176.1 1185.7 1196.8 1210.4 1218.1 1225.2 1231 1238.6 1248 1256.1 1263.2 1263.8 1265.2
561.1 569.1 577 581.6 578.2 570.5 562.4 556.5 552.8 552.2 552.5 551.6 553 555.3 558.5 561.8 564.9 572.6 575.6 580.3 583.6 592.7 595.8 600.8 609.3 615.3 620.3 626.5 634.9 644.1 653.2 662.9 673.6 686.3 701.6 716.2 729.6 745.3 763.3 782.3 801.4 821.1 841.5 861.4 879.6 897.3 916.9 936.9 956.1 961.4 977.6 1005.9 1019.8 1032.9 1046.6 1061.8 1079.2 1095.5 1107.2 1118.3 1130.1 1143.2 1146.8 1148.2 1161 1171.7 1178.4 1184.6 1189.9 1194 1200.3 1208.8 1216.1 1222.5 1227.8 1228.2
573.4 576 578.1 578.9 580.7 577 574.1 570.9 575.6 572.9 570.2 568.8 568.1 567.2 568.9 569.3 570.2 572.2 575.1 590.9 590.9 593.9 596.7 600 605.9 610.4 612.9 618.4 624.1 633.4 641 649.2 658.1 667.6 680.1 692.9 705.3 720.4 736.5 753.4 770.9 789.2 808.3 827.7 842.8 865.1 880 898.8 918 920.8 939.7 967.2 981.4 994.7 1014.5 1027.8 1045.5 1056.7 1067.4 1077.4 1088.6 1100.5 1112.1 1123.3 1127.3 1125.4 1136.5 1139.8 1139.1 1140 1145.2 1154.9 1166.6 1166.8 1174.8 1175.7
574.2 584.7 585.9 586.1 585.6 582.9 581.9 580.2 578.3 576.7 574.9 573.8 575.7 575 572.1 572.3 575.4 595.8 595.6 595.7 594.1 595.9 597.9 599.9 601 603.7 607.6 611 615 619.9 625.4 631.6 640.7 647.2 655 664.5 675.9 687.2 699.8 713.7 727.4 741.9 757.5 774 787 802.4 823.3 837.7 851.9 863.9 876.4 901.9 917.6 932.8 950.4 963.5 972 982.7 992.7 1002.3 1012.6 1023.8 1034.8 1044.9 1058 1066.1 1069.7 1076 1080.8 1070.1 1082.1 1087.8 1093.3 1093.9 1097.1 1102.3
581.8 583 583.4 584 583.7 581.2 580.9 579.9 579.1 577.8 576.8 575.7 574.3 572.9 572.1 571.8 601.8 599.4 597.9 597 596.1 593.9 593.5 593.5 593.6 593.8 594.9 597 599.5 602 605 608.4 611.2 614.2 618.6 625.8 634 641.3 650.8 659.6 669.2 679.1 689.9 702.1 713.7 725.6 737.6 750.8 763.3 775.7 788 801.4 818.1 830.8 842.4 854.4 866.1 877 882.4 891.9 901.4 911 925.6 933.8 941.4 949.4 959.8 963.9 971 976.8 982.3 987.3 986.4 985.6 992.9 999.3
577.6 578.1 578.5 578.4 578.5 578.2 577.1 576.2 575.1 573.8 572.5 570.9 569.6 568 566.2 564.9 597.2 593.8 590.9 587.9 585.7 583.8 581.6 579.8 577.9 575.5 573.6 572.4 571.9 572.4 572.1 571.5 570.6 569.5 568.1 569.3 573.7 579 585.8 593.2 601.5 606.1 612.3 623.2 630.4 635.7 642.8 651.2 660.1 669.4 678.8 688.7 698.6 708.4 718.4 727.5 737.5 746.6 756.4 765 773.8 782.8 792.2 801.7 811.2 819 824.9 829.9 834.7 838.5 843.9 851.6 859.2 859.2 863.4 862.8
573.9 574.4 573.7 572.8 572.3 571.5 570.3 568.4 566.7 564.9 562.3 559.9 557.5 555.5 553.5 549.9 584.6 579.8 574.5 570 565.2 567.2 561.3 555.9 550.4 545.7 540.6 536 532.4 529.6 527.5 523.3 518.5 513.3 508.2 503.6 503.6 505.8 508.5 512.4 517.4 523.6 530.6 535.3 535.4 544.1 536.4 538.6 553.9 551 558 560.4 563.5 567.2 571 580 592.5 604.8 616 627 634.8 639.3 644 649.3 653.8 661.1 670.2 678.4 686.2 692.8 697.9 701.7 705.2 709 716 717.1
568.2 567.5 565.6 565.1 563.2 561.1 558.6 556.3 554.4 548.4 548.4 544.2 539.8 535.4 531.5 565 558.4 555.7 548.7 541.2 540.8 532.9 524.6 516.9 509.4 502.6 495.5 488.2 481.4 475.7 471 466.9 459.4 451.1 442.3 435.3 433.1 432.7 433.6 435.1 429.7 428.9 434.3 440.9 441.3 436.2 431.9 455.2 435.7 445.5 449.5 448.9 448.1 448.2 448.5 455.1 466.6 478.3 489.6 500.5 506.7 508.3 510.1 512.1 513.9 519.5 529.1 538.3 546.9 555 558.8 559.7 559.9 560.2 559.9 563.5
556.8 554.2 552.9 547.8 547.8 544 539.7 534.8 530.5 527.3 521.8 516.2 510.3 504.1 497.9 529.3 523.6 517.5 511.2 504.3 495.8 486.5 477.1 468.2 459.4 450.7 442.2 432.8 423.8 416.3 409.6 404.5 399.1 389.5 379.3 371.4 364.7 355.6 346.6 342 342.8 345.2 348.8 353 358 352.1 345.5 343.8 350.7 358.3 360.9 358.3 356.1 354.7 353.5 358 367.5 377 386.4 395.8 400.2 400.1 400.4 400.6 401 405.4 414.2 421.8 429.5 436.4 435.3 433.8 432.1 430.5 432.3 434.4
540.1 535.8 531.5 527.5 522.6 516.8 511.6 504.9 498.3 492.2 485.4 478.6 471 463.6 456.7 450.7 444.3 469.5 461.3 451.7 442.5 432.5 422.9 414 405.2 396.1 386.8 376.7 366.8 357.1 349.9 341.3 331.9 325.7 320 312.2 302.2 293.1 283.5 277.5 276.8 277.1 278.8 280.8 284.5 283.7 293.9 279.7 284.5 289.5 290.8 288 285.5 283.7 282.4 284.9 291.8 298.9 305.5 312.3 315.6 314.9 314.2 314.2 313.6 316.7 323.3 329.5 335.4 335.9 334.1 332.1 330.4 330 334.4 335.8
509.3 504.9 496.5 490.4 483.6 477.6 471.2 463.9 455.9 448 440.2 433.4 424.1 418.2 410.1 402 394.2 386.8 406.2 396.8 387.5 377.9 369.2 360.1 350.3 340.8 331.1 321 311.4 303.8 296.6 289.4 283.4 277.7 272.4 265.7 256.8 248.1 239.7 231.6 256.8 256 249.5 225.4 226.8 229.2 226.6 229 231.2 233.9 234 231 228.7 226.9 225.2 227 231.2 235.2 239.8 244.2 246.1 245.3 245 244.4 244.3 246.4 250.4 255 256.7 255.4 254.1 252.5 263.2 254.5 257.8 258.7
466.1 459.7 453.4 447 436.3 431.4 423.1 414.9 407.5 399.7 390.9 382.5 375 366.8 358.7 349.8 342.1 334.2 351 342.3 333.1 325.2 316 306.7 297.5 288.3 280.8 273.7 266.6 260 252.6 247.6 237.5 232.6 228.5 224.8 218.4 210.5 203.1 196.3 191.5 189 187 185.6 184.9 184.5 184.3 182.9 184.4 186.1 186.1 183.5 181 179 177.4 178.2 180.1 182.8 185.5 187.8 188.9 188.4 187.5 187.1 186.4 187.6 190.4 191.8 190.9 190.1 189 199.9 189.5 192.1 194.9 195.7
415.9 407.1 399 392.6 384.5 375.4 367.4 361.2 353.6 345.6 336.7 329.3 322 314.7 306.9 300 292.3 284.3 276.6 269.7 270.6 273.2 266.2 259.5 252.5 246.2 239.5 233.5 227.2 221.6 214.5 206.6 198.9 192.8 188.4 184.6 181 176.1 169.7 163.6 158.8 156.2 153.8 151.3 149.8 146.8 142.7 140.9 140.3 138.8 137.3 135.9 135.2 137.5 136.4 136.1 137.2 134.1 133.8 134 134.1 134 134.5 138.8 136.6 137.2 140 138.9 136.8 136.8 138.1 137.2 138.8 137.6 136.6 131.5
358.2 349.8 343.9 335.5 329 321.4 313.5 305.4 298.5 292.4 286.1 277.4 271.7 264.7 260.7 254.8 245.8 240.5 235.2 228.6 238 230.6 222 214.2 214.5 207.9 200.4 191.4 186.6 180.7 176 169.7 164 160.5 154.2 148.4 144 139.8 135.6 132 127.7 122.9 118.3 114.4 113.8 108.8 107.3 106.1 103.1 101.6 100.3 99.1 98 96.6 95.8 94.8 93.9 93.7 93.2 93.6 93.3 92.7 92.6 92.7 92.6 92.6 93.5 92.8 92.9 94 93.4 92.7 92 91.2 90.7 90.2
307.7 299.2 291 283 277.8 267 261.9 255.5 249.1 243.8 237.5 230.9 227.6 222.3 216.7 210.9 202.5 198.8 194.5 188.7 183.7 185.1 186.1 178.6 172.9 167.2 161.8 155.6 150.8 145.1 139.4 137.2 129.9 126.1 121.2 117.4 113.5 109.4 104.5 99.8 96.1 92.9 89.8 87 84.1 81.2 79.3 76.7 75.2 72.2 69.7 67 70.4 64.1 63.2 62.4 62 61.9 61.7 61.7 60.9 59.4 58.7 59.4 58.2 58.4 58.2 58 57 57.8 58.4 58.7 59.3 59.8 61.6 61.9
256.1 249.1 242.3 235.8 229.7 223.6 217.3 211.1 205.4 202.7 203.3 193.4 188.6 184 179.6 174.7 169.2 164.2 159.1 158.1 153.6 148.7 148.8 148.6 142.7 138.9 131.1 126.2 121.8 117.3 112.7 107.4 104.1 100 96.3 91.6 87.8 83.9 80.6 77.1 73.3 69.2 67.4 63.7 61.2 58.7 55.8 52.8 51.3 48.7 46.5 45.9 42.8 41.6 40.7 38.9 37.6 36.2 37.6 35 34.9 34.6 33 32.9 33 33.4 34 34.5 35.4 36.3 37.3 37.8 38.8 39.8 40.6 41.6
209.7 206.9 203.4 200.6 197.1 194.8 189.2 183.7 178.6 173.3 168.7 163.9 160.6 156.6 154.2 149.9 143.8 140.3 138.5 134.2 129.8 124.2 118.7 120.4 115.6 110.9 105.7 101.8 99 94.9 90 85 81.2 76.7 74.2 69.2 66.1 62.3 58.7 55.4 52.6 49.8 46.7 43.6 42.1 39.5 35.7 33.1 31.3 29.4 27.3 25.4 23.8 22.6 21 20.1 19.2 18.6 18 18.1 17.7 16.6 16.4 16.6 16.8 17.2 17.7 18.3 19 20 20.7 21.7 22.7 23.9 25.3 26.6
169.6 167.3 164.8 162.3 160.1 157.9 155.7 153.2 150.9 148.5 145.9 143.6 139.1 134.9 130.8 126.4 124.4 119.7 114.6 110.8 106.6 102.6 103 97.3 93.3 89 86.5 81.6 76.8 73.4 69.7 65.8 62.2 58.8 55.2 51.7 48.4 45.8 42.3 39.6 36.6 33.8 31.2 28.4 25.5 23.5 21 18.9 16.9 15.6 13.7 11.9 10.7 9 7.9 6.9 6.1 5.1 4.6 4.4 4.1 4.2 4.3 4.4 4.8 5.3 5.8 6.5 7.2 8.4 9.5 10.5 12.1 13.7 14.4 16.1
160.8 157.9 154.6 151.7 129.8 127.4 125.4 123.4 121.4 119.6 117.3 115.1 112.9 111 108.6 106.4 104.2 101.5 97.8 94.7 92.8 88 84.2 80.4 76.7 70.4 67.9 65.3 62 58.9 55.4 52 49.1 45.9 42.8 39.7 37.1 33.9 31 28.5 26 23.8 21.3 19.4 17.3 15.2 13.3 11.5 10 8.2 6.6 5.5 4.4 2.9 1.8 1 0.4 0.1 0.1 0.1 0.1 0.1 0.2 0.2 0.3 0.3 0.6 1.4 2.1 3.1 4 5.4 6.3 7.5 8.8 10.3
122.7 119.7 117 114.2 111.5 108.8 106.4 104.2 101.9 99.8 97.5 95.5 93.2 91.1 88.9 86.9 84.3 82.2 79.8 77.5 75 75.2 70.6 68.3 65.2 61.9 58.1 54.2 48.9 46.7 44.3 41.8 39.7 37.7 35.5 32.9 28.1 26.4 24.4 22.2 20.7 19.3 17.6 15.8 14.3 12.4 10.9 9.5 8 6.8 5.5 4.6 3.5 2.5 1.6 1.2 0.7 0.3 0.2 0.2 0.2 0.2 0.2 0.3 0.3 0.5 0.8 1.3 1.9 2.7 3.4 4.4 5.3 6.4 7.4 8.7
109.6 106.3 103.8 101 98.5 95.9 93.5 91.3 89.1 86.2 83.5 80.7 78.2 75.6 73 70.3 72.3 66.2 64.2 62.4 60.5 58.8 56.7 54.4 51.4 48.6 47.7 43.8 42 39.8 37.4 35.2 33.3 30.8 29 27.3 25.2 23.8 22.2 20.7 19.2 17.8 16.8 15.5 13.8 12.5 11.4 10.3 9.3 8.2 7.5 6.8 6 5.3 4.8 4.5 3.6 3.1 2.8 2.5 2.4 2.4 2.4 2.7 2.9 3.2 3.3 3.9 4.3 4.8 5.4 6.1 7.1 7.8 8.8 9.8
91 95 92.5 90.3 88 77.8 75.8 73.5 71.8 69.9 67.8 65.8 71.6 69.5 67.6 65.9 64 61.6 54.6 53.5 51.7 50.3 48.6 46.3 44.7 43.2 41.7 40.1 35.7 34.2 33.1 32 30.8 29.3 27.6 26.6 25.5 23.8 22.5 21.6 20.5 19.5 18.2 16.4 15.3 14.5 13.6 13 12.3 11.5 10.7 10.1 9.6 9.2 9 8.6 8 7.8 7.7 7.4 7.4 7.4 7.4 7.7 7.7 7.7 8.1 8.2 8.7 9.1 9.7 10.2 10.7 10.9 11.5 12.2
82.6 80.3 78.1 75.6 73.6 71.9 69.8 68.1 66.2 64.3 62.5 60.8 59.5 57.6 56.3 54.6 53.3 51.7 49.7 49 46.3 44.8 43.8 40.4 39.3 38 36.9 35.8 34.7 33.5 32.5 31.4 30.5 29.4 28.3 27.2 26.1 25.3 24.4 23.5 22.7 21.4 20.8 20 19.2 18.5 17.1 16.3 15.8 15.2 14.8 14.4 14 13.6 13.4 12.9 12.7 12.5 12.2 12.2 12.1 12.1 12.2 12.3 12.4 12.7 12.8 13.2 13.4 13.9 14.1 14.4 14.7 15.4 16.1 16.4
74.2 72.3 70.7 69.1 67.4 66 64.2 62.7 61.4 59.8 58.6 57.2 55.5 53.4 51.3 49.3 47.6 46.2 44.9 44 42.7 41.8 40.8 39.9 38.8 37.7 36.8 36.1 35.2 34 33.2 32.3 31.6 30.8 29.8 29.1 28.3 27.5 26.5 25.9 25.5 24.6 23.7 23 22.4 22.2 21.2 20.8 20.4 19.5 19.1 18.8 18.4 18.1 17.9 17.4 17.1 17.1 17 16.8 16.8 16.7 16.7 16.8 16.8 17 17.3 17.3 17.7 18 18.2 18.6 19.1 19.4 19.6 19.8
67.5 65.9 64.4 62.3 60.4 62.1 60 58 56.1 54.1 53.4 51.4 50.3 49.1 48.2 47 46.1 45 44.2 41.5 40.8 39.9 39.1 38.6 37.9 37.3 36.3 35.7 34.9 34.5 33.8 33.1 32.5 31.9 31.2 30.6 30.1 29.6 28.8 28.4 27.9 27.4 27 26.7 26.2 25.3 24.8 24.4 23.8 23.4 23.1 23.6 22.6 22.4 22 21.8 21.6 21.5 21.4 21.2 21.3 21.3 21.4 21.4 21.3 21.2 21.3 21.3 21.5 21.8 21.9 22 22.2 22.5 22.9 23.1
62.9 61.6 59.8 57.5 55.6 54.1 52.7 51.7 50.7 49.6 48.4 47.7 46.8 45.8 45.1 44.1 43.4 42.4 41.5 41.2 40.4 39.4 38.6 37.9 37.6 36.9 36.2 35.5 35 34.5 34 34.5 34 33.5 33.1 32.7 32.3 30.7 30.3 30 29.7 29.3 28.7 28.4 27.9 27.7 27.5 27.3 27.2 26.9 26.6 26.4 26.1 25.6 25.8 25.3 25.1 25 24.9 24.8 24.5 24.5 24.6 24.6 24.7 24.6 24.7 24.8 25 25 24.9 25 25.1 25.4 25.3 25.7
55.8 54.8 54.1 53 49.4 48.8 47.9 47.2 46.5 46 45.5 44.7 43.9 43.4 42.8 42.2 41.6 41.1 40.4 39.8 39.4 39 38.5 37.9 37.6 37.3 36.6 36 35.4 35.1 34.8 34.1 33.8 33.4 33 32.4 32.1 31.8 31.5 31.3 31 30.7 30.5 30.2 30.1 29.5 29.3 29.1 28.9 28.6 28.5 28.3 28.1 28 27.7 27.7 27.6 27.5 27.6 27.4 27.2 27.1 27.1 27.2 27.2 27.2 27.3 27.2 26.9 27 27.2 27.4 27.2 27.4 27.4 27.4
47 46.2 45.7 45.4 44.7 44.4 43.9 43.4 42.8 42.4 41.7 41.1 40.7 40.5 39.8 39.4 39.3 38.9 38.6 37.8 37.5 36.9 36.8 36.5 36.2 35.7 35.4 35.3 34.8 34.5 34.3 33.6 33.5 33 32.5 32.4 32.1 31.9 31.5 31.2 31.1 30.8 30.5 30.2 30.1 30.8 30.7 30.5 29.5 29.2 29.1 28.8 28.8 28.8 28.5 28.5 28.5 28.4 28.3 28.3 28.3 28.3 27.6 27.6 27.8 27.8 27.7 27.7 27.8 27.8 27.7 27.9 27.9 28 28.1 27.9
43.3 42.8 41.6 41 40.5 40.4 39.9 39.5 38.9 38 37.9 37.9 37.5 37.1 36.8 36.5 36 35.5 35.3 34.7 34.3 34.1 34.1 33.8 33.3 33 32.7 32.7 32.1 32 32.7 32.5 32 31.2 31.2 30.9 30.5 30.5 30.4 30.3 30.1 29.9 29.6 29.6 29.4 29.3 29.2 29.2 29.1 28.4 28.4 28.1 28.1 28.1 28 27.9 27.8 27.8 27.8 27.8 27.7 27.6 27.7 27.5 27.5 27.5 27.5 27.5 27.6 27.6 27.6 27.5 27.5 27.6 27.7 27.8
36.1 36.1 35.6 35.5 35.4 35.2 35 34.9 34.7 34.3 34.1 33.8 33.7 33.4 33.5 33.5 33 32.5 32.2 32.2 32.1 31.7 31.6 31.2 30.9 30.8 30.7 30.5 30.5 30.8 30.1 29.3 29.3 29 28.9 28.9 28.7 28.5 28.4 28.3 28.2 28.5 28.3 28.3 28.1 28 28 28 27.9 27.7 27.3 27.1 27 27 26.8 26.8 26.7 26.7 26.8 26.8 26.8 26.7 26.4 26.4 26.7 26.7 26.5 26.4 26.6 26.8 26.7 26.7 26.7 26.6 26.8 26.8
30.8 30.7 30.5 30.6 30.5 30.4 30.3 30.1 30 29.6 29.4 29.4 29.4 29.4 29.2 29 28.9 28.8 28.7 28.6 28.6 28.3 28.1 28.2 28.1 28 27.9 27.8 27.8 27.7 27.5 27.3 27.1 27.2 27.2 26.9 26.7 26.5 26.5 26.3 26.2 26.1 26.3 26.2 26.3 26.2 26.2 26.4 26 25.9 25.9 25.8 25.8 25.6 25.5 25 25 25 25 25 25 24.9 24.9 24.8 24.7 24.7 24.7 24.8 24.7 24.6 24.6 24.6 24.6 24.7 24.8 24.9
26.1 26 25.9 25.8 25.5 25.6 25.8 25.7 25.7 25.5 25.3 25.1 25.1 25.1 25 24.9 25 25 24.9 24.9 24.8 24.5 24.4 24.4 24.4 24.4 24.5 24.3 24.1 24 24 24 24 23.9 23.5 23.4 23.3 23.5 23.4 23.7 23.4 23.4 23.4 23.2 23.2 23.1 23 22.6 22.7 22.6 22.6 22.6 22.5 22.5 22.4 22.3 22.3 22.4 22.4 22.3 22.3 22.3 22.3 22.2 22.2 22.1 22.2 22.2 22.2 22.3 22.2 22.2 22.2 22.1 22.2 22.2
