datasets/global_precipitation_1950_2017/rasters/precip_2011-total.asc
NCOLS 720 
NROWS 347 
XLLCORNER -180 
YLLCORNER -90 
CELLSIZE 0.5 
NODATA_value -9999 
[rows 34 to 67 of 347, columns 532 to 607 of 720]
582.2 586.4 588 595.2 597.3 590.7 576.8 558.8 541.7 527.2 512.1 495.5 480.9 470.4 460.8 454.4 450.1 441.2 431.3 416.1 399 378.5 356 336.3 324.6 314.2 309.6 304.5 301.8 299.7 299.7 300.4 301.3 302.4 303.6 302.1 301.7 297.6 295.3 287.1 282.1 274.6 266.7 259.5 254.6 249.1 245.2 242.9 239.4 238.4 239.2 240 241 241.7 240.4 239.5 234.5 242.7 246.5 251.9 258.4 266.4 274 283.4 293.7 305.1 317.3 332.9 348.1 363.7 380.2 394.9 406.7 417 421.8 423.1
600.9 619 638.5 667.4 645.7 609.8 564.2 519.4 496.8 503.6 510.5 509.4 500 493 483.3 473.6 461.7 445.5 426 404.8 381.6 357.5 338.5 322.3 311.1 302.8 299.9 299.3 302.8 307.2 312.1 316.2 320.1 324.5 325.5 327 327.8 326 321.6 313.5 303.8 297.1 285.9 276.8 269.5 262.5 257.1 254 252.7 248.4 245.7 245.5 245.3 243.7 243.3 242.3 242.6 244.5 247.5 252.1 257.6 263 269.6 277.6 286.3 296.3 308.9 323.8 337.6 350.2 359.7 369.7 377 384.6 387.7 387.7
628.9 643.5 647.9 648.5 644 626.7 594.2 560.3 539.8 532.6 530.8 524.9 517.5 509.9 501.7 491.7 479.3 456.5 434.7 407.7 380.5 354.8 330 305.1 286.4 275 279.1 289.8 301.5 311 318.2 325.3 332.1 337.7 341.6 344.9 348.4 350.1 347.8 340.4 332.2 324.1 315.2 306.6 298.4 289.8 284.2 278.4 271.6 267.4 263.4 261.2 259.2 257.5 254.8 252.6 252.1 252.1 252.8 253.2 255.5 257.8 261.4 266.4 272.4 280 288.7 299.6 310.2 322.5 331.3 339.3 345.3 349.8 353.2 351.5
654.6 663 666.1 664.7 657.1 644.3 628.5 609 588.3 569.5 555.6 540.7 529.2 523.2 518.7 512.3 499.5 477.9 452 420.4 391 363.4 338 312.7 288.5 275.3 282.2 297.9 309.2 316.8 323.6 331 339.2 348.1 355.6 361.7 366.3 367.8 366.5 360.7 354.9 346.7 340.4 335.1 328.3 320.1 312.4 305.9 300.5 292.8 288 285.6 281.4 278.1 273.5 269.2 265 260.3 256.6 253.8 249.6 247.4 249.2 254.3 261.2 270.3 278.5 287.1 294.5 301.4 309.9 313.6 317.5 318.8 319.1 320.6
664.4 682.8 704.6 708.5 690.2 663.4 639 623.5 604.1 583.5 563.1 546.1 536.7 530.7 526.3 521.2 511.6 490.2 459 425.7 396.5 373 354.5 337.8 322.8 315.1 314 317.8 318 321.6 328.2 338.3 350.6 364.6 377 386.2 391 388.9 383.7 375.5 365.7 357.3 350.6 344.7 339 331.1 324.6 318.6 314.6 311.9 308 305.2 299.1 294.4 290.4 284.8 278.1 269 260.2 252.7 244.3 238.6 242.5 251.7 262.1 272.8 282.3 290.2 297.3 303.3 308.6 311.7 310.5 307.2 302.7 298.3
660.3 679 689.1 688.5 675.2 654.6 635 618.5 601.7 585.9 570.6 558.2 547.2 537.7 528 518.6 503.2 481.7 451.8 419.7 392.6 374.3 362.1 349 338 329 324.5 322.9 323.8 328.1 335.4 347.9 364.2 383.1 402.6 417.6 420.9 409.2 394.4 380 366.5 354.8 345.5 338.7 332 326.7 321.6 317.4 314.7 312 311 309.7 309.1 304.1 298.1 290.1 284.4 278.5 268.5 260.1 255.1 254.6 262.1 273.2 284.7 290.5 294.1 297.8 302.5 308.4 313.4 316.6 312.4 306.9 300.1 292.6
648.8 670.9 691.7 700.6 653.9 641.4 620.8 600.7 588.1 583.3 583.2 583.5 577.4 564.7 549 530.3 508.9 483.3 457.2 433.8 412.7 394.5 377.6 364.7 348.9 340.2 333.3 330.4 329.2 330.7 337.6 350.1 365.6 383.7 399.1 408.3 408.5 399.8 386.1 370.6 357 345.4 336.4 328.4 322.1 317.4 315.1 312.6 309.6 307.6 307.8 310.7 319 317.5 291.6 278 280.8 278.6 272.5 262.7 257.4 259.3 272.8 293.4 311.6 310.7 306 304.2 305.2 308 310.4 310.9 309.2 306.4 300.6 297
608.2 618.6 641.4 643.5 620.1 581.1 555 554.3 565.1 580.9 599.9 618 623.6 614.5 584.9 560 529.5 500.3 476.1 456.3 440.3 426.1 411.2 396.3 374.5 355 344.9 335.9 329.7 327.3 331.5 342.5 355.7 365.6 372.9 376.7 377 372.6 365.2 355.5 346.8 337.6 329.5 323 318.7 316.4 313.8 309.3 301.4 291.9 288 295.6 306.8 310 293.7 276.4 272.3 273.4 268.8 255.6 237.7 221.9 238.3 266 285.5 297.2 306.1 312.8 314.6 313.8 312.3 312.1 309.1 306 301.9 298
566.3 563.5 568.7 565.5 543.5 509.9 502.3 523.3 549.6 574.6 604.9 631.9 645.4 635.8 611 578.7 538.6 503.5 483.7 468 457.2 452.9 442 426 407 379.4 362.7 350.6 343.1 341.6 343.9 350.9 357.6 362.9 364.6 364.9 362.8 359.3 354.4 347.9 341 333.8 328.1 323.5 320.4 317.9 314.7 309.1 301.6 292.9 286.8 290.8 295.2 293.8 284.5 275.6 278.5 285 284.7 277.9 268.9 263.6 270 278.8 284.7 294.7 309.5 323.3 326 321.8 318.6 316 313.4 311.1 307 302.1
547.4 537.8 535.3 533.8 531.9 531.1 538.6 545.5 541.6 560.3 582.6 613.4 638.1 651.7 651.3 625.9 583.1 538 505.2 481.4 460.9 451.3 439.1 429.1 409.8 393.6 377.3 365.8 360.3 359.2 360.9 362.7 365.2 367.4 368.2 366.3 363.3 357.6 351.2 344.6 336.9 330 323.9 319.6 319.4 320.1 319.5 317.5 313.8 310.3 307.7 307.7 310.2 310.8 313.8 317 324.8 327.1 323.6 314 304 295.4 291 290.3 293.1 298.2 304.6 311.7 316.3 319.8 321.3 321.8 322.8 322.3 321.5 320.3
553.1 532 522.1 521.4 525.2 527.5 523.2 518.2 537 547.7 561.6 591.3 649.6 729.9 792.1 781.2 718.1 653 588.9 533.8 488.1 445.8 419.1 405.1 397.2 389.8 382.9 377.2 371.7 370.5 369.6 369.7 370.1 369.4 367.9 365.9 360.7 355.5 348.4 341.2 335.9 332.9 330.5 331.5 336.1 335.5 335.3 334.3 333.8 332.2 333.4 338 341.1 346.1 349 352 355.4 358 358.2 354.3 343.1 330.2 320.8 312.5 305.7 299.3 296.8 302.2 313.9 324.2 332 336.4 337.9 338.6 340.3 341.2
571.6 531.5 506.2 494.5 494.6 510 534.1 543.2 544.4 536.6 535.5 582.4 680.2 832.8 952.1 930.8 851.8 764.7 682.4 597.7 523.7 457.2 408 386 386.8 388 386.2 380.8 375.3 372.8 375.5 378 378.7 373.9 366.4 363.1 357.3 350.5 343 337.8 335.6 336.6 340.7 345.2 348.9 352.7 356.7 361.2 370.5 379.7 393 403.6 406.7 404.1 398.4 391.7 387.2 386.6 385 379 369 357.6 347.8 335.2 323 310.3 305.3 315.9 331.3 342.8 351.6 359.6 366.4 370.9 377.4 378.4
567.3 522.1 489.3 466.9 453.7 479.7 527.7 569.2 595.5 582.1 587.6 645.3 743.9 961.5 1056.8 970.5 886.4 816.6 722 623.6 534.9 474.4 435.2 413.7 406.2 401.9 392.9 380.4 371.2 369.1 371.8 379.4 382.9 368.8 352.7 344.7 341.6 338 332.9 329.6 331.4 334.1 337 342.3 364.6 376.7 385.5 398.9 416.1 438.3 457.2 471.2 474.1 467.8 458.4 444.1 427.4 413.1 401.3 393 384.6 377.8 372.3 366 359.2 353.3 351.4 354.2 361.9 372.5 384.9 400.9 415.7 428.2 439.3 447.9
535.5 504.4 484.3 475.9 477.1 493.4 529.1 566.7 589.5 617.7 664 702.4 753.5 804.1 771.5 761.7 772.9 726.8 648.5 585.1 505.1 455 420.6 403.2 390.1 381.9 374.1 364.5 356 349.5 347.6 346 340.8 327.4 315.3 322.3 330.7 330.4 328.2 326.2 329.4 333.2 341.8 356.2 377.3 391.9 411.4 434.3 458.9 484 503.5 513.1 508.9 505.4 508.1 499.4 481.5 454.7 428.9 404.8 396.7 392 391.5 391.3 388.8 387.6 391.6 397.4 408.4 422.1 440.1 456.2 474 490.8 511.2 529.2
496.6 485.2 477.5 471.2 453.2 443.4 469.5 516.5 564.1 604.8 636.5 644.5 644 643.8 644.1 644 632.5 591.4 538.5 491.6 449.5 415.9 390.6 374 366.6 358.4 351.2 343.9 331.6 319.5 315.4 320.1 327.3 329.7 332.4 336.2 327.8 325 322.5 322.7 320.6 319.4 322.2 340.1 364.4 392.4 428.7 460.7 485.3 506.2 521.2 533.7 536.3 544.4 555.6 545.5 519.8 483.1 446.5 424.6 408.1 403.5 403.4 403.2 404 410.2 421.1 436.7 454.7 478 501.1 516.5 521.3 534.9 562.4 591.2
477.5 483.5 475.9 484.1 389 303.2 453.9 501.3 512 526.5 526.7 505.3 490.2 494.9 506 509.2 495.1 470.4 445.4 426 407.3 388.4 375.1 368.3 359.1 343.8 337 330.5 322.1 310.3 307.2 316.7 329.4 341.3 347.5 344.9 335.9 320.2 313 311 302 283.4 278.8 314.9 355.6 395.2 440.8 483.8 491.3 493 502.2 521.9 554.3 602.2 581.2 535.5 506.1 481 452.3 425.8 412.6 408.2 403.9 402 404.6 413.6 431.6 451.8 471.3 494.4 512.6 521.8 528.2 549.4 588.2 633.4
448.9 455.4 443.9 422.6 404 443.5 541.7 527.9 502.9 490.1 474.9 457.5 450.8 457.1 462.8 461.5 469.2 417.3 414.6 406.5 396.6 389.5 390 387.3 372.4 350.4 330.6 320 313.2 310 313.4 321.4 333.7 345.2 345 344.3 339.3 331.3 310.1 307.4 304.1 304.6 308.1 318.9 341.4 384.3 396.6 433.6 449.3 463.1 475.4 484.8 496.1 512 508.6 492.7 454.1 480.4 464.6 429.5 412.8 404.3 390.8 382.2 383.2 391.3 410.2 429.9 449.6 469.9 484 495.7 517.6 553.7 595.4 634.4
406.5 414.2 412 406.5 412.4 441 475 486.9 485.4 477.6 468.5 460.7 455.2 454.1 428.8 417.3 401.6 388.5 373.6 366 371.2 383.1 380.1 370.7 356.5 330.8 307.5 296.3 290.9 289.6 295.4 297.5 301.2 305.1 316.3 336.6 356.1 365.2 366.5 361.1 352.5 332.2 324.5 329 327.6 297.3 324.4 362.5 389.7 410 419.5 429.3 459.3 486 504.7 524.6 541.2 529.3 496.6 462.4 421.2 390.5 367.1 356.5 362.2 370.6 383.1 400.2 418.2 443.2 461.5 478.2 501.4 546.3 586.5 609.9
393.5 394.9 394.3 392.1 391.2 413.7 453.8 452.4 449.2 454.7 457.9 463.8 481.5 490.4 469 396.9 325 291 256.1 309 336.6 354.5 364 366.3 356.5 334 310.5 290.1 274.1 262.6 256.5 259.6 294.6 298 309.7 339.7 377.9 400.3 426 452.6 421.4 356.1 324.4 329.1 321.9 313.5 314.3 325.4 346.8 369.2 390.1 424.4 454.9 477.1 491.6 497.4 496.7 490.4 476.6 453.3 414.9 389.1 374.6 369.3 365.1 362.3 369.2 381.7 400.7 425.5 450.2 468.8 493.3 525.6 561.3 584.8
416.5 405.2 402.6 403.6 409.6 415.5 417.2 412.1 407.6 417.9 436.5 449.4 450.3 473.2 482.9 405.3 344.4 327.9 339.5 339.3 350.2 363.9 376.5 389.5 389 374.1 345.1 301.2 261.5 244.2 235.1 230.1 247.2 261.1 285.9 318 359.5 413.3 465.5 494.3 437.3 400.1 380.5 366.4 352.2 331.2 303 284 280.8 298 343.3 390.5 433.3 456.1 460.2 451.8 442.1 431.4 419.8 405.4 398.6 389.5 385.1 379.2 375.9 365.5 370.6 382.4 402 426.7 445.2 455.5 471.8 501.8 536.4 567.2
385.9 411.9 423.3 410.6 428.4 437 426 417.8 350.4 350.5 441 498.1 461.7 347.6 379.8 370 359.3 363.5 396.8 334.5 388.9 402 435.6 411.6 395.1 383.5 354.7 300 250.2 231 227.9 238.3 226.8 203 236.5 287.2 335.2 388.4 430.1 442.5 409.9 394.7 389.2 383.1 355.3 317.8 280.4 248.6 227.7 232.4 265.1 314.9 373.8 405.5 417.4 415 409.2 404.7 386 374.9 380.8 391.3 394.4 390.7 384.7 376.7 366.5 370.2 395.4 422.5 439.1 448.1 461.9 490.9 520.7 542.6
434.3 439.7 463 447.4 332.8 396.3 411.4 378.8 353.6 357.8 387.7 417.4 414.9 401.2 379.4 339.2 391.4 300.9 391.5 400.7 398.6 410.4 411.9 396.6 385.5 376 336.1 274.6 230.5 213 204.8 215.8 225.5 228 248.3 284.6 318.8 361.6 396.8 434.5 415 393.2 372.2 356 335.7 307.8 278.3 184.4 168.3 210 255.1 305.2 354.3 391.4 415.5 419.7 398.7 365.3 327.8 338.5 378.4 403.1 412.3 407 399.1 388.2 374.8 383.5 415 436.4 442.3 445.4 455.5 485.7 517.9 528.4
415.7 485.4 651.6 830.5 756.2 719.4 550.2 338.6 323.3 314.6 304.7 349.2 382.7 415.4 457.4 335.8 370.4 471.6 455.6 429.5 429.3 436.5 433.9 419.3 404.2 391.9 361.2 295 211.9 102.9 201.6 219.5 231.4 241.3 262.7 299.3 340.5 376 398.8 398.8 385.9 375.7 370.3 357.3 347.1 318.4 287.4 271.2 251.4 250.2 268.8 301.7 335.5 362.6 382.8 390.3 372.4 353.3 351.3 379.4 426 459 443.3 427.3 424.6 432.3 440.3 444.6 454.2 456.9 452.5 447 446.1 474.3 508.5 517.5
406.3 440.4 543.5 759.1 1070.2 1401.9 921 469.9 348.7 306 290.6 306.6 357.4 452.9 490.1 438.1 427.7 448.3 457.5 469.5 491.8 506.6 497.9 467.4 436.4 418.2 399.4 349.3 292.2 287.6 265.7 251.5 246 254.3 272.4 301.5 327.2 354.6 400.2 375.9 353.5 336.5 337.7 351.2 340.8 327.7 323.4 307.4 272.8 263.3 271.9 292.5 312.2 322.9 318.7 296.7 299.6 311.1 335.3 366.7 392.8 409.9 420.9 431.2 452.6 476.4 497 500.2 483.9 462 442.6 415.7 395.9 409.8 448.6 483.6
322.6 340.9 397 538.1 724.6 736.1 627.2 515.2 358.3 297.2 273.6 299.5 324.1 411.9 546.3 564.7 543 554.5 550.9 528.6 525.8 541.5 538.2 507.2 471.7 443.2 411.8 386.6 384.6 359.1 305.6 257.2 258.7 247.4 251.2 306.6 347.6 335.7 324.1 310 301.5 297.1 290 289.3 295.7 307.2 361.4 349.1 202.8 224.9 271.1 312.2 311.2 289.3 265.9 251.2 260.4 267.2 285.4 321.4 343.7 358.3 383.3 412.4 443.2 477.9 508.8 528.5 505.5 455.1 417.5 397.7 380.1 366.3 387.3 454.3
357.5 332.4 365.1 477.6 553.5 584 567.3 448.8 215.1 262.7 264.1 316.8 336.1 321.7 421.5 507.9 557.6 603.7 621.1 571.9 519.1 499 496.9 482.6 458.4 447.3 423 395.6 375.1 354.7 327 320.8 314.4 282.3 274.4 312.8 374.1 341.9 295.8 279.8 272.7 250.5 235.3 246.2 265.7 272.4 298.2 301 284.2 262.4 259.8 270.2 277 273.4 258.3 261.6 266.4 271.6 288.2 300.6 314.2 336.1 365.2 394.5 420.2 449.6 492.2 519.5 497.1 448.3 404.1 379.6 358.7 345.9 347.6 351.6
420.9 473.9 533.6 540.3 550.4 570.5 497.7 438.4 351.7 314.5 331.7 352.5 384.4 356 511.1 588.5 655 674.4 611.9 512.8 441.6 418.7 433.4 453.9 474.5 441.6 401.9 368.2 351.2 352.1 353.3 344.2 310.8 262.8 256.5 265.6 278.4 274.5 276 215.6 217.7 172.3 176.9 184.1 266.1 238.8 293.2 297.6 291 269 232.6 218.7 260.3 298 304.3 306.1 282.8 276.4 283.4 285.9 294 317.8 360.2 390.5 406.8 420.9 424.9 447.2 446.4 429.2 407.5 374.8 369.5 375.9 336.3 267.3
521.1 623.4 714.4 626.7 541.7 518.4 483.7 365.8 342.5 323 324.9 354.4 391.6 551.8 997.5 648.2 579.1 552.7 450.5 342.1 291.3 318.7 356.5 390.8 402 376.8 334.5 296.9 303.5 335 363.6 384.4 366.4 305.8 283.1 305.3 288.3 257.7 266.4 256.2 221.5 196.6 204.4 230.3 266.3 281.9 287 280.6 260.2 255.9 229.6 220.9 235 256.1 265.7 268.3 253.9 238 237.4 252.9 273.6 293.2 334.9 373.1 387.4 396.3 388.9 392.6 394.3 397.7 405.1 411.7 435.9 431.6 366.1 314.1
468.6 531.4 522.4 635.9 699.1 621.3 529.1 418.4 338.8 303.5 301.6 319 365.7 264.4 265.2 276.3 287.6 308.7 298.5 264.6 253.4 266.8 300.7 323.8 330.8 315.5 290.7 286 304.1 345.2 368 374.6 432.6 499.8 401.6 363.5 408.5 344.5 273.2 268.1 209.8 243.8 211.9 200.5 211.4 232.1 229.7 195.7 226.8 234.7 225.1 221.8 213.8 201.9 246.6 252.7 233.7 215.9 220.7 231.9 244.4 280.6 344.5 387.4 373.1 363.2 362.4 365.9 368.8 373.3 390 417.7 433.4 419.8 390.6 369.8
465.6 504.5 592.1 621 571.1 557.1 462.7 304.2 230.7 236.5 254 264.7 267.7 269.2 270.1 261.9 227.6 227.1 279.5 288.3 279.2 273.4 270.4 264.3 258.5 250.7 251 260.9 287.8 305.7 324.2 353.4 337.6 404.5 488.8 368.8 426.3 529.2 547.4 545.4 437.1 267.9 136.2 169.7 203.3 233.8 236.5 224.6 215.7 211.2 222.9 243.7 232.5 223.3 242.1 243.1 222.7 189.6 213.8 220.8 226 255.8 309.9 334.8 338.5 334.2 334.6 338.4 344.7 357.5 381.8 406.3 422.6 425.9 420.5 408.2
363.6 402.2 429.4 373.5 401.7 384.6 284.5 221 220.3 233.6 255.7 279.9 284.3 287.5 287.3 300.6 336.2 340.6 308.3 299.8 283.8 275.3 267.5 252 234.9 225.6 213 210.1 237.5 270.6 305.7 344.3 385 465.4 599.6 655.1 575.5 580.1 573.6 497.8 331.6 178.4 198.4 197.4 232.5 281 269.7 250.7 243.1 219 208.8 200.3 242 250.3 236 223.8 236.2 235.5 220.3 211.6 218 247.5 295.2 325.1 314.9 312.9 324.3 332.9 347.7 375.8 403.5 422.6 437.8 446.9 450 440.3
258 323.7 337 325.8 305.4 230.2 185.4 183.1 187.7 187.1 204.3 218 224.9 241.7 260.1 267.1 279.7 266.4 244.2 246 249 257.7 268 260.6 242 226.7 216.3 213.2 218.9 231.9 265.5 323 377.6 399.4 448.2 468.2 438.1 378.7 275.9 286.7 274.5 239.5 243.6 240.9 230.4 242.9 256.3 259 272 252.5 227.6 196.5 207.3 230.4 243.3 242.6 230.2 217.6 202.3 201.6 207.3 230.5 274 303.1 297.9 295.3 311.2 322.1 353.3 397.5 431.9 448.5 459.2 465.4 465.9 455.1
373.6 351 331.5 270.4 175.5 111.4 109.6 118.1 104.5 108.1 122.2 115.7 112.3 124.7 159.2 192.4 200.3 188.5 223.8 210.8 207.6 220.7 240.4 246.9 237.1 223.6 214.3 211.9 210.2 214.4 239.9 288.5 324.9 353 385.1 396.1 379 355.8 303.6 285.9 305.3 288.1 255 241.6 236.5 232.6 256.3 286 285.2 276.9 284.6 230.8 193.4 207.6 266.8 260 229.6 216.7 210.9 213.1 213.6 231.5 275 288.1 284.9 291.2 261.1 291 335.4 400 449.3 471.8 469.4 475 474.5 464.7
382.9 389.4 348.3 246.8 135.9 101.5 91.8 95.1 93.5 94.4 90.4 75.6 70.9 92.3 126.9 162.3 183.1 185.4 180.7 151.2 145.6 169.8 198.2 212.4 215.6 212.2 203.9 191.6 181.6 198.7 233.4 263.5 269.4 276.3 297.5 313.8 321.9 316.2 287.5 267.6 255.6 240.3 230.3 210.6 254.9 277.1 269.4 277.8 278.2 265.6 254 195.8 163.5 143.9 179.2 200.2 190 194.2 211 225.8 241.5 291.7 408.8 290.9 245.8 270.6 297.9 315.9 334.4 373 414.8 444.2 463.1 479.5 500.1 504.3
