datasets/global_precipitation_1950_2017/rasters/precip_2010-total.asc
NCOLS 720 
NROWS 347 
XLLCORNER -180 
YLLCORNER -90 
CELLSIZE 0.5 
NODATA_value -9999 
[rows 306 to 339 of 347, columns 76 to 151 of 720]
-9999 -9999 -9999 -9999 -9999 -9999 -9999 -9999 -9999 -9999 -9999 -9999 -9999 -9999 -9999 -9999 -9999 -9999 -9999 -9999 -9999 -9999 -9999 -9999 -9999 -9999 -9999 -9999 -9999 -9999 -9999 -9999 -9999 -9999 -9999 -9999 -9999 -9999 -9999 -9999 -9999 -9999 -9999 -9999 -9999 -9999 -9999 -9999 -9999 -9999 -9999 -9999 -9999 -9999 -9999 -9999 -9999 -9999 -9999 -9999 -9999 -9999 -9999 -9999 -9999 -9999 -9999 -9999 -9999 -9999 -9999 -9999 -9999 -9999 -9999 -9999
-9999 -9999 -9999 -9999 -9999 -9999 -9999 -9999 -9999 -9999 -9999 -9999 -9999 -9999 -9999 -9999 -9999 -9999 -9999 -9999 -9999 -9999 -9999 -9999 -9999 -9999 -9999 -9999 -9999 -9999 -9999 -9999 -9999 -9999 -9999 -9999 -9999 -9999 -9999 -9999 -9999 -9999 -9999 -9999 -9999 -9999 -9999 -9999 -9999 -9999 -9999 -9999 -9999 -9999 -9999 -9999 -9999 -9999 -9999 -9999 -9999 -9999 -9999 -9999 -9999 -9999 -9999 -9999 -9999 -9999 -9999 -9999 -9999 -9999 -9999 -9999
-9999 -9999 -9999 -9999 -9999 -9999 -9999 -9999 -9999 -9999 -9999 -9999 -9999 -9999 -9999 -9999 -9999 -9999 -9999 -9999 -9999 -9999 -9999 -9999 -9999 -9999 -9999 -9999 -9999 -9999 -9999 -9999 -9999 -9999 -9999 -9999 -9999 -9999 -9999 -9999 -9999 -9999 -9999 -9999 -9999 -9999 -9999 -9999 -9999 -9999 -9999 -9999 -9999 -9999 -9999 -9999 -9999 -9999 -9999 -9999 -9999 -9999 -9999 -9999 -9999 -9999 -9999 -9999 -9999 -9999 -9999 -9999 -9999 -9999 -9999 -9999
-9999 -9999 -9999 -9999 -9999 -9999 -9999 -9999 -9999 -9999 -9999 -9999 -9999 -9999 -9999 -9999 -9999 -9999 -9999 -9999 -9999 -9999 -9999 -9999 -9999 -9999 -9999 -9999 -9999 -9999 -9999 -9999 -9999 -9999 -9999 -9999 -9999 -9999 -9999 -9999 -9999 -9999 -9999 -9999 -9999 -9999 -9999 -9999 -9999 -9999 -9999 -9999 -9999 -9999 -9999 -9999 -9999 -9999 -9999 -9999 -9999 -9999 -9999 -9999 -9999 -9999 -9999 -9999 -9999 -9999 -9999 -9999 -9999 -9999 -9999 -9999
-9999 -9999 -9999 -9999 -9999 -9999 -9999 -9999 -9999 -9999 -9999 -9999 -9999 -9999 -9999 -9999 -9999 -9999 -9999 -9999 -9999 -9999 -9999 -9999 -9999 -9999 -9999 -9999 -9999 -9999 -9999 -9999 -9999 -9999 -9999 -9999 -9999 -9999 -9999 -9999 -9999 -9999 -9999 -9999 -9999 -9999 -9999 -9999 -9999 -9999 -9999 -9999 -9999 -9999 -9999 -9999 -9999 -9999 -9999 -9999 -9999 -9999 -9999 -9999 -9999 -9999 -9999 -9999 -9999 -9999 -9999 -9999 -9999 -9999 -9999 -9999
-9999 -9999 -9999 -9999 -9999 -9999 -9999 -9999 -9999 -9999 -9999 -9999 -9999 -9999 -9999 -9999 -9999 -9999 -9999 -9999 -9999 -9999 -9999 -9999 -9999 -9999 -9999 -9999 -9999 -9999 -9999 -9999 -9999 -9999 -9999 -9999 -9999 -9999 -9999 -9999 -9999 -9999 -9999 -9999 -9999 -9999 -9999 -9999 -9999 -9999 -9999 -9999 -9999 -9999 -9999 -9999 -9999 -9999 -9999 -9999 -9999 -9999 -9999 -9999 -9999 -9999 -9999 -9999 -9999 -9999 -9999 -9999 -9999 -9999 -9999 -9999
-9999 -9999 -9999 -9999 -9999 -9999 -9999 -9999 -9999 -9999 -9999 -9999 -9999 -9999 -9999 -9999 -9999 -9999 -9999 -9999 -9999 -9999 -9999 -9999 -9999 -9999 -9999 -9999 -9999 -9999 -9999 -9999 -9999 -9999 -9999 -9999 -9999 -9999 -9999 -9999 -9999 -9999 -9999 -9999 -9999 -9999 -9999 -9999 -9999 -9999 -9999 -9999 -9999 -9999 -9999 -9999 -9999 -9999 -9999 -9999 -9999 -9999 -9999 -9999 -9999 -9999 -9999 -9999 -9999 -9999 -9999 -9999 -9999 -9999 -9999 -9999
-9999 -9999 -9999 -9999 -9999 -9999 -9999 -9999 -9999 -9999 -9999 -9999 -9999 -9999 -9999 -9999 -9999 -9999 -9999 -9999 -9999 -9999 -9999 -9999 -9999 -9999 -9999 -9999 -9999 -9999 -9999 -9999 -9999 -9999 -9999 -9999 -9999 -9999 -9999 -9999 -9999 -9999 -9999 -9999 -9999 -9999 -9999 -9999 -9999 -9999 -9999 -9999 -9999 -9999 -9999 -9999 -9999 -9999 -9999 -9999 -9999 -9999 -9999 -9999 -9999 -9999 -9999 -9999 -9999 -9999 -9999 -9999 -9999 -9999 -9999 -9999
-9999 -9999 -9999 -9999 -9999 -9999 -9999 -9999 -9999 -9999 -9999 -9999 -9999 -9999 -9999 -9999 -9999 -9999 -9999 -9999 -9999 -9999 -9999 -9999 -9999 -9999 -9999 -9999 -9999 -9999 -9999 437.6 439.1 -9999 -9999 -9999 -9999 -9999 460.6 466.7 -9999 -9999 -9999 -9999 -9999 -9999 -9999 -9999 -9999 -9999 -9999 -9999 -9999 -9999 -9999 -9999 -9999 -9999 -9999 -9999 -9999 -9999 -9999 -9999 -9999 -9999 -9999 -9999 -9999 -9999 -9999 -9999 -9999 -9999 -9999 -9999
-9999 -9999 -9999 -9999 -9999 -9999 -9999 -9999 -9999 -9999 -9999 -9999 -9999 -9999 -9999 -9999 -9999 -9999 -9999 -9999 -9999 -9999 -9999 -9999 -9999 -9999 -9999 -9999 -9999 -9999 -9999 -9999 -9999 -9999 -9999 450.2 454.4 -9999 465.1 471.7 478.5 484.6 491.4 -9999 -9999 -9999 -9999 -9999 -9999 -9999 -9999 -9999 -9999 -9999 569.2 572.2 -9999 -9999 -9999 -9999 586.8 589.2 -9999 -9999 -9999 -9999 -9999 -9999 -9999 -9999 -9999 -9999 -9999 -9999 -9999 -9999
-9999 -9999 -9999 -9999 -9999 -9999 -9999 -9999 -9999 -9999 -9999 423 423.5 424.2 424.7 425.5 -9999 -9999 -9999 -9999 -9999 -9999 -9999 -9999 -9999 -9999 -9999 -9999 433.5 434.1 435.2 -9999 -9999 441.3 444.1 446.9 450.7 454.6 460.5 466.2 471.4 476.5 481.5 487.3 494 503 512.7 522.1 528 532.1 536.3 540.7 545.1 553.1 559 565.5 571.8 577.5 -9999 -9999 -9999 589.3 592.9 598 -9999 -9999 -9999 -9999 -9999 -9999 -9999 -9999 -9999 -9999 -9999 -9999
-9999 -9999 -9999 -9999 422.1 422 422.5 422.7 422.7 423.3 423.8 424 424.3 424.5 425.1 425.3 425.1 425.2 424.8 424.8 424.2 425.6 426.1 426.8 426.7 426.2 424.6 423 421.4 420.4 421.4 422.3 423.8 426.3 428 429.5 431.8 434 435.7 440.8 444.3 447.7 451.9 456.1 462.4 471.2 480.5 489.9 500 489.2 498.7 508.5 519.2 524.9 531.5 540.3 549 557.1 565 551.2 559.2 -9999 579.3 582.7 587.2 591 597.5 -9999 -9999 -9999 -9999 -9999 -9999 625.2 625.9 624.4
422.9 423.1 422.9 423.2 423.1 423 422.8 423 422.8 422.7 422 422.3 421.7 422.1 421.9 420.3 418.6 418.6 417.5 415.5 412.9 410 410.5 406.2 404.8 403.9 396.4 398.4 394.2 390.4 386.7 386 386 386.2 386.2 385.5 386 387 388.9 391.9 393.5 400.5 403.6 406.9 410.5 416.2 423.9 431.8 441 448.1 453 461.2 468.8 473.2 477.8 484.7 494.3 504.3 514.1 521 525.2 529.5 533.6 537.7 544.5 550 561.5 569.5 577.7 582.3 583.8 584.5 584.6 583.7 584.9 585
420.9 421.6 420.8 420.3 419.1 418.4 416.8 415.2 413.5 412.1 411.4 410.8 410.5 409.1 406.9 403.1 398.7 394.4 389.4 386.2 383.7 375.7 377.5 371.2 365.2 359.2 353.7 350.7 342.7 341.6 336.4 332.5 329.6 327.9 325.9 324.7 324.2 324.3 325.2 326.8 328.7 331.2 334.4 338.5 342.7 347.2 351.8 357.5 363.9 371.2 378.8 387.3 395.3 400.7 406.2 411.5 416.9 426.1 435.7 443.3 448.6 453.8 460.6 470.8 469.9 484.6 488.2 497.3 506.2 512 513.9 515.3 515.5 515.3 517.5 521.8
407 407.8 407.9 401.6 400.1 399.3 399.6 396.4 390.1 389.8 385.4 382.2 377.3 371.8 367 362.9 358.3 352.8 344.9 339 334.4 326.6 320.7 315.3 309.2 302.7 296.6 290.6 285.4 279.2 275 271.2 268 266 263.5 260.5 258.4 257.2 256 255.6 255.9 257 261.4 262.5 265.7 270.1 274.7 278.1 285.8 288.1 294.1 300.7 308 314.7 321.9 328.8 335.5 342.3 348.5 355.9 364.1 373 381.9 391.3 398.6 404.2 409.7 414 418.3 424.1 432.3 440.6 448.5 430.3 433 456.7
373.5 374.6 372.5 363.8 364.5 361.9 357.2 351.9 346.4 342 336.5 331.2 325.1 316.3 311.8 304.5 297.7 291.1 284.7 278.5 271.6 265.4 258.9 252.8 246.5 241.2 235.2 231.3 227.5 224.1 218.6 211.1 208 206.3 205.2 197.8 197.3 196.7 193.6 192.6 193.2 194.5 196.8 199.3 198.9 199.4 201.8 203.8 205.8 209.8 215.2 221.5 228.1 234.2 239.8 245 251.4 258.7 265.3 271.4 277.5 284 290.2 296.6 303.3 310.1 316.4 321.8 326.6 330.6 336.3 342.4 348.7 354.7 358.8 361.3
326.9 323.7 320.5 316.2 311.5 306.2 300.5 294.5 289.4 283.1 276.8 270.7 264 257.7 251.6 244.7 238.5 232.6 225.8 223.6 216.7 211.6 205.8 203.1 199.8 189.8 185.6 181.4 177 172.7 167.5 163.7 162 159.9 157.2 154.2 152.5 149.9 148.4 146 142.8 144.6 140.3 136.5 144.4 145.8 145.6 143.9 146 147.8 151.8 156.3 160.9 165.8 170.1 173.7 177.4 181.5 186.6 192.2 195.1 201.2 207.2 213.3 218.5 222.8 227.3 232 237.4 242.7 247.9 252.4 256.8 261 265 268.2
276.3 271.9 267.5 262.8 258.3 251.6 243.8 236.3 227.8 223.6 219.1 214.9 211 207.4 204.9 199 194.5 189.7 185.1 179.9 175.6 170.7 166.3 161.6 159.6 155 152.3 147.9 144.8 140.1 135.5 130.3 125.7 126.5 122.6 117.7 111.4 108.9 108 103.5 101.8 96.1 94.3 92.9 91.3 89.3 91.3 89.5 91.2 93.1 95.1 96.2 99.7 102.2 103.5 104.7 109.2 109.2 114.4 118.8 124.7 129.3 135.8 141.2 145.9 149.4 153.7 157.1 166.9 171.1 169 177.3 180.4 183.1 186.5 190.6
219.8 215.9 211.6 207.8 203.5 199.7 195.1 186.6 178.1 175.4 173 170 167.5 165.1 160.6 153.6 160.7 149.1 147.4 145.5 143.1 141.4 139.4 135.9 131.9 127.9 124.3 120.5 119.9 115 111.9 107.9 102.2 102.3 96.1 91.4 87.6 83.7 79.9 75 71.9 67.3 63.1 62.3 56.2 54 51.7 48.8 50 48.7 47.4 46.8 46.1 45.1 45 46.8 49.5 52.9 56.9 60.6 63.6 66.7 75.1 75.5 81.4 87.5 91.8 95.3 105 110.5 107.9 112.6 117 121.8 125.4 130.9
169.8 166.1 161.9 158.5 155.2 151.8 149.2 146.6 141.9 141.2 139.2 137.2 135.5 133.7 130.1 124.7 119.2 114.4 114.4 113.2 112 110.9 109.7 108 107.1 105.1 103.4 102 100.2 98.1 95.5 92.5 90.1 86.9 83 79.7 76.1 72.3 68.1 64.5 58.9 53.6 48.1 42.1 36.4 30 25.1 20.3 16.4 13.2 10.8 8.2 7.1 8.5 8.2 10.1 11.2 12.5 16.7 19.4 19.9 24.5 27.9 34 39 39 46.4 49.5 53.2 58.6 60.9 66.3 71 75.6 79.6 82.3
142 137.6 133.2 129.5 125.4 122.4 119.9 117.2 114.9 111.2 112.2 111.1 109.9 108.5 107.7 103.8 99.7 95.3 91.9 93.1 92.4 91.6 90.9 90.4 89.7 89.1 88 87.2 86.2 85.4 84.4 83.3 81.5 80.3 79 77.4 75.8 73.3 70.5 67.4 63.2 57.7 49.8 38.8 25.5 12.5 4.1 2.9 2.2 2 1.9 1.9 1.6 1.6 1.7 2 2.3 2.7 3.3 4 4.4 5 6.1 8 10.4 12.2 14.4 19.9 22 26.8 30.2 34.4 38.3 41.7 44.9 47.9
124.1 119.5 115.3 111.6 108 105 102.1 99.5 97.5 94.2 89.4 84.9 86.8 86 85.1 84.5 83.9 81 78.2 79.7 79.2 78.7 78.4 77.6 77.1 76.7 76.4 75.8 75.5 74.9 74.1 72.8 71.5 70.5 69.6 68.3 67 64.9 62.8 59.5 55.7 49.9 42.2 31.3 18.2 6.4 3.8 2.1 1.7 1.6 1.6 1.5 1.4 1.4 1.4 1.4 1.4 1.4 1.7 2.1 2.4 2.7 3.2 3.5 3.9 5 5.3 6.3 7.7 9.5 11.2 14.5 16.2 20.2 23.5 27.2
107.7 103.7 99.7 95.9 93.1 89.8 87.3 85 82.9 79.6 75.6 72 68.5 65.2 76.2 72.9 70 67.6 64.9 65.9 65.5 65.1 64.6 64 63.5 62.4 61.5 60.5 59.5 58.6 57.5 56.3 55.3 54.2 52.4 50.6 48.1 46 42.9 39.6 35.7 31.3 26.9 21.9 16.9 11.8 7.8 5.8 4.5 3.3 2.8 2.5 2.1 2 1.8 1.7 1.6 1.6 1.5 1.6 1.8 2.1 2.4 2.7 3 3.5 3.9 4.3 4.8 5.7 6.7 7.7 8.2 10 11.7 16
91.4 87.5 84.1 80 76 72.4 69 66.1 62.8 60.2 57.7 58.8 55.8 52.1 50.5 53.1 52.6 51.3 50.5 46.8 46.8 45.8 44.4 43.1 44.2 44 43.4 42.9 42.2 41.3 40.9 39.5 38.9 37.4 35.5 34 32.4 30.7 28.6 26.5 24 21.2 18.9 16.2 13.2 10.6 9.2 6.9 5.4 4.5 3.8 2.7 2.5 2.2 2 1.9 1.8 1.7 1.6 1.7 1.7 1.8 2 2.2 2.5 2.6 2.9 3.3 3.8 4.5 5.4 6.6 7.2 8.4 9.5 11.4
68.4 65.3 62.2 59.1 56.4 53.9 51.7 49.6 47.6 45.8 43.9 41.5 39.6 38.1 36.2 34.7 33.4 32.1 33.5 32.1 31.4 31 30.3 29.7 28.9 27.9 29.7 29.2 26.7 26.1 25.3 26.4 25.4 23.9 22.6 21.3 21.9 18.8 17.5 16.7 15.1 13.4 12.2 10.8 9.2 8 6.7 5.5 4.8 4.1 3.4 2.7 2.3 1.7 1.8 1.6 1.4 1.4 1.3 1.2 1.3 1.3 1.4 1.5 1.6 1.8 2 2.2 2.3 2.5 2.7 3.2 4.1 4.9 5.6 5.5
49 46.6 43.4 41 38.3 36.3 34.4 32.3 31 29.2 27.6 26.6 25.4 24.1 23.3 22.6 21.6 21.1 20.4 19.5 18.2 17.4 16 19.2 16.5 16.3 16.1 15.7 15.9 15.9 14.6 14.1 13.6 13 12.3 11.7 10.5 10.7 9.2 8.3 7.8 7.2 6.3 5.4 4.9 4.2 3.4 3 2.7 2.1 1.9 1.6 1.2 1 1 0.9 0.8 0.9 0.9 0.8 0.8 0.8 0.8 0.9 0.9 1.1 1.1 1.2 1.3 1.4 2.7 2.6 2.5 2.4 5.6 2.7
38.6 36.1 33.9 31.6 29.8 27.6 25.9 24.3 22.8 21.8 20.9 19.7 18.6 17.7 16.8 15.7 15.1 14.1 13.6 12.7 11.7 10.8 9.9 11.6 10.8 8.5 8.1 7.7 7.5 6.9 7.1 6.3 5.8 5.6 5.1 4.4 3.8 4.1 3 2.7 2.5 2 1.4 1.2 1.1 0.5 0.8 0.6 0.5 0.3 0.3 0.2 0.3 0.2 0.3 0.2 0.2 0.2 0.2 0.2 0.4 0.4 0.4 0.3 0.5 0.4 0.5 0.6 0.7 0.7 0.8 1 1 1.1 1.7 1.2
31.2 29 27.6 25.7 24.3 22.6 21.1 19.6 18.5 17.6 16.7 15.7 14.8 14 13.1 12.2 11.7 10.9 10.2 9.4 8.5 7.5 6.6 7.5 6.9 5.1 4.5 4.3 3.7 3.2 2.7 2.2 1.7 1.4 0.9 0.8 0.4 0.3 0.1 0 0 0 0 0 0 0 0 0 0 0 0 0 0 0 0 0 0 0 0 0 0 0 0 0 0 0 0 0.1 0.1 0.1 0.1 0.2 0.2 0.5 0.3 0.4
24.2 20.9 19.5 18.1 16.6 17.6 14.5 13.8 13.3 12.7 11.7 11 10.5 10 9.4 8.8 8.4 7.8 7.3 6.6 5.7 4.9 4.2 4.7 4.3 3 2.6 2.1 1.8 1.3 0.8 0.6 0.6 0.2 0.1 0.1 0 0 0 0 0 0 0 0 0 0 0 0 0 0 0 0 0 0 0 0 0 0 0 0 0 0.1 0.1 0 0 0 0 0 0.1 0.1 0.1 0.1 0.1 0.2 0.2 0.2
18.5 16 15 13.9 12.9 11.6 10.6 10.2 9.4 8.8 8.3 6.7 6.1 6.5 6 5.3 4.5 4.3 3.9 3.6 3.3 3 2.9 2.7 2.2 1.8 1.2 1.3 1 0.7 0.3 0.2 0.1 0 0.1 0 0 0 0 0 0 0 0 0 0 0 0 0 0 0 0 0 0 0 0 0 0 0 0 0 0.1 0.1 0.1 0 0 0 0.1 0.1 0.1 0.2 0.1 0.1 0.1 0.1 0.1 0.1
14 12.8 11.5 10.6 9.8 8.9 8.3 7.9 7.3 6.9 6.2 5.7 4.7 4.4 3.9 3.5 3.2 2.9 2.7 2.2 2 1.6 1.5 1.4 1 0.8 0.7 0.6 0.4 0.3 0.1 0.3 0.1 0.1 0 0.1 0.1 0 0 0 0 0 0 0 0 0 0 0 0 0 0 0.1 0.1 0.1 0.1 0.1 0.1 0 0 0 0 0 0 0 0 0 0 0 0 0 0 0 0 0 0 0
10.5 9.7 9 8.2 7.5 6.8 7 6.5 5.7 5.2 5 4.6 3.9 3.4 3 3.1 2.8 2.5 2.1 1.9 2 1.6 1.5 1.3 0.7 0.8 0.7 0.5 0.4 0.2 0.3 0.3 0.2 0.1 0.1 0.1 0 0.1 0.1 0 0 0 0 0 0.1 0 0 0 0 0 0 0 0 0 0 0 0 0 0 0 0 0 0 0 0 0 0 0 0 0 0 0 0 0 0 0
8 7.9 7.2 6.8 6.4 5.9 5.8 5.3 5.2 4.7 4.2 4.1 3.9 3.2 3 2.8 2.4 2.4 2.3 1.9 1.6 1.4 1.3 1.1 1.2 1 0.7 0.8 0.6 0.5 0.6 0.4 0.4 0.4 0.2 0.2 0.2 0.1 0.1 0.1 0.1 0 0 0.1 0.1 0.1 0.1 0.1 0.1 0 0 0 0 0 0 0 0 0 0 0 0 0 0 0 0 0 0 0 0 0 0 0 0 0 0 0
6.9 6.4 6.1 5.7 5.3 5 4.9 4.7 4.5 4.4 4.1 3.9 3.7 3.1 2.9 2.7 2.5 2.3 2.4 2.2 2 1.9 1.8 1.5 1.2 1.1 1.1 1.1 0.9 0.8 0.8 0.7 0.6 0.7 0.6 0.6 0.4 0.4 0.3 0.4 0.3 0.2 0.2 0.2 0.2 0.1 0.1 0.1 0.1 0.1 0.1 0.1 0.1 0.1 0.1 0 0 0 0 0 0 0 0 0 0 0 0 0 0 0 0 0 0 0 0 0
