datasets/global_precipitation_1950_2017/rasters/precip_1966-total.asc
NCOLS 720 
NROWS 347 
XLLCORNER -180 
YLLCORNER -90 
CELLSIZE 0.5 
NODATA_value -9999 
[rows 102 to 135 of 347, columns 304 to 379 of 720]
-9999 -9999 -9999 -9999 -9999 -9999 -9999 -9999 -9999 -9999 -9999 -9999 -9999 -9999 -9999 -9999 -9999 -9999 -9999 -9999 -9999 -9999 -9999 -9999 -9999 -9999 -9999 -9999 -9999 -9999 -9999 -9999 -9999 -9999 -9999 -9999 -9999 219.9 212.7 174.9 171.1 255.4 371.6 397.4 360.8 200.8 127.7 117.6 155.1 338.4 211 112.1 88.7 65.9 69 64.5 72.2 95.7 106 85.2 67.5 53.5 55.8 62.6 52.6 34.8 24.3 18.9 16.7 17.4 21.2 25 34 53 67 90.4
-9999 -9999 -9999 -9999 -9999 -9999 -9999 -9999 -9999 -9999 -9999 -9999 -9999 -9999 -9999 -9999 -9999 -9999 -9999 -9999 -9999 -9999 -9999 -9999 -9999 -9999 -9999 -9999 -9999 -9999 -9999 -9999 -9999 -9999 -9999 -9999 -9999 162.4 170.1 149.2 187 398 449.5 345.9 253.9 166.1 128.8 98.2 95.1 129.2 97.9 63.5 81.5 92.9 87.3 89 95.4 102.9 79.4 52.6 41.1 36.6 41.7 47.2 42.6 32.6 27.5 18.2 5.3 9.9 12.3 18.5 42 66 69.1 85.1
-9999 -9999 -9999 -9999 -9999 -9999 -9999 -9999 -9999 -9999 -9999 -9999 -9999 -9999 -9999 -9999 -9999 -9999 -9999 -9999 -9999 -9999 -9999 -9999 -9999 -9999 -9999 -9999 -9999 -9999 -9999 -9999 -9999 -9999 -9999 -9999 114.7 160.5 197.9 369.3 235.6 233.7 192.5 162.3 142.8 129.9 103.9 64.9 71.2 77.4 80.4 83 78.4 81.4 90.6 98.7 104.2 82.8 45.2 35.7 33.6 33.3 34.6 36.5 34.7 30.4 23 15.6 9.6 10.1 14.9 31.4 57.2 70.6 74.8 82.2
-9999 -9999 -9999 -9999 -9999 -9999 -9999 -9999 -9999 -9999 -9999 -9999 -9999 -9999 -9999 -9999 -9999 -9999 -9999 -9999 -9999 -9999 -9999 -9999 -9999 -9999 -9999 -9999 -9999 -9999 -9999 -9999 -9999 -9999 -9999 -9999 177.7 294.5 209.2 256.1 247.6 216.3 99.8 97.1 93.9 88.9 77.5 66.9 62.1 65.5 62.6 61.3 54.8 52.7 57.1 46.8 23.1 19.8 24.3 28.8 31.6 31.9 32 32.2 31.2 29 24.4 18.1 14.4 15.1 25.5 43 56.3 65.3 67.5 68.6
-9999 -9999 -9999 -9999 -9999 -9999 -9999 -9999 -9999 -9999 -9999 -9999 -9999 -9999 -9999 -9999 -9999 -9999 -9999 -9999 -9999 -9999 -9999 -9999 -9999 -9999 -9999 -9999 -9999 -9999 -9999 -9999 -9999 -9999 -9999 -9999 -9999 214.6 162.7 223.7 265.6 300.6 163.6 85.9 63.4 71.6 69 65.6 58.5 53.7 47.7 38.9 36.8 31.5 19.5 10.4 8.4 12.1 18.2 24.5 29.6 31.5 32.3 30.2 28.8 27.9 24.3 19.2 15.8 19.2 31.1 45 53.6 58.7 59.7 64.5
-9999 -9999 -9999 -9999 -9999 -9999 -9999 -9999 -9999 -9999 -9999 -9999 -9999 -9999 -9999 -9999 -9999 -9999 -9999 -9999 -9999 -9999 -9999 -9999 -9999 -9999 -9999 -9999 -9999 -9999 -9999 -9999 -9999 -9999 -9999 -9999 74.9 138.6 170.5 216.5 288.1 277.3 166.7 100.5 71 68.1 65.1 57.2 48.8 40.6 32.5 29.4 25 19.7 11.6 6.5 6.1 9.3 14.9 20.8 26.5 30.6 30.5 29.5 27.2 25.7 19.6 12.4 13 21.1 32 41.8 48.3 53.4 55.9 58.2
-9999 -9999 -9999 -9999 -9999 -9999 -9999 -9999 -9999 -9999 -9999 -9999 -9999 -9999 -9999 -9999 -9999 -9999 -9999 -9999 -9999 -9999 -9999 -9999 -9999 -9999 -9999 -9999 -9999 -9999 -9999 -9999 -9999 -9999 -9999 71.6 90 122.6 138 157.8 216.9 240.5 167.1 111.2 82.9 66.4 61.7 50 38 28 23.9 19.8 17.8 12.5 7.9 5.4 6.8 8.6 12.1 16.3 20.4 23.8 24.9 25 24.7 22.5 17.6 12.9 15.1 24.9 33.9 40.4 43.3 46.9 49.1 49.4
-9999 -9999 -9999 -9999 -9999 -9999 -9999 -9999 -9999 -9999 -9999 -9999 -9999 -9999 -9999 -9999 -9999 -9999 -9999 -9999 297.5 -9999 -9999 -9999 -9999 -9999 -9999 -9999 -9999 -9999 -9999 -9999 -9999 -9999 64.8 70 74.6 85.2 87.6 80.6 85 95.1 103.1 100.8 93.1 80.2 64.8 45.2 27.7 21.5 17.3 14.6 12.2 9.6 7.9 7.4 7.4 8.3 10.2 12.3 14.4 16.2 18 18.9 18.5 17.4 15.6 14.9 20.8 29.4 36.2 39.3 40 41.4 43.4 41.2
-9999 -9999 -9999 -9999 -9999 -9999 -9999 -9999 -9999 -9999 -9999 -9999 -9999 -9999 -9999 -9999 -9999 -9999 -9999 -9999 -9999 -9999 196.9 -9999 -9999 -9999 -9999 -9999 -9999 -9999 -9999 -9999 -9999 61.2 67 73.9 81.3 84.1 82.7 88 94.3 91 90.7 92.8 93 89.9 75 47.7 27.3 17.2 13.2 11.2 9.2 7.8 7.5 7.8 7.9 7.5 8.1 8.7 9.3 10.2 11.8 12.6 13.3 14 14.5 16.6 21.8 31.2 34 34.8 34.9 35 38.4 29.1
-9999 -9999 -9999 -9999 -9999 -9999 -9999 -9999 -9999 -9999 -9999 -9999 -9999 -9999 -9999 -9999 -9999 -9999 -9999 -9999 -9999 -9999 -9999 -9999 -9999 -9999 -9999 -9999 -9999 -9999 22.5 29.6 39.2 51.7 64.6 78.6 82 80.8 79.1 80.3 90.6 88.7 88.5 88.5 92.2 88.1 78.8 50.3 27.2 15.8 10.7 8.6 7.3 6.7 6.2 6.9 7.3 6.1 6.5 6.2 6.6 7 7.4 8.6 9.9 10.3 11.8 15.2 20.3 23.4 28.2 29.1 28.6 26.6 23.2 14.4
-9999 -9999 -9999 -9999 -9999 -9999 -9999 -9999 -9999 -9999 -9999 -9999 -9999 -9999 -9999 -9999 -9999 -9999 -9999 -9999 -9999 -9999 -9999 -9999 -9999 -9999 -9999 -9999 -9999 15.1 19.9 30.1 39.6 49.6 60.8 70.7 72.4 76 79.2 82.7 88 88.7 86.4 86.5 87.6 87 78.6 53 27.6 15.1 9.2 8.1 6.9 6 5.9 5.9 5.6 4.9 5.2 5.5 5.1 5.5 6.1 6.3 6.7 7.8 9.4 12.5 17.1 20.3 23.5 24.5 24.2 22.6 20.3 18.7
-9999 -9999 -9999 -9999 -9999 -9999 -9999 -9999 -9999 -9999 -9999 -9999 -9999 -9999 -9999 -9999 -9999 -9999 -9999 -9999 -9999 -9999 -9999 -9999 -9999 -9999 -9999 -9999 -9999 19.8 26.5 37.6 48.8 55.9 60.5 67 70.8 75.2 78.9 82.4 84.4 86.5 85.8 87.8 88.4 85.4 77.1 54.3 27.9 15.7 10.1 7.8 6.3 6 5.7 5.4 5.3 5.5 6.2 5.8 5.8 5.9 5.3 5.2 5.2 6.3 8 11.6 14.9 18.2 20.7 21.8 22.5 22.2 19.7 18.5
-9999 -9999 -9999 -9999 -9999 -9999 -9999 -9999 -9999 -9999 -9999 -9999 -9999 -9999 -9999 -9999 -9999 -9999 -9999 -9999 -9999 -9999 -9999 -9999 -9999 -9999 -9999 120.2 47.9 31.2 35.9 44.6 53.6 58.7 61.2 64.2 68.5 72.9 76.1 80.7 80.5 82.7 85.3 87 87.8 86.2 75.7 54.4 29.1 16.4 10.8 7.7 6.5 6 5.9 6.2 6.1 5.9 6 6 5.3 5.3 4.6 4.3 4 4.8 6.4 10.4 14.1 17.3 19.6 21 22.5 21.2 20.5 19.5
-9999 -9999 -9999 -9999 -9999 -9999 -9999 -9999 -9999 -9999 -9999 -9999 -9999 -9999 -9999 -9999 -9999 -9999 -9999 -9999 -9999 -9999 -9999 -9999 -9999 -9999 -9999 84.3 37.1 35 43.6 51.8 59.1 60.1 60.8 62.8 65.6 69.8 74.4 77.1 78.6 81.1 84.8 86.1 86.4 83.9 75.1 56.5 30.7 17.5 11 8.6 6.9 6.8 6.7 7.1 7.2 7.3 7.7 7 5.9 4.4 3.4 3.3 4.1 5.4 7.7 10.4 13.8 16.4 18.7 20 21.7 22.6 22.5 21
-9999 -9999 -9999 -9999 -9999 -9999 -9999 -9999 -9999 -9999 -9999 -9999 -9999 -9999 -9999 -9999 -9999 -9999 -9999 -9999 -9999 -9999 -9999 -9999 -9999 -9999 22.5 25 33.5 41 50 56.6 60.5 60 59.8 62.2 64.1 67.5 71.7 75.3 79.3 81.7 84.5 84.9 85.6 81.4 76.5 57.6 33.2 18.8 12.3 9 8.1 8.3 8.8 9.3 9.6 9.9 10 8.4 5.8 4 4.1 4.5 6.6 8.3 15.1 16.6 16.7 16.3 17.8 19.9 23.4 25.5 25.1 22.6
-9999 -9999 -9999 -9999 -9999 -9999 -9999 -9999 -9999 -9999 -9999 -9999 -9999 -9999 -9999 -9999 -9999 -9999 -9999 -9999 -9999 -9999 -9999 -9999 -9999 -9999 13.8 23.5 36.6 44.7 52.2 58 61.7 62.2 60.7 61.9 62 65.4 68.2 72.5 76.2 80.8 83.5 84.1 83 80.9 75.8 57.1 35 20.7 13.7 11.6 11.1 11.9 11.8 12.1 12.2 12 14 10.3 8 6.3 6 6.9 8.1 9.3 13.1 15.1 19.4 19.3 19.4 20.7 22.7 27 27.8 22.3
-9999 -9999 -9999 -9999 -9999 -9999 -9999 -9999 -9999 -9999 -9999 -9999 -9999 -9999 -9999 -9999 -9999 -9999 -9999 -9999 -9999 -9999 -9999 -9999 -9999 7.8 13.7 25.7 38.3 48.2 53.6 57.9 58.9 59.2 58.9 59.2 60.5 62.9 65.6 70.1 74.4 79.4 82.9 87 87.4 84.5 76.9 57.2 35.3 21.8 17.2 16.3 17.5 18.1 18.8 18.5 17.6 15.8 13.3 12.1 10.9 10.2 9.6 8.7 9.2 6 7.7 13.2 20.6 23.2 21.7 21.5 21.8 23.1 17.6 17.5
-9999 -9999 -9999 -9999 -9999 -9999 -9999 -9999 -9999 -9999 -9999 -9999 -9999 -9999 -9999 -9999 -9999 -9999 -9999 -9999 -9999 -9999 -9999 -9999 4.1 8.3 17.5 29.6 42.5 49.9 54.6 57.9 59.6 60.8 60.2 60.8 61 62.8 64.2 67.6 72.7 77.3 82.6 84 86.9 90.9 84.3 66.8 45 32 27.5 27.6 28.7 30 30.2 29.8 27.8 24.6 21.5 18.1 16.3 15.5 14.8 14.1 11.5 7.5 7.2 18.7 25.3 27.7 25.8 23.6 22.4 21.7 19.6 19.1
-9999 -9999 -9999 -9999 -9999 -9999 -9999 -9999 -9999 -9999 -9999 -9999 -9999 -9999 -9999 -9999 -9999 -9999 -9999 -9999 -9999 -9999 -9999 -9999 7.6 13.6 24.7 38.5 47.7 51.3 51.7 56 60 62.4 63 62 61.9 62.1 64.8 68.5 70.6 75.2 81.3 88.8 100.9 109.1 97.9 77.5 57.3 48.3 45 45.6 47.5 47.8 46.1 44.2 43.4 39.7 35.1 31 28.5 25.5 23.4 20.2 20.1 20.9 28.1 34.4 34.8 32.9 29.9 26.9 24.7 23.3 22.1 22.4
-9999 -9999 -9999 -9999 -9999 -9999 -9999 -9999 -9999 -9999 -9999 -9999 -9999 -9999 -9999 -9999 -9999 -9999 -9999 -9999 -9999 -9999 -9999 15.5 15.4 24.1 36.4 49.2 55.8 51.4 44.9 55.2 62.4 65.4 65.8 66 66.6 68.6 69.2 73 81.2 90.6 95.1 100.2 107.6 116.5 97.8 71.8 68 64.3 65.9 65.1 66.7 65 67.7 65.9 61.5 56.3 52.4 47.6 43.7 38.2 33.7 29 28.1 32 35.2 44.4 41.9 38 34.4 30.6 27.6 25.3 25.3 24.6
-9999 -9999 -9999 -9999 -9999 -9999 -9999 -9999 -9999 -9999 -9999 -9999 -9999 -9999 -9999 -9999 -9999 -9999 -9999 -9999 -9999 -9999 -9999 17.1 22.6 35.8 55 69 71.4 65.1 59 63.2 68.3 70.8 71.4 72.9 76.4 83.7 89.1 98.1 109.3 114.5 109.9 104 99.8 77.6 43.9 55.1 65.8 71.1 76 76 79 74.5 76.5 77.9 74.1 70.7 70.1 65 60.7 53 47 41 36 35.7 37.6 43.4 44.5 42.8 38.6 34.3 30.9 28.4 26.4 26.3
-9999 -9999 -9999 -9999 -9999 -9999 -9999 -9999 -9999 -9999 -9999 -9999 -9999 -9999 -9999 -9999 -9999 -9999 -9999 -9999 -9999 -9999 9.6 14.8 26.6 49.9 78.3 92.7 96 89.2 81.9 77.8 76.5 77 77.8 81.6 93.5 102.7 113.8 122.6 127.9 127.3 117.4 108.9 92.2 55 36 39.3 51.6 62 72.8 84.6 89.7 91.6 90.7 91.5 90.4 87.9 87.2 83.9 78.7 69.7 59.8 50.4 40.7 37.5 38.3 41.2 44.8 41.9 39.2 36.8 33.5 31.7 30.5 28.5
-9999 -9999 -9999 -9999 -9999 -9999 -9999 -9999 -9999 -9999 -9999 -9999 -9999 -9999 -9999 -9999 -9999 -9999 -9999 -9999 -9999 -9999 1.4 12.3 32.8 67.3 104.6 114.5 117.8 115.3 102.5 86.7 82.8 90.1 96.1 102.8 115.5 125.1 131.9 135.2 133.4 130.3 120 105 80.4 45.4 31 30.1 39.8 53.7 63.8 74.5 87.2 97.4 101.6 102.3 100.9 99.1 99.6 100.9 98.2 90.6 77.4 64 52 43.9 40.7 41 43.1 43.1 42.7 42.5 39.4 37.5 35.6 34.6
-9999 -9999 -9999 -9999 -9999 -9999 -9999 -9999 -9999 -9999 -9999 -9999 -9999 -9999 -9999 -9999 -9999 -9999 -9999 -9999 -9999 -9999 -9999 19.6 46.5 87.7 122.6 130.6 131.7 137.2 115.2 76.7 85.4 102.4 115 125.6 138 141.6 140 136.8 133.8 129.9 117.9 102.4 73.5 36.1 26.8 24.2 30.5 44.9 55.5 67.5 83.9 98 105.9 108.1 105.8 101.1 104.3 112.5 118.2 113.1 100.3 83.3 67.8 53.8 47.8 48 47.2 49.7 49.7 48 45.5 44.4 42.4 40.5
-9999 -9999 -9999 -9999 -9999 -9999 -9999 -9999 -9999 -9999 -9999 -9999 -9999 -9999 -9999 -9999 -9999 -9999 -9999 -9999 -9999 -9999 -9999 -9999 69.7 108.3 135.1 134.4 132.5 136 110.5 74.8 99.7 128.1 144.8 157.6 155.5 149 141.9 135.9 131.9 130.9 123.8 103 67.8 33.4 23.3 22.8 24.5 33.7 47.6 60.2 78 96.5 109 113.6 112.5 106.2 110.8 123.5 134.6 137.5 130 111.4 87.9 69.6 61.3 58 58.4 58.6 56.7 50.2 46 43 48 45.1
-9999 -9999 -9999 -9999 -9999 -9999 -9999 -9999 -9999 -9999 -9999 -9999 -9999 -9999 -9999 -9999 -9999 -9999 -9999 -9999 -9999 -9999 -9999 70.2 103.9 130.3 135.1 137.1 133.8 134.3 134.4 137.4 163.6 191.4 187.9 182.5 164.4 150 139.4 134.2 129 132.6 131.4 104.4 66.6 32 22.2 22.4 22.4 28.3 40.5 52.6 70.9 93.7 112.9 122.7 125.5 126.6 131.4 141.3 151 156.2 158.7 148.6 128.2 100.5 86 82 80.9 75.7 67.5 53 43.4 40.5 43.8 43.3
-9999 -9999 -9999 -9999 -9999 -9999 -9999 -9999 -9999 -9999 -9999 -9999 -9999 -9999 -9999 -9999 -9999 -9999 -9999 -9999 -9999 -9999 -9999 110.4 139.1 146.3 144 144.5 138.9 165.4 206 239.4 263.3 263 230.8 192.7 163.2 144.2 136.8 140 140.3 139.6 139.2 113.4 67.5 31.5 22 22.1 21.8 26.2 36.4 46.3 66.8 96.9 123.6 133 142.5 150.1 159.4 166.4 170.2 174 177.8 184.3 177.5 158.3 142.3 121.3 109.8 99 81.4 58.3 39.5 39.2 48 49.9
-9999 -9999 -9999 -9999 -9999 -9999 -9999 -9999 -9999 -9999 -9999 -9999 -9999 -9999 -9999 -9999 -9999 -9999 -9999 -9999 -9999 -9999 -9999 -9999 151.8 165.9 161.2 157.9 177.5 270.2 313.8 337.1 350.5 319.7 253.3 189.8 152.1 135.1 132 143.3 145.5 146.7 143.8 122 76.8 33.3 23.7 21.6 21.2 26 35.3 57.3 80.5 128.7 140.5 144.8 156.3 171.9 185.5 189.5 188.5 191.1 192.5 199 201.6 193.8 171.7 146.7 131.8 116.5 98.6 75.2 56.8 54.1 60.2 63.1
-9999 -9999 -9999 -9999 -9999 -9999 -9999 -9999 -9999 -9999 -9999 -9999 -9999 -9999 -9999 -9999 -9999 -9999 -9999 -9999 -9999 -9999 -9999 -9999 177.1 181.9 191.2 217.4 259.4 310.4 330.4 336.4 355.5 327.5 253.4 189.5 145 126.9 135.1 153.2 161.3 156.2 144.9 128.5 90.5 41.9 25 26.1 25.8 31 50 86.4 117.6 130.6 132.7 145.9 159 177.8 194.1 199.2 198.6 203.2 200.4 211 213.9 207.7 185.7 168.2 154 139.4 123.3 101.7 84.9 78.3 78.4 75.4
-9999 -9999 -9999 -9999 -9999 -9999 -9999 -9999 -9999 -9999 -9999 -9999 -9999 -9999 -9999 -9999 -9999 -9999 -9999 -9999 -9999 -9999 -9999 -9999 189.9 195 202.3 236.6 277.9 307.1 322 329.7 314.1 271.6 230.5 191.4 166.9 154 170 190.5 184.5 153.8 135.7 132.8 106.5 68.3 78.2 70.3 68.2 94.6 118.5 134.2 133.4 123.2 120.6 132.1 151.4 168.2 185.8 198 199.9 205.1 207.8 220.9 240.4 231.2 206.1 189.9 174.8 164.8 149.9 122.9 104.4 96.5 95.9 92.2
-9999 -9999 -9999 -9999 -9999 -9999 -9999 -9999 -9999 -9999 -9999 -9999 -9999 -9999 -9999 -9999 -9999 -9999 -9999 -9999 -9999 -9999 -9999 -9999 258.7 253 225.2 272.9 297.1 318.4 309 298.3 283.9 244.3 182 179 197.3 213.4 257.4 271.1 224.9 147.1 129.8 146.5 126.9 131 175.5 159.4 138.1 122.4 125.5 152.3 143.1 117.4 110 113.2 139.5 160.2 180.8 196.6 203.5 210.4 215.2 239.6 288.1 279.9 248.9 216.2 189.5 182.5 176.1 123.4 107 110.3 114.4 118.9
-9999 -9999 -9999 -9999 -9999 -9999 175.9 -9999 -9999 -9999 -9999 -9999 -9999 -9999 -9999 -9999 -9999 -9999 -9999 -9999 -9999 -9999 -9999 336.7 303.4 297.1 283.2 377 335.7 377.4 376.1 322.2 277.8 263.8 214.7 186.3 192.6 223.9 324.3 369 284.8 256.6 211.8 187.3 147.6 208.8 202 177.7 146.3 118.1 108.7 159.3 153.5 121.3 121.5 120.3 137 158.4 187 204.7 208.1 204.1 211.6 252.1 340.1 374.7 316.6 268 206.1 172.6 203.3 134.8 115.7 127.2 142.5 161.9
-9999 -9999 -9999 -9999 -9999 -9999 -9999 -9999 -9999 -9999 -9999 -9999 -9999 -9999 -9999 -9999 -9999 -9999 -9999 -9999 -9999 -9999 -9999 388 362.4 378.3 354.4 400.3 389.1 428.4 374.4 369 327.6 294.7 290 274.7 253.7 308.2 387.1 477.6 363 303.5 299.3 275.1 268.6 264.1 241.6 235.1 174.2 197.1 170.4 183.6 205.9 186.8 161.4 156.1 141.2 167.8 200.3 209.4 199.6 198.4 218.2 285.1 391.9 447.4 417.4 351.4 274.5 221.3 202.6 169.3 150.3 158.5 186.6 231.8
-9999 -9999 -9999 -9999 -9999 -9999 -9999 -9999 -9999 -9999 -9999 -9999 -9999 -9999 -9999 -9999 -9999 -9999 -9999 -9999 -9999 -9999 -9999 417.2 457.4 557.8 492.9 459.2 486.2 575.6 495.8 516.2 486.6 445.6 489.1 514.3 506.2 515.3 504.3 442.5 415.8 401.9 397.6 428.7 448.3 324.9 271.9 264.8 276.8 239.1 271.5 332.7 381.8 364.5 243 193.8 217 232.3 235.9 223.1 215.2 218.7 257.7 345.6 441.6 469.9 481.3 456.8 397.8 316.3 236.5 197.4 192.4 209.7 252.2 318.1
