datasets/global_precipitation_1950_2017/rasters/precip_2000-total.asc
NCOLS 720 
NROWS 347 
XLLCORNER -180 
YLLCORNER -90 
CELLSIZE 0.5 
NODATA_value -9999 
[rows 306 to 339 of 347, columns 608 to 683 of 720]
627.2 628.6 631.7 633 634.3 635.4 635.8 636.5 637.3 637.1 636.7 635.3 634.8 633.2 631.1 629.1 627.3 625.7 625.2 624.8 624.9 624.8 624.8 624.6 622.8 620.7 619 624.7 622.3 617.3 617.4 616.5 615.9 614.9 613.8 613.1 612.3 611.7 611.4 613.3 613.7 614.5 616.4 618.1 619.8 621.2 622.7 624.4 626.4 629 630.1 632.7 635.5 637.8 637.3 641.5 642.6 645 648.6 650.5 652 653.9 657.6 661 666.6 672.7 679.4 685.5 692.9 698.6 699.9 695.1 -9999 -9999 -9999 -9999
618.6 619.9 622.6 625.6 628.8 629 630.2 630.2 630.5 630.2 629.3 629.3 628.4 627.2 625.9 624.3 623.5 622.5 621.7 621.5 621.4 621.1 620.1 619 617.6 616.8 615.6 614.4 613.8 612.8 612.2 611.4 610.9 609.8 609.4 608.7 608.5 608.8 610.7 612.4 613.3 614.6 616 617.7 617.8 620.2 621.1 622.6 623.6 626.2 627.8 630.2 630.9 632.5 632.5 632.8 630.5 631.6 632.7 634.1 634.9 636.9 636.4 638.8 640.1 644.6 649.6 653.4 656.4 656.9 654.5 649.2 637.4 626 -9999 -9999
603.1 607.5 612.4 616.8 621 622.4 622.6 623.7 624.7 625.8 624.8 623.7 623.1 622.8 621.9 621.4 621 620.1 618.9 617.9 617.6 616.3 615.6 615.3 614.1 612.6 611.2 610.1 609.1 607.7 607 606.5 606.2 606.6 606.6 607.3 608.3 609.4 610.5 611.6 613.8 615.3 616.6 618.2 618.8 619.6 621.4 619.4 623 622 622.5 621.3 622.5 623.7 625 614.8 612.7 625.6 624.7 623.4 622.7 618.9 618.8 619.8 616.4 617.3 616.5 614.2 612.7 609.3 604.6 597.8 588.6 577.7 564.6 550.9
578.4 586.7 594.4 587.4 604 605.2 606.4 608.9 612.4 616 617.6 617.9 619 619.1 618.5 617.6 616.9 616.4 615.5 614.5 613.5 613.3 612 610.5 609.3 608.1 606.6 605.8 605 604 604.6 605.3 605.5 606.1 607 608.3 608.7 609.6 610.9 611.7 612.2 613 614 614.2 612.6 612 610.9 609.9 608 606 606.6 607.1 607.6 607.9 608.5 608.8 608.5 608 607.2 606.4 602.7 601.3 596.2 590.3 588.6 586.2 583.6 582.4 576.1 569 558 555 545.7 535.6 524.3 511.5
535 545.4 531.8 558.2 560.9 563.4 568 577.9 587.4 584.3 596.9 597.9 600.8 605 609 609.2 611.1 611.3 610.5 611 610.7 608.9 607.2 606.5 605 603.5 602.9 602.6 603 603.4 603.9 601.1 604.7 605.3 605.3 605.6 604.1 603.5 604.8 603.8 602.1 600.3 598.1 598.4 592.9 593 587.6 587.3 587.6 587.8 587.6 587.8 588 587.3 586.9 586.1 585.1 584.2 582.8 578.5 576.6 570.7 564.1 560.7 556.8 552.3 547.3 539.5 532.1 526.7 520.4 506.4 505.3 494.4 484.6 475.2
461.6 470 476.1 480.4 486.3 497.3 509.4 518.7 524.1 529.3 534.3 544.4 554.3 564.2 572 580.3 577.6 591.9 593.4 595 598.6 597.2 596 596.7 596.7 598 599.2 599.7 598.1 597.5 596.2 595.6 593.8 591.8 589.2 586.6 587.2 584.5 577.8 575.3 575.9 576.8 577.6 567.7 570.6 567.6 567.8 567.5 567.3 567.3 568 568.1 567.7 567.4 566.9 566.1 565.1 561.7 560 549.7 538.1 527.6 521.4 518 513.7 509.7 506.2 499.6 493.6 487.3 480.3 473.1 464.6 456.6 448.3 440.8
370.9 376.5 381.9 388.9 396 401.9 410 418.2 426.6 437.9 446.7 455.7 465.6 474.9 487.8 497.5 510.2 525 534.7 537.6 543 545 554.4 555.5 564.4 572.1 578 577.6 576.9 579.1 580.8 582.3 555.1 574.8 567.6 550.3 549.2 545.8 540.3 540.2 539.2 539.3 536.1 535.4 534.8 534.4 534.2 534.3 534.1 534.6 534.5 534.5 508.1 506.1 505.3 528.2 523.7 516 504.7 494.7 489.8 486.3 482.8 479.2 474.9 469 460.5 456.9 454.7 447.3 441.7 434.2 428 421.9 414.6 408.4
282.4 287.3 291.1 294.3 298.7 307.7 313.8 319.9 325.5 329.5 337.5 341.3 350.3 358.5 368.3 379.6 392.3 405.7 417.2 430.5 445 454.7 463.3 472.8 487.1 500.1 506.1 515.3 522.3 527.8 530.7 529.1 527.8 526.5 507.4 500.4 498.1 494.5 483.5 481.3 479.7 474.1 472.3 471 470.4 464.6 463.1 461.9 469 468.1 467.5 466.7 465.6 464.8 463.1 453.2 454.7 449.8 447 444.9 442.1 438.9 433.6 427.2 424.3 421.1 418.2 413.6 409.6 404.9 400.5 395.7 391.8 387.8 383.4 379.6
213.9 216.9 219.1 220.9 223.2 226.1 224.8 229.1 233.2 234.4 236.3 236.5 238.1 239.7 242.1 245.5 252.5 263.7 274.8 289.5 307.9 325.4 338.6 352.7 367.7 383 394.7 407.6 418.9 427.9 428.1 433.5 432.4 432.2 429.2 426.6 423.9 421.5 408.7 405.8 401.1 398.9 396.9 395.7 394.5 394.2 394.5 395 395.9 397 398.2 398.9 385.8 394.7 390.7 387.3 384 382.2 381.2 379.9 378.9 377.3 375 373.2 370.6 368.8 366.8 364.2 362 359.8 358.2 356.8 355 354.1 352.5 351.8
156.2 152.7 149.3 145.8 147 152 156.9 158.7 155.9 152.7 149.7 146.9 144.3 141.9 139.8 141.3 146.2 163.3 166.5 180.8 189.4 195.6 222.4 224.2 244.6 257.6 271.1 284.4 297.1 303.8 307.2 317 329.4 331.8 318.8 323.4 327.3 328.4 326.6 324.5 323.7 330.3 325.2 327 326.4 326.3 326.1 326.3 327.5 327.1 326.8 326.6 326.7 326.7 327.6 327.3 326.5 325.5 325 323.5 323.1 324.9 324 322.2 322.7 320.7 323 322 320.9 321.3 320.8 320.9 320 319.4 319.8 325.6
102.4 98.6 94.9 92.6 89.4 109.7 87.7 91.1 95.5 94.3 91.1 87.5 84.4 81.8 83.1 92.2 99 98.9 104.9 108.1 112 114.6 120.7 128.2 137.9 148.6 160.4 176.6 193.3 203.9 213.6 222.6 242.3 242.2 252.1 256 258.3 259.2 260 259.6 259.1 267.9 267.7 268 270.6 274 273.2 272.8 272.1 272.7 275.5 278.1 278.8 277.4 280.4 278.5 280.4 281.5 282.2 282.3 283 283.5 284.2 282.8 284.1 285.8 286.2 285.8 285.2 285 285.1 285.4 285.7 286.7 288.1 290.2
76.3 73.6 71 68.5 66 63.7 61.2 59.2 57 60 57.6 55.7 56 54.6 56 54.4 55.3 55.1 73.7 64.2 74 84.7 93.9 100.6 108 115.8 125.2 137.5 145.4 156.2 166.3 176.6 186.6 197.7 200.4 205.8 210.5 213.6 215.8 217.4 217.9 218 229 222.7 226.3 230.5 235.3 243.2 239.9 240 243.5 243 251.7 243.7 245.1 250.9 254.1 255.4 254.8 253.6 254 255.5 255.2 254.8 254.2 253.5 253.3 253 253.2 253.4 253.9 255 256 258.1 265.8 267.7
54.1 52.3 50.3 48.7 47.1 45.5 43.9 43 41.8 41.4 39.9 39.5 42.1 42.5 44 44.6 45.7 48.5 53.3 59.3 63.8 68.1 72.6 77.9 85.7 96 103.7 111.5 119.5 133.4 139 150.1 159.7 168.1 167.9 174.9 181 186.2 190.6 194.6 198.1 208.9 209.9 208.2 210.4 213.7 213.5 213.1 215.5 217.3 219.5 221.9 227.8 228 229.5 231.7 231.5 231.7 230.8 230.6 230.1 229.9 229.5 229 228.3 228.2 228.7 229 229.9 230.7 231.7 232.8 234.2 235.8 237.5 239.6
43.1 36.7 35.7 34.9 34.3 33.9 33.6 33.8 34.8 35 35.8 36.6 37.7 38.2 39.4 41.5 43.6 47.1 49.9 52.9 56.7 60.5 66.2 72.7 78 86.1 90.2 98.2 107.2 116.7 121.4 129.5 137.3 145.4 152.7 159.8 165.6 170.5 177.6 180.4 185.4 189.7 193.6 193.9 196.9 197.5 197.4 197 196.6 196.3 195.5 195.1 206.7 205.9 213.9 209.3 211 210.1 209.4 208.7 208.5 207.9 207.8 207.7 207.2 207.2 207.2 207.3 207.4 207.7 208 208.8 209.4 216.4 217.4 218.2
32.9 32.5 32 31.6 31.7 31.6 31.7 31.8 32.4 33 34 34.9 35.7 37.3 39.2 38.6 40.6 43.1 46.7 50.8 55.5 58.8 63.6 69.4 73.7 80 85.5 91.3 97.4 104.2 114 117.7 125 131.8 139.2 148.3 153.9 161.2 164.1 169.7 174.5 178.2 181.2 183.2 184.9 186.1 186.6 187.2 187.4 187.3 187 186.7 186.3 185.8 197.7 188.7 192.5 194.4 193.8 193.3 192.7 192.1 191.7 191.8 190.7 190.4 190.1 189.8 189.3 189.1 188.8 191.8 191.7 188.6 188.8 189.2
27.6 27.2 27.5 27.5 27.5 28.1 28.7 28.8 29.8 31.8 32.4 33.3 34.1 36 37.7 39.5 42.3 45.2 47.5 50.9 53.1 57.6 62.3 66.8 71.3 76.2 85.6 87.2 93.3 99.9 106.2 112.8 118.7 124.7 130.5 136.1 141.5 146.8 151.3 155.6 159.3 162.7 165.6 167.7 169.7 170.7 171.7 172.1 172.2 172.2 172.3 172.3 172 171.8 182.1 182 181.5 184.8 182.2 179.8 179.5 179.3 179.1 178.9 177.5 176.8 176 175.1 176.5 175.8 175.1 173.9 173.1 172 171 163.1
23.1 23.4 23.8 24.4 24.9 26 26.4 27.1 28.4 29.2 30.1 31.2 32.7 34.2 36.4 39 41.1 44.1 47.2 50.5 53.9 57.6 61.8 65.8 70.5 74.8 79.3 84.1 89.9 94.6 99.1 104.4 110 115.3 120.3 125.7 131.4 138.9 144.1 148.5 152.2 155.9 159.3 157 159.1 160.9 161.8 162.7 163.4 163.9 164.1 164.6 164.6 164.5 164.5 164.6 169 176.1 169.9 172.4 171.7 170.7 169.5 168.5 167.2 165.8 164.4 163 161.3 166.1 164.5 162.6 154.4 152.7 150.8 149.1
19.1 19.7 20.7 21.1 21.4 23.7 23 24.5 26 27.9 29.2 32.4 32.7 33.6 35.5 37 39.4 45.2 44.6 47.8 51.5 55.1 59.6 62.7 66.5 70.1 74.1 78.3 82.5 90.2 94.7 99.3 103.9 109.2 114.9 119.6 124.7 129.2 133.8 138.6 142.8 145.9 149.2 152 154.4 156.4 157.7 158.9 159.8 160.2 160.4 160.1 160.3 159.7 159.2 158.9 158.1 164.9 164.9 164.4 165.9 164.1 167.9 169.7 170.3 159.5 158.4 157.4 156.2 161.5 158.9 151.8 150.3 148.2 145.8 143.3
15.8 17.2 17.2 18.7 19.9 21.4 23.7 24.3 26 27.3 28.8 30.4 31.9 33.7 35.4 37.5 39.6 42 44.4 47 50 53.1 56.1 59.4 62.8 66.9 70.6 74.8 79 83.3 88 94.5 98 103.7 108.4 113.2 117.7 122.6 127.3 132.2 136.5 141.6 145.3 149.5 152.4 155.2 157.5 151.9 153.1 162.8 164 165.3 165.8 166.7 167 159.8 160.7 161.2 161.7 162.1 162.7 163.1 165.6 161.1 162.7 161.6 160.8 166.4 164.3 161.9 158.1 156.8 155.3 152.6 151.8 150.1
14.8 15.6 16.5 18.9 19.9 21.1 22.3 23.8 25.2 26.6 26.3 28.2 29.8 31.6 33.6 35.8 37.9 40.1 42.8 45.4 48.4 51.4 54.7 57.9 61.4 64.8 68.6 72.6 76.9 80.8 85 89.6 94.1 98.8 104.8 108.9 113.2 117.9 122.3 127.2 131.2 135.5 139.7 143 145.7 147.7 155.8 152.6 155.6 158 160.6 162.9 163 164.5 165.3 166.7 167.5 167.2 168.9 169.7 166.3 166.4 166.7 166.6 166.2 166.3 171.2 170.9 169.7 169 167.1 165.8 165.1 -9999 -9999 -9999
13.8 14.8 16.2 16.3 17.6 18.8 20.2 21.8 22.8 24.3 25.9 27.5 29.3 31.1 33.2 35.2 37.6 39.8 42.3 45 47.5 50.4 53.3 56.5 60 63.3 66.8 70.5 74 78 81.8 85.9 90.3 94.7 102.9 104.6 109.9 115.2 119.7 123.8 127.7 131.5 135.1 142.8 147.1 146.2 148.8 151.9 154.9 157.3 160.1 162.5 164.6 167 168.1 168.5 168.5 168.6 174.1 169.4 171 172.2 174.1 174.6 175.6 176.2 177.1 177.8 177.4 176.6 178.1 178.2 -9999 -9999 -9999 -9999
12.5 13.7 14.6 15.7 15.5 17.2 18.6 19.9 21.2 22.4 24.3 26 27.6 29.1 31.1 33.3 35.4 44.6 46.9 49.9 52.5 55.6 58.5 61.5 64.6 67.8 71 74.7 78.4 81.7 85.7 89.5 93 97 101.1 105.2 105.7 110.8 116 120.8 125.7 129.8 133.6 137.2 139.9 143 146.3 148.4 150.1 151.4 153.1 165.6 156.6 159.2 160.4 162.3 164 165.4 167.5 169 170.7 172.1 172.3 172.4 172.2 178 179.2 174.4 176.2 -9999 -9999 -9999 -9999 -9999 -9999 -9999
11.3 11.8 13.1 14.3 16.1 17.1 18.2 20.1 21.5 22.8 23.1 24.9 26.6 28.5 30.3 32.5 34.3 36.7 39.3 46.7 50.1 53.2 56.4 60.1 63.7 66.7 70 73.7 76.8 80.5 84 82.4 86.5 91 95.2 99.7 104.3 108.6 113 120.1 121.9 126.9 131.5 136.4 139.5 142.8 145.6 148.6 151.3 153.5 156 157.6 159.1 160.2 161.2 161.8 162.5 162.9 163.7 163.9 164.3 178.8 166.8 168.4 170 172.1 173.4 175.3 180.9 181.3 183.7 186.3 189.3 192.6 -9999 -9999
11.2 12.1 13 14 15.1 16.3 17.6 19.2 20.3 21.9 23.5 25.2 26.8 28.5 30.5 32.4 34.4 36.4 39.9 42.2 45.1 48.2 51.6 54.5 57.4 60.6 64.2 68 71.6 75.1 78.7 82.5 86.4 90.6 94 98.2 102.3 107 111.4 116 120.4 124.4 128.6 133.4 136.5 140.8 144.8 148.3 151.5 154.4 157 159.5 161.5 163.3 165.2 166.5 167.8 169.3 179.6 181.3 182.7 174.5 175.6 176.8 177.9 179.5 180.8 181.9 183.4 185 192.1 193 194.1 196.7 -9999 -9999
9.3 10.3 11.9 13.5 14.6 15.7 17 18.4 19.7 21 22.4 24.3 25.6 27.6 29.3 31.1 33.1 35.3 37.6 40.1 42.7 45.3 48.1 51 54.1 57.1 60.4 63.8 66.8 70.5 73.9 78 81.6 85.2 91.9 95.8 99.8 102.5 107.2 111.3 115.7 120 124.3 128.3 132.5 136.3 140 144.9 147.8 151.4 154.6 157.9 160.8 163.7 166 168.3 170.4 172.4 175.9 178.2 180.1 182.2 183.7 183.3 184.6 186.4 187.9 189.5 191.1 192.3 194.1 195.7 201.6 203.9 205.3 208
10.6 8.4 9.6 10.9 12.8 14.3 16.2 17.2 18.3 19.8 21.3 22.8 24.1 25.6 27.2 29.2 30.8 33 35.3 37.5 40 42.3 45 47.5 50.2 53.1 55.9 59.2 62.1 65.3 68.5 71.9 75.6 79.1 82.7 86.4 89.9 93.7 97.7 101.7 105.9 110.1 114.1 118 121.9 125.9 129.5 133.5 137.3 142.2 144.6 148.1 151.7 155.2 158.5 161.5 164 166.6 169.8 172 174.1 176.5 178.8 180.9 182.9 185.1 186.9 188.8 190.9 192.6 194.7 196.7 198.6 200.9 207.3 209.4
7.3 7.5 8.2 12.5 10.1 11.5 12.9 14.8 16.9 18.6 19.5 21.2 22.5 23.7 25.2 26.6 28.3 30.2 32.2 34 36.1 38.1 40.6 42.6 45 47.4 49.8 52.3 55 57.9 60.6 63.4 66.7 69.4 72.7 75.7 78.9 82.2 85.2 88.8 92 95.4 98.9 102.3 105.7 109.1 112.9 116.4 119.8 123.2 126.4 129.7 133.3 138.4 140 143.3 146.5 150 153 156.1 158.7 161.6 164.5 167.1 169.5 171.9 174.6 177 179.7 182.2 184.4 187.2 189.8 192.3 194.9 197.4
6.8 7.5 8.1 8.5 9 9.6 10.4 15.3 12.5 14.2 16.4 18.4 20.2 21.6 22.9 24.2 25.4 26.9 28.4 30.2 31.6 33.1 34.9 37 38.6 40.6 42.6 44.8 46.6 48.8 51 53.2 55.6 58 60.5 62.7 65.5 68.2 70.8 73.5 75.9 78.6 81.5 84.1 86.6 89.4 92.4 95.2 97.8 100.4 103.2 105.9 108.6 111.2 114.2 116.7 119.7 122.3 124.9 131.3 131.1 134.5 137.9 141 143.8 146.5 148.8 151.5 153.9 156.5 158.7 161.2 164 166.3 169.1 171.6
7 7.4 7.8 8.3 8.6 9.3 9.9 10.5 11.1 11.8 12.6 17 14.7 16.3 18.1 20.1 22.2 23.8 25.1 26.1 27.4 28.7 30.1 31.5 32.8 34.1 35.7 37.3 38.8 40.3 41.8 43.5 45.1 46.8 48.9 50.4 52.1 54 55.8 57.6 59.7 61.6 63.5 65.5 67.5 69.2 71.6 73.5 75.5 77.5 79.7 81.8 83.9 85.8 88 89.9 92.2 94.3 96.2 98.5 100.5 102.7 104.8 107 108.7 111 117.7 116.4 119.4 122.6 125.7 127.9 129.7 131.9 134.1 136
7.1 7.4 7.7 8.3 8.8 9.4 9.5 10.2 10.7 11.2 11.5 12.1 12.6 13.4 13.8 14.5 18.7 16.3 17.7 19.4 21.2 22.7 24.2 25.2 26.3 27.3 28.4 29.4 30.5 31.8 32.9 34.2 35.2 36.5 37.8 39.1 40.1 41.7 42.9 44 45.6 46.7 48.1 49.5 50.9 52.4 53.8 55.3 56.8 58 59.6 61.1 62.6 64.1 65.4 66.8 68.4 69.9 71.5 73.1 74.6 76.1 77.6 79.2 80.3 81.7 82.9 83.8 85.3 86.4 87.7 88.8 90.7 92.4 95.3 97.5
6.1 6.5 6.8 7.1 7.5 8.1 8.4 8.7 9.1 9.6 9.9 10.6 10.9 11.4 11.8 12.5 13 13.3 13.9 14.7 15.1 15.3 16.4 21 18.5 20.3 21.9 23.6 24.7 25.6 26.1 27 27.8 28.7 29.7 30.2 31.1 32.3 33 34.1 30.1 30.9 31.6 32.9 33.9 34.8 35.9 36.9 37.8 38.8 39.8 41 41.9 42.9 44 44.9 46.1 47.1 48.1 49.2 46.4 47.6 48.7 50 51 52.3 53.6 54.7 55.9 57.1 58.4 59.3 60.8 62 63.4 64.3
5.1 5.2 5.5 5.7 5.7 6.1 6.1 6.4 6.6 6.9 7.2 7.5 7.6 8 8.3 8.5 8.8 9.1 9.4 9.6 10 10.5 10.5 9.7 10.6 11.4 12.3 12.8 13 13.4 13.9 14.4 14.9 15.6 15.8 16.4 17 17.7 18.3 18.7 19.4 20 20.8 21.5 22.2 22.8 23.3 23.8 24.6 25.4 26.1 26.9 27.6 28.3 29 29.7 30.5 31.2 32 32.6 33.4 34.2 35.1 35.9 36.6 37.3 38.2 39 39.9 40.8 41.6 42.2 43 43.9 44.7 45.6
5.5 5 5 5.5 5.5 5.5 5.7 5.9 6.1 6.2 6.3 6.6 6.7 7 7.3 7.6 7.7 7.9 8 8.3 8.5 8.7 4.2 4.7 5 5.7 6.1 6.6 7.2 7.9 8.7 9.3 10 10.8 11.5 12.3 13.4 14.2 14.4 14.7 15 15.6 15.7 16.3 16.8 17.3 17.8 18.3 18.7 19.3 19.5 20.2 20.7 21.1 22 22.2 22.8 23.4 23.7 24.1 24.7 25.1 25.5 26.1 26.5 27.3 27.8 28.5 28.8 29.4 29.9 30.4 31.2 31.6 32.1 32.7
4.7 4.7 4.9 4.9 5 5.1 5.2 5.2 5.5 5.8 5.8 5.9 5.9 6.2 6.3 6.5 6.6 6.9 7 7.2 7.2 1.7 2 2 2.5 2.6 2.7 3 3.3 3.5 3.8 4 4.5 4.7 5.1 5.5 5.8 6.4 6.9 7.6 7.7 8.4 8.8 9.4 10 10.9 11.7 12.2 13 13.8 14.5 15.2 15.9 15.9 16.2 16.6 16.9 17.2 17.7 17.8 18.2 18.8 18.8 19.2 19.4 19.9 20.2 20.5 21 21.2 21.5 22.2 22.4 22.8 23.2 23.3
