datasets/global_precipitation_1950_2017/rasters/precip_1984-total.asc
NCOLS 720 
NROWS 347 
XLLCORNER -180 
YLLCORNER -90 
CELLSIZE 0.5 
NODATA_value -9999 
[rows 34 to 67 of 347, columns 380 to 455 of 720]
-9999 -9999 -9999 -9999 -9999 1365 1587.2 -9999 995.3 772.5 774.1 638.1 602.8 608.6 610.7 598.9 575 552.6 558.1 571.1 623.4 581.7 575.3 612.7 722.7 586.4 644.4 592.4 597.5 641 671.3 610.1 598.3 518.3 516.4 536.8 546.8 564.9 563.4 568.8 577.5 572.4 559.2 556.4 559.7 563 554.7 524.6 -9999 -9999 -9999 -9999 -9999 -9999 375.6 368.7 379 397.7 423.1 430.5 -9999 -9999 -9999 -9999 422.6 448.3 469.5 -9999 458.9 435.1 406 390.7 383.3 381.2 387.1 400
-9999 -9999 -9999 -9999 -9999 1120.1 1204.3 1040.6 797.8 594.7 598.4 663.4 702 612.7 616.9 596.6 558.4 640.6 656.1 617.1 618.3 610.9 621.5 540.9 513.1 575.2 -9999 -9999 -9999 529.6 569.3 615.5 639 614.8 547 592.7 615.5 580.7 588.7 613.1 609.9 583.7 549.6 532.3 538.8 544.2 530.3 498 464.9 -9999 -9999 -9999 -9999 -9999 -9999 -9999 -9999 -9999 -9999 -9999 -9999 452.4 448.2 442 445.6 454 466.7 476.4 417.5 419.2 407.1 396 396.7 418.4 447.3 471.4
-9999 -9999 -9999 -9999 -9999 1037 1007.3 836.4 610.5 616.9 687.6 759.2 707.3 534.3 603.3 640.6 645.3 693.6 730.3 701 615.7 639.8 597 -9999 -9999 -9999 -9999 -9999 -9999 -9999 -9999 460.6 510.4 569.2 581.6 630 647.1 624.1 618.2 650.5 612.8 549.7 516.8 549.9 570.5 551.7 508.7 472.1 443.3 -9999 -9999 -9999 -9999 -9999 -9999 -9999 -9999 -9999 -9999 -9999 453.4 469.3 483.2 490.2 499.2 502.8 496.9 484.1 465.3 447.2 439 439.6 450.6 472.4 498.2 520.3
-9999 -9999 1262.6 1612.6 1573.3 1028 839.2 702.6 619.4 623.5 703.6 674.7 668.1 636.8 620.6 729.1 641.5 620.3 571.8 602.1 621 554.5 -9999 -9999 -9999 -9999 -9999 -9999 -9999 465.4 486.1 489.7 562.7 603.5 611 639.6 719.3 625 640.9 621.3 630.9 619.3 620.1 644.9 662.3 617.1 548.1 500.5 470.9 479.3 -9999 -9999 -9999 436.9 439.8 447.5 -9999 -9999 -9999 -9999 477.9 517.3 529.2 540.7 554 574.7 591.3 580.6 548.3 513.4 481 462 477 505.2 529.1 541
-9999 1194 1053.9 1037.1 927.1 807.3 703.8 621.3 564.8 603.6 647.1 668.4 690.1 671.3 603.7 688.5 712.9 637.5 596.1 676.2 660.3 657.1 -9999 -9999 -9999 -9999 -9999 -9999 507.1 539 540.5 504.8 550.6 551.4 558 538.7 671.6 624.9 629.9 648 688.2 657.8 642.3 629.5 617.5 605.5 587.3 562.5 550.8 551 558.3 609.2 -9999 -9999 -9999 -9999 524.8 515.3 506.5 512.5 544.9 566 563.3 562.1 557.2 566.4 579.6 593.4 607.5 602.9 579 556 542.2 536.6 534 530.8
1272.8 1087.7 732.4 671.7 845 841.4 799.9 731 792 599.4 597.7 585.2 647.4 582.1 621.2 872.5 715.8 670 810.9 746.9 707.4 -9999 -9999 -9999 -9999 441.2 473.9 465.5 439.5 508.3 449.2 497.6 590.3 541.9 613 664.6 632.9 613 569.7 598.3 611.7 598.3 604.9 604.8 596.1 592.5 588.7 581.1 580.3 573.3 563.9 558.6 549.9 541.4 545.5 557.7 557.8 532.8 509.8 503.8 506.6 515.7 524.1 528.9 537.9 554.3 576 602.7 629.5 634 618.9 601 582 561.3 546.5 531.4
691.6 679.6 724.9 702.2 605.4 521.1 567.4 670 562 530.4 591.5 567.8 581.2 559.9 530 580.6 845.9 712 -9999 -9999 -9999 -9999 -9999 -9999 402.8 429.3 512.7 530.1 526.9 486.7 532.5 585.5 503.2 468 591.7 603.9 604.6 622.3 692.8 632.5 620.4 641.6 631.2 627 607.2 588.6 576.2 576.6 578.1 572.5 554 539 541.8 536.9 525 508.5 490.5 480.9 472.6 445.2 408.6 434.7 490.8 527.3 552.2 575.1 585.7 593.1 596.8 599.8 596.1 584.3 565.6 549.5 547.4 551.3
489.1 578 661.1 713.1 692.9 685.5 681.7 565 588 601.1 592.9 604.9 600.5 548.4 698.3 755.4 -9999 -9999 -9999 -9999 -9999 -9999 583 566.7 578.8 590.5 565.1 556.9 579.7 602.5 552 550.9 585.3 659.8 606.4 629.7 623.7 621.6 607.1 649.8 620.8 631.9 626.3 629 625.4 600 585.2 581 583.6 575.3 549.1 527.8 536.4 543.3 534 512 494.6 476.5 461.5 452.4 443.2 465 509.7 547.8 578.6 579.5 574.7 572.8 570.6 569.7 565.4 555.1 542.2 530.4 522.5 516.4
451.8 468.6 642.9 632.2 738 703.1 732.7 694.1 672.1 586.3 537 614.8 746.4 707.3 758.4 -9999 -9999 -9999 -9999 -9999 -9999 -9999 -9999 635 664.3 683.6 693.9 675.2 629.9 686.1 683.7 687.1 666.9 698.7 676.3 656.4 620.2 615.6 655.5 627.9 615.9 602.9 615 619 626.1 613.4 603.6 581 540.9 565.1 576.4 575.1 564.9 536.1 544.3 555.6 545.7 520.9 500.4 545.5 581.3 586.7 580.4 568.1 555.5 550.1 550.2 551.5 550.6 548 545.5 537.7 527.5 518.3 504.3 493.7
653 599.7 502 633.1 726.9 758.5 739.8 691.3 693.3 729.6 722.4 593 562.6 684.5 732 -9999 -9999 -9999 -9999 -9999 -9999 -9999 -9999 696.4 735 758.5 701.6 696.1 712.3 686.1 746.8 644.9 726.9 635.8 666.7 671.5 660.8 613.9 579.8 597.1 582.9 611.6 589.9 595.1 621.6 636.3 643.8 650.3 663.2 629.9 616.5 621.3 647.4 645.5 606.8 588.1 600.6 617.8 622 641.8 694.1 653.6 616 586.2 560.2 544.4 536.2 539 535.8 533.4 529.3 524.4 516.1 499.6 485.6 482.5
783.9 804.2 851.3 866.5 912.9 864.3 858.9 752.7 725 797.5 766.6 677.1 685.5 702.5 -9999 -9999 -9999 -9999 -9999 -9999 -9999 -9999 -9999 649.8 671.5 686.8 678.7 655.3 657.3 725.1 769.9 693.7 715 706.1 673.3 625.4 678.9 620.2 590.7 570.6 559.3 559.7 575 610.8 632.7 641.1 648.2 652.7 648.2 641.9 640 640.3 644.4 648.5 641.1 631.4 634.1 646.6 641.8 623.5 610.9 602.7 586.4 563 547.4 542.8 540.1 534.7 529 523.2 520.1 521.2 528.6 474.5 465.2 472.4
873.1 718.5 642.4 702.9 775.7 745.8 778.2 753.5 744 726.9 726 643.6 729.4 690.5 566.5 -9999 -9999 -9999 -9999 -9999 -9999 -9999 -9999 755.4 791.1 781.8 766.3 743.2 766.5 804.7 776.4 735.8 790.8 763.2 751 805 712.3 637.7 645.9 627.8 600.5 588.3 600.1 620.3 636.4 648.8 691.4 721 675.7 648.4 648.8 645.1 637.4 630.5 627.8 622.1 616.4 615.6 610.3 599.2 588.4 583.3 572.5 558 551.6 553.3 556.4 556.1 544.7 523 501.3 479.4 467 489 475.4 462.2
736.9 854.5 822.3 734.5 777.5 877.1 739.2 735.3 796 842.8 795.9 715.8 634.9 627.9 635.2 653.5 646 -9999 -9999 709.9 710.7 -9999 -9999 -9999 746.6 -9999 820.4 840.9 825.9 796 -9999 759.7 -9999 -9999 -9999 -9999 -9999 -9999 572.5 566.9 593.9 592.8 586 586.2 597.4 626.3 667.8 692.6 695 685.2 673.7 653.9 627.2 604.6 577.6 551.7 558.3 569.9 564 561.3 561.5 571.4 573.7 565.5 558.3 560.8 576.2 591.1 588.2 558.7 527.2 504.1 484.1 464.2 416.2 321.7
1022.9 881.3 833.1 799.9 688 704.1 757.3 787 800.6 827.8 864.1 763.9 732.7 644.9 610.4 617.5 671 712.1 -9999 -9999 -9999 -9999 -9999 -9999 -9999 -9999 -9999 -9999 -9999 -9999 -9999 -9999 -9999 -9999 -9999 -9999 -9999 627.1 582.5 563 628.1 590.1 577.4 568.9 571.8 644.2 744.2 762.1 721.7 706.5 682.5 644.3 609.3 574.4 547.3 527.1 505 522.7 519.7 538.1 548 548.9 548.9 548.9 547.4 550.6 566.5 579.5 586 582.7 573.1 559.2 532.2 507.3 500.1 525.4
1032.2 875.5 881.1 857.1 811.5 828.6 765 718.7 716.4 812.7 722.2 675.2 659.2 724.5 530.5 635.8 669.2 -9999 -9999 -9999 -9999 -9999 -9999 -9999 -9999 -9999 -9999 648.6 665.6 704.6 724.7 723.4 639.8 638 651.4 642.3 624.7 669.9 626.5 601.1 590.7 573.1 556.8 582.6 639.7 695.4 722.9 720.3 702.4 687.4 662 626.4 604.5 572.6 541.6 525 541.9 549.4 571.8 613.5 576.5 562.3 552.7 535.7 521.2 546.7 576.6 591.3 598 603.4 597.1 592.8 584.7 571.6 570.1 580.8
-9999 -9999 803.9 923.8 850.5 695.6 549.8 502.6 572.5 685.6 726.1 605.6 611 602.3 615.9 -9999 -9999 -9999 -9999 -9999 -9999 -9999 -9999 -9999 -9999 -9999 -9999 -9999 1829.3 928 797.2 706.2 611.8 615 592.1 542.3 562.7 611.5 615 596.6 580.5 551.2 536.7 589 664.7 732.9 689.3 669.4 660.2 658.9 662.8 660 611.9 557.1 525.2 529.5 541.8 557.8 565.8 576.5 577.1 578.4 581.6 571.3 564.6 592.6 628 621.4 621 642.8 654.1 654.1 633.3 608.5 601 615.8
-9999 -9999 -9999 898.3 738.3 725.3 574.6 592.9 570.8 688.4 577.7 576.6 574 -9999 -9999 -9999 -9999 -9999 -9999 -9999 -9999 -9999 -9999 -9999 670.1 -9999 -9999 -9999 -9999 702.6 677.2 638.2 564.9 542.7 554.2 545.3 577 641.7 682.9 609.9 581.9 565.1 561.9 597.7 649 664.1 675.9 641.9 632.4 637.5 634.5 617.7 576.6 541.7 524.4 526.3 541.3 552.8 551.6 556.3 564.6 572.4 584.7 588.4 586.9 623.1 709.3 697.6 667.5 670.9 690.4 690.4 650.5 592.3 564.5 596.5
-9999 -9999 -9999 -9999 910.2 852.2 866.4 834.7 580.9 636.6 645 658.3 630.4 -9999 -9999 -9999 -9999 683.9 -9999 -9999 -9999 -9999 -9999 -9999 -9999 -9999 -9999 -9999 -9999 623.3 652.7 664.2 658.7 583.3 555.1 551.1 521.9 518 558.3 559.1 566.8 591.5 601.2 618.8 629.3 639.9 664.1 638 635.5 628.9 602.4 578.8 533 498.1 515 522.9 527.1 533.1 540.2 523 533.1 645.3 622.6 594.1 591.8 599.3 612.4 634.2 643.6 655.6 671.6 683.4 659.4 617.2 569.8 563.1
666.6 -9999 -9999 -9999 1013.2 941.5 824.8 777.6 711 793.9 801.2 689.5 654.9 -9999 -9999 -9999 667.7 -9999 -9999 -9999 -9999 -9999 -9999 744.7 691.2 682.1 -9999 -9999 -9999 611.5 640.3 650.4 655.5 643.8 583.9 492.4 527.8 546.3 559.7 584.7 615.8 659.5 688.5 635.8 620.9 638 651.4 641.7 635.8 626.7 610.8 591.6 569.5 556.8 544.6 528 564 571.4 564.9 558.3 543.4 526.2 525.4 545.9 571.6 566.7 560.4 593.6 602.5 623.3 637 626.9 609.1 586.7 557 525.2
679.9 -9999 -9999 -9999 -9999 829.5 1018 823.5 760 704 704 708.8 604.3 626.4 -9999 -9999 -9999 -9999 -9999 -9999 -9999 -9999 797.1 838.1 704.9 649.2 573.5 563.8 550.5 587.8 622.8 638.5 671.1 624 566 553.1 595.3 624.9 629.5 642.9 654 665.6 650.6 626.5 559.5 564 614 630.5 635.1 634.8 622.9 599.4 588 621.7 677.4 659.4 650.5 712.5 620.3 590.6 541 502.8 472.5 481.4 542 593.9 671.3 629.8 589 587.7 590.1 571.1 547.2 555.4 613.3 749.3
708.7 693.6 -9999 -9999 -9999 -9999 950.2 870.2 651 672.4 664.3 758.4 -9999 -9999 -9999 -9999 -9999 -9999 -9999 -9999 -9999 -9999 816 796.9 766.8 681.1 597.2 557.2 536.1 621.6 604.8 599.5 599.6 579 555.7 571.1 653.4 836.5 782.5 646.3 620.5 633.1 633.7 631.5 622 627.3 631.2 632.1 633.3 634.5 624.8 610.6 617.1 637.2 635.1 633.3 616.5 588 507.6 528.6 526.9 491.3 510.9 530.1 556.3 571.1 559.4 686.7 624.1 580.6 544.9 505.8 452.4 461.8 543.5 581.6
-9999 -9999 -9999 420.4 635.5 -9999 673.1 780.8 -9999 -9999 -9999 -9999 -9999 -9999 -9999 -9999 -9999 -9999 -9999 -9999 -9999 -9999 764.7 853.5 850.9 757.9 627.7 592.7 623.8 610.5 598.6 597.1 646.1 581.2 555.3 540.2 565.4 632 637.5 625.5 615.1 605.7 614.9 631.8 644.2 657 656.1 640.3 631.4 637 625.5 586 583.8 598.6 618.4 636.7 595.7 573.5 554.7 550.8 550 547.6 553.9 580.4 580 557 553.3 550.5 547.7 522.5 480 457.6 447.5 457.5 459.9 463.3
702 569 -9999 526.2 565 -9999 -9999 -9999 -9999 554.3 -9999 -9999 -9999 -9999 -9999 -9999 -9999 -9999 -9999 -9999 -9999 -9999 -9999 785.2 807.1 711.9 639.4 555.2 561.4 574.5 587.4 581.2 560.9 577.6 532.4 537 577.8 615.7 608.9 600.3 583.4 582.5 618 644.2 654.9 656.5 624.2 587.6 606.4 618.6 610.1 570.3 575.9 573.3 549 537.9 527.5 511.9 538.9 556.1 559.9 558.6 561.1 547.8 510.9 513.4 488.8 461.9 500.9 501.5 465.3 434.8 401.9 404 409.6 415
-9999 -9999 548.1 596.8 -9999 -9999 -9999 -9999 -9999 -9999 -9999 -9999 -9999 -9999 -9999 382.5 352.1 -9999 -9999 -9999 658.8 679.3 652.5 646.9 625 546.9 515.2 545.3 566.4 597.1 590.1 586 598 610.2 581.9 589 588.4 589.6 591.3 589.7 602.4 612.1 634.3 665.8 671.3 652.2 627.7 618.9 615.1 599 565.4 531.4 502.4 509.9 485.8 483.2 497.4 518.2 576 608.2 551.1 536.9 540.4 553.3 518.5 487.2 480.6 456.4 476.9 476.8 462 433.4 401.3 387.7 385.6 374.2
777.6 795.7 -9999 -9999 607.2 633.4 -9999 -9999 -9999 -9999 -9999 -9999 385.6 404.2 518.8 586.4 407.7 418.4 442.8 514.1 563.2 531.7 469.5 467.8 489.5 335.2 438.8 508.6 566.1 592.3 584 585.3 610.6 578.4 580.9 589.2 595.9 590.5 579.5 586.9 604.9 629.7 630.5 631.9 645.8 649.2 637.6 634.2 627.5 590.8 552.6 526.6 497.9 480.2 488.6 513.6 486.5 470.7 476.8 508.1 500.3 487.8 482.4 456.5 448.8 434.6 414.7 381.4 406.4 441.3 458.6 443.2 430.2 412.7 391.1 361
802 712.7 641.5 633.3 619.2 582.9 502.3 487.3 412.9 326.2 303.1 333.7 393.4 383.2 312.9 266.8 323.1 362.4 389.8 483.1 531.9 501.5 417.7 380.4 420 460.1 501.6 589 563.3 595.7 621.1 630.9 611.5 573.1 601.6 595.6 552.1 538.5 539.1 562.2 600.3 598.1 581.4 587.1 607.8 622.7 611.3 597.7 611 641.5 588.4 561.3 551 532.2 516.8 484.4 478.3 483.1 540.3 493.6 511.9 492 471.4 451.5 437 427.6 410.9 375 386.4 394 407 433.9 468.4 461.6 431.7 414.5
647.5 639.2 610.6 615.1 585.1 563.6 578.5 531.4 424.4 376.2 319.2 375.9 456.3 502.7 381.2 281.8 225.2 218.9 310.7 380.5 385.1 409.6 372.1 344 387.9 417 424.4 507.6 539.6 555.4 553.8 529.6 532.6 517.2 496.4 512.2 527.6 505.9 513.7 542 573 589 585.9 570.3 561.6 590.5 606.8 597.4 568.9 565.4 569 555.2 568.1 550.9 451.4 427.8 441.3 442.9 451 467.3 480.9 469.1 446.2 439.3 437.5 444.1 492.5 443.4 374.9 300.1 293.5 361.2 402.8 423.8 439.3 462.5
799.8 734.2 584.8 554.7 554.2 545.8 571.1 573.9 525.9 377.5 166 230.3 268.7 245.1 253.4 282.5 317.6 340.8 284.1 230.2 254.9 266.7 291.2 352.7 419.4 447.3 467.7 498.2 534.1 552.7 579.8 552.2 542.2 532.7 508.4 525.2 525.2 510.3 527.4 568.9 590.1 588 582.9 572.1 576.1 615.5 676.5 735.9 669.2 603 553.8 519.7 495.6 448.6 395.4 393.6 403.1 405.7 405 414 474.1 460.6 410.9 458.7 421.1 397.3 406.7 401.3 380.7 366.6 368.9 366.2 361.8 383.4 406.4 395.1
665.1 655 579 518.8 581.4 505.3 528.9 500.6 532.3 440.4 301.3 268.8 303.5 407 289.9 265.1 267.3 279.7 340.5 425.7 314.3 240.1 293.7 380.4 500.3 431.9 494.7 500 489.3 537.1 579.7 570.7 547.5 534.1 556.3 597.9 576.5 550.7 531.9 603.9 590.8 598.2 593.4 588 616.2 638.6 661.6 682.9 668.9 622.5 555.4 489 432 445.4 437 428.4 435 448 582.5 464.5 432 415.5 408.3 405.7 395.3 383.9 384.6 404.1 381.8 377.8 427.3 383.6 323.8 359.8 445.6 413.8
1226.3 1181.6 585.1 510.3 543.2 553.4 431 452.2 516.9 509.3 436 405 361.7 325.7 334.3 267.3 229.1 270.5 194.6 257.3 299.6 339.2 358.4 373.8 412.6 419.4 439.7 455.9 470.6 540.5 641.9 642.9 587.5 579.9 582 572.6 567.2 579.8 588.8 542.6 455.1 522.3 555.2 632.1 646.7 702.2 688.1 616.7 609.9 604.1 562.3 551.8 521.8 519.3 489.7 494.5 516.4 428.3 359 379.3 370.6 357.1 350.9 355.9 361.6 359.5 367.3 347.3 348.8 348.3 327.4 294.8 297.1 326.9 355 429.5
863.6 618.5 581.9 537.7 516.8 623 578.4 559.5 620.7 595.5 533.8 421.5 316.1 346.6 373.6 421.2 440.2 360.5 279.5 219 228.3 243.3 281.2 307.4 305.4 342.9 378.3 435.9 490.3 517.9 618.4 643 550.3 615 615.6 651.2 592.4 584.6 566.4 538.8 499 551.3 602.4 576.2 597.6 624.1 561.8 562.3 522.5 519.1 511.9 509.4 495.2 478.9 449.7 468.9 463.2 427.9 392.8 366.2 345 338.4 341.7 356.5 362.8 350.4 337.1 323.3 308.5 293.1 280.1 266.7 259.4 241 257.3 298.1
882.8 1111.9 676.1 724.8 697.9 644.3 760.6 895.4 625.8 632.6 756 309.3 460.8 398.2 406.8 478.5 481.8 470.2 423.9 339.5 234 189.4 243.4 315.1 352.4 321.2 196.1 444.2 649.4 580.1 519.5 497.1 467.4 509.5 542 542.5 568.9 569.6 513.3 482.7 545.6 565.5 560.4 550.3 557.3 553.2 552.5 537.5 485 496.1 482.8 445.4 460 443.5 436.1 452.6 442.6 410.9 368.5 349.7 327.4 314.2 313.5 349.2 357.7 349.4 320.8 297.6 277.6 262.4 253.8 236.8 216.8 195 190.6 196.2
772 772.1 883.4 960.9 920.3 782.8 610.8 456.3 481.7 404 466.5 529.4 757.3 588.6 700.8 572.4 534 370.2 314.2 445.2 407.1 309.9 351.5 451.1 426.4 445 507.5 577.1 630.1 600.5 548.7 500.6 481.1 527 556.3 543.7 549.6 514.2 536.9 594.4 587.7 566.3 561.4 474.1 510.5 509.3 477.3 496.9 509.5 455.3 446.6 436.1 413.2 412 424.9 417.2 414.1 411.9 388.4 346 315.4 295.8 308.9 335.3 358.8 317.7 283.5 271.8 270 247.6 223.2 215.6 206.6 206.1 195.8 188
610.5 750.9 892.4 941.8 945.6 746 477.3 534.5 526.4 562.2 541.4 613.8 642.4 553.3 577.4 600.9 633.2 749.7 707.6 577.2 545.5 495.7 523.6 476.6 417 230.5 646.1 628.7 609.6 585.7 564.9 543 494.9 488.6 479.2 594.7 589.4 565.8 580.2 609.8 619.4 608.7 556.8 499.6 498.1 508.2 486.7 405.2 420.7 411.6 395 377.5 360.9 391.9 373.9 356.4 409.7 415.5 406 350.7 325.2 336.6 375.5 333.4 287.9 256.6 244.4 247.9 246.7 237.2 224.1 207.5 188.8 181.6 185.9 192
