datasets/global_precipitation_1950_2017/rasters/precip_1968-total.asc
NCOLS 720 
NROWS 347 
XLLCORNER -180 
YLLCORNER -90 
CELLSIZE 0.5 
NODATA_value -9999 
[rows 102 to 135 of 347, columns 532 to 607 of 720]
336.7 363.7 360 350.2 335.3 313.9 323 333.2 354.4 383.8 408.9 429.9 459.5 503.9 550.3 569.6 553.9 524.6 497.7 483 487.2 488.9 494.6 517 555.8 583.7 590.1 594.8 609.1 624.1 670.4 738.3 769.4 737.1 674 665.2 678.8 714.5 829.7 912.7 1067.7 1203.2 1259.4 1364.6 1321.3 983.7 742.6 715.2 782.3 836.7 820.8 795.4 898.4 992.3 959.2 1053.4 1067.2 1054.1 1082.5 1026.2 1003.6 810.4 777.3 776.3 790.9 759.1 767.5 796.1 816.6 806.1 788.6 -9999 -9999 -9999 -9999 -9999
518.9 522.1 469.9 384.7 334 316.9 310 300.4 317.7 366.5 411.2 440.3 464.6 524.6 577.3 593 579.4 556.9 534.5 514.8 484.5 464.6 460.2 494.7 551.2 570.9 576.7 588.1 609.4 602.6 642.1 731.9 792.3 769.1 772.4 806.9 809.7 830.6 923.2 1079.5 1173.1 1341.7 1332.2 1372.8 1355.8 1165.8 987.1 945.4 924.8 887.1 890.4 898.6 948.8 956.5 712.1 989.5 1075 1029 1009.7 960 890.1 817.5 818.2 776.4 641.3 780.8 803.3 892.7 852.6 792.2 796.9 757.4 -9999 -9999 -9999 -9999
994.4 888.5 646.4 423.6 315.8 299.7 312.9 292.6 297.8 359.9 415.1 450.2 482.5 566.4 630.6 634.8 625.7 608.2 576.6 546.5 499.1 437.8 406.8 451.4 512.4 549.1 563.1 585.1 598.6 558.2 564.9 650.7 649.6 722.1 903.3 983.2 880 863.3 934.1 1071 1141.5 1204.6 1150.8 1351.4 1303 1243.1 1143.2 1156.4 1133.3 1076.2 1101.9 1087.6 1106.5 1172.3 986.2 1050 1073.1 1024.4 972.8 945 963.7 1004 974.3 862.9 794 926.6 893 873.7 817.9 780.3 768.9 -9999 -9999 -9999 -9999 -9999
1807.4 1411.6 876.4 499 351.2 322.5 349.5 360.5 365.4 397.3 436.2 468.7 518.4 597.9 679.5 676.9 699.8 730.2 731.1 686.7 601.3 485 434.9 438.7 485.9 524.1 535.3 551.2 575.1 562.1 593.1 696.6 695.8 814 960.8 910.9 877.8 905.5 941.1 1011.1 1128.9 1198.5 1295.6 1343.5 1255.1 1285.7 1303.1 1298.7 1230.9 1129.4 1143.8 1133.1 1069.1 1084.6 1062.4 1078.9 1125.4 1029.7 1012.4 1067.2 1027.7 1070.6 1051.2 1144.1 1190.6 1105.6 1083.6 1029.7 954.9 849.1 771.9 -9999 -9999 -9999 -9999 -9999
2236.2 1835.3 1103.9 584.3 470.8 463.7 465.8 455.3 441.9 447.6 461 466 476.6 513.8 569.8 647 760.8 894.4 997 1026.5 871.5 668.2 515.8 481.4 501.5 530.8 504.9 534.5 596.4 649.5 756.8 859 922.3 1107 1213.1 1052.1 979.9 965.2 959 1013.7 1166.4 1258.1 1329.7 1487.4 1435.4 1430.7 1545.1 1466.3 1288.9 1122.7 1071.8 1002.6 1019.7 1004.9 1032.4 1056.2 1023.2 977 932.6 981.4 1041.8 1037.4 1096.5 1371.8 1764.6 1416.2 1371.2 1167.6 1163.2 -9999 987.5 -9999 -9999 -9999 -9999 -9999
2101.1 1702.1 1109.9 645.5 632.5 599.1 598.2 551 497.2 480.6 494.9 446.7 398.3 343.7 359.9 524.2 703 967.7 1325.8 1435.5 1322.3 1008 661.8 558.5 561.6 522.9 490 546.7 614.2 732.7 883.4 924 960.9 1179.7 1522.8 1336.2 1247.1 1141.4 1101.7 1171.9 1294.4 1387.1 1247.2 1307.8 1377.8 1446.3 1463.3 1320 1184.8 1142.8 1050.5 991.6 932.9 894 909 1160.8 1137 1001.1 913.8 929.7 997.7 1115.8 1214 1232.9 1271.5 1271.1 1233.7 1158 1140.2 1094.6 1096.9 1064.5 909.5 -9999 -9999 -9999
1714.9 1041.4 457.4 590.9 873.4 602.2 658.1 451.3 477.7 469.6 449.8 405 330.8 150.6 115.4 339.9 821.1 1606.7 2203.6 1828.5 1681 1427 965.5 657.1 610.1 571.6 565.2 597.1 619.4 797.5 1047.8 1057 1040.2 994.1 1536.1 1540.9 1338.1 1259.5 1194.1 1215.5 1291.5 1364.2 1435 1362.4 1305.7 1482.9 1445.3 1237 1122.5 1178.2 1128.6 1033.3 979.4 881.6 807.4 999.9 1100.8 1078.5 1091.2 1081.4 1137.7 1150.2 1313.4 1376 1370.8 1355.3 1290.2 1173.2 856 1164.5 1201.1 1136.5 -9999 -9999 -9999 -9999
696.7 300.7 217.9 836.2 1383.2 1886.2 1081.3 352.6 434.6 420.5 385.4 327.8 264.4 86 54 365.9 1963.1 3241.1 3797.7 3053.4 2568 2366.9 1868.3 1024.3 757 645.7 637 640.3 655.5 853.5 1076.4 1092.9 1162.4 1241.4 1300.8 1290 1323 1355.7 1306.7 1244.8 1292.7 1386.3 1508.5 1396.7 1444.2 1576.8 1493.2 1349.6 1304.1 1314.9 1262 1190.6 1134.2 1109.2 1092.9 1120 1159 1145.1 1200.1 1300.9 1327.5 1367.2 1575.2 1605.5 1551.9 1466.9 1363.4 1273.2 1240.8 1427.9 1249 -9999 -9999 -9999 -9999 -9999
913.9 802.4 1124.8 1692.1 1797.8 1466 1039.2 805.6 583.6 500.7 526.4 308.2 202 92.4 65 1885.4 3438.4 4247.7 3657.2 2716.8 2436 2492.8 2714.3 1793.6 1099.2 696.8 673.6 735 795.9 942.3 1126.6 1261.4 1359.9 1349.1 1231.5 1078.7 1226.6 1295.1 1284.4 1250.5 1228.1 1239.6 1269.6 1255.4 1198.5 1355.6 1428 1401.6 1402.3 1404.4 1341.9 1317.5 1317.6 1298 1293.9 1313.5 1336.5 1310 1250.5 1318 1501.6 1746.2 2004.8 1780.2 1710.4 1679.2 1470.6 1342.8 1300.6 1240.9 -9999 -9999 -9999 -9999 -9999 -9999
1818.1 1450.3 2448.5 1844.3 2221.3 1414.7 709 1856.6 3507 3492.6 2632.8 1682.1 520.8 420.7 1505.7 2869.6 3331.6 3699.8 2749.8 2279.4 2328.4 2659.6 3260.9 2933.6 1906.7 1110.8 839.9 882.8 954.5 1032.6 1193.7 1363 1449.8 1369.7 1193.8 1014.2 1039.5 1083.7 1079.2 1089.6 1124.2 1090.7 1212.6 1231.1 1140.7 1292.3 1394.4 1485.1 1533.3 1435.2 1374.8 1396.2 1512.7 1545 1484.7 1455 1446.7 1468.8 1443.9 1517.7 1670 1671.4 1844 1987.3 1957.8 1815 1560.7 1394.9 1333 -9999 -9999 -9999 -9999 -9999 -9999 -9999
1274.7 1713.3 1237.6 1459.6 2680.4 2738.9 2740.2 5255.7 5298.4 3513.4 2866.1 2514.1 1651.5 1745.5 2231.9 2593.5 2724.7 2454 2241.6 2450.1 2430.4 2876.5 3371.2 3436.6 2877 1678.8 1045.7 1028.4 996.8 1038.7 1168.3 1315.6 1341.5 1261.7 1069.4 830.8 969 998.5 995.2 1042.9 1099.1 1105.9 1146.7 1191.6 1278 1331.9 1375.4 1387.7 1510.8 1461.5 1353.3 1358.7 1604.1 1887.2 1644.3 1565.2 1543.5 1572.8 1618.2 1706.7 1808.3 1606.9 1906.4 1920.4 1766.5 1759.3 1477.3 1369.7 1424.7 -9999 -9999 -9999 -9999 -9999 -9999 -9999
1297.8 1337.3 1773.3 2077.9 2884 3168.1 4524.2 5599.7 4663 3310.3 3058.6 2483.5 2102.7 2042.5 2401.7 2254.7 2164.9 2541.3 2505.4 2489.4 2487 3042 3247.4 3222 2985.7 1974.8 1099.9 1102.7 1057.9 1064 1159.6 1348.4 1465.1 1259.5 1146.7 1037.1 989.8 1049.3 1097 1158.9 1125.3 1053.1 1114.7 1147.5 1225.7 1328 1469.4 1548.5 1550.2 1530.3 1458.6 1452.9 1472.6 1473.9 1585.2 1532 1567.6 1600.8 1608.2 1786.6 2072.2 1861.8 1819.2 1924.8 1957 1734.3 1437.7 1482.2 -9999 -9999 -9999 -9999 -9999 -9999 -9999 -9999
1117.5 1239.9 1532.3 2315.5 2276.2 2818.6 3384.8 3507.1 2706 2811.9 2152.9 1793.9 1585.3 1178 1824.3 1713.1 2357.2 1827.3 2330.4 2527.5 2371.3 2539.8 2678.5 2648.8 2280.1 1796 1190.9 1099.5 1114.7 1094.6 1086.2 1201.9 1301 1098.5 1036.8 1073.5 1138 1260.6 1339.3 1297.3 1209 1113.7 1208.7 1261 1323 1428.7 1605.5 1704.7 1816.3 1714.6 1530.2 1507.1 1523.8 1585.6 1612.2 1599.7 1692.1 1661.7 1582.6 1711.3 1744.3 1702.7 1599.4 1744.6 1827.5 1569.3 1257 -9999 -9999 -9999 -9999 -9999 -9999 -9999 -9999 -9999
648.6 1308.8 1477.7 1605.2 1733.7 1913.7 2336.7 2736.6 2874.3 2512.3 2054.5 2134.7 1943.4 1069.9 1057.4 1094.8 1424.4 1669.4 1779.2 1683.6 1701.8 1912.4 1955.2 1913.7 1814.3 1417.4 1108.8 1100.4 1169.7 1107.5 978.8 895.3 1003.9 1021.6 1007.6 1112.1 1274.3 1416.2 1518.6 1442.9 1343.5 1332.8 1376.1 1424.5 1460.4 1534 1879.4 2149.9 2356.1 2166.6 1754.6 1555 1561 1667.8 1666.3 1606.1 1607.3 1542.2 1539.6 1652.5 1675 1615.4 1504.4 1539.8 1553.8 1403 1187.4 -9999 -9999 -9999 -9999 -9999 -9999 -9999 -9999 -9999
1090.4 1332.8 1365.3 1489.4 1449.3 1710.4 1752.6 2164.1 2778.7 2791.8 9724.9 10564.2 3759.2 2634.8 1993.7 1931.2 1519 1600.8 1711.3 1467.6 1436.9 1836.7 1878.1 1744.5 1435.8 1248.6 937.5 1041.8 1070.8 1064.4 967.7 952.5 1020 1046.4 1080.8 1120.8 1268.7 1457.6 1564.8 1522.3 1440.8 1426.8 1500.4 1664.2 1758.9 1822.8 2091.2 2449 2657.9 2455.9 2036 1666.8 1552 1478.3 1468.1 1515 1580.4 1571.7 1584.2 1631.5 1635.6 1599 1549.7 1426.4 1291 1125.9 1001.9 -9999 -9999 -9999 -9999 -9999 -9999 -9999 -9999 -9999
926.2 1375 1232.8 1516.6 1343.4 1478.5 1566.2 1818.1 2259.1 2359.1 4479.1 4174.1 3835.1 3412.8 3143.9 1618.5 1789.8 2111.5 2049.8 1722.4 1625.6 1799.1 1848.8 1671.2 1470.4 1363.7 1157.2 1141.5 1181.2 1128.9 1016.7 1010.5 1062.5 1066.5 1069.3 1038.6 1134.9 1376.5 1530.8 1507.6 1472 1509.1 1681 1948 2029.6 1943.7 1772.9 2118 2293.4 2211.5 1957.4 1659.4 1567.8 1468.3 1379.8 1387 1560 1667.2 1634.4 1572.1 1488.3 1523.5 1461.7 1297.7 1119.1 1089.6 -9999 -9999 -9999 -9999 2334.7 1851.4 -9999 -9999 -9999 -9999
1479.5 1237.5 1345.5 1496.4 1414.8 1514.1 1694.6 1722.5 1953.6 2138.7 2339.4 2602.3 3195.2 2848.6 1607.2 1346.1 2621.7 2363.6 2248.3 1957.2 1816 1807.5 1868.9 1620.6 1611.3 1586.2 1442.9 1351.7 1326.3 1291.7 1156.7 1091.5 1092.5 1084.4 1052.7 1072.7 1157 1157.9 1249.2 1383.6 1539.5 1588 1683.5 1949.4 1989.1 1813.5 1597.9 1699.7 1776.6 1924.5 1740 1596.2 1523.4 1506 1563.9 1552.3 1649.3 1729.9 1621.5 1496.4 1384.2 1486.6 1435.9 1283.6 -9999 -9999 -9999 -9999 -9999 2087.9 3364.6 -9999 -9999 -9999 -9999 -9999
1418.5 1571.2 1609 1186.7 1335.6 1534.5 1598.1 -9999 -9999 1945 2156.2 2067.1 2625.8 2236.7 2209.5 2056.8 2317.1 2339.4 2178.7 2086.3 1855.9 1737.7 1713.2 1613.8 1606.1 1632 1626.4 1464.1 1368.9 1448.2 1443.5 1254.8 1162.9 1062.9 942.3 1350 1312.5 1153.9 1263 1488.4 1602.3 1601.7 1606.9 1788.2 1813.9 1766.4 1591.7 1684.6 1900.3 1769.5 1576.2 1535.9 1509.9 1499.9 1602 1702.8 1708 1765.7 1718.1 1609.1 1551.6 1574.2 1545.3 -9999 -9999 -9999 -9999 -9999 1630.5 2966.6 2423.1 -9999 -9999 -9999 -9999 -9999
1211.5 1316.4 1326.8 1340.4 1413.3 1635.8 1443.8 1659.5 1796.9 2353.5 2363.1 2126 3259.2 4486.7 2780.9 2162.6 2192.8 2021.6 1829.4 1906.3 1892.1 1477.8 1728.1 1689.1 1639.1 1656.9 1666.4 1641.3 1625.7 1730.8 1827.5 1717.4 1533.5 1109.8 929.1 1247.1 1238 1735.8 1789 1644.3 1682.4 1632.9 1581.8 1549.4 1486.4 1550.1 1501.1 1774.3 1910 1684.6 1668.6 1559.2 1471.4 1436 1382.6 1456.1 1690.6 1817.2 1937.3 1797.4 1628.8 1585.3 -9999 -9999 -9999 -9999 -9999 -9999 1930.4 3517.6 2363.1 -9999 -9999 -9999 -9999 -9999
1466.9 1573.8 1667.5 1357.5 1951.1 1896.5 1889.7 1921 2349.5 -9999 -9999 2401.7 2929 4005.1 3185.6 2440.9 1981.2 1804.5 1786 1592.4 1919.8 1920.4 1599.8 1668.3 1644.8 1533.9 1639.3 1907.6 1854.4 1803.4 1904.5 2269.7 2068.3 1456.2 1401 1634.8 1684.8 2108.1 2136.7 1672 1583.5 1605.8 1429.4 1277.2 1139.6 1223.5 1320.8 1251.9 1381.2 1530.3 1575.8 1564.4 1472.8 1488.9 1572.7 -9999 1908.9 2002.4 -9999 -9999 -9999 -9999 -9999 -9999 -9999 -9999 -9999 -9999 1977.9 4511.3 -9999 -9999 -9999 -9999 -9999 -9999
1503.4 1412.6 1547.8 1892.4 2134.4 2088.5 2017.5 2299 2928.3 2806.7 -9999 -9999 2850 3537.8 3280.1 2498.5 1718.3 1536.4 1654.4 1543 1310.7 1591.7 1613.1 1661.8 1646.1 1605.6 1652.6 1810 1685.6 1425.7 1702.3 1731.6 1875.3 1740.5 1889.1 2404.6 1791.2 2129.1 1935.9 1803.1 1705.2 1398.5 1341.2 1544.3 1467.3 1585.6 1309.1 899.3 1225.9 1504.2 1607.2 1619.4 1665.2 1813.7 1848.8 -9999 -9999 -9999 -9999 -9999 -9999 -9999 -9999 -9999 -9999 -9999 -9999 -9999 -9999 3646.9 -9999 -9999 -9999 -9999 -9999 -9999
1653 1747.4 1536.6 1669 2029.4 2056 2051.9 -9999 -9999 -9999 -9999 -9999 3456.9 3674.5 3490.4 2397.3 1607 1337.8 1367.6 1311.9 1109 1448.9 1929.6 1838.8 1693.8 1506 1461.7 1474.7 1487.5 1323.6 1572.9 1958.1 1717.2 1821.7 1866.2 1792.1 1748.9 2124.1 1825.3 2075.7 1775.2 1395.3 1553.2 2490.9 2299.1 1804.4 1449.6 1399.2 1292.7 1360.2 1533 -9999 1734.2 -9999 -9999 -9999 -9999 -9999 -9999 -9999 -9999 -9999 -9999 -9999 -9999 -9999 -9999 -9999 -9999 -9999 -9999 -9999 -9999 -9999 -9999 -9999
1510.8 1722.9 -9999 -9999 -9999 -9999 -9999 -9999 -9999 -9999 -9999 -9999 4307.7 4675.3 4268.2 3120.1 1855.7 1168.2 1142 928.7 847.9 2179.3 2001.7 1814.2 1698.3 1456 1370.7 1299.7 1428.8 1595.8 1696.5 1517.7 1588.8 1701.6 1663 1467.7 1526.7 1651.1 1825.5 1884.9 1755.3 1788.2 2562.9 -9999 -9999 -9999 -9999 -9999 1377.6 -9999 -9999 -9999 -9999 -9999 -9999 -9999 -9999 -9999 -9999 -9999 -9999 -9999 -9999 -9999 -9999 -9999 -9999 -9999 -9999 -9999 -9999 -9999 -9999 -9999 -9999 -9999
1667.6 1750.5 -9999 -9999 -9999 -9999 -9999 -9999 -9999 -9999 -9999 -9999 -9999 5024.3 4749.3 3482.3 1706.7 1143.2 910.7 860 937.6 1693.6 1697.5 1568.2 1602.9 1504.1 1534.8 1570.8 1574.7 1566 1371.2 1318.4 1360.5 1415.8 1358.4 1297 1441.6 1645.9 2173.5 1929.9 1896 1784.9 -9999 -9999 -9999 -9999 -9999 -9999 1318.3 -9999 -9999 -9999 -9999 -9999 -9999 -9999 -9999 -9999 -9999 -9999 -9999 -9999 -9999 -9999 -9999 -9999 -9999 -9999 -9999 -9999 -9999 -9999 -9999 -9999 -9999 -9999
1865.7 -9999 -9999 -9999 -9999 -9999 -9999 -9999 -9999 -9999 -9999 -9999 -9999 -9999 -9999 4265.9 1857 1237.6 959.1 953.5 943 1280.5 1458.4 1451.9 1440 1590.9 1765.1 1888.2 1714.3 1526.5 1325.9 1198.2 1110.6 1099.5 1151.1 1199.3 1348.9 1509.5 1946.4 2138 1866.6 -9999 -9999 -9999 -9999 -9999 -9999 -9999 -9999 -9999 -9999 -9999 -9999 -9999 -9999 -9999 -9999 -9999 -9999 -9999 -9999 -9999 -9999 -9999 -9999 -9999 -9999 -9999 -9999 -9999 -9999 -9999 -9999 -9999 -9999 -9999
-9999 -9999 -9999 -9999 -9999 -9999 -9999 -9999 -9999 -9999 -9999 -9999 -9999 -9999 -9999 4840.5 3354.3 1286.8 1008.6 1024.1 1367.6 1263 1193.2 1245.2 1264.1 1418.6 1684.6 1878.1 1728.3 1477.6 1248.5 1133 983.9 1236.7 1316.2 1268.6 1213.2 1357.5 1780.8 1597.2 -9999 -9999 -9999 -9999 -9999 -9999 -9999 1023.7 1398.4 1402.6 -9999 -9999 -9999 -9999 -9999 -9999 -9999 -9999 -9999 -9999 -9999 -9999 -9999 -9999 -9999 -9999 -9999 -9999 -9999 -9999 -9999 -9999 -9999 -9999 -9999 -9999
-9999 -9999 -9999 -9999 -9999 -9999 -9999 -9999 -9999 -9999 -9999 -9999 -9999 -9999 -9999 -9999 4096.8 1641.9 1104.1 974.3 1569.8 1702.1 1425.6 1238.8 1216.9 1275.9 1347.3 1310.7 1361.9 1381.6 1273.1 1074.2 1690.5 1892.7 1331.2 1309.1 1078.5 1379.6 1418 1444.2 -9999 -9999 -9999 -9999 -9999 735.7 932.5 1095.6 1412.1 -9999 -9999 -9999 -9999 -9999 -9999 -9999 -9999 -9999 -9999 -9999 -9999 -9999 -9999 -9999 -9999 -9999 -9999 -9999 -9999 -9999 -9999 -9999 -9999 -9999 -9999 -9999
-9999 -9999 -9999 -9999 -9999 -9999 -9999 -9999 -9999 -9999 -9999 -9999 -9999 -9999 -9999 -9999 3977.5 2710.6 1320.8 1410.2 2213.1 2565.7 2251.9 1569.6 1276.7 1246.4 1186.7 1134.5 1171.8 1250.9 1288.6 1507.7 2214.8 2324.6 2085.2 2753.1 2150.2 1748.1 1478.4 -9999 -9999 -9999 -9999 -9999 -9999 822.3 849.9 975 1210.1 -9999 -9999 -9999 -9999 -9999 -9999 -9999 -9999 -9999 -9999 -9999 -9999 -9999 -9999 -9999 -9999 -9999 -9999 -9999 -9999 -9999 -9999 -9999 -9999 -9999 -9999 -9999
-9999 -9999 -9999 -9999 -9999 -9999 -9999 -9999 -9999 -9999 -9999 -9999 -9999 -9999 -9999 -9999 -9999 3012.5 1465.5 1568 2547.4 3133 2850.4 1688.4 1236.7 1125.3 1031.3 1012.9 1001.3 1163.3 1334.3 1456.4 1670.3 1779.8 2311.5 2961 2868.4 2247.8 1804.5 2338.1 -9999 -9999 -9999 -9999 -9999 -9999 -9999 -9999 -9999 -9999 -9999 -9999 -9999 -9999 -9999 -9999 -9999 -9999 -9999 -9999 -9999 -9999 -9999 -9999 -9999 -9999 -9999 -9999 -9999 2441.6 2144.8 1610.2 1588.2 -9999 -9999 -9999
-9999 -9999 -9999 -9999 -9999 -9999 -9999 -9999 -9999 -9999 -9999 -9999 -9999 -9999 -9999 -9999 -9999 3705.5 1989.1 2004.4 2391.1 3274.4 3196.3 2197.3 1452.3 1205.8 1067.6 1162.3 1286.6 1151.2 1175.7 1246.3 1409 1514 1755.1 2208.3 2246.5 2237 2467.1 2772.3 2943.5 -9999 -9999 -9999 -9999 -9999 -9999 -9999 -9999 -9999 -9999 -9999 -9999 -9999 -9999 -9999 -9999 -9999 -9999 -9999 -9999 -9999 -9999 -9999 -9999 -9999 -9999 -9999 -9999 2589.1 1962.6 1594.9 -9999 -9999 -9999 -9999
-9999 -9999 -9999 -9999 -9999 -9999 -9999 -9999 -9999 -9999 -9999 -9999 -9999 -9999 -9999 -9999 -9999 3142.6 2318.4 2159.1 2526.3 3495.6 4041.9 1735.6 1800.8 1261.5 941.3 1095 1171.5 1074.7 1029.5 1149.1 1357.2 1455.4 1433.3 1522.9 1565.5 1998.9 2534.7 2639.4 2510.6 2631.8 -9999 -9999 -9999 -9999 -9999 -9999 -9999 -9999 -9999 -9999 -9999 -9999 -9999 -9999 -9999 -9999 -9999 -9999 -9999 -9999 -9999 -9999 -9999 -9999 -9999 -9999 -9999 2570.1 2044.3 1608.3 1543.1 -9999 -9999 -9999
-9999 -9999 -9999 -9999 -9999 -9999 -9999 -9999 -9999 -9999 -9999 -9999 -9999 -9999 -9999 -9999 -9999 2677.1 2206.9 1990.2 2360.4 2926.5 4614.7 3881.8 2866.4 1178.1 881.9 971.4 1020.8 963.4 818.4 1024.6 1190.4 1217.5 1279.2 1371.9 1480.7 1494.1 1625.6 2024.6 2409.8 3041.9 2431.4 -9999 -9999 -9999 -9999 -9999 -9999 -9999 -9999 -9999 -9999 -9999 -9999 -9999 -9999 -9999 -9999 -9999 -9999 -9999 -9999 -9999 -9999 -9999 -9999 -9999 -9999 2544.3 2085.1 1242.2 1474.4 -9999 -9999 -9999
-9999 -9999 -9999 -9999 -9999 -9999 -9999 -9999 -9999 -9999 -9999 -9999 -9999 -9999 -9999 -9999 2939.8 2729.7 2271.8 2151.7 -9999 -9999 -9999 4360.2 3260.2 1572.2 967.7 935.3 984 973.8 982.4 1043.4 1134.9 1159.7 1131.2 1330.1 1376.8 1414.7 1439.3 1918.1 2353.7 2766.3 2378.2 2007.2 -9999 -9999 -9999 -9999 -9999 -9999 -9999 -9999 -9999 -9999 -9999 -9999 -9999 -9999 -9999 -9999 -9999 -9999 -9999 -9999 -9999 -9999 -9999 -9999 -9999 2704.9 1459.6 1485.3 -9999 -9999 -9999 -9999
-9999 -9999 -9999 -9999 -9999 -9999 -9999 -9999 -9999 -9999 -9999 -9999 -9999 -9999 -9999 -9999 -9999 -9999 -9999 -9999 -9999 -9999 -9999 4477.9 3236.1 1784.3 1088.7 888.3 888.3 960.8 1094.6 1122.8 1143.6 1169 1228.3 1293.7 1319.5 1415.4 1714.6 1973.3 2009.4 2788.9 2742 2031 1742.8 -9999 -9999 -9999 -9999 -9999 -9999 -9999 -9999 -9999 -9999 -9999 -9999 -9999 -9999 -9999 -9999 -9999 -9999 -9999 -9999 -9999 -9999 -9999 1905.3 1699 1349 -9999 -9999 -9999 -9999 -9999
