datasets/global_precipitation_1950_2017/rasters/precip_1968-total.asc
NCOLS 720 
NROWS 347 
XLLCORNER -180 
YLLCORNER -90 
CELLSIZE 0.5 
NODATA_value -9999 
[rows 0 to 33 of 347, columns 532 to 607 of 720]
-9999 -9999 -9999 -9999 -9999 -9999 -9999 -9999 -9999 -9999 -9999 -9999 -9999 -9999 -9999 -9999 -9999 -9999 -9999 -9999 -9999 -9999 -9999 -9999 -9999 -9999 -9999 -9999 -9999 -9999 -9999 -9999 -9999 -9999 -9999 -9999 -9999 -9999 -9999 -9999 -9999 -9999 -9999 -9999 -9999 -9999 -9999 -9999 -9999 -9999 -9999 -9999 -9999 -9999 -9999 -9999 -9999 -9999 -9999 -9999 -9999 -9999 -9999 -9999 -9999 -9999 -9999 -9999 -9999 -9999 -9999 -9999 -9999 -9999 -9999 -9999
-9999 -9999 -9999 -9999 -9999 -9999 -9999 -9999 -9999 -9999 -9999 -9999 -9999 -9999 -9999 -9999 -9999 -9999 -9999 -9999 -9999 -9999 -9999 -9999 -9999 -9999 -9999 -9999 -9999 -9999 -9999 -9999 -9999 -9999 -9999 -9999 -9999 -9999 -9999 -9999 -9999 -9999 -9999 -9999 -9999 -9999 -9999 -9999 -9999 -9999 -9999 -9999 -9999 -9999 -9999 -9999 -9999 -9999 -9999 -9999 -9999 -9999 -9999 -9999 -9999 -9999 -9999 -9999 -9999 -9999 -9999 -9999 -9999 -9999 -9999 -9999
-9999 -9999 -9999 -9999 -9999 -9999 -9999 -9999 -9999 -9999 -9999 -9999 -9999 -9999 -9999 -9999 -9999 -9999 -9999 -9999 -9999 -9999 -9999 -9999 -9999 -9999 -9999 -9999 -9999 -9999 -9999 -9999 -9999 -9999 -9999 -9999 -9999 -9999 -9999 -9999 -9999 -9999 -9999 -9999 -9999 -9999 -9999 -9999 -9999 -9999 -9999 -9999 -9999 -9999 -9999 -9999 -9999 -9999 -9999 -9999 -9999 -9999 -9999 -9999 -9999 -9999 -9999 -9999 -9999 -9999 -9999 -9999 -9999 -9999 -9999 -9999
-9999 -9999 -9999 -9999 -9999 -9999 -9999 -9999 -9999 -9999 -9999 -9999 -9999 -9999 -9999 -9999 -9999 -9999 -9999 -9999 -9999 -9999 -9999 -9999 -9999 -9999 -9999 -9999 -9999 -9999 -9999 -9999 -9999 -9999 -9999 -9999 -9999 -9999 -9999 -9999 -9999 -9999 -9999 -9999 -9999 -9999 -9999 -9999 -9999 -9999 -9999 -9999 -9999 -9999 -9999 -9999 -9999 -9999 -9999 -9999 -9999 -9999 -9999 -9999 -9999 -9999 -9999 -9999 -9999 -9999 -9999 -9999 -9999 -9999 -9999 -9999
-9999 -9999 -9999 -9999 -9999 -9999 -9999 -9999 -9999 -9999 -9999 -9999 -9999 -9999 -9999 -9999 -9999 -9999 -9999 205.9 -9999 -9999 -9999 -9999 -9999 -9999 -9999 -9999 -9999 -9999 -9999 -9999 -9999 -9999 -9999 -9999 -9999 -9999 -9999 -9999 -9999 -9999 -9999 -9999 -9999 -9999 -9999 -9999 -9999 -9999 -9999 -9999 -9999 -9999 -9999 -9999 -9999 -9999 -9999 -9999 -9999 -9999 -9999 -9999 -9999 -9999 -9999 -9999 -9999 -9999 -9999 -9999 -9999 -9999 -9999 -9999
-9999 -9999 -9999 -9999 -9999 -9999 -9999 -9999 -9999 -9999 -9999 -9999 -9999 212.2 -9999 208.8 208.4 209 205.5 204.9 204.1 203.4 202.8 202 -9999 -9999 -9999 -9999 -9999 -9999 -9999 -9999 -9999 -9999 -9999 -9999 -9999 -9999 -9999 -9999 -9999 -9999 -9999 -9999 -9999 -9999 -9999 -9999 -9999 -9999 -9999 -9999 -9999 -9999 -9999 -9999 -9999 -9999 -9999 -9999 -9999 -9999 -9999 -9999 -9999 -9999 -9999 -9999 -9999 -9999 -9999 -9999 -9999 -9999 -9999 -9999
-9999 -9999 -9999 -9999 -9999 -9999 -9999 -9999 -9999 -9999 -9999 -9999 211.2 209.8 -9999 207.2 206 206 204.3 203.9 203.3 203 202.5 -9999 -9999 -9999 -9999 -9999 -9999 -9999 -9999 -9999 -9999 -9999 -9999 -9999 -9999 -9999 -9999 -9999 -9999 -9999 -9999 -9999 -9999 -9999 -9999 -9999 -9999 -9999 -9999 -9999 -9999 -9999 -9999 -9999 -9999 -9999 -9999 -9999 -9999 -9999 -9999 -9999 -9999 -9999 -9999 -9999 -9999 -9999 -9999 -9999 -9999 -9999 -9999 -9999
-9999 -9999 -9999 -9999 -9999 -9999 -9999 -9999 -9999 -9999 -9999 -9999 -9999 202.1 201.9 -9999 203.2 203.1 204 204.4 205.4 -9999 205.3 204.7 203.8 202.2 200 197.4 -9999 -9999 -9999 -9999 -9999 -9999 -9999 -9999 -9999 -9999 -9999 -9999 -9999 -9999 -9999 -9999 -9999 -9999 -9999 -9999 -9999 -9999 -9999 -9999 -9999 -9999 -9999 -9999 -9999 -9999 -9999 -9999 -9999 -9999 -9999 -9999 -9999 -9999 -9999 -9999 -9999 -9999 -9999 -9999 -9999 -9999 -9999 -9999
-9999 -9999 -9999 -9999 -9999 -9999 -9999 -9999 -9999 -9999 -9999 -9999 -9999 -9999 -9999 -9999 -9999 210.8 213.3 214.9 217.2 218.7 219.8 219.8 218.8 216.6 212.9 -9999 -9999 -9999 -9999 186.8 -9999 182.6 -9999 -9999 -9999 -9999 -9999 -9999 -9999 -9999 -9999 -9999 -9999 -9999 -9999 -9999 -9999 -9999 -9999 -9999 -9999 -9999 -9999 -9999 -9999 -9999 -9999 -9999 -9999 -9999 -9999 -9999 -9999 -9999 -9999 -9999 -9999 -9999 -9999 -9999 -9999 -9999 -9999 -9999
-9999 -9999 -9999 -9999 -9999 -9999 -9999 -9999 -9999 -9999 -9999 -9999 -9999 -9999 -9999 -9999 -9999 -9999 -9999 -9999 -9999 -9999 -9999 -9999 -9999 -9999 -9999 -9999 -9999 223.6 214.2 209.2 205.2 203.8 201.8 200.8 200.1 199.6 198.7 -9999 -9999 -9999 -9999 -9999 -9999 -9999 -9999 -9999 -9999 -9999 -9999 -9999 -9999 -9999 -9999 -9999 -9999 -9999 -9999 -9999 -9999 -9999 -9999 -9999 -9999 -9999 -9999 -9999 -9999 -9999 -9999 -9999 -9999 -9999 -9999 -9999
-9999 -9999 -9999 -9999 -9999 -9999 -9999 -9999 -9999 -9999 -9999 -9999 -9999 -9999 -9999 -9999 -9999 -9999 -9999 -9999 -9999 -9999 -9999 -9999 -9999 -9999 -9999 -9999 231.3 224.6 217.4 209.2 200.8 193.8 191.7 196.4 -9999 -9999 -9999 -9999 185.6 -9999 -9999 -9999 -9999 -9999 -9999 -9999 -9999 -9999 -9999 -9999 -9999 -9999 -9999 -9999 -9999 -9999 -9999 -9999 -9999 -9999 -9999 -9999 -9999 -9999 -9999 -9999 -9999 -9999 -9999 -9999 -9999 -9999 -9999 -9999
-9999 -9999 -9999 -9999 -9999 -9999 -9999 -9999 -9999 -9999 -9999 -9999 -9999 -9999 -9999 -9999 -9999 -9999 -9999 -9999 -9999 -9999 -9999 -9999 -9999 -9999 -9999 -9999 -9999 -9999 -9999 -9999 -9999 -9999 -9999 -9999 -9999 -9999 -9999 -9999 -9999 -9999 -9999 -9999 -9999 -9999 -9999 -9999 -9999 -9999 -9999 -9999 -9999 -9999 -9999 -9999 -9999 -9999 -9999 -9999 -9999 -9999 -9999 -9999 -9999 -9999 -9999 -9999 -9999 -9999 -9999 -9999 -9999 -9999 -9999 -9999
-9999 -9999 -9999 -9999 -9999 -9999 -9999 -9999 -9999 -9999 -9999 -9999 -9999 -9999 -9999 -9999 -9999 -9999 -9999 -9999 -9999 -9999 -9999 -9999 -9999 -9999 -9999 -9999 -9999 -9999 -9999 -9999 235.2 236.6 238.4 237.2 233.5 224.6 212.8 -9999 -9999 -9999 -9999 -9999 -9999 -9999 -9999 -9999 -9999 -9999 -9999 -9999 -9999 -9999 -9999 -9999 -9999 -9999 -9999 -9999 -9999 -9999 -9999 -9999 -9999 -9999 -9999 -9999 -9999 -9999 -9999 -9999 -9999 -9999 -9999 -9999
-9999 -9999 -9999 -9999 -9999 -9999 -9999 -9999 -9999 -9999 -9999 -9999 -9999 -9999 -9999 -9999 -9999 -9999 -9999 -9999 -9999 -9999 -9999 -9999 -9999 -9999 -9999 -9999 -9999 -9999 253.4 252.2 248.5 246 243.6 240.1 236.7 232.2 231.2 230.1 232.6 237.9 -9999 -9999 -9999 -9999 -9999 -9999 -9999 -9999 344.6 -9999 -9999 -9999 -9999 -9999 -9999 -9999 -9999 -9999 -9999 -9999 -9999 -9999 -9999 -9999 -9999 -9999 -9999 -9999 -9999 -9999 -9999 -9999 -9999 -9999
-9999 -9999 -9999 -9999 -9999 -9999 -9999 -9999 -9999 -9999 -9999 -9999 -9999 -9999 -9999 -9999 -9999 -9999 -9999 327.8 313.7 -9999 -9999 -9999 -9999 -9999 -9999 281.2 278.2 274.3 270.3 266.3 264.3 262 261.4 258.7 254.9 252.3 251.9 251.4 253.4 260 266.2 272.4 279.8 288.6 296.2 304.9 313.9 316 316.1 313.7 307.2 -9999 -9999 -9999 -9999 -9999 -9999 -9999 -9999 -9999 -9999 -9999 -9999 -9999 -9999 -9999 -9999 -9999 -9999 -9999 -9999 -9999 -9999 -9999
-9999 -9999 -9999 -9999 -9999 -9999 -9999 -9999 -9999 -9999 -9999 -9999 -9999 338.6 337.3 336.4 333.5 329.5 323.7 315.8 309.6 302.3 296.4 292.4 288.4 286.1 285.3 285.4 285.2 286.5 287.5 288.7 291.3 293.5 295.5 296.6 296.3 293.7 287.4 280.7 272.8 265.2 261.1 262.6 266.7 271.7 274.6 276.6 278.2 276.2 278.6 275.7 274.4 272.1 272 275.2 -9999 -9999 -9999 -9999 -9999 -9999 -9999 -9999 -9999 -9999 -9999 -9999 -9999 -9999 -9999 -9999 -9999 -9999 -9999 -9999
-9999 -9999 -9999 -9999 -9999 377.4 377.9 373.2 366 358.2 350.1 343.7 337.7 330.3 325.9 322.8 317.7 316.3 312.3 308.5 305.7 304.2 300.2 298.7 297.3 296.9 297.1 296.6 296 296.5 298.4 299.9 300.5 301.8 302 306.1 306.5 303 295.4 284.6 274.3 264.1 255.9 252.1 249.4 247.6 248 248.4 251.2 254 257 260 262.1 264.9 268 -9999 -9999 -9999 -9999 -9999 -9999 -9999 -9999 -9999 -9999 -9999 -9999 -9999 -9999 -9999 -9999 -9999 -9999 -9999 -9999 -9999
-9999 -9999 327.1 328.7 332.7 333.5 332.6 329.5 326.1 322 317.6 314.3 310.6 308.4 305.9 304.7 303.6 304.2 303.5 303.1 303.8 301.6 301.3 300.1 301.4 300.1 297.5 296.9 296.3 297.9 298.5 300.2 302.1 302.6 302.2 301.3 298.5 291 286.8 278.2 267.7 256.5 245.5 235.4 232.2 225.1 223.1 223.2 226.7 228.4 231.5 235 -9999 -9999 -9999 -9999 -9999 -9999 -9999 -9999 -9999 -9999 -9999 -9999 -9999 -9999 -9999 -9999 -9999 -9999 -9999 -9999 -9999 -9999 -9999 -9999
-9999 314.6 308.5 303.7 299 295.2 291.6 287.6 284.1 280.8 277.8 275.9 274.9 274.7 276.9 279.4 283 287.4 291 293.1 294.1 298.9 301.2 302.2 297.5 296.5 293.9 292.6 293.2 292.9 293.1 295.2 298 298.9 298.7 295.1 290.2 283.8 276.4 268.4 259.3 251 241.5 231.9 222.9 214.5 208.6 202.2 -9999 -9999 -9999 212.3 217.1 220.3 -9999 -9999 -9999 -9999 -9999 -9999 -9999 -9999 -9999 -9999 -9999 -9999 -9999 -9999 -9999 -9999 -9999 -9999 -9999 -9999 -9999 -9999
331.5 319.7 309.1 293.7 283.4 274.3 265.4 257.8 249.7 245.5 241.7 242.1 242.2 246.4 254.5 260.4 269.1 276 280.9 283.4 291 292.4 296.9 294.2 290.2 290 290.5 291.1 289.3 291.1 290.7 290.3 289.2 287.2 285.4 282.8 279.2 276 271.1 266.5 262 256.4 251.4 246.8 242.6 -9999 -9999 211.6 205.5 -9999 202.6 -9999 -9999 -9999 214.6 -9999 -9999 -9999 -9999 -9999 -9999 -9999 -9999 -9999 -9999 -9999 -9999 -9999 -9999 -9999 -9999 -9999 -9999 -9999 -9999 -9999
356.2 340.8 323.2 305.1 288.6 275.6 263.9 252.3 241.7 228.3 229.8 236.7 250.9 263.8 275.6 283.7 293.1 298.1 299.2 302 301.9 303.7 302.4 298.6 295.9 293 290.2 286.3 283.2 280.6 279.8 277.8 275.6 275.6 274.3 272.1 269.7 268.2 267.6 266.7 -9999 -9999 -9999 -9999 -9999 283.9 292.1 286.3 269.2 254.9 244 235.9 230.1 226.4 224 221.9 220.4 218.5 216.6 214.6 212.3 210.4 208.1 206.5 206.4 -9999 -9999 -9999 -9999 -9999 -9999 -9999 -9999 -9999 -9999 240
416.2 401.1 386.3 370.1 354.1 342.3 333 328.6 327.1 329.8 334.7 342.7 349.5 355.9 360.7 363 363.4 362.8 355 349 346.1 337.3 331.3 325.4 320 311.6 302.9 296 289 282.1 277.3 272.4 267.8 264.1 261.6 260.1 261.1 261.2 261.9 263.7 264.3 264 264.9 265.9 265.2 265.1 263.1 263.3 256.9 251.7 246.9 242.4 238.6 235.4 233 231.2 229.3 227.8 225.9 223.7 221.6 219.9 219.4 219.7 222.8 229.4 238.3 249 255.4 258.5 260.5 262.2 265.6 270 274.9 280.1
510.5 525.5 530.4 545.2 558.1 571.4 579.2 581.7 577.5 567.4 551.3 534.7 516 499 481 465.8 450.2 434.1 417.1 401.9 394.6 382.9 372 358.2 348.9 341.1 332.1 324.1 315 306.6 297.9 281.3 268 251.3 245.6 248.8 253 255.7 257.9 259 261.4 261.3 260.8 260.1 257.9 255.6 252.1 249.1 245.8 242.8 240.3 237.5 236 235 235.5 235.1 234.5 233.3 233.3 231 229.9 228.8 228.6 229.7 232.3 237.4 244.9 252.1 260.4 268.9 276.7 284.7 287.4 299.2 306.1 313.7
648.7 700.2 766.5 823 875.5 921.9 921.7 920.4 903.7 867.3 811.8 746 679.6 617.6 561.4 517.3 481.7 457.3 440.3 430.7 421.2 405.2 395.6 388.6 378.9 368.9 358.6 348.5 341.8 337.6 335.5 334.6 325.8 291.8 277.1 269.3 266.1 265.4 264.6 264.5 264.1 262.5 261 258.8 254.6 250.8 247.1 243.1 239.9 237.2 235.2 231.8 229.6 226.8 224.8 222.7 222.9 225.8 227.2 227.7 228.3 230.1 231.9 234.9 239.5 245.3 254.1 262.7 271.5 281.4 288.3 296 302.5 309.8 316.7 324.9
795.6 884.2 989 1098.3 1209.5 1316.5 1385.8 1410 1363.8 1261.6 1124.1 976.6 821.6 679.8 562.9 473.5 416.1 397.1 401.3 411.1 418.4 419.8 415.4 407.4 398.2 387.2 375.7 363 353.3 344.2 335.7 327.7 318.7 292.9 286.9 281.7 277.5 274.5 272.9 270.4 268.1 266.4 263.6 260.5 256.4 253.2 249.5 244.9 241.2 238.6 235.1 232 228.9 226.5 226 225.3 225.9 226.2 227.5 227.9 230 233.1 235.9 240.3 245.1 252.3 262.3 272.2 283.1 292.8 301.9 311.3 320.8 329.4 340.1 347.4
876.2 983.4 1061.8 1186.2 1321.7 1473.1 1597.1 1669 1615.4 1458.8 1270.3 1081.3 907.2 745.9 619 532.5 471.2 438.3 431.3 436.3 441.2 441.7 434.8 424.1 410.6 393.5 376.2 362 347.8 338.4 327.1 319.4 313 291.1 285.6 282.7 279.8 278.6 277.6 276.6 275.8 273.2 272 270.6 267.8 264.1 259.9 256.1 253 249.9 244.9 240.6 237.1 233.5 232.3 232.1 231.8 232.5 233.7 237.1 241.7 245.5 250.1 255.4 262 271.1 280 291.2 303.1 313.7 323.5 333.4 340.5 350.6 357 365.5
892.5 950.4 1017.3 1094 1158 1224.6 1273.2 1301.6 1288.5 1228.7 1138.2 1032.2 915.9 825.5 737.5 666.2 610.9 571 542.8 523.7 504.3 484.4 463.1 438.5 417.4 392.1 367.9 346.3 329 317.7 309.9 303.8 298.2 286.8 284.5 283.1 283 283.6 284.2 285.3 285.6 287.5 288.9 289.4 288.9 287.3 285.1 281.9 278.8 274.4 267.8 260.3 252 243.9 236.4 231.6 232.2 237.5 244.7 253.2 261.2 268 275.6 282.5 290.4 296.8 304.8 313.1 321.8 329.7 337.3 344.2 350.9 356.1 360.9 364.9
893.2 916.2 956.1 975.4 1021.8 1042.9 1062.8 1065.2 1065.2 1041.2 1013.3 968.3 913 865.3 811.1 759.7 714.2 672.4 632.5 592.9 552.5 514.3 482.7 450.4 418.1 390.1 360.8 337.2 318.8 307.8 297.6 292.2 287.7 283.1 280.5 280.1 282.2 285 289.2 294.8 298.7 301.5 306.4 309.8 311.3 312.2 311.7 312 309.3 305.8 300.7 294 286.1 277.3 270.1 264.8 263.8 266.8 273.4 280.9 287.9 294.9 300.6 305.8 310.3 314.1 318.4 323 328 333.2 339.1 345.8 351.3 356.4 358.8 361.5
943.7 911.4 925.1 945.1 951.4 958.8 969.2 971.1 975.3 972.7 956.7 936.9 909.9 879.4 845 809.2 768.8 724.7 678.7 632.3 585.4 542.2 500.6 456.2 421.8 389.3 357 335 318.7 300.2 289 281 274.7 269.9 269.8 272.4 274.9 282.4 290.1 298.3 306.9 313.4 320 324.8 329.1 332.6 335.7 338 340.4 342.1 342.4 341.1 337.2 333.7 328.3 322.7 317.7 314.5 313.7 314.6 315.5 317.3 318.4 319.6 321.2 323.1 325.1 327.2 330.3 333.8 338.1 344.3 350.3 356.3 361.5 364.4
888.7 893.8 888.4 884.7 889.2 897 903.3 908.7 918.9 922.2 921.8 915.7 903.9 886.2 863.3 839.4 808.9 767.8 719.9 668.8 623.1 579.5 537.8 486 446.3 411 373.5 345.7 321.8 301.4 287 269.2 261.6 257.5 259.1 264.1 271.2 281.7 291.7 301 310.8 320.6 328.1 334.9 341 347.1 352.9 358.9 364.9 371.7 377.8 382.2 383.1 385.1 380 370.8 360.1 350.2 342.2 336.9 332.3 328.5 324.1 316.4 327.1 334.4 331.3 329.4 329.8 332.2 336.2 342.1 350 358.2 365.9 371.6
789.5 801.2 816.3 832.3 841.5 849.6 860.9 873.1 885.6 896.7 904.2 907.1 903.5 896.5 885 871 853.3 826.9 788 740.2 688.9 638.8 590.8 542.5 497.3 452.5 409.9 374 344.6 311.5 289.8 274.7 261.6 256.7 261.5 269.3 277.9 287.1 298.9 309.8 320.3 330.8 339.5 346.6 353.6 359.1 365.4 370.7 376.9 384.3 392.8 401.2 407.7 406.8 398.3 386.6 374.5 363.3 353.5 346.3 340.4 336.5 334.7 333.9 333.4 331.7 328.8 326.2 325.1 325.5 326.7 330.6 335.5 341.4 345.2 349
732.7 735.8 733.1 747.3 771.5 801.6 832.6 860.7 883.6 897.1 900.5 892.8 878.8 862.4 842 832.7 829.8 824.7 809 795.5 757.5 718 662.7 602.9 552.3 501.9 454.6 410 371.3 338.8 317.6 300.4 289.1 283.9 284.6 287.1 293 304.2 312.6 322.6 332.4 342.9 351.4 358.8 364.1 367.7 371.3 374 377.2 381 383.3 386.1 386.7 384.5 380.4 374.1 366.8 359.2 353 347.4 342.5 337.4 334.1 330.6 327.8 325.1 322.4 319.9 318 315.8 314 312.2 311.4 311.2 308.4 308
649.5 644.2 668 699.4 742.1 785.2 832.9 875 905.5 925.5 927.6 915.1 869 793.8 717 701.7 745.2 797.4 824.2 833.6 813.9 777.8 733.7 670.2 608.5 551.4 501.1 456 412.5 377 348.7 332.9 321.9 314.4 309 308 309.9 316.1 323.8 334.9 342.6 351.8 359.4 365.4 370.1 373 373.7 374.1 374.8 374.8 373.8 371.4 369.9 366.6 362.3 357.6 353.2 349.7 344.7 342 338.1 334.4 330.7 326.5 322.5 319.1 316.2 313.3 311.1 307.6 303.2 298 291.6 286.1 279.9 278.5
642.6 664.1 686.6 720.1 760.9 807.3 856.9 905.7 955.5 1007.1 1059.6 1098.4 1103.7 1027.1 879.3 823.8 876.8 916.4 928.9 920.1 886.6 836.1 776 709.7 645.1 584 528.4 478.8 437.3 403.7 376.1 362.2 342.7 331.5 326.4 319.9 320.3 327.2 334.6 342.3 349.8 357.4 362.6 367.7 370.4 372 372.3 371.2 370.7 370.6 369.3 365 358.9 352.7 347.2 342.9 336.6 335.8 331.7 331.4 328.1 326.7 322.3 320.9 317 313.8 311.6 309.8 307.5 304.8 301.1 297.8 295.8 294.8 303.7 298
