datasets/global_precipitation_1950_2017/rasters/precip_1970-total.asc
NCOLS 720 
NROWS 347 
XLLCORNER -180 
YLLCORNER -90 
CELLSIZE 0.5 
NODATA_value -9999 
[rows 68 to 101 of 347, columns 380 to 455 of 720]
942.8 774.6 835.9 896.7 884.9 903.7 1305 1030 846.5 805.6 740.5 692.1 670.7 691.2 732 821.2 988.2 995.8 1207.7 1231 1295.1 943.9 888.1 920 970.3 959.2 983 927.3 835.3 761.1 702.2 676.6 728.3 807 807.1 760.8 773.6 845.7 848.6 821.6 812.8 798.1 726.1 666.9 652.8 673.2 736.2 758 770.7 694.9 671.8 666.2 650.3 633.3 720.7 575.6 563.3 569 538.3 496.7 479.3 540.1 574.5 603.8 545.9 454.1 397.1 452.8 465.5 470.1 487.1 457 379.3 338.4 328.6 327.6
846.4 879.7 839.5 896.4 826.2 948.9 1396.4 1317.7 913.3 874.3 787.4 607 630.7 661.1 704.3 735.7 765.5 825.4 954.1 942.2 933.6 876.5 870.7 843.6 1021.9 1146.6 1449.6 1242.3 1041.8 877.6 784.9 785.5 791.5 789.7 893.4 730.5 707.8 709.5 729.4 851.3 1142.8 807.9 723 697.3 644.9 641.4 706.9 718 683.2 673.1 634.2 602.1 634.5 594.7 545.4 521.9 550 530.9 499.2 522.3 551 564.8 572.5 586.5 553.3 505.8 478.4 459.6 430.4 510.1 531 541.8 421.5 350.7 351.7 345.7
1061.7 1015 990.4 972.8 1030.6 1052.4 1135.9 1078.2 969.1 988.4 827.3 789.1 759.5 655.7 640.2 606.3 573.9 686.8 727.3 747.6 836.6 849.9 810.7 816 772.8 867 1255.8 1535.9 1456.2 1401.5 945.2 847.3 716.6 578.4 698.4 701.2 721 661 662.1 759.4 744.5 620.4 645.6 639.6 623.5 610.9 648.6 639.3 631.8 594.4 544.7 519.7 525.3 497 510 538.3 550.3 567.1 602.2 598.5 522.9 541.7 562.3 593.7 550.8 516.2 513.7 485.1 471.6 469.9 475.1 430.3 368.5 369.3 310.7 306.1
2085.9 1473.4 1485.1 1598.1 1731.3 2467.2 1729.6 2002.4 1460.9 1562.7 1496.1 1174.5 724.4 631.7 571.9 526.5 516.1 589.7 599.8 621.9 700.1 787.7 757.5 775.7 718.6 638.6 1007.9 1033.1 1013.1 981.1 925 819.7 654.6 598.8 524.1 757.1 741.5 680.1 638.7 612 703.9 616.3 568.4 583.9 597.4 604.9 615.9 631.5 645.9 594.8 496 528.1 509.9 521.6 506.8 502.6 585.5 625.3 660.8 643.9 576.3 588.8 579.4 489.9 437.3 488.1 531.6 470.3 428.7 405.9 409.4 384.2 360.4 340.6 304.6 285.1
2359.8 1213.4 1282.8 1294.9 1535 1547.9 1402.8 1114.9 834.6 829.4 1322 925.2 701.6 586 633.7 660.5 579.6 549.3 522.9 541.8 600.3 671.6 730.9 680.8 611.5 880.8 859.1 851.2 962.4 929.1 744.9 858.8 705.7 553.8 671 774.4 765.8 726.1 616.9 646.1 598 533.1 520.4 516.3 540.6 565.8 600.5 590.3 595.4 571.6 558.3 565.2 642.2 571 561.1 563.1 611.4 748.3 661.5 835.1 675.4 591.7 547.7 492.4 457.4 452.4 437.1 399.3 382 366.9 349.5 332.8 315.8 278.4 241.6 218.7
689.4 598.8 823 838.5 795.4 1082.7 1284.5 1045.2 944.9 834 1015.8 906.1 731.4 692.8 608.5 599.2 582 580.2 556.5 549.5 570.2 631.5 683.6 670 671.3 749 773.9 754.5 613.2 923 742.4 761.6 759.2 631.5 416.4 579.4 707.2 687.5 692.5 645.3 555.9 545.4 549.1 552.4 520.8 490.5 516 509.1 523.6 508.4 468.8 564 579.2 -9999 -9999 -9999 -9999 597.2 593.8 607.3 597.5 532.2 506.2 508 466.8 414.7 348.4 310.8 328 312.7 279.1 249.9 223.5 191.8 176.5 168
941.7 1076.8 891.1 1450.9 1356 1704 2630.2 2198.5 1584.8 1453.6 1120 1124.7 1106.7 984.3 787.3 673.4 602.6 591.9 589.2 590.4 536.8 644.4 762.5 637.4 656.3 707.1 648.5 617.8 601.2 857.4 725.1 743.2 649.6 529.2 466.9 471.9 539.9 635.2 595 580.9 544.3 -9999 -9999 -9999 491.8 469.3 491 490.4 466.9 444.5 -9999 -9999 -9999 -9999 -9999 -9999 -9999 681.4 652.7 630.6 597.3 499.4 452.1 437.2 423.2 410.2 374.1 339.3 328.3 305 273.1 230.2 202 164.5 151.6 166.1
1265.7 1059.6 1759.7 1048.3 900.8 1024.9 -9999 1332.4 1701.3 1692.9 1294 1138.5 1092.1 1006.2 947.6 812.8 717.8 649.9 620.6 654.1 663.3 759.7 883.8 803.5 687.4 778.9 783.3 902.7 738.5 742.7 894.5 801.8 628.1 593.5 498.5 432.6 503.2 485.6 467.1 463.8 -9999 -9999 -9999 -9999 -9999 -9999 412.9 471.9 455.5 434.7 -9999 -9999 -9999 -9999 -9999 -9999 735.5 809.4 793 729.6 694.1 626.9 528.9 464.7 455.3 457.3 445.4 403.6 356.7 335.1 299.5 255 198.8 157.2 146.6 151.7
732.2 573.5 615.6 639 -9999 -9999 -9999 1028.1 1385 1794.8 1506.1 1268.4 1184.7 1081.1 954.3 870.4 827 722.8 799.7 702.7 695.3 736.9 843.8 1279.7 1049.5 799.2 822.7 698 502 794.3 1041.4 964.4 616.3 661.8 566.6 386.3 395.5 382.7 370.7 -9999 -9999 -9999 -9999 -9999 -9999 -9999 450.9 533.1 556.1 542.1 550.1 483.1 437.4 -9999 620.1 704.9 733.6 875.4 899.1 740.1 663 644.5 580.7 568.6 518.8 507 480.7 439.8 366.4 397.6 391.8 332.5 237.4 181.2 153 168.9
743.5 661.4 476.7 431.7 -9999 -9999 -9999 -9999 -9999 -9999 1548.6 1288.2 1306.6 1183.3 1065.6 989.2 1095 1155.9 993 828.9 773.7 806.5 863 782.8 911 706.5 704.8 524.3 580.8 674 811.5 673.8 640.1 519.8 598.6 424.1 308.7 341.8 -9999 -9999 -9999 -9999 -9999 -9999 -9999 -9999 -9999 594.2 869 -9999 -9999 -9999 -9999 -9999 -9999 927.3 931.9 1000.4 936 794.8 726.8 652.5 621.7 575.8 576.1 586.2 549 501 469.4 480.3 438.3 374.6 307.9 258.8 218.7 202.1
1786 926.8 663.3 563.3 442 -9999 -9999 -9999 -9999 -9999 941.7 1251.7 1348.3 1314.5 1023.3 1017.1 1182.2 1385.7 1094.9 979.1 893.5 838.5 825.2 819.6 777.7 620.6 522.7 580.3 670.9 664.1 666.1 658.6 646.2 629 663 523.9 337.3 -9999 -9999 -9999 -9999 -9999 -9999 -9999 -9999 -9999 -9999 -9999 -9999 -9999 -9999 -9999 -9999 -9999 -9999 -9999 -9999 -9999 1903.6 1371.3 1070.5 844.6 693.7 650.7 642.1 637.3 628.4 619 534.9 484 439.4 374 333.6 303.5 268.4 251.5
-9999 922.7 810.1 1270.9 925.2 762.3 -9999 -9999 -9999 -9999 -9999 -9999 1042.6 1407 1427.6 1889.5 1362.2 1070.1 1012.8 1038.5 909 824.3 757.6 712.3 725.5 684.5 638.4 599.2 684.7 703.7 628.2 687.7 724.2 772.1 734.8 570.7 479.3 -9999 -9999 -9999 -9999 -9999 -9999 -9999 -9999 -9999 -9999 -9999 -9999 -9999 -9999 -9999 -9999 -9999 -9999 -9999 -9999 -9999 -9999 1666.7 1980.2 1884.6 1167 890.1 873.4 704.4 736.8 688.6 614.4 549.2 542.9 481.2 396.8 311 384.2 412
-9999 917.9 796.1 784.5 824.9 915 691.5 623.2 -9999 -9999 -9999 -9999 -9999 -9999 1214.5 1598.7 1859.3 1535.9 1182.2 1001.8 891.4 991.9 724.7 620.2 673.9 755 947.5 881.9 717 769.9 716.7 720.4 792.6 755.8 684.9 577.6 -9999 -9999 -9999 -9999 -9999 -9999 -9999 -9999 -9999 -9999 -9999 -9999 -9999 -9999 -9999 -9999 -9999 -9999 -9999 -9999 -9999 -9999 -9999 -9999 -9999 1975.1 1855.1 2194.5 1476.6 1037.1 946.4 872.8 1001.5 933.7 654.8 779.2 448.9 374.7 551.8 530.9
-9999 -9999 580.8 792.4 746.6 788.9 861.7 887.1 -9999 -9999 -9999 -9999 -9999 -9999 -9999 -9999 1981.1 1967.8 2158.8 1676 1109.6 761.4 664 725.6 610.2 579 562 698.2 745.3 938 897.5 691.5 655.1 679.6 560.6 559.3 -9999 -9999 -9999 -9999 -9999 -9999 -9999 -9999 -9999 -9999 -9999 -9999 -9999 -9999 -9999 -9999 -9999 -9999 -9999 -9999 -9999 -9999 -9999 -9999 -9999 -9999 -9999 1943.4 1916.3 1432.9 1200.4 1105.5 1328.9 1050.4 1007.9 739.3 551 552.8 434.7 365.8
-9999 -9999 -9999 621.3 612.5 852.9 835.9 883.5 856.6 -9999 -9999 -9999 -9999 -9999 -9999 -9999 -9999 -9999 2002.9 3085.3 1653.2 750.1 582.7 525.4 594.7 502.9 668.4 726 422.5 408.8 454.9 479.6 534.5 546.4 608.7 608.4 -9999 -9999 -9999 -9999 -9999 -9999 -9999 -9999 -9999 -9999 -9999 -9999 -9999 -9999 -9999 -9999 -9999 -9999 -9999 -9999 -9999 -9999 -9999 -9999 -9999 -9999 -9999 1865.2 1630.5 1536.7 1178.5 890.2 999.7 1071.2 771 822.1 1152.4 751 443.2 220.2
-9999 -9999 -9999 -9999 625.7 839.1 1076 1201.8 975.8 663.1 459 429 -9999 -9999 -9999 -9999 -9999 -9999 -9999 1838.4 1564.2 1041.4 676.1 435.2 466.6 555.7 558.3 571.9 581.5 727.2 463 507.1 496.3 572.2 622.1 639.3 -9999 -9999 -9999 -9999 -9999 -9999 -9999 -9999 -9999 1127.8 848.4 781.9 758.2 660.9 -9999 -9999 -9999 -9999 -9999 -9999 -9999 -9999 -9999 -9999 -9999 -9999 -9999 2648.5 2089.5 788 872.2 786.6 642.7 602.6 602.5 584.6 771.4 1000.6 733.7 394.4
-9999 -9999 -9999 -9999 -9999 -9999 -9999 1025.9 1050.7 787.7 661.4 525.8 464.1 -9999 -9999 -9999 -9999 -9999 -9999 1589.5 1728.5 853.8 745.9 545.5 557.8 649.2 607.8 575.1 608.9 644.4 538.1 534.4 557.2 684.1 651.1 660.5 697.4 826.2 -9999 -9999 -9999 -9999 -9999 971.8 1200.5 597.4 547 376.6 433.3 462.6 504.6 633.7 782.7 941.7 -9999 -9999 -9999 -9999 -9999 -9999 -9999 -9999 2051.6 1023.7 1011.6 618.7 541.9 570.7 620.2 429.2 370.8 429.1 510.6 406.3 640.5 512.6
-9999 -9999 -9999 -9999 -9999 -9999 -9999 -9999 -9999 1107.7 1013.1 655.5 461.4 315.1 422.1 -9999 -9999 -9999 -9999 1100 1120.8 654.7 711.2 747.7 908.7 542.9 487.8 -9999 -9999 505.1 -9999 -9999 541.8 614.7 634.5 -9999 -9999 -9999 -9999 -9999 1009 970.1 947.4 729.8 725.2 627.5 461.8 392 408.6 402.3 410 415.1 473.6 462.7 652.2 722.3 940.1 881.3 791 772.6 1312 1503.1 983 464 393.6 426.5 389.9 505.6 481.8 580.6 482.5 521.6 355.9 282.9 270.2 356
-9999 -9999 -9999 -9999 -9999 -9999 -9999 -9999 -9999 -9999 865.1 793.9 761.9 -9999 -9999 -9999 515.2 -9999 -9999 1222.1 1299.3 908.7 654.6 546.7 533.5 -9999 -9999 -9999 463.7 -9999 -9999 -9999 -9999 590.1 685.7 661.9 709 925.9 1139.8 718.5 703.4 720.3 705 592.9 504.6 528.5 394.7 371.6 421.2 431.9 405.7 380 367.1 387.8 410.2 478.9 499.1 517.9 468 457.4 400.8 442.9 368.3 337.2 322.7 476.2 327.7 229.5 303.7 442.8 437.5 404.4 572.4 310.6 202.9 176.9
-9999 -9999 -9999 -9999 -9999 -9999 -9999 -9999 -9999 -9999 -9999 -9999 547.1 -9999 -9999 -9999 -9999 -9999 -9999 1102.6 1237.2 949.6 1247.8 769.7 330.9 291.4 -9999 -9999 -9999 -9999 -9999 -9999 540.6 595.8 651.7 646.1 707.9 803.8 874.5 664.6 563.1 459.7 382.4 312.9 290.1 331.5 353.5 389.4 422.3 515.7 436.5 347.6 328.6 352.6 328.6 395.5 409.7 463.4 451.8 518.5 454.3 399.4 319.2 342.6 348 401.4 365.2 167.2 151.7 232.2 238.3 548.6 393.3 453.4 251.4 164.4
-9999 -9999 -9999 -9999 -9999 -9999 -9999 -9999 -9999 -9999 -9999 -9999 830.2 1137.9 -9999 -9999 -9999 -9999 -9999 -9999 -9999 982.9 931.1 706.1 392.6 254.5 406.2 -9999 -9999 -9999 -9999 -9999 629.8 653.1 716.9 631.7 644.4 797.3 652.4 655.2 598.3 438.1 398.6 336.9 322.2 330.3 353.8 433 400.4 338.8 256.3 294.6 300.4 302.7 299.3 332.6 416.7 495.1 594.3 699.5 730.3 616.2 459.6 406.5 429.5 378.5 324.2 317.5 191.2 186.5 210.8 355.5 428.8 265.2 215.8 262.1
-9999 -9999 -9999 -9999 -9999 -9999 -9999 -9999 -9999 -9999 -9999 -9999 815.1 -9999 -9999 -9999 -9999 -9999 -9999 -9999 -9999 -9999 856.3 780.3 504.2 420.3 -9999 -9999 -9999 -9999 -9999 -9999 -9999 -9999 682 597.5 557.4 653.1 530.8 496.3 346.1 322.3 380 402.8 367.9 329.9 325.8 337.8 330.1 272.1 287.4 312.8 427.4 389.5 354.4 323 350.3 278.7 328.4 460.6 592.2 590.8 500.8 534.5 562 431.4 321.5 317.5 265 216.9 227.6 217.4 192.3 186.1 188.2 381.9
-9999 -9999 -9999 -9999 -9999 -9999 -9999 -9999 -9999 -9999 486.2 959 973.8 -9999 -9999 -9999 -9999 -9999 -9999 -9999 -9999 -9999 -9999 597.2 -9999 -9999 350.6 335.3 387.1 -9999 -9999 -9999 -9999 594.2 669.9 635.9 542.9 470.7 460 422.2 386.6 394.5 486 387.6 323.3 282.6 272.7 286.5 293.2 246.7 262.5 322 451 463.4 370.7 350.2 310.6 222.5 308.2 509.2 371.5 371.1 475.7 633.1 745.8 537.2 329.9 292.9 261.7 236.1 198 199.6 134.5 154.8 173.1 251
-9999 -9999 -9999 -9999 -9999 348 489.1 404.5 349.1 477.7 -9999 -9999 -9999 -9999 -9999 -9999 -9999 -9999 -9999 -9999 -9999 771.9 -9999 668.2 752.9 465.8 -9999 -9999 -9999 -9999 -9999 -9999 -9999 674.6 -9999 637.5 585 484.6 463.8 422 293.9 346.1 427.9 488.9 374.8 282.3 253.5 226.1 229.6 280.2 487.7 673.7 584.3 549.9 486.5 444.9 457.6 351.7 297 295.4 248.3 308.8 345.2 442.5 511.5 566.8 518.1 506.4 435.7 235.8 175.9 226 215 187 130.1 153.5
-9999 -9999 -9999 -9999 -9999 -9999 -9999 294.7 165.8 373.4 382.2 -9999 -9999 -9999 -9999 -9999 -9999 -9999 -9999 -9999 -9999 -9999 -9999 694.7 741.1 626.9 -9999 -9999 -9999 -9999 -9999 -9999 -9999 -9999 -9999 658.8 926.4 930.4 610 543.8 327.9 625.1 793.9 808.6 593.8 391 297.1 272 322.4 523.2 653 595.5 642.9 622.8 392 287.5 281.4 254.8 253 293.6 312 370.9 243.6 354.6 481.8 624.9 664.9 665.7 570.8 400.2 279.6 216.3 203.7 215.6 181.7 179.5
359.7 348 -9999 -9999 -9999 -9999 -9999 -9999 -9999 436.9 -9999 -9999 -9999 -9999 -9999 -9999 -9999 -9999 -9999 -9999 -9999 -9999 -9999 -9999 -9999 -9999 -9999 -9999 -9999 -9999 -9999 -9999 -9999 -9999 -9999 -9999 804.7 961.2 869.2 494.8 611.6 -9999 -9999 1147.3 977.2 621.3 393 424.5 503.9 -9999 546 -9999 749.8 427.5 275.1 158.4 153.2 154.1 154.1 238.9 305.7 274.9 227.4 287.7 278.3 961.1 602.9 812.4 587.3 596.9 393.1 176 195.1 221.8 242.6 228.7
322.6 -9999 -9999 -9999 -9999 -9999 -9999 -9999 -9999 -9999 -9999 -9999 -9999 -9999 -9999 -9999 -9999 -9999 -9999 -9999 -9999 -9999 -9999 -9999 -9999 -9999 -9999 -9999 -9999 -9999 -9999 -9999 -9999 -9999 -9999 -9999 -9999 -9999 -9999 766 -9999 -9999 -9999 -9999 -9999 947.3 664.5 514.7 -9999 -9999 -9999 -9999 824.8 352.6 202.7 155.1 136 92.6 92.1 160.7 193.4 184.5 229 296.5 271.4 310.2 297.4 447.6 637.7 631.6 577.2 452.9 260.7 339.7 350.1 335.3
164.8 195.7 -9999 -9999 -9999 -9999 -9999 -9999 -9999 -9999 -9999 -9999 -9999 -9999 -9999 -9999 -9999 -9999 -9999 -9999 -9999 -9999 -9999 -9999 -9999 -9999 -9999 -9999 -9999 -9999 -9999 -9999 -9999 -9999 -9999 -9999 -9999 -9999 -9999 -9999 -9999 -9999 -9999 -9999 -9999 -9999 -9999 -9999 -9999 -9999 -9999 -9999 690.1 335.2 155.4 137.1 138 83.2 83.2 127.6 144.1 151.7 204.3 269.3 272.4 263 268.9 279.5 274.7 401.1 584.9 772.7 737.4 447.1 368.1 384
166 171.4 -9999 -9999 -9999 -9999 -9999 -9999 -9999 -9999 -9999 -9999 -9999 -9999 -9999 -9999 -9999 -9999 -9999 -9999 -9999 -9999 -9999 -9999 -9999 -9999 -9999 422.1 457.4 564.4 373.9 -9999 346.6 -9999 -9999 -9999 -9999 -9999 -9999 -9999 -9999 -9999 -9999 -9999 -9999 -9999 258.6 273.9 -9999 -9999 -9999 -9999 772.9 234.9 223.7 171.8 100.4 91 103.3 131.7 108 98.7 108.8 126.9 126 135.5 144.1 172.9 182.5 278.8 486.8 666.1 630.9 334.8 266.8 293.3
145.4 145 153.4 -9999 -9999 -9999 -9999 -9999 -9999 -9999 -9999 -9999 -9999 -9999 -9999 -9999 -9999 -9999 -9999 -9999 -9999 -9999 -9999 -9999 -9999 -9999 -9999 -9999 -9999 -9999 -9999 -9999 -9999 -9999 -9999 -9999 -9999 -9999 -9999 -9999 -9999 -9999 -9999 -9999 -9999 435.7 348.1 -9999 -9999 -9999 -9999 -9999 942 440.1 189.7 99.8 87.9 86.2 95.2 104.9 108.5 104.7 102.1 84.2 73.6 86.7 104.4 122 158.8 189.3 281.8 399 422.4 349.9 290.8 289.4
-9999 -9999 -9999 -9999 -9999 -9999 -9999 -9999 -9999 -9999 -9999 -9999 -9999 -9999 -9999 -9999 -9999 -9999 -9999 -9999 -9999 -9999 -9999 -9999 -9999 -9999 -9999 -9999 -9999 -9999 -9999 -9999 -9999 -9999 -9999 -9999 -9999 -9999 -9999 -9999 -9999 -9999 -9999 -9999 -9999 -9999 -9999 -9999 -9999 -9999 -9999 1010.3 554.6 117.1 130.2 95.3 78.6 85.5 86.9 92.8 93.1 95.9 120.4 88.7 80.3 74.8 76.5 80.3 106.5 162.6 193.2 280.2 331.8 350 276 309.5
177 245.1 -9999 -9999 -9999 -9999 -9999 -9999 -9999 -9999 -9999 -9999 -9999 -9999 -9999 -9999 -9999 -9999 -9999 -9999 -9999 -9999 -9999 -9999 -9999 -9999 -9999 -9999 -9999 -9999 -9999 -9999 -9999 -9999 -9999 -9999 -9999 -9999 -9999 -9999 -9999 -9999 -9999 -9999 -9999 -9999 -9999 -9999 -9999 -9999 -9999 1149.8 394.3 148.4 121.6 102.7 75.7 73.8 75 71.3 68.9 73.6 80.2 81.1 77.5 68.8 64.3 71.3 81.1 127 207.5 247.5 287.8 311.3 315.4 358.6
177.7 157.1 -9999 -9999 -9999 -9999 -9999 -9999 -9999 -9999 -9999 -9999 -9999 -9999 -9999 -9999 -9999 -9999 -9999 -9999 -9999 -9999 -9999 -9999 -9999 -9999 -9999 -9999 -9999 -9999 -9999 -9999 -9999 -9999 -9999 -9999 -9999 -9999 -9999 -9999 -9999 -9999 -9999 -9999 -9999 -9999 -9999 -9999 -9999 -9999 624.7 599.2 202.2 157.4 164.3 70.7 23.5 46.8 67.9 65.8 55.2 55.5 67 74.4 71.9 69.3 65.7 69.4 61.2 85.7 140.3 178.6 184.2 238.3 326.9 354.7
124.3 118.9 111.9 93.7 100.2 78.1 70.2 139.4 -9999 -9999 -9999 -9999 -9999 -9999 -9999 -9999 -9999 -9999 -9999 -9999 -9999 -9999 339.1 444 277 -9999 -9999 -9999 -9999 -9999 -9999 -9999 -9999 -9999 -9999 -9999 -9999 -9999 -9999 -9999 -9999 -9999 -9999 -9999 -9999 -9999 -9999 -9999 -9999 -9999 501 420.6 249.1 263 210.6 71.2 26.5 44.8 65.2 70.7 56.3 54.9 56.9 53.8 50.8 62.9 74.3 65.5 83.5 85.8 98.8 100.6 99 109.2 206.8 281.7
