datasets/global_precipitation_1950_2017/rasters/precip_1985-total.asc
NCOLS 720 
NROWS 347 
XLLCORNER -180 
YLLCORNER -90 
CELLSIZE 0.5 
NODATA_value -9999 
[rows 34 to 67 of 347, columns 152 to 227 of 720]
240.7 224.7 208.9 196.2 187.1 180.4 174.3 173.3 174.4 177.8 183.1 186.7 194.9 201.3 204.1 204.8 209.4 212.3 215.1 221.8 226.3 230.6 239.9 248.6 256.6 264.3 275.8 285.9 293.9 301.9 311.8 319.6 332 341.7 349.5 352.9 -9999 -9999 329.1 -9999 305.9 -9999 -9999 -9999 -9999 -9999 -9999 -9999 -9999 -9999 -9999 -9999 -9999 -9999 -9999 -9999 -9999 -9999 -9999 -9999 360.6 370.3 381.1 394.2 406.3 419.3 432.3 446.4 461 472.2 489.4 510 -9999 -9999 -9999 697.1
226.9 212.2 200.7 191.3 186.3 184.6 186.4 193.4 199.3 209.1 218.5 226.4 241.4 246.4 249.4 252.2 256.1 257 264.7 266.3 272.5 277.4 283.8 292 296.7 302.8 310.5 317.2 -9999 -9999 330 335.6 339.5 342.4 342.2 -9999 335.5 330.1 324.6 -9999 -9999 -9999 -9999 -9999 -9999 -9999 -9999 -9999 -9999 -9999 -9999 -9999 -9999 -9999 -9999 -9999 -9999 -9999 -9999 -9999 -9999 411 421.5 433.6 444 454.3 464.2 475.1 486.7 501.3 518.7 537.3 -9999 -9999 -9999 -9999
208.5 195.9 185.2 178.5 181.5 187.1 195.4 207.9 221.4 234.9 247.6 260.8 269.7 281.7 288.5 292.7 294.1 297.6 299.8 300.3 306.4 310.6 315.9 319.5 324.3 328 331.7 335.3 340.4 340.9 345.5 344 342.8 342.1 -9999 -9999 332.6 326.8 -9999 315.2 -9999 -9999 -9999 -9999 -9999 -9999 -9999 -9999 -9999 -9999 -9999 -9999 -9999 361.8 373.8 381.7 385.9 -9999 398.3 406.7 416.1 427.4 437.6 449.9 461.1 470.5 479.1 488.2 495.7 505.6 516.9 529 540.2 555.3 -9999 -9999
203.9 194.8 188 184.9 188.3 196.2 207.2 220.2 237.8 252.1 265.6 281.2 296.2 307.5 313.5 313.2 309.4 309.4 313.2 320.9 325 330.2 334.5 337.1 338.6 339.7 341.7 342.8 345.4 348.2 350.1 349.3 346.5 -9999 -9999 335.3 329.9 324.3 317.9 312.1 304.9 295.4 286.6 -9999 -9999 -9999 -9999 -9999 -9999 -9999 -9999 -9999 354.6 366.5 375.5 383.6 385.6 391.6 397.3 406.6 416.7 428.5 440.7 454.9 466.6 477.6 485.9 491.9 498.4 501.8 509 515.4 520.7 527 533.7 537.8
212.6 206.2 202.7 201.7 205.8 213.4 224.1 237.2 254.9 270.9 285.9 303.2 319 330.5 339.3 347.1 311.9 316.9 324.8 333.5 340.4 347.5 346.4 345.1 342.4 339.3 334.9 337 339.5 343.2 346.6 348.3 -9999 -9999 -9999 335.1 329 322.6 316.5 311.5 309.5 283.6 262.6 262.7 268.1 -9999 -9999 -9999 -9999 -9999 -9999 -9999 -9999 -9999 374.4 -9999 -9999 -9999 -9999 -9999 -9999 -9999 439.4 453 466.1 476.7 485.7 491.7 495.9 499 502.9 507 512.6 520.7 531.2 542.8
215.7 212.9 212.3 215.2 221.6 230 241.2 255.2 270.7 287.9 306.7 321.2 334.3 344 349.7 352 350.8 352.8 357.6 364.8 369 370.6 366.6 -9999 343.1 327.2 315.8 314.7 -9999 -9999 -9999 -9999 -9999 -9999 343.3 337.2 330.1 321.3 311.5 300.4 -9999 -9999 -9999 259.3 263.6 271.1 280.1 288.4 -9999 -9999 -9999 -9999 -9999 -9999 -9999 -9999 -9999 -9999 -9999 -9999 -9999 -9999 441.1 -9999 -9999 474.3 482.5 488.2 492.2 493.6 494 497.9 506.1 517.7 531.8 550.2
218.3 218.1 218.8 223.1 233.1 241.3 256.5 268.5 286.9 304.6 323 339.3 353.3 365 373.9 381.3 387.8 396 404.3 411.4 414.6 412 402.2 386.6 364.2 335 312.1 -9999 -9999 -9999 -9999 -9999 -9999 -9999 -9999 -9999 -9999 326 315.9 -9999 -9999 -9999 -9999 -9999 -9999 -9999 -9999 -9999 -9999 -9999 -9999 -9999 315.6 -9999 -9999 -9999 -9999 -9999 -9999 -9999 -9999 -9999 -9999 -9999 -9999 473.7 481.2 489.3 497.8 502.7 502.8 504.7 -9999 -9999 527 543.2
220.3 220 223.6 229.5 239.7 252.2 266.5 282 299.4 317 336.2 354.3 373.4 389.4 403.9 418.1 432.3 446.9 461 473.7 481.9 482 465.8 -9999 -9999 -9999 -9999 -9999 -9999 -9999 -9999 -9999 -9999 -9999 -9999 -9999 -9999 -9999 -9999 -9999 -9999 300.1 293.2 290.4 -9999 -9999 -9999 -9999 -9999 -9999 -9999 -9999 -9999 -9999 -9999 -9999 -9999 -9999 -9999 -9999 -9999 -9999 -9999 -9999 -9999 -9999 -9999 -9999 -9999 514.3 512.6 510.8 511.9 514.5 -9999 -9999
223.7 222.4 223.5 228.9 238.5 252.4 267.7 284.9 305.4 323.4 344.9 367.8 389.2 411.5 431.8 452.7 473.6 493.9 515.8 537.8 561.5 587.4 -9999 -9999 -9999 -9999 -9999 -9999 -9999 -9999 -9999 -9999 -9999 -9999 -9999 -9999 -9999 -9999 -9999 -9999 -9999 316 -9999 -9999 -9999 -9999 -9999 -9999 317.5 -9999 -9999 -9999 338.8 346.7 357.6 370.3 383.7 397.4 -9999 424.9 439.2 452.1 -9999 -9999 -9999 -9999 -9999 -9999 -9999 -9999 -9999 507.5 508.1 509.4 509.7 510.7
230.2 225.6 222 226.2 235 249.4 267.1 285.5 302.5 322.7 348.1 375.1 403.5 429.3 456.4 480.7 506.1 530.3 552.9 572.1 588.3 -9999 -9999 -9999 -9999 -9999 -9999 -9999 -9999 -9999 -9999 -9999 -9999 -9999 -9999 -9999 -9999 -9999 -9999 -9999 -9999 -9999 -9999 -9999 -9999 -9999 -9999 -9999 345 -9999 -9999 -9999 368 374.7 382.4 391 400.5 414.2 425 436.6 450.2 462.4 473.2 483.1 -9999 -9999 -9999 -9999 -9999 -9999 -9999 -9999 -9999 -9999 -9999 -9999
241.4 232.2 223.6 218.6 220.4 233.1 274.6 288.7 302.3 323.9 351.4 382 414.4 441.5 470.7 496.9 522.2 543.3 566.8 580.7 -9999 -9999 -9999 -9999 -9999 -9999 -9999 -9999 -9999 -9999 -9999 -9999 -9999 -9999 -9999 -9999 -9999 -9999 -9999 -9999 -9999 -9999 -9999 -9999 -9999 -9999 -9999 -9999 -9999 -9999 -9999 -9999 -9999 400.2 406.5 413.1 420 427.1 436.9 449.8 460.2 470.9 480.8 489.3 496.5 -9999 -9999 -9999 -9999 -9999 -9999 -9999 -9999 -9999 -9999 -9999
266.9 255.6 240.3 228.1 224.6 228.4 245.9 271.5 302.7 333.3 359.3 394.3 424 454.3 478.1 500 522.8 538 550.3 -9999 -9999 -9999 -9999 -9999 -9999 -9999 -9999 -9999 -9999 -9999 -9999 -9999 -9999 -9999 -9999 -9999 -9999 -9999 -9999 -9999 -9999 -9999 -9999 -9999 -9999 -9999 -9999 -9999 -9999 -9999 -9999 -9999 -9999 421.1 426.1 433 439.1 445 452.9 460.7 468.5 477.1 484.8 492 498.5 503.5 512.5 515.6 514.7 -9999 -9999 -9999 -9999 -9999 -9999 -9999
319.4 301.1 291.4 277.3 270.5 270.4 284.4 309.1 336.4 367.7 400 430 454.7 477.1 491.9 507.1 515.4 520.1 522.5 -9999 -9999 -9999 -9999 -9999 -9999 -9999 -9999 -9999 -9999 -9999 -9999 -9999 -9999 -9999 -9999 -9999 -9999 -9999 -9999 -9999 -9999 -9999 -9999 -9999 -9999 -9999 -9999 -9999 -9999 -9999 -9999 -9999 -9999 434.9 440.7 444.8 448.4 454 460.3 466.1 472.6 479.3 485.3 490.9 498.4 504.6 507 510 510.6 -9999 -9999 516.5 -9999 -9999 -9999 -9999
399.2 384.7 372 357.7 350.2 355.5 365.2 384.8 408 433.5 462.2 488.9 509.4 521.1 520.4 512.7 502.5 493.8 -9999 -9999 -9999 -9999 -9999 -9999 -9999 -9999 -9999 -9999 -9999 -9999 -9999 -9999 -9999 -9999 -9999 -9999 -9999 -9999 -9999 -9999 -9999 -9999 -9999 -9999 -9999 -9999 -9999 -9999 -9999 -9999 -9999 -9999 -9999 445.9 448.9 451.2 454.6 457.6 461.6 466.5 473.7 480.9 486.2 495.7 504.2 509.5 515.4 518.5 521.3 -9999 -9999 -9999 -9999 -9999 -9999 -9999
465.8 481.6 481.9 476.6 466.1 471.1 477.6 490.3 511 531.1 551.7 565 563.8 546.3 531.9 503.4 480.4 461.3 -9999 -9999 -9999 -9999 -9999 -9999 -9999 -9999 -9999 -9999 -9999 -9999 -9999 -9999 -9999 -9999 -9999 -9999 -9999 -9999 -9999 -9999 -9999 -9999 -9999 -9999 -9999 -9999 -9999 -9999 -9999 -9999 -9999 -9999 451.9 454.5 455.2 456.2 458.3 460.3 461.5 467.9 476.1 485.4 495.9 506.7 515.5 523.9 529.9 534.8 539.3 543.5 -9999 -9999 -9999 -9999 -9999 -9999
497.1 524.3 534.1 532.8 528.6 527.4 529.6 540.2 551.4 560.6 570.3 573.4 562.1 543 518 488.1 458.2 435.6 423.6 415.2 442.4 440.5 -9999 -9999 -9999 -9999 -9999 -9999 -9999 -9999 -9999 -9999 -9999 -9999 -9999 -9999 -9999 -9999 -9999 -9999 -9999 -9999 -9999 -9999 -9999 -9999 -9999 -9999 -9999 -9999 -9999 453.7 456.8 457.9 456.6 455 455.4 457.7 461.3 466.3 477.6 488.1 502.8 518.3 532.5 543.2 550.7 553.7 -9999 559.9 564.5 -9999 -9999 -9999 -9999 646.8
571.3 587.7 562.9 536.4 513.8 503 505.9 511.3 517.3 531.5 532 542.6 542.6 522.4 502 475.2 451.1 437.2 429.9 428.5 427.9 425.1 -9999 -9999 -9999 -9999 -9999 -9999 -9999 -9999 -9999 -9999 -9999 -9999 -9999 -9999 -9999 -9999 -9999 -9999 -9999 -9999 -9999 -9999 -9999 -9999 -9999 -9999 -9999 -9999 -9999 -9999 445.9 448.6 448.3 449.3 449.6 452.4 454 461 472.9 487.3 505.5 526.3 543.6 552.2 557.8 562.7 564.2 565.9 566 -9999 577.9 593.5 616.4 645.7
615.2 591 560.3 524.5 492.4 480 477.2 475.1 474.8 483.3 495.6 507.3 519 512.2 491 466.6 447.4 437 427.8 420 412.6 403.7 396.4 -9999 -9999 -9999 -9999 -9999 -9999 -9999 -9999 -9999 -9999 -9999 -9999 -9999 -9999 -9999 -9999 -9999 -9999 -9999 -9999 -9999 -9999 -9999 -9999 -9999 -9999 -9999 -9999 -9999 -9999 -9999 439.5 439.5 443.8 445.5 450.7 459.6 470.3 485.5 503.9 520.9 537.7 547.1 550.7 556.2 558.8 559.3 558.8 561.8 571.8 587.1 608.3 634.2
571.3 565.4 547.4 525.8 502.5 488 476.9 460 455.9 462.3 471.2 481.1 493.3 494.8 483.5 466.5 453.6 441 430.2 414.2 393.8 374.5 360.3 -9999 -9999 -9999 366.5 -9999 -9999 -9999 -9999 -9999 -9999 -9999 -9999 -9999 -9999 -9999 -9999 -9999 -9999 -9999 -9999 -9999 -9999 -9999 -9999 -9999 -9999 -9999 -9999 -9999 -9999 -9999 437.4 439.9 442.5 450.9 451.6 461.4 471.6 485.6 503.5 518.1 528.7 535.9 537.8 539.7 542.5 544.4 546.1 553.4 564.6 579.8 599.4 626.4
551.6 553 537.2 513.6 496.4 493.6 475.1 440 417.1 448.5 472 478.3 490.7 499.1 495.4 485.5 469.6 455.9 443.9 426.8 401.4 372.1 355.5 357.8 364.2 368.6 375.1 377.5 366.9 362.1 358.5 -9999 -9999 -9999 -9999 -9999 -9999 -9999 -9999 -9999 -9999 -9999 -9999 -9999 -9999 -9999 -9999 -9999 -9999 -9999 -9999 -9999 -9999 -9999 -9999 448.1 452.2 463.2 471.9 479.8 492.3 506.6 513.9 515.2 517.9 513.2 511.9 510.8 513.2 514 518.7 533.2 551.1 571.9 586.6 610.2
537.4 536.3 523.3 507.8 491.6 474.7 451.1 419.4 395.7 423 464 489.8 506.5 522.9 530.2 523.8 495.6 470.4 467 445.4 424.6 404 388.4 382.8 386.6 396.9 406.8 409.8 406.8 403.1 388.8 382.5 370.5 -9999 -9999 -9999 -9999 -9999 -9999 -9999 -9999 -9999 -9999 -9999 -9999 -9999 -9999 -9999 -9999 439.7 448.1 -9999 -9999 -9999 -9999 471.4 479 489 503.2 517.8 531.1 542 543.9 543.4 535 516.7 513.6 505.4 502.6 503.3 510.6 523.2 539.6 555.2 570.7 587.1
514.8 525.5 524.4 517.5 507 489.7 466.4 449.4 453.2 473.2 495 515.6 532.1 537.5 537.2 528.2 504.4 482.8 466.9 450.8 435.3 422.2 412.4 409.2 421.8 440.7 453.5 466 467.6 463 452.8 435.6 411.1 383.7 352.9 -9999 -9999 -9999 -9999 -9999 -9999 -9999 -9999 -9999 -9999 -9999 -9999 -9999 -9999 -9999 -9999 -9999 -9999 -9999 494.3 501.9 513.3 527.8 544.8 560.7 574.8 584.9 583.6 567.8 560.6 549.8 536.2 533 527.7 525.1 527.5 533 538.8 544.9 553.2 561.7
513 524.3 527.6 522.6 518.4 508.6 485.8 460.9 462.5 490.6 516.3 518.2 515.1 515.9 511.1 501.2 494.2 478.4 461 447.7 434.5 429.2 430.9 448.2 475.8 500.8 521.3 537.2 540.8 535.8 521.5 489 453.5 412.9 368.7 326.1 287.6 258.6 -9999 261.4 278.7 -9999 -9999 -9999 -9999 -9999 -9999 -9999 -9999 -9999 -9999 -9999 496.7 503.8 513.4 528.2 546.2 565.3 587.3 601.3 613.5 619.7 619.4 609.7 598.6 589.7 577.2 572.1 568.3 561.8 555.7 554.1 550.9 542.4 539.5 548.4
567.3 532.5 515.2 508.5 531 534 493.7 446 445.8 487.6 514.3 480 429.8 458.6 473 467.6 453.5 428.8 407.2 396.8 392.4 408.8 437 475.1 516.3 551 580.6 598.3 601 596 576.4 545.8 504.1 456.8 404.9 356.7 317.8 291.2 280.1 281.7 290.6 303.7 325.5 356.7 -9999 -9999 -9999 -9999 -9999 479.4 489.2 502.2 513.8 524.6 538.5 555.8 574.7 594.8 612 630.2 640.8 647.4 648.7 643.1 636.3 628.6 623 619.2 615.1 607.4 598.1 587.4 572.2 558.5 544.1 554.6
529.9 495.9 470.6 467.9 489.6 496.3 476.4 469.9 475.9 491.1 501.7 504.9 507.3 498.1 473.1 445.3 405.4 357.1 320.4 313.3 327.5 370.7 424.7 481.4 535.2 581 610.3 623.6 632.5 640.8 637 615 579 532.6 479.7 430.1 384.8 353.8 333.3 319.8 324.7 334.6 360.3 -9999 -9999 -9999 -9999 -9999 -9999 468.4 484.3 514.5 546.8 567.3 578.6 590.4 605.8 621.9 639 654.2 663.7 667.5 665.9 661.3 656.4 653.2 653.5 653.6 653.6 651.6 645.3 633.6 619.3 608.4 606.5 625.9
489.5 472 440.3 412.5 383.6 404.4 447.2 459 472.9 489.5 519.4 560.1 568.8 536.2 491.6 441.2 382.8 328.1 291 279.2 305.8 358.9 421.1 489.5 559.8 618.9 654.5 664.7 676.3 695.4 701.3 691.1 660.8 623.6 574.4 522.7 476.3 428.3 394.6 365.4 364.2 382 413.7 457.6 -9999 -9999 -9999 -9999 -9999 -9999 497.7 562.2 613.3 641.8 630.4 625.9 630.5 643.6 657.4 667.2 673.8 674.4 670.8 665.3 663.5 662.2 664.9 671.6 680.5 686.7 688.4 684.8 679.2 671.5 669.3 683.7
498.3 476.9 472.3 449.1 442.8 479.2 494.8 494.1 495.5 476.8 499.2 523.1 535.6 528.3 495.4 444.3 386.5 335.2 303.3 302.2 318.6 365.8 437.4 535.7 627.9 688.6 725.1 743.3 757.2 759.5 756.9 752.5 736.4 710.9 669 618.5 563.7 510.7 453.5 410.5 412.4 452 500.9 537.7 -9999 -9999 -9999 -9999 -9999 -9999 556 602.7 654.6 660.6 648 644.9 649.3 656.7 665.1 671.3 673.7 674.1 672 669.2 666.3 663 664.5 681.1 702.8 721.9 734.3 741 737.7 722.1 699 704.4
414.4 449.4 515.2 455.5 485.3 589.7 564.7 534.1 517.1 516 504.6 487 475.4 465.2 453.4 427.8 389.9 354.1 338.8 341.7 364.8 409.1 518.4 661.4 749.4 788.8 807.4 815.1 813.3 810.1 804.2 804.4 792 761.5 720.5 679 629.6 584.5 510.8 459.6 468.3 542 615.2 621.3 -9999 -9999 610.9 -9999 -9999 -9999 595.1 602.9 616 627.2 635.5 645 657.5 669.6 679.8 682.7 687.5 688.6 691.9 693.8 696.1 695.4 699.4 716.6 743.7 770.5 790 801.2 799.5 802.5 740.5 715
416.1 442.8 442.3 447.6 409.5 438.6 494.1 503.7 483.7 466.9 455.7 437 431.5 418.3 423.8 442 429.2 420.8 441.1 478.2 518.2 576.6 689.9 795.7 859 886.7 893.3 906.7 888.2 864.6 838.5 839.6 846.6 774.4 701.2 653.9 626.4 602.5 526.4 465.3 502.3 595.7 662.8 658.3 644.5 -9999 -9999 -9999 -9999 -9999 -9999 611.2 615.7 623.7 628.4 645.7 680.9 711.2 722.5 725.9 727.2 736.6 743.7 753 759.4 767.5 776.6 787 808.2 837.5 863.7 875.1 853 801.7 748.5 695.1
422.1 412.1 443 453.1 480.5 457 501.6 552.2 473.5 476.8 441.5 468.9 515.5 553.1 579.1 526.1 480.3 475.8 519.2 577.2 625 673.4 726.7 800 861 904.1 929.2 960.9 944.3 880.5 802.2 704.1 717.9 716 661.1 615.1 618.4 611.1 564.1 511.8 544.2 678 702.3 689.2 686.3 713 760.9 -9999 -9999 -9999 665.5 649.1 641 631.7 638.4 684.7 755.8 783.7 784.9 791.2 809.8 826.3 844 847 850.6 853.4 859.3 868.1 880.4 897 911.3 908.9 872.9 816.3 746.7 664.7
418.4 392.2 428.3 457.3 413.8 417.6 495.4 452.5 454.2 449 475.3 493.1 553.4 581.3 565.7 538.6 510.3 509.6 566.6 633.3 664.2 695.3 728.1 771.8 838.4 884.6 899.1 888.4 853.7 833.4 772.5 712.3 722 727.7 697.9 695.8 685.4 675.6 678.5 702.3 760.7 788.4 760.6 733.1 707.3 687.1 641.8 719.8 -9999 702.3 686.2 683.1 692.2 708.9 749.8 813.6 827 819.2 809.3 810.1 830.9 868.5 904.9 928.2 928.4 923.2 923.7 923 928.6 933.6 922.2 913.2 895.9 873.7 834.2 779.7
365.6 399.8 438.2 442.4 437.4 535.5 529.6 422.5 502.4 495.7 465.3 453 461.1 516.4 545.4 516.9 502.1 505.9 562.1 659 700.9 735.1 743.5 763.7 816.5 854.2 851.4 810.3 774.8 754.1 745.9 791.4 825.8 826.6 836.9 829.8 818.4 805.2 812.2 827.7 839.3 849.2 845.6 818.6 772.5 718.4 676.2 658.5 650.9 656.5 699.9 747 787.4 808.1 858.9 873.4 853 833.3 820.3 801.5 809.1 845.3 890.9 945.6 960.2 929.6 934.4 935.4 922.5 892.2 899.3 946.8 943.8 942.4 938.7 917.4
428.7 438.6 486.3 509.2 457.7 474.6 462 465.9 499 465.6 474.3 461.2 503.5 534.2 523.6 507.6 507.2 562.8 592.9 653.5 721.6 757.3 761.8 745 962.3 899.9 826.3 778.5 740.7 714.7 682.7 770.2 826.5 854.4 878.3 836.3 817.8 800.9 776.6 810.3 851.7 876.3 883.5 905.1 871 824.8 782.8 712 640 672.3 730.1 795.7 840.4 848.3 854 879.3 870.4 855.9 861.8 859.3 834.7 847.1 883.7 1027.9 1065.9 1051.3 992 954.5 928.2 914.7 935.4 947 936.9 932.2 921.1 1006.6
410.2 399.4 419.7 440.8 449.2 494.6 530.2 474.9 469.8 494.3 513.6 549.7 543.3 486.9 528.1 568.8 605.5 629.9 592.1 623.3 775.1 817.2 837 834.1 898.8 884.4 818.8 764.6 723.1 766.2 816.6 873.5 895.6 862.6 854.3 790.5 770.3 707.2 699.1 809.5 868.3 936.7 866.5 889.8 910.9 879.1 850.8 783.9 721.7 675.9 699.3 854 911.8 884.6 876 889.3 873.9 855.2 867.7 906.4 845.2 751.9 764.8 976.9 1059.5 961.9 956.9 937.5 902.1 910.8 947.3 932.5 907.7 987.1 -9999 -9999
