datasets/global_precipitation_1950_2017/rasters/precip_2008-total.asc
NCOLS 720 
NROWS 347 
XLLCORNER -180 
YLLCORNER -90 
CELLSIZE 0.5 
NODATA_value -9999 
[rows 34 to 67 of 347, columns 380 to 455 of 720]
-9999 -9999 -9999 -9999 -9999 1308.4 1590.7 -9999 1188.6 907.8 882.7 660.1 586.3 628.4 621.7 571.6 593.3 602.3 629.1 687.2 765.1 670.9 613.1 607 719.5 540.4 633 648.4 646.4 645.5 679.8 689.2 685.9 585.4 596.3 645.8 667.7 629.8 549.1 560.3 582.6 584.8 604.3 639.6 669.7 692 689.9 659.9 -9999 -9999 -9999 -9999 -9999 -9999 509.7 507.6 512.6 523.1 542.2 523.6 -9999 -9999 -9999 -9999 470.7 528.9 579 -9999 616.3 612.5 603.8 605.5 610 618.9 640.9 656.1
-9999 -9999 -9999 -9999 -9999 1127.6 1269.6 1161.8 910.5 721.9 644 586.7 628.9 550 552.2 570 561.5 590.6 584 588.8 590.8 610.4 654 592.4 549.3 505.8 -9999 -9999 -9999 651 700 745 741.7 716.1 753.6 703 677.1 722.5 689.3 660.5 655.4 656.8 655.9 658.8 677.6 690.9 680 645.3 600.4 -9999 -9999 -9999 -9999 -9999 -9999 -9999 -9999 -9999 -9999 -9999 -9999 525.5 520.4 526.9 545.8 572.7 600.2 613.1 555.1 583.6 602.3 613.8 626 643.9 671.7 692.5
-9999 -9999 -9999 -9999 -9999 1228.8 1089 907.1 751.1 661.2 651.7 686.2 607.9 480.8 625.3 696.3 640.8 668 646.4 714.5 621 779.8 694.8 -9999 -9999 -9999 -9999 -9999 -9999 -9999 -9999 605.4 654.1 635.8 604.8 689.6 780.3 801.9 770.8 714 720.2 709.8 707.1 708.7 708.2 695.4 666.8 641.5 628.9 -9999 -9999 -9999 -9999 -9999 -9999 -9999 -9999 -9999 -9999 -9999 596.5 602.3 611.9 622.6 631.8 634.3 635.7 633.3 631.8 638.5 652.7 663.4 668.2 675.5 687.4 702.7
-9999 -9999 1139.8 1512.1 1486.3 973 815.1 684.1 641.1 640.9 695.4 632.7 621.6 571.8 628.5 701.5 631.8 595.6 632.1 657.4 733.1 624.9 -9999 -9999 -9999 -9999 -9999 -9999 -9999 552 555.5 659.4 743 750 733 763 874.2 770.6 757.3 708.1 740.4 734.6 721.5 716.6 718.1 702 666.8 640 627.4 626.3 -9999 -9999 -9999 491.7 500.3 523.7 -9999 -9999 -9999 -9999 630.9 661.2 661.8 662.8 670.9 687.6 701.5 698.3 685.5 681.2 684.8 686.6 681.7 679.5 682.4 683.8
-9999 1212.2 1171.4 1031.9 975.2 879.7 704.9 566.7 555.5 596.3 609.4 488 554.3 575.9 544.3 579.5 627.1 604.1 626.6 666.1 707 736.9 -9999 -9999 -9999 -9999 -9999 -9999 647.3 646.8 507.1 595.5 712.8 756.2 725.5 648.2 763.3 795.4 795.7 731.5 789.9 776.1 750.4 715.9 683.9 658.3 649.5 640.9 629.1 613.2 603.4 620.8 -9999 -9999 -9999 -9999 647.5 642.9 636.6 640.5 660.8 667.5 653.2 635.1 648.3 662 671.5 678.5 681.6 681.4 677.4 673.3 669.4 668.2 666.8 667.3
1356 1258.8 801.6 791.8 1016.6 926.9 817.5 740.7 750 571.8 598.2 513.5 541 512.5 523.7 684 685.5 605.9 683.4 676.4 685.7 -9999 -9999 -9999 -9999 558.1 547.5 626.3 783.9 682.2 621.2 730.2 782.4 769 823.8 829.8 699.7 505.7 755.4 857.2 847.9 747.8 748.6 732.7 682.9 654 657.3 683.2 716.2 696.9 675.7 669.1 667.4 671.3 683.7 701.2 703.8 686.9 673.1 671.9 673.2 669.5 658.9 648.2 649.5 657.6 665.9 674.1 677.5 675.2 672.5 669.9 664.2 656.6 648.9 637.5
938.8 829.3 816.3 846.4 876.2 664.1 622.2 682.1 580.9 526.8 569.6 552.1 595.4 556.7 518.9 560.5 874.6 591.5 -9999 -9999 -9999 -9999 -9999 -9999 569 551.8 591 623.7 619.8 585.1 684.9 785.3 747.5 745.8 634.4 707.2 774.5 727 420.1 654.9 629.7 765.5 817.5 802.7 732.7 663 605.9 651.2 735.5 762.8 755.1 749.2 744 732.8 714.5 692.9 671.2 649.1 638.7 678.3 726.6 716 682.1 661.4 668.5 682.3 693.8 695.4 691.6 686.2 677.9 669 660.6 654.7 652.5 651.9
562.9 574.4 632.6 616.5 635.4 661.2 638.2 496.1 579.1 565.1 539.4 583.6 592.7 599.9 665.7 701.1 -9999 -9999 -9999 -9999 -9999 -9999 633.5 610 635.9 622.6 639.2 677.7 736.4 789.1 781.1 780.6 795.2 780.1 745.2 765 787.4 822.9 761.7 714.1 719.5 762.2 793.6 797.5 777.3 731.3 722.6 754.9 812.1 810.3 776.2 765.5 765.2 761 747.8 725.2 704.2 683.1 675.5 699.5 724.1 721.6 709.6 704 712 765.1 733.6 713.5 705.7 703.2 695.5 684.1 670.2 660.4 654 652.7
448.1 411.5 584.9 588.3 709.5 638.9 607.5 565.1 592.2 630.9 589.3 580.1 699.7 699.8 757.7 -9999 -9999 -9999 -9999 -9999 -9999 -9999 -9999 719.1 781.6 746.4 712.1 712.3 759.7 884.3 913.8 849.1 808.7 810.5 775.5 665.2 674 753.3 755.9 711.9 792.4 777.6 779.5 787.2 781.7 737.1 710.8 685.4 650.3 688.5 730 760.1 778.5 774.9 772.6 769 760.8 757 760.8 767.9 763.8 749.7 733 707.6 672.7 643.2 649.7 675.6 693 704.6 703.4 682.7 662.7 654.2 647.2 648.2
587.4 586.2 587.4 623.1 672.9 687.1 657.9 635.6 642.2 656.7 671.1 611.3 541.3 673.9 643.9 -9999 -9999 -9999 -9999 -9999 -9999 -9999 -9999 742.6 808 939.5 884.8 846.9 740.2 817.9 827.8 748.3 799.4 761.4 813.3 764.1 736.6 741.8 730 735.6 776.6 874.9 826.3 810.1 791.2 762.8 755.2 738.2 680.6 685.7 723.6 772.7 826.5 836.9 806.9 792.5 774.5 756.9 770.4 805.9 805.5 788.2 750.1 711 671.5 643 635.3 649.4 656.1 657.3 649.6 635.7 623.8 616.3 617.6 626.8
681.1 747.9 902.5 894.6 811.3 885.2 823.9 721.9 649.7 664.3 644.4 628.1 653.2 636.8 -9999 -9999 -9999 -9999 -9999 -9999 -9999 -9999 -9999 721.3 728.6 707.2 741 721.1 695.1 697.7 752.7 762.5 764 726.8 785.1 722 716.3 725.2 747.2 750.9 755.1 773 792 807.4 790.1 758.2 735.2 731.8 728.8 731.8 736.1 734.3 728.9 741.7 755.9 758.8 751.6 742.3 756.5 786.8 792.7 768.4 724.2 674.4 647.5 643.9 643.8 639.8 633.8 623.1 612 602.3 595.7 586.1 588.8 593.3
832.1 644.3 627.2 703.5 753.1 726 779.7 803 708.6 625.3 661.5 595 682.2 682.3 749.3 -9999 -9999 -9999 -9999 -9999 -9999 -9999 -9999 758.7 822.8 798.2 761.8 754.3 759.6 671.5 659 750 782.2 881.2 831.9 807.6 794.8 835.3 805.7 786.6 754.7 739.6 741.8 736.4 712.7 696.5 736.3 775.7 771.3 795.9 770.8 731.8 708.9 713.8 723.4 719.3 713.2 717.7 739.8 768.3 778.3 757.4 719.9 685.7 673.6 674 668.3 654.1 636 615.9 597.8 581 571.2 576.7 556.8 535.7
688.7 980.3 941.6 732.9 747.1 947.6 830 812.1 945.9 881.6 804 678.1 646.4 689.9 648.7 759.6 750.8 -9999 -9999 740.3 743.1 -9999 -9999 -9999 791.5 -9999 861.5 862.7 791.7 830.1 -9999 884 -9999 -9999 -9999 -9999 -9999 -9999 711.4 688.4 707.4 711.1 696.9 671.5 666.6 656.1 690.7 734.2 753.8 761.5 751.6 728.5 702.4 682.8 655 625.5 620.3 626.4 647 688.3 720.9 714.4 704.3 708.3 722.2 730.4 720.7 696.4 670.5 645.7 623.1 600.9 574.7 540 467.8 340.1
952.6 990.6 982.5 901.8 800.4 780.6 766.6 861.4 995.6 946.8 855 699 714.6 679.2 648.3 676.3 763.8 757.2 -9999 -9999 -9999 -9999 -9999 -9999 -9999 -9999 -9999 -9999 -9999 -9999 -9999 -9999 -9999 -9999 -9999 -9999 -9999 715.1 699.3 687.9 743 707.4 687.3 644.5 598.8 618.5 685.6 748.2 735.3 732.2 715 688.6 669.9 652.1 630.5 607 574 560.7 530 554.9 576.5 595.2 619 651 690.7 715.3 706.4 682.9 673.9 683.5 698 682.3 631.5 581.3 549 553.3
1196.6 1016.1 1084.4 1025.4 869 908.9 834 769.1 766.8 804 773.2 673.6 641.6 726.3 623.2 609.4 641.6 -9999 -9999 -9999 -9999 -9999 -9999 -9999 -9999 -9999 -9999 717.9 737 722 725.5 811.5 810.7 667.4 606.7 621.1 634.2 804.4 770.3 790.3 803.2 759.7 728 688.2 668.8 658.9 642.6 646.1 659.5 680.6 679.3 666.6 664.3 660.3 652.8 658.6 686.3 597 541.7 528 529.6 542.9 559.2 564.5 564.5 591.7 607.3 600.5 600.9 635.5 673.6 685.1 664.8 638.7 625.3 626.3
-9999 -9999 957 1206.8 1090 825 695.7 674.8 751.5 795.9 796.5 635.5 704.5 636.4 612.3 -9999 -9999 -9999 -9999 -9999 -9999 -9999 -9999 -9999 -9999 -9999 -9999 -9999 1786.3 836.3 634.4 690.1 676.2 621.7 666.8 846 784.7 789.1 791.3 775.1 762.3 732.8 704.1 708.8 718.4 740 675.7 640.6 622.1 628.9 650.3 658.3 650 639.7 627.7 621.3 612.5 588.1 547.6 525.1 521.2 539.7 569.7 571.3 559.4 566.7 564.9 541.2 537 581.7 624.4 652 656.7 649 648.6 657.8
-9999 -9999 -9999 1167.3 1032.6 906.9 742.5 735.9 665.5 656.9 623.3 521.1 600.6 -9999 -9999 -9999 -9999 -9999 -9999 -9999 -9999 -9999 -9999 -9999 571.7 -9999 -9999 -9999 -9999 762.5 698.6 670.6 844.9 887.9 804.1 791.2 820.5 867.4 883.5 808.2 765 727.6 709.2 725.6 752 738.4 710 653.1 641.9 649.2 644.1 632.1 615.2 607.8 606.5 604.1 605.2 606.3 576.3 543.5 524.2 512.5 522.3 538.4 548.1 563.1 568.6 581.3 600.8 628.2 654 669.8 666.9 647.9 640.7 653
-9999 -9999 -9999 -9999 1286 1233 1164.1 956.3 745.2 796.9 737 614 587.6 -9999 -9999 -9999 -9999 578.6 -9999 -9999 -9999 -9999 -9999 -9999 -9999 -9999 -9999 -9999 -9999 668.9 706.8 560.4 553.2 747.3 781.1 793.5 806.4 802 784.6 752.7 740.8 732.5 723.2 732.9 749.3 735.7 717.3 682 663.3 650.5 639.4 628.6 587.3 572.4 614.2 624 609.1 591.2 561.3 493 482.7 619.1 429.8 459 499.4 555.8 598.7 632.5 653.8 674.7 694.7 707.4 691.4 662.6 644.7 656.7
719.3 -9999 -9999 -9999 1154 1450.7 1218.4 958 855.3 829.1 781.4 647.5 563 -9999 -9999 -9999 580.2 -9999 -9999 -9999 -9999 -9999 -9999 676.1 669.7 652.2 -9999 -9999 -9999 655 672.8 691.3 731.2 792.7 810.5 719.2 736.7 743.3 740.6 730.8 723.3 738.5 754.7 720.7 710.6 730.4 736.1 713.2 693.1 690.7 702.7 710.5 702.7 701.8 713.9 705 696.4 667.3 632.6 582.5 533.1 494.5 469 473.8 509.3 597.4 667.5 664 671.3 700.3 725.5 705.1 684.4 669 656.5 655.7
663 -9999 -9999 -9999 -9999 1128.7 1374.6 940.8 787 667.3 707.7 722.9 484.6 444.8 -9999 -9999 -9999 -9999 -9999 -9999 -9999 -9999 808 837.2 707.3 661 583.2 560.9 587.4 648.1 695.4 698.7 757.5 717.3 680.3 687.1 741.6 775.6 759.4 711.5 672.4 677.8 708 717.8 647.6 646.9 697.1 714.6 726.1 736.4 747.9 763.5 756.8 777.3 814.9 792.3 750.1 719.7 688.7 647.3 614.4 593.8 537 522.1 562.1 602.2 645.9 655.8 667.6 672.2 682.5 679.8 676.3 681.5 716.1 840.5
596.7 626.3 -9999 -9999 -9999 -9999 1112.1 849.6 639.1 653.8 622.5 618.8 -9999 -9999 -9999 -9999 -9999 -9999 -9999 -9999 -9999 -9999 797.7 796 757.4 695.2 640.8 613.7 613.9 661.2 639.5 606.9 586.7 571.6 582.5 636.5 754 949.5 874.8 709.4 646.8 658.2 695.5 726.5 689.9 670.2 675.8 701.9 732.2 737.2 734.2 734.7 757.2 789.1 803.5 804.9 785.2 763.4 652.7 678.8 695.5 638.6 625.4 611.6 612.7 625.2 638 692.3 638.4 638.5 636.1 634.1 633.1 637.8 654.7 699.5
-9999 -9999 -9999 590.9 664.5 -9999 642.6 699 -9999 -9999 -9999 -9999 -9999 -9999 -9999 -9999 -9999 -9999 -9999 -9999 -9999 -9999 849.6 885 777.8 728.3 654.4 629.3 612.1 594.6 575 563.9 601.9 537.2 588.4 633.4 675.4 748.8 758 745.2 730.7 704.2 699.3 694.2 672.3 641.7 641.1 661.9 670.2 679.6 688.4 690.8 714.9 780.4 849.5 861.1 820.9 800.3 754.2 738.4 729.4 710.6 668.8 633.4 616.9 610.5 609 607.7 613.3 612 605.2 593.9 579.9 582.2 595.8 622.6
621.2 570.9 -9999 665 594.8 -9999 -9999 -9999 -9999 663.5 -9999 -9999 -9999 -9999 -9999 -9999 -9999 -9999 -9999 -9999 -9999 -9999 -9999 783 794.9 696 628.7 612.1 607.3 597 581.9 569.3 553 600.7 595.9 624.7 701 754.5 752.4 757.4 753.4 717.5 715.3 708.4 692.1 678 644.3 616.9 657 654.5 665.2 682.8 707.8 755.6 784.9 785.2 754.7 722.8 716.2 701.6 692.9 682.6 662.5 639.9 610.4 592.5 565.2 535.2 602.8 617.4 585.9 554.2 524.3 528 545.8 571.9
-9999 -9999 480.3 552.5 -9999 -9999 -9999 -9999 -9999 -9999 -9999 -9999 -9999 -9999 -9999 640.1 587.5 -9999 -9999 -9999 752.2 839.3 774.7 732.6 716.1 671.9 638.8 640.8 644.2 654.7 652 649.1 646.6 657.8 656.2 679.9 723.7 773.8 729.6 706 686.4 674.3 689.8 733.6 736.6 705.6 675.2 660.2 660.7 672.6 681.4 696.8 727.3 741.1 715 713.1 728.6 697.9 680.5 650.5 624.8 624.1 629.8 636.1 606.8 574.8 552.5 542.6 568.6 563.1 549.6 528 504.2 501.2 511.6 523.6
568.7 603 -9999 -9999 490.9 554.2 -9999 -9999 -9999 -9999 -9999 -9999 716.9 638.8 640.7 650.3 577 555.3 624.3 653.9 681.4 690.5 664.9 683.8 728.5 627.9 656.8 694 684.6 684.9 689.2 698.2 695.5 651.6 636.7 660.4 673.5 674.9 661.9 632.1 619.5 598.1 605.4 673.2 715.3 733.5 721.5 702.6 691.6 691.4 699.8 690.2 685 686.9 664.5 676.1 648.9 624.4 610.3 582.1 571 580.8 566.8 541.3 533.3 527.9 510.7 480.3 497.1 516 511.6 509.7 491.1 478.9 479.2 483.1
757.6 625.6 589.4 558.3 540.4 534.4 536.8 567.5 577.5 639.4 772 734.4 634.7 527.2 617 637 567.7 549.7 548.8 622.6 667.5 659.2 655.1 658.3 660.6 644.7 632.9 628 638.4 687.3 720 777.5 748.4 696.9 695.1 687.6 671.4 646.7 630.8 613.8 628.5 674.6 670.7 662.5 688.2 719.1 715.2 707.1 687 673.4 673.3 662 644.1 618.9 603.8 597.2 599 582.4 578.6 548 549.1 528.1 528.3 530.3 510.6 498.5 497.8 480.9 498.8 517.2 550.9 556.2 494.2 478.4 465.4 454.5
728.4 707.3 634.4 636.1 589.1 554 573.3 534.6 505.4 569.4 622.3 651 625 603.7 586.7 545.3 515.1 504.9 530.2 578.2 585.2 588.2 537.8 506.3 567.7 601.6 605.5 620.8 647.3 672.9 717.4 740.7 747.6 712.6 717 725.2 689.2 668.9 654.9 654.5 677.1 714.2 705 649.7 630.2 656.5 674.3 696.6 703.8 634.7 615.9 593.3 593.6 584.6 524.2 546.4 576.8 545.9 517.5 493.1 464.8 447.8 454.3 477.8 482.2 486.1 510.5 499.9 505.8 513.2 521.7 535.9 519.9 488.8 458.2 445.7
782.7 693.8 610.9 616.3 591.1 588.5 589 609.4 571.8 549.5 578.9 574.4 556.7 540.2 522.3 502.8 491.3 484.5 481.7 500.6 495.2 497.3 488 509 562.8 596.7 605 601 585.4 619.9 707 723.1 746.1 742.3 740.5 750.8 726.3 708.3 691.2 680.8 670.7 662.7 641.7 629.2 609.8 602.2 591.7 567 593.6 601.2 581.2 557.4 543.4 510.5 460.9 470.1 498.9 483.5 456.2 443.7 381.8 366.3 386.1 383 416.6 437.6 446.8 454.4 473.5 498.2 503.9 491.1 485 487.4 482.8 466.4
632.8 648.9 594.5 526.2 551.4 527.8 544.3 530.4 579.9 571.1 572.3 572.4 528.9 488.7 485.3 471.9 463.3 462.6 495.5 519.3 522.2 540.1 541.8 573.3 604.8 603 599 603.6 583.3 607.6 671.2 724.6 736.6 698.7 729.8 760.1 736.6 707.1 676.8 749.5 684.3 604.8 592.4 600.5 598.7 587.8 568.9 559 567.6 577.5 572.4 558.1 538.9 522.7 484.5 461.4 452 393.2 372.9 416.7 412.4 390.8 383.3 390.1 404.4 411.3 407.9 400.4 421.1 421.8 426.1 427.6 448.2 482.4 549 536
1231.8 1083.5 514 473.5 544.5 618.8 572.7 606.9 626.3 607.4 601.2 607 572.4 526.7 504.9 457.8 436.8 496.5 531.8 566.9 546.5 549.5 576.2 601 616.1 617.7 609.4 600.9 600.3 626.1 671 707.9 729.1 723.2 730.5 724.6 681.7 692.7 703.6 661 598.9 623.3 606.7 625.7 629.1 670.8 654.4 592.7 592.2 606.8 577 584.6 566.2 550.7 515.1 507.7 509.5 491.2 525.5 469.8 420.9 399 391.2 403.2 415.2 405.6 410.1 395.4 388.2 382 358.1 353.4 395.8 439 474.8 569.8
620.7 438.7 479.3 507.9 533.7 655.5 635 716.4 712.3 672.7 640.3 573.3 471.4 480.7 496.6 507 525.1 547.7 560.3 536.7 547.8 564.9 589.5 611.9 644.3 656.4 631.4 629.3 645.5 645.8 706.4 735.6 719.2 690.3 709.7 706.7 664.2 634.9 665 657.3 626.8 631.1 600 591.1 603.9 618.2 581.7 592.4 566.8 542.8 528.4 530.2 550.6 507.8 464 502.1 493.9 480.3 464.9 440.2 410.4 394 402.2 439.8 455.3 408 387.5 376.3 363.6 349.4 339.3 353.7 374 353.1 374.3 431.3
667 892.4 539.5 578.2 609 659.1 784.6 963.6 717 728.7 919.3 906.1 689.2 586.5 547.7 582.6 611.1 683.3 675.2 623 567.9 552.9 541.9 534.3 617.7 653.8 673.6 681.9 714.1 698.4 688.8 716.6 729.2 709 699.4 679.7 622.6 595.4 624.9 660 685 673.4 633.4 603.3 598.4 599.4 616.2 595.2 555.4 529.4 496.5 464 457 434.1 445.8 448.4 452.9 451.3 438.2 425.8 400 384.2 381.2 391.4 405.2 412.8 381.3 361.4 344.2 331.1 326.5 317.5 303.2 284 276.3 272.4
604.9 649.7 765.9 799 702.3 683.8 591.2 481.7 503.2 447.2 519.4 484.5 699.9 727.7 789.3 653.9 676 734.5 715.3 639.5 658 659.3 649.2 669.6 703.3 682 700.8 761.1 778.9 778.3 772.7 770.7 731.1 701.2 691.3 672.3 602.1 554.1 595.4 665 712.3 668.9 588.6 578.4 588.7 582.2 571.6 590 581 542.6 490 451.1 455.6 443.1 447.1 446.8 458.1 438.6 426.9 415.3 400.2 370.1 360.9 393.8 420 374.8 342.2 341.7 348.5 315.5 289.5 278.5 273 268.1 250.1 234.1
556.3 658.2 815.2 724.9 865 666.9 460.3 517.8 528.3 556.3 507.5 643 686.4 622.9 667.8 712.1 718.8 884.8 868 782.5 778.2 684.4 748.2 797.9 744.8 656.7 757.6 836 809.9 786.6 756.7 733.9 762.5 797 742.9 736.8 662 610.4 612.9 612.2 595.2 609.3 599.1 576.7 557.3 563.9 538.3 550.6 527.9 520.9 538.8 456.1 421.6 412 392 374.3 414.6 413.4 415.9 420.8 431.1 431.7 440.3 395 339.4 297.4 297 305.9 298.8 289.3 282.1 267.7 253.3 245.8 228.3 191.7
