datasets/global_precipitation_1950_2017/rasters/precip_2014-total.asc
NCOLS 720 
NROWS 347 
XLLCORNER -180 
YLLCORNER -90 
CELLSIZE 0.5 
NODATA_value -9999 
[rows 0 to 33 of 347, columns 532 to 607 of 720]
-9999 -9999 -9999 -9999 -9999 -9999 -9999 -9999 -9999 -9999 -9999 -9999 -9999 -9999 -9999 -9999 -9999 -9999 -9999 -9999 -9999 -9999 -9999 -9999 -9999 -9999 -9999 -9999 -9999 -9999 -9999 -9999 -9999 -9999 -9999 -9999 -9999 -9999 -9999 -9999 -9999 -9999 -9999 -9999 -9999 -9999 -9999 -9999 -9999 -9999 -9999 -9999 -9999 -9999 -9999 -9999 -9999 -9999 -9999 -9999 -9999 -9999 -9999 -9999 -9999 -9999 -9999 -9999 -9999 -9999 -9999 -9999 -9999 -9999 -9999 -9999
-9999 -9999 -9999 -9999 -9999 -9999 -9999 -9999 -9999 -9999 -9999 -9999 -9999 -9999 -9999 -9999 -9999 -9999 -9999 -9999 -9999 -9999 -9999 -9999 -9999 -9999 -9999 -9999 -9999 -9999 -9999 -9999 -9999 -9999 -9999 -9999 -9999 -9999 -9999 -9999 -9999 -9999 -9999 -9999 -9999 -9999 -9999 -9999 -9999 -9999 -9999 -9999 -9999 -9999 -9999 -9999 -9999 -9999 -9999 -9999 -9999 -9999 -9999 -9999 -9999 -9999 -9999 -9999 -9999 -9999 -9999 -9999 -9999 -9999 -9999 -9999
-9999 -9999 -9999 -9999 -9999 -9999 -9999 -9999 -9999 -9999 -9999 -9999 -9999 -9999 -9999 -9999 -9999 -9999 -9999 -9999 -9999 -9999 -9999 -9999 -9999 -9999 -9999 -9999 -9999 -9999 -9999 -9999 -9999 -9999 -9999 -9999 -9999 -9999 -9999 -9999 -9999 -9999 -9999 -9999 -9999 -9999 -9999 -9999 -9999 -9999 -9999 -9999 -9999 -9999 -9999 -9999 -9999 -9999 -9999 -9999 -9999 -9999 -9999 -9999 -9999 -9999 -9999 -9999 -9999 -9999 -9999 -9999 -9999 -9999 -9999 -9999
-9999 -9999 -9999 -9999 -9999 -9999 -9999 -9999 -9999 -9999 -9999 -9999 -9999 -9999 -9999 -9999 -9999 -9999 -9999 -9999 -9999 -9999 -9999 -9999 -9999 -9999 -9999 -9999 -9999 -9999 -9999 -9999 -9999 -9999 -9999 -9999 -9999 -9999 -9999 -9999 -9999 -9999 -9999 -9999 -9999 -9999 -9999 -9999 -9999 -9999 -9999 -9999 -9999 -9999 -9999 -9999 -9999 -9999 -9999 -9999 -9999 -9999 -9999 -9999 -9999 -9999 -9999 -9999 -9999 -9999 -9999 -9999 -9999 -9999 -9999 -9999
-9999 -9999 -9999 -9999 -9999 -9999 -9999 -9999 -9999 -9999 -9999 -9999 -9999 -9999 -9999 -9999 -9999 -9999 -9999 147.9 -9999 -9999 -9999 -9999 -9999 -9999 -9999 -9999 -9999 -9999 -9999 -9999 -9999 -9999 -9999 -9999 -9999 -9999 -9999 -9999 -9999 -9999 -9999 -9999 -9999 -9999 -9999 -9999 -9999 -9999 -9999 -9999 -9999 -9999 -9999 -9999 -9999 -9999 -9999 -9999 -9999 -9999 -9999 -9999 -9999 -9999 -9999 -9999 -9999 -9999 -9999 -9999 -9999 -9999 -9999 -9999
-9999 -9999 -9999 -9999 -9999 -9999 -9999 -9999 -9999 -9999 -9999 -9999 -9999 150.8 -9999 151.8 152.5 155 153.7 154.6 155.9 157 158.3 159.4 -9999 -9999 -9999 -9999 -9999 -9999 -9999 -9999 -9999 -9999 -9999 -9999 -9999 -9999 -9999 -9999 -9999 -9999 -9999 -9999 -9999 -9999 -9999 -9999 -9999 -9999 -9999 -9999 -9999 -9999 -9999 -9999 -9999 -9999 -9999 -9999 -9999 -9999 -9999 -9999 -9999 -9999 -9999 -9999 -9999 -9999 -9999 -9999 -9999 -9999 -9999 -9999
-9999 -9999 -9999 -9999 -9999 -9999 -9999 -9999 -9999 -9999 -9999 -9999 157.3 157.3 -9999 157.1 157.3 158.9 158.7 160 161.4 162.6 163.8 -9999 -9999 -9999 -9999 -9999 -9999 -9999 -9999 -9999 -9999 -9999 -9999 -9999 -9999 -9999 -9999 -9999 -9999 -9999 -9999 -9999 -9999 -9999 -9999 -9999 -9999 -9999 -9999 -9999 -9999 -9999 -9999 -9999 -9999 -9999 -9999 -9999 -9999 -9999 -9999 -9999 -9999 -9999 -9999 -9999 -9999 -9999 -9999 -9999 -9999 -9999 -9999 -9999
-9999 -9999 -9999 -9999 -9999 -9999 -9999 -9999 -9999 -9999 -9999 -9999 -9999 152.1 152.9 -9999 156.1 158 160.7 163.3 166.3 -9999 171.2 173.2 175 175.8 176.1 175.9 -9999 -9999 -9999 -9999 -9999 -9999 -9999 -9999 -9999 -9999 -9999 -9999 -9999 -9999 -9999 -9999 -9999 -9999 -9999 -9999 -9999 -9999 -9999 -9999 -9999 -9999 -9999 -9999 -9999 -9999 -9999 -9999 -9999 -9999 -9999 -9999 -9999 -9999 -9999 -9999 -9999 -9999 -9999 -9999 -9999 -9999 -9999 -9999
-9999 -9999 -9999 -9999 -9999 -9999 -9999 -9999 -9999 -9999 -9999 -9999 -9999 -9999 -9999 -9999 -9999 164.9 169.8 174.5 179.7 184.3 188.5 191.8 193.8 195 195 -9999 -9999 -9999 -9999 182.6 -9999 182.1 -9999 -9999 -9999 -9999 -9999 -9999 -9999 -9999 -9999 -9999 -9999 -9999 -9999 -9999 -9999 -9999 -9999 -9999 -9999 -9999 -9999 -9999 -9999 -9999 -9999 -9999 -9999 -9999 -9999 -9999 -9999 -9999 -9999 -9999 -9999 -9999 -9999 -9999 -9999 -9999 -9999 -9999
-9999 -9999 -9999 -9999 -9999 -9999 -9999 -9999 -9999 -9999 -9999 -9999 -9999 -9999 -9999 -9999 -9999 -9999 -9999 -9999 -9999 -9999 -9999 -9999 -9999 -9999 -9999 -9999 -9999 223.9 218.8 217.7 216.5 217.9 218.3 218.9 219.4 219.6 219.5 -9999 -9999 -9999 -9999 -9999 -9999 -9999 -9999 -9999 -9999 -9999 -9999 -9999 -9999 -9999 -9999 -9999 -9999 -9999 -9999 -9999 -9999 -9999 -9999 -9999 -9999 -9999 -9999 -9999 -9999 -9999 -9999 -9999 -9999 -9999 -9999 -9999
-9999 -9999 -9999 -9999 -9999 -9999 -9999 -9999 -9999 -9999 -9999 -9999 -9999 -9999 -9999 -9999 -9999 -9999 -9999 -9999 -9999 -9999 -9999 -9999 -9999 -9999 -9999 -9999 233.8 234.3 235.4 235.8 236.4 237.6 238.9 239 -9999 -9999 -9999 -9999 225.9 -9999 -9999 -9999 -9999 -9999 -9999 -9999 -9999 -9999 -9999 -9999 -9999 -9999 -9999 -9999 -9999 -9999 -9999 -9999 -9999 -9999 -9999 -9999 -9999 -9999 -9999 -9999 -9999 -9999 -9999 -9999 -9999 -9999 -9999 -9999
-9999 -9999 -9999 -9999 -9999 -9999 -9999 -9999 -9999 -9999 -9999 -9999 -9999 -9999 -9999 -9999 -9999 -9999 -9999 -9999 -9999 -9999 -9999 -9999 -9999 -9999 -9999 -9999 -9999 -9999 -9999 -9999 -9999 -9999 -9999 -9999 -9999 -9999 -9999 -9999 -9999 -9999 -9999 -9999 -9999 -9999 -9999 -9999 -9999 -9999 -9999 -9999 -9999 -9999 -9999 -9999 -9999 -9999 -9999 -9999 -9999 -9999 -9999 -9999 -9999 -9999 -9999 -9999 -9999 -9999 -9999 -9999 -9999 -9999 -9999 -9999
-9999 -9999 -9999 -9999 -9999 -9999 -9999 -9999 -9999 -9999 -9999 -9999 -9999 -9999 -9999 -9999 -9999 -9999 -9999 -9999 -9999 -9999 -9999 -9999 -9999 -9999 -9999 -9999 -9999 -9999 -9999 -9999 241.3 243 244.4 243.4 238.3 229.2 216.4 -9999 -9999 -9999 -9999 -9999 -9999 -9999 -9999 -9999 -9999 -9999 -9999 -9999 -9999 -9999 -9999 -9999 -9999 -9999 -9999 -9999 -9999 -9999 -9999 -9999 -9999 -9999 -9999 -9999 -9999 -9999 -9999 -9999 -9999 -9999 -9999 -9999
-9999 -9999 -9999 -9999 -9999 -9999 -9999 -9999 -9999 -9999 -9999 -9999 -9999 -9999 -9999 -9999 -9999 -9999 -9999 -9999 -9999 -9999 -9999 -9999 -9999 -9999 -9999 -9999 -9999 -9999 239.6 240.9 239.5 238.8 237.2 233.9 229.2 223.3 218.9 216.1 213 212.4 -9999 -9999 -9999 -9999 -9999 -9999 -9999 -9999 249 -9999 -9999 -9999 -9999 -9999 -9999 -9999 -9999 -9999 -9999 -9999 -9999 -9999 -9999 -9999 -9999 -9999 -9999 -9999 -9999 -9999 -9999 -9999 -9999 -9999
-9999 -9999 -9999 -9999 -9999 -9999 -9999 -9999 -9999 -9999 -9999 -9999 -9999 -9999 -9999 -9999 -9999 -9999 -9999 235.3 232.2 -9999 -9999 -9999 -9999 -9999 -9999 274 269.5 264 259.7 255.8 253.8 251.8 249.8 246.9 240.3 233.2 227.9 221.6 216.9 216.9 215.6 214.2 214.1 214.4 215.3 214.3 215.9 214.1 211 207.7 204.3 -9999 -9999 -9999 -9999 -9999 -9999 -9999 -9999 -9999 -9999 -9999 -9999 -9999 -9999 -9999 -9999 -9999 -9999 -9999 -9999 -9999 -9999 -9999
-9999 -9999 -9999 -9999 -9999 -9999 -9999 -9999 -9999 -9999 -9999 -9999 -9999 217.3 220.9 225 228.1 230.4 234.5 235.4 238.7 242.6 247.7 255.5 260.9 264.4 269.9 272.6 274.4 276 277.7 279.2 281.7 283.8 283.9 282.9 280 274 263.9 252.1 238.7 223.9 212.8 204.8 200.1 197 193.9 191.9 189.4 187.5 184.5 181.5 179.1 177 176.5 179.7 -9999 -9999 -9999 -9999 -9999 -9999 -9999 -9999 -9999 -9999 -9999 -9999 -9999 -9999 -9999 -9999 -9999 -9999 -9999 -9999
-9999 -9999 -9999 -9999 -9999 207.5 207.2 207 207.9 209 210.6 212.8 215.4 218.2 221.6 226 231.2 235.9 239.6 246.3 252.3 259.7 264.8 271.5 277.1 282.5 287.3 291.4 292.5 294 296.9 296.2 296.3 294.3 292.6 294.4 291.6 285.4 273.7 258.3 242.4 226.2 212.4 200.9 191.5 184.6 178.8 175.3 173.2 172 171.1 170.6 171.5 173 176.1 -9999 -9999 -9999 -9999 -9999 -9999 -9999 -9999 -9999 -9999 -9999 -9999 -9999 -9999 -9999 -9999 -9999 -9999 -9999 -9999 -9999
-9999 -9999 211.8 209.3 209.8 210 210.3 211 212.6 214.2 217.1 220 222.9 227.4 232.1 237.7 243 250.3 258.4 264.4 272.8 279.2 286.6 292.4 300.4 305.1 308.3 312.1 312.9 313.8 310.4 303.9 298.8 292.5 289.1 285.9 281.8 272.1 264.4 252.6 238.5 223.8 209 196 184.9 176.8 169 161.8 156.3 151 147.4 143.4 -9999 -9999 -9999 -9999 -9999 -9999 -9999 -9999 -9999 -9999 -9999 -9999 -9999 -9999 -9999 -9999 -9999 -9999 -9999 -9999 -9999 -9999 -9999 -9999
-9999 229.4 225.5 223.5 221.9 221.7 222.2 222.6 223.7 225.1 227.7 229.8 233.3 237.6 243.7 248.9 256.2 264.9 273.2 281 287.1 297 303.8 309.8 311 315.2 319.3 321.4 324.8 326.8 323.7 314.3 304.1 295.8 289.4 281.7 274 263.6 253.4 241.7 229.7 218.9 206.8 194.9 183.7 173.6 164.4 154.3 -9999 -9999 -9999 130.8 129 128.7 -9999 -9999 -9999 -9999 -9999 -9999 -9999 -9999 -9999 -9999 -9999 -9999 -9999 -9999 -9999 -9999 -9999 -9999 -9999 -9999 -9999 -9999
249.1 246.1 244.2 237.9 236 234.7 233.4 233.2 233.9 235.7 237.3 240.3 243.7 248.2 253.7 260.3 266.7 273.9 280.9 287.6 294.9 300.5 304.5 308.9 306.6 307.6 309.6 309.8 309.2 308.8 304.7 300.7 294 287.1 280.1 273 263.9 254.5 244.3 235 225.6 216.1 207.2 200.1 196.3 -9999 -9999 198.1 178.9 -9999 143 -9999 -9999 -9999 136.3 -9999 -9999 -9999 -9999 -9999 -9999 -9999 -9999 -9999 -9999 -9999 -9999 -9999 -9999 -9999 -9999 -9999 -9999 -9999 -9999 -9999
261.7 259.8 255 250.5 246 241.6 238.4 238.6 243.1 249.6 253.8 259.4 267 274.2 281 286.8 289.7 293.9 295.3 297.5 299.9 302.2 304.8 304.2 304.1 302.7 300.5 296.3 290.7 287.2 282.9 277.7 271.6 268.8 263.6 257.1 250.6 243.6 237.3 230.3 -9999 -9999 -9999 -9999 -9999 190.8 186.4 183.5 180.4 174.6 167.2 159.7 153.5 148.9 147 148.8 153.9 159.8 166.6 174 181.6 189.9 197.5 205.8 213.6 -9999 -9999 -9999 -9999 -9999 -9999 -9999 -9999 -9999 -9999 126.5
279.7 278.4 278.4 277.2 276.4 276.8 280.3 284.7 290.9 298.3 304.3 309.4 314 317.6 320.2 319.6 319.9 322.2 318.7 317.7 317.4 316.7 315.1 313.6 308.8 305.7 299.7 293.5 286.9 279.6 273.7 267.1 260.4 254.4 249.2 244.9 241.7 238.4 234.7 231 225.9 220.6 215.6 210.5 204.2 200.4 196.1 195.3 190.7 187.9 185.6 184.6 182.4 181.9 182.2 183.9 186.2 189.3 192.7 196.6 200.4 204.4 210.5 216.9 224.7 235.1 244.3 250.5 246.5 235.2 220.2 203.8 188.6 173 157.9 143.8
304.7 324 333.3 350.9 367 382.5 395.8 404.6 405 400.9 394.6 387.3 377.4 370.7 364.6 359.2 352.9 345.9 339.6 338.4 333.1 328.1 325.6 322.1 319.9 314.8 313.7 310 305.1 299.3 291.3 274.7 260.9 241.2 233.6 235.3 238 238.2 237.8 235.6 234.2 231.4 227.6 224 219.8 216.1 213 210.4 208.9 208.2 209 209.9 212.4 215.4 219.7 222.6 224.5 224.1 223.6 220.6 218.5 216.7 215.6 215.9 216.9 218.1 220.8 220.4 219.8 216.5 212.1 207.5 197.8 198.1 191.4 182.4
362.4 401.4 446.6 483.5 517.5 548.1 540.3 540.6 535.5 521.6 497.3 470.2 444.1 419.2 396.7 378.2 363.7 354.5 348.5 345.5 342.9 337.4 334.8 333.9 332.3 330.2 328.1 325.3 324.9 324.8 325.1 326 319.1 285.3 269.6 261 256.5 253.9 251.8 249.7 247.5 244.5 241.8 239.2 235.4 232.2 228.7 227.1 226.2 226.5 226.6 227 227.7 228.5 230.1 231.3 231.6 231.7 230.8 229.1 227 225.2 222.7 220.3 218 217.6 217.3 216.9 217 215.1 213.5 211 209.3 208.6 208.3 206.5
424.3 478.3 533.7 594.8 653.1 710.4 744.6 756.5 732.6 683 622.3 562.6 502 443.3 396 361.3 341.4 340.6 346.2 350.3 351.4 349.6 346.3 342.7 339.7 337 334.4 330.3 327.8 326.1 323.3 319.5 313.4 289.4 284.5 279.9 275.6 272 269.9 267.2 263.9 261.7 258.8 255.7 252.5 250.7 249.2 247.4 246.7 247.8 248.1 249 249.6 249.8 251.3 251.3 251.2 250.4 249.3 246.5 243.9 240.5 238 234.7 231.2 228.7 228.1 227.4 227.7 226.5 224.7 222.6 220.7 221.7 222.2 221.3
431.6 494.3 524 593.6 674.7 755.9 822.2 865.2 844.3 766.1 677.2 595.6 529.7 464.5 424.3 398 385.7 382.3 378.7 375 371.4 366 360.1 352.9 345.6 339.5 333.4 329.8 327.2 324.5 320.6 318.2 315.1 298 295.8 294 292.4 291.5 290.1 288 286.6 284.4 282.4 280 278 276.5 275.8 275.5 276.6 279.8 280.8 283.3 286.3 288.4 291.3 293.1 292.4 290.4 286.9 283.2 278.5 272.8 268.1 262.4 258 255.2 255.5 254 254.1 252.6 250.7 249.1 247.3 247.3 248.6 250
390.1 418 454.3 498.5 534 574.4 609.5 633.9 639.7 622.9 593.8 557.9 513.9 487.5 461.4 441 424.5 412.8 401.3 392.7 383.4 373.5 363.1 353.9 346 338.1 332.3 327.2 322.9 320 318.5 317.9 318.5 311 310.4 311.7 313 313 313.7 314.1 312.6 312.6 311.7 310.5 309.1 308.7 309 310 310.8 312.6 314.8 316.8 320.2 324.3 326.9 328.1 327.6 324.8 320.1 314.5 308.5 303.9 298.7 294 290.1 288.7 285.4 282.9 280.4 279.9 278.1 275.8 273.9 273.4 272.7 271.9
354.1 355.5 376.3 400 423 445.8 470 486.4 500.2 501.9 505.2 495.9 484.4 473.9 459.4 447.2 434.1 420 407.4 393.3 379.4 367.6 354.9 344.8 335.6 328.1 324 323.1 321.2 320.9 322.1 323.4 324.1 324.6 325.7 327.5 328.7 331 332.5 334.3 335.6 335.3 336.3 336 335.1 333.8 332.9 332.8 332.5 333.2 334 334.5 335.3 335.9 336 335.1 333.3 330 326.4 321.7 316.5 312.3 307.7 304 301.1 297.6 294.6 293.8 292.4 291.9 291.6 291.4 290.2 289.6 287.9 289.1
428.2 388.6 392 402.2 405.4 411.1 421.3 433.2 443.4 451.9 457.6 459.1 457.3 454.9 448.2 440.1 428 412.7 394.9 383.9 368.5 353.3 339.7 330.1 323.6 317 316.5 317.1 318.8 321.7 326 328.4 332.4 333.7 336.4 340 341.9 344.8 347 348.8 350.1 351.6 352.5 352.2 351.1 349.2 347.6 346.3 345.2 343.8 342.9 342.4 341.1 341.3 340.4 338.8 335.2 331.2 325.8 320.2 313.5 307 301.7 297 293.2 291.2 290 290.5 291.9 293.5 296.1 298.4 299.4 301.7 303.7 303.7
474.6 468.8 458.8 452.7 448 444.5 441.8 439.9 443.5 445.8 446.5 446.2 445.3 443.4 438.1 435.7 427 411.4 392 372.5 353.8 338.3 326.1 318.4 313.7 309.9 308.1 310.9 315.5 322.6 330.6 331.5 336.8 340.7 343.4 346.1 349 353 355.2 357.2 359.5 360.3 360.8 360.8 359.3 358.3 356.5 354.8 352.4 349.9 346.5 343.2 341.1 345.5 347 344.8 340.7 334.7 327 317.8 308.7 300.1 292.4 287.2 283.6 282.5 284.3 287.2 289.9 293.4 296.6 299.8 303.8 307.3 310.4 312.7
493.1 497.8 508.1 516.3 509.4 495.1 480.5 469.6 461.9 456.6 453.4 451.4 448.9 450.2 446.9 445.4 443.2 430.2 412.6 390.3 366.8 346.5 331 319 313.6 305.3 303.5 305.8 309.5 313.1 322.2 332.6 335.3 339.8 345.7 349.9 354.7 357.6 363.7 365.7 366.5 367 367.5 367.4 366.7 365.8 364.1 362.6 360.6 359.2 357.5 357.6 359.1 358.9 355.9 351.5 345.9 339.1 330.6 321.7 312.4 303.9 295.7 289.7 286.2 286.1 287.7 290.2 293.2 296.2 298.9 301.6 304.7 307.9 309.4 311.4
542.3 538.1 520.2 510.6 503.8 495.6 487.4 478.6 472 464.5 460.7 455.3 450.6 448.3 445 442.9 439.7 433.5 418.8 403.7 386.3 362.8 341.8 322.4 308.9 299.1 298.9 297.5 303.3 311 321.2 328.7 336.2 344 349.7 354.8 360 364.6 367.4 369.7 371.2 371.9 372.2 372 371.3 370.7 370.5 370 369.5 369.2 367.5 366.9 365.2 363.5 360.5 356 350.8 344.2 337 329.2 321.3 313.1 306.1 300.5 296.5 295.1 294.8 295.9 298.2 300.9 303.7 306.8 308.6 310.5 309.9 309.8
480.3 462.9 465.1 464.7 465 466.2 467.4 467.4 465.5 463.1 458.1 452.4 445.2 438.3 432.7 429.3 427.6 426.9 419.4 409.3 392.8 373.6 350.5 331.3 314.9 305 303.6 305.8 308.5 317.6 325.2 335.3 340.9 347.7 352.2 358.1 361.9 364.9 368.2 372.1 373 373.9 373.9 373.3 373.1 373.2 373.8 374.9 376.7 378.7 380.1 381.2 379.4 376.5 372 365.3 358.9 352.3 344.3 336.6 327.7 319.4 311.7 305 300.6 298.1 298.7 300 303.6 309.1 313 317.3 319.9 321.9 319.1 317.5
474.6 473 470.2 467.6 466.6 468 471.3 471.9 470 466.3 458.9 449.8 440.4 432.3 425.7 422.2 419.9 416.8 410.6 402 389.9 374.2 354.7 336.8 325.5 317.8 316.6 319.3 325.2 332.4 338.8 346.1 348.9 354.8 359.4 360.6 364.3 368.2 370.4 372.6 373.7 374.5 374.3 374.4 374.1 374.7 376.4 379.7 384.2 390.5 397.7 402.5 401.9 394.3 385.3 376.8 370 362.2 352.3 341 328.2 316.7 306.6 300 297.1 297.6 301.1 304.8 310.1 315.7 323.3 331.7 338 345.2 357.3 351.7
