datasets/global_precipitation_1950_2017/rasters/precip_1989-total.asc
NCOLS 720 
NROWS 347 
XLLCORNER -180 
YLLCORNER -90 
CELLSIZE 0.5 
NODATA_value -9999 
[rows 136 to 169 of 347, columns 380 to 455 of 720]
285 310.6 291 212.3 162.8 135.8 133.6 126.9 135.2 156.7 176 202.7 209.7 164.6 132 104.9 126.4 154.2 192.6 260.8 319.3 292.4 277.4 258.9 216.6 230.9 231 215.1 193.9 207.1 245.7 298.6 363.3 376.6 338.5 280.2 238.8 220.3 207.1 186.5 164.6 144.8 121.6 108.9 97.9 124.2 149.9 166.3 182.5 300.2 337.6 311.8 293.8 358.4 367.5 350.6 332.5 321.6 410.1 -9999 -9999 -9999 -9999 -9999 -9999 112.5 233.9 404 492 441.3 369.1 308.5 242.7 172.7 107.5 74.3
308.2 316.4 297 233.2 171.3 141.5 121.3 120.7 139 162.8 181.8 212 248.2 263.2 224.8 191.1 199.5 234.5 329.6 403.2 376.6 290 289.6 324.2 303.5 295.2 289.3 212.1 190 201.4 229.6 285.1 396.1 456.4 359.1 267.5 225 212.5 211.4 205.3 194.7 195.3 167.5 154.2 102.7 171.1 213.1 249.1 337.5 563.8 526.5 465 415.6 411.7 415.4 486.9 547.5 493.7 393.6 433.2 438.3 -9999 -9999 -9999 -9999 -9999 261.6 382.1 433.5 398.3 333 264.9 201.6 140.7 102.6 80.7
315.3 310 302.8 255.4 193.1 129.8 83.5 114.6 148 175.5 177.6 218 253.9 276.6 324.3 359.6 389.9 437.2 478.8 470.8 420.2 359.1 341.7 360.9 376.7 381.9 386.8 249.6 201.1 205.7 209 249.4 356.7 463.2 326.4 225.4 228.3 212.2 223.8 232 226.6 218.6 200.4 213.4 250.9 271.9 269.7 323.7 492 661.6 686.6 584.8 544.5 485.2 581 800.6 886.7 549.8 464 459.3 490.7 524.6 352.6 -9999 -9999 -9999 261.4 375.9 406.6 336.5 252.5 189.4 142.7 103.2 91.8 88.3
301.9 308.9 311.1 264.2 238.8 205.6 149.1 142.4 175.8 208.4 213.5 251.8 260 280 339.8 399.4 432.1 454.7 490.3 514.6 477.8 428.5 387 389.8 385.2 424.3 479.1 469 341.5 226.9 164.1 202.5 217.4 228.4 268.3 256.5 258 274.4 298.4 272.6 221.1 246.1 261.9 256.8 270.8 256.7 404.6 472 615.4 737.3 721 739.8 742.5 797.9 1000.8 960.7 844.4 609.5 517.9 529.2 569.2 615.2 423.2 96.4 -9999 125.9 -9999 371.3 438.4 263 163.5 123.7 95.6 80.6 83.1 -9999
340 317.8 297.6 246.8 267 277.9 240.9 209.6 224.7 257.2 307.9 349.3 312.7 334.3 395.5 434.8 474.2 487.9 530 550 554.9 501.2 455.5 445.7 425.3 457.5 532.2 595.9 565.1 360.5 181.4 181.9 198.6 221.8 266.5 295.8 322.1 352.7 398.8 311.9 271 286.9 300.3 311.5 314.3 368.3 475.3 619 690.6 728.9 774.6 844.2 912.8 975 1067.7 1055.3 911.6 621.2 562.5 579.5 655.6 704.8 413.1 133 108 -9999 124.4 246.3 271.9 142.9 87.4 -9999 -9999 -9999 -9999 -9999
415.2 378.1 371.4 306.6 301 360.3 411.7 443 388.5 424.8 424.3 436.9 436.7 468.5 478.4 452.3 518 565.4 606 622.1 648.2 627.3 586.4 549.2 517.4 533.7 568.7 620.2 575.9 478.2 349 273.7 263.1 253.6 301.8 339 337.4 359.6 460.1 391 330.1 336.1 275 390.7 368.8 419.3 508.4 688.3 761.3 769.6 858.5 919.3 946.7 990.7 1068.8 1082.5 1097.5 769 722.6 733.8 749.1 795.8 354.6 198.8 164.6 116.9 -9999 116.4 122.8 -9999 -9999 -9999 -9999 -9999 -9999 -9999
564.9 592.3 639.9 547.8 469.2 531.1 584.8 632.3 618.4 598.7 537.2 525.4 567.7 550.9 529.9 552.4 522 615.4 620.9 649.4 635.6 625.8 623.5 613.1 565.5 499 636.6 607.2 530.3 449 421.8 420.7 403.3 387.4 384.4 376.8 372.3 423.7 549.7 625.4 533.1 518.6 517.7 466.6 424.3 460.3 563.1 748.1 812.8 838.6 873.2 855.3 960.8 1146.9 1155.2 1241.4 1373.7 1083.4 894.6 912.6 924.2 941.3 294.9 261.2 232.2 215.3 145.2 -9999 -9999 -9999 -9999 -9999 -9999 -9999 -9999 -9999
740.1 765.2 780.1 739.7 653.7 642.3 628.3 730.8 727.4 652.6 646.2 679.4 700.7 625.1 591.5 598 532.5 601.7 658.4 669.6 691.1 668.3 631.7 611.5 603.4 628 658.8 681.8 574.9 469.2 453.7 463.3 428.3 421 421.2 415.9 439.9 563.1 667.2 698.9 722.6 634.4 698.8 589.7 481 609.5 688 827.8 868.1 859 863 988.7 1290.4 1441.1 1541.4 1537.5 1602 1293.3 1077.4 1090.6 1067.5 1020.7 367.1 267.9 263.7 292.5 -9999 -9999 -9999 -9999 -9999 -9999 -9999 -9999 -9999 -9999
788.1 785.2 772.3 756.7 744.3 774.2 809.5 868.1 893.6 779.7 715.1 740.1 714.4 737.4 697.7 644.6 616.7 620.6 690.9 730.7 749.4 720.4 700.7 687.3 731.2 754.4 727.7 675.6 616.9 576.3 559.6 518.7 464.7 439.8 433.1 435.6 511 660 734.9 819 824.9 804.5 793.8 742.4 609.6 605.4 742.6 893.5 921.9 940.5 953.1 1359.8 1545.5 1486.2 1601.9 1539.8 1488.4 1175.7 1081.9 1106.5 1028.6 1012.4 413.1 255.3 237.4 231.6 187.7 -9999 -9999 -9999 -9999 -9999 -9999 -9999 -9999 -9999
887.3 837 788.8 807 1017.9 1210.9 1167.1 1060.9 1061.9 842 640.2 700.1 798 816.8 755.1 673.3 669.1 688 716.1 745.4 758.4 764.7 798.7 821 853.3 863.7 824.2 741.6 683.5 671.9 675.2 564.8 500.6 464.8 456.4 473 551.8 684.1 770.5 832.6 875.4 861.2 878.1 834.3 755.5 738.4 847.5 965.7 1028.1 1078.6 1236.8 1582.6 1713.4 1861.6 1740 1498.2 1300 1033.7 945 1047.4 1060.2 1021.7 447.3 287.2 258 257.4 282.8 251.9 -9999 -9999 -9999 244.1 290.2 325.3 339.3 274.7
938.3 913.9 856.5 916.1 1144 1308 1555.5 1069.6 947.2 797.2 674.8 733.1 859.2 846.8 860.6 816.1 816 862 843.6 801.1 806.2 839.5 879.6 878.3 887.9 883.9 860.3 859.1 825.8 777.7 720.4 641.1 565.5 562.7 608.5 637.1 647.4 729.2 798.9 840.6 865.3 852 879 835.7 788.3 815 864.3 870.1 990.8 1252.3 1489.3 1678.8 1810.6 1723.7 1533.2 1344.5 1246.3 998.7 909.2 1047.8 1093.4 1028.8 622 537.2 513.4 528.3 559.9 485 308.6 179.6 253.9 306 305 317.2 323.2 270.4
987.3 984.4 910.6 886.5 951.3 1010.7 977.9 866 748.4 832.2 793.6 898.2 969.8 979.1 972.9 952.2 967.8 913 893.3 883.7 898.3 932.6 942.5 909.8 884.2 874.3 906.4 936.1 897.1 839.8 870.5 875.1 860.7 847.3 881.7 884.4 889.9 882.3 879.9 890.3 910.4 932.1 910.4 903 918.7 858.5 824.6 854.5 1077.3 1420.5 1607.4 1751.8 1836.1 1723 1521.9 1309.2 1192.5 1089.3 954.1 1189.4 1148.9 956 752.3 690.5 661.9 611.4 550.7 460.2 393 371.7 446.8 269.4 282.1 287 274.7 226.3
1087.3 1051.2 930.8 887.4 867.2 938 870.1 863.6 731.3 916.8 886.3 903.9 1013.8 1020.2 941.4 923.4 1006.7 944.7 924 975.6 1026.5 1043.6 1036.4 992.1 917 878.7 929.6 998.9 1088.8 984.7 1030.2 1084.8 1088.4 1034.3 979.8 957.7 954.9 932.7 917.9 909.1 963.5 1010.3 965 938.6 902.3 853.7 773.7 809 1062 1299.6 1584.5 1784.5 1893.9 1845.6 1410.9 1270.7 1103.1 1245.5 947.2 851.7 840.3 973.5 817.8 733.3 729.3 619.3 575.5 438.1 391.7 345.7 275.2 240.2 258.8 242.7 220.9 203.1
1163.2 1142.9 1041.5 1013.2 1075.6 1229.7 1414.6 1232.2 897.5 885.5 888.5 849.9 874.4 1052.9 878.3 835.8 948.5 1008.9 985.4 1056.3 1135.8 1139.1 1124.3 1100.7 1018.1 952.5 973.1 1029.9 1060.6 1058.2 1113.4 1194 1172.2 1091.5 1010.1 966.3 994.6 972.1 937.4 950.2 993.8 1042 994.9 939.1 894.4 836.8 750.9 813.9 928.1 854.5 1507.2 1840.6 1898.4 1759.7 1527.5 1237.7 1109.4 1015.9 862.8 634.9 817.5 1066.4 907.6 740.6 682.1 623.2 573 466.6 384.3 326.6 282.1 258.8 242.8 222.1 201.1 196.4
1188.4 1179.8 1196.9 1245.9 1296.4 1408.6 1514.6 1443.6 1238.4 960.7 965.5 912 1053.6 1039.6 905.6 752.3 901.8 941 1005.9 1115.7 1175.5 1152.1 1159 1196.4 1249 1256.7 1186.3 1123.8 1071.1 1053.6 1085.3 1172.1 1204.3 1160.4 1097.8 1087.9 1082.2 1020.5 967 972.1 1003.2 1016.8 992 937.2 912.5 866 805.4 857.9 1011.2 1092.7 1881.4 1934.8 1845 2039.8 1522.1 1254.9 1083.6 893.6 909.6 762.9 782.8 898.2 994.1 758.8 683.9 648.4 600.3 483.3 387.8 335.5 296 266.2 237.7 218.4 207.9 209.1
1211.7 1277.5 1460.4 1512.6 1475.6 1470.4 1473.2 1489.9 1467.2 1184.6 1118.4 1177.8 1094.8 1060.3 966.9 920.6 960.5 979.3 1066.2 1164.3 1176.1 1178.3 1206.1 1287.6 1375.3 1414.4 1376.3 1273.5 1157.3 1066.3 1071.9 1162.5 1259.8 1212.8 1169.8 1188.9 1171.6 1075.6 1020.6 1005.8 985.5 953.6 930.5 929.7 956.2 904 841 861.8 1032.2 1415.2 1897 1944.5 1747 1621.1 1358.4 994.3 1052.1 798.1 884.8 778 836.2 853 907.7 820.1 632.7 555.8 474.3 419.7 412.6 400 363 280.3 246 234.9 229.9 228.3
1482.9 1610.1 1583.3 1537.6 1545.7 1524.6 1463.4 1436.9 1506.8 1436.4 1268.7 1216.2 1117.9 1102.1 1134.7 1093.1 1030.6 1022 1103.5 1231.7 1251.3 1276.4 1319.8 1385.9 1399.4 1394.6 1380.6 1361.7 1281.6 1132.2 1077 1143.8 1210 1195.8 1179.2 1199.5 1164.9 1030.9 1059.9 1046.2 983.3 897.5 908.8 942 962.3 908.4 836.5 830.8 937.4 1486.4 1815.6 1833.4 1805 1716.5 1464.4 1297.4 1166.4 1162.8 860.6 874.6 777.4 791.9 807.3 569.3 358.4 377.1 403.2 423.8 438.2 440.6 414.3 326 262.7 253.6 250 244.6
2046.9 1770.2 1591.5 1505.7 1562.6 1611.3 1507.5 1485.6 1574.1 1512.2 1394.8 1343.9 1243.2 1249.4 1263.3 1150.4 1087.2 1081.5 1173.4 1362.1 1426.4 1371.5 1321.6 1388.1 1385.4 1384.5 1363.3 1355 1338.6 1250.9 1157 1170.6 1202.8 1216.6 1190.3 1151 1124.3 1089.2 1062.4 1047.9 1005.9 927.2 939.1 968.8 976.3 933.2 849.9 814.6 941.7 1519.1 1639.5 1768.7 1998.7 1816.8 1505.9 1598 892.4 1193.6 894.5 750.9 741.9 767.8 761.2 447.9 350.3 367.3 395.9 419.9 446.2 437.1 408.8 328.2 270.2 261.8 258.7 253.2
2133 1594 1588.1 1480.6 1528.7 1610.1 1524.2 1460.9 1511.2 1449.6 1385.8 1354.9 1305.1 1325.1 1261.8 1197.1 1161.2 1197.3 1314.6 1500.7 1550.8 1444.8 1128.6 1366.2 1384.9 1394.2 1356.3 1341.2 1332.1 1330.2 1300.8 1251.2 1233.8 1263.2 1273.6 1227.4 1148.4 1090.9 1086.1 1074.2 1022.3 972.5 988.9 990.7 994.8 982.7 936.7 893.8 1119.2 1512 1583.6 1683.7 1651 1487.8 1228.7 1332.8 1788.6 2288.4 1418.8 814.2 755.8 755.3 714.9 410.6 365.9 381.5 388.8 402.4 419 410.7 392.3 325.4 273.6 265.3 258.6 258.4
2041 1688.3 1563 1351.4 1304.6 1387.7 1427.1 1324.4 1291.3 1326.2 1404.8 1433 1463.9 1556.7 1550.4 1443.4 1364.9 1352.8 1438.9 1573.3 1625.2 1633 1454.7 1392.2 1418.5 1440.6 1364.9 1339.7 1329.9 1313.7 1317.7 1275.4 1224.5 1244.8 1296.2 1331.7 1345.6 1313.4 1295.2 1294 1235.2 1013.6 1014.7 1004.7 1015.4 1014 988.2 939.5 1153.4 1460.4 1497 1545 1458.7 1448.2 1283.2 1183.3 1128.2 1507.5 1044.1 781.4 753.6 761.6 682.6 390.6 382 400.2 403.1 396.6 392.2 377.1 349.1 326.6 300.8 281.1 272.2 279.8
1732.9 1728.1 1450.9 1258.1 1232.3 1303.7 1391.8 1388.7 1378.8 1440.4 1460.3 1503.2 1589.5 1758.9 1759.3 1559.6 1448.9 1375.2 1396.6 1503.1 1539.7 1517.3 1449 1354.9 1412.3 1436 1380.6 1318.7 1304.2 1281.4 1308.9 1285.6 1219.9 1217.8 1263.5 1319.2 1358.7 1391.4 1420.9 1441.7 1407.7 1123.1 1047.6 1035 1053.4 1063.3 997.3 934.2 861.1 989.6 1070.7 1120.1 1171.1 1200.6 1160 1087.5 1064.5 1024.4 872.4 772 721 687.8 520.8 366.4 391.9 417 420.4 406.6 379.1 360.2 340.8 331.2 317.5 298.7 287.5 295.1
2282.9 2463.6 1156.5 1285.7 1289.9 1342.1 1444.4 1550.5 1619.4 1609.3 1551.1 1563.9 1610.2 1651.5 1607.1 1502 1384 1307.3 1351.8 1476.7 1511.3 1433.4 1365.5 1469.4 1372.2 1483.3 1420.6 1340.4 1305.1 1282.5 1292.1 1308.6 1269.1 1252.8 1268 1302.3 1338 1384.2 1423.4 1432.4 1402.6 1266.7 1096.6 1022.8 1120.4 1089.4 992.8 973.2 809.2 609.4 540.6 548.1 627.9 656 753.5 900 987 913.6 807.9 679.2 584.4 538.9 418.2 366.1 388.3 419.3 449.4 436.4 398.3 357.5 331.3 341.3 321.1 280.1 284.3 293.3
2368.8 2160 1514.3 1399.1 1341.2 1375.7 1335.6 1562.8 1654.7 1646 1574.4 1643.2 1552.9 1528.2 1487.3 1454.1 1334.8 1225.4 1354.3 1510 1518.5 1424.7 1350.9 1454.2 1430.7 1449.8 1446.5 1397.7 1357.2 1336.7 1340.1 1383.5 1406.5 1396 1379 1397.5 1377.4 1442.2 1504 1467.5 1397.4 1374.4 1270 1235.3 1193.9 1216.9 1089.8 1123.1 740.8 591.5 361.4 433.5 414.7 432.2 461.1 599.7 796.8 797.3 703.3 516.1 420 429.4 369.4 371.3 389.5 414.7 459.3 452.7 428.6 387.1 382.9 382.7 339.3 295.5 282.3 285.6
2080.7 1952.2 1551.4 1392.2 1325.1 1419.2 1479.9 1663.7 1676.2 1615.9 1514 1415.8 1338.9 1421.7 1494.6 1537.1 1422.7 1446.2 1499.3 1628.5 1592.7 1482.6 1405.7 1436.6 1437.5 1417.8 1430.2 1396.3 1367.6 1360 1398.4 1460.3 1520.3 1600.5 1607.3 1542.5 1533.7 1633.3 1702.6 1414.9 1485.9 1569.4 1377.6 1347.6 1282.4 1241 1097.6 991.1 816.2 624.5 406.8 350 319.5 286.9 337.2 532.3 724.4 784.1 748 533.3 430.9 391 365.9 362.4 386.1 402 499.6 506.1 495.9 455.2 435.2 445.6 403.4 341.1 303.1 -9999
1960.8 1730.8 1595.6 1483 1464 1546.9 1760.5 1887.1 1737.1 1581.8 1451.6 1328.5 1345.4 1412.4 1550.3 1599.5 1498.3 1496.2 1624.5 1751.3 1670.2 1578.2 1458.5 1447.6 1447.5 1396.9 1364 1357.2 1349.6 1330.2 1374.8 1445.6 1530.2 1625.5 1745.9 1812.7 1769.1 1734.2 1624.3 1742.1 1537 1408.4 1403.3 1274.7 1422.5 1306.4 1149.5 940.7 784 712.7 411.7 283.3 257.6 263.8 382.6 651.4 740.1 764.3 745.4 582.1 427.8 374.8 359.6 355.2 367.9 445.2 595.8 638.3 572.6 538.7 497.9 499.6 508 448.7 -9999 -9999
1964 1586.5 1579.2 1547.1 1539.6 1629.8 1773.7 1823.2 1620.8 1387.8 1245.1 1334 1442.6 1511.2 1571.7 1583.4 1568.5 1576.2 1637.4 1675.5 1660.5 1603.6 1527.1 1488.6 1440.8 1376.8 1342 1330.3 1339.3 1302.6 1334.7 1401.3 1539.3 1687.2 1818.9 1960.1 1923.8 1814.6 1783.6 1770.7 1472.5 1468.6 1312.3 1284.7 1610.9 1265.6 1077.7 919 801 871.9 561 325.8 332.9 539.7 683.9 780.3 766.6 674.3 584.1 448.2 367.9 349.3 347.6 325 359.8 443.8 584 581.1 528.9 563.8 533.5 576.2 535.7 -9999 -9999 -9999
1877.9 1640.8 1515.7 1643.3 1597.3 1654.5 1686.8 1601.9 1409 1181.2 922 1350.9 1557.9 1609.1 1634.5 1606.8 1618.2 1636.2 1642.7 1655.4 1642.3 1587 1526.2 1590.8 1422.2 1365.5 1397.8 1377.9 1350.8 1333.5 1329.8 1348.6 1494.5 1685.2 1770.8 1869.3 1916.3 1853.3 1627.9 1416.2 1239.1 1315 1222.7 1185.4 1374.5 1169.9 1107.9 1063.8 884.4 980.4 942.6 722.8 635.1 716.9 802.5 950.3 801 725.6 379.8 317.4 331.7 329.3 353.1 382.1 416 422.7 499 513.8 498.3 508.6 486.1 -9999 -9999 -9999 -9999 -9999
1954.7 2047.4 1765 1785.7 1713.7 1730.5 1642.8 1509.6 1376.6 1220.3 1100.7 1529.2 1682.7 1665.2 1694.3 1695.6 1696.6 1644.2 1648.8 1661.3 1663.9 1627.7 1590.3 1542.8 1502.1 1457.4 1463.5 1465.2 1460.2 1404.3 1349.7 1335.7 1411.1 1541.5 1633.3 1793.9 1881.2 1771.1 1360.8 1286.3 1141.8 1150.3 945.1 1408.9 1272.9 1211.9 1138.3 1119.9 1087.6 1194.7 1324.8 1216 866.4 728.7 805 819.1 789.2 623.8 311.4 288.8 296 313.1 358.9 430.2 450.3 443.6 424.6 432.1 456.9 469.2 -9999 -9999 -9999 -9999 -9999 -9999
2438.3 2178.8 1887.3 1759.2 1802.4 1837.8 1687.1 1446.1 1383.3 1341.5 1379.7 1534.1 1628.2 1658 1723.9 1727.9 1693.8 1659.3 1652.8 1678.1 1820 1877.8 1772.5 1704.6 1618.9 1540.5 1484.2 1456.8 1500 1455.5 1342.4 1340.8 1447.5 1568 1637.7 1707.9 1793.3 1654.9 1418.8 1322.3 1143.4 1121 1354.6 1362.3 1186.6 1166.8 1250.5 1213.3 1114.8 1284.4 1348 1210.2 1007 799.5 879.3 865.7 663.5 415.9 334.6 300.5 292 323.7 422.1 527 555 557.3 473 396.7 -9999 -9999 -9999 -9999 -9999 -9999 -9999 -9999
2082.9 2153.9 1865.3 1696 1810.9 2013.6 1819.7 1511.1 1435.6 1434.6 1431.8 1475.5 1543.9 1614.9 1698.6 1704.1 1685.5 1687.7 1730.7 1825.5 1971.7 1995.6 1946.6 1849.6 1760.3 1640.3 1506 1480 1451.6 1399.2 1333.6 1355.9 1471.5 1637.5 1714 1740 1703.6 1585 1549.3 1423.1 1427.5 1303.5 1311.7 1361.4 1301.1 1247.9 1342.7 1342.9 1386.4 1543.3 1313.6 1617.9 1174.2 867.5 1026.7 926.5 460.6 338.1 374.6 340.9 358.2 411.5 476.8 553.2 587.3 610.9 531.8 -9999 -9999 -9999 -9999 -9999 -9999 -9999 -9999 -9999
2414.6 2022.8 1809 1647.4 1706.1 1883.6 1809 1582 1446.7 1423.5 1326.8 1421.4 1487.3 1574.4 1672.1 1722 1671.7 1745.6 1911.9 1981.3 2038.5 2028.6 2015 1959.1 1927.9 1804.2 1616.8 1575.9 1556.4 1452.1 1408.1 1390.6 1465.1 1596.5 1695.8 1716.6 1544.5 1495.8 1625.7 1275.9 1178.2 1213.7 1036.2 1376.7 1666.7 1507.3 1606.6 1291.7 1505.3 1944.9 1717.4 1314.9 967.9 916.4 1014.2 1188.8 640 383.4 447.9 403.6 413.4 442.1 461.7 512.1 522.3 551.2 -9999 -9999 -9999 -9999 -9999 -9999 -9999 -9999 -9999 -9999
2216.9 1795.3 1773.1 1532.8 1574.9 1690.2 1682.5 1575.5 1425.6 1303.5 1281.4 1323.3 1372.2 1464.8 1595.7 1720.6 1736.1 1818.3 1969 2039 2075.3 2103.4 2096.9 2008.1 1908 1793 1676.3 1650.6 1663.2 1553.3 1460 1416.2 1441.5 1594 1662.7 1555.5 1311.5 1331.6 1333.4 1001.9 1160.5 982.2 942.2 1316.8 2464.1 1968.3 1696.9 1191.4 1509 1454.6 1842.3 1347.1 1204.8 1127.6 1919.3 1640.3 681.7 512.8 441.8 419.2 406 405.7 406.5 418.4 393.7 -9999 -9999 -9999 -9999 -9999 -9999 -9999 -9999 -9999 -9999 -9999
1933.1 2036.3 1963.8 1783.6 1598.6 1678.9 1648.6 1556.9 1523.1 1581.5 1385.4 1392.1 1389.8 1433.9 1577.6 1744 1878.2 1917.8 2005.1 2075 2091.9 2107.6 2102.7 2024.1 1884.1 1759.7 1674 1619.1 1606.7 1609.9 1566.2 1470.5 1483 1634.8 1704 1125.6 1147.3 1198.5 1218.6 1170.4 1052.2 814.3 952.3 1260.6 1815.1 2143.7 1295 1036.2 1247.1 1699.6 1934.5 1190.5 969.8 2312.1 1328.9 921.8 742.5 615.1 413 388.4 376.4 409.7 423.1 356.5 -9999 -9999 -9999 -9999 -9999 -9999 -9999 -9999 -9999 -9999 -9999 -9999
1941.1 1932.5 2094 1984.8 1568.1 1566.6 1628.4 1628.7 1674.1 1702.1 1524.4 1517.9 1477.7 1309.4 1596.6 1755.2 1915.7 2042.9 2053.9 2095.3 2102.7 2095.8 2085.6 2011.1 1917.2 1826 1726.2 1608 1607.6 1597.6 1566.9 1407.8 1509.1 1671.7 1812.7 1384.4 1193.7 1084.1 1159 1374.7 802.4 744.2 1044.3 1853.7 1724.3 1824.9 1024.4 1070.4 1345.5 1507.9 1394.9 945.9 1140.9 1185.4 1041.9 1003.3 842.1 739.7 522.1 417.7 409.4 584.7 641.8 468.9 -9999 -9999 -9999 -9999 -9999 -9999 -9999 -9999 -9999 -9999 -9999 -9999
