datasets/global_precipitation_1950_2017/rasters/precip_2010-total.asc
NCOLS 720 
NROWS 347 
XLLCORNER -180 
YLLCORNER -90 
CELLSIZE 0.5 
NODATA_value -9999 
[rows 68 to 101 of 347, columns 532 to 607 of 720]
550.1 547.8 508.3 381.1 208.7 131.2 107.9 92.9 87.3 100.1 117.5 130.1 128.4 129.6 153.1 214.4 268.9 269 244.2 232.4 228.9 233.1 244.3 254 257.7 248.5 236 217 198.3 216.8 244.5 264 277.7 278.9 279.9 272.2 268.1 259.3 244.8 236.2 228.1 206.5 200.1 246.9 304.8 344.4 350.3 369.7 382.9 375.1 356.2 346.4 334.7 321.9 316.8 321.7 327.9 322.9 306 290.7 268.6 252.4 244.9 249.1 263.9 280.3 302.7 310.2 307.1 326.9 356.6 436.6 450.8 480.3 517.4 533.2
507.9 489.3 437.9 346.3 237 170.1 128.6 100.1 97.1 103.6 110.7 112.8 106.7 83.1 84.7 149.2 189.5 211.6 223.8 225.1 227.3 234.8 247.5 266.2 278.2 259.1 236.9 228.8 230.4 243 260.1 264.3 269.4 279.1 288.8 246.4 258.1 252.2 238.9 235.6 229.9 207.4 201.2 225.2 272.6 313 336.6 357.2 374.4 375.1 336.8 326.5 330.5 316.4 280.2 243.9 238.3 248.6 245.7 230.4 188.9 145.8 169.8 212.4 246.3 278.6 297.9 303.4 323.6 373.7 453 480.2 432.6 474.7 532.7 597.6
466.4 419.1 372.1 318.7 275.1 233.7 182.6 137.9 108.4 114.1 122.8 125 114 102.8 110.2 139.8 175 200.3 214.6 221.6 225.6 228.5 237.4 249.5 256.3 247.8 236.4 232.7 245.8 262.5 271.1 273.2 274.5 274.5 274 269.4 262.8 247.4 224.2 207.6 192.7 177.8 177.8 187.2 202.7 235 269.3 299.2 321.8 324.7 304.9 286 275.1 259.7 225.1 201.7 194.7 253.5 246.9 219.6 190.1 169.6 174.1 196.8 227.9 253.5 276.7 303.3 339.9 389.3 429 442.3 456.1 486.9 536.1 592.8
399 362.9 331.1 324.1 313.1 283.5 251.1 213.9 178.1 153.9 141.4 134.7 124.3 115.3 114.9 139.8 177.4 199.1 206.3 213.5 219.9 221 224.8 233.4 237.5 237.4 235.9 239.3 257.2 278.7 299.3 290.4 273.9 257.9 254.9 259.3 260.6 243 219.2 199.6 186.3 177.5 171.5 180 191.9 202.3 213.5 230.3 234.5 224.7 224 228.1 225.6 222.9 208.1 205.1 225 254.7 235.4 212.9 199.8 194 195.6 209.8 228.7 241.2 274.9 298.7 318.3 353.7 403.3 445.8 475.2 506.4 550.1 562.2
286.3 276.6 248.2 257.4 286.1 301.1 310.5 294.2 242.1 199.1 171.5 152.2 138 125.4 121.7 145.8 174.1 189 195.3 200.8 206.1 212.1 220.5 228.7 232.2 229.3 231.6 238.1 245.1 255.5 256.3 240.3 235.6 221.5 237.5 271.7 293 261.2 228.3 197.4 175.4 171.5 178.2 176.5 170.8 171.1 181.6 196.4 204.3 158.8 178.3 197.2 203.1 198.3 192 194.1 203.2 207.4 198.5 191.3 197.3 202 200.5 211.1 236.8 261.1 298.7 321.2 304.8 348.8 404.1 450.4 473.2 497.2 514.3 509.2
226.9 231.4 228.7 242.4 274.4 298.4 316.7 298.4 252.2 215.9 181.4 159.5 147.3 133.7 132.1 148.4 168.8 180.9 182.9 185 188.4 197.9 210.4 231.5 240.7 227.2 221.1 230.3 232.2 220.1 218.7 216.7 207.1 196 219.8 253 257.4 232 197.3 161.1 149.7 147.8 147.1 138.2 133.4 137.6 150.2 169 177.2 174 173.8 176.5 179.7 179.5 178.1 179.4 183 184.7 184.3 185.7 192 198.7 203.2 216.4 245.1 282.9 319.6 345.1 353.4 381.6 429.2 449.5 449.6 437.2 417.5 425.2
195.8 207.1 219.1 236.3 259.7 277.3 278.3 260.3 235 197 149.7 132.5 136.8 131.8 128.8 141.7 158.2 166.5 169.4 172.8 181.6 185.6 186.8 192.6 200.8 206.2 207.2 208.2 197.7 188.1 198 204.2 203.6 193.5 202.9 198.5 189.1 169.1 142.9 119.6 121.6 123.2 119.9 117.4 117.1 121.5 132.1 142.7 151.5 157.4 161.2 161.6 162 164.4 168.2 169.6 168.8 165.3 160.5 167.3 183.1 195.4 202.8 210.8 235.7 278.9 325.2 362.8 376.7 397.1 420.8 437.3 431.1 390.2 379.4 364.4
175.5 189.2 196.7 205 240.4 257.5 254.9 248.3 240 216.2 175.7 154.3 149.3 140.9 136.6 141 148.6 148.9 147.1 146.5 143.6 135.1 126.2 127.5 142.8 167.3 187 196.2 197.3 197.2 197.2 199.6 209.1 222.5 179.6 120.5 113 117.9 104.3 99.4 99.9 108.3 113.8 115.4 116.7 114.6 113.4 115 118.7 128.8 141.9 149.7 152.2 154.2 156.3 159.3 162.9 158.2 148.6 160.7 187.6 203.5 209.2 214.3 220.5 254.5 315.7 363.8 381.2 393 404.5 415.2 403 374.3 374.5 390
180 194.8 216.3 236.9 233.6 229.5 231.4 237.4 251.2 246.7 210.8 181.9 166.9 158.8 152 139.4 126.1 116.2 109.9 100 82.1 63.2 54.4 62.1 85.8 120.5 160.7 183.2 193.4 192.4 186.6 178.5 171.6 162 126.8 79.3 83.9 100.6 99.3 96.3 95.2 101.5 109.1 112.3 112.1 107.4 101.5 98.8 103.3 111.9 127 140.2 148.7 152.8 158.6 163.2 168.3 169.3 174.6 188.4 206.7 216.8 224.3 240.5 248.4 262.6 286 313.8 335.6 358.7 372.3 379.5 382.8 404.6 391.3 423.6
192.9 208.9 227.5 235.8 218.9 206.1 203.2 212.9 215 210.3 188.6 168.8 163.8 161.8 148.3 124.1 103.4 84 71.4 62 43.2 22.8 24 36.2 60.8 89.1 129.4 164.5 180.7 180.1 163.8 140.3 118.8 109.1 106.4 103.8 106.4 105.8 102.5 101 97.1 94 94.6 101.8 104.4 100.7 99.7 97.2 98.4 109.2 124.2 135.2 143.4 149.6 160.9 170.3 171.4 172.9 187.9 211.7 234.8 253.6 281.5 296.4 294.9 289.1 284.2 294.2 318.8 344.9 353.1 357.3 369.8 372.2 304.5 513.9
201.2 216 236.8 240.1 208.9 180.2 174.6 207.2 190.1 163.9 137.7 127.1 136.4 155.1 149.8 120.2 89.2 63.4 47.8 42.4 36.6 30.2 23.8 25.2 43.8 65.6 97.1 129.8 147 142.9 126.1 106.9 97 95.2 99.6 111.2 121.5 117.5 107.1 102.1 99.5 91.8 89.5 97 101.3 102.8 104.3 107.4 112.6 122.6 133.4 142 142.8 144.5 155.2 169.3 162.1 150.1 192.9 234.9 266.6 284 312.7 328.1 327.2 289.8 240.3 257.4 305.7 340.3 359.1 372.7 394.9 426.2 470.9 507.5
208.2 206 232.1 274.8 201.5 150.7 155.6 180.3 146.2 110.1 73.8 63.5 107.8 186.7 191.2 125.9 83.7 46.9 18.4 27.9 31.4 27.8 23.5 21.1 25.7 31.9 46.2 57.8 65.3 70.6 74.7 80.4 88.2 101.8 118.1 135.7 151.5 144.8 128.5 117.4 110.4 109.7 112.8 114.5 110.7 110.3 112.6 121 128.5 136 138.1 142 138.9 144.3 158.6 170.2 152.9 146.7 197.2 242 279.5 313.5 364.5 388.6 360.9 313 253.5 271.5 346.7 393.3 404.6 403.3 396.9 461.9 574.5 626.8
194.7 186.7 188.2 178.6 128.5 70.3 41.4 57.4 74 69.1 49.5 43.3 75.1 126.1 123.9 94.7 89.6 92.2 49.1 38.3 36.5 33.1 30.1 29 27.8 26.6 27 28.6 31 34.6 41.9 57.6 75 97.3 122.2 144.3 157.1 153.9 142.4 134.2 130.5 138.8 150 141.5 126.4 112 104.4 131.3 150.8 152 145.7 143 150.1 172.7 189.9 202.7 195.5 194 229.3 271 315.8 374.7 458.3 403.8 365.4 370.1 381.6 438.4 519.6 529.3 487.9 487.8 499.4 573.3 693.7 808.7
196.7 168.1 142.7 118.9 79.5 31.9 7.8 20.9 40.9 49 51.5 56.5 67.1 72.7 65.4 72.5 77.4 74.5 61.1 51.3 45.9 42.7 41.5 42.3 38.8 35.6 30.9 27.6 25.7 28.2 35.2 47.2 65.5 85.7 108.7 129.8 142.4 150.3 152.8 153.5 156.5 163.6 169.5 162 148.5 137.4 143.8 181.5 209.2 197.7 186.3 191.6 215.6 246.6 260.7 281.6 295.3 316.7 365.9 394.4 402 423.1 458.7 473.7 474.8 483.5 489.3 550.7 648.2 627 523.9 634.8 718.8 759.8 832.5 973.1
111.7 107.4 104.1 89.7 66.2 43.9 27.5 22 29.1 41.7 48.3 56.6 62.2 68.2 71.7 73.2 70.1 63.7 57.5 53.6 51.2 49.5 50.1 53.5 55 50.3 40.9 35.8 31.5 29 31.9 42.9 58.3 75.6 94.6 114.4 131.9 145.7 154.6 164 170.7 173.3 173.1 170.2 169.3 173.6 186.4 211.4 229.3 236.1 252.9 263.2 276.3 289 312.7 369.2 403.5 430.3 460.9 457.2 403.7 419.6 532.2 590.8 575.1 563.9 542.4 604.1 649.9 626.4 690.4 747.6 781.9 819.8 951.4 1088
49.3 75.9 79 68.3 52.4 43.1 32.7 23.4 25.1 34.4 42.1 53 58.7 61.9 64.2 64.5 62.8 60.8 57.9 56 55 52.9 55.6 63.7 70.5 69.9 61.7 51.1 42.8 36.4 39 50.7 64.4 74.6 88.2 105.4 123.4 137.6 149.9 167.7 191.2 181.7 165.8 165.5 170.2 175.9 202.7 232.6 231.6 256.9 340.3 386.5 370.7 352.8 362.6 414.7 455.7 470.3 502 498.8 498.4 554.3 624.3 608 632.1 630.4 680.1 730.3 743.1 736.2 803.2 880.4 918.5 980.3 1052.6 1135.5
58.3 60.6 58.6 51.3 45.1 35.9 31.4 28.5 29.1 32.5 40.7 50.6 53.7 57.5 58.1 58.8 60 60.2 60.8 61.4 64.4 68.9 74.2 83.1 90 90.7 85.6 76 64.8 56.8 54.3 62.4 73.9 80.5 93.6 107.2 119.1 127 134.2 150.1 148.9 147.5 146.4 154.8 171.1 191.8 243.5 292.8 313.9 349.8 425.3 492.3 488.9 433.2 387.3 276.3 389.3 498.9 531.8 529.9 601.3 669.3 823.9 681.5 659.4 676.1 825.9 826.8 760.5 810.7 862.5 999.1 989.4 1032.5 1144.9 1198.5
57.6 52.7 41.7 35.8 37.2 38.5 38.1 37.5 37.4 40.7 46.9 48.1 51.6 53.4 56 58 59 60 62 67.8 79.9 86.1 94.8 104.2 108.9 108.6 104.7 96.5 89.7 83.2 76.2 78.1 86.6 94.3 101.9 109.7 111.6 108.2 111.2 120.7 126.4 134.3 139 151.5 189.7 248.9 313 328.4 381.4 389.2 444.6 495.4 512.7 451.2 409.8 358.2 435.3 512.6 570.2 515.8 534.6 656.5 706.6 682 693.7 756.6 847.6 971.5 870.3 884.7 -9999 -9999 959.3 1061.5 1123.9 1214.5
51.5 45.6 39.9 37.9 40.3 43.7 45.1 45.7 46.7 49.6 53 48.8 48.7 48.6 51 54.3 56.7 57.3 61.8 74.1 90 90.3 112.1 121 127.4 125.7 122.2 111.8 111.2 114.2 114.5 115.4 118.8 121.1 114.8 103.7 89.3 83.2 86.7 90.2 108 129.8 151.5 178.1 224.9 307.9 370.9 392.8 394.2 398 416.7 421.4 454.2 448.9 429.8 414.1 465 523.8 633.6 546.7 625.2 647.5 648.7 688.8 737.2 871.7 901.4 879 887.7 -9999 -9999 -9999 867 978 1220.1 1152.4
41.8 42.2 43.5 47.6 51.4 52.6 49.5 49.7 52.8 55.4 56.1 52.6 47 44.4 44.9 48.5 53.7 56.8 64.5 76.3 92.5 104.1 124.4 144.7 154.7 135.9 136.9 139.4 141.5 140.6 136.5 137.5 145.2 149.5 136.3 115.2 97.9 90.9 80.7 61.2 99.5 149.6 197.1 243.1 280.8 338.2 386.9 405.4 402.8 396.5 402.9 423.3 456.2 482.1 491.4 456.9 463.7 514.4 612.2 689 638.8 598.6 576.6 623.9 636.8 710.3 771.1 -9999 -9999 -9999 -9999 780.3 811 868.6 945.1 1081.8
37.6 41.9 47.3 52.8 61 52.4 51.7 53.7 56.8 59.3 59.2 55.8 47.8 38.7 33.8 39.3 51.4 61.7 74.3 87.7 107.9 140.2 179.6 208.3 228.2 205.9 173.5 168 177.6 144.8 138 126.4 149.9 155.7 134.8 110.5 115.2 123.4 131.3 134.8 153 191 250.3 302.8 319.4 340.8 381.9 397.6 398.5 392.9 393 423.9 470.8 468.1 569.7 643.6 559.4 454 481.1 463.4 488.7 457.8 408.6 506.8 607.6 670.9 -9999 -9999 -9999 -9999 -9999 716.8 -9999 -9999 -9999 -9999
40.1 43.1 47.3 48.8 48.6 48.3 51.4 56.4 63 68.5 67.6 61.2 51.3 38.5 27.3 35.6 56.9 80.9 101.2 119.9 151 221.2 263.9 305.4 357 317.7 230.7 184.4 152.6 132.9 151.6 175.7 193.4 163.2 133.4 130.2 131.6 151.8 174 189.5 198.4 217.1 257.1 298.6 329 359.8 381.9 389.1 399 417.5 429.3 430.5 465 491.8 555 638.1 540.3 367.9 371.5 387 446.3 446.3 435.5 -9999 -9999 -9999 -9999 -9999 -9999 -9999 -9999 -9999 -9999 -9999 -9999 -9999
41 44.9 47.7 52 51.8 50.5 54.3 59.7 68.1 75.7 73.7 68.1 60 50.6 46.7 55.4 78.8 107 128.7 147.7 184.1 246.2 305.9 342.6 366.6 357.7 314.7 253.1 217.7 212.8 240.4 250.7 227.3 266.4 247.3 205.8 181.3 181.5 192.7 201.9 208.1 226.2 253.5 288.1 342 378.9 391.4 376.8 395.4 421.5 436.5 415.8 404.7 401.3 409.1 470.8 493.8 377.3 342.8 389.3 432.6 530.9 548.3 510.6 -9999 -9999 -9999 -9999 -9999 -9999 -9999 -9999 -9999 -9999 -9999 -9999
41.6 44.6 47.3 48.8 50.3 53 56.7 62.6 70.2 76.9 78.6 77.7 72.8 69.8 70.2 79.3 96.2 120.8 137.6 154.1 193.5 258.2 317.1 359.5 423.4 462.1 442 397.7 388 422.6 463.5 419 283.7 209.7 281.7 279.7 233.2 199.8 200.1 212.4 220.5 245.5 254.3 296.5 371.5 401.8 400.7 386.8 404.4 451 467.2 428.5 392 390.4 361.8 427.1 443.1 406.5 395.3 441 567.6 602 699.3 519.3 538.3 559 -9999 -9999 -9999 769.5 -9999 -9999 -9999 -9999 -9999 -9999
42.4 44.6 46.4 48.5 51.2 55.2 61.6 70.9 80.4 91.8 96.5 95.4 90.6 84.1 89.3 98.7 106.3 116.5 129.3 149.5 189.7 254.3 310.1 346.1 453.2 567.5 451.1 412.9 418.2 442.1 502.9 518.8 396.3 368 341.6 285.3 220.5 201.2 187.3 191.4 233.3 300.1 348.3 382.7 439.7 447.6 448.3 444 449 475 475.4 450.6 449.1 434.5 385.7 402.8 472.5 480.1 471.9 569.6 624.8 610.9 635.1 625.4 562.3 561.7 -9999 -9999 636.3 474.8 644 678.9 757.9 -9999 -9999 -9999
44 45.2 47.5 50.1 54 61.9 73.3 90 108.7 128.5 141 142.2 133.3 122.6 123.8 128.6 117.9 108.6 115.5 134.6 151.2 189.2 244.1 285.8 364.5 409.8 269.2 354.5 372.3 386.4 419.7 438.7 410.8 379.2 336.6 269.8 204.2 241.2 205.6 204.9 306.6 407 431.3 453.5 469.4 477.7 488.9 472.2 480.3 472.7 463.8 456.6 480.6 466.3 428.9 450.9 521.1 581.4 519.4 547.6 773 774.9 736.4 761.5 593.6 554.7 575.3 591.2 650.9 697.4 738.8 -9999 -9999 -9999 -9999 -9999
46.2 46.2 48.3 53.2 61.9 79.3 104.3 136.9 167 191.1 205.1 213.3 215.2 212.4 202 168.9 127.3 109.7 112 130.1 134.1 156.2 166.3 207.8 240.9 288.4 314.3 337 336 329 368.2 404.6 404.2 396.7 351.3 289.9 270 282 310.9 375.1 463.8 513.2 520.2 524.8 518.6 512.3 495.8 486.1 493.6 484.5 463.4 456.4 463.5 470.4 513.8 559.6 602.1 612.2 628.5 636.9 1498.1 942.8 1066.2 769.3 648.2 658.7 611.5 670.8 730.1 -9999 -9999 -9999 -9999 -9999 -9999 -9999
53.9 50.3 50.2 57.1 80 121.5 167.6 210 243.2 262.3 277.3 287.1 306.4 324.7 313.6 243.8 166 138 144.9 155.2 169.9 186.9 197.3 224.4 259.2 282.8 335.4 379.9 380.2 396.5 383.5 409.8 452.1 464.9 441.2 357.3 351 372.8 427 487.9 559.6 613.9 568.8 539.9 556.1 584 592.2 586.9 562.5 533.5 508.4 488.3 479.3 476.3 508.7 560.1 583.6 598.7 627.5 641.1 663.2 717.3 760.7 695.9 709.5 796.9 628.2 688 -9999 -9999 -9999 -9999 -9999 -9999 -9999 -9999
79.6 66.6 59.8 63 144.2 217 271.2 299.5 310.9 322 327.4 335.2 358.5 402.6 405.2 328.1 257.1 227.2 239.3 271.7 287 285.9 282.3 295.9 312.1 336.8 381 414.5 410.8 394.8 440.6 498.5 535 528.2 493.1 443.6 432.3 451.1 484 504.2 585.4 651.9 622.7 598.2 587.9 617.9 647 678.8 651.4 567.2 547.8 529.3 517.9 518.8 543 547.1 560.6 624 679.3 708.1 686.6 675.4 693.7 673.4 712.8 786.6 798.5 -9999 -9999 -9999 -9999 -9999 -9999 -9999 -9999 -9999
126.1 129.8 148.4 216.5 319.8 352 353.5 354.1 355.9 357.2 351.1 352.5 360 374 381.4 359 339.4 351.9 399.9 448.6 465.6 450.6 415 374 359.9 388.7 421 447.7 454.2 465.1 530.8 582.4 570.2 564.4 562.1 559.7 539 580 499 423.5 495.6 632.5 698.6 683.4 603.6 545.1 589.9 810.7 848.4 602.7 514.5 571.8 589.6 586.2 592.3 602.5 607.7 640.8 671.7 689.4 667.5 684.5 698.9 691.5 706.8 829.7 873.8 -9999 -9999 -9999 -9999 -9999 -9999 -9999 -9999 -9999
165.4 180.7 228 293.1 338.4 366.8 374.5 379.1 380.9 378.6 369.8 356 343.9 352 367.3 385.2 411.6 452.7 506.3 529 533.2 528.1 504.8 453.8 427.9 441 480.9 518.2 531.8 565.9 613.7 641.8 647.3 644.8 638.1 600.1 549.9 512.2 487 461.7 520.1 673.8 730.7 776.1 639.4 547.9 604.7 871.4 918 751.4 723.9 680.5 676.9 650.6 643.6 559.1 617.2 697.1 599.9 682 631.7 617.2 669.2 651.5 686.6 787.9 805.3 771.3 887.3 -9999 -9999 -9999 -9999 -9999 -9999 -9999
200.1 216.9 249.7 290.8 331.9 358.4 373.6 383.2 390.3 391.2 387.8 376.6 366.2 369.2 392.7 426.6 473.5 501.7 517.6 523.6 528.1 536.4 545.2 488.8 464.4 481.1 536.8 580.2 601.9 666.9 742.4 763.7 750 743.5 726.7 641.1 514.9 419.4 489 763.6 479.9 630.2 770.1 824.7 836 743 759.8 788.5 799.1 749.6 751.6 811 888.9 845.9 752.4 703.7 732.2 747.6 676.8 722.9 609.5 625.5 544.3 631.5 718.7 852.9 841.8 815.8 998.6 -9999 -9999 -9999 -9999 -9999 -9999 -9999
225.9 243.7 275.8 306.5 324.7 346.5 364 379.5 396.4 406.2 409.2 409.4 413.4 430.3 460 498.5 524.6 516.8 502.3 504.9 497.2 473.9 459 476.4 486.7 515.2 555.1 580.9 618.2 681.4 749.5 773.8 781.3 771.1 769.8 724.9 558.7 382.2 439.9 518.2 364.3 737.6 903.9 931.5 964.5 925.5 912.7 838.8 815.4 825.7 868.3 952.8 1151.1 1093.7 847.6 807.7 745.3 695.1 707.2 683 694 715.7 743.2 731.1 783.1 844.4 900.2 938 949.4 -9999 -9999 -9999 -9999 -9999 -9999 -9999
255.4 279.8 302.8 325 325.7 347 351.9 373.2 396.8 419.2 430.2 436.9 455.7 488.7 532.1 567.2 570.1 532.4 498.7 501.6 494.3 463.1 461.1 486.2 526.4 574.5 588.6 586.8 596.4 635.6 695.7 742.3 790.6 794.9 783.6 821.9 743.3 653.1 654.3 742.4 793.3 877 956.1 998.4 988.7 976 872.2 805.8 828.5 847.4 895.6 943.9 994.5 919.3 776.4 827.9 769.6 782.3 837.3 687.9 830 828 808.9 832.3 926.4 980.3 1089.2 1017 949 969.7 -9999 -9999 -9999 -9999 -9999 -9999
