datasets/global_precipitation_1950_2017/rasters/precip_1996-total.asc
NCOLS 720 
NROWS 347 
XLLCORNER -180 
YLLCORNER -90 
CELLSIZE 0.5 
NODATA_value -9999 
[rows 34 to 67 of 347, columns 76 to 151 of 720]
209.2 236.6 265 291.5 312.7 326.3 336.8 343.8 349.1 352.9 354.5 355.2 356.2 357.8 359.8 363.7 367.8 371.5 377 385.4 396.1 406.1 417.6 424.5 425.2 422.9 417.9 412.5 405 396.4 387.3 380.3 374.8 371.6 369.2 366.2 361.2 355.1 345.8 333.8 322.2 312.5 303.7 297.1 295.5 296.7 297.9 298.4 296 293 287.8 283.6 279.5 276.5 274.7 273.4 274.3 274.1 276 278.4 280.3 282.1 284.5 287.3 293.1 297.7 305.6 310.6 315.7 318.7 319.5 315.7 315.1 312.4 303.1 292
238.6 261.5 288.2 310.8 327.8 339.9 347.8 351.5 353.4 355.1 356.7 357.9 359.9 362.4 370 374.5 381.9 389.5 397.1 403.8 412.7 425.6 431 435.9 432.3 421.5 409.1 398.6 388.2 378.1 369.4 368.5 370.9 374.8 377.3 377.1 373.8 369.2 365.2 359 351.6 343.2 336.8 332.6 330 329.9 329.8 327.1 326.5 320.1 312 304.6 298.8 294.3 291 289 287.5 285.5 284.5 284 283.7 281.3 275.7 272.6 275.1 281.3 288 291.7 293.5 293 290 285.3 280.9 272 260.4 248.4
263.7 274.7 291.4 311.1 329.7 343.7 351.2 354.8 357 362.6 366.9 368.3 370.3 374.6 382.4 393.9 405.1 428.6 447.2 459.7 463.2 461.8 456.5 447.4 433.1 417.5 400.4 381.1 357.9 332.3 316.5 346.1 372 386.8 389.5 384.3 378.5 373.4 373.2 371.1 368 363.7 355.9 348.2 345.5 341.5 344.1 338.6 339 330.9 321.1 317.3 311.5 307.9 304.8 301.3 297.2 292.7 288.1 283.7 279.4 273.9 270.9 264.7 265.6 268.1 270.7 272.4 271.9 269.8 263.3 258.2 249.7 238.4 225.7 212.5
277.3 269.8 280.7 303.4 325.4 347.8 376.2 397.1 393.4 382 376.5 378.2 382.4 387.5 402.5 411.6 424 447.4 490.1 551.9 569.5 574.2 545.9 517.6 492 459.2 430.3 402.8 379.6 366.3 366.6 379.6 396.8 405.8 400.2 393.1 386.3 382.7 379.8 378.7 376.1 371.5 364.7 359.5 352.9 344.9 341.9 338.9 333.7 329.9 325.6 322.4 321.8 320.3 315.6 309.1 302.4 294.4 288.6 281.5 276 271.3 267.2 264.2 261.4 258.5 254.5 251.5 248.5 244.8 238.1 231.7 225.4 217.7 210.2 201.4
324.9 346.3 348.6 322.9 293.9 276 323.6 388.9 390.8 374.2 371.8 382.7 401.3 409.4 414.6 411.4 411.4 432.8 480.3 548.6 612.9 676.5 652.8 636.3 620 563.2 517.9 469.1 431.1 407 391.1 383.8 385.4 385.8 384.2 382.9 381.4 380.4 378.8 378.8 378.9 376.9 374.5 364.8 358.6 349 336.9 330.4 322.8 317.7 315.2 315.7 315.7 313.9 310.5 305.1 296.7 285.9 277.4 271.7 265.5 260.3 256.5 252.2 249.6 245.3 241.3 237.3 233.2 227.6 222.7 216.6 211.8 208.2 205.8 205.1
298.8 316 319.8 305.6 286.3 274.3 288.5 312.4 318.3 331.2 355.6 354.3 366.5 394.2 390.2 383 384.6 407 449.2 505.6 583.2 644.5 680.2 700.2 690.5 661.1 623.8 573.5 507.6 448.9 408.3 382.3 372.1 368.3 368.7 368.9 369.9 370.9 371.8 373.2 373.7 377.4 378.5 371.6 360.3 343.1 326.5 312.6 301.9 297.4 292.4 289.5 286.6 281.4 276.6 271 266 263.3 259.7 255.8 251.4 247.3 241 235 230.9 227.6 224.6 223.9 223 221.6 218.3 214.2 209.2 205.3 206.2 209.2
230.4 247.3 262.5 276.1 291.2 304.4 313.1 319 327.9 353.8 395 373.5 342.6 338.7 340.3 347 355.9 374.6 411.3 473.2 522.3 593.6 642.5 665.1 659.3 635.3 606.1 575.1 537.6 482.3 435.1 387.4 356.3 350.9 350.1 353.9 355.9 357.9 360.6 364.4 367.5 372.2 370.5 365.5 352.2 332.9 313.2 297.3 285.2 277.1 271.8 266.7 259.6 252.7 245.6 241.6 242.2 243.3 244 242.9 239.6 233.7 227.2 216.5 205.7 198.3 201.2 210.2 217.6 221.1 221.2 220.4 218.8 215.9 216.2 220.2
243.7 244.3 260 292 305.7 313.1 313.4 310.4 307.5 306.8 311.5 314.9 316.2 319.6 324.9 331.6 352.8 360.1 361.9 381 425 479.2 527.9 557.9 557.5 546.8 538.9 517.7 504.6 469.4 432.7 381.5 343.2 323.9 319 328.2 338.1 347.4 355.4 360.1 361.6 366.4 365.6 362.9 351.8 335.7 316.1 295.8 282.2 273.3 266 260.1 251.8 242.9 234.5 234.9 236.4 241.4 244.6 243.5 240.8 233.4 224 210.5 195.3 181.3 188.6 213.6 228.8 235.7 234.8 233.8 231.7 230.8 231 234.1
303.7 331.7 347.3 338.8 325.1 309.8 294.5 279.7 272.6 269.8 263.6 258.6 271.1 288.7 301.7 308.6 316.6 307.7 295.5 273.4 290.6 344.4 400.6 436.6 454.8 477.7 489.7 485.3 460.8 431.6 386.5 355.6 315.3 282.6 279.9 293.5 312.1 331.7 347.6 354.7 355.7 365.6 370.4 370.2 362.6 347 326.1 304.9 289.4 279.9 273.9 270.3 267.4 265.4 266.9 271 262.6 259.3 259.6 258 255.8 250.9 246.2 243.4 242.1 249.1 258.3 261.3 257.1 251.5 248.5 245 243.5 240.7 241.5 241
397 371.2 339.2 307.4 286.6 268.3 256 245.9 235 233.9 243.2 247.2 251.1 260 272.5 279.1 279.5 270.1 248 229.9 239.3 294.9 350.9 382.1 399 425.5 459.7 468.7 445.7 406.9 372.6 325.6 284.6 258.3 244.4 246.9 272.6 314.5 352.5 368 375.5 400.2 395.9 385.6 370.4 350.1 330.5 309.1 292.8 285 283.7 282.9 281.8 282 282 280.6 279.3 281.8 282.2 282 281.4 279.9 277 274.7 277.3 276.5 274.3 271.6 262.9 257.3 253.6 250.9 247.4 244 240.7 235.5
441.9 429.4 352.7 306.6 258.5 244.3 249.8 262.4 262.9 250.2 245.6 239.6 235.3 243.3 254.5 258.7 263.8 265.6 262.5 262.8 286.7 340 371.3 378.6 360.1 385.4 439.7 435.1 423.8 407.9 380.8 329.8 275.3 234.4 213.8 191.4 188.7 313.1 414.2 405 394.5 394.6 393.4 380.7 368.4 351.9 329.8 308.5 293.5 297.8 302.8 297.5 289.5 294.3 304.3 309.9 308.5 311 316.1 321.8 325.9 327.3 322.4 314.6 302.4 289.5 279.8 271 265.4 264.7 264.8 263.2 258.9 250 240.8 229.2
1190.3 1187.9 1092.9 876.8 603.5 382.5 315.8 296.9 312.8 296.9 268 240.6 216.3 255 246.2 246.1 268.2 289.3 293.8 316 357.9 405.4 422.8 425 427.7 432.1 427.3 422.9 417.5 407.3 388.1 360.3 324.8 296.3 282.9 283.9 301.6 343 376.1 385.6 383 381.9 377.6 370.2 360.4 351.4 344.7 347.3 353.3 361.5 369.2 367.6 313.8 318 334.4 340.2 341.7 348 358.1 367.7 372.7 374.2 364.9 355.6 337.7 317.3 297.3 284 275.5 273.1 276.5 283.1 283.1 274 256.7 235.6
2142.7 2243.1 2402.5 2334 2051 1609.8 1090.3 570.6 376.7 400.4 436 441.1 357.8 280.8 217.5 222.6 265.6 266.6 235.2 298.8 402.7 478.6 488 465.4 435.6 393.4 367 388.1 406.1 413.1 409.8 404.6 394.1 382.6 372.8 368.6 365.8 367.6 372.9 379.4 384.4 386 380.9 370.3 350.4 343.3 344.8 371 399.1 439.3 482.5 464.7 428 406.1 398.6 396.8 397.1 398.4 402.9 407.9 409.3 405.4 394.9 378.1 356.2 329.8 302 280.6 268.6 266.6 274.5 284.8 296 300.3 291.1 272.3
-9999 -9999 2703.1 2961.2 -9999 2779.1 2291.7 1419.6 772.3 607.2 519.5 623.8 717.4 831.1 653.8 344.6 302.1 274.2 277.7 336.4 431.9 513.7 536.9 538.9 509.5 450.6 417.5 416.8 425.2 429.6 430 430.7 440 450.8 454.1 448 438.3 433.8 435.7 436.8 436.3 434.7 431.8 422.2 389.3 358.9 361.2 383.4 408.4 425.8 459.7 437.2 437.9 451.8 458.4 452.7 442.6 430.6 422.1 417.7 419.3 421 422.5 403.2 370.4 327.7 285.7 259.2 248 247.5 263.8 290.8 317 332.3 336.9 335
-9999 -9999 -9999 -9999 -9999 -9999 2594.8 1790.4 1048.1 794.3 748.5 635 741.5 874.1 797.3 506.5 391 358.7 373.8 407.4 480.7 530.8 594 671.6 679.7 424.4 432.3 440.6 447.9 456.6 466.4 475.9 497.9 525 549.1 562.4 550.6 526.9 508.1 499.6 493 483 467.2 444.4 410.1 380.3 375 361 360.7 311.1 333.2 394.1 430.2 462.4 475.2 466.2 451.7 435.8 422.2 413.2 415.6 439.4 470.5 436.9 399.7 356.1 313.3 279 252.6 233.2 262.8 318.3 348.3 359.5 368 379
-9999 -9999 -9999 -9999 -9999 -9999 -9999 -9999 1648.3 1578.4 1467.8 -9999 1113.4 1136.8 1415.1 1705.4 1632.1 1769.6 1883.1 1471.9 803.4 433.6 404.3 425.2 436.8 432 424.6 437.3 455.2 479.5 506.1 531.5 556.5 590.1 654.5 713.8 667.9 590.1 536.5 520.8 528.8 522 501.6 474 445.1 424.7 412.1 402.2 403.9 335 343.7 392.1 435.8 498.3 501.3 445.5 417.5 427.7 423.1 403.8 359.8 293.3 345.9 413.2 440.9 431.8 395.2 355.1 320.1 308 318.8 342 363.4 381.1 397.7 411.6
-9999 -9999 -9999 -9999 -9999 -9999 -9999 -9999 -9999 -9999 -9999 -9999 1533.6 1490.5 1624.3 2409.1 3512 3019.3 2477.1 1354.8 490.5 252.4 252.7 300.6 321.7 337 356 383.2 422 462.3 498.8 532.5 563.3 600.4 652.5 694.6 695.9 668 633.9 609.9 591.9 569.8 541.4 513.2 485.7 466.2 458.2 449.1 437.1 417.1 437.9 480.1 505.3 515.8 493.4 465.6 459.4 460.3 465.3 471 469.7 455.2 440.7 463 485.3 487.7 462.5 429.4 395.9 377.5 375.7 387.3 403.4 421.2 436.7 442.5
-9999 -9999 -9999 -9999 -9999 -9999 -9999 -9999 -9999 -9999 -9999 -9999 2344.7 -9999 -9999 2033.2 -9999 2459.9 1913 718 260 165 193.6 227.6 250.1 276.3 299.3 301.6 333.1 395.5 459.1 507.2 538.9 576.3 623.4 672.7 715.4 734.4 723.5 701.8 671 626.6 581.6 543.6 521.1 512 527.6 539.9 431.1 539.8 543.8 579.1 599.7 590.1 492.2 479.2 512.4 500.1 515.3 533.8 547.3 499.4 496.7 525.3 519.9 511.1 503.6 481.1 451 425.5 412.1 413.5 419.8 429.8 441.9 456.1
-9999 -9999 -9999 -9999 -9999 -9999 -9999 -9999 -9999 -9999 -9999 -9999 2156.4 2130.1 -9999 1389.3 -9999 906.3 1145.8 1005.6 616.1 429 341.5 304.2 337.4 385.5 414.8 396.1 324.3 336.3 440.8 522.4 567.2 599.1 633.6 675.6 725.7 774.8 799.9 771.8 722 664.7 622.4 570.1 534.7 531.9 539.1 550.5 524.7 529 541.4 559.5 577.7 574.7 576.8 576.3 578.7 565.8 543.3 510.1 512.3 515.3 527.6 553.8 555.8 548.7 536.7 509.7 469.9 436.8 419.7 414.4 409.9 419.3 433.3 442.5
-9999 -9999 -9999 -9999 -9999 -9999 -9999 -9999 -9999 -9999 -9999 -9999 -9999 2502.6 2667.8 1815.1 1139 -9999 -9999 1388.4 1603 1316.4 1253.6 1098.5 945 1024.2 1055.9 1029.5 702.6 440.5 507.6 565.4 594.1 610.8 623.6 640.6 669.9 702.3 717.3 713.4 718.3 644.9 607.4 579.9 551.7 516 493.4 526.6 553.4 558.8 521.3 518.9 514.2 535.4 594.6 653.4 614.9 603.9 594.1 574.8 566 584.2 580.1 567.8 569.5 561.3 545.1 521.9 493.3 471.4 458.1 451.8 453.5 453.9 445.4 437.5
-9999 -9999 -9999 -9999 -9999 -9999 -9999 -9999 -9999 -9999 -9999 -9999 -9999 -9999 3235.8 2585.1 -9999 1640.9 -9999 1668.4 1838.3 1917.5 1754.9 1671.4 1602 1506.8 1383.3 1068.9 693 618.9 637.7 629.3 620.6 617 612.8 593.1 577.7 607.1 633.4 650.3 629.5 581.1 600.3 630.4 513 531.6 495.9 519.5 482.4 531 614.7 645.9 588.4 584 646.8 682.7 686.9 668.4 630 634.8 689.6 706.5 671 612.9 581.9 560.2 544.1 527.5 514 505 501.9 502.6 503.5 503.1 496 472.6
-9999 -9999 -9999 -9999 -9999 -9999 -9999 -9999 -9999 -9999 -9999 -9999 -9999 -9999 -9999 -9999 -9999 1562 1470.9 1616.8 -9999 2571.1 -9999 1651.9 1509.1 1603.1 1243.3 777.1 644 652.2 657.3 645.8 640.7 652.5 663.4 625 605.1 611.2 634.2 635.4 537.3 580.1 684.2 667.2 638.1 579.9 548.4 532.7 545.4 668.5 688 664 649.4 712 796.7 802.9 764.7 735.5 745.9 781.1 748.4 688 618.5 578.9 557.4 541.6 530.6 503.5 522.4 525.2 531.7 541.4 553.3 570.5 584.6 551.7
-9999 -9999 -9999 -9999 -9999 -9999 -9999 -9999 -9999 -9999 -9999 -9999 -9999 -9999 -9999 -9999 -9999 2152.1 1009.1 -9999 -9999 2717.1 2450.7 1684.3 1667.4 1240.3 1039.5 788.2 672 750.6 663.5 609.3 622.3 658.4 710.8 719.4 659.1 474 570.1 668.1 714.6 703.1 631.6 557.7 505.5 471.3 509.6 567 691.7 694.5 774.7 768.5 793.4 721.1 618.2 828.3 766.6 668 722.8 743.5 702.7 651.4 583.7 513.5 510.9 509.4 502.7 508.5 515.9 516.5 526.7 541.2 550.4 569.7 570.3 556.1
-9999 -9999 -9999 -9999 -9999 -9999 -9999 -9999 -9999 -9999 -9999 -9999 -9999 -9999 -9999 -9999 -9999 -9999 -9999 2069.2 -9999 -9999 -9999 1948.7 1823.1 1180.2 719.5 966 678.5 587.2 545.4 616.1 591.9 603.2 640 671.9 611.4 615.7 686.6 748.3 747.2 672.5 602.3 536.7 523.4 584.9 612.5 677.1 680 710.4 836.1 975.8 1086.6 1228.2 1188.7 865.5 637.2 557.4 633.7 681.6 646.5 618 581.8 540 496.9 462.2 445.7 441.2 437.6 442.2 468.2 494.9 515.1 531 539 535.6
-9999 -9999 -9999 -9999 -9999 -9999 -9999 -9999 -9999 -9999 -9999 -9999 -9999 -9999 -9999 -9999 -9999 -9999 -9999 -9999 -9999 -9999 -9999 2163.5 2461 2088.5 1760.5 1745 1416.9 521.3 583.9 779 592 598.9 598.3 602.7 628.9 679.7 748 874.4 888.8 813.8 750.1 668.1 577.1 497.7 533 670.5 674.4 673.4 775.5 773.4 772 781.5 893 735.4 627.9 572 559.7 601.4 617.2 612 570.5 495.4 456 425.7 421.8 399.5 394.8 405.6 419.7 429.3 442.1 456.3 468.3 481.6
-9999 -9999 -9999 -9999 -9999 -9999 -9999 -9999 -9999 -9999 -9999 -9999 -9999 -9999 -9999 -9999 -9999 -9999 1510.4 -9999 -9999 -9999 -9999 2113.2 3053.9 3046.9 2498.6 2132.2 2078.6 1567 722.9 600.5 679.9 632.9 623 657.9 659.9 666 641.2 729.4 799.7 709.9 716.4 663.5 569.1 493.3 513.9 498.2 535.8 572.7 590.4 582.2 674.6 749.6 705.1 621.2 577.4 591.7 601.3 543.1 523.8 501 474.4 465.1 410.2 402.2 394.2 384.6 374.2 409.4 421 413.1 412.9 418.2 455.8 485.5
-9999 -9999 -9999 -9999 -9999 -9999 -9999 -9999 -9999 -9999 -9999 -9999 -9999 -9999 -9999 -9999 -9999 -9999 -9999 1890.2 -9999 -9999 -9999 -9999 -9999 3921.6 3989.3 3628.5 2752.9 2080.4 1120.8 743.2 653.7 627.3 631 638.4 637.8 645.6 680.4 735.2 946.4 871.8 719.7 559.9 564.7 535.5 470.7 381.6 541 506.2 541.5 539.7 632.8 743.2 659.1 570.3 614.3 590.7 520.8 510.5 531.9 538.1 491.2 452.7 431.9 415.3 381.2 376.9 348.6 354.6 383.1 420.9 418.1 444.8 456.7 487.6
-9999 -9999 -9999 -9999 -9999 -9999 -9999 -9999 -9999 -9999 -9999 -9999 -9999 -9999 -9999 -9999 -9999 -9999 -9999 -9999 3732.2 -9999 -9999 -9999 -9999 3749.5 4485.1 4448 3806.9 2827.7 1793.6 1229.8 967.9 729.6 434.9 408 510.7 567.4 585.5 633.9 799.8 890.4 791.5 616.3 659.4 619 545 474.6 437.2 480.2 517.4 536.8 570.7 587 631.6 630.1 580.6 578.8 520.7 543.8 461.3 620.3 584.7 504.7 458.7 424.7 399.5 373.2 433.2 380.2 386.7 387.4 412.6 415.1 382.1 421.9
-9999 -9999 -9999 -9999 -9999 -9999 -9999 -9999 -9999 -9999 -9999 -9999 -9999 -9999 -9999 -9999 -9999 -9999 -9999 -9999 -9999 1927.3 -9999 -9999 -9999 -9999 -9999 -9999 -9999 2764.7 1831.4 967.1 801.2 535.1 373.9 321.6 342.1 388 503.2 566.9 669.1 732.9 1003.1 903.7 786.3 863.6 1059 975.4 650.4 493.2 436.1 387.9 509.8 562.7 560.8 595.7 543.8 509.2 525.1 521.4 533.7 529.2 438.7 398.3 420.5 417 431.4 514.5 512.7 419.2 430.8 428.7 382.4 395 418.8 484.6
-9999 -9999 -9999 -9999 -9999 -9999 -9999 -9999 -9999 -9999 -9999 -9999 -9999 -9999 -9999 -9999 -9999 -9999 -9999 -9999 -9999 -9999 -9999 -9999 -9999 -9999 -9999 -9999 3087.4 2965.3 2393.9 1442.5 690.8 428.9 391.8 393.3 348 325.9 384 510.1 535.1 618.8 666.5 663.7 524.3 734.7 1093.1 1152.4 1231.5 1000.5 896.2 790 640.4 508.2 354.6 519.8 484.3 390.9 412.2 518.5 479.1 443 364.5 313.9 346.1 418.4 441.2 440.1 438.2 404.5 380.6 377.4 373.2 321.3 335.9 354.8
-9999 -9999 -9999 -9999 -9999 -9999 -9999 -9999 -9999 -9999 -9999 -9999 -9999 -9999 -9999 -9999 -9999 -9999 -9999 -9999 -9999 -9999 -9999 -9999 -9999 -9999 -9999 -9999 2562.9 2362.2 2378.7 2367 1562.7 866.5 523.5 447 445.5 484.3 459.5 404 480.4 526 594.9 710.6 638.9 1035.9 966 1151.3 1828.2 1082.2 664.9 737 542.1 452.7 497.5 439.6 420.7 429 369.5 349.8 351.3 356.3 369 340.5 334.7 376.1 404.7 423.4 406 411.7 382.1 388 358.9 331.5 370 361.8
-9999 -9999 -9999 -9999 -9999 -9999 -9999 -9999 -9999 -9999 -9999 -9999 -9999 -9999 -9999 -9999 -9999 -9999 -9999 -9999 -9999 -9999 -9999 -9999 -9999 -9999 -9999 2570.1 2243.2 -9999 -9999 1685.4 1756.7 1935.8 1919.9 2142.3 1140 736.4 598.3 384.9 328.5 242.1 363.5 461.4 596.3 766.8 899.1 964.2 1216.3 1205.7 1009.6 508.3 536.7 591.9 634.9 439.4 423.6 449.8 360.9 337.6 315.9 346.2 319.4 328.4 364.3 399.1 412.9 406.1 446.5 490.3 465 473.5 402.7 356.5 369.8 388.9
-9999 -9999 -9999 -9999 -9999 -9999 -9999 -9999 -9999 -9999 -9999 -9999 -9999 -9999 -9999 -9999 -9999 -9999 -9999 -9999 -9999 -9999 -9999 -9999 -9999 -9999 -9999 -9999 -9999 3359.3 3679.8 2263 1728.9 1807.6 1434.8 1919.2 2163.3 1433.2 887.6 677.9 456.7 429.2 421.3 365.6 530 588.7 719.6 714.8 694.7 865.1 842.6 522.3 513.1 649.2 651.3 567.9 391.1 346.6 374.5 215.3 251.5 314.6 333.4 365.8 428.7 382.3 447.1 428.1 389.7 445.9 434.2 472.4 423.8 388 331.5 382.4
-9999 -9999 -9999 -9999 -9999 -9999 -9999 -9999 -9999 -9999 -9999 -9999 -9999 -9999 -9999 -9999 -9999 -9999 -9999 -9999 -9999 -9999 -9999 -9999 -9999 -9999 -9999 -9999 -9999 -9999 3806 3398.2 2190.2 1311.8 -9999 -9999 1540.9 2229.9 2394.3 3616.4 1166.1 1134.5 539.2 602.5 562.8 700.7 906.4 873.9 876.9 962.5 950.6 710 568.2 780.9 773.2 586.6 471.7 345.1 254.2 250.6 264.5 265.7 334.4 421 517.5 501.8 426.5 435.8 377.8 434.5 376 378.8 371.6 346.6 431 450.6
