datasets/global_precipitation_1950_2017/rasters/precip_1995-total.asc
NCOLS 720 
NROWS 347 
XLLCORNER -180 
YLLCORNER -90 
CELLSIZE 0.5 
NODATA_value -9999 
[rows 34 to 67 of 347, columns 380 to 455 of 720]
-9999 -9999 -9999 -9999 -9999 2249.3 2619 -9999 1819 1374.4 1230.1 799.9 576.9 568.7 574.9 563 568.7 554.4 532.9 558.7 619 541.8 515.2 494.1 666.7 544.1 578.1 571.5 606.7 602.5 582.2 559.6 580.1 562.4 571.5 597.8 609.9 593.6 577.7 563.1 549 537.5 542.2 573.9 623.9 657.6 662.7 635.8 -9999 -9999 -9999 -9999 -9999 -9999 487.8 482.1 478.4 476.1 476.5 484.4 -9999 -9999 -9999 -9999 489.8 506 524.8 -9999 556.4 554.6 547.2 551 558.8 571.8 592.1 609.7
-9999 -9999 -9999 -9999 -9999 1851.5 1894.9 1547.3 1237.3 975.1 812.9 724.9 697.4 568.6 556.5 527.2 489.7 515 498.1 458 457.2 454.2 475 470.9 494.1 556.1 -9999 -9999 -9999 392.6 535.9 600.7 601.7 594.2 638.8 647.6 642.7 627 579.7 554 545.4 540 530.4 532.5 567.2 600.9 604.5 579.3 539.9 -9999 -9999 -9999 -9999 -9999 -9999 -9999 -9999 -9999 -9999 -9999 -9999 522.6 528.3 533.1 538.6 547.1 561.2 573.4 517.5 536.3 547.3 558.5 573 592.9 620.4 643.3
-9999 -9999 -9999 -9999 -9999 1587.4 1424.1 1110.9 854.3 772.5 763.2 732.2 631.1 531 543.5 556 535.5 512.2 576.7 562.4 463.9 548.4 502.4 -9999 -9999 -9999 -9999 -9999 -9999 -9999 -9999 520.5 555 578.5 566.9 632.7 643.9 629 583.9 567.5 580.4 563.5 555.9 560.6 570.8 574.4 564.2 553.1 542.9 -9999 -9999 -9999 -9999 -9999 -9999 -9999 -9999 -9999 -9999 -9999 587.1 604.4 617.9 625.6 627.3 620.6 609.2 597.6 585.6 579.4 584 592.2 604.5 625.2 650.1 670
-9999 -9999 1581.1 2153.4 2123.3 1461.9 1127.7 976.9 897.8 776.8 757.6 614.7 534.6 522.6 571.3 582.5 524.2 475.5 522.5 521.1 580.1 471.9 -9999 -9999 -9999 -9999 -9999 -9999 -9999 480 482 485.6 530.1 560.6 539.4 556.6 620.6 595.9 606.6 547.5 583.6 589.8 583.8 581 582 583 571.3 560.3 550.6 536.5 -9999 -9999 -9999 484.4 493.2 509.3 -9999 -9999 -9999 -9999 669.8 682.5 682.9 680.7 682.4 688.7 692.3 683.8 663.5 643.7 629 620.8 630.3 650.9 677.9 691.5
-9999 1615.2 1410.2 1380.5 1252.5 1090.1 840.9 669.6 722.1 687.7 569.7 569.7 549.9 563.4 523.7 539.3 558.9 514.2 481.7 565.4 599.5 566.4 -9999 -9999 -9999 -9999 -9999 -9999 508.9 543.8 526.5 514.2 578.4 597.8 519.3 422.1 601.1 608.3 610.9 571.1 642.3 635.6 628.9 617.5 622 628.1 620.4 604.4 590.2 581 609 689.7 -9999 -9999 -9999 -9999 634 641.4 655.4 685.7 729.3 743.5 705.9 669.5 676.6 681.8 685.7 689.1 689.4 684.8 676.4 666.6 655.6 648.6 643.2 638.1
1742.2 1589.4 1002.1 908 1106.2 1025.3 778.9 649.4 671.2 487.3 453.7 457.8 508.3 524.8 519.7 625.8 623.6 512.4 667.7 617.1 634.2 -9999 -9999 -9999 -9999 493.4 482.5 524.4 630.4 549.9 487 576.4 576.4 599 645.5 671.2 629.5 605.9 647.7 681.8 653.9 616 631.9 646.8 641.9 640.7 646.4 657 670.6 663.8 661.1 668.6 669.9 663.5 668.2 677.6 673.8 660.3 659.2 675 690 690.1 671.4 653 659.3 676.5 688.6 698.1 703.9 708.4 716.8 712.3 680.8 638.7 599.7 568
1095 1008.5 987.2 965 780.1 584.9 518.7 564.5 508 520.4 565.8 532.6 542.5 518.2 497.3 517.6 677.3 528.2 -9999 -9999 -9999 -9999 -9999 -9999 529.9 491 518.6 551.1 550.2 487.2 532.3 605.7 570.2 586.7 620.9 637.7 647.9 659.4 617.8 658.9 647.6 678.4 710.5 710.7 687 659.7 636.1 653.2 685.5 695.8 694.9 697.9 697.9 688.4 669.1 642 611.4 577.3 563.6 627.4 706.3 713.9 681.8 662.9 684.2 714.2 723 714.6 701.5 695.4 692 681.5 655.4 620.9 590.8 570.5
572.5 622.7 692.1 775.8 651.3 525.7 512.8 554.7 549.5 592.8 637.4 615.4 567.8 545.2 540.4 542 -9999 -9999 -9999 -9999 -9999 -9999 554.7 504.4 526.2 471.1 493.8 518.4 566 544.5 509.8 534.3 549.8 675.4 553.4 604 621.5 620.8 593 597.2 605.3 645.8 678.1 687.9 695.1 675 671.6 683.8 708.9 703.3 684 682.9 687.1 682.4 670.7 652.5 638.8 625.1 629.5 671.8 719.3 732.6 727.4 732.3 759.8 824.1 764.6 704.1 659.3 630 614.7 613.3 612.3 607.1 598.3 594.4
372.9 336.5 415.4 441.1 596 580.4 566.7 547.1 607.6 596.4 602.6 662.3 676.8 612.3 630.1 -9999 -9999 -9999 -9999 -9999 -9999 -9999 -9999 641.1 677.4 649 597.1 576.3 541.1 604.3 586.1 577.6 579.1 601.4 615.1 582.9 572.8 587.9 592.5 570.8 625.7 634 629.8 635.5 651.9 653 650.1 636.5 610.1 632.5 656.3 672 677.8 665.8 672.7 685.5 692 706.4 734.9 771.1 788.8 774.9 747 707.1 661.7 625.4 620.1 617.3 581.6 533.7 525.8 556.3 584 599.4 600.1 603.6
492.6 443.1 451.8 465.9 549 618 604.3 643.1 666.7 678.2 717.3 606.3 526.3 594.9 571.3 -9999 -9999 -9999 -9999 -9999 -9999 -9999 -9999 703.7 717.8 706.3 643 624.5 617.1 574.4 620.2 513.6 550.5 564.7 594.2 614.8 582.7 540 565.9 559.4 539.7 550.1 554.2 574.5 632.6 670.5 693.7 681.5 610.4 617.4 652.4 687.7 722.2 728.6 713.5 712.8 697.7 683.3 714.3 787.2 891.5 808.9 738.2 678.3 628.9 598.9 587.4 591.5 583 575.6 580.7 595.9 607.6 603.2 594.5 593.7
567.2 544.1 567 626.7 799 786.9 721.7 649.9 565.8 589.2 593.3 618 631.8 630.6 -9999 -9999 -9999 -9999 -9999 -9999 -9999 -9999 -9999 665.9 592.2 622.3 671.9 617.3 585.6 626.3 598.1 559.8 587 605.3 619 590.1 617.9 592.2 584.5 569.9 539.8 522.1 547.5 614.4 664.8 686.3 692.2 689.3 677.5 675.1 686.8 705.6 720.5 729.3 720.2 697.4 675.1 658.1 671.8 699.6 710.6 695.4 642.8 574.9 541.6 553.7 568.6 580.2 591.8 603.5 617.1 633.9 654.3 595.9 578.5 572.2
589 458.7 434.7 556 715.9 675.3 762.7 780.1 649.9 619.8 669 655.7 753.5 719.6 664.5 -9999 -9999 -9999 -9999 -9999 -9999 -9999 -9999 622.4 671.5 651.9 647.6 651.1 654.3 670.6 618.2 611.2 617.6 664.7 677.3 706.2 649.5 605.3 587.1 583.8 584 616.4 651.7 672.2 681.8 686.2 729.1 760.4 716.7 707.7 706.3 708.8 716.3 712.9 686.1 650.7 626.2 625.7 643.6 665 670.7 653.7 616.3 575.7 559.7 569 584 594.5 602.3 608.1 608.1 600.2 594.1 596.9 562.6 525.3
610.4 725.2 705.3 579.9 716.6 828.9 736.2 739.3 818.9 709.2 644.6 602 544.8 614.9 581.5 659.1 659.2 -9999 -9999 541.8 541.8 -9999 -9999 -9999 585.6 -9999 674.6 739.5 725.5 609.1 -9999 623.7 -9999 -9999 -9999 -9999 -9999 -9999 539.6 551.6 602.4 662.6 691.3 673.2 675.2 664.6 680.8 701.4 700.3 705 709.1 701 673.7 631.7 564.6 507.5 513.9 543.4 575.4 608.7 630.4 633.6 623.6 612.7 609.8 613.9 624 635.1 639.9 639.6 632.8 614.2 585.4 545.3 464 325.3
818.5 737.2 751.5 727.4 644.6 679 641.2 702.5 690.8 721.1 708.6 562.5 553.1 480.6 488.7 534.7 489.4 512 -9999 -9999 -9999 -9999 -9999 -9999 -9999 -9999 -9999 -9999 -9999 -9999 -9999 -9999 -9999 -9999 -9999 -9999 -9999 620.8 579.7 563.8 598 671.3 719.4 668 627.3 649.6 702.7 740.7 693.4 688.2 719.1 748 716.9 644 571.7 525.7 505.5 524.7 522.5 549.2 564 569.2 575.1 587.4 601.5 615.1 630.3 642.9 665.2 695.6 723 703.5 638 581.1 548.9 564.3
861.6 779.4 780.9 723.1 718.6 725 662 623.3 705.1 697.2 649.1 566.1 582.3 624.7 555.6 559.5 623.7 -9999 -9999 -9999 -9999 -9999 -9999 -9999 -9999 -9999 -9999 734.5 770.7 783 770 786.5 725.9 724.6 737 706.4 647.4 639.5 641.1 658.5 665.3 653.2 664.5 659.4 664.7 675.4 677.9 669.6 666.9 672.7 720.9 794 769.9 688.9 626.8 599.5 621 586.5 570.8 588.7 560.1 552.2 547.4 538.7 533.2 570.4 610.5 631 649.6 676.6 695.3 683.5 639.1 602.7 594.5 609
-9999 -9999 679.1 816.1 778.5 665.1 632.8 653.2 740.9 803 864.1 641.9 610.3 598.6 562 -9999 -9999 -9999 -9999 -9999 -9999 -9999 -9999 -9999 -9999 -9999 -9999 -9999 1869.2 939.4 748.4 702.9 642.3 622.4 619.4 646.7 649.5 690.1 690.8 668.4 644.6 594.8 557.4 606.1 668.9 723.4 676.5 641.1 621.8 629.2 650.3 661.9 656.1 638.9 619.8 611.7 611.7 603.2 574.9 555.5 544.9 552.6 567.4 562.1 558.8 588.5 617.1 633.5 661.5 640.9 585.8 558.2 549.8 545.9 553.6 579.6
-9999 -9999 -9999 773.4 773.3 779.3 687.3 705.2 705 817.4 642.3 567.5 580.9 -9999 -9999 -9999 -9999 -9999 -9999 -9999 -9999 -9999 -9999 -9999 578.7 -9999 -9999 -9999 -9999 752.7 669.7 624.5 640.6 578 608.8 649.9 710.8 773.7 799.6 709.2 658.1 609.4 584.8 622.2 681.5 700.4 707.8 639.3 612.6 612.8 610.8 602.2 580.6 570.1 576.7 600 640.1 663 608.7 554.6 533.1 532.7 554.4 562.8 572.2 599.8 635.3 626.2 594 555.5 505.7 494.9 493.5 466.4 468.8 509.5
-9999 -9999 -9999 -9999 947.8 988.3 947.2 849.6 664.6 731.2 713.9 618.8 591.9 -9999 -9999 -9999 -9999 644.6 -9999 -9999 -9999 -9999 -9999 -9999 -9999 -9999 -9999 -9999 -9999 608.4 644.7 618.2 614.7 591.1 604.7 681.6 737.6 740.2 719.3 686.7 669.3 646.9 632.8 651.6 690.6 699.3 706.7 648.4 604.5 558.6 563.1 566.8 518.5 477.7 514.1 549.7 579 586.3 546.9 471 448.2 547.7 549.9 543.4 540.5 551.7 565 574 563.8 548.2 538.1 532.6 456.5 368.6 392.1 435.3
397.1 -9999 -9999 -9999 982.9 905.1 803.9 837.2 771.6 802.7 703.4 582.4 618.6 -9999 -9999 -9999 658.9 -9999 -9999 -9999 -9999 -9999 -9999 636.4 628.6 579.5 -9999 -9999 -9999 676.2 715.6 659.8 637.5 644.3 652.9 605.8 658.6 681.3 685.5 674.5 657.1 660.4 672 641 628.1 624.8 615.7 606.8 573 550.9 553.1 550.6 538.5 531.4 533.1 532.3 559.6 554.4 533.5 522.2 512 513.6 516.4 518.7 510.2 529.2 548.5 549.5 546 538.1 534.9 506.8 462.7 426.3 416.6 414.7
385.6 -9999 -9999 -9999 -9999 772.5 1066.9 803.1 748.9 691 693.5 612.4 588.7 557.5 -9999 -9999 -9999 -9999 -9999 -9999 -9999 -9999 667.8 734 646.9 630.5 611.9 636.9 655.4 682.2 705.1 685.4 720.9 653.5 594.5 603.7 672.8 714.4 699.3 652.4 614.6 612.5 624 623.4 551.4 544.8 579.9 581.7 572.6 571.4 565 551.6 539.9 570.6 614.8 603.4 587.4 582.9 562.2 557 564.5 565.1 521.6 513.4 543.2 558.3 577.7 576.4 575.9 552.1 536 523.6 513.3 509.8 539.5 669.5
386.1 299.3 -9999 -9999 -9999 -9999 890.4 837 643.6 699.1 656 592 -9999 -9999 -9999 -9999 -9999 -9999 -9999 -9999 -9999 -9999 703.5 735.3 749.6 739.2 719.8 683.7 630.2 603.2 643.7 662.8 656 625 591.1 606.6 707.7 903.2 828.3 655.5 568.6 553.9 611.3 641.4 630.6 633.2 616.9 576.8 543.2 559.7 557.5 539.7 549.5 577 570.6 572.7 581.1 594.1 522.2 622.7 715.5 657.6 620.7 588.4 578.4 577.4 575.8 696 606.6 585 557 535.9 521.5 514.1 514.2 551.6
-9999 -9999 -9999 288.9 434.7 -9999 581.8 668.1 -9999 -9999 -9999 -9999 -9999 -9999 -9999 -9999 -9999 -9999 -9999 -9999 -9999 -9999 793.9 895 845.3 815.7 766.4 728.5 709.8 692.3 710.6 722.9 725.7 644.2 627.5 597.1 632.1 725.5 735.9 724.7 708.8 675.9 671 678.6 684.6 698.9 676 609.5 564.4 550.8 543.4 536 538.2 530.3 560.4 572.9 584.2 600.8 604.2 652.8 699.3 698.1 649.1 607.8 588.5 579.1 580.8 581.6 584.3 575.3 558 537.2 511.6 494.6 487.5 497.5
354.3 284.5 -9999 380.8 437.3 -9999 -9999 -9999 -9999 358.2 -9999 -9999 -9999 -9999 -9999 -9999 -9999 -9999 -9999 -9999 -9999 -9999 -9999 790.5 809.3 755.2 713.3 671.4 668.1 677.9 701.1 696.3 642.6 649.6 633.4 640.6 674.5 719.9 733.5 754 773.4 736.6 741.8 750.5 748 719 640.4 556.7 540.1 546 551 551.5 571.9 588.3 557.7 551.3 568.2 589 591.5 606.4 631.2 641.9 624.2 599.9 576.6 568.5 546.6 510.5 565.9 577.9 549.3 525.8 516.9 480.7 458.2 467.5
-9999 -9999 301.9 464.3 -9999 -9999 -9999 -9999 -9999 -9999 -9999 -9999 -9999 -9999 -9999 558.8 557.9 -9999 -9999 -9999 688.7 714.4 716.5 696.1 666.1 581.7 595.6 632.7 634.4 647.8 645.8 638.8 635.8 611.5 613.4 651.9 662.6 667.1 703.4 725 701.4 696.8 731.1 813.5 827 752 680.4 643.5 621.4 602.7 592 590.3 575.1 567.3 536.7 524.4 519.1 560 580.1 589.2 602.6 593.2 591.7 594.2 579.8 570 567.5 559.4 557.9 534.5 519.7 482.5 408.9 369 415.5 435.5
650.1 616.3 -9999 -9999 596.1 624.9 -9999 -9999 -9999 -9999 -9999 -9999 704.7 685.6 665.7 663.8 548.4 505 547.2 600.3 634.2 645.2 653.6 660.3 687.7 587.1 611.8 643.3 586.8 583 614.8 609.9 598.9 543 525 576.3 668 679.6 640.8 624.7 618.7 627.6 640.8 699.7 729.4 711.5 700.6 698 687.4 653.9 621.6 616.7 611.8 596.5 588.5 603.1 565.7 541.7 536.3 535.2 547.5 563.7 555.3 538.4 549.3 564.8 563.8 545.7 539.7 530 514.1 516.5 503.5 477.9 453.5 437.1
788.7 639.4 598.3 579.4 564.7 569.1 540 614 642.7 651.5 667.4 653.5 628.8 594 560.2 526.9 514.8 501.1 491 569.4 591 603.1 643.7 665.4 647.1 617.2 592.6 566.6 592.5 603 619.1 578.1 554.3 512.2 518.6 524.2 546.8 569.4 578.6 578.7 592.6 602 614.5 665.9 707.2 719.9 719.9 745.1 707.1 687.2 665.7 670 692.3 698.6 714.4 629 580.6 525.3 472.4 497.9 556.7 559.6 543.5 522.9 564.7 597.1 584.1 542.6 532.1 527.1 559.6 595.2 578.6 547.4 481.6 433.5
673.6 603.5 531.2 550.3 522.1 508.9 550.3 508.8 564.3 613.1 622.3 614.3 581.9 558.8 544.3 513 515.7 521.9 540.5 580.9 579.1 589.1 591.2 584.1 593.8 602 600.5 606.2 649.1 641.1 574.2 516 512.8 484.4 468.1 477.9 498.4 496.9 515 542.3 562.3 594 621.9 676.9 715.3 701.8 715 705.8 659.6 652.8 674.6 686.8 729.6 728.1 635 614.3 617.2 581.4 555.4 575.2 616 623.2 595.8 547.2 588.9 624.6 633.2 582.6 526.9 467.7 471.2 526.8 539.2 506.9 453.8 413.3
692.1 614.5 511.8 482 493.2 552.8 571.6 609.3 580 552.7 547.7 547.3 530.7 516.6 506.8 505.7 513.3 514.2 531.9 570.5 545.4 534.3 528.8 526.7 534.1 560.4 577.2 584.4 591.6 579.9 539.1 529.3 561 541.8 484.9 485.9 507.4 536.6 532.2 535.4 533.7 508.3 529 577.6 596.2 631.2 658.4 662.2 656.6 655.1 666.8 669.3 672.2 652.3 597.5 601.5 638.5 639.5 588.9 592.5 652.7 665.7 676.8 741 676.2 675.6 635 580.9 534.7 501 488.6 493.4 497.2 493.5 472.6 438.2
653 629.9 534.9 487.5 493.6 532.8 589.9 581 569.5 530.3 540.2 532.9 502.1 480.8 485.2 493.6 503.4 510.5 544.4 571 557.7 556.5 548.9 515.9 499.2 524.2 543.2 581.6 549.8 553.2 533.5 502.7 487.3 476.7 504.1 511.1 534.4 557.5 541.6 519.9 540 548.2 537.8 546.6 570.2 587.6 617.8 638.4 640.4 645.8 661.3 684 717.6 682.2 641.8 638 659.5 652 663.1 661.9 654.8 642.5 639.6 639.7 632.7 618.5 582.7 543.3 527.7 494.9 479.9 470.8 479.3 498.3 547.4 517.1
1228 1173.6 558.4 451.8 539.1 631.5 588.7 646.1 594.2 661.5 589.3 570.8 532.1 487.1 522.8 506.6 488.9 510.3 493.5 541.7 547.7 555.1 542.7 523.7 526.1 523.4 508.8 511.7 527.8 541 529.2 511.3 502.8 507 528.1 556.6 580.2 561.7 561.2 552.9 522.6 586.5 635.5 646.1 651.3 717.1 714.5 651.6 634.6 642.8 636.7 643 606.4 652 670.4 702 734.3 691.9 699.8 675.3 643.7 603.7 542 543.1 566.4 559.1 558.5 533.2 499.1 472.7 450 414.2 430 459.6 478.3 548.6
730.7 540.6 539.9 602.5 665.4 771.1 735.3 795.7 845.8 789.5 730.1 646.4 494.6 595.8 606.1 565.8 536.5 521 518.8 488.5 498.1 507.4 493.8 494.1 540.3 532.6 476.8 476.6 528.8 572.3 574.6 570.8 532.6 492.6 529.6 548.2 519.8 484.1 533.1 574.4 603.2 657.2 697.8 731.8 733.3 728.9 710.4 676 632.1 602.6 610.8 633.7 639.6 647.6 685.3 658.5 672.6 680.6 659.6 637.6 607.6 575.3 552.5 554.5 560.5 526.2 505.5 471.5 442.1 418.7 405.2 405.3 406.5 370 375.3 401.4
853.2 1101.7 763.9 885.7 883 901.4 1003.6 1199.2 812.2 819.2 1087.3 1303.7 880.6 747.7 673.4 650.4 632.4 643.3 609.8 591.8 535.8 517.6 442.9 391.3 471.2 481.8 474.2 491.6 535.2 526.6 518 563.6 588.6 559.7 558.9 547.8 495.6 472.9 509.3 555.3 630.8 658.3 677.9 716 716.5 713.2 693.3 674.7 645.1 610.4 616.6 647.5 642 626 663.9 730.9 728.2 701.5 651 615.7 567.3 540.1 521.2 500.6 487.8 471.1 450 421.4 400.3 382.3 368.8 350.4 325.6 297.9 289.6 288.6
851.1 858.2 1053 1052.1 961.8 874.3 787 590.6 554.4 504.9 688.4 709.2 1038.8 854.4 1015.7 698.3 640.1 717.5 706.2 675.7 645.9 590.5 544.6 510.2 532 510.7 489 487.7 520.3 549 572.6 602.3 583.6 576.4 578.4 555 517.9 533.2 531 581.1 646.9 622.5 603.9 651.2 706.8 755.8 749.1 750 726.7 661.6 633.1 637 653.1 644.2 687.8 776.3 839.9 753.1 655.2 573 532.9 514.2 525.8 519.3 510.3 449 419.2 401.5 391 353.3 315.7 308.1 285.1 259.8 257.4 272.9
782.8 836.9 1077.8 1033.7 1000.6 739.5 608 620 605 685.3 722.2 836.8 850.8 738.4 802.8 818.5 736.1 927 896.7 776.8 715 621.1 634 632.4 626.8 574.6 547 565 517.7 522.9 552.6 553 569 606.4 566.2 595.1 557.1 512.1 527.3 527.8 536.6 682.5 705.5 681.7 685.6 726.1 706.5 692.9 665.4 652.4 640 635.5 636.4 644.9 660 674.4 736.2 705.7 627 556.4 528.5 520.9 522.5 502.7 469.7 457.9 415.5 397.3 377.4 343.7 316.7 298 268.7 248.6 239.9 222.4
