datasets/global_precipitation_1950_2017/rasters/precip_1991-total.asc
NCOLS 720 
NROWS 347 
XLLCORNER -180 
YLLCORNER -90 
CELLSIZE 0.5 
NODATA_value -9999 
[rows 68 to 101 of 347, columns 152 to 227 of 720]
503.7 619.8 576.5 571.8 689.4 614.5 562.8 703.5 585.4 634 634.9 668.8 718.2 676.5 764.6 820 799.6 725 683.5 699.2 717.6 752 756.6 743.4 782.1 685 737.2 716.3 741.8 797.6 837.6 889.4 839 830.8 819 807.5 773.5 752 741.8 733.4 770.1 832.3 874.3 871.2 828.1 808.4 783.9 746.6 732.1 756.1 776.5 780.4 764.6 758.9 760.9 799.2 847.9 871 869.5 787.7 536.2 363.6 745.5 832 831.5 964 992.7 875.4 763.6 814.6 917.4 971 -9999 -9999 -9999 -9999
439.7 412.6 459.3 529.7 489 516.9 520.7 530.5 642.9 632.5 583.5 584.4 607.5 685.8 765.3 776.5 807.1 790.6 723.7 772.7 818.4 753.1 771.6 753 703.3 652.1 647.8 647.4 711.2 716.3 761.1 813.6 901 1004.4 933 935.1 786.1 829 866.1 866.9 863.4 837 817 800.3 783.3 772.8 838.9 718.8 684.2 790.9 808.6 809.2 830.9 836.7 823.8 831.6 829.1 811.6 808.9 798.2 741.4 725.5 764.7 732.5 835.4 925.5 998.5 1035.3 960.4 1001.6 -9999 -9999 1031.8 1070.9 1120.7 1178.7
458.4 388.6 463.7 510.2 557.7 521.9 492.9 469.9 535.8 553.5 475 607.7 712.9 652.8 624.3 656.2 661.9 711.4 711.7 720.3 704.4 729.2 716.9 736.6 727.7 633.8 535 629.9 745.3 740.6 720.2 736 818.2 875.4 882.8 876.7 925 1019.8 1128.3 1042.8 969.1 872.6 794.4 743.1 773.6 775.6 756.6 766.1 782.1 827.7 849.7 788.7 838 825.8 862.6 851.5 813.2 773.2 746.6 761.8 797.9 843.5 806.2 862 1059.3 904.6 893.9 1045.5 926.3 -9999 962.9 1099.3 1121.6 1022.5 1064.6 903
501.7 444.7 444.8 427.9 467.9 490.5 494.1 467.5 437.9 468.2 476.2 578.4 635.3 563.4 563.1 667.9 665.3 723.7 680 705.7 730.9 711.5 739.8 820.8 782.4 727.1 829.3 321 625.8 732.6 762.6 660.5 547.8 586.6 699.3 870.7 1029.4 1123.2 1143.3 1100.1 965.7 918.6 838.4 777.4 800.3 784.7 736 717.5 656.7 871.7 852.9 795.4 822 863.4 851.1 847.5 845 808.8 752.2 687.8 829.4 1032.5 1041.9 938.7 1116.6 1248.9 878.1 864.6 -9999 1008.1 998.2 1025.7 1012.5 969.8 938.9 990.7
421.1 399.3 381.7 450.9 446.5 446.9 445.4 448.8 451.5 428.7 375.1 458.3 538.8 503.5 518.2 614 635.2 654.9 647.5 640 633.3 686.2 714.1 714.6 873.5 982 968 822.4 801.3 922.4 924.5 809 619.6 655.4 709.1 661.4 738.8 928.4 1172.9 1319.1 1077.1 896.6 800.7 730.6 754.5 783.3 793.1 790.1 890.9 863 948 939.8 871.9 836.3 869.9 895 934 991.4 899.3 806 933.7 1060.7 989.9 1052.5 1251 1350.6 1095.4 -9999 989 1001 942.7 912.5 1053.1 1157 1075.5 1072.1
418.6 392.6 343.8 382 413.3 418.2 436.2 412.3 429.4 404 485.8 543.4 542.5 534.9 602 629.4 590.1 615.9 635 685.7 765.7 831.3 968.8 1031.1 1021.6 1035.5 1196.4 1000 925.3 914.6 840.5 804.5 763.1 850.5 809.2 635.6 617.8 767.9 822.5 942.2 957.5 1003.1 957.5 918.6 864.6 858.1 918.7 894.2 923.5 974.7 958.3 861.1 768.9 809.6 905.6 923.7 944.7 941.5 955.3 929.3 928.5 974.8 974.8 1032.1 1020.8 1072 1044.3 1078.4 863.2 727.8 858.3 845.5 933 1020.3 1108 1261
395.2 366.1 365.8 359.8 354.1 369.1 411.1 319 459.9 502.1 562.6 651.2 615.9 510.4 611.4 677.4 713 696.3 711 731.5 793.5 887.7 1030 1023.5 1070.6 1095 1175 1117.5 1058.5 890.3 894.4 841.6 844.4 895.7 870 711.7 736.6 800.6 780.8 838.3 894 894.6 914.2 933.8 889.2 889.5 899.4 971.2 961.8 1011.3 985 756.1 738.4 819.4 879.2 855.1 892.3 930.4 935.1 1042.7 958.4 957.4 931.7 935.6 1110.9 1061.7 977.8 1072.5 933.5 841 977.8 983.5 1012.6 1039.3 1090.4 1112.6
408.1 388.7 391.5 340.5 357.6 329.6 373.5 376.6 474.5 508.5 546.9 501.4 755.4 716.6 724 757.6 756.5 766.5 782.5 803.9 914.2 966.1 999.7 1067.5 1175.2 1124 1090.6 1068.1 1055.5 1027.6 880.7 867.6 961.5 902.9 745.6 636.4 789.8 782.3 787.6 849.2 816.7 524.9 550 813.6 932.2 879.9 963.1 1059.1 1035.7 1160 965.3 835.2 811.2 961.6 831.9 865 884.1 971.4 968.3 1052.1 851.6 907.9 1001.5 981.1 1239.3 1137.7 1178.4 1102.5 1097.6 1025.6 1125.6 1102.1 1148.5 1136.6 1165.5 1220.1
369.4 366.9 420 385.2 365.8 413.8 419.1 452.8 562.1 579.3 654 682.4 753.7 727.8 693.2 796 874.7 874.3 936.5 951.6 1039.6 1125.8 1099 1109.7 1101.3 942.1 1013.2 1044.2 1054.3 991.7 945.1 905.1 884.9 800.5 712 795.7 821.2 843.7 837.6 763.1 843.7 769.4 679.3 740.8 627.9 903.6 979.9 1057.8 1202.3 1138.1 1056.5 888.1 842.5 772.7 694.2 813.7 794.7 820.9 821.6 875.6 844.7 867 1066.4 1131.5 1087.6 1243.1 1092.1 1006.8 1124.5 1128 1090 1137.1 1175.6 994 1409.5 1316
381.2 350.6 407.1 365.3 430.7 455.9 472.4 544.5 576.5 607.9 624.3 643.4 674.1 676.6 693.9 778.7 914.2 960 938.4 948.3 1013.1 968.5 887.9 952.2 999.4 922.8 929 930 868.7 1007.5 911.8 876.6 851.2 755.4 853.9 969.3 866.2 884.7 990.2 793 828.4 919 896.5 809.1 847 892.8 1009.2 1006 939.3 985 825.4 822.7 791.5 825 841.8 743.1 792.1 824.5 822.6 783 706 717.6 1061.7 888.3 1033.5 1074.7 1133.5 1155.4 947.6 1097.7 1018.8 1079.7 1330.3 1314.8 -9999 -9999
674.4 513 479.3 481 455.5 515.3 490.5 573.8 556.8 586.6 642.3 614.3 637.1 640.6 606 675.1 781.4 785.7 947.7 981.6 938.5 1005.9 1029.8 1055.9 1063.8 1000 800.7 750.7 808.7 872.5 815.8 753.1 771.9 716.8 854.2 765.4 981.7 954.9 921 1113.9 903.9 894.7 877.2 943.2 1029 1096.5 1094.2 918.1 509.6 740.6 807.1 777.5 675.5 756.1 859.5 857.6 917.8 1096.9 1002.6 991.3 838 846.7 942.4 922.7 1017.5 2483.5 1143 1376.3 1277.4 1273.1 -9999 -9999 -9999 -9999 -9999 -9999
529.8 538.9 482 544.9 584 563.4 597.7 616.9 613.2 574.4 514 526.1 552.5 665.5 637 565.5 815.4 919.8 1050.4 1035.9 987.6 1046.7 1074 993.5 1001.9 1036.5 843.6 889.6 941.1 893.9 827.5 913.1 393.5 714.2 975.1 1024.3 1001 984.9 908.7 859.1 783.1 801.3 852.5 846.2 827.5 1128 1079.9 942.7 741.9 785 827.5 783.8 813.4 814.4 914.9 1107.6 1166 944.3 1082.8 848.7 865.9 815.6 990.8 844.4 991.4 1168.3 1195.6 1395.2 -9999 -9999 -9999 -9999 -9999 -9999 -9999 -9999
424.2 484.4 486.1 497.7 579.6 605.2 561.9 574.8 577.1 563.9 488.8 527.3 474.2 516.7 549.6 581.6 781.1 848.1 948.6 1084.2 1085.5 1124.4 940 1052.5 1027.5 1072 952.8 876.8 872.2 948.6 952.7 962.8 942.2 916.6 1042.5 1046.9 1131.7 1003.9 909.2 884.2 971.5 850.2 761 779.5 944.7 826.1 865.3 891.7 750 387 704.8 822.4 677.2 802 954.1 1021.2 1079.8 1301.9 1147.4 1058.6 935.3 937.2 1083.6 1034.2 1117 1093 1302.8 -9999 -9999 -9999 -9999 -9999 -9999 -9999 -9999 -9999
405.2 534.8 428.5 441.3 545.2 571.9 596.3 516.7 510.8 546.3 504.5 474.5 559.7 605.9 638.6 745.7 810 965.6 1089.2 1088.5 1198.4 1116.2 1122.4 1148.4 1120.4 1093.2 1118.9 1098 917.4 886.6 871.9 869.9 968.2 925.1 982.1 932 1055.9 1006.8 888.7 794.1 802 808.7 702.4 687.1 738.8 878.2 809.5 798.7 785.8 859.1 947.1 862.7 686.4 718 736.2 925.7 903.7 957 1038.6 820.4 856.7 1171.2 1319.8 1252.5 1496.3 1185.8 -9999 -9999 -9999 -9999 -9999 -9999 -9999 -9999 -9999 -9999
395.3 418.4 403.9 456.8 519.6 681 512.6 533.9 487.9 521.4 548.4 538.4 665.2 654 608.9 703.7 810.2 925 920.4 1124.6 1065.6 1093.2 1089.3 1035.6 995 924.8 889 891.3 854 820.8 890.9 856.1 881.8 930.4 985.7 1029.4 1009.7 973.8 887 767.3 859.5 652.2 665.2 687.4 766.5 763.7 711.1 813.5 858.2 1006.2 948.4 805 708.6 625.9 677.8 785.4 916.2 965.4 939.8 892.8 931 1165.8 1230 1221.4 1194.4 1160.1 -9999 -9999 -9999 -9999 -9999 -9999 -9999 -9999 -9999 -9999
388.6 356.3 414.9 431 474.9 527.6 517 524.8 519.5 559.5 538.7 558 622.6 674.2 757.4 868.7 872 897.7 955.2 1010.4 1053.7 1024.2 1078.7 953.6 836.5 766.7 816.3 866 754.5 888.3 871.7 922.5 883.7 937.7 1034.9 979 960.7 895.8 834.3 777.8 787.4 765.5 688.8 707.3 706.3 746 612.9 832.5 859 904.1 911 827 768.6 624 698.6 728.1 769.8 836.3 715 1009.1 999.1 1265 1173.1 1314.1 1193.2 1143.7 1224.4 -9999 -9999 -9999 -9999 -9999 -9999 -9999 -9999 -9999
295.8 332.3 396 418 443.1 486.7 548.8 577.6 524.2 589.6 615.5 734 743.8 698.2 841.9 760.3 913.7 1008.1 1056 951.6 902.3 992.9 873.4 822 722.3 803.3 804.7 870.7 902.2 955.9 973.7 941.3 907.5 983.3 974.5 942.9 936.7 946 867.3 823.8 693.3 727.9 667.4 653.2 736 720.7 683 788.4 841.8 941.6 816.1 862.7 768.6 695.5 902.1 1008 875.7 946.9 924.6 968 1088.3 1080.1 -9999 -9999 -9999 -9999 -9999 -9999 -9999 -9999 -9999 -9999 -9999 -9999 -9999 -9999
314.5 339 369.6 463 559.9 596 647.3 583.4 572.5 532.6 555.9 676.6 641.5 602.6 627 767.2 844.1 793.3 857.6 958.5 1016.9 910.2 860.1 875.8 774 828.9 884.3 856.9 913.6 957.1 803.9 932.6 849.7 824.3 964 882.9 1023.7 863.5 823.9 752.4 615.2 590.6 708.1 658.3 651.1 619.2 682.6 740.8 690.5 812.1 895.2 818.6 733.2 819.6 839 950 943.6 885 1143.7 1072.2 983.9 1107.2 -9999 -9999 -9999 -9999 -9999 -9999 -9999 -9999 -9999 -9999 -9999 -9999 -9999 -9999
268.3 336.6 448.5 567.3 540.9 548.9 581.9 573.2 541.5 486.2 560 549.3 556.8 502.3 578.3 694.1 856.8 832.8 948.6 944.9 964.6 1111.6 1149.4 1068 1000.4 934 1024.3 1012.6 982.6 992.6 678.2 871.8 891.7 795.1 873.4 868.1 853.1 859.1 802.6 717.4 736.2 628 745.3 654 734.5 801.8 827.1 803.4 831.7 1068.3 872.3 686.7 680.6 746.5 815.6 834.8 922.6 1143.5 1083.7 1195.6 -9999 -9999 -9999 -9999 -9999 -9999 -9999 -9999 -9999 -9999 -9999 -9999 -9999 -9999 -9999 -9999
425.7 406.4 589.8 642.9 609.2 561.1 543 471.3 484 528.2 489.6 474.2 519.9 555.5 591.3 598.3 649.2 740.5 819.1 888.3 833.3 813.1 978.9 1077.2 1028 1022.8 1020.8 995.3 960.4 893.8 826 820.9 895.8 913.7 901.1 953.6 1061.1 982.8 826 817.6 786.8 770.7 805.9 849.3 771.3 988.1 972.6 862.9 927.8 978.7 699.5 618 756.9 908 831.7 863.6 1002.5 1004.5 1197.2 1118.3 -9999 -9999 -9999 -9999 -9999 -9999 -9999 -9999 -9999 -9999 -9999 -9999 -9999 -9999 -9999 -9999
490 460.1 490.3 454.7 598.2 506.5 534.2 501.8 487.1 489.6 503.6 612.7 599.9 733.4 605.5 696.4 802.8 835.7 744.1 865.2 847.2 798.9 897 965.6 1030.5 926.8 883.7 903.5 862 782.3 800.1 928.3 913.5 918.9 1076.7 988.1 959.8 959 1025.2 956.8 1065.8 930.1 973.9 958.3 1059 945.9 1043.4 993.1 1086.7 763.5 678.7 768.3 713.2 848.5 983.2 -9999 944.6 -9999 985.2 -9999 -9999 -9999 -9999 -9999 -9999 -9999 -9999 -9999 -9999 -9999 -9999 -9999 -9999 -9999 -9999 -9999
391.8 451.3 494.2 487.3 508.5 455.3 506.5 515.9 443 383.9 576.2 504.8 591.6 612.9 743.7 694 673.2 718.9 759.1 900.8 879.1 859.3 880.6 911.1 963.1 898 923.7 852.9 879.1 821.4 864.4 905.5 906 794.8 866.9 984.8 1020.3 1026.2 1033.6 983.5 1161.7 989.9 1020.3 1024.7 1051.3 1104.7 1212.3 1357.3 1273.7 782.7 763.8 860.4 889.4 724.7 855.3 -9999 1052.1 1122.9 -9999 -9999 -9999 -9999 -9999 -9999 -9999 -9999 -9999 -9999 -9999 -9999 -9999 -9999 -9999 -9999 -9999 -9999
381.7 404.4 425 468.1 473.9 464.6 495.3 408.1 309.4 406.5 432.2 447.2 638.3 621.4 597.9 682.7 577.5 617.5 708.9 764.8 847.6 830.9 975.1 987.9 932.1 881.3 933 888.1 843.7 934.9 931.6 1004 870.3 991.5 896.2 890.2 870 1002.4 1101.5 1341.4 1200 1145.5 1014.2 1157.9 1147.9 1091.9 1208.5 1206.9 1022.8 914.3 862.9 885.8 884.9 827.5 890.7 -9999 1026 993.2 -9999 -9999 -9999 -9999 -9999 -9999 -9999 -9999 -9999 -9999 -9999 -9999 -9999 -9999 -9999 -9999 -9999 -9999
349.2 407.8 404 428.6 452.7 477.2 473.7 454.1 357.6 501.8 705.7 663.1 688.3 702.2 677.8 684.7 733.1 790.5 806.5 772.3 977.2 850.8 1051.3 1080.1 964.7 864.5 961.5 1041.3 938.6 912.1 1074 1040.1 960.9 975 977.6 917 1028.3 1209 1146.6 1216.5 1273.1 1069.5 1022.1 943 1115.3 1014.7 967 922.1 917.2 1017.5 1100.9 1023.2 938.3 856 899.2 -9999 864.5 -9999 -9999 -9999 -9999 -9999 -9999 -9999 -9999 -9999 -9999 -9999 -9999 -9999 -9999 -9999 -9999 -9999 -9999 -9999
439.1 466 381.6 445.2 405.5 511.2 474.6 463.7 353.1 572.5 640.7 566.1 552.6 574.5 669 781.6 872.1 840.6 825.1 788.2 985.8 1014.9 1104.6 1065.2 980 1033.3 1130.9 1173.3 1200.9 1047.8 988.3 962.5 926.1 1076.2 1319.8 1229.7 1200 1122.3 1107.2 1274.2 1312.5 1247.5 1190.6 1150.6 1134.7 997.8 927.6 881.6 951.1 905.2 952.3 985.8 947.9 1026.9 1011.8 -9999 -9999 -9999 -9999 -9999 -9999 -9999 -9999 -9999 -9999 -9999 -9999 -9999 -9999 -9999 -9999 -9999 -9999 -9999 -9999 -9999
590.7 426.3 410 475.2 419.8 471.2 412.9 502.9 527.6 531.3 594.2 638.8 592 802.6 822.9 991.8 941.1 866.2 847 940.4 1075.6 1144.3 1124.4 1172.9 1210.8 1195.8 1263.4 1208.2 1253.6 1186 1076.8 1226.2 1244.5 1375.3 1287.2 1302.9 1143.3 1282.1 1290.5 1324.6 1304.3 1554.3 1553.7 1213.8 1178.2 916.4 866.4 1153.3 1006.4 911 886.2 911.8 986.8 1087.5 1086.9 1087.3 -9999 -9999 -9999 -9999 -9999 -9999 -9999 -9999 -9999 -9999 -9999 -9999 -9999 -9999 -9999 -9999 -9999 -9999 -9999 -9999
537.9 476.3 545.3 577.7 537 517.7 564.6 442 486.6 633.4 687 697.5 697.3 834.9 866.3 889.4 952.5 996.4 1104.9 1086.3 1216.5 1252.8 1271.8 1337.8 1466.9 1555.6 1371.3 1286.3 1278.7 1300.1 1366.5 1589.1 1498.7 1526.6 1216.9 1356.7 1461.3 1520.3 1511.6 1469.2 1399.4 1303.4 1187.4 1242.2 947.2 1254.7 1161.5 1161.9 1069 1046.4 958.4 932 1003.3 1218.9 1180.9 975.8 -9999 -9999 -9999 -9999 -9999 -9999 -9999 -9999 -9999 -9999 -9999 -9999 -9999 -9999 -9999 -9999 -9999 -9999 -9999 -9999
498.1 598.9 687.4 569.2 554.1 586.5 566.8 605.1 642.9 762.1 725.4 764.2 928 963.2 897.8 987.5 1080.5 1191.3 1379.3 1346 1568.6 1552.8 1419.2 1574.5 1485.6 1447.4 1292.8 1413.5 1493.3 1501.2 1468.7 1475.8 1773.9 1622.7 1561.4 1489.1 1587.5 1485 1527.7 1582.7 1533.5 1607.1 1110.3 1873.6 1163 1211.4 1079.8 1111.6 1072.8 1045.8 974.8 1095.7 1039.1 1097.3 1217.8 1358.1 1214.1 -9999 -9999 -9999 -9999 -9999 -9999 -9999 -9999 -9999 -9999 -9999 -9999 -9999 -9999 -9999 -9999 -9999 -9999 -9999
585.5 681.1 650.3 545.1 429.1 572.6 724.4 928.8 760.9 710.4 777.6 963.2 1037.5 1106.4 1157.3 1346.2 1303.6 1091.1 1226.7 1364.1 1340.5 1390.5 1489 1425.1 1560.5 1509.7 1443.3 1679 1663.5 1615.2 1710.1 1732.9 1788.2 1822.7 1817.3 1760.5 1803.8 1617.5 1429.4 1565.8 1879.6 1551 1640.1 1538.5 1275 1038.7 1145.2 1188.6 1153.5 1037.2 1028.8 1198.8 1272.2 1299 1338.2 -9999 -9999 -9999 -9999 -9999 -9999 -9999 -9999 -9999 -9999 -9999 -9999 -9999 -9999 -9999 -9999 -9999 -9999 -9999 -9999 -9999
634.7 593.4 629.7 593.5 581.5 616.7 705.9 775.8 836.2 902.8 1144.9 1122.7 1386 1069.3 1251 1310.6 1256.9 1401.6 1523.7 1768.5 1637.2 1527.1 1594.4 1492 1386.8 1452.4 1637.1 1752.4 1760.1 1908.8 1867.7 2113 1914.4 1851.9 1834.8 1615.8 1475.3 1443.6 1424.3 1610.7 2143.6 1695.4 1242.5 1222.4 1208.8 1278.6 1304.3 1284 1126.8 1159.8 1125.7 1264.5 1359.4 1584.5 -9999 -9999 -9999 -9999 -9999 -9999 -9999 -9999 -9999 -9999 -9999 -9999 -9999 -9999 -9999 -9999 -9999 -9999 -9999 -9999 -9999 -9999
561.8 575.2 493.3 566.7 633.8 629.7 668 862.1 883.3 1030.1 1084.4 1012.3 1092.4 1272.6 1406 1433.8 1528.8 1643.7 1612.9 1821.7 1618.7 1573.3 1637.6 1584.9 1593.1 1611.3 1778.7 2008 1943.6 2077.2 2000.7 2013.7 1961.2 1662.9 1552.9 1334.5 1380.4 1334.9 1406.9 1461.3 1337 1324.9 1365.8 1076.3 1397.3 1157.3 1206.2 1157.8 1006.5 1211.3 1252.7 1356.1 -9999 -9999 -9999 -9999 -9999 -9999 -9999 -9999 -9999 -9999 -9999 -9999 -9999 -9999 -9999 -9999 -9999 -9999 -9999 -9999 -9999 -9999 -9999 -9999
488.4 497.5 524.6 518.4 575.1 640.6 822.7 904.5 856.9 833.8 886 907.4 1004.4 1158.4 1264.5 1352.6 1491.4 1426.6 1463.9 1467.4 1493.2 1468.8 1701.1 1684 1758.8 1478.7 1968.3 2005.4 2004.5 1978.5 1737.4 1839.4 1880.6 1721.8 1354.4 1319.9 1339.8 1420.7 1459.5 1401.8 1349.9 1342.6 1269.3 1143.7 1316.6 1441.3 1465.3 1436.3 1271.7 1233.5 -9999 -9999 -9999 -9999 -9999 -9999 -9999 -9999 -9999 -9999 -9999 -9999 -9999 -9999 -9999 -9999 -9999 -9999 -9999 -9999 -9999 -9999 -9999 -9999 -9999 -9999
545.6 551.7 585.4 558.5 637.2 739 850.7 781.4 799.4 955.8 875.2 1025.2 1095.5 1179.6 1221.5 1416 1488.5 1422.9 1373.8 1619.1 1549.2 1674.4 1574.6 1818.1 1922.4 1672.5 1610.4 1688.8 1654.5 1716.7 1502.4 1757.1 1538.5 1368.1 1399.8 1355.1 1763.3 1350.1 1329.8 1196.2 1051.7 1292.5 1283.6 1303.4 1367.4 1415 1349.4 1336.2 1226.9 1382.3 -9999 -9999 -9999 -9999 -9999 -9999 -9999 -9999 -9999 -9999 -9999 -9999 -9999 -9999 -9999 -9999 -9999 -9999 -9999 -9999 -9999 -9999 -9999 -9999 -9999 -9999
540.2 1154.1 592.3 572.5 688.7 723.4 748.2 829.4 953 1142.2 991.1 1190.4 1238.6 1319.2 1256.5 1267.2 1285.3 1290 1475.5 1738.2 1754.5 1760.7 1710.5 1807 1957.3 1838.9 1700.3 1778.9 1629 1665.9 1689.6 1578.3 1573.9 1521.3 1616.3 1381.4 1486.7 1416.8 1310.7 1270.3 1311.8 1356.8 1487.3 1545.5 1499.7 1570.3 1385 1239.4 -9999 -9999 -9999 -9999 -9999 -9999 -9999 -9999 -9999 -9999 -9999 -9999 -9999 -9999 -9999 -9999 -9999 -9999 -9999 -9999 -9999 -9999 -9999 -9999 -9999 -9999 -9999 -9999
