datasets/global_precipitation_1950_2017/rasters/precip_1979-total.asc
NCOLS 720 
NROWS 347 
XLLCORNER -180 
YLLCORNER -90 
CELLSIZE 0.5 
NODATA_value -9999 
[rows 170 to 203 of 347, columns 228 to 303 of 720]
3001.7 3108 3509 3300.3 2370.7 2293.5 2471.3 2408.7 2312.3 2479.8 2651.4 2707.6 2572.9 2400.9 2252.8 2198.1 2184.1 2343.7 2339.4 2261 2222.3 2084.1 1739.4 1545.9 1590.6 1682.7 1861.7 2226.5 2085.9 2034.6 2257.9 2269.7 2097.2 -9999 2284.5 2241 2257.9 2111.3 2045.6 1911.1 1922.5 1676.4 1233.7 -9999 -9999 -9999 -9999 -9999 -9999 -9999 -9999 -9999 -9999 -9999 -9999 -9999 -9999 -9999 -9999 -9999 -9999 -9999 -9999 -9999 -9999 -9999 -9999 -9999 -9999 -9999 -9999 -9999 -9999 -9999 -9999 -9999
2866 3998.6 3889.1 3563.5 2840.1 2577 2620.1 2548 2569.6 2625.4 2687.6 2722.2 2493 2189.4 2144.1 2016 1992.6 2195 2320.2 2194.2 2301.9 2127.8 1983.8 1820.7 1803.4 1906.9 1963.8 2083.3 2182.4 2375.3 2353.5 2371.7 2195.5 2376.9 2138.6 2086.4 1974.5 1650 1791.5 1786.5 1537.4 783.7 1363 -9999 -9999 -9999 -9999 -9999 -9999 -9999 -9999 -9999 -9999 -9999 -9999 -9999 -9999 -9999 -9999 -9999 -9999 -9999 -9999 -9999 -9999 -9999 -9999 -9999 -9999 -9999 -9999 -9999 -9999 -9999 -9999 -9999
2600.8 3240.6 3197.1 2900.1 2416.2 2401.5 2596.5 2654.7 2517.3 2509.1 2751.5 2625.9 2358.7 2113.6 2005.3 1842.2 1934.2 2256.1 2204.5 2205.4 2203.8 2098.8 2221.2 1773.5 2237.6 2169 1985.1 1987.6 2132.8 2278.3 2239 2175 2321 2365.9 2253 1916 1716.9 1344.9 1465.2 1522.9 1462.5 1344.5 1441.1 -9999 1417 1199.2 1327.1 -9999 -9999 -9999 -9999 -9999 -9999 -9999 -9999 -9999 -9999 -9999 -9999 -9999 -9999 -9999 -9999 -9999 -9999 -9999 -9999 -9999 -9999 -9999 -9999 -9999 -9999 -9999 -9999 -9999
2318.1 2524.6 2392.4 2257.7 2065.5 2222.6 2629.5 2689.6 2490.8 2196.4 2244.3 2396.9 2108.7 2085.9 1884 1617.9 1752.6 2096.4 2056.5 2070.2 2055.8 2012.3 1978.8 1915.9 2049.1 2046.8 1892.9 1687.7 1998.8 2132.9 2023.9 2004.2 2182.8 2325.7 2328.5 1674.3 1320.6 1141.9 1292 1458.1 1543.1 1495.4 1190 1134 1499 1115.2 1005 1146.4 768.4 678.8 693.8 563.3 554 734.6 -9999 -9999 -9999 -9999 -9999 -9999 -9999 -9999 -9999 -9999 -9999 -9999 -9999 -9999 -9999 -9999 -9999 -9999 -9999 -9999 -9999 -9999
2191 2293.5 2198.9 1996.6 1713.4 2024.2 2401.1 2664.3 2690.4 2598.8 2321.7 2236.8 2180.4 2232 1960.4 1806 1823.5 2201.6 2176.4 2073.6 2039.6 1993.6 1825.9 1891.1 2078.6 1991.7 1865.2 1876.8 1929.5 1994.3 1654.3 1610.1 2323.5 2360 2360.6 1768.4 1228.1 995.4 1123.7 1341.9 1478.4 1509.7 1255.5 1523.3 1524.5 1216.8 1096.3 1099.8 842.6 756.1 751.6 631 456.2 426.9 884.4 -9999 -9999 -9999 -9999 -9999 -9999 -9999 -9999 -9999 -9999 -9999 -9999 -9999 -9999 -9999 -9999 -9999 -9999 -9999 -9999 -9999
2433.4 2280.2 2080.4 1989.6 1909.8 2008.9 2277.5 2616.1 2712.6 2682 2464.3 2259.8 2131.7 2121.4 1939.3 1769.2 1940 2145.3 2178.1 2196.3 2126 2028 1896.9 1905.5 1917.7 1789.1 1707.1 1752.4 1790.7 1740.9 1611.8 1708.3 2234.5 2319.5 2134.7 1869.7 1622.7 1440.1 1370 1328.6 1337.2 1257.9 1685 1406.1 1283.6 1220.9 1211.9 966.4 680.3 515.6 837.3 670.8 477.7 570.8 813.5 535.9 -9999 -9999 -9999 -9999 -9999 -9999 -9999 -9999 -9999 -9999 -9999 -9999 -9999 -9999 -9999 -9999 -9999 -9999 -9999 -9999
2576.1 2312.9 2116 2183.4 2278.8 2324.7 2479.1 2706.5 2720.5 2680.4 2521.1 2337.5 2210.4 2179.1 2133.8 1994.5 2039.8 2042.7 2123.9 2175.1 2287 2157.9 1903.9 1995.3 1929.6 1745.9 1628.9 1645 1587 1551.6 1612 1728.3 1970.4 1762.6 1645.4 1849.3 1682.3 1471.1 1361.1 1415.3 1321.4 1432.5 1719.7 1406.5 1320.2 1487 1362.4 1044.6 885 676.3 616 642.2 462.1 466.3 413.5 534.6 506.9 -9999 -9999 -9999 -9999 -9999 -9999 -9999 -9999 -9999 -9999 -9999 -9999 -9999 -9999 -9999 -9999 -9999 -9999 -9999
2592.7 2240.4 2040.4 2136.3 2382.3 2461.7 2531 2571.1 2598.1 2620 2557.7 2475.4 2515.9 2532.9 2575.8 2385.7 2105.2 1920.2 1878.1 2192.5 2411.8 2331.3 2227.5 2240 2088.6 1913.3 1885.8 1714.1 1604.7 1554.4 1560.1 1560.9 1492.4 1173.4 1302.2 1602.5 1459.5 1311.1 1230.1 1224.1 1155.6 1276.2 1378.2 1258.4 1143.3 1874.8 1489.2 1060.4 1188.3 835.4 706.8 424.9 526.8 552.4 544.6 586.7 573.9 409.7 340.9 176.9 419.5 -9999 -9999 -9999 -9999 -9999 -9999 -9999 -9999 -9999 -9999 -9999 -9999 -9999 -9999 -9999
2500.8 2222.7 1994.9 1834.7 2138.5 2457.9 2488.2 2477.2 2494.5 2701.4 2708.3 2795.6 2774.3 2783 2769.4 2608.3 2356.1 2092 2022.5 2182 2332.8 2370.2 2355.4 2337.5 2139.6 1944.7 1846 1776.5 1756.6 1725.9 1711.1 1546.5 1384.4 1284.2 1394 1751.1 1411.5 1372 1205.5 1148.4 1149.8 1108.4 1058.5 1203.3 1167 1235.7 1392.8 1141.3 1196.7 647.2 612 435.4 672 817.8 571.8 660.7 572 514.5 335.8 285 488.7 845.6 -9999 -9999 -9999 -9999 -9999 -9999 -9999 -9999 -9999 -9999 -9999 -9999 -9999 -9999
2524.9 2322.3 2299.3 1846.2 2005 2327.6 2540.1 2567.5 2588.7 2689.5 2739.2 2833.8 2797.1 2833.7 2866.4 2783.5 2578.2 2508.4 2307.6 2255.3 2329.2 2329.4 2261.5 2226.6 2103.7 1919.4 1763.5 1806.4 1814.1 1810.5 1809.8 1644.9 1480.4 1412 1413 1680.6 1632.4 1464.9 1442.9 1336.1 1169.2 1003.3 1345.8 1109.2 1110.9 1271 1307.6 1063.6 963 588.7 685.3 529.5 711.2 716.7 578.2 637.3 618.8 427.9 496.6 512.2 309.3 943.1 -9999 -9999 -9999 -9999 -9999 -9999 -9999 -9999 -9999 -9999 -9999 -9999 -9999 -9999
2051 1859.7 1747.4 1906 2037.4 2357.7 2806.8 2949.6 3061.7 2829 2715.4 2634.6 2599.9 2855.6 2909 2967.3 2981 2959.9 2764.2 2413.5 2323.7 2255.2 2064.5 2116.3 2089.5 1972.5 1915.5 1881.6 1707.6 1904 1868.5 1927.8 1894.2 1699.8 1590.5 1780.5 1876.4 1597.8 1519.1 1186.3 1173.2 1206.7 1271.8 1072 1081.3 914.4 1061.5 864.9 810.1 667.9 650.4 529.2 623.9 653 839.5 927.4 861.1 650.9 440.1 370.9 840.7 625.3 -9999 -9999 -9999 -9999 -9999 -9999 -9999 -9999 -9999 -9999 -9999 -9999 -9999 -9999
2029.6 1419.2 918 2353.8 2193.1 2389.5 3000.3 3210.4 3193.6 2899.6 2734.9 2612.3 2147.8 2749.1 2945.3 3046.2 3174.3 3174.3 2859.4 2369.2 2100.8 1947.7 1739.4 1902.7 1982 2064.2 2171.4 1979.6 1827.7 1790.1 1635.4 1897.4 2145.3 2058 1781.6 1844.3 1795.3 1631.7 1562.4 1327.1 1278.9 1209.3 1098.8 1005 1220.1 986.8 909.8 949 895.3 616.6 562.8 661.3 894.3 1168.1 1038.1 1121.6 1034.6 529.2 349.4 288.6 822.4 726.1 -9999 -9999 -9999 -9999 -9999 -9999 -9999 -9999 -9999 -9999 -9999 -9999 -9999 -9999
2232 1648.3 2051.5 2070.2 2175.5 2430.3 2971.8 3366.1 3692.4 2696.3 2682 2527.1 2434.9 2717.8 2962.3 3097.7 3178 3096 2737.2 2236.2 1951 1820.5 1784.7 1789.4 1858.2 2030.1 2172.2 2008.6 1899.7 1770.5 1740.3 1941.8 2147.1 2226.1 2381.5 2082.8 1890.5 1949 1601.8 1439.8 1293.5 1186.9 1206.4 1052.8 1151.5 1156 824.3 673.9 636.1 630.2 741.1 760.8 714.9 1135.3 868.8 870.2 657.1 461.2 448.4 261.7 613 1026.6 -9999 -9999 -9999 -9999 -9999 -9999 -9999 -9999 -9999 -9999 -9999 -9999 -9999 -9999
2248.1 1912.1 1934.6 2040.5 2239.1 2421.3 2818.1 3106.9 3110 2780.3 2734.1 2569.9 2468.2 2641.1 2908 3025.9 2999.5 2860 2511.8 2193.5 2001.2 1901.8 1839.4 1688.2 1758.1 1914 2016.4 1979.4 1930.7 1854.9 1862.4 2004 2110.4 2087.3 2255.2 2190.4 1963.3 1791.8 1481 1310.8 1355.4 1206.4 1162.6 1146.6 1161.7 1338.9 782.6 629 582.3 577.7 608.8 515.4 491.8 674.2 753.2 643 515.7 428.4 512.3 433.6 411 1564.5 -9999 -9999 -9999 -9999 -9999 -9999 -9999 -9999 -9999 -9999 -9999 -9999 -9999 -9999
2060.6 1861.3 2001.5 2112 2190.6 2373.7 2695 3056.3 2956.5 2806.7 2676.7 2465.5 2274.3 2251.4 2478 2673.6 2700.5 2521 2351.8 2226.4 2116.9 2051.8 1901.9 1638.4 1754.7 1976.6 2036.7 1994.8 1935 1882.4 1957.5 2126 2239 2171.2 2183.1 1864.8 1931.9 1637.4 1351 1511.2 1408.9 1064.6 1031.8 1043.7 702.8 926.2 629.9 642.2 617.5 656.6 472 550.6 454.2 546.2 495.3 444.6 368.2 604.1 587.4 624.6 1406.5 2009.9 -9999 -9999 -9999 -9999 -9999 -9999 -9999 -9999 -9999 -9999 -9999 -9999 -9999 -9999
1628.9 1651.1 2013.6 2155.2 2302.5 2542.4 2547.5 2757.2 2772.5 2600.2 2414.3 2247.3 2065.7 1941.4 1922.7 2074.4 2248.4 2258.9 2258.4 2258.7 2220 2217 2153.8 2027.9 2154 2362 2439.6 2157.6 1913.7 1871 2152.6 2333.2 2392.5 2464.9 2257.4 1992.2 2170.5 1761.5 1827.7 1375.5 1279.6 978 979.2 810.1 860 1046.4 828.1 942.9 723.4 557.7 437.7 421.9 515.2 609.1 454.6 423.3 925.8 746.2 641.9 1287.9 1822.2 -9999 -9999 -9999 -9999 -9999 -9999 -9999 -9999 -9999 -9999 -9999 -9999 -9999 -9999 -9999
1417.4 1431 1910.7 2016.2 2225.4 2362.1 2358.8 2358.3 2380.6 2271.9 2132.2 2089.3 1982.4 1856 1820.8 1915.5 2094.7 2199 2227.4 2269.3 2195.1 2203.4 2261.2 2379.9 2621.3 2759.5 2600.5 2143.9 1933.3 1991.8 2365.7 2520.8 2586 2792 2318.9 2118.6 1983.3 1788.8 1061.1 1039.7 1224.8 1233.7 1304.4 1107.2 917.8 864.5 912.8 795.4 527.6 640.3 382.8 309.6 469.1 546 502.6 611.3 531.2 542.5 792.5 1180.9 -9999 -9999 -9999 -9999 -9999 -9999 -9999 -9999 -9999 -9999 -9999 -9999 -9999 -9999 -9999 -9999
1633.7 1497.9 1548.3 1821.4 2040.6 2183.8 2265.3 2066.6 2041.4 1982 1973.4 2006.5 1951.7 1808.1 1753.9 1870.1 2142 2229.1 2185.7 2150.5 2067.3 2086.6 2168.4 2459.4 2930.1 2735.2 2309 1987.6 1853.7 1824.8 2005.9 2244.9 2337.5 2202.5 1988 1953 1980.3 1898 1370.9 1094.1 1233.8 1240.4 1106.2 1096.1 959 1089.1 788.4 712.2 715.5 499.5 392.3 566.7 383.3 517.3 526.1 813.3 567.5 740 759.9 -9999 -9999 -9999 -9999 -9999 -9999 -9999 -9999 -9999 -9999 -9999 -9999 -9999 -9999 -9999 -9999 -9999
1825.4 1264.1 1380.1 1550 1909.7 2014.7 2032.9 1930.5 1856.8 1871.3 1932.7 1976.8 1919.8 1814.9 1700.1 1824.5 2181 2209.8 2051.4 1950.5 1931.3 2021.8 2116.8 2309.2 2781.9 2470 2031 1876.5 1749.8 1742.2 1818 1903.9 2002.2 2031.9 1970.4 1826.1 2172.5 1913.2 1760.9 1435.4 1328.7 1329.9 1405 1430.9 1026.8 1265.6 683 752.3 612.3 579.6 554.1 774.2 403 430.6 566.7 639.5 1443.5 1309.2 -9999 -9999 -9999 -9999 -9999 -9999 -9999 -9999 -9999 -9999 -9999 -9999 -9999 -9999 -9999 -9999 -9999 -9999
1963.5 1502.6 1357.6 1364.7 1691.2 1913.3 1928.5 1873.4 1767.8 1781.2 2072.8 2124.2 1992.1 1819.1 1741.3 1782.5 1960.8 1950.1 1848.7 1691.7 1611.6 1823.1 2008.1 2099.2 2197.1 2044 1880.8 1717.6 1625 1676.5 1825.1 1797.5 1829 1998.3 1745.9 1719.5 1830 1681.9 1819.8 1773.7 1407 1348.9 1342.8 1211.6 921.3 898.4 921.4 847.8 567.4 746.1 719.7 633.8 527.6 584.6 598.3 509.1 1125.3 1578.8 -9999 -9999 -9999 -9999 -9999 -9999 -9999 -9999 -9999 -9999 -9999 -9999 -9999 -9999 -9999 -9999 -9999 -9999
1834.2 1620 1439.2 1374.8 1490.9 1725.8 1818.6 1829.3 1797.3 1933.9 2544.8 2277.1 2097.3 1881.3 1771 1795.4 1839.8 1848.3 1757.1 1535 1286.2 1639.9 1808.5 1733.1 1773.7 1802.5 1699.2 1566.3 1519.6 1594.4 1724.2 1670.4 1725.2 1409.1 1387.8 1489.8 1743.2 1542.8 1982.6 2101.8 1724.9 1457.9 1323.9 1243.2 1203.5 1184 1018.2 965.8 828.9 791.8 1221.5 816.9 717.4 503 583.8 706.7 957.9 -9999 -9999 -9999 -9999 -9999 -9999 -9999 -9999 -9999 -9999 -9999 -9999 -9999 -9999 -9999 -9999 -9999 -9999 -9999
1648.8 1542.1 1480.4 1466.5 1476 1538.2 1689.1 1803.7 1911.3 2041.5 2177.8 2144.4 2125.9 1984.6 1822 1779.6 1768.6 1727 1560.7 1415.6 1482.5 1531.9 1522.1 1480.1 1563.3 1605.5 1570.9 1559.1 1603.5 1519.6 1477.5 1562.8 1574.9 1551 1301.9 1437.6 1645.5 1696.8 2105 2190.9 1837.3 1424.4 1459 1260.4 1269.5 1207.4 948.2 965.6 1044.1 1069.7 868.7 892.1 566.5 641 920.7 873.1 -9999 -9999 -9999 -9999 -9999 -9999 -9999 -9999 -9999 -9999 -9999 -9999 -9999 -9999 -9999 -9999 -9999 -9999 -9999 -9999
1491.8 1524.9 1520.8 1582.8 1609.1 1603.1 1679.4 1826.3 1970.4 2036.2 2046 1971.6 2099.4 2052.7 1914.8 1768.8 1698 1634.7 1569.7 1585.8 1536.5 1599.2 1546.5 1495.1 1522.6 1537.7 1497.5 1497.4 1525.9 1559.9 1557.1 1572.1 1561.6 1614.7 1390.7 1426.6 1645.2 1734.5 1966.5 1830.6 1599.2 1411 1356.3 1310.8 1144.2 1020.7 832.9 1123.7 694.2 1176.4 619.2 623.2 516.6 879.4 -9999 1243.7 -9999 -9999 -9999 -9999 -9999 -9999 -9999 -9999 -9999 -9999 -9999 -9999 -9999 -9999 -9999 -9999 -9999 -9999 -9999 -9999
1394.5 1476.9 1540.1 1617.6 1630.1 1628.9 1651.6 1819.4 1992.2 2016.6 2002.1 2027.1 2113.3 2082 2016.5 1816 1784.7 1781.8 1791.8 1864.7 1877.6 1649.2 1583.4 1503.5 1556 1609.6 1628.2 1638.7 1636.3 1655.9 1649.9 1622.4 1654.8 1795.3 1663.2 1584 1685.4 1634.7 1756.2 1610.3 1560 1432.2 1409 1749.6 1272.4 1148.3 977.7 1129.2 1204.7 806.9 617.1 608.6 763.9 1562.1 -9999 -9999 -9999 -9999 -9999 -9999 -9999 -9999 -9999 -9999 -9999 -9999 -9999 -9999 -9999 -9999 -9999 -9999 -9999 -9999 -9999 -9999
1346.3 1306.4 1525.7 1604.4 1609.3 1633.8 1629.6 1657 1984.8 1892.2 1865.9 1870.8 1918.9 1959.6 1978.5 1898.1 1837.9 1811 1867.6 1968.8 1929 1766.2 1787.7 1585.8 1644.2 1709 1745.3 1761.1 1734.6 1707 1748.4 1655.7 1719.7 1805.3 2311.2 1934.7 1763.8 1673.2 1349 1445.3 1498.1 1370 1413.7 1210.8 1083.6 1553.6 1283.1 965.2 814.5 660.3 783.9 722.1 1711 1772.4 -9999 -9999 -9999 -9999 -9999 -9999 -9999 -9999 -9999 -9999 -9999 -9999 -9999 -9999 -9999 -9999 -9999 -9999 -9999 -9999 -9999 -9999
1474.1 1497.1 1679.6 1733.8 1737.3 1610.5 1510.8 1415.3 1363.7 1544.6 1588 1589.4 1616.6 1698.3 1877.1 1870.3 1787.2 1790.1 1843 1977.2 1735.9 1822.3 2072 2012.3 1878.4 1807 1770.1 1740.1 1673 1638.1 1665.7 1616.3 1798.6 1846 1970.2 1559 1627.2 1534.8 1467.4 1486.6 1461.5 1303.5 1128.1 1277.2 914.2 1212.9 1058.9 986 568.5 452.2 681.6 688.1 779.8 1445.5 -9999 -9999 -9999 -9999 -9999 -9999 -9999 -9999 -9999 -9999 -9999 -9999 -9999 -9999 -9999 -9999 -9999 -9999 -9999 -9999 -9999 -9999
1574.5 1540.7 2282.3 1838.6 1711.1 1517.1 1416 1311.3 1276.4 1347.4 1401.4 1419.8 1427.1 1583 1727.6 1802.6 1654.1 1731.5 1779.5 1673.5 1704.2 1916.2 2048.6 2059.3 2100.2 1864.1 1757.4 1729 1619.9 1548 1646.4 1756.3 2157.2 1937.7 1795.3 1686.6 1508.5 1570.7 1602.6 1497 1428.5 1532 1368.1 1190.6 985 992.8 1038.4 952.2 358.5 754.9 741.6 956.6 1123.4 1654.1 -9999 -9999 -9999 -9999 -9999 -9999 -9999 -9999 -9999 -9999 -9999 -9999 -9999 -9999 -9999 -9999 -9999 -9999 -9999 -9999 -9999 -9999
1424.4 1554.9 1612.6 1650.6 1546.8 1565.5 1400 1277.4 1239.6 1275 1348.5 1385.1 1430.5 1665.5 1735.3 2109.3 1563.1 1506.9 1678.8 2059.3 1813.4 1932.1 1804.9 1637.3 1884.8 1778.1 1677.9 1596.8 1568 1628.9 1507.1 1819.8 1722.3 1702 1706.4 1572.5 1557.4 2201.6 1806.3 1477.7 1432.4 1718.8 1500.2 1394.6 1155.2 1208.4 1285.3 1186.4 976.1 896 842.9 821.3 1046.3 1674.1 -9999 -9999 -9999 -9999 -9999 -9999 -9999 -9999 -9999 -9999 -9999 -9999 -9999 -9999 -9999 -9999 -9999 -9999 -9999 -9999 -9999 -9999
1917.6 2121.3 2196.8 1881.2 1357.3 1570 1342 1250 1189.2 1232.8 1278.6 1362.9 1484.8 1620.9 1679.2 1652.4 1567.7 1495.7 1620.9 1639.8 1645.7 1632.3 1632.8 1647.8 1951.3 1904.8 1716.2 1487.6 1418.9 1541.8 1355.9 1828.6 1790.7 1904.3 1824.7 1619.4 1620 1809.9 1664.8 1389.1 1597.5 1703.2 1595 1593.2 1436.5 1339.6 1563.9 1519.9 1242.7 1346.8 934 489.6 941.7 1287.4 -9999 -9999 -9999 -9999 -9999 -9999 -9999 -9999 -9999 -9999 -9999 -9999 -9999 -9999 -9999 -9999 -9999 -9999 -9999 -9999 -9999 -9999
2814.3 3154.5 3154.7 2727.4 1444.5 1214.9 1218.4 1275 1188.4 1231.9 1233.2 1299.2 1458.7 1623.7 1608.1 1524 1586 1430 1443.3 1568.6 1179.5 1454.3 1619 1707.7 2020.6 1958 1686.1 1493 1491 1567.8 1783.7 1826.2 1637.3 1922.9 1801.8 1639.3 1724.6 1519.3 1580.7 1563.9 1640.5 1664 1918.3 1727.6 1621.2 1000.9 1617.2 1556.4 1248.1 1173.4 984.4 823 1027.8 1489.4 -9999 -9999 -9999 -9999 -9999 -9999 -9999 -9999 -9999 -9999 -9999 -9999 -9999 -9999 -9999 -9999 -9999 -9999 -9999 -9999 -9999 -9999
2253.8 2805.8 3057.8 2350.9 1562.2 1188 1133.5 1168.2 1209.7 1236.4 1254.3 1282.3 1390.9 1573.4 1607.3 1573 1370.7 1188.4 1285.7 1423.2 1384.9 1483.3 1669.6 1555.6 1882.9 1851.9 1497 1576.8 1560.7 1533.1 1454 1455.9 1488 1591.6 1586.8 1609 1579.3 1808.7 1756.2 1536.9 1599.6 1444 1628.5 1459.8 1647.5 1539.2 1598.7 1402.8 1155 1105.1 1086.6 1073.9 1217.4 1456.5 -9999 -9999 -9999 -9999 -9999 -9999 -9999 -9999 -9999 -9999 -9999 -9999 -9999 -9999 -9999 -9999 -9999 -9999 -9999 -9999 -9999 -9999
1289.8 2981.4 2401.7 1762.1 1419.5 1077.5 1087.4 1159.3 1212 1249.7 1304.4 1352.2 1423 1498.9 1536.8 1493.8 1376 1218.4 1291.6 1226.4 1379.8 1488.7 1788.6 2051.2 1934.7 1890.6 1879.6 1842.5 1636.3 1578.5 1454.1 1449.7 1475.2 1636.6 1584.1 1569 1669 1966.7 2019.5 1485 1519.7 1452.4 1513.5 1609 1607.3 1691.9 1562.8 1407.8 1294.2 1281.6 966.4 1057.9 1054.4 1443.5 -9999 -9999 -9999 -9999 -9999 -9999 -9999 -9999 -9999 -9999 -9999 -9999 -9999 -9999 -9999 -9999 -9999 -9999 -9999 -9999 -9999 -9999
912.6 883.9 1123.4 938.3 1005.4 1226.4 1194.6 1242.3 1244.1 1331.2 1389.8 1448.7 1521.5 1531 1448.3 1343.9 1298.8 1181.7 1233.2 1213.5 1232.3 1452.1 1512.9 1482 1794.6 2060.9 1713 1810 1701.5 1606.5 1730.4 1392.2 1632.3 1713.6 1687.8 1649.2 1709.7 1909.8 1722.7 1495.3 1518.7 1595.5 1769.7 1730.3 1842.1 1536 1522.5 1595 1383 1331.3 1042.6 1082.4 1281.7 1647 -9999 -9999 -9999 -9999 -9999 -9999 -9999 -9999 -9999 -9999 -9999 -9999 -9999 -9999 -9999 -9999 -9999 -9999 -9999 -9999 -9999 -9999
683.4 666.3 701.1 636.1 716.1 1141.1 1259.6 1306.1 1333.1 1414.5 1459.9 1534.3 1547 1520.4 1408.4 1290.5 1222.7 1130.2 1186.7 1232.6 1343.2 1320.9 1340.2 1020.4 1615 2002.6 1899 1792 1718.1 1685.7 1696.1 1667 1728.5 1667 1628.7 1745.1 1717.5 1604.7 1735.8 1838.2 1775.1 1625.6 1720.9 1622.1 2091.9 1962.2 2063.5 1687.3 1458.5 1389.7 1319.1 1332 1317.3 -9999 -9999 -9999 -9999 -9999 -9999 -9999 -9999 -9999 -9999 -9999 -9999 -9999 -9999 -9999 -9999 -9999 -9999 -9999 -9999 -9999 -9999 -9999
