datasets/global_precipitation_1950_2017/rasters/precip_2005-total.asc
NCOLS 720 
NROWS 347 
XLLCORNER -180 
YLLCORNER -90 
CELLSIZE 0.5 
NODATA_value -9999 
[rows 102 to 135 of 347, columns 456 to 531 of 720]
311.7 308.9 330.6 368.9 335.8 293.7 216.2 175.8 286.7 577.3 449.2 168 62.5 69.8 60.5 49.5 48.2 60.3 83.2 103.4 128.1 151.7 165.3 164.3 155.4 146.2 146.1 166.6 180.9 185.7 200.1 218.7 238.7 262.8 283.2 303.6 350.1 409.9 399 373.3 369.5 409.8 450.4 447.8 428.9 408.2 416 405.2 352.2 394.6 425.1 471.9 604.1 788.9 955.4 1481.6 2763.9 2273.4 2090.1 1733.5 946.1 754.5 348 118.5 117.9 110.7 93 77.3 91.3 105.1 106.8 104 124.7 159.7 220.5 297.9
263.3 267.6 387.3 398 389 342.2 291.6 261.5 238.7 241.2 216.2 97.7 36.1 88.9 78 67.7 66.8 81.2 102.3 119.6 136.7 151.3 156.9 149.9 138.6 129.6 126.5 135.7 150.8 168.2 197.1 212.6 209.9 265.4 274.7 285.6 325.3 379.4 390.8 381.4 377.1 411 455.1 476.5 452.1 506.4 415.5 390.5 397 407.4 368 524.8 698.8 653.3 763.1 1111.9 1779.9 1649.1 1108 2078.8 769.9 745.6 738.8 740.7 539.1 412.3 197.6 93.9 124.9 134.3 114.6 95.9 110.4 168.3 294 434.9
193.1 187 278.9 343.5 396.3 447.4 481.9 374.5 190 84 135.1 99.6 74.1 72.9 68 69.3 81.5 100.3 114.8 131.2 143.9 155.7 147.2 133.2 123.2 120.4 118.3 115.5 127.2 151 186.1 209.3 203.1 232.9 272.7 284.6 313.8 336.8 347.8 353.4 359.8 376.2 376.4 433.4 434.5 425 398.4 360.4 323.5 334.6 355 408.1 502 517.6 590.1 656.1 826.2 1176.5 1097.2 1128.6 809.6 779.4 1476.9 1714.6 1631.6 1091.5 215.4 107.6 303.7 329.6 202.7 121.9 135.2 300.7 574.5 837.3
188.1 195.7 245.1 281.7 409.1 453.5 665.5 712.1 356.2 206.5 204.1 159.7 110 71.9 62.3 54.3 67.9 107.1 126.6 131.2 141.3 145.6 135.2 115 110.9 117.6 126.6 122.8 128.1 145.1 168.3 205.2 219 237.5 266.6 292.9 317.9 324.2 332.2 343.5 332.9 336.8 371.9 409.4 391.6 356.2 343.9 322.7 301.6 311.3 311.3 335.1 373.2 446.1 435.5 503.1 548.3 691.7 1446.2 1488.4 1750.8 1478.5 1562.8 1682.6 1496.5 828.6 166.5 204.8 442.7 700 673.3 356.7 336.1 806.3 1322.3 1660.8
147.5 168.3 219.4 318.9 386.5 357.1 486.7 566.6 442.1 360.7 334.1 315.8 223.8 98.1 68.9 55.9 58.1 88.8 135.7 131.5 133.4 138.2 124.4 105.6 102.8 105.5 111.4 120.3 130.6 142.4 162.6 191.9 202.1 202.7 226.2 261.4 284 311.2 308.6 333.1 309.1 301 379 449.8 390.6 319.2 321.7 302 276.8 284.8 263 275.6 275.6 317.5 317.6 354.6 435.6 559.1 964.1 1362.5 1966.7 877.3 1086.6 1099 1797 1185.7 118 302.3 616.7 739.7 768 638.9 956.4 1774 2051 2245.2
60.1 -9999 -9999 -9999 -9999 364 380.2 374.8 357.4 398.4 372.7 336.4 276.1 163.7 88 65.7 86.6 107.5 116.4 119.1 118.4 118.1 110.4 100.4 97.2 98.7 97.4 113.9 135.5 149.6 166.4 186.6 199.7 196.7 199.2 207.7 220.8 231.7 237.4 224.7 216 248.4 346.8 441.9 373.1 317.7 321 311.1 231.8 229.9 224.4 225.7 253.7 269.3 289.9 325.9 393.6 504.1 695.8 846.1 1089.8 1695.4 1064.4 1034.3 1729.7 1522.5 1069.3 629.5 696.9 795.1 688.5 475 424.6 1585.4 1990.2 2160
-9999 -9999 -9999 -9999 -9999 315.6 317.5 322.4 317.8 347.3 356.7 347.8 281.4 195.3 115.7 78.1 125.4 152.9 123.4 113.7 107.9 107.1 102.8 97.3 91.4 88.3 87.2 110.6 148.1 166.9 173.2 191.5 211.7 208.6 192 191.1 182.5 171.5 142.1 130 125.6 155.8 247.5 289.7 301.4 289.6 267.5 271.5 226 210.3 185.2 182.6 216.3 242.1 285.2 307.6 446 522.5 655.6 799.2 926.3 1000.6 1377.9 1457.2 1246.2 1223.5 1135.1 561.5 525.6 834.6 698.5 341.9 445.9 1160.1 1655.2 1824.6
25.3 -9999 -9999 -9999 -9999 -9999 271.8 298.6 294.4 302.7 306.9 296.2 264.9 202.6 151.4 122.5 135.1 144.1 128.1 118 107.8 104.5 101 96.5 96.2 104.1 109.1 125.8 157.9 175.5 169.6 188.4 211 204.1 188 198.4 186 150 102 99 76.4 80.8 114.6 167.7 197.7 260.6 210.4 194.2 194.1 191.8 181.8 183.8 206.4 232.9 261.1 314.2 387.1 557.9 661.2 749.7 797.6 892 1230.7 1283 1447.4 1491.9 1464.2 1411.2 1570 1538.6 991.4 176.3 1104.5 1223.1 913.1 803
9.2 -9999 -9999 -9999 -9999 -9999 -9999 277.8 288.2 290.2 265.3 250.9 238.7 204.2 170.1 152.1 157.3 158.1 147.4 130.1 115 107.7 104 99.6 104.8 126.2 163.3 143.5 143.2 149.3 157.7 177.3 193.5 191 203.3 236.1 241 230.3 145.9 104.9 121.5 59.6 68.8 102.9 122.6 161.9 168.8 175.4 193.2 197.7 187.1 184.1 213.3 258.1 294.3 350.7 438 542.9 627.1 650.8 720.4 828.1 1015.3 1178.1 1192 1208.1 1222.4 1275.5 1292.3 1258.5 1580 1746.8 2045.3 1624.4 859.7 773.6
18.2 20.5 -9999 -9999 -9999 -9999 -9999 -9999 244.7 240.2 221.9 198.3 184.3 173.2 167.2 177 191.8 193.2 180.3 152.3 127.7 110.5 102.3 103.8 111.6 119.9 131.1 127.9 120.4 128.4 156.8 186.8 197.9 187.6 207.4 233.6 220.5 267.9 184.8 98.3 76.7 54.8 58.5 89.3 132.2 155.8 174.5 178.6 182.9 192.7 198.4 202.2 246.9 273.2 327.4 405.4 455 559.3 584.3 603 611.9 643 798.5 891.7 972.7 996.9 1041.5 1072.6 1449.2 1280.5 1599.3 1697.9 1892.1 1616.3 1212.4 1568.3
30.8 33.5 56.9 -9999 -9999 -9999 -9999 -9999 -9999 -9999 145 134.8 133.4 145 158.9 182.2 218.3 218.7 198.1 171.6 146 120.2 105.6 107 116.6 107.7 121.6 122.9 107.9 129.4 165.9 191.7 197.3 170.4 184.2 199.4 170.7 150.8 121.2 75.5 53.2 52.3 54.2 83.2 135 185.7 204.6 190.6 177.2 178.9 208.3 229.9 258.2 278.2 349.9 397.3 461.9 498.8 519.3 518.6 573 610.6 675.8 768.3 917.7 851.2 894 1037.3 1067.2 1229.8 1458.2 1393.2 1365 1057.6 1481.8 1469.9
51.8 48.6 51.4 62.8 -9999 -9999 -9999 -9999 -9999 -9999 -9999 104.4 110 141 -9999 153.1 -9999 -9999 174.2 161.9 153.8 136.6 111.3 106 112.9 120.7 133.4 149.7 154.4 163 167.7 152.7 117 132.1 154.1 174.7 158.3 118.4 71.3 54.5 49.8 44 50.7 75.3 145.9 215.6 225 209.4 197 202.6 267.3 297.5 319.3 309.5 338.6 398.4 449.3 459 514.5 576.4 609.8 611.1 647.7 724.4 779.1 788.4 860.9 969.5 968.2 1081.3 1144.5 1201.2 1120.5 1005.4 1020.5 867.9
89.2 67.4 52.7 63 -9999 -9999 -9999 -9999 -9999 -9999 -9999 -9999 -9999 -9999 -9999 -9999 -9999 -9999 142.3 150.7 152.7 136.8 116.1 100.5 101.3 118.6 148.4 187.1 202.1 192.7 182.1 154.7 137.1 132.4 142.4 160.6 149.9 103.9 52.4 39.2 45.1 46 68.8 94.8 157.2 212.8 225.8 226.3 225.4 256.5 327 363 379.5 391.7 416.1 471.8 530.9 565.8 518.5 567.3 630 637.4 680 726.7 740.3 794.3 793 827.9 875.9 850.1 944 956.8 874.8 844.1 758.1 878.6
125.9 83.9 59.4 66.1 -9999 -9999 68.2 -9999 -9999 -9999 -9999 -9999 -9999 -9999 -9999 -9999 79.6 -9999 -9999 144.3 149.8 129.8 107 90.9 80.5 103.9 161.3 213.2 215.4 197.7 180.6 165.5 154.1 147.6 133.3 116.3 93.3 66.6 60 46.7 44.3 37.1 78.8 93.5 141.1 205.2 239.6 259.4 273.4 339 430.3 412.8 445.9 532.1 436.8 503.4 561.3 572.1 535.5 574.4 634 654.6 759.9 742.7 775.3 858.7 880.8 820.2 727.3 796.9 852.1 849.2 819.5 768.1 737.4 772.4
145.3 99.8 63.8 57.3 65.2 -9999 61.5 -9999 -9999 -9999 -9999 -9999 -9999 -9999 -9999 136.5 49 -9999 -9999 -9999 -9999 -9999 -9999 -9999 -9999 -9999 182.5 263.1 201.9 -9999 167.8 -9999 -9999 -9999 -9999 -9999 -9999 54.3 88.9 63.5 50.8 64.6 95.1 94.6 156.6 212.2 289.5 376.7 472.2 522 632.9 614.7 569.6 678.5 597 524.6 544.1 550.4 553.5 578.5 719.7 713.1 846.2 851.6 946.6 893.7 942.9 895.1 777.7 771.2 831.5 848 827.6 740.6 531.1 868.8
147.1 114.2 80.5 65.9 63.7 63.5 59 -9999 -9999 -9999 -9999 -9999 -9999 57.1 73.2 102.3 65 -9999 -9999 -9999 -9999 -9999 -9999 -9999 -9999 -9999 -9999 -9999 -9999 -9999 -9999 -9999 -9999 -9999 -9999 -9999 -9999 -9999 -9999 58.9 72.3 96.5 113 130.4 192.9 322.5 516.9 596.9 846.7 1321.9 940.5 912.2 890.4 856.9 737.2 624.6 648.4 643.4 739.4 666 812.1 959.1 1115.7 1198.1 1285.5 1149.7 1112.7 1021.8 911.4 885.2 897.2 914.7 926.1 865.3 872.2 741.6
149.3 120.7 94.9 75.8 67 61.7 57.5 49.8 -9999 -9999 -9999 -9999 -9999 65.1 73.6 104.6 84.7 69.4 -9999 -9999 -9999 -9999 -9999 -9999 -9999 -9999 -9999 -9999 -9999 -9999 -9999 -9999 -9999 -9999 -9999 -9999 -9999 -9999 -9999 75.4 105.3 139.4 151.4 190 293.5 409.6 695.5 876.2 1014.4 1264.1 1215.8 1016.6 996.5 879 729 746.6 724.2 813.8 831.3 837.5 1016.1 1183.7 1422.8 1413.5 1390.4 1307.3 1239.9 1246.7 1139.9 959.4 882.8 924.8 990.4 1002.5 964.6 951
147.8 125.3 103.4 83.1 68.9 60 55 49.1 43.2 49.4 73 82.6 82.5 82.3 87 78.1 63.9 71.1 84.3 73.1 -9999 -9999 -9999 -9999 -9999 -9999 -9999 -9999 -9999 -9999 -9999 -9999 -9999 -9999 -9999 -9999 -9999 -9999 -9999 -9999 163.8 168.1 235.6 267.6 379.1 511.7 781.7 979.9 1130.5 1229.8 1348 1132.4 1108.3 1000 747.5 775.5 799.3 905.7 960.2 1059.7 1257 1269.7 1394.4 1546.5 1652.3 1684.4 1474.8 1270.8 1350.3 1216.2 1039.6 1117.1 1118.5 1003.3 938.1 1065.6
147.7 130.9 110 88.6 71.8 59.2 53 47.5 43.9 52.5 69.2 83.3 84.9 90 87.1 70.3 72.4 104.5 207.2 133.1 85.5 91.8 -9999 -9999 -9999 -9999 -9999 -9999 -9999 -9999 -9999 -9999 -9999 -9999 -9999 -9999 -9999 -9999 -9999 -9999 -9999 317.3 284.4 177.9 407.5 578.6 785.8 973.1 1283.4 1320.6 1333 1307.5 1180.5 1053.8 819.9 789.7 911.3 1001 1065.9 1223.2 1335.8 1449.8 1536.7 1706.3 2142.9 1950.1 1512.2 1359.5 1385.4 1376.6 1211.5 1244.6 1262.9 1097.8 1037.8 995.1
154.2 134.6 114.3 92.7 71.6 57.9 50.5 45.5 45.9 52.7 66.9 81.4 86.3 92 81.9 75.4 87.4 99.4 110.2 121.7 153 122.8 143 -9999 -9999 -9999 -9999 -9999 -9999 -9999 -9999 -9999 -9999 -9999 -9999 -9999 -9999 -9999 -9999 -9999 -9999 -9999 -9999 -9999 -9999 724.5 810.4 945.8 1385.7 1279 1315.6 1442.6 1092.8 1000.2 874.3 804.2 937.8 1006.6 1212.6 1236.8 1467 1571.8 1570.5 1776.8 1999.4 1924.8 1598 1323 1327.9 1488.9 1423.3 1382.6 1383 1269.9 1179 1134.4
163.3 141.4 121 98.7 75.2 56.7 48.9 45.5 47.4 54.8 74 87.8 90.7 89.4 73 85.9 85.9 88.6 50.3 67.2 90.3 109.6 132.8 199.4 -9999 -9999 -9999 -9999 -9999 -9999 -9999 -9999 -9999 -9999 -9999 -9999 -9999 -9999 -9999 -9999 -9999 -9999 482.9 578.7 639.4 820.2 869.4 962.1 1151.8 1334.4 1507.2 1432.8 1288.1 922 792.7 874.9 865.6 1034.1 1223.9 1250.6 1726.2 1827.7 1466.2 1786.1 1943.8 1883.2 1422.1 1315.8 1360.7 1497.5 1424.5 1448.8 1444.1 1418.1 1384.4 1337.7
173.1 151.7 130.7 106.1 78.7 56.5 50.4 46.7 46.9 58 78.8 92.7 94.7 80.7 76.4 91.8 80 67 49.3 50.9 67.3 91.8 148.9 -9999 -9999 -9999 -9999 -9999 -9999 -9999 -9999 -9999 -9999 -9999 -9999 -9999 -9999 -9999 -9999 -9999 -9999 -9999 -9999 641.6 707.2 809.4 829.4 1024 -9999 1496.6 1723.4 1579.4 1260.7 1096.2 808 833.6 838.3 1109.8 1304.1 1152 1125.6 1247.3 1415.5 1602.6 1861.5 1668.9 1376.8 1423.6 1417.2 1472.9 1555.3 1557.8 1536.5 1607.6 1623.4 1639.5
179.9 162.7 140.7 114.9 83.7 60.8 58.2 61.1 67 82.9 99.6 102.7 97.9 76.3 72.3 49.5 32.7 33.9 37 38.8 49 63.9 -9999 -9999 -9999 -9999 -9999 -9999 -9999 -9999 -9999 -9999 -9999 -9999 -9999 -9999 -9999 -9999 -9999 -9999 -9999 -9999 -9999 -9999 673 725.3 762 1038.5 -9999 1800.4 2114.9 1862.3 1201.2 966.6 994.2 905.4 909.5 949 1026.7 967.3 1110 1219.5 1399.9 1579.1 1700.5 1513.6 1438.7 1408.3 1533 1543 1466.1 1576.6 1618.2 1617.7 1816.4 1803.7
183.4 170.2 146.5 114.1 86.9 71.9 71.4 73.9 75.9 78.8 77 68.2 55.5 40.9 30.4 23.7 24 26.9 31 34.9 38 -9999 -9999 -9999 -9999 -9999 -9999 -9999 -9999 -9999 -9999 -9999 -9999 -9999 -9999 -9999 -9999 -9999 -9999 -9999 -9999 -9999 -9999 -9999 -9999 625 -9999 -9999 -9999 -9999 2589.6 2382.5 1124.4 1045.5 1081.6 1054.5 942.4 899.9 872.6 949.1 1096.5 1271.5 1452.1 1592.5 1675.4 1602.5 1522.5 1432.3 1603.2 1498.4 1474.8 1636.3 1662.6 1738.1 1799.6 2050.1
180.4 170.9 153 127.4 97.2 79.7 79.7 82.1 79.3 77.6 75.9 70.6 63 50.5 29 11.5 20.4 25.9 31.2 40.4 -9999 -9999 -9999 -9999 -9999 -9999 -9999 -9999 -9999 -9999 -9999 -9999 -9999 -9999 -9999 -9999 -9999 -9999 -9999 -9999 -9999 -9999 -9999 -9999 -9999 -9999 -9999 -9999 -9999 2243.4 2794.8 1637.1 1190.9 1088.4 1165.5 1091 1015.8 1029.3 1003.7 1050.4 1176.6 1301.8 1401.5 1560.7 1882.3 1790.2 1607.4 1542.5 1478.5 1301.1 1457.6 1788.7 1790.5 1881.8 2055.1 2328
169.2 158.1 146.7 122.4 95.8 87.8 86.3 87.7 84.4 83.4 82.7 80.6 77.2 70.1 56.6 35.8 26.3 32 44.6 -9999 -9999 -9999 -9999 -9999 -9999 -9999 -9999 -9999 -9999 -9999 -9999 -9999 -9999 -9999 -9999 -9999 -9999 -9999 -9999 -9999 -9999 -9999 -9999 -9999 -9999 -9999 -9999 -9999 -9999 2516.6 3162 2369.2 1073.4 1045.9 1068.8 1044.9 1052.1 1071.9 1069.3 1080.8 1214.5 1268.6 1361.4 1579.3 1617.2 1640.1 1569.1 1509.7 1429.6 1342.9 1427.2 1543.5 1711.7 1760.7 1809.2 -9999
147.9 143.4 130.1 112.6 99.9 91.1 88.7 89.2 88.2 86.4 86.1 85.1 84 78.5 71.3 60.3 50.5 53.9 71.6 -9999 -9999 -9999 -9999 -9999 -9999 -9999 -9999 -9999 -9999 -9999 -9999 -9999 -9999 -9999 -9999 -9999 -9999 -9999 -9999 -9999 -9999 -9999 -9999 -9999 -9999 -9999 -9999 -9999 -9999 -9999 3235.3 1479.2 1129.2 1084.1 1099.5 1109.9 1069.5 1103.1 1128.8 1185.1 1224.8 1208.3 1195.8 1489.3 1613.6 1633.1 1537.5 1501.5 1548.7 1611.6 1255.5 1420.6 1685.5 1558.1 -9999 -9999
122.3 120.9 113.7 103.9 97.1 94 92.1 91.3 90.5 87.4 86.5 86.1 83.2 82 79.4 74.7 73.3 80.1 -9999 -9999 -9999 -9999 -9999 -9999 -9999 -9999 -9999 -9999 -9999 -9999 -9999 -9999 -9999 -9999 -9999 -9999 -9999 -9999 -9999 -9999 -9999 -9999 -9999 -9999 -9999 -9999 -9999 -9999 -9999 -9999 4543.8 1674.3 1150.6 1118.6 1156.4 1126.2 1097.8 1138.1 1204.8 1388.9 1349 1210.5 1226.4 1331.9 1666 1679.4 1540.6 1525.6 1655 1618.4 1338.7 1397.1 1356.9 -9999 -9999 -9999
97.8 96.5 96.7 96.5 96.8 95.9 97.1 94 93.6 90.8 86.6 84.2 83.3 85.6 83.5 83.7 90.1 -9999 -9999 -9999 -9999 -9999 -9999 -9999 -9999 -9999 -9999 -9999 -9999 -9999 -9999 -9999 -9999 -9999 -9999 -9999 -9999 -9999 -9999 -9999 -9999 -9999 -9999 -9999 -9999 -9999 -9999 -9999 -9999 -9999 3756.4 1812.1 1121.7 1082.1 1117.2 1175.3 1193.2 1156.4 1291.4 1455.8 1367.7 1262.5 1187.5 1287.4 1473.2 1566.6 1514.5 1595 1495.2 1503.5 1162.3 1133 -9999 -9999 -9999 -9999
80.6 76.6 82.5 90.7 98.6 100.8 102.1 101.8 96 93.1 88.9 81.3 86.1 90.8 89 -9999 -9999 -9999 -9999 -9999 -9999 -9999 -9999 -9999 -9999 -9999 -9999 -9999 -9999 -9999 -9999 -9999 -9999 -9999 -9999 -9999 -9999 -9999 -9999 -9999 -9999 -9999 -9999 -9999 -9999 -9999 -9999 -9999 -9999 -9999 3979.5 2897.8 1222.3 1015.9 1079 1135.2 1121.8 1142.7 1217.1 1265.1 1243.1 1130.6 1144.1 1309.5 1255.3 1270.8 1382.7 1402.9 1255.2 1138.2 1007.5 -9999 -9999 -9999 -9999 -9999
57.6 57.9 75.4 87.5 98.6 104.7 106.5 105.4 102.4 95.9 91.9 101.7 124.6 91.3 92.3 -9999 -9999 -9999 -9999 -9999 -9999 -9999 -9999 -9999 -9999 -9999 -9999 -9999 -9999 -9999 -9999 -9999 -9999 -9999 -9999 -9999 -9999 -9999 -9999 -9999 -9999 -9999 -9999 -9999 -9999 -9999 -9999 -9999 -9999 -9999 3480.6 3315.5 1172.6 1012.2 977.7 1003.3 1014.3 1102.3 1156.2 1206.4 1187.7 1133.7 1071.2 1095.9 1163.8 1166 1219.5 1281.3 1174.8 -9999 -9999 -9999 -9999 -9999 -9999 -9999
39.6 49.3 69 86 102.8 111.1 113.1 111.9 108.1 99.5 93.9 -9999 -9999 -9999 -9999 -9999 -9999 -9999 -9999 -9999 -9999 -9999 -9999 -9999 -9999 -9999 -9999 -9999 -9999 -9999 -9999 -9999 -9999 -9999 -9999 -9999 -9999 -9999 -9999 -9999 -9999 -9999 -9999 -9999 -9999 -9999 -9999 -9999 -9999 -9999 -9999 4185.3 1389.6 978.4 935.9 921 945.8 1054.1 1091.5 1185.8 1133 1043 1014.2 981.9 1041.2 1093.2 1088.5 1243.5 1243.8 -9999 -9999 -9999 -9999 -9999 -9999 -9999
34 41.4 54.7 84.5 109.8 121.4 124.4 124.1 118.6 -9999 -9999 -9999 -9999 -9999 -9999 -9999 -9999 -9999 -9999 -9999 -9999 -9999 -9999 -9999 -9999 -9999 -9999 -9999 -9999 -9999 -9999 -9999 -9999 -9999 -9999 -9999 -9999 -9999 -9999 -9999 -9999 -9999 -9999 -9999 -9999 -9999 -9999 -9999 -9999 -9999 -9999 4245 1555.7 892.1 893.7 938 949.7 925.5 1004.3 1012.5 996.1 985 939.2 911.5 965.3 1082.7 -9999 -9999 -9999 -9999 -9999 -9999 -9999 -9999 -9999 -9999
32.4 33.6 41.7 77.6 115.5 138.4 142.7 137.3 -9999 -9999 -9999 -9999 -9999 -9999 -9999 -9999 -9999 -9999 -9999 -9999 -9999 -9999 -9999 -9999 -9999 -9999 -9999 -9999 -9999 -9999 -9999 -9999 -9999 -9999 -9999 -9999 -9999 -9999 -9999 -9999 -9999 -9999 -9999 -9999 -9999 -9999 -9999 -9999 -9999 -9999 -9999 3487.6 2576.4 1343.3 1011.4 1010.8 989.3 930.7 936 887.7 881.9 968.4 891 901 1019.1 -9999 -9999 -9999 -9999 -9999 -9999 -9999 -9999 -9999 -9999 -9999
