datasets/global_precipitation_1950_2017/rasters/precip_1957-total.asc
NCOLS 720 
NROWS 347 
XLLCORNER -180 
YLLCORNER -90 
CELLSIZE 0.5 
NODATA_value -9999 
[rows 306 to 339 of 347, columns 76 to 151 of 720]
-9999 -9999 -9999 -9999 -9999 -9999 -9999 -9999 -9999 -9999 -9999 -9999 -9999 -9999 -9999 -9999 -9999 -9999 -9999 -9999 -9999 -9999 -9999 -9999 -9999 -9999 -9999 -9999 -9999 -9999 -9999 -9999 -9999 -9999 -9999 -9999 -9999 -9999 -9999 -9999 -9999 -9999 -9999 -9999 -9999 -9999 -9999 -9999 -9999 -9999 -9999 -9999 -9999 -9999 -9999 -9999 -9999 -9999 -9999 -9999 -9999 -9999 -9999 -9999 -9999 -9999 -9999 -9999 -9999 -9999 -9999 -9999 -9999 -9999 -9999 -9999
-9999 -9999 -9999 -9999 -9999 -9999 -9999 -9999 -9999 -9999 -9999 -9999 -9999 -9999 -9999 -9999 -9999 -9999 -9999 -9999 -9999 -9999 -9999 -9999 -9999 -9999 -9999 -9999 -9999 -9999 -9999 -9999 -9999 -9999 -9999 -9999 -9999 -9999 -9999 -9999 -9999 -9999 -9999 -9999 -9999 -9999 -9999 -9999 -9999 -9999 -9999 -9999 -9999 -9999 -9999 -9999 -9999 -9999 -9999 -9999 -9999 -9999 -9999 -9999 -9999 -9999 -9999 -9999 -9999 -9999 -9999 -9999 -9999 -9999 -9999 -9999
-9999 -9999 -9999 -9999 -9999 -9999 -9999 -9999 -9999 -9999 -9999 -9999 -9999 -9999 -9999 -9999 -9999 -9999 -9999 -9999 -9999 -9999 -9999 -9999 -9999 -9999 -9999 -9999 -9999 -9999 -9999 -9999 -9999 -9999 -9999 -9999 -9999 -9999 -9999 -9999 -9999 -9999 -9999 -9999 -9999 -9999 -9999 -9999 -9999 -9999 -9999 -9999 -9999 -9999 -9999 -9999 -9999 -9999 -9999 -9999 -9999 -9999 -9999 -9999 -9999 -9999 -9999 -9999 -9999 -9999 -9999 -9999 -9999 -9999 -9999 -9999
-9999 -9999 -9999 -9999 -9999 -9999 -9999 -9999 -9999 -9999 -9999 -9999 -9999 -9999 -9999 -9999 -9999 -9999 -9999 -9999 -9999 -9999 -9999 -9999 -9999 -9999 -9999 -9999 -9999 -9999 -9999 -9999 -9999 -9999 -9999 -9999 -9999 -9999 -9999 -9999 -9999 -9999 -9999 -9999 -9999 -9999 -9999 -9999 -9999 -9999 -9999 -9999 -9999 -9999 -9999 -9999 -9999 -9999 -9999 -9999 -9999 -9999 -9999 -9999 -9999 -9999 -9999 -9999 -9999 -9999 -9999 -9999 -9999 -9999 -9999 -9999
-9999 -9999 -9999 -9999 -9999 -9999 -9999 -9999 -9999 -9999 -9999 -9999 -9999 -9999 -9999 -9999 -9999 -9999 -9999 -9999 -9999 -9999 -9999 -9999 -9999 -9999 -9999 -9999 -9999 -9999 -9999 -9999 -9999 -9999 -9999 -9999 -9999 -9999 -9999 -9999 -9999 -9999 -9999 -9999 -9999 -9999 -9999 -9999 -9999 -9999 -9999 -9999 -9999 -9999 -9999 -9999 -9999 -9999 -9999 -9999 -9999 -9999 -9999 -9999 -9999 -9999 -9999 -9999 -9999 -9999 -9999 -9999 -9999 -9999 -9999 -9999
-9999 -9999 -9999 -9999 -9999 -9999 -9999 -9999 -9999 -9999 -9999 -9999 -9999 -9999 -9999 -9999 -9999 -9999 -9999 -9999 -9999 -9999 -9999 -9999 -9999 -9999 -9999 -9999 -9999 -9999 -9999 -9999 -9999 -9999 -9999 -9999 -9999 -9999 -9999 -9999 -9999 -9999 -9999 -9999 -9999 -9999 -9999 -9999 -9999 -9999 -9999 -9999 -9999 -9999 -9999 -9999 -9999 -9999 -9999 -9999 -9999 -9999 -9999 -9999 -9999 -9999 -9999 -9999 -9999 -9999 -9999 -9999 -9999 -9999 -9999 -9999
-9999 -9999 -9999 -9999 -9999 -9999 -9999 -9999 -9999 -9999 -9999 -9999 -9999 -9999 -9999 -9999 -9999 -9999 -9999 -9999 -9999 -9999 -9999 -9999 -9999 -9999 -9999 -9999 -9999 -9999 -9999 -9999 -9999 -9999 -9999 -9999 -9999 -9999 -9999 -9999 -9999 -9999 -9999 -9999 -9999 -9999 -9999 -9999 -9999 -9999 -9999 -9999 -9999 -9999 -9999 -9999 -9999 -9999 -9999 -9999 -9999 -9999 -9999 -9999 -9999 -9999 -9999 -9999 -9999 -9999 -9999 -9999 -9999 -9999 -9999 -9999
-9999 -9999 -9999 -9999 -9999 -9999 -9999 -9999 -9999 -9999 -9999 -9999 -9999 -9999 -9999 -9999 -9999 -9999 -9999 -9999 -9999 -9999 -9999 -9999 -9999 -9999 -9999 -9999 -9999 -9999 -9999 -9999 -9999 -9999 -9999 -9999 -9999 -9999 -9999 -9999 -9999 -9999 -9999 -9999 -9999 -9999 -9999 -9999 -9999 -9999 -9999 -9999 -9999 -9999 -9999 -9999 -9999 -9999 -9999 -9999 -9999 -9999 -9999 -9999 -9999 -9999 -9999 -9999 -9999 -9999 -9999 -9999 -9999 -9999 -9999 -9999
-9999 -9999 -9999 -9999 -9999 -9999 -9999 -9999 -9999 -9999 -9999 -9999 -9999 -9999 -9999 -9999 -9999 -9999 -9999 -9999 -9999 -9999 -9999 -9999 -9999 -9999 -9999 -9999 -9999 -9999 -9999 531.5 533.2 -9999 -9999 -9999 -9999 -9999 553.5 559.2 -9999 -9999 -9999 -9999 -9999 -9999 -9999 -9999 -9999 -9999 -9999 -9999 -9999 -9999 -9999 -9999 -9999 -9999 -9999 -9999 -9999 -9999 -9999 -9999 -9999 -9999 -9999 -9999 -9999 -9999 -9999 -9999 -9999 -9999 -9999 -9999
-9999 -9999 -9999 -9999 -9999 -9999 -9999 -9999 -9999 -9999 -9999 -9999 -9999 -9999 -9999 -9999 -9999 -9999 -9999 -9999 -9999 -9999 -9999 -9999 -9999 -9999 -9999 -9999 -9999 -9999 -9999 -9999 -9999 -9999 -9999 544 547.7 -9999 559 565.1 571.6 577.5 583.7 -9999 -9999 -9999 -9999 -9999 -9999 -9999 -9999 -9999 -9999 -9999 656.1 658.5 -9999 -9999 -9999 -9999 670.5 672.5 -9999 -9999 -9999 -9999 -9999 -9999 -9999 -9999 -9999 -9999 -9999 -9999 -9999 -9999
-9999 -9999 -9999 -9999 -9999 -9999 -9999 -9999 -9999 -9999 -9999 518.2 518.8 519.4 519.7 520.7 -9999 -9999 -9999 -9999 -9999 -9999 -9999 -9999 -9999 -9999 -9999 -9999 529.4 529.7 530.9 -9999 -9999 536.4 539 542 545.2 548.9 554.2 561 565.6 570.5 575.4 580.3 586.9 595.6 604.9 614 619.2 623.1 626.9 630.6 634.6 642.2 647.5 653.4 659.2 664.4 -9999 -9999 -9999 673.5 676.1 680.5 -9999 -9999 -9999 -9999 -9999 -9999 -9999 -9999 -9999 -9999 -9999 -9999
-9999 -9999 -9999 -9999 517.1 517.1 517.8 518.2 518.4 519.2 519.7 520.1 520.4 520.8 521.5 521.8 521.7 521.7 521.4 521.7 522.5 523.5 524.3 524.7 523.5 523.4 522.4 520.7 519 518.4 518.7 520.1 520.9 523.1 524.5 525.6 527.5 530 531.2 536.7 539.9 543.7 547.6 551.3 557.2 565.9 574.4 583.5 593.1 581.8 591.1 599.8 610.2 615.3 621.3 629.5 637.5 645.1 652.4 638.3 645.5 -9999 663.9 666.7 669.6 672.2 677.9 -9999 -9999 -9999 -9999 -9999 -9999 701.3 701.4 699.1
517.5 518.2 518.6 518.6 519 519.1 519 519.5 519.3 519.5 519 519.2 519 519.5 519.4 518.4 516.8 516.6 516 514 511.6 508.7 508.7 505.7 503.8 503.2 495.7 497.7 493.6 489.6 486.2 485.4 485 485.1 484 484.3 484.6 485.2 486.7 490.1 491.5 498.1 500.6 504.2 507.6 512.8 519.9 527.8 536.1 542.7 547.1 554.7 562 565.7 569.9 575.4 584.3 593.4 602.5 608.3 611.9 615.5 618.7 622.5 628.7 633.2 643.6 650.7 658.2 661.9 662.4 662.7 662.9 660.9 661.6 661
517.1 517.5 516.9 516.7 516 515.5 514.2 512.9 511.6 510.1 510 509.6 509.3 508.1 506 502.6 498.5 494.4 489.8 486.4 483.8 476.1 477.7 471.6 465.6 460 455.2 452.2 444.3 442.9 437.7 433.9 430.4 428.7 426.6 426.1 425.5 425 425.8 427.5 429.1 431.6 434.1 437.6 441.4 445.4 449.9 455.1 461.5 468 474.8 482.4 490.1 494.9 499.7 504.5 508.8 517.7 526.7 533.2 537.9 541.8 548.4 557.6 555.9 569.5 572.7 581.2 589.3 594.2 595.2 595.7 595.5 594.4 595.7 599.2
504.3 505.3 505.5 499.8 498.6 498 498.2 495.5 489.7 489.5 485.5 482.5 478 472.8 468.4 464.7 460.1 454.7 447 441 436.7 429.4 423.7 418.2 412.6 406.4 400.2 394.3 389 383.9 378.4 374.7 371.3 369.1 366.6 362.8 361.8 360.5 358.9 359.3 358.9 359.1 363.4 364.1 366.8 371.1 374.9 377.8 385.1 386.5 392.3 398.2 404.7 411.3 417.6 423.8 429.9 436.1 441.5 448.2 456.2 464.1 472.3 480.4 486.8 491.6 495.9 499.6 503.1 508.1 515.5 522.7 529.4 510.5 512.6 535.3
473.2 474.4 472.5 464.1 465 462.7 458 453.3 448.3 443.8 438.9 433.9 428.3 420 415.5 408.7 401.3 395.8 390 383.6 377.4 371.1 364.7 358.6 352.3 347.1 340.8 336.8 332.5 330.6 325 316.9 313.8 312.4 310.5 303.2 302.3 301.7 298.5 297 297.6 298.8 300.5 302.3 301.4 301.4 303.6 304.7 306.3 310.2 315 320.7 326.4 332.3 337.3 341.8 347.5 353.9 360.1 365.3 370.9 376.7 381.2 387.1 392.9 399.1 404.5 408.7 412.7 415.7 420.6 425.7 431.3 436.4 439.4 440.5
429.6 426.6 423.4 419.2 414.5 409.8 404.1 398.6 393.8 387.8 382.4 376.3 370.3 364 358 351.1 345.1 339.6 332.6 330.6 323.2 317.9 312.1 309.1 305.7 295.6 291.3 286.8 282.6 279.5 274.5 270.3 268.4 266.2 263.5 260.2 258.3 255.8 253.9 251.6 247.9 250.1 245.6 241.6 249.1 249.6 248.9 246.7 248.4 249.7 253.1 257 261.2 265.1 268.7 271.7 274.6 278.1 282.4 287.3 289.6 294.7 299.7 304.8 309 312.3 315.8 319.7 324.4 328.6 332.9 336.5 339.7 343 345.9 348
378.7 374.8 370.7 366.6 362.1 356.1 348.9 341.3 333.1 329.6 325.2 321 317.3 313.8 311.3 305.6 301.3 296.1 291.3 286.5 281.6 276.8 272.4 267.6 265.8 260.6 258.1 253.8 250.3 247.4 242.9 237.9 232.8 233.7 229.6 224.7 218.1 215.4 214.7 210 208.4 202.3 201.1 199.3 197.1 194.7 196.3 194.2 195.4 196.6 198.2 198.8 201.4 203.2 203.6 204 208 207.5 211.5 215.1 220 223.5 229.1 233.6 237.4 240 243 245.5 254.5 257.6 254.8 261.9 263.7 265.4 267.8 270.8
320.5 317 313.6 310.2 306.5 303 299 290.9 282.8 280.2 277.8 275.2 272.8 270.7 266.1 259.3 266.7 254.7 253.1 251.2 249.1 247.6 245.5 241.9 237.9 234.2 230.6 226.7 226.4 222.9 219.8 215.6 210 210.2 203.7 199 195.3 191.6 187.4 182.4 179 173.9 169.8 169.2 163.2 160.6 157.9 154.6 155.3 153.6 151.8 150.5 149.1 147.6 146.8 148 149.7 152.2 154.8 157.6 159.5 161.7 169.2 168.3 173.3 178.4 181.6 184.3 193.1 197.4 193.6 197.3 200.8 204.5 206.9 211.3
269.3 266.2 263 259.9 257.2 254.5 252.2 250.1 245.8 245 243.3 241.5 240.2 238.6 234.9 229.5 224.2 219.3 219.6 218.7 217.7 216.7 215.6 214 213.1 211.5 210 208.3 206.8 206.4 203.5 200.3 198 195 190.8 187.8 184.1 180.2 175.8 171.9 166.3 161 155 149 143.8 137.1 131.9 126.7 123.3 120.2 117.6 114 112.2 112 110.4 111.2 111.4 111.8 112.6 114 113.4 117.5 119.9 125 129.1 128.1 135.1 137.6 140.6 145.1 146.6 150.8 154.4 157.7 160.6 162.6
241.8 237.5 233.7 230.4 227.2 224.7 222.5 219.9 218.3 214.4 215.8 214.6 213.7 212.8 211.6 208 203.8 200.1 196.5 198 197.1 196.6 196 195.8 195.3 194.6 194 193.2 192.5 191.5 192 191 189.3 188.1 186.7 184.9 183 180.4 177.5 174.1 170 164 156.1 145.2 132 121.2 111.6 105.9 101.9 99.7 98.1 97.3 96.1 95.8 95.2 95.1 93.5 93.5 94.3 93.9 93.9 94.4 95.1 96.4 97.6 99 100.6 104.7 105.8 110.2 112.7 116.4 119.2 122.1 124.5 127
224.1 219.7 215.9 212.7 209.7 206.9 204.6 201.9 200.2 197.1 192 188 190 189.3 188.6 187.9 187.3 184.8 182.2 183.8 184.5 184.3 184 183.5 183.2 183 182.6 182.1 181.7 181.1 180.8 179.7 178.3 177.1 176.1 174.7 173.3 171.2 169 165.4 161.1 155.4 147.2 136.3 123.4 113.2 105.5 99.6 96.7 94.6 93 92.3 91.2 90.6 90.3 89.9 89.4 89.2 89.1 88.9 87.9 87.7 88.2 88.1 88.7 88.5 88.2 88.7 89.8 90.9 92.2 94.7 95.3 98.2 100.3 102.9
207.9 204.2 200.6 197.4 194.6 191.6 189.2 186.9 184.7 181.9 177.9 174.3 170.6 167.6 178.7 175.4 172.6 170.2 167.6 168.6 169.6 169.4 168.7 168.4 167.9 166.9 165.9 165.1 163.9 162.9 161.7 160.6 159.5 158.3 156.5 154.5 152 149.7 146.4 142.8 138.7 133.9 129 123.6 118.4 113.6 109.2 105.7 102 98.7 95.8 93.9 92.3 90.9 89.7 88.7 87.7 87.3 86.3 86 85.7 85.3 85.2 85.6 86.2 86.7 86.8 87.2 87.6 87.9 88.5 89 85.6 87.2 88.1 90.9
191.2 187.9 184.6 180.5 176.7 173 169.5 166.5 163.6 160.7 158.3 159.5 156.5 152.5 150.8 153.9 153.2 152 151.1 147.4 148.5 147.4 146 144.9 145.9 145.5 144.8 144.3 143.5 142.6 141.8 140.6 139.7 138.2 136.2 134.3 132.5 130.3 127.9 125.4 122.7 119.5 116.6 113 110 107.4 105.6 102.8 100.4 98.3 95.7 93 91.6 90 88.7 87.4 86.2 85.2 84.3 83.5 82.8 82.4 82 81.8 81.8 81.6 81.8 82.2 82.5 83.1 83.6 84.7 85 85.3 85.7 86.5
166.3 163.3 160.3 157.2 154.6 152.3 150 147.9 145.8 144 142 139.7 137.7 136 134.2 132.3 130.9 129.8 131.2 129.6 129.8 128.9 128.5 127.6 126.6 125.2 127 125.9 123.4 122.5 121.5 122.4 121 119.3 117.8 116 116.1 112.6 111.1 109.8 107.8 106 104 102.1 100.5 98.9 97.4 95.4 94.2 92.5 91.2 89.3 88.1 86.1 84.8 83.7 82.7 81.4 80.7 79.9 79.2 78.3 78 77.3 76.7 76.1 76.3 75.8 75.6 75.8 75.5 75.9 76.4 77 77.7 77.1
142.6 140.2 137.4 135 132.5 130.5 128.6 126.6 125.3 123.5 122.1 120.7 119.5 116.7 115.7 114.9 113.9 112.9 111.9 111.9 111.4 110.3 108.8 111.7 108.7 108.4 107.5 106.8 106.8 106.4 104.5 103.8 102.9 101.8 100.7 99.8 98.1 97.8 96.2 94.7 93.8 92.6 91.7 90.4 89.6 88.5 87.5 86.8 85.5 84.4 83.4 82.7 81.7 80.1 78.9 78 77 76.5 75.5 74.8 74 73.4 72.7 72.2 71.6 70.9 70.4 69.8 69.7 69.6 72 71.3 70.6 69.7 73.3 69.2
123 120.9 118.9 116.8 115.3 113.6 111.8 110.4 109 107.7 106.7 105.3 104.2 102.8 101.6 100.7 99.7 98.6 97.8 97.6 97.1 95.9 94.5 96.6 95.1 92.5 91.7 91 90.6 89.5 89.4 88 87.4 86.9 85.8 85.1 83.9 84 82.7 81.6 81.1 80.3 79.8 79 78.7 77.6 77.6 76.9 75.9 75.1 74.6 73.7 72.9 72.6 71.9 71.3 70.7 70 69.3 68.9 68.4 68 67.4 66.6 66.3 65.7 65.3 64.7 64.6 64.2 64.1 63.9 63.3 62.5 63.2 61.4
106.7 104.6 103.3 101.6 100.1 98.4 96.8 95.7 94.3 93 92.1 90.8 89.7 88.7 87.6 86.5 85.5 84.4 83.6 82.2 83.1 81.9 81 81.9 80.9 78.8 77.8 77.5 76.9 76.2 75.2 74.5 73.8 73.4 72.5 72.1 71.5 71 70.6 70.3 70 69.1 68.7 68.5 67.9 67.5 67 66.9 66.3 65.7 65.4 64.8 64.2 64 63.5 62.8 62.6 62.2 61.8 61.5 61 60.4 60.3 59.9 59.3 59.1 58.7 58.4 58.1 57.8 57.1 56.7 56.2 56.6 55.3 55.3
89 85.1 84.3 82.7 81.1 82.9 79.2 78.5 77.6 77 75.6 74.8 74.3 73.7 73 72.3 71.5 70.9 70.1 68.8 69.2 68.7 68.1 68.6 67.8 65.9 65.4 64.6 64.2 63.5 62.8 62.2 61.5 61.3 60.9 60.3 60.1 59.6 59.6 59.2 58.9 58.5 58.3 57.9 57.6 57.4 57.2 56.7 56.5 56.2 55.9 55.6 55.1 55.1 54.9 54.5 54.3 53.9 53.5 53.3 53 52.8 52.2 52.1 51.9 51.7 51.3 51 50.8 50.5 50.3 49.7 49.7 49.4 49 48.6
73.1 70.6 69.5 68.3 67.1 65.8 64.6 64.4 63.6 62.6 61.7 59.8 58.9 59.3 58.7 58 56.8 56.6 56 55.5 56.5 56.6 56.1 55.7 55.1 54.3 53.5 53.3 53 52.3 51.5 51.1 50.9 50.7 50.1 49.7 49.4 49.2 49.1 48.9 48.2 48 47.9 47.7 47.6 47.4 47 46.8 46.7 46.3 46.1 45.9 45.7 45.5 45.5 45.2 45 44.7 44.5 44.4 44.2 44.1 43.8 43.7 43.6 43.4 43.3 43.2 43.2 43 42.7 42.5 42.4 42.3 42 41.8
58.9 57.7 56.4 55.5 54.3 53.5 53 52.7 51.7 51.2 50.3 49.9 48.2 47.8 47.4 47 46.1 45.9 45.4 44.9 45.6 45.5 45.1 44.9 44.2 43.8 43.4 43.1 42.8 42.4 42.1 41.9 41.6 41.2 41.1 40.6 40.5 40.1 39.9 39.7 39.3 39.1 39 38.6 38.2 38.2 38.1 37.9 38.1 37.6 37.6 37.4 37.6 37.2 37.2 37 37 36.9 36.7 36.6 36.4 36.4 36.2 36.2 36 36.7 36.4 36.4 36.3 36.2 36.1 36.1 35.7 35.6 35.9 35.7
49.1 48.1 47.2 46.4 45.6 45.1 44.8 44.3 43.7 43.2 42.9 42.2 41.2 40.7 40.4 40.2 39.7 39.1 38.8 38.4 39.2 38.6 38.6 38.5 37.8 37.5 36.8 36.7 36.6 36.2 36 35.9 35.5 35.3 35.1 34.9 34.8 34.7 34.6 34.4 34.3 34.1 34 33.7 33.6 33.5 33.2 33.1 33.1 32.8 32.6 32.6 32.4 32.4 32.2 32.2 32.1 32 31.8 31.8 31.9 31.7 31.6 31.4 31.3 31.3 31.2 31.1 31.1 30.9 31.2 31.1 30.7 30.7 30.8 30.6
41 40.5 40 39.5 39.3 38.4 38.2 37.8 37.6 37.1 36.8 36.2 35.8 35.1 34.8 34.6 34.4 33.8 33.6 33.3 33.4 33.1 33.1 32.9 32.7 32.5 32.2 32 31.7 31.5 31.7 31 30.7 30.7 30.8 30.6 30.4 30.4 30.1 30 29.8 29.8 29.5 29.5 29.5 29.3 29.1 28.7 28.6 28.6 28.5 28.4 28.3 28.3 28.1 28.1 28.1 28 28 27.7 27.7 27.7 27.5 27.5 27.4 27.4 27.3 27.2 27.1 27 27.1 26.9 26.8 26.8 26.8 26.6
34.7 34.3 34.1 33.6 33.1 32.9 32.7 32.3 32.3 31.9 31.6 31.5 31.3 30.5 30.4 30.2 29.7 29.5 29.2 29.1 28.8 29.3 29 28.7 28.5 28.2 28 27.8 27.6 27.5 27.5 27.3 27.1 26.9 26.6 26.5 26.3 26.3 25.9 25.9 25.8 25.6 25.4 25.2 25.2 25.1 25 24.9 24.7 24.6 24.6 24.6 24.7 24.6 24.4 24.4 24.2 24.1 24.1 24.1 23.9 23.8 23.8 23.9 23.8 23.8 23.7 23.6 23.6 23.8 23.6 23.5 23.5 23.3 23.4 23.4
