datasets/global_precipitation_1950_2017/rasters/precip_2007-total.asc
NCOLS 720 
NROWS 347 
XLLCORNER -180 
YLLCORNER -90 
CELLSIZE 0.5 
NODATA_value -9999 
[rows 68 to 101 of 347, columns 456 to 531 of 720]
207.3 192.2 186.4 178.8 176.1 168.4 156.7 153.7 164.2 177.3 195.4 214.9 245.2 271.1 274.1 279.8 285.5 297.9 297 274.1 244 235.2 226.5 218.3 204.8 188.1 174.8 166.5 162.1 161.3 162.8 167 171.7 182.5 195.3 207.2 226.3 265.1 283.3 277.2 277.6 296.6 318.5 348.5 428.5 580.7 663.4 623.1 511.1 431.3 415.7 403.4 385 452.5 595.9 858.2 626.9 433.3 288 264.2 246 237.7 247.5 255.8 269.7 278.6 275.6 303.2 347.7 386.4 412.9 428.4 438.3 443 463.2 472.1
189 177.8 170.4 169.3 163.2 148.7 136.3 137.2 150.4 159.2 172.5 186.9 212.3 232.3 239.9 242.3 232.9 256.1 258.7 241.9 233.5 236 229.4 217.5 195.9 177.3 170.7 162.1 160 161.2 166.2 173.2 178.8 188.7 200.3 213.7 256.2 328.9 331.7 258.3 242.8 267.7 287.6 312.3 407.4 646.7 938.6 1024.4 619.4 393.9 354.7 322.7 344.6 397.9 476.4 532.1 476.6 350.9 253.8 221.6 213.6 212.1 212.1 234.4 253.6 272.6 264.5 261.2 266.9 264.5 295.4 309.3 358.1 395.1 417.5 422.2
156.5 139.6 140.8 144.8 141.6 132.4 131.9 137.5 150.9 162.7 169.8 176 178 174.9 189.4 201.8 210.1 213.9 212.4 221.2 233.6 245.3 214.7 191.6 176.1 165.3 160.3 150.2 148.2 155.4 159.7 162 167.3 175.9 191.6 210.4 224.2 245.3 248.8 228.9 231.2 249.6 271.3 249 307.1 430.3 536 553.3 439.4 283 272 270.6 263.6 260.6 223.6 252.1 238.6 185.5 156.7 173.1 192.7 198.7 210.7 228.8 242.4 241.7 235.9 222.5 201.7 179.6 202.8 239.1 260 284.5 301.7 347.7
133.9 122.4 124.5 129.3 134.1 136.6 146.5 159.1 160.3 163.5 161 155.1 152.5 155.1 156.8 162.6 175.8 186.3 185.3 179.8 161.6 163.3 165.9 157.8 152.7 142.3 137.4 135.5 137.9 138.7 140.1 138.6 137.7 145.1 162.2 175 175.5 166.3 171.8 163.8 178.4 197.9 220.3 239.5 267.4 300.1 334.7 351 345.2 287.5 232.4 203.9 181.6 166.4 165.8 168.3 165.2 156.8 151.8 157.8 171.8 182 195.3 208.5 214.9 222.2 239.7 232.4 189.7 165.8 199.5 224.6 205.9 268.6 274.2 284.6
139.6 130.7 127.2 133.9 140.1 144.4 151.3 165.6 173.7 165.2 149.7 136.9 132 129.8 129.6 128.4 133.8 144.8 148.9 144 136.5 133 129.7 128.2 118.1 105.9 102.2 104.5 106.3 109.2 114.1 119.5 125.2 130.8 134.5 140 144.8 143.4 139 133.1 132.1 138.3 157.6 184 208.2 220.1 256.9 279.9 262.6 212.9 170 155.2 141.9 134.8 133.8 132.9 132.2 137.2 142.7 140.4 146.4 156.5 160.1 169.8 200.1 228.5 284.4 323.2 254.2 227.1 232.3 241.3 252.9 284.5 273.3 256.1
158.5 146.4 129.8 131.1 132.9 147.3 157.4 164.5 174.6 162.1 142.3 120.8 120.4 117.2 114.7 107.7 109.6 120.6 131.1 125.4 112.1 97.8 92.9 91.1 84.8 81.6 81.7 86.1 86.1 87.7 90.8 101.7 115.2 119.6 117.2 112.9 112.8 113.8 109.5 102.6 98.4 97 107.8 126.7 146.2 162.8 183.1 194.5 179.6 151.5 135.7 129.7 127 129.7 121.9 117.9 113.5 110.9 123.3 134.7 146.3 158.2 157.2 166.6 207.3 226.1 258.6 270.6 240.3 237.8 255.6 258.7 249.5 214.2 193.4 186.5
179.4 162.9 145.6 138.5 139.3 147.2 154.5 162.3 161.9 151.9 135 119.4 109.5 101.1 96.8 93.3 90.5 98.6 109.7 108.4 98.9 85.9 77.8 70.5 66.7 67.2 68.2 68.5 69.8 69.4 69 74.7 82.9 87.3 90.9 89.5 94.8 100.2 107.4 96.5 90.3 89.9 91.9 94.4 105.1 114.3 116.9 115.7 105.4 99.3 97.5 99.5 109 115.4 119.2 116.2 113.4 111.6 123.3 152.5 182.8 202.3 229 273.7 306.4 292 253 210.5 196.1 201.7 229.9 243 227.2 184.7 168.6 173.7
169.7 165.7 153.5 142.1 143 148 152.9 160.5 164.3 154.2 134.4 116.4 102.8 94 86.7 78.6 75.4 80 85.6 88.5 83.1 69.7 61.5 58.9 59.7 61.7 62.1 62.7 62.8 59.3 57.2 57.5 57.2 62.9 66.4 71 78.4 85.5 89.2 91.6 92.7 92.3 90.7 86 89.4 90.1 86.3 84.7 84.1 82.7 81.8 85.9 94.8 104.7 111.7 115.1 126.7 143.7 143.7 192.2 238.3 238.2 313.9 396.9 473.9 477.7 297.8 189.7 149.8 169.6 216 234.3 195.9 159.6 160.5 169.5
155.5 153.5 142.1 142.7 146.9 149 152.2 160.7 163.1 153.2 138.7 117.9 100.6 90.6 83.1 75.4 75.4 75.8 76.2 73.7 63.1 54.7 56.1 59.3 60.9 60.1 59.3 58.6 58 57.3 57.1 56 55.9 57.8 60.8 65.4 68.8 71.3 74.9 85.6 101.7 112.4 106.7 92.6 87.3 77.9 70 64.4 64.9 69.9 76.7 84 79.9 85.2 90.7 110.9 138.8 172.8 204.8 238.6 299.5 360 331.6 401.5 490.4 545.6 357.1 210.5 167 158.2 163.5 175.8 173.8 163.7 169.1 184.8
146.7 138.6 137.2 145.1 148.1 151.8 155 156.9 155.5 147.3 131.8 110.6 94 84.9 82.3 88.2 111 81.3 72.4 63.8 52.4 48.9 53.7 59.8 61.5 60.8 58.9 58.9 59 57.2 58.3 58.6 59.7 59.7 63.8 71.6 73.6 78.9 86.1 100.7 120.4 126.6 117.2 105.7 91.1 70.8 55.2 42.7 30.9 44.6 66.7 78.3 78.5 83.1 107.5 130.7 139.8 179.3 223.3 288.1 373.8 518.6 573.8 353.6 308.1 311.5 278.4 210.6 175.7 143.3 140.1 152.1 171.5 186.3 195.3 213.3
169.6 140.2 131.2 142.6 154.2 159.5 159.9 161.2 149.9 133 116.9 99.1 83.5 77.9 79.4 84.7 88.5 82.4 68.4 53.4 47.5 50.9 57.3 64.4 67.7 68 66.1 63.5 61.2 58.2 56.9 59.7 61.2 63.3 67.7 71.4 80.5 90.7 108.1 134 133.1 137.9 146.1 129.3 108.7 90.8 70.2 48.3 34.5 39.7 51.8 94.7 93 98.7 144.3 151.6 187.7 195.3 246 278.6 330.1 402.8 316.5 159.9 159.6 238.9 285.9 267.1 209.5 163.7 143.5 161.9 185 200.6 212.4 233.9
289.4 260.7 145.4 138.5 147.7 156 155.2 152.1 141.2 124.3 104.7 84.2 73.4 68.9 71.9 79.7 82.6 76.5 60 47.6 52.9 72.8 69.1 75.6 78.5 77.5 74.6 71.8 69.1 64.1 63.1 66.7 67.6 66.5 65.4 67.1 77 101.9 130.6 156.3 198.7 261.6 143.4 168.6 128.4 113.6 102.8 94 75.7 54.2 52.1 70.9 138.9 168.8 171.5 212 310.2 427.4 390.3 317.8 245.5 292.9 275.7 221.1 229.5 269.6 295.6 306.3 268.8 217.6 200.6 220.3 237.8 240.9 239.1 248.6
303.2 313.3 265.7 146.6 139.7 146.3 148.5 141.4 132.3 116.7 92.2 68 55.7 55.2 59.8 66.5 73.5 66.4 54.9 54.1 55.8 53.3 67.9 89.2 86.3 84.3 82.5 81.9 81.1 78.2 75.6 75.3 76.3 71.8 69 71.5 83 114 144.1 173.6 173.2 262.8 276.3 226.8 171.7 173.5 151.6 118.7 101.7 102.8 117 144.8 173 189.3 217.4 289.9 415.1 663.5 807.4 620.7 422.9 417.7 378.5 360.9 350.8 403.6 453.4 389.8 364.2 282.4 260.1 300.5 311.4 293.4 268.7 257.4
269.5 285.4 287.6 234.6 152.3 135.6 125.9 119.7 109.1 95 77.6 59.6 48.7 49.7 52.7 56.1 60 55.4 55.5 56.7 58.7 59.1 68.8 79.7 82.8 85.5 86.7 86.9 89.7 88.9 87.5 81.9 80.3 80.4 81 92.2 114.7 136.7 149.9 180.8 196.8 236.6 292.9 411.9 449.5 282.6 193.5 116 121.9 138.3 146.8 265.9 253.8 241.1 243.9 334 353.6 507.9 587.5 520.7 522.2 677.5 499.3 394.6 349.1 404.9 444.2 392.6 256.3 180.9 194 255.7 291.1 258.6 226.7 241.1
306 308.2 299.4 289.8 261.3 151.8 103.2 92.3 85 76.7 68.3 60.9 56.6 54.8 56.5 58.4 62.6 63.7 64.2 65 66.6 70.1 76.7 72.4 84.4 97 97.3 88.2 85.9 86.5 87.6 86.4 87.4 88 94.7 122.6 153.7 166.2 181.7 204.8 219.2 261.5 411 486.3 606.3 562.6 363.3 213.3 185.8 291.2 309.5 307.9 255.8 276.4 205.2 121.8 146.8 181.9 205.5 258.3 348.8 391.9 403.9 398.9 358.2 348.1 345.6 188.6 108.8 81 96.3 135 160.9 162.8 151.7 150.3
345.1 310.8 300.3 287.2 260.7 198.7 101.9 78.8 76.2 73.9 67.1 65.2 64.3 64.4 65.5 67.9 72.3 73.6 74.5 73.7 71.5 70.1 67.3 59.6 98.2 134.9 115.3 95.5 79.8 75 81.6 92.4 102.8 93 109 139.1 169.3 180.3 199.5 223.4 238.3 308 420.8 710.5 658.1 534.1 351.7 441.6 286.2 161 245.4 236.2 183 167.2 141.3 181.9 164.9 160.3 179.1 236.1 258.8 189.6 279.1 240.5 162.9 146.4 107.1 63.8 42.6 29.9 43.5 70.3 93.8 105.2 97.2 77.7
433 358.3 261.7 272.2 216.4 161.2 104.8 78.2 71 64.2 64.8 74 78.3 77.7 77.9 81.3 83.5 83.5 82.6 82 79.6 76.4 74.6 80.5 103 123.9 110.8 90 78.3 73.8 74.8 88.4 106.1 118.9 129.6 169.9 208.7 223.2 232.3 239.2 267.1 322.5 402.7 589.2 829.3 379.6 272.7 243.4 201.2 608.3 447.6 636.5 373.4 126.8 88.9 97.7 112.8 153.6 190.1 214.7 223.4 220.3 178 95.1 54.4 42.2 39.2 34.3 32.9 33.1 41.4 57.1 71.9 82.5 84.1 81.2
460.6 429.6 347.4 242.9 160.1 124.9 100.8 81.4 76.4 76.4 81.6 93.5 100.1 94.8 85.2 96.1 97.2 97.3 92.5 88.4 86.3 87.4 87.1 88.3 95 98.4 94.4 83.8 80.1 74.5 70.5 80.9 99 121.5 167.4 225.2 258.5 293.1 307.9 294.7 294.3 328.7 377.1 371.9 392.6 117.7 143 130.5 98.1 124.4 301.6 508.3 333.7 114.9 97.9 117 134.7 161.7 175.9 167.5 185.6 182.4 134.9 79.3 45.2 27.4 22 25.4 27.7 32.8 38.8 45.6 59 68.7 76 78.1
280.7 270.7 200.7 146.5 126.8 92.1 80.4 82 86 98.7 94.5 105.7 121.8 115.2 118.4 121.1 121.4 117 110.2 102.3 94.7 91.8 92.5 94.6 94.8 92.7 89.1 86.1 87.2 81.3 81.1 89.5 102.7 123.3 175.1 228.6 296.7 312.8 313 338.1 316.3 301.9 247.7 153.1 136.5 116.9 172.9 137.2 128.3 151.7 244.2 259.3 172.1 144.5 104.3 98.2 107.3 116.5 92 75.9 79 80 74.4 59.1 39 23.3 19 22.6 24.8 26.9 29.7 33.9 40.8 48.5 60.6 66.7
294.6 300.9 170 152.2 135.8 99.7 77.9 76.2 82.5 85.6 90.1 102.9 115.1 130.1 143.3 148.5 161.9 155.1 132.4 113.2 100 93.8 93.1 92.5 93.1 92.4 89.7 89.1 93.7 94.7 93.6 94.5 103.2 92.7 153.9 240.8 300.5 292 303.8 336 346.2 338 330.4 270.4 198.7 176.9 311.8 246.8 167.6 161.8 196.8 120.6 131.1 114.5 105.4 71.2 143.2 86.3 58.6 39.3 30.5 32.6 43.5 45 35.6 28.4 23.9 22.7 22 21.5 22.8 23.6 26.2 31.8 40 47
327 291.8 212.3 206.3 172.4 121 75.3 66.8 79.1 87.9 96 107.9 124.8 149.7 166.1 176.1 189.7 203.8 195.4 152.9 116.8 102.4 104.5 98.5 96.2 94 91.4 97.7 117.5 114.5 90.5 92.7 102.9 125.8 156.8 245.6 324.2 366.4 415.8 438.6 390.7 456.3 427.9 321.1 449.1 524.2 371.6 260.9 71.6 192.2 101.3 65.5 83.6 81 69 56.1 57.3 61.4 49.6 39.8 35.2 35.4 38.4 39.5 37.3 32.7 27.5 22.1 19.3 18.2 18.2 19.3 21.1 25 32.2 39.3
420.7 694.2 645.7 561.4 431.3 241.4 72.7 59.8 76.1 92.5 103.9 120.9 146.1 173.3 190.6 208.4 223.3 294.2 237 196.8 158.6 143.6 140.7 122.6 113.3 110.6 102.1 111.6 145 176.7 202.3 127.1 115.8 142.7 201.8 230.9 334.2 479.3 507.9 484.8 599 728.4 667.4 671.3 714.8 628.5 501.2 489.9 897 344.5 73.2 28.6 36.1 46.5 55.3 56.2 52.1 42.4 33.6 31 31.2 32 32.7 32.4 31.9 30 25.8 21 19.2 18.3 17.8 18.1 19.3 24.1 30 36.3
279.3 951 901.9 869.1 880.6 915.6 910.9 312.8 118.9 113.5 135.9 158.6 184.5 207.1 228.7 263.9 296.9 339.2 249 251.8 202.5 207.5 212.1 192.3 156.8 141 133.7 134.9 139.4 132.2 183 157.8 126.3 147.6 197.3 262.1 324.9 386.9 423.4 316.8 357.4 489 711.3 633.1 613 386.7 105.3 162.7 131 49.4 36 24.5 28.9 43.3 62.5 62.7 40.9 31.7 26.4 27.8 26.6 28.3 29.5 31 32.1 31 27.4 24.8 22.4 20.3 17.9 17.7 19.9 24.8 30.8 34.9
362.6 595.2 846.5 846 895 943.6 973.8 922.1 564.1 299 205 163 196.6 217.3 305.3 346.2 344.2 337.1 336.2 339.3 274.6 268.8 260.6 227.8 187.6 166.3 154.7 152.7 146.2 133.3 139.9 147.7 145.5 156.5 169.4 200.6 236.7 236 215.9 221.3 240 228.5 345.6 363.4 333.6 238 102.7 76.7 64.5 45.5 35.4 26.8 32.7 74.7 91.7 87.5 60 36.9 30.2 31.7 32.4 36.4 32.5 33.8 36.1 34.4 31.6 29.6 27.9 25 20.5 18.9 21.2 25.8 30.8 35.7
347.8 476.9 703.6 784.6 941.3 906 980.8 921.1 754.8 550.5 370.2 260.9 311.5 364.9 463.1 434.9 394.6 332.6 341.9 355.7 364.6 319.2 273.6 238.7 192.6 171.3 169.3 147.7 143.3 150.9 150.8 169.4 173.2 165.4 168.5 181.5 181.3 160 107.6 131.2 130.8 150.5 180.9 234.5 289 256.7 111.9 66 62.6 61.7 55.1 49.2 47.8 59.4 79.9 90.5 76.1 44.5 37.2 41.2 50.1 41.8 29 26.2 35.6 34.1 34.5 35.5 33.5 33.3 28.8 25.4 25 26.7 29.3 33.1
448.9 501.8 354.7 534.9 719.2 1093.1 966.6 923.1 777.6 696.3 615.6 479.5 459.3 385.7 420.3 491.5 480.2 311.4 290.9 305.8 314.1 296.4 273.2 248 218.3 191 166.9 152.9 154.2 174.1 194.7 209.8 212.5 193.5 176.9 175.2 169.2 153.7 157.1 135.5 141.8 201 171.7 188.1 245.2 184.7 92.5 77.3 93.4 85.6 83.8 88.9 92.7 85.8 73.1 79.5 95.7 73.5 53.1 50.4 40.4 31 21.3 19.3 24.7 30.9 35.9 37.9 35.4 34.5 32.2 29.1 27.7 28.2 29.9 32.4
485.2 438 376.4 351.1 370.7 565.9 633.3 676.9 668.9 651.6 620 481.7 359.3 320.2 894.8 627 501.7 315.5 243.1 268.7 267.4 271.3 260.5 244 241.9 219.5 189.9 188.6 208.3 217.5 211.4 185.3 195.9 205.1 183.4 171.6 160.1 149.8 147.7 153.6 179.8 137.7 222.8 262.2 247.5 196.7 174.5 202.4 189.8 142.3 113.7 122.4 141.4 153.8 152.7 113.8 107.2 121.8 90 59.9 42.7 28 20 17.3 22.4 27.7 32.1 34.1 33.9 33 31.7 29.6 28.8 29.4 30.5 33.8
474.3 398.1 359.2 341.3 301.5 258.1 254.7 282.4 334.2 413.1 380.6 314.5 301.6 404.1 547.6 563.6 472.1 307.2 222.2 224.3 226.2 235.8 251.8 297.6 276 258.8 248.1 244.2 253.7 240 212.5 194.5 196.7 208.6 193.2 180.2 165.3 129.4 107.1 202.6 388.7 498.6 559.2 495.7 406.7 315.6 296.9 245.5 277.3 240.6 156.4 158.2 166.3 176.8 196.5 173.7 144.1 130.7 137.7 105.9 64.2 38.1 24.1 22 24.5 27.3 30 31.9 32.8 33.2 33.4 36.1 37.4 40.4 42.1 43.9
418.3 362.9 360 338.4 300.6 217.4 168.5 151.7 134.2 133.8 211.4 245.9 275.2 356.5 445.6 464.6 397 265.5 185.1 184.3 167.7 189.4 230.5 251.2 263.6 267.5 264.6 268.6 280.9 254.4 233 210.3 185.9 175.7 176.6 170.3 158.3 145.1 106 144.7 378.1 702 609.7 444.7 351.9 344.7 401.5 772.4 486.4 619.6 646.6 327.7 236.3 318.9 234.3 180.4 199.2 178.4 128.5 97.7 72.7 58.3 42.9 33.9 25.4 25.8 27.8 31 36.5 44.1 50 56.7 63.2 70.8 78.9 87.9
478.3 367.1 411.2 407.8 341.7 192.1 153.3 131.1 101.1 77.2 89 173.5 284.3 342.9 397.5 386.6 305.3 191.3 142.3 146.2 153.5 175.8 207.1 231.8 252.5 273 276.5 277.3 274.5 265.4 260.5 225.4 192.9 177.1 194.6 161.7 151.5 175.7 166 112.7 251.6 410.8 354 362.2 355.7 279.3 482.3 614.8 592.3 900.7 1146.6 953.6 859.9 887.2 823.3 362.2 237.1 220.4 144.2 86.4 60.5 55.5 55.1 51.2 41 34.4 32.2 38.2 50.6 65.9 80.5 91.3 103.5 121.2 141.9 160.4
458.9 420.4 500.1 531.2 416.7 241.6 145 112.3 95.9 84.1 85.7 158.4 333.1 306.7 334.4 325.1 235.1 131.9 110.3 108.5 111 130.9 159.4 183.2 219.2 265.7 278 276.1 272.2 276.5 273.9 259.1 247.5 223.1 196.7 185.5 167.1 212.7 262.3 237.3 302 348 348.9 436.3 420.8 385.1 552.8 673.3 578.7 879 1054.6 874.2 810 546.3 1240.1 579.3 350.7 231.4 139.5 83.8 58.9 68.6 65 55.6 49 43.3 42.6 56.7 80.9 98 112.2 127.1 143.7 173.7 202.3 228.6
553.5 602.3 555.1 484.8 377.1 256.2 144 113 137.7 197.6 273.5 287.8 190.1 112.5 88.2 97.5 99.7 79.8 77.1 86.2 88.6 108.1 127.7 148.7 173.7 217.9 249.8 263.7 283.3 304.5 321.7 326.4 310.8 283.2 255.8 243.7 242.7 252.3 258.1 281.7 312.8 351.6 384.4 554.3 693.8 578.5 675.5 774.5 706.1 1051.1 1301.4 917.4 1134.6 590.7 601.3 783.2 681.5 279.1 167.3 111.5 126.6 96.8 58.5 47.3 44 41.4 47 69.6 100.8 118.2 130.8 149.3 172.9 206 244.4 279.8
491.7 525.8 490 452.2 285 238 177 156.6 209.9 318.7 394.1 279.5 165.1 94.5 55.7 42 46.8 54.6 63.6 78.4 94.9 113 129.5 143.3 156.4 176.6 201.2 228.2 257 293.7 331.2 343.1 331.7 317.3 305.1 321.2 337.4 318.4 291.2 283.3 309 345.1 402.6 518 494.4 497.7 633.9 640.4 751.8 927.3 958.4 864.1 1014.1 1507 1102.9 807.2 930.3 883.1 743.7 679.2 578.4 222 51.6 40.9 32.1 17.8 41.7 73.2 101.9 120.5 134 153.3 181.7 224.4 268.9 305.6
382.8 383.5 380.2 366.6 298.1 228 180.9 145.3 258.8 551.2 488.9 274.4 150.2 101 74.2 61.9 55.8 60.8 71.2 87.5 103.8 119.7 136.9 144.5 144.2 144.2 151.7 173.2 207.2 247 281.1 316.5 343.8 349.1 352.7 374.5 401.7 374.8 321.5 278.4 288.1 316.9 351.7 356.5 358.1 357.8 400.8 439.7 519.9 583.1 628.6 733.3 879.1 1069.3 1541.9 1608.6 2257.3 1138.2 898.8 1188.9 1280 649.9 146.6 70.3 20.2 11.9 31.9 73.2 101.3 116.3 127.9 147.6 179.3 227.3 277.1 331.8
