datasets/global_precipitation_1950_2017/rasters/precip_1970-total.asc
NCOLS 720 
NROWS 347 
XLLCORNER -180 
YLLCORNER -90 
CELLSIZE 0.5 
NODATA_value -9999 
[rows 306 to 339 of 347, columns 532 to 607 of 720]
370.9 383.8 395 403.6 409.6 415.2 421.8 429.4 436.6 442.2 447.5 452.5 457 461.2 464.9 467.6 469.5 471.9 473.7 474.4 475.3 475.8 475.5 475.3 474.2 472.1 469.4 465.8 462.3 458.6 453.8 450.8 446.1 441.2 436 431 428.1 421.4 417 416.2 410.3 407.6 406 405 404.6 405.2 406.2 408.3 407.7 411.1 417.7 421.8 429.8 436.9 442.1 454.3 455.4 464.2 478.3 485.5 493.4 501.4 511 519.6 527.9 536.7 544.5 552.1 559.4 567.6 576.4 578.5 584.5 591 597.7 604.2
351.8 355.1 368.1 379.4 387.8 396.5 401.9 410.7 416.9 425.3 432.7 438.4 444.3 449.3 453.5 457.7 461.9 465.8 469.2 470.8 471.6 472.7 473.5 473.3 472.5 470.3 467.2 462 457.6 453 449 443.8 439.3 435 430.9 426.2 419.6 412 408.3 408 407.9 405.2 402.5 401 402.5 404.4 407.5 410.7 413.4 415.3 421.1 421.1 428.3 436.1 443.1 448.7 455 462 469.7 478.8 487.4 496.1 504.7 513.5 521.4 529 536.4 543.4 550.9 559.4 567.7 576.4 584.7 591.3 596.5 601.2
321.2 329.7 339.4 350.1 359.1 371.1 375.3 385.4 395.2 403.9 413 421.3 428 434.2 441.1 446.7 452.3 456.9 460.9 464.8 467.8 469.8 466.4 466.4 469.7 467.5 463.4 459 455.1 450.1 444.7 438.6 434.8 430.3 424.9 420.4 414.7 415.1 412.7 403.6 406 402.2 401.3 400.3 401.7 403.4 405.6 408.6 411.4 414 417.2 421 423.7 430.2 436.4 443.4 449.8 456.7 464.2 471.8 479.7 488.2 494.9 503.1 511.8 518.1 523.8 531.3 539 545.7 554.4 563.4 572.4 580 584.9 589.6
288.8 301.8 312.1 326.6 334.6 343 358.9 370 381.1 391.2 392.5 400.6 408.3 415.4 423.1 429.8 445.9 451.6 455.8 458.8 450.4 452.5 447.8 447.2 451.5 448.7 454.2 448.9 443.6 437.8 425.2 419.4 412.3 407.6 403 398.5 394 390.4 387.8 384.4 382.6 381.6 380.9 381.2 382.1 383.7 385.6 388.1 391.1 394.8 398.6 403.1 408.3 409.5 416.7 422.5 428.5 436.1 443 449.7 458.9 468.9 470 477.7 487.2 488.5 502.2 509 516.7 521.1 527.8 537.8 547.7 555.7 560.5 565.2
284.9 294.1 294.7 311.7 320.2 328.8 337.4 346.7 349.4 362.6 373.2 381.8 388.2 394.2 401.7 409.9 416.5 419.2 420.7 420.9 420.2 418.1 406.4 401.8 409.2 404.9 399.6 394.1 388.5 382.5 376.6 371 361.3 356.4 356.1 352.2 348.3 345.4 337.6 336.3 334.9 335 335.4 335.8 337.3 338.5 341.7 344.8 347.7 350.9 354.8 359.2 364.4 367.4 373.3 379.5 384.9 391.6 398.4 404.7 415 423.7 432.6 442 439.6 449 458.5 466.1 474 478.5 482.9 489.1 499.3 507.6 513.1 522.5
268.9 274.3 277.4 282.7 286.6 294.9 305.3 314.1 311.8 322.5 331.6 338 342.3 346.4 350.6 354.5 358.9 362.6 362.2 358.5 353.3 348.1 343 339 334.8 329.4 323 315.9 308.7 302.4 303.4 292.1 289 283.9 279.9 277.5 276 275.4 275 274.2 273.8 269.8 271.1 275.1 277.8 278.6 281.3 286.3 291.9 294.8 298 301.4 305.1 308.2 314.1 319.6 325.7 331.4 337.3 343.5 349.7 356.7 363.8 372.2 378.8 385.9 392.7 399.4 406.5 413.1 416.3 424 430.2 437.9 446.9 450.1
238.1 239.1 240.4 244.2 246.3 249.4 258 253.9 258.6 265.6 271.5 275.9 279.1 280.5 280.9 279.8 278.5 275.9 273.7 271 268.6 266.2 263.9 259.3 252.4 244.7 236 226.7 220.8 219.6 218.7 217.6 217.3 213.2 206 198.9 192 220.3 219.1 218.6 218.5 219.1 220.1 221.1 222 223 225.7 234.8 234 235.2 239.2 243.4 248 251.7 254.8 261.4 263.6 267 271.8 279 285 289.6 298.9 304.1 306.7 313.1 317.8 325.3 331.1 337.6 343.6 349.9 356.2 362.5 368.6 375.5
200.6 199.7 200 200.9 200.4 199.9 199.7 199.1 200.5 205.3 209.5 213.1 216 215.5 212.3 208.8 204.7 200 198.3 198.1 198.3 198.4 198.4 195.7 189.3 182.8 177 171.4 169.3 168.6 168.5 168.8 169.5 167.3 162.2 157.5 153.2 149.1 181.8 181.9 181.6 182 182.4 183.1 183.5 184.2 185.3 191.8 192.6 196.4 199.6 202.8 206.3 208.6 210.6 212.7 215.1 217.4 221.1 225.4 229.9 234.4 239.1 243.1 246.4 250 253.4 260.1 265.6 271.8 275.5 280 285.4 290.3 293.1 299.6
163.5 161.9 163.1 161.5 160 158.5 157.2 155.5 155.8 158.9 162.1 164.7 166.9 166.2 163.4 160.3 157.9 155.4 155.1 156.5 157.4 157.9 158.5 156.7 152.6 148.6 144.4 140.3 138.6 139 139.7 140.4 141.2 139.7 136.3 132.9 129.8 127 126.4 127.5 129.2 131 133 135.2 137.8 141.2 158.6 159.6 161 162.3 169.4 172.4 176.2 177.9 180.3 178.7 181.4 184.2 186 188.2 189.8 196.3 198.2 201 204.2 202.9 206.1 207.9 212.4 208.1 216.7 220.5 225.6 228.8 230.8 237.4
133.7 133.6 134.2 133 131.4 129.9 128.2 126.9 126.5 128.8 130.8 132.8 134.6 134.6 132.9 131 129.8 128.9 128.4 129.3 130 130.5 131 130.4 127.4 124.7 122.8 120.5 119.4 119.5 119.7 120 120.7 119.7 117.7 115.7 114.1 112.2 111.7 112.2 113 114.3 115.8 117.9 119.6 121.6 123.7 125.9 128.8 131.9 135.7 139.1 143.1 145.8 153.8 154.7 156.4 158.4 159.6 160.5 162.2 157.4 157.6 159.4 158.3 157 155.3 153.5 169.5 171.2 173.2 175.2 178.8 180.5 182.3 183.9
111 112.3 113.3 112.1 112 111.4 110.4 109.4 109.5 110.5 111.4 112.4 113.3 113.6 113.1 112.9 112.4 111.3 111.1 111.7 112.2 112.6 113 112.4 111.1 109.6 108.4 107 106.3 106.3 106.8 107.1 107.1 106.8 105.3 104.2 103 101.8 101.4 101.6 102 102.5 103.3 103.9 105 106.4 108 109.5 111.4 113.2 115.5 118.4 121.3 122 124.3 125.7 129.2 131.4 132.5 120 123 126.5 130.1 130.9 129 127.2 125.3 123.2 143.3 142.2 139.9 137.2 143.1 144.1 148.6 136.6
98.5 99.4 99.5 98.6 98 97.3 96.7 97.1 97.5 98 98.8 99.8 100.6 101.2 100.9 100.3 99.9 99.1 98.8 99 99.1 99.2 99.7 99.6 98.7 97.8 96.8 96.2 95.6 95.9 95.9 96.4 96.5 96.3 95.4 94.8 93.8 93.3 92.9 92.9 93.4 93.8 94.1 94.5 94.8 95.1 95.7 96.2 97.3 98.2 99.3 100 98.7 98.9 101.1 100.8 99.5 98.3 98.9 100.8 103.2 105.5 107.9 108.4 106.9 105.3 103.4 101.3 114 111.5 109.3 110.4 112.4 114.3 112.2 109.8
88.4 88.7 88.9 88.4 87.7 87.5 87.1 87.6 87.5 87.8 87.8 87.5 87.9 88.2 88.6 88.7 88.9 88.7 88.6 88.8 88.7 88.8 89 88.8 88.5 88 87.3 87.3 86.7 86.9 87.2 87.5 88 87.8 87.4 87.3 86.9 86.6 86.4 86.4 86.4 86.7 86.4 86.5 86.7 86.8 86.6 86.7 86.8 85.6 84.8 84 84.3 84.8 85.6 86.8 85.9 84.7 84.7 86 87.5 88.8 91 91.1 89.8 88.4 86.9 85.7 85.8 87.4 90.7 90.6 90.3 88.3 86.4 85.1
79.8 80 80.2 79.8 79.5 79.3 79.3 79.6 79.4 79.5 78.9 78.6 78.3 78.9 78.8 79.1 79.1 79.3 79.2 79 79 78.8 79.1 79 79.3 79.2 79.2 79.1 79.3 79.7 80.1 80.6 81.1 81.3 81.1 81 81 81 80.8 80.9 80.9 80.6 80.4 80 80.1 79.4 78.4 77.8 77 76.3 76.1 75.4 75.2 75.1 75 74.9 74.5 74.3 74.4 74 73.9 73.8 73.5 73.5 73.4 73.5 72.5 72.5 72.9 70.3 69.4 67.9 67 65.6 73.9 72.3
71.7 71.8 71.9 71.9 71.8 71.6 71.9 71.7 71.4 71.2 70.9 70.7 70.5 70.9 70.7 70.8 70.8 70.8 70.9 71 70.9 70.9 70.8 70.9 71 71 71.3 71.8 72.6 72.8 73.3 74.1 74.4 74.8 75 75.4 75.7 75.8 75.7 75.8 75.5 75.4 74.9 74.2 73.7 73 72.2 71.5 70.6 69.8 69 68.2 67.4 66.7 66.2 66.4 66.1 65.8 65.4 64.7 64.1 63.5 62.9 62.7 63 61.8 60.2 60.3 60.7 60.2 59.8 59.2 58.7 58.2 60.6 59.9
64.9 64.9 64.7 64.7 64.5 64.5 64.3 64 63.7 63.5 63.4 63.2 63 62.8 62.5 62.4 62.1 62 62.4 62.6 62.7 62.6 62.7 63.1 63.1 63.3 64 64.4 65.2 66.2 66.6 67.4 68.1 68.6 69.2 69.8 70.5 70.7 70.8 70.9 70.8 70.2 69.9 69.1 68.2 67.4 66.3 65.1 64.1 63 61.7 61 60.3 59.5 58.7 58.1 57.2 57.8 57.1 55.9 55.6 55.6 54.6 54.1 52.9 52.7 52.5 53.6 53.6 52.3 52.5 52.5 53 53.1 53.1 53.1
58.4 58.2 57.9 57.8 57.3 56.9 56.8 56.6 56.6 56.5 56.1 56.2 55.6 55.3 55 54.8 54.9 54.5 54.4 54.2 54.2 54.2 54.7 54.8 54.6 55.1 55.5 55.9 56.6 57.5 58.1 58.8 59.5 60.3 61.3 62.1 63 63.6 64.4 64.6 64.8 64.6 63.7 62.6 61.4 59.6 58.3 57.1 55.8 54.4 53.5 52.4 51.5 50.8 50.1 49.5 49.1 48.5 47.9 47.8 47.3 46.7 46.5 46.6 46.7 46.7 46.5 46.5 46.8 46.9 47 47.4 47.7 48.3 49.2 49.2
52 51.7 51.6 51.4 51.1 51.1 50.8 50.5 49.9 49.8 49.1 49 48.6 48.1 47.9 47.5 47.5 47.1 46.7 46.4 46.4 46.2 46.2 45.8 45.8 45.7 45.3 45.4 45.8 46 46.2 46.4 46.9 47 47.5 48.2 49.2 50 50.8 52.1 52.9 53.3 52 50.1 47.7 46 44.8 43.4 42.6 41.6 41.2 40.7 40.1 40 39.7 39.7 39.3 39.1 39.3 38.9 39.2 39.5 39.5 39.7 39.8 40.2 40.3 40.5 41 41.6 42.3 43.1 43.8 44.7 45.2 46.6
46.8 46.4 46.2 45.8 45.6 45 44.9 44.5 43.8 43.5 42.9 42.6 42.2 41.8 41.4 41.2 40.5 40.1 39.7 39 38.8 38.3 37.7 37.2 36.6 36.1 35.7 35.2 34.5 34 33.2 32.8 31.7 31.3 30.6 29.9 29.9 29.6 29.3 29.6 29.8 29.8 30 29.8 29.9 29.8 29.8 29.9 29.8 29.6 29.4 29.4 29.5 29.1 29.3 29.6 29.7 30.7 31 31.2 31.5 32.8 33.7 34.2 34.4 35.2 35.8 36.8 37.8 38.5 39.3 40.5 41.9 43.2 44.6 46.3
42.5 42 41.5 41.5 40.9 40 39.4 39.3 38.7 38.2 37.8 37.2 36.9 36.1 35.8 35.2 34.7 34 33.6 32.9 32.4 31.8 31 30.4 29.4 29 28.1 27.6 27.4 27.1 27 27.4 27.6 28 28.5 28.9 29.6 29.6 29.9 30.4 30.4 30.5 30.7 30.7 30.3 30.5 30.3 30.2 30 29.8 29.8 28.6 28.4 28.3 28.1 28.2 28.2 27.9 27.8 27.8 28.5 29 29.5 29.5 30.5 31.6 32.4 34.1 35.3 36.3 38 39.8 41.5 43 44.4 43.9
38.9 38.5 37.7 37.2 36.7 36.1 35.6 35.1 34.8 34.2 33.8 33.1 32.6 31.8 31.3 30.8 30.1 29.7 28.9 28.4 28 27.6 27 26.6 26.2 25.7 26 26.1 26.3 26.3 26.4 26.7 26.9 26.9 27.4 28.6 29 29.1 29.3 29.5 29.8 29.7 29.3 29.3 29.4 29.4 28.4 28.2 28 28 28 28 27.8 27.8 27.9 27.7 27.7 27.8 27.7 27.7 27.8 29.5 30.1 31 31.7 33 33.9 35.7 37.4 38.6 40 40.4 42.2 43.5 45 46.4
36.1 35.6 35.1 34.7 34.1 33.3 32.7 32.3 31.8 31.1 30.6 30.1 29.5 29.2 28.8 28.3 28.1 27.5 27.2 26.7 26.4 25.9 25.7 25.3 25.1 24.8 25 25 26 26.1 26.2 26.2 26.5 26.6 26.7 26.8 27.1 27.2 27.4 27.8 27.8 28.1 28 28 26.7 26.6 26.6 27.1 26.9 27 27.1 27.2 27 27.4 27.4 27.4 27 27.3 27.3 28.1 28.8 29.4 30.3 31 31.7 32.8 33.7 35 35.2 37.7 38.9 41 42.3 44 45.7 47.1
33.7 33.2 32.8 32.4 31.7 31.4 30.7 30.6 30 29.1 28.9 28.5 28.3 28.2 27.7 27.3 26.8 26.6 26.2 25.7 25.6 25.2 25 24.6 25.1 25.2 25 24.8 25 25.1 25 25.1 25.4 25.3 25.4 25.5 25.7 26 26 25.5 24.4 24.4 24.5 24.7 24.7 24.9 24.8 24.8 25.4 25.3 25.2 25.6 25.5 25.6 26 26.1 26.4 26.8 27.1 27.7 28.1 28.6 29.4 30.2 31.1 31.8 32.5 33.6 36.1 37.4 38.4 40.3 40.6 42.7 44.2 45.5
31.8 31.5 31.8 31.3 30.9 30.5 30.3 30.2 29.9 29.8 28.5 28.3 28.7 28.5 27.7 27.4 27.1 26.6 26.4 26.1 25.6 25.4 25.3 24.8 24.9 24.5 24.4 24.4 24.2 24.2 24.1 24 24.3 24.9 24.8 24.9 24.8 24.8 24.3 24.2 24.1 24.2 24.2 24.4 24.5 23.6 23.7 24 24.2 24.2 24.3 24.5 24.8 24.7 25 25.4 25.9 26.1 26.4 28.7 29.2 29.9 30.5 31.1 33.7 34.4 35.4 36.2 37.4 35.6 36.7 37.9 38.3 40.2 42.5 44.5
30.6 30.3 30 29.9 29.5 29.2 28.9 28.7 28.5 28.3 27.9 27.7 27.4 27.2 27.1 26.7 26.7 26.4 26 25.8 25.4 25.3 25.2 25 24.9 24.7 24.7 25.3 25 25 24.8 24.6 24.8 24.9 24.6 24.6 24.6 24.4 24.6 24.2 23.3 23.6 23.4 23.6 23.6 23.8 24 24.1 24.4 24.4 24.5 24.7 25 25 25.4 25.8 26.2 26.7 26.9 28.7 29.2 29.8 30 30.7 31.3 31.9 32.6 33.3 33.7 34.6 35.5 36.4 37.6 38.5 39.9 41.5
29 28.8 28.5 28.3 28 27.9 27.6 27.4 27.2 27 26.9 26.5 26.3 26.4 26.6 26.3 26 26 25.8 25.5 25.4 25.1 24.9 24.9 24.9 24.9 24.8 24.7 24.6 24.6 24.5 24.5 23.9 24 23.8 23.9 23.8 24.2 24.2 24.5 24.6 24.6 24 24.1 24.2 24.3 24.5 24.6 24.6 24.9 25.1 25.2 25.5 26.9 27.3 27.4 27.8 27.9 28.6 29 29.3 29.7 30.3 30.6 31.3 31.8 32.2 32.9 33.6 34.3 34.8 35.8 36.6 37.7 38.7 39.8
27.7 27.5 27.3 27.1 27 26.8 26.8 26.5 26.3 26.3 26.1 25.9 25.7 25.5 25.4 25.1 25 24.8 24.7 24.6 24.5 24.3 24.3 24.2 24.2 24 24 24.1 24 24.2 23.9 23.7 24 24.2 24.3 24.4 24.4 24.5 24.7 24.7 24.8 24.7 24.8 24.9 24.4 25.6 25.6 25.6 25.8 26 26.2 26.5 26.7 26.7 27.1 27.1 27.9 28.4 28.6 28.9 29.3 29.7 29.9 30.5 31.2 31.6 32.1 32.7 33.1 33.7 34.3 35 35.7 36.5 37.1 38.3
26.1 26 25.8 25.8 25.5 25.4 25.2 25.1 24.9 24.9 24.8 24.8 24.6 24.6 24.4 24.3 23.9 23.8 23.7 23.6 23.6 23.5 23.5 23.5 23.8 23.4 23.4 23.5 23.7 23.8 24 24 24.1 24.1 23.9 24 24.1 24.3 24.3 24.4 24.4 24.5 24.7 24.8 24.8 24.9 25.3 25.6 25.7 25.8 25.9 26.2 26.3 26.5 26.8 27.3 27.6 27.8 28.2 28.6 28.9 29 29.8 30.2 30.4 30.8 31.5 31.9 32.3 33 33.4 34 34.5 35.2 35.8 36.6
24.4 24.2 24.2 24.1 23.9 23.8 23.6 23.6 23.5 23.4 23.3 23.3 23.3 23.2 23 23 22.9 22.8 22.9 23 22.7 22.8 23 22.8 22.9 23 22.9 22.9 23.1 23.1 23.2 23.3 23.2 23.4 23.4 23.6 23.8 23.9 23.9 24 23.9 24 24.2 24.3 24.3 24.6 24.9 25.1 25.2 25.3 25.5 25.7 25.9 26.1 26.5 26.7 27 27.3 27.4 27.7 28.2 28.4 28.7 29.3 29.6 29.9 30.4 31 31.2 31.7 32.3 32.7 33.1 33.8 34.1 34.9
22.7 22.7 22.5 22.4 22.4 22.2 22.1 22.3 22.1 22.1 22.1 22 21.9 21.8 21.9 21.7 21.7 21.8 21.8 22 21.9 22 22.1 22.1 22.1 22.1 22.1 22.2 22.3 22.3 22.3 22.6 22.8 22.9 22.9 22.4 22.5 22.5 22.6 22.6 22.8 23 23 23 23.1 23.3 23.5 23.7 24.2 24.5 24.7 24.7 24.9 25.3 25.5 25.8 25.9 26.2 26.8 26.9 27.2 27.5 27.7 28.2 28.5 28.8 29.3 29.7 29.9 30.4 30.8 31 31.7 32 32.3 33.2
20.8 20.6 20.6 20.6 20.6 20.4 20.4 20.5 20.5 20.5 20.5 20.5 20.5 20.5 20.5 20.4 20.4 20.4 20.5 20.7 20.8 20.8 20.7 20.8 20.8 20.8 20.8 20.8 20.9 20.8 21 21.2 21.2 21.3 21.4 21.4 21.4 21.4 21.6 21.5 21.6 21.9 21.8 21.9 22.2 22.2 22.3 22.3 22.6 22.7 22.8 23 23.1 24.3 24.4 24.6 24.9 25 24 24.2 24.5 24.9 25.1 25.3 25.9 26.1 26.2 26.8 27.2 27.4 27.8 28.2 28.7 29.3 29.6 30.2
18.4 18.4 18.4 18.2 18.6 18.5 18.5 18.6 18.6 18.6 18.6 18.7 18.9 19 19.1 19.1 19.1 19 19.1 19.2 19.2 19.3 19.5 19.4 19.6 19.5 19.5 19.5 19.5 19.5 19.4 19.4 19.4 19.6 19.8 20.1 20.2 20.5 20.5 20.5 20.5 20.5 20.6 20.6 20.7 20.8 20.9 21 21.2 21.4 21.3 21.5 21.5 21.8 22 22 22.1 22.5 22.7 22.9 23 23.2 23.4 23.6 23.7 24 24.4 24.4 24.6 25 25.2 25.7 25.8 26.1 26.3 26.5
16.2 16.3 16.4 16.2 16.3 16.3 16.4 16.5 16.5 16.5 16.6 16.7 16.7 16.8 16.8 17 17.1 17.2 17.4 17.5 17.6 17.7 17.6 17.6 17.6 17.9 17.9 18.1 18.3 18.1 18.3 18.3 18.4 18.4 18.4 18.5 18.5 18.6 18.7 18.8 18.9 18.9 19.2 19.3 19.4 19.4 19.6 19.6 19.7 19.7 19.8 19.7 20.1 20 20.3 20.4 20.6 20.7 20.9 21 21.2 21.4 21.5 21.6 21.5 22 22.1 22.6 22.6 22.8 23 23 23.1 23.7 23.8 23.9
13.9 13.9 14.1 14.1 14.1 14.3 14.3 14.5 14.4 14.5 14.8 14.8 14.9 14.8 14.8 15.2 15.2 15.2 15.2 15.2 15.4 15.6 15.6 15.7 15.9 15.8 16.1 16.3 16.2 16.3 16.5 16.7 16.7 16.8 17 17 17 17.1 17.1 17.2 17.3 17.2 17.3 17.4 17.4 17.4 17.4 17.6 17.8 17.7 17.9 18 18.3 18.2 18.3 18.5 18.5 18.5 18.6 18.8 19 19.1 19.3 19.3 19.5 19.7 20 20 20.1 20.2 20.4 20.6 20.6 21 21.1 21.4
