datasets/global_precipitation_1950_2017/rasters/precip_1959-total.asc
NCOLS 720 
NROWS 347 
XLLCORNER -180 
YLLCORNER -90 
CELLSIZE 0.5 
NODATA_value -9999 
[rows 306 to 339 of 347, columns 152 to 227 of 720]
-9999 -9999 -9999 -9999 -9999 -9999 -9999 -9999 -9999 -9999 -9999 -9999 -9999 -9999 -9999 -9999 -9999 -9999 -9999 -9999 -9999 -9999 -9999 -9999 -9999 -9999 -9999 -9999 -9999 -9999 -9999 -9999 -9999 -9999 -9999 -9999 -9999 -9999 -9999 -9999 -9999 -9999 -9999 -9999 -9999 -9999 -9999 -9999 -9999 -9999 -9999 -9999 -9999 -9999 -9999 -9999 -9999 529.1 -9999 -9999 -9999 -9999 -9999 -9999 -9999 370.4 352.9 337.7 328.8 -9999 -9999 301.3 302.7 303.4 306.1 304.3
-9999 -9999 -9999 -9999 -9999 -9999 -9999 -9999 -9999 -9999 -9999 -9999 -9999 -9999 -9999 -9999 -9999 -9999 -9999 -9999 -9999 -9999 -9999 -9999 -9999 -9999 -9999 -9999 -9999 -9999 -9999 -9999 -9999 -9999 -9999 -9999 -9999 -9999 -9999 -9999 -9999 -9999 -9999 -9999 -9999 -9999 -9999 -9999 -9999 -9999 -9999 -9999 -9999 -9999 -9999 -9999 -9999 -9999 -9999 -9999 -9999 -9999 -9999 -9999 -9999 -9999 363.1 -9999 338.5 329.8 -9999 -9999 318.7 318.6 322.7 327
-9999 -9999 -9999 -9999 -9999 -9999 -9999 -9999 -9999 -9999 -9999 -9999 -9999 -9999 -9999 -9999 -9999 -9999 -9999 -9999 -9999 -9999 -9999 -9999 -9999 -9999 -9999 -9999 -9999 -9999 -9999 -9999 -9999 -9999 -9999 -9999 -9999 -9999 -9999 -9999 -9999 -9999 -9999 -9999 -9999 -9999 -9999 -9999 -9999 -9999 -9999 -9999 -9999 -9999 -9999 -9999 -9999 -9999 -9999 -9999 -9999 -9999 -9999 -9999 -9999 -9999 378.9 361.3 354.3 343.3 338.2 -9999 -9999 335.4 338.8 345.3
-9999 -9999 -9999 -9999 -9999 -9999 -9999 -9999 -9999 -9999 -9999 -9999 -9999 -9999 -9999 -9999 -9999 -9999 -9999 -9999 -9999 -9999 -9999 -9999 -9999 -9999 -9999 -9999 -9999 -9999 -9999 -9999 -9999 -9999 -9999 -9999 -9999 -9999 -9999 -9999 -9999 -9999 -9999 -9999 -9999 -9999 -9999 -9999 -9999 -9999 -9999 -9999 -9999 -9999 -9999 -9999 -9999 -9999 -9999 -9999 -9999 -9999 446 430 416.4 403.5 390.9 388.7 379.1 371.5 367.8 365 -9999 357.9 361.5 365.9
-9999 -9999 -9999 -9999 -9999 -9999 -9999 -9999 -9999 -9999 633 -9999 -9999 -9999 -9999 -9999 -9999 -9999 -9999 -9999 -9999 -9999 -9999 -9999 -9999 -9999 -9999 -9999 -9999 -9999 -9999 -9999 -9999 -9999 -9999 -9999 -9999 -9999 -9999 -9999 -9999 -9999 -9999 -9999 -9999 -9999 -9999 -9999 -9999 -9999 -9999 -9999 -9999 -9999 -9999 -9999 -9999 -9999 460 461 447.4 435.5 426.7 -9999 408.1 406.5 399.1 392.7 387.4 383.6 381 379.9 -9999 -9999 387 393.3
-9999 -9999 -9999 -9999 -9999 -9999 -9999 631.3 631.4 632.2 632.6 632.9 632.8 632.5 630.8 -9999 -9999 -9999 -9999 -9999 -9999 -9999 -9999 -9999 -9999 -9999 -9999 -9999 -9999 -9999 -9999 -9999 -9999 -9999 -9999 -9999 -9999 -9999 -9999 -9999 -9999 -9999 -9999 -9999 -9999 -9999 -9999 -9999 -9999 -9999 -9999 -9999 -9999 -9999 -9999 -9999 -9999 -9999 -9999 -9999 -9999 -9999 -9999 -9999 -9999 388.9 -9999 383.6 382.4 381.7 -9999 -9999 -9999 -9999 395.6 400.3
-9999 631.2 -9999 -9999 -9999 -9999 -9999 -9999 628.8 631 -9999 -9999 -9999 -9999 -9999 -9999 -9999 -9999 -9999 -9999 -9999 -9999 -9999 -9999 -9999 542.9 -9999 -9999 -9999 -9999 503.4 496.4 -9999 -9999 -9999 -9999 -9999 -9999 -9999 -9999 -9999 -9999 -9999 -9999 -9999 -9999 -9999 -9999 -9999 -9999 -9999 407.6 403.9 -9999 -9999 -9999 -9999 -9999 -9999 -9999 -9999 -9999 -9999 -9999 -9999 -9999 -9999 -9999 -9999 -9999 -9999 -9999 -9999 387 393.8 399.1
-9999 640.7 640 638.7 637.8 636.1 634.1 627.8 624.3 624.9 620.1 614.9 606.5 600.6 -9999 -9999 578.5 569.4 560.9 552 542.4 532.9 522.6 512.7 502.9 -9999 -9999 474.7 465.5 457.4 448.3 438.4 428.8 422.1 -9999 413.3 408.8 -9999 -9999 -9999 -9999 -9999 -9999 -9999 -9999 -9999 -9999 -9999 364.5 357.8 -9999 353.4 351.9 -9999 -9999 -9999 339.9 342.1 341.9 -9999 335.9 -9999 -9999 -9999 -9999 -9999 343.9 -9999 352 356.9 361.8 366.7 371.5 377.4 384.7 392.5
-9999 -9999 648.1 645.1 641.9 -9999 -9999 626.8 620.8 612.4 605.7 597 588.9 578.6 567.7 556.6 546 534.8 523.8 512.9 500.9 489 476.5 464.7 453.8 443.8 436 425 415.2 404.2 394 381.2 374.3 367.2 361.7 356.9 351.9 346.6 339.9 332.3 327.3 323.2 323.4 -9999 -9999 -9999 317.7 318.8 317.6 313.5 311.5 309 309.3 308.3 -9999 -9999 306.9 309.5 310.1 309.3 309.5 310.9 314.8 318 320.5 324.6 329.4 336 339.5 343.9 349.7 354.5 360.6 366.9 373.7 382.1
-9999 -9999 -9999 -9999 -9999 632 623.6 614.1 604.1 595.2 584.8 573.6 562.6 550.5 538.1 525.4 512.4 499 486.6 472.6 458.8 444.8 436.3 423.9 409.6 394.6 384 372.4 362.4 353.8 345.1 334.4 328.9 318.6 311 300.9 301.2 293.1 285.5 282.1 279.6 277.4 276.4 276.3 277.3 278.1 278.8 278.8 279.7 281.1 282 282.6 283 283.5 284.7 286 286.2 286.9 288.8 291.1 293.8 296.5 299.6 302.7 308 313.1 318.2 323.1 328 333.3 339.3 345.9 352.2 359.1 365.9 373.1
-9999 -9999 -9999 -9999 -9999 -9999 -9999 -9999 585.7 572.8 559.6 546.3 533.1 519.4 506.3 492.9 479.2 466.4 453.3 439.9 425.9 412.5 396.8 382.5 368 353.6 340 329.9 317.1 304.6 292.9 283.2 272.4 263.5 257.1 251.3 246.4 243.1 240.3 237.3 236.9 238 239.3 240.4 242.2 246.4 250.9 255.6 259.1 261.7 264.1 266.7 270.7 273.2 274.8 276.4 277.6 278.5 279.3 280.7 283.7 287 290 293.9 298.6 303.5 307.9 313.1 318.5 326.1 330.9 337.5 344.3 350.8 357.6 364.5
610.4 606.6 600.7 595.5 -9999 -9999 -9999 -9999 -9999 543.8 529.8 515.1 500.2 486.6 472.9 459.5 446.8 434.4 421 407.7 394.2 380.1 366 351.8 337.2 322.8 309 295.4 280.7 268.3 257.5 246.5 236.3 226.7 218.3 210.7 204.1 199.2 197.5 197 197.6 200 203.7 211.7 215.7 223.5 230.6 238.1 244 249.8 254.5 258.1 262.1 266.6 270.8 272 272.9 273.6 274 276.3 278.4 281.4 284.5 288.5 292 296.4 300.8 306 312.2 317.5 323.8 329.9 336.2 342.6 349.6 356.5
571.9 566.1 559.2 551.7 547.8 543.2 537.6 530.5 519.7 506.1 492.4 478.5 465.1 451.7 438.6 426.1 413.6 401.2 388.5 376 363.4 350.1 336.8 323.7 310.4 295.5 279.9 265.5 253.5 242.4 232.2 222.4 212.6 201.8 191.5 183.2 175.9 171 168.3 168.7 172.3 177.4 183.3 189.9 197.5 204.6 213.6 222.4 229.7 235.6 241.7 247.4 251.7 255.8 259.2 261.3 263.8 265.6 267.7 270.8 273.1 276.3 280 283.3 287 290.6 295.2 300 305.4 310.7 316.1 321.2 326.7 335.8 341 346.1
507.5 513.6 507 500.1 494.4 488.7 483.4 478.6 469.9 458.5 447 436 425.2 414.2 403.3 391.1 380.5 369 356.8 345.5 331.1 318.9 306.6 294.5 287 271.3 261 250.7 237.2 227.1 217.1 208 199.3 191.1 184.1 177.3 172.1 168 166.1 167.3 170 173.5 179.6 185.3 192.2 198.7 203.9 211.6 217.2 223.5 229.2 -9999 -9999 -9999 246.5 250.3 253.7 258.6 259.6 263.5 267.2 270.6 273.5 277.6 281.3 285.6 289.1 293.9 298.8 303.9 309.1 -9999 -9999 -9999 -9999 -9999
449.9 446.1 444.9 443.7 438.1 432 425.5 418.2 412.5 408.2 402.6 395.6 386.6 375.3 364.9 354.7 345 335.5 325.8 316.3 305.3 295.3 286.1 277.4 268.6 259.1 249 238.8 228.5 229.2 212.5 206.4 200.9 196.3 191.7 187.8 184.1 180.9 182.6 181.5 183.2 185.8 188.7 192.4 196.2 199.9 203.9 207.6 212.2 216.7 220.5 224.6 229.5 -9999 -9999 -9999 -9999 -9999 -9999 -9999 -9999 -9999 -9999 -9999 -9999 -9999 -9999 -9999 -9999 -9999 -9999 -9999 -9999 -9999 -9999 -9999
359.9 360 359.3 357.8 357.7 354.5 350.5 346.8 344 342 339 335.3 331 325.3 318.4 311.4 304.4 298.4 291.8 285.1 278.5 272.4 266.2 260.3 253.2 245.8 238.3 231.1 224.9 220.1 216.1 212 208.7 204.7 202.2 199.1 196.3 194.5 193.4 194 194.2 194.8 196.1 201.9 203.4 205.6 206.2 209.5 212.7 215.7 217.9 220.7 223.7 226.9 230.7 -9999 -9999 -9999 -9999 -9999 -9999 -9999 -9999 -9999 -9999 -9999 -9999 -9999 -9999 -9999 -9999 -9999 -9999 -9999 -9999 -9999
270.5 272.1 273.7 275.3 277 275.6 277.7 276.8 275.6 274.1 273.4 271.9 269.9 267.4 265 262.3 259.4 256.3 253.1 249.9 247.3 244.2 241 237.6 233.3 229 230.4 222 218.7 217.1 214.7 213.1 210.5 207.5 205.2 203.4 202.4 202.3 202.5 203.1 204.4 200.8 202.4 204.2 205.9 208.3 210.5 212 213.7 215.1 218.3 220.1 222.1 224.1 228.3 230.6 234.1 236.2 239.6 242.8 246.4 249.7 -9999 -9999 -9999 -9999 -9999 -9999 -9999 -9999 -9999 -9999 -9999 -9999 -9999 -9999
194.7 197.7 200.5 202.6 204.2 205.5 206.8 211.2 209.9 211.1 212.5 213.6 213.6 213.3 213.7 213.1 212.2 211.1 211.2 211 211.1 211 210 209.8 210.1 207.5 207 206.7 205.8 204.6 203.7 202.6 203 201.3 201.4 200.6 200.7 200.7 203.5 201.7 203 203.8 205.4 207.2 208.4 209.3 210.7 212 213.9 215.9 218.3 -9999 -9999 -9999 -9999 -9999 -9999 -9999 -9999 -9999 -9999 -9999 -9999 -9999 -9999 -9999 -9999 -9999 -9999 -9999 -9999 -9999 -9999 -9999 -9999 -9999
134 137.9 141.8 145.9 147 148 149.8 150.8 153.1 156.1 158.9 161.4 164.1 165.7 166.4 167 167.9 169.5 170.5 171.9 173.8 175.1 176.9 178.2 179.9 180.8 181.9 182 183.3 183.8 185 186.3 187.5 188.2 189.1 190 192.2 192.4 194.1 195.4 197 -9999 -9999 -9999 -9999 -9999 207 208.5 210.2 212.9 214.1 216 -9999 -9999 -9999 -9999 -9999 -9999 -9999 -9999 -9999 -9999 -9999 -9999 -9999 -9999 -9999 -9999 -9999 254.4 256.3 257.4 259.9 -9999 -9999 -9999
87.7 89.5 99.8 96.9 101.2 105.3 107.3 113.4 115.8 114.4 117.2 117.5 118.6 121.3 125.2 128.9 130.8 135.2 137.5 136.9 139.6 140.9 142 144.2 146.3 148.4 151.1 153.8 156.1 158.6 161 162.5 164.7 167 169 170.8 173.4 175.3 177.7 179.4 182 184.3 186.2 188.4 190.8 -9999 -9999 198.4 200.4 202.5 -9999 -9999 -9999 -9999 -9999 -9999 -9999 -9999 -9999 -9999 -9999 -9999 -9999 -9999 -9999 237.1 238.2 240.6 242.2 -9999 -9999 -9999 -9999 -9999 -9999 -9999
54.2 57 67.8 70.9 65.5 69.8 73.1 75.9 78.1 80.3 81.8 82.7 92.1 94.7 90.1 94 97.4 99.8 102.8 103.4 105.2 107.6 110.5 113.2 114.9 118 121.1 123.5 126.4 129 131.5 133.8 136.5 139.4 142.1 144.6 147.6 150.3 153.3 155.8 158.6 161.4 164.3 166.5 169.9 172.9 175.4 177.8 180.5 183.5 186.1 189 192 193.7 197.6 200.1 -9999 -9999 -9999 -9999 -9999 -9999 -9999 -9999 -9999 -9999 -9999 -9999 -9999 -9999 -9999 -9999 -9999 -9999 -9999 -9999
35 37.9 39.9 41.7 43.8 45.2 46.7 48.8 51.2 53 55.6 58.4 60.6 61.3 65.2 63.8 66.9 71 73.4 74.2 76.1 78.3 84.5 86.6 86.6 89.5 91.6 94.6 97.1 98.5 101.8 103.7 106.4 109.6 112.4 115.2 119 121.6 124.6 127.2 130.1 133.1 136.2 138.9 142.2 145.1 148 151 154 157.2 160.1 163.1 166.1 169.2 172 175 -9999 -9999 -9999 -9999 -9999 -9999 -9999 -9999 -9999 -9999 -9999 -9999 -9999 -9999 -9999 -9999 -9999 -9999 -9999 -9999
25.4 27.1 28.8 30.2 31.5 32.7 34.6 36.4 39.2 40.4 40.2 42 44 45.1 46.6 48 51.4 50.6 52.6 55.2 56.2 58.1 60.4 62 64 65.7 67.4 69.3 71.5 74.3 76.3 78.7 81.5 83.5 85.9 87.9 90.3 92.7 94.9 97.6 100.2 103 105.8 108.5 111.4 113.8 116.9 119.5 122.3 125.7 128.5 131.4 134.5 138 141 143.7 146.7 -9999 -9999 -9999 -9999 -9999 -9999 -9999 -9999 -9999 -9999 -9999 -9999 -9999 -9999 -9999 -9999 -9999 -9999 -9999
23.8 24.6 25.4 26.3 27 28.8 29.9 30.9 31.9 33.3 34.5 35.5 36.3 37.3 38.4 39.6 41 42.1 43.5 44.4 45.9 47.2 48.2 49.5 51.4 52.7 53.7 55.4 56.9 58.5 60.1 61.5 62.8 64.5 66.5 68 69.5 71.3 72.9 74.9 76.8 78.8 80.6 82 83.7 85.2 87.1 89 91 92.9 95.5 97.5 100 102.4 105.2 107.7 110.1 112.7 115.3 118.4 121.4 124.6 127.4 130 131.9 133.8 135.5 137 139.1 141.8 143.9 146.2 148.2 -9999 -9999 -9999
20.7 19 20 20.6 20.7 20.4 21.1 22.2 23.7 24.2 24.3 25.9 25.4 26.3 26.3 30.1 28.3 29.9 31.4 33.3 34.4 34.5 34.8 35.4 38.6 40.3 42.2 44 45.3 45.7 46.3 45.4 46.3 47.6 49.3 51.2 53.6 55.5 56.7 57.7 58.3 59.1 60.2 61.1 61.9 63.2 64.5 65.6 66.8 67.6 68.9 70.5 71.8 73.9 75.3 76.8 78.3 79.9 82.1 84.8 87.4 90.1 93 95.2 96.8 98.3 99.8 101.3 103.6 106.7 109.4 112.2 114.9 116.8 117.7 118.3
15.7 16.2 17 17.2 16.6 16.5 16.5 16.3 17 16.7 17.3 18.3 19.2 19.8 19.8 19.7 20 24.1 24.8 22.1 23.5 24.6 25.7 26.6 27.6 28.8 30.6 31.8 32.8 32.9 33.1 33.2 33.7 34.7 36.3 37.8 39.4 41.4 42.3 42.9 43 43.6 44.2 45 45.3 46 46.7 47.5 48.5 49.2 50 50.9 51.6 52.8 53.9 54.9 55.7 56.4 58.2 60.6 62.7 65.2 67.6 69.2 70.2 71.4 72.6 73.6 75.6 79 81.6 84.6 87.4 89.5 90.6 91.3
12.5 12.5 12.4 13.1 13.1 13 13.3 12.8 13 12.9 12.7 12.9 13.5 13.5 14.7 15.4 15.4 15.2 15.6 16.4 17 17.9 18.4 18.8 19 20.8 19.9 20.9 22.1 22.9 23.6 24 24 24.6 25.7 26.5 27.6 29.2 30 30.4 30.5 31.1 31.2 31.5 31.8 32.2 32.5 33.2 33.4 33.9 34.5 35.1 35.5 36.3 36.9 37.5 38 38.5 39.9 42 43.9 46 47.7 49.1 50 50.8 51.5 52.5 54.1 56.3 58.2 60.2 62.2 63.6 64.5 65.2
10.5 10.3 10.7 10.6 10.5 10.2 10.3 10.5 11 11 10.9 10.7 11.8 12.1 10.8 11 11.3 11.7 11.9 12 12.4 12.9 13.3 13.5 13.5 13.9 13.7 13.8 14 16.9 16.9 17.1 16.9 17.4 17.9 18.6 19.4 20.4 21.3 21.2 21.1 21.5 21.7 21.9 22.1 22.2 22.2 22.6 22.6 23.1 23.4 23.6 24.1 24.4 24.7 25.1 25.2 31.1 31.6 28.1 29.7 31.4 32.9 34.1 34.8 35.1 35.9 41.7 42.7 39.4 41.2 42.7 44.2 45.4 46.4 47.4
9 9 9 8.9 8.9 9.1 9.1 9.3 9.2 9 9 9 8.8 8.9 8.8 8.9 9.2 9.3 9.2 9.3 9.3 9.2 10.5 9.3 9.6 9.8 10 10.5 10.7 10.8 11.1 11.6 11.9 12.1 12.1 12.2 14 12.4 13.1 13.6 14.4 15.1 15.3 15.4 15.4 15.7 15.7 15.9 15.9 15.8 15.9 16 16.3 16.5 16.8 16.9 17.3 21.6 22 19 20.5 21.5 22.7 23.2 24.1 24.2 24.6 29.1 29.9 27.1 28.6 29.8 31.1 31.8 32.6 33.4
7.3 7.3 7.1 7.2 7.3 7.3 7.3 7.4 7.3 7.3 7.2 7.2 7.2 7.1 7.1 7.1 7.6 7.3 7.2 7.3 7.5 7.3 7.6 7.8 7.5 7.8 8.1 8.2 8.2 8.2 8.2 9.1 8.4 8.9 9.1 9.2 9.4 9.6 9.5 9.4 9.4 11.1 10 10.4 10.6 11.2 11.5 11.4 11.4 11.6 11.6 11.5 11.6 11.7 12.1 12.2 12.2 15.1 15.1 13.3 14 15 15.7 16.4 16.6 16.8 16.9 20.7 21.1 18.6 19.5 20.5 21.3 22.2 22.4 22.8
6.1 6 6 6.1 6.1 6 6 6 6.2 6.1 6.1 6.1 6.1 6.1 6.1 6.2 6.2 6.2 6.2 6.1 6.2 6.3 6.2 6.2 6.1 6 6.5 6.5 6.6 6.6 7 7.1 7 7 7.1 7 7.7 6.9 7.3 7.4 7.7 7.8 8 7.9 8 8 9.1 8.2 8.4 9 8.9 9.3 9.3 9.4 9.5 9.5 9.6 11.2 11.2 10.1 10.6 11.1 11.5 11.9 12 12.1 12.3 14.5 14.8 13.1 13.8 14.3 15.1 15.4 16 16.2
5 5.1 5.4 5.4 5.2 5.2 5.2 5.3 5.3 5.3 5.2 5.2 5.2 5.2 5.2 5.3 5.2 5.3 5.3 5.2 5.2 5.4 5.5 5.4 5.4 5.5 5.7 5.8 5.6 5.6 5.5 5.5 6 5.5 5.8 5.9 5.9 6 6 6 5.9 6 6.6 6.1 6.4 6.4 6.8 6.8 6.8 7 6.9 6.9 7.9 7.9 7.8 7.8 7.8 9 8.2 8.1 8.5 8.7 9 9.2 9.2 9.5 9.4 10.6 11 9.9 10.1 10.6 11 11.2 11.2 11.4
4.7 4.7 4.6 4.7 4.5 4.6 4.5 4.5 4.6 4.6 4.6 4.7 4.7 4.6 4.6 4.6 4.6 4.6 4.6 4.6 4.6 4.7 4.7 4.7 4.7 4.6 4.6 5 5 5.1 5.2 4.7 4.7 4.9 4.9 4.9 5 4.9 4.9 5.3 5.4 5.1 5.2 5.3 5.3 5.2 5.2 5.6 5.7 5.2 5.4 5.7 5.8 5.9 6 6.1 6.2 6.2 6.7 6.7 6.7 6.8 7.2 7.3 6.9 7.1 7.4 7.6 7.7 8.2 8.1 8.2 8.3 8.2 8.3 8.4
4.4 4.4 4.3 4.3 4.3 4.3 4.3 4.2 4.2 4.2 4.2 4.2 4.2 4.2 4.2 4.1 4.1 4.1 4.1 4.1 4 3.9 3.9 3.9 4.3 4.3 4.3 4.5 4.4 4.4 4.4 4.4 4.4 4.3 4.4 4.3 4.3 4.4 4.5 4.3 4.4 4.5 4.5 4.6 4.6 4.5 4.5 4.5 4.7 4.7 4.7 4.9 5.1 5 4.9 5 5.1 5.4 5.6 5.3 5.5 5.5 5.7 5.7 5.7 5.4 5.5 5.8 5.8 5.7 5.7 5.7 5.9 5.9 5.9 6.3
