datasets/global_precipitation_1950_2017/rasters/precip_1952-total.asc
NCOLS 720 
NROWS 347 
XLLCORNER -180 
YLLCORNER -90 
CELLSIZE 0.5 
NODATA_value -9999 
[rows 34 to 67 of 347, columns 608 to 683 of 720]
285.8 284.9 281.7 281.2 282.6 284.9 286.3 290.2 295 299.9 304.4 303.8 300.9 292.5 283.8 276.2 270.2 269.8 271 273.8 277.4 281.7 286.8 290 287.9 279 270.9 259.9 244.1 235.2 223.4 211.8 200.4 190 180.9 170.7 162 154.5 152.5 157.6 170.5 188.7 206.8 224 235.9 243.3 250.3 254.3 255.1 254.8 253 252.5 253.4 252.5 250.3 248.9 245.6 241.4 237.1 232.1 228.1 224.5 220.9 218.5 215.9 213.3 212.2 212.4 212.4 213.8 216.9 216.7 212.7 210.3 208 207.5
279.3 280.5 280 279.7 279.3 279.8 284.1 293.2 304.5 315.8 326.2 335.1 340.6 334.9 332.9 328.6 323.2 313.4 314.3 315.4 321.3 326.5 330 327.1 319.6 304.3 288.1 268.4 251.5 235.3 222 213.1 203.9 195.6 187.9 182.6 178.6 175.1 173.5 173.6 175.5 180.7 187.4 195.7 205.7 213.7 223.2 233.6 240.9 247.9 255.1 264.1 273.8 284.1 280.2 272.2 266.2 260.9 257.4 253.2 249.6 245.3 240.6 235.9 230.9 226.9 223.7 220.5 218.9 217.2 216.3 215.1 213.5 213.6 215 217.4
268 272 273.7 274.3 273.7 274.2 279 291.6 307.7 324.1 336.7 346.3 352.8 356.4 352.1 343.2 333.8 324.7 322.4 323.4 328.2 338 341.4 337.9 321.8 300.3 276.6 257 245.9 232.6 222.2 215.1 209.3 204.6 200.7 198.3 194.2 188.7 182.2 178.4 176.2 176.9 179.6 183.2 189.6 198.6 206.5 216.2 225.7 235.5 245.5 256.1 265.1 271.7 273.8 272.7 270.9 268.5 268 267.3 266.2 262.5 256.8 249.1 239.7 232.1 225.5 221.4 219.5 217.3 215.3 212.1 209.9 211.2 215.8 222.3
255 263 271.5 279.9 284.7 286.1 288.5 296.8 312.2 328.4 344.8 356 360.6 357.6 346.3 330.5 315 302 295.3 294.7 294.9 295.2 291.5 285.7 276.6 263.4 252.4 240.3 231.6 225 216.5 209.5 205.9 205.5 211 217.7 222.6 216 185.7 173.6 179.8 182 181.7 182.2 184.7 188 191.5 196 203 212.1 221.4 232.9 243.7 252.2 258.6 262.9 266.2 269.3 272.9 275.2 274.4 269.2 262.1 252.3 242.7 232.5 224.5 218.4 214.4 213.3 213.9 217.1 220.9 225.1 229.5 233.9
237.4 242.2 254.8 274.8 292 283.4 267.8 271.4 292 322.4 360.4 402.7 429.1 397.6 333.7 274.5 248 250.2 255.8 257.8 252.7 248 242.6 236.4 232.6 232.9 233.7 233.6 228.5 221.2 209.5 196.7 190 190.6 195 205.2 217.4 224.9 212 195.6 190.9 189.1 187.7 187.3 187.2 186 183.9 180.2 181.6 188.4 199.6 214.7 228.4 240.5 248.7 255.2 260.2 263.9 266.6 267.7 266.1 263.2 255.6 243.1 235.3 227 218.4 209.8 202.9 199.6 204.2 216.3 230 240.5 246.1 247.6
228.5 228.2 237.1 250.5 258.4 256.8 251.7 260 280 298.8 316.9 351.5 396.7 381.3 321.3 267 244.6 240.3 240.5 241.6 239.5 237.2 232.5 227.6 228.4 233.1 230.9 226.4 213.8 203.3 188.3 179 172.6 166.8 162.2 156.8 156 178 200.9 204.6 203.4 198.7 195.8 193.7 194.7 194.2 192.7 191.8 191.5 194.7 205.1 219 229.9 240 247.1 251.1 252.2 249.4 252.4 254.6 254.4 253.1 248.7 244.3 241.9 239.4 230.9 223.5 211.3 206.5 210.2 221.6 230.4 239.4 244.8 248.9
229.2 232.4 240.5 248.9 257.8 264 264.6 268.1 273.1 276 277.2 282.8 290.2 293.2 291.3 290.9 282.6 266.7 251 246.3 245.8 250.1 257.6 264.4 267.2 260.1 240.3 220.4 209 194.3 167.6 155.1 162.7 162.3 157.7 156.2 168.9 205.3 220.6 217.4 212.7 207.4 204.6 204.8 207.9 211.4 214.9 215.9 217.3 220.3 227.2 235.9 243.4 247.2 245.1 233.8 227.7 229.2 237.8 245.7 253.3 257.4 257.1 260.3 269.3 272.9 273.4 275.5 272.9 266.6 263.9 259.9 258.7 257.9 258.6 265
221.3 224.2 226.7 233 237.4 240.8 239.5 237.7 236.7 237.4 238.8 239.4 242.7 246.7 251.2 254.5 254.9 251.9 249.5 248.6 246 252.7 268.6 287.5 305.7 312.4 277 235.5 215.5 203.9 190.6 179.3 173.2 170.5 168 171.9 180.7 194 203.8 208.2 204.9 203.4 206.1 209.4 217.2 225.3 229.1 231.1 232.9 234 241.7 252.3 260.3 264.6 266.8 260.4 242.6 242.2 253.7 262.8 267.5 263.6 250.3 236.1 260.7 301.7 329.1 340 336.6 328.3 317.3 301.1 281.3 265.2 261.7 260.6
215.9 211.2 219.3 216.4 217.9 217.9 213.9 210.8 209.8 209.8 208.5 202.4 209.9 218.3 227.5 234.5 241.2 244.1 247.2 255.5 266.1 275.9 282.4 283.3 279.7 272.7 257.9 241.1 230.7 221.1 211.4 202.6 195.1 191.8 189.7 194.9 197.4 204.8 211.1 212 208.5 206.9 203.4 200.2 203.2 212.7 231 246.4 247.1 251.2 258.9 268.1 277.9 288.3 301.7 317.9 335.5 324.7 305.7 298.7 304.1 305.3 296.6 301.9 341.6 390.8 414.9 409.7 393.5 376.9 363.4 329.5 271.6 223 223.7 241.8
216.1 214.2 214.8 219.7 218.6 216.2 210.8 208.5 210.8 213.9 209.5 196.9 199.9 209.1 219.5 226.8 234.7 240.6 249.2 261.9 275.5 289.2 295.3 289.6 278.1 265.7 252.6 239.6 233.1 227.8 227.8 225.7 237.1 253.8 274.8 293.2 299.6 304 302.1 290.3 273 243.9 220.7 199.1 183.6 174 185.8 237.1 256.9 267.3 276.9 286.3 294.2 299.7 297.3 283.5 271.5 283.4 304.2 329.3 365.5 407.8 459.3 528.9 610.5 652.5 596.9 -9999 -9999 -9999 -9999 364.8 -9999 262.4 257 278.8
238.9 234 234 236.2 236.8 233.4 229.6 226 226.2 230.7 232.9 226.1 220.5 220 220.7 222.8 227.6 235.9 247.8 257.7 267.6 277.7 283.4 286.2 282.5 276 262.3 246.6 237.3 236.7 246 259.4 288.3 322.1 347.1 358.4 381.7 381.9 379.9 368.3 351.4 316.3 282.1 250.9 230.2 219.7 228 251.2 272 287.6 301.2 310.5 321.5 325.8 338.6 344.9 336.4 334.7 330.1 366.1 421.7 473.3 510.4 553 609.6 -9999 -9999 -9999 -9999 -9999 -9999 -9999 344.8 331.2 335.4 -9999
267.6 255.5 253.4 258.6 266.1 268.7 268.1 263.4 254 246.9 244.3 245.3 243.9 238.6 231.8 225.3 228.4 242.6 255.9 266.3 270 270.8 278.1 287 292.7 293.4 289.5 283.4 278.5 275.4 282 295.4 319 341 358.9 371.6 379.1 384.4 385.4 385.8 386.5 381.5 374 357.4 345.7 342 344 362.8 376.9 379.7 369.5 364.1 368.7 365.4 350 317.5 342.9 348.6 366.1 418.6 451.4 481.2 477.7 461.7 -9999 -9999 -9999 -9999 -9999 -9999 -9999 -9999 -9999 345.6 -9999 -9999
339.4 325.7 318.6 318.3 324.8 332.7 332.2 322.7 307.5 289.7 273.3 263 258.6 257.4 256.6 258.6 264.4 274.7 283.8 289.2 293.8 288.8 292 300.9 310.1 318.3 325.6 326.8 321.5 320 320.5 329.9 344.9 353.2 356.5 353.6 349.5 357.9 371.7 390.6 419.3 443.7 443.6 446 461 484.8 508.5 520.5 522 518 488.9 463.7 446.6 429.1 399.9 378.1 378.7 400.4 433.3 475 502.6 514.6 -9999 -9999 -9999 -9999 -9999 -9999 -9999 -9999 -9999 -9999 -9999 -9999 -9999 -9999
428.3 426.7 421.9 414.8 403.4 386 377.8 376.7 363 345.3 329.2 315.5 306.8 302 299.3 298.8 301.8 310.4 315.4 315.1 317.9 324.9 329.2 331.1 335.5 343.6 352.7 356.4 351.2 349 353.8 361.9 367.1 368.3 365.4 359.1 354.4 355.7 356.5 371.4 411.5 448.3 455.9 466.3 491 517.1 545.8 567.4 604.6 615.5 549.6 525.3 549.5 437 357 366.1 396.9 435.5 483.6 532.5 -9999 -9999 -9999 -9999 -9999 -9999 -9999 -9999 -9999 -9999 -9999 -9999 -9999 -9999 420.9 452
485.5 492.5 494.9 485.5 473.4 461.8 443.5 428.9 415.1 399.6 382.3 370.3 361 354 345.8 335.5 328.7 326.4 329.2 337.1 349.5 365 374.3 369 362.8 360.4 361.4 362.3 367.6 376.3 384.3 392.5 392.7 390.1 386.4 381.3 372.4 -9999 -9999 -9999 -9999 -9999 -9999 -9999 496.8 -9999 -9999 -9999 -9999 527.4 -9999 -9999 -9999 -9999 -9999 -9999 -9999 437.4 476.3 517.7 545.9 554.5 -9999 -9999 -9999 -9999 -9999 -9999 -9999 -9999 -9999 -9999 558.7 452.8 455.4 485.9
507.9 512.7 545.8 542.6 505.9 497.6 485.6 463.2 440.9 426.1 408.8 392.3 383.2 378.4 372.2 362.5 356.2 353.7 356.5 363.4 373.9 385.2 388.4 389.6 388.3 385.6 388 393.3 402.5 417.3 428.3 425.8 421.7 410.1 402.6 400.2 -9999 -9999 -9999 -9999 -9999 -9999 -9999 -9999 -9999 -9999 -9999 -9999 -9999 -9999 -9999 -9999 -9999 -9999 -9999 -9999 -9999 -9999 -9999 -9999 -9999 -9999 -9999 -9999 -9999 -9999 -9999 -9999 -9999 -9999 -9999 520.7 570.9 558.9 550.3 560.1
533.3 541 563 579.7 574.1 556.4 528.9 496.5 466.7 442.2 420.3 399.8 384.1 376.3 373.1 372.5 373.1 376.8 381.4 388.7 392.9 404.3 415.6 423.8 424.8 422 423.6 427 434.9 445.8 454.5 456.1 451.1 -9999 -9999 -9999 -9999 -9999 -9999 -9999 -9999 -9999 -9999 -9999 -9999 -9999 -9999 -9999 -9999 -9999 -9999 -9999 -9999 -9999 -9999 -9999 -9999 -9999 -9999 -9999 -9999 -9999 -9999 -9999 -9999 -9999 -9999 -9999 -9999 381.4 375.8 416.8 483.2 569.5 647.6 712.5
560.7 585.3 624.4 671.2 672.9 632.8 590 542.4 500.2 453.8 421.1 393.7 374.7 360.7 360 366 376.4 387.7 391.5 401.7 404.5 416.8 439.7 457.3 458.8 448.6 440.3 437.5 439.1 439.9 442.5 446.6 -9999 -9999 -9999 -9999 -9999 -9999 -9999 -9999 -9999 -9999 -9999 -9999 -9999 -9999 -9999 -9999 -9999 -9999 -9999 -9999 -9999 -9999 -9999 -9999 -9999 -9999 -9999 -9999 -9999 -9999 -9999 -9999 -9999 -9999 506.9 460.9 412.5 391.5 412.5 451.3 513.6 604.7 710.9 819
563.2 572.5 598.1 631.4 644 635.9 608.2 568.2 506.1 445.1 405.9 383.4 368.4 362.1 361.6 367.6 377.5 389.5 393.5 394.7 397.6 404.6 409.4 422.4 422.8 410.4 405.6 408 410 411.2 -9999 -9999 -9999 -9999 -9999 -9999 -9999 -9999 -9999 -9999 -9999 -9999 -9999 -9999 -9999 -9999 -9999 -9999 -9999 -9999 -9999 -9999 -9999 -9999 -9999 -9999 -9999 -9999 -9999 -9999 -9999 -9999 -9999 -9999 -9999 -9999 568.8 522.3 478.9 460.3 472.8 514.8 564 631.3 723 817
564.7 574.1 575.1 590.5 600.3 602.8 597.3 560.8 491.3 423.1 393.5 374.8 368.9 369.2 367.6 368 370.7 373.1 379.8 382.6 381.6 359.3 353.5 333.6 292.7 298.4 350.7 416.3 447.8 -9999 -9999 -9999 -9999 -9999 -9999 -9999 -9999 -9999 -9999 -9999 -9999 -9999 -9999 -9999 -9999 -9999 -9999 -9999 -9999 -9999 -9999 -9999 -9999 -9999 -9999 -9999 -9999 -9999 -9999 -9999 -9999 -9999 -9999 -9999 642.8 615.3 579.2 530.9 489.2 477 507.6 558.6 615.7 659.9 707.9 756.6
567.2 576.2 586.6 588.4 569 553.9 538.5 514.9 469.9 418.4 392.2 380.4 371.4 366.5 376.2 369.9 361.7 351.6 344.4 337.3 324.4 316.4 303.8 288.8 273 279.5 328.4 404.2 -9999 -9999 -9999 -9999 -9999 -9999 -9999 -9999 -9999 -9999 -9999 -9999 -9999 -9999 -9999 -9999 -9999 -9999 -9999 -9999 -9999 -9999 -9999 -9999 -9999 -9999 -9999 -9999 -9999 -9999 -9999 -9999 -9999 -9999 -9999 -9999 718.4 650.5 570.7 482.1 400.1 386.9 450.8 558.4 660.3 749.7 750.9 729.3
550.2 556.8 556.9 542.9 516.3 492.6 476 464.4 455.3 439.7 420.8 406.6 394.3 382.9 377.3 365.9 347.4 330.9 310.3 288.4 273.1 260.6 259.1 273.7 280.6 281 -9999 -9999 -9999 -9999 -9999 -9999 -9999 -9999 -9999 -9999 -9999 -9999 -9999 -9999 -9999 -9999 -9999 -9999 -9999 -9999 -9999 -9999 -9999 -9999 -9999 -9999 -9999 -9999 -9999 -9999 -9999 -9999 -9999 -9999 -9999 -9999 -9999 825.4 761.2 674 571.6 463.9 358.2 323.3 399.3 531.4 641.5 719.5 743.7 732.2
507.1 503.7 503.4 488.7 456.1 429.4 427.5 431.7 437.7 447.2 449 436.7 423.6 410.9 398.7 377.4 347.8 319.1 287.9 257.2 220.3 210.3 250.2 276.9 -9999 -9999 -9999 -9999 -9999 -9999 -9999 -9999 -9999 -9999 -9999 -9999 -9999 -9999 -9999 -9999 -9999 -9999 -9999 -9999 -9999 -9999 -9999 -9999 -9999 -9999 -9999 -9999 -9999 -9999 -9999 -9999 -9999 -9999 -9999 -9999 -9999 -9999 -9999 694.8 697.9 655.3 565 464.7 415.5 423.8 456.2 559.8 692.6 799.2 853.9 846.4
501.7 493 476.4 452.7 426.8 411.3 407.4 407.9 418 470.7 462.7 442.6 430.6 428.4 425.5 415.4 385.7 351.8 326.5 317.5 324.7 338.6 -9999 -9999 -9999 -9999 -9999 375.9 -9999 -9999 -9999 -9999 -9999 -9999 -9999 -9999 -9999 -9999 -9999 -9999 -9999 -9999 -9999 -9999 -9999 -9999 -9999 -9999 -9999 -9999 -9999 -9999 -9999 -9999 -9999 -9999 -9999 -9999 -9999 -9999 -9999 -9999 -9999 823 805.1 721.8 602.6 476.6 402.8 422.9 542.8 702.9 876.7 1018.9 1103.4 1081.4
600.9 455.3 418.4 393.9 376.5 374.6 382.2 379.7 393.5 406.1 411.8 421.7 422.5 421.1 421.5 421.1 416.8 403.2 388.8 379.7 377.2 372.5 371.9 361.1 349.2 346.8 -9999 -9999 -9999 386.8 -9999 449.1 -9999 -9999 -9999 -9999 -9999 473.3 -9999 -9999 -9999 -9999 -9999 -9999 -9999 -9999 -9999 -9999 -9999 -9999 -9999 -9999 -9999 -9999 -9999 -9999 -9999 -9999 -9999 -9999 -9999 -9999 -9999 -9999 884.7 813 709.6 624.6 631.4 678.2 812.7 943.5 -9999 -9999 -9999 -9999
385.6 374 356 344.9 338.3 343.4 389.9 399.2 394.3 395.3 396.8 404 404.7 413.2 435.4 452.1 444.8 414 413.3 416.7 403.8 388.4 371.7 350 328.5 325.8 332.3 -9999 -9999 348.8 359.3 378.9 420.8 -9999 -9999 -9999 -9999 -9999 -9999 -9999 -9999 -9999 -9999 -9999 -9999 -9999 -9999 -9999 -9999 -9999 -9999 -9999 -9999 -9999 -9999 -9999 -9999 -9999 -9999 -9999 -9999 -9999 -9999 -9999 803.6 831.6 897.7 974.6 1064.9 1098 1088.1 1066.8 -9999 -9999 -9999 -9999
185.1 268.5 300.5 298.3 327.6 312.4 345.1 384 431 452 431.1 398.1 392.3 430.9 454.9 472.8 487.8 501.4 494.2 432.3 402 392.5 361.8 328.1 312.9 304.2 296.8 293 295.4 318.9 338.5 358.9 395.3 415.8 281.3 -9999 412.7 498.4 -9999 -9999 -9999 -9999 -9999 -9999 -9999 -9999 -9999 -9999 -9999 -9999 -9999 -9999 -9999 -9999 -9999 -9999 -9999 -9999 -9999 -9999 -9999 -9999 -9999 -9999 709.1 745.4 865.7 985.9 1301.5 1341 1166.1 1128.9 -9999 -9999 -9999 -9999
277.7 291.3 293.5 276.8 274.9 296.5 349.9 392.2 433 447 443.8 458.8 466.7 476.5 466.5 457.7 488.1 517.2 512.1 479.7 453.8 424.4 381.5 338.8 301.2 277.1 262.1 261.5 302.2 345.8 363.5 355.9 348.4 328.8 -9999 -9999 423.2 503.7 556.1 -9999 -9999 -9999 -9999 -9999 -9999 -9999 -9999 -9999 -9999 -9999 -9999 -9999 -9999 -9999 -9999 -9999 -9999 -9999 -9999 -9999 -9999 -9999 -9999 -9999 599.2 486.6 687.2 931 1045.7 -9999 -9999 -9999 -9999 -9999 -9999 -9999
334.4 341.2 336.7 345.2 364.6 393.7 423.2 430.7 393.9 418.9 453.4 523.6 524.3 490.5 472.2 486 516.7 538.6 537.1 529.2 515.9 465.5 427 424.1 319.3 270.5 284.6 305.1 357 417.5 428.5 363 303.3 320 411.5 480.8 521.2 593.7 -9999 -9999 -9999 -9999 -9999 -9999 -9999 -9999 -9999 -9999 -9999 -9999 -9999 -9999 -9999 -9999 -9999 -9999 -9999 -9999 -9999 -9999 -9999 -9999 -9999 -9999 -9999 730.4 810.3 975.7 1074.1 -9999 -9999 -9999 -9999 -9999 -9999 -9999
372.5 376.2 393 421.9 453.6 474.2 461 449.5 440.9 366.3 387.7 444.8 467.6 487.2 514.5 550.6 581.9 582.7 549.5 529.4 507.1 457.5 429.5 436.2 415.2 370.5 357 375.3 412.5 435.3 425.2 370.6 345.3 384.1 -9999 -9999 597.1 634.2 551.2 -9999 -9999 -9999 -9999 -9999 -9999 -9999 -9999 -9999 -9999 -9999 -9999 -9999 -9999 -9999 -9999 -9999 -9999 -9999 -9999 -9999 -9999 -9999 -9999 -9999 -9999 758.7 888.1 1103 -9999 -9999 -9999 -9999 -9999 -9999 -9999 -9999
429.9 428.7 434.7 455.8 474 483 457.9 443.7 450.5 426.4 433.2 437.8 447.3 487 564.9 627.8 652 616.7 576.4 554.5 513.5 451 423.1 416 390.6 368.6 368.3 387.7 413.6 455.4 457.6 426.3 423 -9999 -9999 -9999 705.3 815.1 663.8 -9999 -9999 -9999 -9999 -9999 -9999 -9999 -9999 -9999 -9999 -9999 -9999 -9999 -9999 -9999 -9999 -9999 -9999 -9999 -9999 -9999 -9999 -9999 -9999 -9999 -9999 626 1027.1 -9999 -9999 -9999 -9999 -9999 -9999 -9999 -9999 -9999
483.5 480.7 468.6 469.5 477.5 463.7 444.8 437.7 411.4 417.6 436.8 463.2 499.9 540.3 592.4 674.7 713.6 680.4 637.3 597.9 544.5 492.9 452.9 415.4 380 351.5 356.9 396.8 444.4 458.7 471.9 471.9 501.9 -9999 -9999 -9999 635.9 588.7 587.4 -9999 -9999 -9999 -9999 -9999 -9999 -9999 -9999 -9999 -9999 -9999 -9999 -9999 -9999 -9999 -9999 -9999 -9999 -9999 -9999 -9999 -9999 -9999 -9999 -9999 1445.1 -9999 -9999 -9999 -9999 -9999 -9999 -9999 -9999 -9999 -9999 -9999
536.7 536.6 524.8 519.8 514 486 476.5 466.3 449.2 460.2 494.1 527.7 559.8 548.8 570.7 610.2 628.8 644.8 634.3 601.2 554.5 528.3 511.9 472.5 433.9 393.7 396.3 459.2 525.6 571.5 570.5 525.9 514.2 -9999 -9999 -9999 546.9 530.9 553.8 506.2 -9999 -9999 -9999 -9999 -9999 -9999 -9999 -9999 -9999 -9999 -9999 -9999 -9999 -9999 -9999 -9999 -9999 -9999 -9999 -9999 -9999 -9999 1065.8 1108.1 -9999 -9999 -9999 -9999 -9999 -9999 -9999 -9999 -9999 -9999 -9999 -9999
587.7 595.9 577.5 572.5 558.9 525.7 488.7 447.3 444.4 444 483.7 504.3 515.5 545.4 575.3 599.2 617.1 645.1 662 626.5 585 584.7 581.3 544.4 523 511.1 586.7 722 772.9 721.3 619.3 512.5 470.8 -9999 -9999 -9999 572.5 613.2 703.4 699.9 -9999 -9999 -9999 -9999 -9999 -9999 -9999 -9999 -9999 -9999 -9999 -9999 -9999 -9999 -9999 -9999 -9999 -9999 -9999 -9999 -9999 -9999 -9999 -9999 -9999 -9999 -9999 -9999 -9999 -9999 -9999 -9999 -9999 -9999 -9999 -9999
