datasets/global_precipitation_1950_2017/rasters/precip_1993-total.asc
NCOLS 720 
NROWS 347 
XLLCORNER -180 
YLLCORNER -90 
CELLSIZE 0.5 
NODATA_value -9999 
[rows 306 to 339 of 347, columns 152 to 227 of 720]
-9999 -9999 -9999 -9999 -9999 -9999 -9999 -9999 -9999 -9999 -9999 -9999 -9999 -9999 -9999 -9999 -9999 -9999 -9999 -9999 -9999 -9999 -9999 -9999 -9999 -9999 -9999 -9999 -9999 -9999 -9999 -9999 -9999 -9999 -9999 -9999 -9999 -9999 -9999 -9999 -9999 -9999 -9999 -9999 -9999 -9999 -9999 -9999 -9999 -9999 -9999 -9999 -9999 -9999 -9999 -9999 -9999 379.3 -9999 -9999 -9999 -9999 -9999 -9999 -9999 193.1 170.9 148.2 133 -9999 -9999 91.8 92 95.9 102 102.6
-9999 -9999 -9999 -9999 -9999 -9999 -9999 -9999 -9999 -9999 -9999 -9999 -9999 -9999 -9999 -9999 -9999 -9999 -9999 -9999 -9999 -9999 -9999 -9999 -9999 -9999 -9999 -9999 -9999 -9999 -9999 -9999 -9999 -9999 -9999 -9999 -9999 -9999 -9999 -9999 -9999 -9999 -9999 -9999 -9999 -9999 -9999 -9999 -9999 -9999 -9999 -9999 -9999 -9999 -9999 -9999 -9999 -9999 -9999 -9999 -9999 -9999 -9999 -9999 -9999 -9999 195.5 -9999 164.4 150.8 -9999 -9999 135.3 137.3 144.9 153.3
-9999 -9999 -9999 -9999 -9999 -9999 -9999 -9999 -9999 -9999 -9999 -9999 -9999 -9999 -9999 -9999 -9999 -9999 -9999 -9999 -9999 -9999 -9999 -9999 -9999 -9999 -9999 -9999 -9999 -9999 -9999 -9999 -9999 -9999 -9999 -9999 -9999 -9999 -9999 -9999 -9999 -9999 -9999 -9999 -9999 -9999 -9999 -9999 -9999 -9999 -9999 -9999 -9999 -9999 -9999 -9999 -9999 -9999 -9999 -9999 -9999 -9999 -9999 -9999 -9999 -9999 219.3 202.6 190.6 180 174.8 -9999 -9999 174.9 181.9 193.3
-9999 -9999 -9999 -9999 -9999 -9999 -9999 -9999 -9999 -9999 -9999 -9999 -9999 -9999 -9999 -9999 -9999 -9999 -9999 -9999 -9999 -9999 -9999 -9999 -9999 -9999 -9999 -9999 -9999 -9999 -9999 -9999 -9999 -9999 -9999 -9999 -9999 -9999 -9999 -9999 -9999 -9999 -9999 -9999 -9999 -9999 -9999 -9999 -9999 -9999 -9999 -9999 -9999 -9999 -9999 -9999 -9999 -9999 -9999 -9999 -9999 -9999 294.9 277.3 262.8 249.5 237 227.8 219.1 212.6 210.6 210 -9999 212.9 219.9 227.8
-9999 -9999 -9999 -9999 -9999 -9999 -9999 -9999 -9999 -9999 456 -9999 -9999 -9999 -9999 -9999 -9999 -9999 -9999 -9999 -9999 -9999 -9999 -9999 -9999 -9999 -9999 -9999 -9999 -9999 -9999 -9999 -9999 -9999 -9999 -9999 -9999 -9999 -9999 -9999 -9999 -9999 -9999 -9999 -9999 -9999 -9999 -9999 -9999 -9999 -9999 -9999 -9999 -9999 -9999 -9999 -9999 -9999 311.2 313.4 298.6 285.8 277.1 -9999 258.8 250.6 243.7 238.1 234.9 232.7 232.8 234.4 -9999 -9999 250.1 261.2
-9999 -9999 -9999 -9999 -9999 -9999 -9999 463 462 463.6 463.3 462.9 462 461.1 458.6 -9999 -9999 -9999 -9999 -9999 -9999 -9999 -9999 -9999 -9999 -9999 -9999 -9999 -9999 -9999 -9999 -9999 -9999 -9999 -9999 -9999 -9999 -9999 -9999 -9999 -9999 -9999 -9999 -9999 -9999 -9999 -9999 -9999 -9999 -9999 -9999 -9999 -9999 -9999 -9999 -9999 -9999 -9999 -9999 -9999 -9999 -9999 -9999 -9999 -9999 236.6 -9999 234.2 234.9 237 -9999 -9999 -9999 -9999 263.4 272.4
-9999 477 -9999 -9999 -9999 -9999 -9999 -9999 467.2 467.4 -9999 -9999 -9999 -9999 -9999 -9999 -9999 -9999 -9999 -9999 -9999 -9999 -9999 -9999 -9999 374.9 -9999 -9999 -9999 -9999 338.2 331.4 -9999 -9999 -9999 -9999 -9999 -9999 -9999 -9999 -9999 -9999 -9999 -9999 -9999 -9999 -9999 -9999 -9999 -9999 -9999 247.6 244.5 -9999 -9999 -9999 -9999 -9999 -9999 -9999 -9999 -9999 -9999 -9999 -9999 -9999 -9999 -9999 -9999 -9999 -9999 -9999 -9999 257.1 266.2 275.8
-9999 495.2 492.9 490 487.8 484.7 481.5 473.8 468.9 472.4 466.6 460.4 452.9 446.4 -9999 -9999 420.3 410.5 401.1 392.1 381.9 370 354.9 344.1 334.1 -9999 -9999 304.8 295.6 287.5 278.2 268.5 259.6 251.9 -9999 243.5 239 -9999 -9999 -9999 -9999 -9999 -9999 -9999 -9999 -9999 -9999 -9999 198.6 193.3 -9999 191.4 189.6 -9999 -9999 -9999 182.4 184.7 185.1 -9999 181.1 -9999 -9999 -9999 -9999 -9999 197.4 -9999 211.4 219.1 227 235.4 243 252.7 261.7 272.9
-9999 -9999 512.2 508 503.3 -9999 -9999 485.9 478.7 469.1 461.2 451.7 440.8 429.5 417.7 405.3 392.9 380.3 367.7 355.2 341.8 328.5 314.5 301.4 289.2 277.9 268.9 256.9 242.7 231.2 220.2 209.8 200 192.6 187.7 183.3 179.6 175.1 170.3 162.7 159 155.4 156 -9999 -9999 -9999 153.1 155 155.7 152.9 151.5 150.2 151.1 151.5 -9999 -9999 152.2 154.6 155.8 156.1 157.9 160.4 164.6 168.6 172.7 178.4 183.4 191.1 199.2 207.3 215.7 224.1 233.2 242.8 254 264.9
-9999 -9999 -9999 -9999 -9999 499.9 490.7 480.6 469.7 458.4 446.6 434.1 421.2 407.2 392.9 378.2 363.6 348.5 333.8 318.5 302.9 287.4 277.3 263 247.6 230.8 218.9 205.7 194.9 184.9 175.7 164.9 159.4 148.7 139 129.7 130.7 123.5 116.6 114 112.4 111.4 111.5 112.5 114.3 116.2 118.6 119.4 121.3 123.5 125.6 126.9 128.4 129.8 131.6 133.5 134.7 136.2 138.6 141.4 144.9 148.5 152 156.2 162.1 167.8 174.3 179.8 185.9 194.4 202.7 212.6 222.3 232.4 243 254.5
-9999 -9999 -9999 -9999 -9999 -9999 -9999 -9999 453.5 439.3 427 409.5 394.4 379.1 364.5 349.9 334.2 320 305.1 289.6 273.9 258.5 241.3 225.1 209.1 193 177.9 166.5 152.6 140.1 128.8 119 109.2 101.4 96.1 91.1 86.7 83.7 80.9 78.3 78 76.4 77.7 79.9 83.2 89.2 95.4 101.8 107 112.1 116.5 122.3 127.4 130.9 133.3 134.4 134.2 133.7 133.6 134.2 137.4 141.2 144.9 149 154.1 159.4 164.9 170.9 176.9 184.6 192.7 202.2 211.7 221.1 231.8 241.8
495.7 489.9 482.3 477.8 -9999 -9999 -9999 -9999 -9999 413.6 397.5 381.1 364.7 348.8 333.3 318.2 303.8 289.7 277 259.7 244.9 229.2 213.7 197.8 182.5 166.6 151.5 136.7 122.2 110.4 101.3 91.8 82.9 75.4 67.1 60.6 55 50.9 49.6 48.8 49.6 51.9 55.4 62.2 66.8 73.3 81.1 89.6 97.6 105 112 119.6 126.4 134.1 137.7 138.6 137.6 136 134.2 133.6 134.3 136.9 140.8 144.7 149 153.8 159.1 164.9 171.2 177.3 184.3 192.9 202 211.2 220.8 230.2
462.1 454.8 446.4 436.9 431.7 425.4 418.3 409.2 396.5 380.8 364.9 349.1 332.2 316.9 302.1 287.8 273.7 259.5 245.3 231.2 217.2 202.2 187.5 172.9 158.3 141.9 126 111.9 102.4 93.2 84.5 76.1 68.1 59.1 50.5 43.8 39 35.1 32.8 31.1 34.6 39.4 44.2 48.9 55.4 62.1 69.4 76.8 84 91.8 98.9 105.5 111.6 117.3 121.7 124.7 126.5 127.5 128 129.6 130.9 134.2 136.6 140.4 144.3 148.7 153.6 158.6 164.7 170.3 176.1 183.2 190.5 202.2 209.8 217.3
402 406.9 398.8 389.9 382.8 375.3 368.4 362 351.5 338.2 324.5 311.4 298.7 285.7 273 259.1 246.3 232.7 218.8 205.8 191.2 174.4 160.6 147.1 139.3 121.4 111.3 102.7 91.3 83.1 74.8 67.2 60 53.3 48 42.6 39.6 36.6 35.4 34.5 36.1 39.7 44.1 49 54.3 59.6 64.9 70.4 75.5 81.6 87.9 -9999 -9999 -9999 107 110.9 114 118 119.4 122.3 126.8 130.1 133.3 137.7 141.9 146.4 150.4 155.3 160.3 165.8 171.3 -9999 -9999 -9999 -9999 -9999
347.5 342.3 339.9 337 329.8 322.1 313.8 304.7 297.1 290.9 283.5 274.7 263.5 250.3 237.9 226 214.6 203 191.2 180.4 167.2 155.7 144.9 134.6 124.4 114.5 105 96 87.3 87.9 73.8 68.8 65.5 61.5 56.2 52.9 51.3 48 48.5 47.4 48.7 50.7 53.2 56.1 59.3 62.6 66 69.3 73.1 76.8 80.1 84.5 89.1 -9999 -9999 -9999 -9999 -9999 -9999 -9999 -9999 -9999 -9999 -9999 -9999 -9999 -9999 -9999 -9999 -9999 -9999 -9999 -9999 -9999 -9999 -9999
259.9 258.9 256.6 253.8 252.3 247.4 242 236.3 231.8 228 223.5 217.9 211.8 203.7 195.2 186.6 177.8 172.9 165.5 157.4 149.4 141.7 133.1 125.7 117.3 108.6 101.1 94.5 89.4 85.7 82.2 78.9 75.8 73.8 70.9 68 65.7 64 63.2 63.1 63.1 63.2 64 68.1 69.3 70.8 71.1 73.9 76.1 78.6 81.1 84 87.2 90.2 94.4 -9999 -9999 -9999 -9999 -9999 -9999 -9999 -9999 -9999 -9999 -9999 -9999 -9999 -9999 -9999 -9999 -9999 -9999 -9999 -9999 -9999
175.9 176.3 176.9 177.2 177.4 175 175.7 173.3 170.8 167.8 165.4 162.5 158.8 154.8 150.6 146.2 141.8 137 132.1 127.5 123.6 119 114.7 109.8 104.3 99 100.5 92 89.7 87.6 85.9 84.5 82.5 80.2 78.3 76.5 75.3 75.1 75.1 75.3 75.7 73.4 74.3 75.2 76.4 77.9 79.3 80.2 81.4 82.6 85.9 87.5 89.7 91.9 95.7 98 101.6 103.6 107 110.3 113.7 117.3 -9999 -9999 -9999 -9999 -9999 -9999 -9999 -9999 -9999 -9999 -9999 -9999 -9999 -9999
103.9 105.9 107.6 108.8 109.1 109.3 109.5 112.4 109.8 110 109.7 109.4 108 106.6 105.5 103.2 100.6 97.9 96.5 95.2 94.1 92.9 91.8 89.9 89.5 85.8 84.3 83.6 83.1 82.3 81.2 80.4 80.4 79.3 78.9 78.7 78.4 78.3 80 78.7 79.3 80 80.7 81.9 82.7 83.4 84 84.8 86.8 88.3 90.5 -9999 -9999 -9999 -9999 -9999 -9999 -9999 -9999 -9999 -9999 -9999 -9999 -9999 -9999 -9999 -9999 -9999 -9999 -9999 -9999 -9999 -9999 -9999 -9999 -9999
53.9 55.7 57.6 59.4 59.7 60.1 60.6 60.9 62 63.5 64.8 66.3 67.6 68.1 67.5 67.1 66.8 66.5 66.3 66.4 67 67.5 67.9 68.1 68.9 69.2 68.8 68.3 68.8 69.2 70.1 71 71.8 72.3 73 73.8 75 75.5 76.5 77.5 78.8 -9999 -9999 -9999 -9999 -9999 85.8 87 88.6 90.7 91.9 93.4 -9999 -9999 -9999 -9999 -9999 -9999 -9999 -9999 -9999 -9999 -9999 -9999 -9999 -9999 -9999 -9999 -9999 127.7 129.7 131.3 133.9 -9999 -9999 -9999
23.8 24.6 30.2 27.8 29.7 31.6 31.7 34.8 35.4 33.8 34.7 34.6 34.7 36.4 38.7 40.9 41.7 44.8 45.8 44.6 46.1 46.5 46.9 47.6 48.4 49.3 50.6 51.8 53 54.1 55.1 55.5 57.2 58.7 60.3 61.7 63.5 65.4 67 68 70.4 71.9 73.5 74.9 76.9 -9999 -9999 82.7 84.5 86.4 -9999 -9999 -9999 -9999 -9999 -9999 -9999 -9999 -9999 -9999 -9999 -9999 -9999 -9999 -9999 115 116 118 119.5 -9999 -9999 -9999 -9999 -9999 -9999 -9999
8.9 9.7 13 13.6 11.6 12.8 13.9 14.6 15.1 15.7 16 16 20 20.8 18 19.1 20.4 21.9 23.4 23.9 25 26.2 27.9 29.3 30.5 32.2 33.7 34.9 36.2 37.5 38.7 39.9 40.8 42.3 44.3 45.1 47.3 49 51.2 53 54.9 57 59.2 60.7 63.5 65.3 67.1 69 71.2 73.5 75.7 77.9 80.3 82.2 84.9 87.2 -9999 -9999 -9999 -9999 -9999 -9999 -9999 -9999 -9999 -9999 -9999 -9999 -9999 -9999 -9999 -9999 -9999 -9999 -9999 -9999
2.8 3.5 4.1 4.4 4.8 5 5.2 5.4 5.8 6.2 6.8 7.3 7.8 7.6 8.9 8.2 9 10.3 11 10.9 11.6 12.2 15.4 16.6 16.3 18 19.5 21 22.5 23.4 25 26.1 27.5 29.1 30.4 31.7 33.5 35.1 36.4 37.6 38.9 40.5 42.2 43.8 45.8 47.6 49.4 51.2 53.3 55.7 57.7 59.6 62.2 64.5 66.8 69.1 -9999 -9999 -9999 -9999 -9999 -9999 -9999 -9999 -9999 -9999 -9999 -9999 -9999 -9999 -9999 -9999 -9999 -9999 -9999 -9999
0.3 0.5 0.7 0.9 1 1.1 1.4 1.7 2.4 2.5 2.3 2.5 2.8 2.9 3.2 3.3 3.9 3.6 3.8 4.4 4.7 5.3 5.8 6.7 7.2 7.7 8.3 8.7 10 11.6 12.9 14.4 15.7 16.9 18.2 19.3 20.5 21.9 22.8 24.2 25.5 27 28.2 29.7 31 32.4 34 35.2 36.5 38.3 39.6 41.2 42.9 45.1 47.2 47.9 50.1 -9999 -9999 -9999 -9999 -9999 -9999 -9999 -9999 -9999 -9999 -9999 -9999 -9999 -9999 -9999 -9999 -9999 -9999 -9999
0 0.1 0.1 0.2 0.2 0.4 0.5 0.6 0.7 0.8 1.1 1.1 1.3 1.8 2 2.2 2.3 2.8 3.1 3.2 3.5 3.8 3.9 4.2 4.7 5 5.1 5.5 5.8 6.2 6.5 6.9 7.2 7.6 8.5 9.4 10.3 11.3 12.3 13.6 14.6 15.8 16.6 16.9 17.8 18.8 19.2 20.2 21.3 22.2 23.4 24.4 25.6 26.7 28.1 29.2 30.6 31.8 33.1 34.7 36.4 38 39.4 41.2 41.8 43.1 43.8 44.8 45.9 47.8 49.4 50.7 52.3 -9999 -9999 -9999
0 0 0 0 0 0 0 0 0 0 0 0.3 0.1 0.2 0.2 0.6 0.4 0.6 0.7 0.9 1.2 1 1 1.1 1.5 1.9 2.1 2.5 2.7 2.7 2.9 2.8 3 3 3.4 3.8 4.5 5.1 5.5 5.5 5.6 5.9 6 6.2 6.4 6.9 7.1 7.9 8.5 9.2 9.6 10.3 11 11.7 12.4 13.1 13.8 14.8 15.9 17.3 18.9 20.6 22.2 23.3 23.9 24.6 25.2 25.7 26.7 28.2 29.7 31 32.6 33.4 33.7 33.9
0 0 0 0 0 0 0 0 0 0 0 0 0 0 0 0 0 0.1 0.2 0 0 0.1 0.2 0.2 0.3 0.5 0.6 0.9 1.1 1.2 1.2 1.2 1.3 1.5 1.7 2.1 2.4 2.9 2.9 3.1 3.1 3.2 3.4 3.4 3.5 3.6 3.8 4 4.1 4.3 4.5 4.8 5 5.3 5.6 5.9 6 6.3 6.9 7.4 7.8 8.6 9.6 10.3 10.7 11.2 11.6 12 13.3 14.6 15.9 17.2 18.4 19.3 19.9 20.3
0 0 0 0 0 0 0 0 0 0 0 0 0 0 0 0 0 0 0 0 0 0 0 0 0 0 0 0 0 0 0.1 0.1 0.1 0.2 0.5 0.7 1 1.3 1.4 1.5 1.5 1.6 1.8 1.8 1.9 1.9 2.1 2.2 2.3 2.4 2.6 2.7 2.8 3.1 3.1 3.4 3.6 3.8 4.2 4.7 5.3 5.8 5.7 6.1 6.5 7.4 7.6 8 8.5 9.1 9.7 10.4 11.1 11.5 11.8 12.2
0 0 0 0 0 0 0 0 0 0 0 0 0 0 0 0 0 0 0 0 0 0 0 0 0 0 0 0 0 0 0 0 0 0 0 0 0 0.1 0.3 0.3 0.3 0.4 0.4 0.5 0.5 0.6 0.7 0.7 0.8 0.8 0.9 1.1 1.2 1.3 1.4 1.5 1.6 2.9 3.1 2.4 2.8 3.3 3.8 4 4.2 4.5 4.8 6.2 6.5 5.9 6.4 6.8 7.3 7.7 8 8.3
0 0 0 0 0 0 0 0 0 0 0 0 0 0 0 0 0 0 0 0 0 0 0 0 0 0 0 0 0 0 0 0 0 0 0 0 0 0 0 0 0 0 0 0 0 0 0.1 0.1 0.1 0.1 0.2 0.3 0.3 0.4 0.5 0.6 0.6 1.3 1.4 1 1.3 1.6 2 2.2 2.5 2.5 2.6 3.7 4 3.4 3.8 4.2 4.6 4.9 5.1 5.3
0 0 0 0 0 0 0 0 0 0 0 0 0 0 0 0 0 0 0 0 0 0 0 0 0 0 0 0 0 0 0 0 0 0 0 0 0 0 0 0 0 0 0 0 0 0 0 0 0 0 0 0 0.1 0.1 0.2 0.2 0.2 0.7 0.8 0.6 0.7 0.9 1.1 1.2 1.3 1.4 1.5 2.3 2.5 2 2.2 2.5 2.7 3 3.1 3.2
0 0 0 0 0 0 0 0 0 0 0 0 0 0 0 0 0 0 0 0 0 0 0 0 0 0 0 0 0 0 0 0 0 0 0 0 0 0 0 0 0 0 0 0 0 0 0 0 0 0 0 0.1 0.1 0.1 0.1 0.2 0.2 0.6 0.6 0.4 0.6 0.7 0.8 0.9 0.9 1 1.1 1.5 1.6 1.3 1.4 1.5 1.7 1.8 1.9 1.9
0 0 0 0 0 0 0 0 0 0 0 0 0 0 0 0 0 0 0 0 0 0 0 0 0 0 0 0 0 0 0 0 0 0 0 0 0 0 0 0 0 0 0 0 0 0 0 0 0 0 0 0 0.1 0.2 0.2 0.2 0.2 0.5 0.3 0.4 0.5 0.5 0.6 0.7 0.7 0.8 0.8 1.1 1.2 1 1.1 1.2 1.2 1.3 1.3 1.4
0 0 0 0 0 0 0 0 0 0 0 0 0 0 0 0 0 0 0 0 0 0 0 0 0 0 0 0 0 0 0 0 0 0 0 0 0 0 0 0 0 0 0 0 0 0 0 0 0.1 0 0 0 0 0.1 0.1 0.1 0.2 0.2 0.3 0.3 0.3 0.4 0.5 0.6 0.5 0.5 0.6 0.6 0.7 0.8 0.8 0.9 0.9 0.9 1 1
0 0 0 0 0 0 0 0 0 0 0 0 0 0 0 0 0 0 0 0 0 0 0 0 0 0 0 0 0 0 0 0 0 0 0 0 0 0 0 0 0 0 0 0 0 0 0 0 0.1 0.1 0 0 0.1 0.1 0 0.1 0.1 0.2 0.2 0.2 0.2 0.3 0.3 0.3 0.3 0.3 0.3 0.4 0.4 0.4 0.4 0.4 0.5 0.5 0.5 0.6
