datasets/global_precipitation_1950_2017/rasters/precip_2006-total.asc
NCOLS 720 
NROWS 347 
XLLCORNER -180 
YLLCORNER -90 
CELLSIZE 0.5 
NODATA_value -9999 
[rows 0 to 33 of 347, columns 532 to 607 of 720]
-9999 -9999 -9999 -9999 -9999 -9999 -9999 -9999 -9999 -9999 -9999 -9999 -9999 -9999 -9999 -9999 -9999 -9999 -9999 -9999 -9999 -9999 -9999 -9999 -9999 -9999 -9999 -9999 -9999 -9999 -9999 -9999 -9999 -9999 -9999 -9999 -9999 -9999 -9999 -9999 -9999 -9999 -9999 -9999 -9999 -9999 -9999 -9999 -9999 -9999 -9999 -9999 -9999 -9999 -9999 -9999 -9999 -9999 -9999 -9999 -9999 -9999 -9999 -9999 -9999 -9999 -9999 -9999 -9999 -9999 -9999 -9999 -9999 -9999 -9999 -9999
-9999 -9999 -9999 -9999 -9999 -9999 -9999 -9999 -9999 -9999 -9999 -9999 -9999 -9999 -9999 -9999 -9999 -9999 -9999 -9999 -9999 -9999 -9999 -9999 -9999 -9999 -9999 -9999 -9999 -9999 -9999 -9999 -9999 -9999 -9999 -9999 -9999 -9999 -9999 -9999 -9999 -9999 -9999 -9999 -9999 -9999 -9999 -9999 -9999 -9999 -9999 -9999 -9999 -9999 -9999 -9999 -9999 -9999 -9999 -9999 -9999 -9999 -9999 -9999 -9999 -9999 -9999 -9999 -9999 -9999 -9999 -9999 -9999 -9999 -9999 -9999
-9999 -9999 -9999 -9999 -9999 -9999 -9999 -9999 -9999 -9999 -9999 -9999 -9999 -9999 -9999 -9999 -9999 -9999 -9999 -9999 -9999 -9999 -9999 -9999 -9999 -9999 -9999 -9999 -9999 -9999 -9999 -9999 -9999 -9999 -9999 -9999 -9999 -9999 -9999 -9999 -9999 -9999 -9999 -9999 -9999 -9999 -9999 -9999 -9999 -9999 -9999 -9999 -9999 -9999 -9999 -9999 -9999 -9999 -9999 -9999 -9999 -9999 -9999 -9999 -9999 -9999 -9999 -9999 -9999 -9999 -9999 -9999 -9999 -9999 -9999 -9999
-9999 -9999 -9999 -9999 -9999 -9999 -9999 -9999 -9999 -9999 -9999 -9999 -9999 -9999 -9999 -9999 -9999 -9999 -9999 -9999 -9999 -9999 -9999 -9999 -9999 -9999 -9999 -9999 -9999 -9999 -9999 -9999 -9999 -9999 -9999 -9999 -9999 -9999 -9999 -9999 -9999 -9999 -9999 -9999 -9999 -9999 -9999 -9999 -9999 -9999 -9999 -9999 -9999 -9999 -9999 -9999 -9999 -9999 -9999 -9999 -9999 -9999 -9999 -9999 -9999 -9999 -9999 -9999 -9999 -9999 -9999 -9999 -9999 -9999 -9999 -9999
-9999 -9999 -9999 -9999 -9999 -9999 -9999 -9999 -9999 -9999 -9999 -9999 -9999 -9999 -9999 -9999 -9999 -9999 -9999 117.2 -9999 -9999 -9999 -9999 -9999 -9999 -9999 -9999 -9999 -9999 -9999 -9999 -9999 -9999 -9999 -9999 -9999 -9999 -9999 -9999 -9999 -9999 -9999 -9999 -9999 -9999 -9999 -9999 -9999 -9999 -9999 -9999 -9999 -9999 -9999 -9999 -9999 -9999 -9999 -9999 -9999 -9999 -9999 -9999 -9999 -9999 -9999 -9999 -9999 -9999 -9999 -9999 -9999 -9999 -9999 -9999
-9999 -9999 -9999 -9999 -9999 -9999 -9999 -9999 -9999 -9999 -9999 -9999 -9999 124.5 -9999 121.1 119.8 119.8 116.5 115.5 114.4 114.4 112.5 111.6 -9999 -9999 -9999 -9999 -9999 -9999 -9999 -9999 -9999 -9999 -9999 -9999 -9999 -9999 -9999 -9999 -9999 -9999 -9999 -9999 -9999 -9999 -9999 -9999 -9999 -9999 -9999 -9999 -9999 -9999 -9999 -9999 -9999 -9999 -9999 -9999 -9999 -9999 -9999 -9999 -9999 -9999 -9999 -9999 -9999 -9999 -9999 -9999 -9999 -9999 -9999 -9999
-9999 -9999 -9999 -9999 -9999 -9999 -9999 -9999 -9999 -9999 -9999 -9999 125 122.5 -9999 118.9 117.2 116.2 114.3 113.1 112 111.1 109.9 -9999 -9999 -9999 -9999 -9999 -9999 -9999 -9999 -9999 -9999 -9999 -9999 -9999 -9999 -9999 -9999 -9999 -9999 -9999 -9999 -9999 -9999 -9999 -9999 -9999 -9999 -9999 -9999 -9999 -9999 -9999 -9999 -9999 -9999 -9999 -9999 -9999 -9999 -9999 -9999 -9999 -9999 -9999 -9999 -9999 -9999 -9999 -9999 -9999 -9999 -9999 -9999 -9999
-9999 -9999 -9999 -9999 -9999 -9999 -9999 -9999 -9999 -9999 -9999 -9999 -9999 113.2 112.1 -9999 111.1 110.5 110 109.5 109.6 -9999 108.2 107 105 103.8 99.4 95.4 -9999 -9999 -9999 -9999 -9999 -9999 -9999 -9999 -9999 -9999 -9999 -9999 -9999 -9999 -9999 -9999 -9999 -9999 -9999 -9999 -9999 -9999 -9999 -9999 -9999 -9999 -9999 -9999 -9999 -9999 -9999 -9999 -9999 -9999 -9999 -9999 -9999 -9999 -9999 -9999 -9999 -9999 -9999 -9999 -9999 -9999 -9999 -9999
-9999 -9999 -9999 -9999 -9999 -9999 -9999 -9999 -9999 -9999 -9999 -9999 -9999 -9999 -9999 -9999 -9999 111.3 112.6 113.6 115 115.8 115.8 114.6 112.2 108.5 103.2 -9999 -9999 -9999 -9999 70.4 -9999 61.9 -9999 -9999 -9999 -9999 -9999 -9999 -9999 -9999 -9999 -9999 -9999 -9999 -9999 -9999 -9999 -9999 -9999 -9999 -9999 -9999 -9999 -9999 -9999 -9999 -9999 -9999 -9999 -9999 -9999 -9999 -9999 -9999 -9999 -9999 -9999 -9999 -9999 -9999 -9999 -9999 -9999 -9999
-9999 -9999 -9999 -9999 -9999 -9999 -9999 -9999 -9999 -9999 -9999 -9999 -9999 -9999 -9999 -9999 -9999 -9999 -9999 -9999 -9999 -9999 -9999 -9999 -9999 -9999 -9999 -9999 -9999 97.1 87.4 81.6 76.6 73.2 69.7 66.8 64 61.7 60.6 -9999 -9999 -9999 -9999 -9999 -9999 -9999 -9999 -9999 -9999 -9999 -9999 -9999 -9999 -9999 -9999 -9999 -9999 -9999 -9999 -9999 -9999 -9999 -9999 -9999 -9999 -9999 -9999 -9999 -9999 -9999 -9999 -9999 -9999 -9999 -9999 -9999
-9999 -9999 -9999 -9999 -9999 -9999 -9999 -9999 -9999 -9999 -9999 -9999 -9999 -9999 -9999 -9999 -9999 -9999 -9999 -9999 -9999 -9999 -9999 -9999 -9999 -9999 -9999 -9999 94.1 88.6 83.1 77.8 72.9 68.9 65.6 62.2 -9999 -9999 -9999 -9999 43.6 -9999 -9999 -9999 -9999 -9999 -9999 -9999 -9999 -9999 -9999 -9999 -9999 -9999 -9999 -9999 -9999 -9999 -9999 -9999 -9999 -9999 -9999 -9999 -9999 -9999 -9999 -9999 -9999 -9999 -9999 -9999 -9999 -9999 -9999 -9999
-9999 -9999 -9999 -9999 -9999 -9999 -9999 -9999 -9999 -9999 -9999 -9999 -9999 -9999 -9999 -9999 -9999 -9999 -9999 -9999 -9999 -9999 -9999 -9999 -9999 -9999 -9999 -9999 -9999 -9999 -9999 -9999 -9999 -9999 -9999 -9999 -9999 -9999 -9999 -9999 -9999 -9999 -9999 -9999 -9999 -9999 -9999 -9999 -9999 -9999 -9999 -9999 -9999 -9999 -9999 -9999 -9999 -9999 -9999 -9999 -9999 -9999 -9999 -9999 -9999 -9999 -9999 -9999 -9999 -9999 -9999 -9999 -9999 -9999 -9999 -9999
-9999 -9999 -9999 -9999 -9999 -9999 -9999 -9999 -9999 -9999 -9999 -9999 -9999 -9999 -9999 -9999 -9999 -9999 -9999 -9999 -9999 -9999 -9999 -9999 -9999 -9999 -9999 -9999 -9999 -9999 -9999 -9999 73.2 69.4 66.7 62.7 56.9 49.5 39.9 -9999 -9999 -9999 -9999 -9999 -9999 -9999 -9999 -9999 -9999 -9999 -9999 -9999 -9999 -9999 -9999 -9999 -9999 -9999 -9999 -9999 -9999 -9999 -9999 -9999 -9999 -9999 -9999 -9999 -9999 -9999 -9999 -9999 -9999 -9999 -9999 -9999
-9999 -9999 -9999 -9999 -9999 -9999 -9999 -9999 -9999 -9999 -9999 -9999 -9999 -9999 -9999 -9999 -9999 -9999 -9999 -9999 -9999 -9999 -9999 -9999 -9999 -9999 -9999 -9999 -9999 -9999 101 96.8 91.6 86 81.2 76.5 70.3 65.4 61.6 59.1 57.5 57.4 -9999 -9999 -9999 -9999 -9999 -9999 -9999 -9999 103.4 -9999 -9999 -9999 -9999 -9999 -9999 -9999 -9999 -9999 -9999 -9999 -9999 -9999 -9999 -9999 -9999 -9999 -9999 -9999 -9999 -9999 -9999 -9999 -9999 -9999
-9999 -9999 -9999 -9999 -9999 -9999 -9999 -9999 -9999 -9999 -9999 -9999 -9999 -9999 -9999 -9999 -9999 -9999 -9999 205 193.6 -9999 -9999 -9999 -9999 -9999 -9999 183.1 171.4 159.9 149.4 141.2 133.3 127.1 120.9 114.3 105.9 98 92 86.7 83.2 83.3 82.7 82.1 82.1 83 84.5 89 90.6 90.6 93.4 89.7 90.9 -9999 -9999 -9999 -9999 -9999 -9999 -9999 -9999 -9999 -9999 -9999 -9999 -9999 -9999 -9999 -9999 -9999 -9999 -9999 -9999 -9999 -9999 -9999
-9999 -9999 -9999 -9999 -9999 -9999 -9999 -9999 -9999 -9999 -9999 -9999 -9999 246.5 243.8 241.2 237.1 232.9 228.8 222.7 219.4 216.6 215.3 214.6 213.7 212.4 210.1 207 203 199.8 196.6 193.8 191.7 189 185.8 182.1 180.3 167.7 154.3 141.1 127.9 114 104.3 97.6 93.5 95.8 93.4 91.9 96 90.6 90.2 90.8 89 91.6 90.3 95.3 -9999 -9999 -9999 -9999 -9999 -9999 -9999 -9999 -9999 -9999 -9999 -9999 -9999 -9999 -9999 -9999 -9999 -9999 -9999 -9999
-9999 -9999 -9999 -9999 -9999 281.7 280.6 278.9 276.7 274 271 267.7 264.3 260.9 258.1 255.7 253.3 251.5 249.6 248.4 247.8 248.9 248.1 248.7 249.1 249.4 248.5 247.8 245.3 242.9 240.5 237.2 232.8 227.9 222.7 221.4 215.7 207.1 193.5 176.3 159.1 146 129.1 119.1 112.8 108.3 104.4 102.7 102.4 103 104.1 105 106.6 109.7 114.2 -9999 -9999 -9999 -9999 -9999 -9999 -9999 -9999 -9999 -9999 -9999 -9999 -9999 -9999 -9999 -9999 -9999 -9999 -9999 -9999 -9999
-9999 -9999 293.8 290.7 291.2 290.4 289.1 287.4 286.1 284.2 282.6 280.7 278.4 276.9 275.4 275.2 275.1 276.7 278.1 277.7 281.3 282 284 284.6 287.6 288 286.1 286.4 283.4 280.3 273.7 265.1 256 247.6 242.1 237.2 230.9 221.2 210.7 198.1 183.3 168.3 152.8 140.5 132.6 126 121 117.5 114 110.5 108.8 106.9 -9999 -9999 -9999 -9999 -9999 -9999 -9999 -9999 -9999 -9999 -9999 -9999 -9999 -9999 -9999 -9999 -9999 -9999 -9999 -9999 -9999 -9999 -9999 -9999
-9999 320.1 314.8 311.3 308.1 304.8 302.2 299.3 297.2 295.8 294.2 292.5 290.8 290 290.1 291.6 293.8 297.1 300.8 301.6 305.2 309.6 311.7 313.4 310.6 311.3 310.9 311.1 311.8 310.9 305.1 293.4 281.4 270.9 262.9 254.1 244.8 233.8 222.8 210.4 198 186.5 174.5 163.3 153.1 144.6 137.9 130.9 -9999 -9999 -9999 117.3 117.4 118 -9999 -9999 -9999 -9999 -9999 -9999 -9999 -9999 -9999 -9999 -9999 -9999 -9999 -9999 -9999 -9999 -9999 -9999 -9999 -9999 -9999 -9999
348.3 342.3 337.3 328.2 322.3 317.9 313.8 309.9 306.8 304.6 302.3 301.5 299.6 299.6 300.2 301.4 304.2 307.4 310.3 313 315.9 318.1 318.4 317.9 313.9 311.3 311.4 310.5 306.2 304.8 299.8 294.5 287.3 278.9 270.1 261 252 242.4 231.7 221.7 211.8 201.1 192.1 185.4 181.4 -9999 -9999 187.1 169.9 -9999 143.7 -9999 -9999 -9999 146.3 -9999 -9999 -9999 -9999 -9999 -9999 -9999 -9999 -9999 -9999 -9999 -9999 -9999 -9999 -9999 -9999 -9999 -9999 -9999 -9999 -9999
359.5 353.6 344.9 337.3 329.2 320.8 313.6 310.3 309.6 311.4 311.9 312.2 315.6 318 320.6 321.7 321.5 321.5 319 318.8 317.2 316 314.6 312.1 309.9 307.4 304.1 299.8 295.5 291.3 288.1 283.1 277.2 273.7 268 260.3 251.9 243.9 237.1 228.6 -9999 -9999 -9999 -9999 -9999 187.1 184.6 183 180.5 174.4 170.5 167.3 164 163.2 163.8 165.1 164.4 168.8 171.5 174.8 178.6 182.6 187.5 193.8 199.3 -9999 -9999 -9999 -9999 -9999 -9999 -9999 -9999 -9999 -9999 216.1
371.9 366.6 360.4 355.1 349.1 344.6 342.7 342.6 343.6 346.3 347.1 347.5 347.2 345.5 344.7 339.5 336.2 335.7 329.5 326.4 323.8 320.9 318.7 316.5 313.3 309.7 305.5 301.2 295.6 289.4 284.7 279.6 273.7 268.1 262.2 256.9 251.8 246 239.9 233.4 225.6 217.5 210.5 203.9 196.8 191.8 186.9 184.2 179.4 176.8 176.1 175.4 174.7 174.2 174.1 173.5 174.9 176 177.7 180.2 184 187.9 193.7 199 206.3 215.9 225.6 235.8 240.6 241.9 241.8 241.3 242.9 245.5 249.2 253.4
389.9 401.2 404.4 416.2 426.1 435.8 443.2 444.9 439.9 429.7 416.9 403.2 387.9 375.9 366.2 357.2 348.4 340.3 333.4 329.4 325.2 321.4 320.1 318.1 317.2 316.9 316.1 315.1 313.1 310.2 305.4 291.5 279.6 261 252.4 251.5 250.5 247.4 242.8 236.8 231.4 224.5 217.5 210.6 203.3 196.9 190.7 185.7 182.2 180.2 178.6 177.6 177.1 177.1 177.7 177.8 178.1 178.8 181.4 183 185.6 189 192 197.3 203 210.3 219.4 226.8 235.4 242.4 249.8 256.7 258.6 269.6 275.4 281.1
435.9 466.8 504.8 535.3 562.7 584.9 569.8 563.4 550.2 528.2 496.7 461.5 430.8 399.8 372.6 351.3 335.1 325.7 320.8 320.2 319.4 318.8 319.1 321.7 322.5 323.6 324.4 326 328.4 331.4 335.2 338.9 333.8 300.7 283.8 272.4 264.4 257.8 251.2 244.6 237.6 230.3 223.1 216.7 209 201.6 194.9 189.7 186.3 184 181.3 178.9 176.8 174.8 173.2 171.4 172.2 175.4 178 180.6 183.5 187.6 191.7 196 202.1 209.4 218.3 227.8 237.6 245.3 253.1 259.8 265.1 270.9 276.7 283.9
478.3 526.7 575.6 630.8 681.9 732.5 758.8 763.1 731.6 675.2 606.6 539.1 471.1 406.9 354.5 315.8 295.5 296.4 304 312.1 317.1 319.8 320.7 321.2 322.2 323.3 324 323.5 324.1 325.1 325.2 323 317.9 293 287 279.6 271.9 264.2 257.6 250.2 242.5 235.2 227.5 219.9 212.4 206.5 201.8 197.1 193.2 191.8 189.4 187.9 186.8 185.8 186.3 186.1 186.6 187.3 188.6 189.3 191.1 193.1 196.1 200.2 205.1 211.3 219.8 229.5 240.1 248.9 257.1 264.3 271.2 279.6 289.9 296.2
465.4 524.4 549.4 614.9 690.7 766.4 826.3 862.1 834.9 750.5 655.6 567 495.1 424.4 379.5 350.4 336 333.2 331.9 332.9 333.2 332.1 329.2 326.1 323.1 320.7 317.8 315.6 315.7 313.6 310.5 308.2 304.6 286.1 281.3 277.5 272.4 267.2 260.8 254.3 247.7 240.8 234.2 227.5 221.2 215.3 211.3 207.8 205.4 205.9 204.6 205.5 206.8 207.8 210.2 211.8 211.5 210.7 208.4 208.1 207.8 207.9 209.7 212.2 216.7 223 232.2 240.7 250.8 259.8 267.6 275.5 282.6 290.5 299.1 305.6
410 438.2 473.5 515.7 547.7 584.6 614 633.3 633.3 611.6 575.3 533.9 485.2 454.5 424.5 401.5 384.2 372.2 361.3 354.8 348.6 342.3 336.2 329.5 324 318 313 308.9 304.7 302 299.3 295 293.7 283.4 279.9 276.8 273 268.2 264.1 259.9 253.9 249.1 243.7 238.6 233.2 229.8 225.5 223.3 222 221.2 221.9 222.6 225.4 229.3 232.4 234.2 234.5 232.9 230.2 227.6 225.9 225.6 226.7 228 232.3 237.4 243.9 250.9 258.4 265.3 272.3 278.7 285.1 290.2 295.1 299.2
373 375.1 397.5 423.2 444.2 463.1 481.5 493.4 501.8 498.1 496.6 482.5 466.6 452 435.6 419.2 406.3 391.6 378.8 365.3 354.4 343.5 333.2 325.9 319 312.4 307.8 304.4 300.3 296.9 293.7 290.6 286.6 282.3 277.3 273.2 269.7 266.1 262.3 259.4 256.1 251.2 247.4 243 238.4 233.3 228.8 225.8 223.5 222.9 222.9 224.3 226.3 228.8 231.5 233.2 234.2 234.1 233.5 232.9 231.9 232.7 233.4 235.2 236.9 239.5 243.6 248.5 253.8 259.6 264.6 269.6 273.5 276.7 279.6 282.8
447.4 408.2 416.1 429 432.3 434 439.3 446.2 452.3 456.1 457 454.4 449.7 443.1 433.7 423.1 410.7 394.3 376.9 366 350.3 337 325.1 317.4 311.9 305.3 302.3 298.8 296.4 294.4 291.4 286.4 281.1 276 271.6 266.6 261.9 258.8 255 251.1 248.9 244.1 242.1 235.5 230.7 226.5 223.3 217.5 214.2 211.7 210.5 210.5 210.5 213 216.6 220.2 223.3 226.1 228.5 230.6 231.5 232.5 233.5 234.7 235.9 238 241 244.1 248.9 252.5 255.9 259.2 261.1 262.6 263.7 264.9
489 484.6 476.5 469.4 466.3 461.9 456.3 451.3 453.1 450.6 450.2 447 443 438.5 432.8 426.9 417.1 402 381.7 360.6 341.7 328 317.7 309.9 303.7 298.6 294.5 290.9 288.6 287.5 286.5 276 271.6 263.4 256.7 251.3 247.5 246 242.4 240 236.3 232.2 227.5 222.7 218 214.5 211.7 208.3 203 198.5 193.9 189.4 188 195 201.7 207.6 213.6 219 223.1 226.8 229.6 231.1 232.4 234.2 235.8 236.8 239.5 242.8 246.7 250.5 254.3 256.6 258.7 259.4 259.6 259.5
520.9 526 530 532.9 522.4 506.7 491.5 478.8 470.1 462.1 456.3 451.6 447.8 446.6 442.5 439 435.5 423.5 404.2 381.8 358.8 337.9 322 309.2 297.9 289.9 283.6 279.3 276.5 266.6 263.7 260.7 252.6 243.5 238.7 235.8 233.2 230.8 229.8 228.1 223.6 221.2 217.9 214.3 210.7 208.9 207.4 204.6 202.5 199.9 197.2 196.7 199.1 202.3 205.9 210.1 215 220 224.5 228.4 231.4 233.9 235.2 236.4 238 241.2 244.4 248 252.7 257.1 260.5 263.6 265.8 268.3 268.7 270.5
597.7 594.1 572.6 555.1 539.1 522.8 506.6 493.1 481.8 470.4 462.5 454.2 446.5 442.5 437.7 435.2 432.4 425.7 410.7 395.3 377.3 356 333.2 309.9 293.2 279.5 270.2 262.6 258.5 252.3 248.9 243.8 239 234.9 231.2 227.5 222.5 220.1 217.5 216 214.6 214.3 213 210.2 207.8 208.5 207.7 207.3 207.3 208.3 209 210.4 212.7 214.9 217.8 220.7 224.6 227.9 231.8 235.3 238.2 240.2 242.7 244.5 247.7 251.8 256.1 261 266.7 271.9 278.1 282.3 285.9 288.1 287.3 287.5
539.6 528.4 531.9 528.1 520.6 511.5 500.9 489.8 478.4 467.1 456.1 446.7 438 431 425.7 422.6 422.5 421.7 414.3 402.8 386.4 365.4 340.4 315.6 294.9 278.1 267.9 260.2 252.3 248.7 244 241.5 237.7 234.2 230.1 226.3 221.6 216.3 216.5 213.6 212.7 210.2 210.4 209.8 209.3 209.9 210.5 211.5 213.7 216.4 219.4 223.2 225.8 230 232.6 234.7 237 240.2 241.6 244.2 246.6 249.6 252.4 255.7 259.7 265.2 271.3 277.5 285.3 293.8 301.6 308.9 313.5 315.8 312.2 309.7
498.1 506.5 509.8 510.4 508.5 503.8 495.9 486.3 475.2 462.8 451.3 441.1 432.2 424.9 419.4 417.5 416.2 413.8 407.6 398.1 384 362.6 338.1 314.5 296.3 281.5 272.1 264.7 259.3 255.3 251.3 249.2 243.8 240.8 238.1 233.9 229.3 227.8 225.4 223 219.6 217.4 215.3 214.3 214.6 214.8 216 219.1 221.9 225 228.9 232.3 236.6 240.1 243.1 245.2 247.8 249.5 251.3 253.6 255.9 259.8 263.6 267.7 273 278.9 286.2 295.2 304 315.3 325 334.3 342.8 351 363.6 357.6
