datasets/global_precipitation_1950_2017/rasters/precip_1999-total.asc
NCOLS 720 
NROWS 347 
XLLCORNER -180 
YLLCORNER -90 
CELLSIZE 0.5 
NODATA_value -9999 
[rows 68 to 101 of 347, columns 152 to 227 of 720]
454.5 613.2 495 479 606.2 522.5 476.4 525 491.6 531.4 479 518.7 567.8 454.4 537.6 601.8 665.1 680.9 702.9 712.1 714.4 757.3 790.2 797.9 819.6 731 797.4 759.6 742.3 777.4 809.9 868.7 867.6 902 902.2 906.2 898.3 797.5 696.7 688.2 754.3 845.4 880.9 875.3 830 807.1 805.1 808.3 842.4 899.4 913.5 924.4 929.6 954.3 981.3 1030.9 1090.3 1109 1082 1013.1 891.4 826.7 1043.1 1016.8 956.9 1051.6 1022.7 885.7 813.5 855.9 909.9 882.4 -9999 -9999 -9999 -9999
413.8 429.5 440.4 498 500 508.2 533 528.1 481.5 481.6 473.5 449 454.3 422.6 496.4 538.6 623 733.2 720.5 760.6 817.4 738.7 861.4 819.9 704.5 700 727.4 714.9 741.9 699.9 729.1 796.2 931 1079.1 1007.7 972.9 954.8 948.8 933.5 896 880.5 856.5 843.1 834.4 831.9 839.6 921 811.2 796.3 894.7 890.7 895.2 911.5 961.7 979.9 1001.5 1026.3 1021 1013.1 1004.3 966.4 928 844.3 891.7 934.5 987.5 952.3 939.3 924.5 1007.9 -9999 -9999 1042.2 1173.7 1105.9 1084.8
364.3 404.5 477 511.1 507.6 484.8 573.2 539.8 520.6 476.2 458.6 524.2 492.3 483.6 560.3 646.7 709.1 886 787.4 744.2 738.6 755.5 815.7 816.3 789.9 761.6 660.5 716.7 804.3 670.1 666.1 712.6 872.8 969.5 987.8 989.2 1036.3 1101.7 1172 1066.9 985.2 898.5 833.3 794.9 851 892 858.9 820.1 826.4 832.3 855.2 897.9 937.2 980 989.4 957.8 918.4 889.2 840.8 828.5 866.6 930.9 904.6 895.2 1023.3 855.6 809 876 834.2 -9999 898.4 1079.6 982.8 1033 1154.6 1052.5
360.2 373.8 399.4 398.5 502.6 563.1 538 532 501.1 513.8 515 542.4 529.8 536.7 589.8 631.6 708.2 819.5 755.5 801.2 780.5 815.5 871.1 855.5 842.6 832.1 854.3 510 705.6 749.3 771.4 768.3 761.8 770.3 850.6 1000.5 1102.2 1149.3 1142.9 1095 983.5 954.2 872.5 806.3 803.2 814.8 802.8 807 742.9 917.2 885.6 880.1 956.2 1007 996.3 971.1 939.4 888.4 794.7 667 719.1 852.1 859.2 835.6 1121.7 1277.3 988.1 922.3 -9999 862.8 1000.8 1018.4 1046.4 1088.9 1120.7 1148.3
346.1 362.5 390.8 407.3 460.6 523.4 556.6 555.1 572.6 583.6 525.2 528.5 441.9 523.7 577.8 642.1 733.5 884.3 817.8 839.2 780.7 733.5 812.6 846.5 895.8 837.8 837.5 765.9 774.6 880.3 876.6 836.7 780.3 773.2 856.1 886.2 923.6 1020 1185.3 1303.3 1086.5 908.5 812.9 768.9 773.8 786.8 815.9 843.2 942.8 909.3 1001.2 998.4 972.4 980.8 999.3 1016 1070.7 1125.9 996.7 810.5 871.9 992.9 839.6 1007.6 1324.6 1524 1156.2 -9999 960.3 969.9 991.1 875.5 1042 1236.4 1269.4 1270
377.9 398.6 456.1 411.2 423.9 491.8 613.7 561.8 585.7 598.8 577.8 558.6 581.9 605.1 679 656.3 754.1 780.7 801.6 813.5 815.1 806.9 849.8 901.7 910.8 863.2 899 790.8 841.7 861.9 909.5 964.2 789.7 871.4 895.8 857.8 854.7 938 900.4 947.2 933 931.1 871.9 841.8 813.4 847 899 906.7 946.1 986.3 977.1 906.9 854.4 885.8 967.2 990.4 1038.8 1121.3 1058.5 935.3 900.6 1050.1 1079.5 1121.6 1083.9 924.7 1096.6 1156.2 1120.6 1044.9 974.5 920.1 1197.6 1165.4 1222.4 1297.6
450.5 391.9 419.9 420.3 439.8 493.8 517.8 510.5 631.3 644.5 649.8 607.5 634.9 604.9 572.2 597.2 693.2 776.2 747.2 787 749 783.6 829.9 861.3 893.9 977.7 957.1 922.7 814.7 824.5 887.9 874.7 842.3 874 919 769.8 658 783.4 824.2 781.5 815.7 775.6 795.4 776.4 743.6 864.7 919.2 979.4 974.1 928.4 885.1 783.7 844.4 895 893.1 892.3 960.6 1053.4 1049.7 1125.1 1201.5 1103.4 930.6 967.8 1218.6 1293.5 1086.9 1130.7 1123.5 1178 1311.2 1161.3 1131.8 1174.7 1135.5 1113.8
446.4 408.1 459.6 458.4 486.1 490.4 553.5 548.2 586.4 629.4 641.4 528.8 783.1 560.9 518.2 553 613.6 639.6 663.3 658.5 752.7 734 736.6 806.5 874.2 896.3 830.2 838.3 821.8 823.6 854.9 828.1 800.8 728.9 724.3 697.2 692.1 678.7 648.1 668.2 658.8 492.2 529.7 700.8 833.5 871.8 995.1 1095.7 1046.2 1026.5 914.1 876.3 828.7 807.9 828.8 904.3 955.2 1114.7 1073.6 1159.4 984.3 972.6 918 950.3 1055.7 1221.8 1066.8 1030.3 1082 1115.4 1153.6 1187.1 1175.6 1165.3 1139.3 1087.2
398.4 423.8 487 495.9 533.1 568.3 575.9 548.5 581.4 569.5 529.3 603.1 652.7 531.3 508.3 529.2 603.7 661.3 688.5 688.1 741.9 825.6 796.7 752.1 847.7 769 771.2 786 799.3 824.2 740.7 726.5 686.8 687 720.3 729 715.6 772.6 752.4 645.5 630.9 533.3 537.9 703.9 790.5 968.6 1028 1099.7 1192.8 1093.4 1148.1 1028.4 1001.4 826.2 658.2 723 837.7 969.2 931.5 875.8 798.9 881.1 1161.6 1281.5 1081.5 1310.2 1116.9 1099.6 1196.3 1291.3 1154.7 1208.8 1245.8 497.7 1232.2 1179.1
444.6 468.3 484.6 419.3 443.2 463.6 507 598.7 555.6 508 478.7 522.5 591.1 599.8 676.3 540.3 535.3 616 643.1 577.6 846.9 847.5 757.7 782 819 772.8 792.9 714.1 796.2 660.2 623.9 649.1 683.4 712.5 768.2 832.6 788.1 825.8 767.7 619.5 589 640 630.5 816.3 942.6 1003.3 1025.8 925.4 928 898.6 834.1 950 943.2 845.2 857.1 727.8 880.5 1011.6 988.4 1018.2 950.9 716.5 1080.4 1069 1043.3 1049.7 1136.3 1158.4 986.6 1134.3 1165.5 1102.9 1224.5 1147.3 -9999 -9999
606.6 519.6 469.8 469.1 487.8 507 590.8 596.1 608 574.9 507.8 473.1 517.2 615.7 465.3 607.9 529.9 502.8 608.7 732.7 813 898.4 963.2 919.3 921.4 926.5 824 754.1 812.3 777.6 726.1 728.9 675.8 708.9 777.1 603 788.9 677.1 717.5 729.2 643.2 642.4 641.9 740.5 880.4 1002.9 965.4 884.9 754.7 848.2 872.6 814.2 801.8 874 876.8 901.3 918.5 1040.8 891 866.8 841.8 789.2 996.5 1023.7 1074.1 2611.2 1215.8 1325 1243.1 1208.3 -9999 -9999 -9999 -9999 -9999 -9999
524.7 511.5 479.8 546.5 569.9 542.9 561.8 571.2 595.7 592.5 609.2 556.3 659.9 616.7 587.4 612.1 454.1 524.1 649.7 751.9 934 966.2 981.3 963.2 1003.9 924.2 823.3 819.4 892.7 954.9 766 757.6 560.1 697.2 848.2 888.2 826 824.5 741.9 692.5 660.8 668.3 685.4 702.2 697.8 897.7 871.5 838.4 714.2 702.3 809.3 769.6 873.9 969.1 931.3 1178.6 1378.5 862.1 991.4 916.5 885.4 832.4 981.7 901.8 1009.6 1247 1218.4 1091.1 -9999 -9999 -9999 -9999 -9999 -9999 -9999 -9999
471.4 496.3 568.3 561.1 548.6 534.3 580.7 561.2 571.8 663 578.3 600.3 577.8 550.2 454.7 534.9 606.8 576.8 647.8 794.3 943.7 1051.3 1005.6 931.2 911.2 927 844.3 858.9 869.8 841.8 911.6 1001.1 986.6 914.3 784.4 781.4 979.6 883.3 821 755.1 813.4 705.1 746.8 797.5 844.1 744.8 791.1 895.6 728.7 684.7 763 809.2 780.6 836.5 898.7 970.8 1051.4 1321.9 1001.8 1002.3 960.1 972.3 1092.4 1061.6 1171.6 1039.2 1133.1 -9999 -9999 -9999 -9999 -9999 -9999 -9999 -9999 -9999
449.5 426.6 482.7 544.3 501.3 479.6 508.6 507.7 587.3 549.1 513.5 587.7 653.6 677.6 698.2 571.7 600.8 692.9 690.8 794.8 810.1 831.4 1063.3 1012.3 1021.5 954.9 891.6 951.2 871 905.4 833.1 900.5 772.3 866.7 628 635.1 786.4 850.7 746.3 782 748.5 751.2 768.7 773.4 760.7 876.5 832.1 887.8 832.2 827.3 978.9 935.5 732.7 810.5 756.6 872.9 940.1 921.4 942.3 807.3 842.9 1244.8 1279.3 1176.8 1175.5 1026.6 -9999 -9999 -9999 -9999 -9999 -9999 -9999 -9999 -9999 -9999
410.9 415.5 400.4 496 429.7 401.3 427.2 530.3 485.4 496 616.2 592 576.9 557.3 583 786.3 720.7 743.4 783.9 845.7 855.6 748.9 713 764.2 883.4 898.6 825.9 724.7 874.3 916.8 1006 903.8 710.8 868.2 572.4 650.4 749.7 695.5 881.9 727.5 863.5 717.8 682.7 736.8 785.3 841 862.7 1007.7 957.2 1121.3 1097.1 910.7 958.1 764 783.1 846 882 958.8 1075.9 1201.2 1083.8 1254.6 1174 1135.9 1064.3 1181 -9999 -9999 -9999 -9999 -9999 -9999 -9999 -9999 -9999 -9999
400.4 490 439.8 431.7 457.9 471.6 472.6 561.8 594.3 584.9 609.4 500 653.1 692.4 782.2 1005.7 814.1 740.6 666.9 982.3 781.7 755.1 749.3 762.7 733.2 736.1 810.2 826.3 703.7 912.2 865.1 913.2 826 786.5 776.5 782.1 798.1 877.6 874.4 786.9 752.8 706.4 658.2 682.5 785.3 891.5 874.4 1042 1045 998.9 1001.2 921.6 936.6 843.1 819.8 874.3 992.5 1000 842.9 1129.3 1096.9 1163.8 1229.8 1163.4 1176.7 1037.1 1041.6 -9999 -9999 -9999 -9999 -9999 -9999 -9999 -9999 -9999
409.6 475.2 420.1 465.5 615 586.7 506.1 536.7 589 713.8 643.6 759 708.3 724.1 888.1 856.8 985.5 943.3 719.4 770.4 776.3 638.8 743.7 799 798.5 782.6 914.7 917.7 868.3 814.7 834.9 944.7 868.7 910 824.9 892.4 864.2 834.9 811.6 801.1 797 746.6 811.3 914.9 858.6 942.8 959.2 1054.2 1007.9 1005.5 823.9 942.4 905.1 971.6 1109.8 1051.3 949.6 1137.2 1025.2 1190.9 1239.9 1161.8 -9999 -9999 -9999 -9999 -9999 -9999 -9999 -9999 -9999 -9999 -9999 -9999 -9999 -9999
480.9 457.5 514.8 478 537 571.2 567.7 562.6 667.4 634 664.7 716.3 738.6 687.7 755.1 732.5 868.5 807.7 825 733.6 770.9 739.6 785.2 724.5 694.1 790.1 916.6 986.2 815.3 919.4 814.2 746.7 844.7 801.3 848 774.6 825.3 751 761.3 764.4 738.2 801.7 963.4 805.3 833.9 881.6 908.3 981.1 929.6 1017.2 926.4 907.8 947.3 1091.3 1136.9 1139.8 1172.4 1060.9 1251.8 1138 1018.6 1178.9 -9999 -9999 -9999 -9999 -9999 -9999 -9999 -9999 -9999 -9999 -9999 -9999 -9999 -9999
374.3 433.3 389.3 421.5 482.6 535.1 537.1 576.2 674.7 594.8 598.2 599.2 579 699.4 561.4 697.9 751.3 715.3 736.6 716.3 714.3 778 803.6 782.3 734.7 760.3 764.5 851.8 890.4 932.4 850.5 903.2 904 761.6 841.8 763.7 804 798.6 761.2 825.8 886.8 775.3 853.1 786.1 878.1 883.1 935 899.5 957.4 1084.1 1091.6 925 921.3 942.8 965.4 1101.9 1041.3 1270.2 1194 1208.7 -9999 -9999 -9999 -9999 -9999 -9999 -9999 -9999 -9999 -9999 -9999 -9999 -9999 -9999 -9999 -9999
469.3 498.2 489.1 440.2 412.3 532.4 523.3 529.9 585.2 673.5 558.6 523.4 672.8 644 758.6 918 878.3 816 867.1 929.6 883.4 818.7 803.6 844.6 765.7 765.6 639.7 750 730.3 878.9 848.4 843.5 866.8 1008.9 918.2 822.2 796.7 835.4 778 765.1 692.2 649.1 696.4 884.7 884.2 1035.4 1075.7 1009.6 1103 1110.4 849.9 756.2 873.8 1062 1097.5 1085.9 1302.9 1226.8 1220.7 1207 -9999 -9999 -9999 -9999 -9999 -9999 -9999 -9999 -9999 -9999 -9999 -9999 -9999 -9999 -9999 -9999
510.9 522.4 509.1 480.9 523 485.1 526.9 556.4 568.1 691.5 645.5 667.2 743.2 787.9 841.6 927.5 937.2 824.4 1033.2 1024.9 1023.2 911.1 870.7 914.9 888 713.5 729.5 813.7 776.8 864.9 1014.7 988 986.1 1001.2 986.8 1002.9 875.5 849.6 807.1 704.2 655 759.2 861.7 951.1 919.7 887.6 994 906.2 1122.1 842.4 714.8 968.7 891.4 1144.6 1299.1 -9999 1108.4 -9999 1131.9 -9999 -9999 -9999 -9999 -9999 -9999 -9999 -9999 -9999 -9999 -9999 -9999 -9999 -9999 -9999 -9999 -9999
513.7 486.6 426.6 459.1 490 417.8 441.9 567.3 627.6 494 608.6 715 842.7 992.5 986.1 898.4 1117.5 993.8 1043.1 976.4 955.3 816 782.6 763.6 860.4 731.7 858.7 847.6 947 1013.3 1063.7 1110.4 1153.8 967.7 1045.2 1004.9 848.4 897.4 843.8 746.4 841.3 861.3 873.2 931 919.6 950.2 1051.6 1209.6 1099.6 687.1 851.4 1075.7 994.3 982 1064.6 -9999 1092.7 1061.7 -9999 -9999 -9999 -9999 -9999 -9999 -9999 -9999 -9999 -9999 -9999 -9999 -9999 -9999 -9999 -9999 -9999 -9999
485.6 432.8 413.9 480.8 498 495 513.4 524.4 519.8 630.8 653 666.1 980.2 872.5 964.3 990.1 876.3 1012.6 1056.4 1110.9 1088.9 987.9 863.1 858.3 836 820 839.7 891.2 1037.5 937.4 921.3 1155.4 1006.7 953.6 1021.8 1008.8 890 951.4 845 853.2 844.6 906.6 905.8 1067.2 917.3 874.6 1070.8 1058.7 980.9 842.2 903.7 936.6 983.9 931.6 983.7 -9999 1135.9 1046.3 -9999 -9999 -9999 -9999 -9999 -9999 -9999 -9999 -9999 -9999 -9999 -9999 -9999 -9999 -9999 -9999 -9999 -9999
442 448.5 422.6 470.1 424.5 420.1 544.8 572.5 578.6 614.4 736.7 794.8 1001.8 1067.1 1142.2 1138.8 1085 956.4 1184.1 1257.1 1200.6 1060.8 841.4 953.7 901.8 898.7 859.9 1008.4 1093.8 826.2 995.5 912 809.3 904 1021.8 941.7 834.5 875.1 854.9 622 894.5 892.4 816.9 954.4 946.6 926.4 875.4 877 876.8 981.7 1173.7 1036.2 1004.5 1005 1143 -9999 1136 -9999 -9999 -9999 -9999 -9999 -9999 -9999 -9999 -9999 -9999 -9999 -9999 -9999 -9999 -9999 -9999 -9999 -9999 -9999
495.7 510.6 480.3 552.3 443.6 485 447.6 671.2 671.6 664 768 942.2 1023.9 1102.3 1074.6 1246.7 1327.1 1234 1365.3 1084.4 1118.3 1049.1 1042.4 952.5 901.3 911.9 1038.9 1076.9 1032.9 988.6 956 986.9 962.9 1066.6 1017.9 1001.7 966.9 951.7 981.4 988.7 941.3 805.5 784.9 920.5 980.1 901.1 1007.4 837.4 971.3 1010.1 1017.2 1068.2 1067.5 1343.6 1292.5 -9999 -9999 -9999 -9999 -9999 -9999 -9999 -9999 -9999 -9999 -9999 -9999 -9999 -9999 -9999 -9999 -9999 -9999 -9999 -9999 -9999
602.8 553.9 618.3 571.9 412 501.9 601.1 692 726.4 808.5 881.7 1049 1225.3 1334.9 1280.7 1266.9 1223.1 1310.1 1230.3 1186.8 1128.3 1004 865.7 827 885.7 913.7 954.3 992 903.1 1044.1 1000.6 1141.7 1092.7 1106.7 1022.5 1214.4 1123.5 1149 1071 1001.2 946 919.1 1005.6 913.8 912.8 852.8 945.9 1085.8 1061.2 1034.7 1065.1 1159.7 1291.9 1238.2 1425.4 1339.3 -9999 -9999 -9999 -9999 -9999 -9999 -9999 -9999 -9999 -9999 -9999 -9999 -9999 -9999 -9999 -9999 -9999 -9999 -9999 -9999
487.8 476.3 405.6 375.9 426.5 547.8 560.7 709.4 553 666.9 777.1 946.2 978.7 1122.7 1300.7 1258.2 1291.9 1302.9 1267 1081.8 1117.3 1049.3 875.9 829.2 841.9 1049.6 957.9 910.4 1008 1073.9 1100.7 1068.3 1047.8 1098.5 1084.1 1120.1 1138.2 1231.6 1203.5 1174 1085.8 985.2 925.3 1063 887.6 1147.3 1043 1181.3 1122.2 1162.2 1185.9 1241.7 1194.8 1305.7 1313.1 1311.1 -9999 -9999 -9999 -9999 -9999 -9999 -9999 -9999 -9999 -9999 -9999 -9999 -9999 -9999 -9999 -9999 -9999 -9999 -9999 -9999
405.6 395 466.9 526.8 521.6 530.7 590.1 589.9 630 595.4 843.4 748.3 850.2 824.6 999.7 1156.7 1190.4 969.4 1121.2 1238.5 1317 1138.3 1037.7 1061.8 971.4 1010 875.1 1009.4 1167.8 1038.3 1138.3 1008.5 1031.9 1166.4 1114.5 1165.7 1137.2 1258.2 1347.5 1221.8 1200.8 1393.2 972 1866.5 906.5 914.6 935.1 1006.7 1108.3 1226.4 1085.9 1088 1030.9 1079.9 1254 1283.9 1332.3 -9999 -9999 -9999 -9999 -9999 -9999 -9999 -9999 -9999 -9999 -9999 -9999 -9999 -9999 -9999 -9999 -9999 -9999 -9999
450.9 455.4 543 636.3 713.4 625 633.1 556.5 562 532 753.9 809.7 911.2 1032.1 956.8 1283.3 1064.5 966 1237.1 1314.6 1197.1 1062.2 1003.1 982.9 1017.9 1061.8 1082 1122.9 1055 1077.8 1207.4 1147.5 1440.4 1390.6 1278.3 1314.7 1221.4 1012.5 1208.5 1393 1660.9 1243.1 1496.4 1376.5 1090.4 889.5 901.3 1139.4 1223.8 1160.6 1172.6 1320.4 1344.7 1300 1307.9 -9999 -9999 -9999 -9999 -9999 -9999 -9999 -9999 -9999 -9999 -9999 -9999 -9999 -9999 -9999 -9999 -9999 -9999 -9999 -9999 -9999
503.4 493.5 672.9 736.2 621.6 555.7 554.5 537.4 603.6 710.3 718.1 815.6 882.4 980.6 1111 1090.9 996.5 1138.7 1227.5 1491.4 1196.6 1162.8 1241.3 1021.6 933.8 1141.4 1221.4 1301.3 1185.5 1232.8 1249.7 1234.3 1212.2 1259.9 1293.1 1356.1 1172.7 1134.1 1193.6 1399.2 1566.6 1345.8 996.1 1000.2 988.8 863.6 889.8 981.5 1063.8 1244.4 1374 1503.8 1418.3 1436.4 -9999 -9999 -9999 -9999 -9999 -9999 -9999 -9999 -9999 -9999 -9999 -9999 -9999 -9999 -9999 -9999 -9999 -9999 -9999 -9999 -9999 -9999
460.2 478.5 552.9 610.7 474.2 512.7 537.3 628.6 662.3 646.9 708.8 666.3 775.6 720.2 930.3 979.1 993 934.6 1213.5 1153 1141.2 1220.1 1272.2 1119.1 1064.4 1170 1286.2 1311.6 1246 1250.7 1252.2 1237.1 1314.5 1287.5 1299.9 1370.6 1297 1171.7 1074.3 1094.9 953.6 972.7 1070 869.7 1065.3 851.3 972.3 1059.7 1224.8 1425.2 1615.7 1626 -9999 -9999 -9999 -9999 -9999 -9999 -9999 -9999 -9999 -9999 -9999 -9999 -9999 -9999 -9999 -9999 -9999 -9999 -9999 -9999 -9999 -9999 -9999 -9999
452.5 484.6 596.3 654.1 527 604 587.4 546 644 595.2 621.2 655.3 660.6 722.1 800.8 837.9 842.1 767.2 872.6 982.7 1077.8 975.3 1025.1 1130.7 1198.7 820 1168.9 1053.4 1156.5 1299.9 1185 1170.4 1167.1 1107.6 1250.3 1185.6 1151.3 1047.4 964.3 987.6 1262.7 997 891.6 858.8 986.6 961.1 956.8 1023.2 1307.5 1568.8 -9999 -9999 -9999 -9999 -9999 -9999 -9999 -9999 -9999 -9999 -9999 -9999 -9999 -9999 -9999 -9999 -9999 -9999 -9999 -9999 -9999 -9999 -9999 -9999 -9999 -9999
482.7 540.2 636.6 504.5 501.2 583.2 530 533.1 492.5 599.2 659.8 674 586 629.2 666.6 798.1 800.3 778 857.4 951.2 1065.3 1025.6 1025.9 1177.3 1000.5 1185.5 1182.1 1269.6 1344.7 1184.5 1146.1 1047.6 1188.2 1263.7 1258.2 1168.5 1108.8 1151.4 958.1 1095.2 889 932.8 982.1 961 1012.2 1021.4 1103.7 1299.4 1381.5 1765.9 -9999 -9999 -9999 -9999 -9999 -9999 -9999 -9999 -9999 -9999 -9999 -9999 -9999 -9999 -9999 -9999 -9999 -9999 -9999 -9999 -9999 -9999 -9999 -9999 -9999 -9999
347.1 248.1 516.3 445.8 423.7 468.2 516.1 481.9 446.8 617.9 533.4 660.5 606.2 626.1 693.4 647.6 844.5 873.5 892.4 983.1 1253.4 1271.2 1228.8 1316.4 1422 1381.2 1270.9 1306.1 1088.5 1124.1 1120.6 1090.7 1302 1172.4 1386.3 1172 1223.2 1132.4 966.8 980 939 1003.9 1033.4 1007.3 915.3 1095.3 1267.5 1089.4 -9999 -9999 -9999 -9999 -9999 -9999 -9999 -9999 -9999 -9999 -9999 -9999 -9999 -9999 -9999 -9999 -9999 -9999 -9999 -9999 -9999 -9999 -9999 -9999 -9999 -9999 -9999 -9999
