datasets/global_precipitation_1950_2017/rasters/precip_1976-total.asc
NCOLS 720 
NROWS 347 
XLLCORNER -180 
YLLCORNER -90 
CELLSIZE 0.5 
NODATA_value -9999 
[rows 34 to 67 of 347, columns 380 to 455 of 720]
-9999 -9999 -9999 -9999 -9999 1385.7 1655 -9999 1090.7 847.3 817.7 541.6 418.7 430.3 451.2 396 394.7 401 313.5 366.5 435.9 428.9 369.8 345.6 507.6 363.4 447.7 424.2 443.1 449.4 456.4 429.5 417.9 405.4 412.1 450.2 464.8 454.5 449.8 449.9 448.1 438.7 431.1 431.8 441.6 461.8 478 469.7 -9999 -9999 -9999 -9999 -9999 -9999 429.7 437 444.4 445.2 444.4 454.4 -9999 -9999 -9999 -9999 489.9 515.4 537.1 -9999 539.5 528.3 514.7 512.2 514.6 519.9 531.2 540.4
-9999 -9999 -9999 -9999 -9999 1270.5 1304 1075.4 832.4 679.1 564.3 530.1 554.8 437 417.4 423.5 371.1 405.4 382 332.8 335.3 364.4 401.7 375.6 356.5 390.8 -9999 -9999 -9999 372.9 439.3 488.4 490.6 494.8 541.9 536.9 526.7 503.6 456 460.5 457.4 447.8 431.8 420.2 427.3 461.4 495.8 504.9 499.2 -9999 -9999 -9999 -9999 -9999 -9999 -9999 -9999 -9999 -9999 -9999 -9999 568.2 554.5 533.2 525.1 527 536.3 542.1 481.8 501 514.2 524.1 534.5 547.1 565.1 578.1
-9999 -9999 -9999 -9999 -9999 1158.4 1111.9 865.6 602.9 511.7 523.7 542.4 460.2 360.2 460.5 472.7 445.3 415.1 446.9 401.2 374 428.7 361.7 -9999 -9999 -9999 -9999 -9999 -9999 -9999 -9999 395.3 421.5 469.3 466.8 497.2 532.7 515.9 474.8 457.1 469.2 464.7 463.2 461.4 469.2 497.9 518.8 523.8 520.9 -9999 -9999 -9999 -9999 -9999 -9999 -9999 -9999 -9999 -9999 -9999 540.1 544.2 554.2 562.8 567 563.1 556 549.5 543 542.8 554.4 566.3 572.4 580.2 591.4 601.1
-9999 -9999 1280.2 1568.1 1514.7 1025.6 883.7 765.4 649.9 574 573.2 471.9 454 423 467.9 559.5 438.1 386 416.2 417.2 419.9 396 -9999 -9999 -9999 -9999 -9999 -9999 -9999 390.2 395.1 401.4 472.4 490.7 516.1 561.4 617.8 503.5 491.7 483.8 489.4 487.4 486.8 499.6 525.5 550.7 552 548.8 549.5 563.3 -9999 -9999 -9999 506.9 522.1 560.4 -9999 -9999 -9999 -9999 525.9 549.6 559.3 573.1 588.6 607.3 622.2 617.6 600 590.7 591.9 594.3 591.8 591.9 600.6 605.2
-9999 1241.9 1297.2 1087.8 972.4 871.8 723.7 584.8 464.7 479.5 483.2 459.3 448.8 471 409.6 413.3 490.4 451.2 397.9 455.4 437.7 410.7 -9999 -9999 -9999 -9999 -9999 -9999 383.6 386.9 430.1 410.5 451.7 488.3 510.9 481 577.6 535.5 523.3 461.2 538.3 539.1 537.2 527.1 519.9 518.2 537 562.5 582 594 604.7 649 -9999 -9999 -9999 -9999 549.5 548.4 544.4 545.9 563.2 574.8 582.7 593.8 586.1 587.1 592.3 594.8 591.1 583.2 572.4 564.6 559 556.9 555.6 552.7
1461.1 1375.1 859.2 766.7 960.3 947 763.6 648.7 614 512.5 459.7 482.9 468.4 418.3 411.9 537 506.8 485.6 625.3 519.6 530.8 -9999 -9999 -9999 -9999 379 395.4 410.7 377.4 417.4 381.5 467.9 485 505.5 573.4 628.5 562.9 509.7 501.9 539.5 553.7 550.8 551.4 540.4 525.3 525.4 545.2 581.2 614.5 607.8 604.1 607.3 601.7 586.5 564.2 543.9 532.4 533.8 538 546.4 553.5 557.7 556.8 553.4 558.9 568.7 574.7 576.7 568.6 548 526.8 518.4 520.3 521.4 517.7 503.5
901.5 834.1 814.4 807.7 678.3 551.6 505.1 476.1 436.3 413.6 449.4 421.7 441.3 427.9 400.7 424.7 660.3 478.1 -9999 -9999 -9999 -9999 -9999 -9999 341.3 307.5 388.3 441.9 467.1 447.3 483.7 545.8 503.3 517.8 514.2 528.2 544.9 532.8 563.5 517.7 540.5 564.1 568.5 570.7 554.6 536.9 516.2 537.5 578.6 599.1 610.5 615.5 609.6 593.3 569.5 543.7 523.9 511.5 507.4 530.1 556.7 562.3 558.3 555.8 568.8 585.5 595.7 597.5 586.1 567.9 546.2 530.9 524.4 522.6 524.1 523.5
538.9 550 611.8 659.9 580.1 470 432.9 368.2 439.9 475.1 469.8 470.6 454.6 469.3 517.5 572.5 -9999 -9999 -9999 -9999 -9999 -9999 406.9 334.5 402.1 413 422.5 443.3 456.6 438.4 425.4 474 493.4 479.6 500.9 484.1 504.3 518.3 482.7 463.9 533.8 547.1 561.2 564.6 570.7 554.4 554.1 565.6 584.9 591 598.4 606.4 602.9 593.8 579.7 559.4 547.2 534.4 530.9 549.5 568.7 578.7 587.2 597.5 613.1 670.5 647.1 632.6 625.8 621.1 608.3 587.5 565.5 547.1 535 529.3
335.6 297.5 391.9 397 486.6 448.5 458.2 438.7 461.9 418.2 426.5 479.5 555.3 551 582.7 -9999 -9999 -9999 -9999 -9999 -9999 -9999 -9999 485.6 472.6 471.3 473.5 449.1 423.4 428.3 495.3 506.1 510.3 511 513.5 490.7 466.9 494.7 501.6 467.9 537.5 567.6 564.7 568.1 571.2 579.5 587.5 575.1 543.6 564.8 581 586.9 587.3 577.2 580.4 586.4 589.1 596.9 613.1 632.4 640.1 634.9 629 619.9 609.7 601.6 607.8 622.9 636.2 652.6 650.5 613.6 574.7 551.9 537.5 535.1
436.2 381.4 317.5 446.9 487.6 497.1 516.3 492 498 488.6 512.7 465.5 444.6 576.6 577.8 -9999 -9999 -9999 -9999 -9999 -9999 -9999 -9999 415.6 467.9 500 500.4 505.8 489.3 486.7 493.4 480.8 464.8 453.6 443.3 450.7 449.1 452.2 456.6 494.6 529.1 621.3 580 578.6 593.1 623.8 657.2 673.1 635.1 612.5 603.3 604.2 612.5 610.8 601.2 592.4 597.5 604.6 624.2 659.8 698.7 669.5 638.8 615.1 595.6 584.8 582.3 591.6 591.6 586.5 570.4 543.5 520.3 508.2 507.8 513.4
469.5 485.3 567.8 595.4 653.5 604.2 552.6 507.9 535.4 527.8 508.1 502.2 540.9 556.9 -9999 -9999 -9999 -9999 -9999 -9999 -9999 -9999 -9999 397.2 457.2 404.4 422.1 429.8 450.1 448.9 442.7 434.9 427.9 415.8 398.3 376.3 482.2 487.5 476.7 485.1 508 538.8 567.9 585.8 598.6 601.7 617.1 636.5 637.8 632.2 630 629.3 629.3 635.6 631.4 619.3 607.7 602.1 610.1 627 632.9 625 600.9 571.2 554.6 554.6 557.6 553.7 542.8 526.7 508.9 489.5 470.8 477.1 485.3 483
553.4 422.5 436.3 451.7 492.5 448.4 486.4 503.8 484.8 448 464.7 454.9 557.2 562.5 590.3 -9999 -9999 -9999 -9999 -9999 -9999 -9999 -9999 422.6 443.3 422.9 409.6 427.1 495.8 494.3 468.2 436.8 440.5 474.8 477.5 493.2 513.1 567.3 536.7 527.4 520.2 543.5 578.2 604.8 620.7 630.1 669.9 702.5 679.3 677.9 667.3 650.5 644.5 648.7 644.7 627.1 609 602.1 608.8 616.6 616 608.9 588.6 567.6 557 555.7 552.5 542.4 525.1 505.5 492.4 486.4 491.1 478.9 440.8 411.9
483 640.3 591.7 502.3 495 583.7 495.2 539.6 631 561.4 536.7 532.7 521.9 519.7 473.1 511.4 495.5 -9999 -9999 424.5 418.3 -9999 -9999 -9999 391.7 -9999 442.9 491.9 510 475.9 -9999 498.6 -9999 -9999 -9999 -9999 -9999 -9999 484.7 499.5 542.5 555.7 563.1 570.8 587.1 629.2 665.2 680.2 686.2 680.2 666.5 650.3 636.4 631.4 621.8 609.9 594.3 582.4 584.2 592.5 598.1 603 596.9 582 571.5 568.6 568.1 560 543.5 521.7 500.7 479.1 449.1 402.3 308.8 183.6
751.7 611.3 582.8 590 459.6 470.8 465.6 573.6 594.3 573.5 570.6 473.6 476 451.5 441.8 457.6 485.1 537.3 -9999 -9999 -9999 -9999 -9999 -9999 -9999 -9999 -9999 -9999 -9999 -9999 -9999 -9999 -9999 -9999 -9999 -9999 -9999 459.9 480.6 495.1 531.4 553.9 571.6 567.4 563.5 625.6 712 709.2 679.5 635.4 621.3 603.7 597.3 604.5 612.8 610 580.6 572 545.3 571.7 587.4 580.2 568.3 559.8 554.8 555.9 556.7 551.3 549.9 548.4 544.9 525.9 475.9 414.6 354.1 310.8
871.3 651.2 622.5 584.4 545.1 572.3 525.3 476.7 520.6 583.6 454 487.9 521.5 604.8 514 480.5 509.8 -9999 -9999 -9999 -9999 -9999 -9999 -9999 -9999 -9999 -9999 476.6 481.3 476.7 489.7 541.3 488.1 481.8 530.4 483.6 455.7 513.7 528.7 587.1 616.3 607.8 631.7 624.3 643.3 677.1 692.1 679.1 637.4 599.1 578.7 565.3 568.5 588.4 610.9 632.7 681.6 623 599.5 602.5 590.4 562.5 531.2 494.9 464.2 479.6 508.1 529.5 545.4 559.5 559.8 552.9 526.8 488.5 463.5 457.1
-9999 -9999 564.9 641 672.9 575.2 473.5 402.9 470.8 521.9 571.6 509.9 502.6 512.6 468.9 -9999 -9999 -9999 -9999 -9999 -9999 -9999 -9999 -9999 -9999 -9999 -9999 -9999 1622 676.7 548.3 528.2 496.1 459 428.7 400.4 416.9 489.8 551.4 575.8 581.4 574.7 566 603 640.7 676 666 643.1 619 594.2 511.5 460.5 506.4 549 567.3 583.5 600.2 594.6 566.7 540.5 520.3 505.8 490.7 465.1 451.4 455.8 469.5 505.3 564.3 593.4 610.2 608.9 565.1 513 491.1 510.9
-9999 -9999 -9999 720.5 627.3 596.1 471.5 488.2 432.3 429.8 462.7 442.4 529.7 -9999 -9999 -9999 -9999 -9999 -9999 -9999 -9999 -9999 -9999 -9999 440.5 -9999 -9999 -9999 -9999 540.8 547.2 532.7 495 443.7 469.7 467.4 503.7 588.6 653 611.8 594.9 582.6 578.1 611.3 669.5 691.5 700.3 651.4 635.9 611 556.5 521.6 523.6 529.4 535.7 541.4 547.6 548.9 521 481.9 458.6 451 463 467.3 469.9 457.5 428.3 459.2 532.5 597.6 667.5 666.7 570.4 466.7 423.6 475.6
-9999 -9999 -9999 -9999 692.3 675.2 708.4 630.6 496.9 544.4 554.7 550.7 527.6 -9999 -9999 -9999 -9999 516.8 -9999 -9999 -9999 -9999 -9999 -9999 -9999 -9999 -9999 -9999 -9999 549.1 563.4 547.3 535.6 547.6 554.1 537.5 545.3 569.6 589.8 604 607.7 611.7 615.2 645.5 687.7 690.6 691.9 702.1 676.7 649.3 631.9 641.7 570.1 511.9 508.2 501.4 503.1 504.3 496.9 480.2 405.7 424 484.7 494.6 512.6 530.3 541.3 552 560.5 572.1 584 575.2 519.3 460.1 427.3 436.8
542.3 -9999 -9999 -9999 827.5 713 700 606.4 522.5 540.3 554.3 564.2 572 -9999 -9999 -9999 496.8 -9999 -9999 -9999 -9999 -9999 -9999 507.7 481.7 473.1 -9999 -9999 -9999 518.6 533.3 589.6 577.2 547.4 542.2 497.8 535.5 559.7 567.9 581.6 607 643.2 670.2 667.2 672.6 682.1 693.8 681.8 668.4 661.9 657.7 647.4 598.7 537.4 488.4 467.7 494.4 498.2 507.1 494 469.2 471.5 481.8 504.7 535.4 578.9 612.1 582.2 564.6 542.1 525.3 520.2 484.9 431.4 373.1 355.8
501.1 -9999 -9999 -9999 -9999 536.3 750.1 686.4 531.2 483.5 526.4 560 505.5 565.7 -9999 -9999 -9999 -9999 -9999 -9999 -9999 -9999 546.6 571.5 475.1 455.7 429.6 464.4 472.1 507.4 551.5 579.9 643.1 583 528 501.8 500.1 509.6 495.7 520.6 561.8 600.7 627.9 635.5 572.2 583.7 640.5 649.7 651.2 666.8 690.9 692.4 658 615.1 534.3 524.1 494.3 476.4 501.4 512.3 504.1 521 485.1 481.2 529.2 564.1 592.5 585.4 581.8 567.4 549 538.4 528 471.9 368.1 362.7
464.2 458.6 -9999 -9999 -9999 -9999 746.5 727.1 518.4 542.9 567.8 585.9 -9999 -9999 -9999 -9999 -9999 -9999 -9999 -9999 -9999 -9999 545.7 538.3 502.4 485.6 453.2 451.3 468.7 458.5 492.3 530.1 569.8 566 528.1 500.3 447.8 368.6 382.6 463.9 536.8 588.8 609.2 622.2 580.1 646.2 668.5 640.4 601 630 678 716 716.3 750.1 724.1 680 589.7 491.1 430 494.2 535.5 499 509.4 520.6 548.9 571.2 586 623.3 612.5 580 562.4 565.1 602.1 598.3 530.4 493.2
-9999 -9999 -9999 333.2 476.3 -9999 474.3 653 -9999 -9999 -9999 -9999 -9999 -9999 -9999 -9999 -9999 -9999 -9999 -9999 -9999 -9999 558.9 617 536.6 509 454.4 444.2 445.6 457.8 493.2 532.1 632.7 595.1 544.2 499.8 493.4 506.8 506.3 535.5 540.8 548.7 576.7 615.7 667.9 768.1 758.6 666.2 618.1 607.4 620.3 652.8 686.2 754 797.2 814.5 716.1 696.5 613 571.5 551.9 538.3 537.7 551 568.1 573.9 572.5 569.9 571.8 556.2 515 509.7 536.1 537 530.3 533.7
507.4 423.3 -9999 401.8 422.3 -9999 -9999 -9999 -9999 402.8 -9999 -9999 -9999 -9999 -9999 -9999 -9999 -9999 -9999 -9999 -9999 -9999 -9999 565.1 682.3 550.3 497 458.7 461.1 472.5 499.3 514.2 516.1 541.3 525 530.9 539.6 552.7 543.6 541 538.4 522.5 561.4 598.9 625.6 646.5 612.3 553.3 548.4 564.2 593.3 632.4 653.7 651.4 683.6 675.3 619.1 575.7 591 590.3 581.3 582 612.8 638.5 617.8 589.5 563.4 532.7 574.5 580.4 540.4 535.1 567 556 532.5 528.6
-9999 -9999 373.4 437.3 -9999 -9999 -9999 -9999 -9999 -9999 -9999 -9999 -9999 -9999 -9999 538.1 524.7 -9999 -9999 -9999 574.5 605.6 561.3 529.6 525.2 483.3 454.9 460.9 477.3 507.7 520.4 507.5 516.4 520.3 508.7 518.6 541.8 566.4 529.8 502.8 533.9 537.4 555.2 597 606 573.4 546.5 545.5 554.7 572.9 583 578.3 564.6 598.1 625.6 583.6 526 571.1 612.7 624.1 609.9 619.6 649.5 677.5 633.5 593.9 589.3 574.4 574.4 603.4 587.5 566.6 555.5 548.6 517.6 472.1
439.1 489.5 -9999 -9999 430.3 489.8 -9999 -9999 -9999 -9999 -9999 -9999 517.7 534.2 565.6 577.2 495.9 476.5 547.6 551 524.7 498.1 469.1 481.3 530.6 444 440.4 457.4 491.9 498.6 515.2 488.3 498.6 472.9 473.1 498.4 495.4 496.7 507.3 502.6 507.7 498.1 495.8 511.5 513.6 505.1 513.5 546.2 567 597.3 650.5 613.3 562.8 561.8 523.1 513.3 551.3 586.1 611.6 603.4 609.8 631 615.4 578.4 560.6 536.7 503.2 541.5 572.5 584 578.4 586.9 570.7 545.6 500.7 421.1
587.3 454.5 429.7 440.3 454.2 443 425.7 482.7 495.5 511.5 540.1 528.2 516.5 503.9 549 554.6 519.5 516 491.6 502.7 468.3 456 445.7 441.4 477 487.8 494.1 516.2 575.8 490.4 508.7 532.2 520.8 499.2 527.6 532.9 512.1 503.5 495.8 480.7 464.6 461.4 450.6 442.2 439.1 420.5 465.7 515.4 557.2 566.5 605.1 619.8 619.4 632.7 622.7 582.9 597.1 620.6 646.2 636.7 701.3 636 604.9 591.2 575.3 564.7 569.2 598.3 610.6 635.4 680 688.4 609.4 575.3 517.9 465.6
498.9 507.6 449.2 501.7 474.6 458.7 466 404.4 410.3 463.2 498.7 527.9 531.9 519.7 533.7 530.8 555.9 563.3 527 492.8 439.5 442.8 431.4 433.2 482.7 510.5 515.4 535.4 492.8 487.3 525.8 481.9 482.6 484.1 484 485.1 494.6 473.4 443.2 475.8 485.8 476.6 458.6 438.3 439.3 469.7 512.7 550.5 568 553.2 578.3 592.6 606.2 631.1 582.5 571.4 597.9 584.6 582.6 589.3 592.4 572.5 558.7 579.9 581 593 644.2 640.9 667.9 714.9 724.7 707.1 667.4 599.8 526.1 485.9
575.9 482.8 413.3 400.1 386.1 389.6 397 415.1 397.9 409.7 478.7 482.2 504.5 516.3 521.1 536.1 552.8 540.2 489.8 472.2 410.2 384.6 400.5 452.9 507.2 528.8 526.8 516.4 500.9 492.7 480.7 491 528.6 521.2 487.1 478.1 496.9 529.3 513.5 511.7 502.1 463.7 442.7 434.4 454.4 484.4 539.9 581.9 561.6 549.8 557 564.1 556.3 519.1 462 465.1 519.3 531.4 540.2 551.7 564.2 538.8 469 579.8 561.9 548.8 598.2 641.2 673.5 710.3 725.4 693.8 649 611 566 522.2
487 471.5 391.4 338.2 351.2 326.6 369.1 346.3 354.5 371 401.1 456.1 493.3 504.4 512 522.5 523.6 510.2 492.5 478.8 426.4 363.6 374.4 476.2 549.2 525.1 516.5 518.3 526.5 513.2 508.8 519.8 519.7 472.3 511 533.8 551.5 568.7 549.9 498.3 478.2 435.7 433.1 452.2 491.4 519.3 502.8 485.2 479.5 501.3 517.8 529.5 529.1 511.2 471.5 462.3 513.1 512.9 642.4 585.5 559.4 538.1 540.4 557.2 576.8 593.7 624.1 642.8 652 663.8 723.3 670.7 598.3 609.6 650.5 595.8
938 945.3 397.5 298.1 354.6 384.6 333.8 355.7 320.8 408.3 443.3 476.9 539 557.6 576.6 541.6 519 526 509 515.8 438.8 386.1 398.5 459 505.3 502.1 482.8 469.2 476.1 496 512.1 517.1 519 513.3 539 579.4 610.8 565.2 529.2 481.2 392.3 461 499.2 495.7 507.8 559.9 533.7 464.9 466.2 482.1 504 523.7 488 528.1 533.3 545.6 566 565.6 562.2 557.5 528.1 530.6 525.8 560.9 630.8 636.7 649.1 636.3 626.5 623.9 587 548 566.1 571.3 556.5 577
528 331.9 357.8 352.8 347.6 397 348.2 479.2 541.9 530.1 517.9 566.5 576.5 681.6 674.9 609.6 582.4 566.4 516.3 450.8 428.8 418.2 427 434.8 427.1 452.4 443.9 426.9 451.5 444.3 523.9 552.8 528.9 478.1 519.5 541.4 543.6 473.9 504.5 478.8 435.5 490.5 499.4 456.9 469.9 492 465.9 506.8 518.9 516 529.2 558 622.8 562.9 559.8 555 545.9 536.1 503.9 506 548.1 602.8 611.2 670 701.9 642.4 626.2 612.8 582.4 551.3 528.1 527.1 519.6 451.2 418.6 400.8
508.3 687.4 388.7 540.3 625.4 514.6 660.9 777 505.6 499.9 758.3 1123.6 806.9 750.6 697.3 669.4 635 597.4 518.9 519.4 462.7 428 441.9 454.2 467.4 456.9 445.8 486.7 578.9 527.1 535.5 550.8 533.4 575.4 649.2 702.7 625.7 569.9 503 468.4 512.8 531.7 509 486.5 534.7 533.2 497.3 515.4 598.3 641.2 558.3 562.7 515.2 458.1 503.7 522 521.8 517.3 513 530.5 580.2 610.8 605.4 571 577.8 626.9 602.7 592.1 539.4 505.5 481.6 447.6 402.6 354.4 316.8 281.5
442.6 436.5 527.9 626 686.6 610.3 475 337.2 367.8 305.2 476.3 549.7 936.5 820.4 892.8 673.2 640.6 740.4 725.4 630.3 636.3 634.2 607.6 561.7 551.2 521.1 493 510.9 566.8 535.8 480.9 537.5 580 700.1 756 703.9 637 653.3 584.2 550.9 551.5 559.2 498.2 491 537.1 581.8 564 535.5 531.3 538.3 514.3 502.4 499.2 499.2 490.2 517 541.1 538.9 555.3 596.3 643 635.8 619.6 621.4 621.5 571.2 521.3 508.7 512.4 465.1 413.3 384.9 348.4 317.4 295.6 294.2
323.2 534.1 624.6 534.3 639.2 503.4 519.9 495.4 422.8 484.9 530.5 668.1 695.3 610.8 650.6 641.3 655.9 873.4 861.7 726.2 686.8 666.4 696.4 674 636.9 582.3 609.2 671.8 644.2 607.6 635.5 708.1 682 658.6 621.8 657.1 610.1 538 542.9 509 464.1 552.3 547.1 494.1 491.1 534.7 473 515.2 474.7 454.9 485.3 479 486.5 508.3 519.2 529 540.8 552.2 569.2 589.2 649.9 688.3 681.3 604.2 502.7 433.7 420.3 423.8 442.3 439.2 416.9 373.4 320.2 293.3 281.6 265.1
