datasets/global_precipitation_1950_2017/rasters/precip_1954-total.asc
NCOLS 720 
NROWS 347 
XLLCORNER -180 
YLLCORNER -90 
CELLSIZE 0.5 
NODATA_value -9999 
[rows 306 to 339 of 347, columns 152 to 227 of 720]
-9999 -9999 -9999 -9999 -9999 -9999 -9999 -9999 -9999 -9999 -9999 -9999 -9999 -9999 -9999 -9999 -9999 -9999 -9999 -9999 -9999 -9999 -9999 -9999 -9999 -9999 -9999 -9999 -9999 -9999 -9999 -9999 -9999 -9999 -9999 -9999 -9999 -9999 -9999 -9999 -9999 -9999 -9999 -9999 -9999 -9999 -9999 -9999 -9999 -9999 -9999 -9999 -9999 -9999 -9999 -9999 -9999 599.3 -9999 -9999 -9999 -9999 -9999 -9999 -9999 436.6 415.3 393.4 379.5 -9999 -9999 337.1 338.3 340.6 345.5 343.2
-9999 -9999 -9999 -9999 -9999 -9999 -9999 -9999 -9999 -9999 -9999 -9999 -9999 -9999 -9999 -9999 -9999 -9999 -9999 -9999 -9999 -9999 -9999 -9999 -9999 -9999 -9999 -9999 -9999 -9999 -9999 -9999 -9999 -9999 -9999 -9999 -9999 -9999 -9999 -9999 -9999 -9999 -9999 -9999 -9999 -9999 -9999 -9999 -9999 -9999 -9999 -9999 -9999 -9999 -9999 -9999 -9999 -9999 -9999 -9999 -9999 -9999 -9999 -9999 -9999 -9999 429.1 -9999 397.5 383.7 -9999 -9999 366.5 367.1 372.7 378.6
-9999 -9999 -9999 -9999 -9999 -9999 -9999 -9999 -9999 -9999 -9999 -9999 -9999 -9999 -9999 -9999 -9999 -9999 -9999 -9999 -9999 -9999 -9999 -9999 -9999 -9999 -9999 -9999 -9999 -9999 -9999 -9999 -9999 -9999 -9999 -9999 -9999 -9999 -9999 -9999 -9999 -9999 -9999 -9999 -9999 -9999 -9999 -9999 -9999 -9999 -9999 -9999 -9999 -9999 -9999 -9999 -9999 -9999 -9999 -9999 -9999 -9999 -9999 -9999 -9999 -9999 442.1 426.9 414 402.8 396.7 -9999 -9999 391.9 396.2 403
-9999 -9999 -9999 -9999 -9999 -9999 -9999 -9999 -9999 -9999 -9999 -9999 -9999 -9999 -9999 -9999 -9999 -9999 -9999 -9999 -9999 -9999 -9999 -9999 -9999 -9999 -9999 -9999 -9999 -9999 -9999 -9999 -9999 -9999 -9999 -9999 -9999 -9999 -9999 -9999 -9999 -9999 -9999 -9999 -9999 -9999 -9999 -9999 -9999 -9999 -9999 -9999 -9999 -9999 -9999 -9999 -9999 -9999 -9999 -9999 -9999 -9999 503.4 489.8 476.3 463.8 451.6 441.5 431.7 424.2 420.8 418.7 -9999 415.8 419.6 424.1
-9999 -9999 -9999 -9999 -9999 -9999 -9999 -9999 -9999 -9999 707.3 -9999 -9999 -9999 -9999 -9999 -9999 -9999 -9999 -9999 -9999 -9999 -9999 -9999 -9999 -9999 -9999 -9999 -9999 -9999 -9999 -9999 -9999 -9999 -9999 -9999 -9999 -9999 -9999 -9999 -9999 -9999 -9999 -9999 -9999 -9999 -9999 -9999 -9999 -9999 -9999 -9999 -9999 -9999 -9999 -9999 -9999 -9999 509.2 510.9 497.3 485.4 476.6 -9999 461.8 453.8 446.6 440.3 435.5 432.2 430.3 429.7 -9999 -9999 437.2 442.7
-9999 -9999 -9999 -9999 -9999 -9999 -9999 703 701.7 701.6 700.8 704.6 703.5 701.8 699.2 -9999 -9999 -9999 -9999 -9999 -9999 -9999 -9999 -9999 -9999 -9999 -9999 -9999 -9999 -9999 -9999 -9999 -9999 -9999 -9999 -9999 -9999 -9999 -9999 -9999 -9999 -9999 -9999 -9999 -9999 -9999 -9999 -9999 -9999 -9999 -9999 -9999 -9999 -9999 -9999 -9999 -9999 -9999 -9999 -9999 -9999 -9999 -9999 -9999 -9999 429.1 -9999 425.1 424.6 424.8 -9999 -9999 -9999 -9999 441.2 447
-9999 702.5 -9999 -9999 -9999 -9999 -9999 -9999 698.7 699.5 -9999 -9999 -9999 -9999 -9999 -9999 -9999 -9999 -9999 -9999 -9999 -9999 -9999 -9999 -9999 592.3 -9999 -9999 -9999 -9999 552.8 544.7 -9999 -9999 -9999 -9999 -9999 -9999 -9999 -9999 -9999 -9999 -9999 -9999 -9999 -9999 -9999 -9999 -9999 -9999 -9999 441.1 436.9 -9999 -9999 -9999 -9999 -9999 -9999 -9999 -9999 -9999 -9999 -9999 -9999 -9999 -9999 -9999 -9999 -9999 -9999 -9999 -9999 428.6 436.4 442.5
-9999 706.9 705.3 703 705.2 702.6 699.4 692.2 687.2 687 680.9 674.5 666.9 659.8 -9999 -9999 637.5 627.7 611.9 602.3 591.6 580.6 568.9 557.7 546.8 -9999 -9999 515.6 507.4 498.7 489 478.6 468.1 461 -9999 450.7 445.2 -9999 -9999 -9999 -9999 -9999 -9999 -9999 -9999 -9999 -9999 -9999 390.7 382 -9999 376.7 374.9 -9999 -9999 -9999 359.5 362.8 362.6 -9999 356.4 -9999 -9999 -9999 -9999 -9999 370.8 -9999 381.9 388.6 395.6 402.1 409.4 417.7 425.6 434.5
-9999 -9999 710.4 706.6 702.3 -9999 -9999 685.9 678.8 674 666.5 650.8 640.7 629.8 617.7 606 593.7 581.4 569.2 556.9 543.9 530.6 517 504 491.9 480.4 473.4 461.3 450.7 438.8 427.2 416.1 406.1 398 391.9 386.5 380.8 374.5 366.8 358.3 352.5 347.2 346.1 -9999 -9999 -9999 336.2 336.8 334.1 329.2 326.3 323 322.9 321.7 -9999 -9999 317.4 319.8 321.1 320.3 321.2 323.2 328.3 334.8 338.5 344 349.9 356.6 363.8 370.6 378.1 384.8 393.4 403.1 413.8 424.4
-9999 -9999 -9999 -9999 -9999 685.3 675.6 665.8 655.4 644.8 633.6 621.8 609.5 596.3 582.7 568.7 554.7 540 526.3 511.2 496.1 480.8 471.2 459.2 444 428 416.4 403.7 392.9 383 373.3 361.9 355.6 343.9 335.3 324.2 324 314.9 305.9 301.5 298.3 295.2 292.7 291.7 291.4 291 290.6 289.3 289.1 289.5 289.6 289.9 290.3 290.9 288.2 289.2 289.8 290.8 292.5 295 298.2 301.5 308 312.2 318.9 325.3 331.6 338.1 345.2 352.2 360.2 369.3 378.2 388.3 398.7 409.9
-9999 -9999 -9999 -9999 -9999 -9999 -9999 -9999 630.9 617 603 588.7 574 559.4 545.3 530.8 515.9 502.1 487.7 473.1 458 445.2 428.7 412.9 398.1 382.7 367.8 356.9 343 329.7 317.1 306.8 294.9 285.2 278.3 272 266.3 262.5 258.6 254.6 253.1 252.8 253.3 252.9 253.6 256.6 259.5 262.6 264.9 267.5 269.9 272.8 275.5 277 275.9 276.9 277.8 278.5 278.9 280.5 283.6 287.1 292.6 296.9 303.2 309.2 315.1 321.7 329 338.9 345.5 354.4 364 372.9 382.9 393.3
656.2 651.4 644.8 639.2 -9999 -9999 -9999 -9999 -9999 582.8 567.8 552.1 536.5 521.6 506.9 492.2 478.7 465.1 452.5 438.2 423.6 409 393.7 378.7 363.5 348.1 333.4 318.8 303.2 290 278.7 267 256.8 247.1 238.6 230.4 223.6 218.3 215.9 214.1 213.9 214.9 217.2 223.4 226 231.8 237.2 242.7 247.4 252.7 257 261.1 264.7 265.9 269.6 270.8 271.1 271.6 271.4 272.7 275.2 278 283.8 287.6 292 297.2 303.1 309.7 317.7 324.8 332.9 341 350.1 358.7 367.9 377.7
611.8 605.4 598 589.5 585.2 579.8 573.6 565.8 554.2 539.7 525 510.2 495.6 481.6 467.5 455.8 442.3 429 415.9 402.5 389 374.7 360.5 346.7 332.6 316.9 300.8 285.1 272.7 261.3 250.9 240.8 231.4 220.8 210.7 202.1 194.9 189.4 186 185.8 188.1 191.6 195.4 201.5 207.2 213.1 219.6 226 231.6 236 241.1 246.1 249.9 251.6 254.7 257.3 258.9 260.6 262 263.9 266.7 269.9 276.2 279.5 283.9 288.7 294.1 300.2 307.1 314.1 321.2 328.2 335.8 346.5 354.2 361.5
542 547.6 540.3 532.3 526.3 519.7 513.8 508.4 499 487 474.7 464.5 452.9 441.2 429.5 416.8 405.3 392.9 380 367.6 352.6 339.5 326.3 313.5 305.9 289.1 278 267.3 253.2 242.8 232.8 223.6 215 207 199.9 193.1 187.9 183.6 181.5 181.4 183 186.4 190.3 194.7 199.7 204.4 208.7 214.1 218.3 223.2 227.5 -9999 -9999 -9999 238 241.4 244.5 249.2 249.9 253.8 257.5 260.8 266.5 271.5 276.4 281.6 285.6 291.5 297.6 304.2 310.6 -9999 -9999 -9999 -9999 -9999
479.4 474.8 473.1 471 465.1 458.2 451.2 443.1 438.7 433.8 427.4 419.5 410.2 398.3 387.1 376.3 365.6 355.2 344.7 334.8 322.8 312.2 302.2 292.8 283.2 273.3 262.5 251.5 241.1 241.5 224.4 218.3 212.8 208 203.3 199 195.1 192.3 192.6 190.2 191.9 193.3 195.3 197.8 200.4 202.9 205.6 208.3 211.6 215.2 217.9 218.1 221.7 -9999 -9999 -9999 -9999 -9999 -9999 -9999 -9999 -9999 -9999 -9999 -9999 -9999 -9999 -9999 -9999 -9999 -9999 -9999 -9999 -9999 -9999 -9999
384 383.9 382.4 380.2 381.8 377.9 373.7 368.8 365.9 363.5 360 355.7 350.6 343.9 336.5 328.8 321.1 314.4 306.9 299.5 292.3 285.6 278.9 272.2 264.4 256.2 248.6 240.7 233.6 228.7 224 219.8 216.3 212.8 209.5 205.8 202.5 199.6 199.4 198.8 198.4 198.3 198.7 203.4 204.3 205.7 205.4 208 210 212.2 211 213.1 215.3 218.1 221.7 -9999 -9999 -9999 -9999 -9999 -9999 -9999 -9999 -9999 -9999 -9999 -9999 -9999 -9999 -9999 -9999 -9999 -9999 -9999 -9999 -9999
291.8 293 294.3 295.1 296.5 295.1 296.9 295.2 293.5 291.7 290.3 288.2 285.9 282.6 279.8 276.2 272.7 268.8 265.2 261.3 257.9 254.1 250.3 246.5 241.4 236.4 237.6 228.1 225.2 222.4 219.6 217.4 214.6 211.6 208.6 205.5 204.2 204.6 204.4 204.5 204.8 200.8 201.9 203 204.3 205.4 207.1 208.1 209.1 207 209.9 210.8 212.6 214.4 218.3 220.3 223.6 225.4 228.7 232 235.8 241.3 -9999 -9999 -9999 -9999 -9999 -9999 -9999 -9999 -9999 -9999 -9999 -9999 -9999 -9999
217.1 219 220.8 222.1 222.5 222.9 223.1 226.5 224.5 225.3 226 226.4 225.9 225.3 225 224 222.6 220.6 220.3 219.6 219 218.6 217.5 215.9 215.8 212.7 211.5 210.9 209.8 207.8 206.5 204.8 204.8 202 201.4 201.6 200.7 200.3 202.8 200.2 200.9 201.2 202.3 203.4 204 204.6 205.1 205.9 204.2 205.9 208.4 -9999 -9999 -9999 -9999 -9999 -9999 -9999 -9999 -9999 -9999 -9999 -9999 -9999 -9999 -9999 -9999 -9999 -9999 -9999 -9999 -9999 -9999 -9999 -9999 -9999
162.5 165.5 168.3 171.1 171.4 172.1 172.8 173.2 174.4 176.1 177.8 179.3 180.8 181.7 181.8 181.7 181.6 181.9 182.1 182.6 183.4 184 185 185.4 185.9 186.5 186.3 185.9 186.6 186.6 187.1 186.9 187.4 188.6 189 189.6 191.3 190.6 191.4 192.4 193.7 -9999 -9999 -9999 -9999 -9999 199.9 198.2 199.5 202.2 202.9 204.6 -9999 -9999 -9999 -9999 -9999 -9999 -9999 -9999 -9999 -9999 -9999 -9999 -9999 -9999 -9999 -9999 -9999 245.9 248.3 250.2 253.6 -9999 -9999 -9999
119.8 121.2 129.7 126.8 130 133 134.1 138.7 140.1 138.5 140.2 140.2 140.5 142.1 144.7 147.1 148 151.1 152.1 151.2 152.7 153.2 153.5 154.6 155.7 157.2 159.2 160.9 161.5 163 164.5 166.2 167.4 169 170.2 171 172.5 173.9 175.3 176.7 178.1 179.6 181.1 182.8 184.8 -9999 -9999 187.4 189.5 191.1 -9999 -9999 -9999 -9999 -9999 -9999 -9999 -9999 -9999 -9999 -9999 -9999 -9999 -9999 -9999 226.8 227.9 231.3 233.1 -9999 -9999 -9999 -9999 -9999 -9999 -9999
94.8 95.9 100.9 102.8 99.1 101.7 103.7 105.1 106.3 107.6 108.4 108.7 116 117.2 113.2 115.6 117.8 119.2 121 121.1 122.2 123.4 126 127.3 128.5 130.2 131.7 133.1 135 137.7 139.4 140.9 142.4 144.4 146.4 147.8 149.9 151.7 153.8 155.5 157.3 159.3 161.4 162.9 165 164.7 166.8 168.5 170.7 172.8 174.8 177.3 180.5 182.1 185.3 187.4 -9999 -9999 -9999 -9999 -9999 -9999 -9999 -9999 -9999 -9999 -9999 -9999 -9999 -9999 -9999 -9999 -9999 -9999 -9999 -9999
80.5 82.1 83.3 84 84.7 85.1 85.4 86.1 86.8 87.4 88.5 90.2 91.5 91.6 93.8 92.6 94.2 96.4 97.5 98.1 98.9 99.9 102.9 104 103.3 105.2 106.1 108.4 109.9 111.1 113.2 114.1 116.2 118.2 120 121.9 124.9 126.9 128.8 130.7 132.7 134.6 136.8 138.5 138.6 140.7 142.7 145.2 147.6 149.7 152.2 154.3 156.4 158.7 160.9 163.6 -9999 -9999 -9999 -9999 -9999 -9999 -9999 -9999 -9999 -9999 -9999 -9999 -9999 -9999 -9999 -9999 -9999 -9999 -9999 -9999
70.6 71.4 72.2 73.1 73.4 73.8 74.8 75.7 77 77.2 76.8 77.2 77.7 78.1 78.4 78.7 81 80 81.2 82.8 83 84.2 85.4 86.4 88 89 89.8 90.7 92 93.2 94.4 95.7 97.1 98.3 99.8 100.9 102.5 103.5 104.8 106.5 108.2 109.8 109.3 111.1 113 115.3 117.3 119.2 120.9 123.2 125.2 127.3 129.8 132.9 135.1 136.7 139 -9999 -9999 -9999 -9999 -9999 -9999 -9999 -9999 -9999 -9999 -9999 -9999 -9999 -9999 -9999 -9999 -9999 -9999 -9999
65.2 65.5 66.2 66.4 66.4 67.4 67.7 68 68.5 68.8 69.2 69.5 69.6 69.9 70.2 70.1 70.5 70.7 71.1 71.5 71.8 73 73 73.9 75.1 76 76.7 77.5 78.4 79.6 80.5 81.5 82.3 83.5 84.9 85.8 86.9 88 89.2 90.6 89.6 90.9 91.8 93 93.8 94.8 96 97.4 98.8 100.2 101.6 103.1 104.6 106.2 108 109.2 111.1 112.7 116.4 118.5 121.1 123.3 125.7 127.6 129.3 130.7 132.1 133.4 135 137.6 139.9 142.1 144.1 -9999 -9999 -9999
60.8 58.6 59.2 59.2 59.7 59.7 59.8 60.7 61.4 61.5 60.9 62.2 61.4 61.8 61.6 63.7 62.6 63.3 64.1 64.9 65.5 65.2 65.2 65.4 66.1 66.9 67.9 68.6 69 69 69 68.8 69.2 70.3 71.4 73 74.6 76 74.7 75.1 75.5 76.1 76.5 77.2 77.7 78.6 79.2 80.1 80.9 81.7 82.6 83.6 84.5 85.5 86.7 87.5 88.6 91.8 93 94.9 96.9 98.9 100.8 102.1 103 103.7 104.4 105.1 106.6 108.6 110.7 113 115.4 116.8 117.3 117.9
53.3 54.2 55.1 56 56.2 55.4 55.2 55.1 55.3 55.9 56 56.7 57.1 57.5 57.4 57.3 57 59.8 60.1 57.8 58.4 59.1 59.6 60 60.5 61.2 61.9 62.4 62.6 62.7 62.5 62.4 62.5 62.9 63.5 64.3 62.8 63.7 64.1 64.3 64.2 64.4 64.6 64.8 65 65.2 65.6 66 66.5 66.9 67.7 68.3 68.6 69.4 70.1 70.7 73.4 73.9 75.1 76.7 78.3 80.1 81.9 82.9 83.5 84.1 84.7 85.1 86.4 88.1 89.8 91.3 92.9 94.1 94.4 94.5
50.2 50.5 50.7 51.1 51.3 51.7 52.5 52.9 53.4 53.7 52.8 52.9 53.1 53.2 53.6 53.8 53.9 54 54 54.4 54.9 55.2 55.4 55.6 55.6 56.7 56 56.5 56.9 57.4 57.7 57.7 57.6 57.9 56.8 57.2 57.7 58.4 58.7 58.7 58.6 58.7 58.7 58.9 59.1 59.2 59.2 59.7 59.7 60 60.3 60.6 60.8 61.1 61.4 61.8 64 64.5 65.1 66.2 67.2 68.2 69.4 70 70.4 71 71.3 72 72.7 74 75.3 76.4 77.8 78.6 79 79.5
49.4 49.4 52.4 49.6 49.9 49.9 50.2 50.4 50.7 51.1 51.2 51.4 52.2 52.6 52.1 52.1 52.3 51.6 51.8 51.9 51.9 52.3 52.5 52.8 52.7 52.8 52.9 52.7 52.8 54.6 54.5 53.9 53.6 53.8 54 54.4 54.9 55.1 55.5 55.4 55.3 55.2 55.2 55.1 55.3 55.4 55.4 55.5 55.3 55.6 55.7 55.8 55.9 56.1 56.4 58.2 58.5 61.2 61.6 59.9 60.7 61.6 62.3 62.9 63.1 63.5 63.7 67 67.4 65.6 66.5 67.4 68.5 69.1 69.5 69.8
49.3 49.3 49.3 49.5 49.8 49.8 49.8 52 51.9 50.1 50.3 50.4 50.5 50.7 50.7 50.8 51 51.4 51.4 51.5 51.6 51.5 52.2 51.1 50.6 50.8 50.9 51.2 51.2 51.3 51.4 51.6 51.8 52 51.9 51.9 51.9 52 52.3 52.6 52.8 53.1 53.1 53 53.2 53 53.1 53.1 53.2 53.1 53.1 53.3 53.2 53.3 54.5 54.5 54.6 56.7 56.7 55.5 56.1 56.6 57.2 57.7 57.9 58 58.1 60.4 60.8 59.3 59.9 60.7 61.5 61.9 62.1 62.5
49 49 49.1 49.1 49.1 49.4 49.4 49.4 49.4 49.4 49.4 49.4 49.6 49.6 51.3 49.6 50 49.8 50.2 50.2 50.4 50.6 50.9 51 51 51.2 51.5 51.7 51.8 51.6 51.5 52 50.7 50.7 50.8 50.9 51.1 51.1 51.1 51.1 51.1 52 51.4 51.6 51.7 52.2 52.3 52.3 52.3 52.2 51.3 51.2 52.4 52.3 52.6 52.7 52.6 53.9 53.9 53.3 53.5 54 54.3 54.5 54.6 54.8 54.8 56.1 56.3 55.4 55.7 56.1 56.4 56.8 56.9 57.1
48.4 48.4 48.4 48.6 48.6 48.8 48.8 48.8 48.9 49 48.9 48.9 48.9 49.2 49.1 49.2 49.3 49.4 49.4 49.3 49.5 51 51.1 49.7 49.8 49.8 50.2 50.3 50.5 50.5 50.6 50.7 50.8 51 51.1 51.3 51.8 51.2 51.4 51.3 51.4 51.4 51.3 51.4 50.6 50.7 51.1 50.6 50.8 50.9 51.1 51.3 51.4 51.4 51.5 51.5 51.6 52.4 52.4 52 52.1 52.4 52.8 53 52.9 53 53 53.6 53.8 53.1 53.3 53.5 53.7 53.9 54.2 54.2
48 48.1 48.2 48.2 48.1 48.4 48.4 48.6 48.6 48.6 48.6 48.6 48.8 48.8 48.8 48.8 48.9 48.9 48.9 48.9 48.9 49.1 49.3 49.2 49.2 49.2 49.3 49.4 49.5 49.5 49.5 49.5 51 49.8 49.9 49.9 50.1 50.2 50.2 50.2 50.2 50.5 50.7 50.3 50.6 50.7 50.9 50.9 50.9 51.1 51.3 51.3 51.7 51.4 51.4 51.7 51.5 52 51.5 51.5 51 51.1 51.2 51.3 51.2 51.4 51.4 51.9 52.1 51.5 51.6 51.9 51.9 52.2 52.1 52.3
48 48 48.3 48.2 48.1 48.1 48.1 48.3 48.2 48.2 48.4 48.5 48.5 48.4 48.5 48.5 48.5 48.5 48.6 48.7 48.7 48.7 48.7 48.7 48.8 48.8 48.8 49.1 49.1 49.2 49.3 49.2 49.2 49.2 49.2 49.2 49.2 49.3 49.2 49.5 49.6 49.5 49.5 49.5 49.5 50.5 50.4 50.7 49.9 49.7 49.8 50 50.1 50.2 50.3 50.2 50.4 50.4 50.6 50.6 50.6 50.7 51 51.2 50.8 51 51.1 51.1 51.3 51.5 51.5 51.6 51.7 51.6 51.7 51.2
48.1 48 48 48.1 48.1 48.2 48.2 48 48.1 48.1 48.1 48.2 48.3 48.2 48.2 48.3 48.3 48.3 48.2 48.3 48.3 48.3 48.3 48.3 48.6 48.6 48.6 48.8 48.8 48.9 48.7 48.8 48.8 48.8 48.8 48.7 48.8 49 49 49 49 48.9 48.9 49 49 49 49 49.1 49.2 49.2 50 50 50.2 50.1 50 50.2 50.2 50.4 50.4 50.3 50.2 50.4 50.4 50.4 50.4 50.2 50.1 50.3 50.3 50.2 50.2 50.2 49.8 49.8 49.8 49.8
