datasets/global_precipitation_1950_2017/rasters/precip_1971-total.asc
NCOLS 720 
NROWS 347 
XLLCORNER -180 
YLLCORNER -90 
CELLSIZE 0.5 
NODATA_value -9999 
[rows 136 to 169 of 347, columns 380 to 455 of 720]
224.2 236.4 257.7 212 184.9 167.9 166.1 170.4 204.2 249.8 277.2 285.6 265.3 180.3 95.5 48.1 44.1 57.9 103.9 197.4 275.6 270.9 279.5 275.8 237.5 289.1 325.8 324.9 308.2 319.7 353.5 393.7 426.8 398.1 310.5 209.4 141 122.8 133.8 147.3 163.3 182.5 165.6 157.1 147.2 165.8 226.4 210 169.8 318.9 373.5 391.9 386.6 448.3 432.1 406.2 426.9 422.5 462.2 -9999 -9999 -9999 -9999 -9999 -9999 52.2 169.5 326.7 409.7 377.3 331.9 292 240.4 183.1 131.1 103.5
233.5 239 260.7 235.3 197.7 174.4 158.2 168.1 205.9 256.9 294.8 295.5 289.8 265.5 191.5 121.5 106.5 120.6 208.3 311.7 324.7 281.2 295.2 350.5 347.7 360.8 386.2 326.1 306.9 318.4 338.3 379.5 459.8 475.1 320.9 176.3 120.8 113.3 134.9 166.5 189.6 205.3 197.6 196.1 197.1 197.5 250.1 317.7 371.9 519.1 471.1 448.9 431.5 454.4 454.8 509.3 579 530.1 401.9 405.9 391.9 -9999 -9999 -9999 -9999 -9999 202 317.5 365.5 338.4 290.6 238.3 187.3 141 115.8 104
211.3 231.8 278.1 268.2 221.8 167.3 133 163.6 207 264.8 335.1 304.6 277.8 263 263.1 259.9 263.4 290.5 326.6 355.4 356.4 336.5 339.2 384 425.5 461.4 492.8 367.6 328.4 319.1 314.6 340.3 423.2 485.8 282.8 112.1 112.2 117.7 154.3 203.5 218.2 212.9 199 200.2 157.1 287.3 315.7 385.8 472 557.7 519.3 485.3 484.3 446.1 528.1 741.8 828.3 462.4 390.8 369.5 381.5 394 245.6 -9999 -9999 -9999 221.8 338.5 366 290.5 207.9 154.5 116.7 92.6 93.7 104.8
208.2 264.3 319.9 297.7 257.7 212.4 173.7 173.2 203.8 225.2 245 274.4 255.8 247.3 263.1 278.7 272.4 291 323.7 362.1 387.5 385.7 372.1 412.2 441.9 516.7 591.1 588.4 451.8 329.4 260.3 290.5 281.7 259.3 231.6 156.2 147 175.2 222.4 263 187.3 247.8 238.7 214.3 211.3 267 351.1 454.8 505.8 576 507.8 564.4 602.3 668.4 842.6 813.9 730.6 491.5 418.9 406.4 400.3 418.3 281.4 24.2 -9999 77 -9999 356.6 420.5 223.4 114.2 77 55.6 53.9 76.3 -9999
377.5 364.7 340.1 302.4 288.7 260.6 234.3 207 202.3 210.8 268.7 319.9 276.7 272.1 309.1 312.1 273.3 329.4 367.7 353.8 423.6 418.6 407.6 448.4 491.6 548.8 675.1 703.2 635.7 429.1 257.2 252.1 252.3 244.1 231.9 214.8 225.9 226.2 198.4 404.2 325.5 319.2 279.2 264.9 337.5 396.5 412.9 503.7 533.5 481.8 569.7 659 761 846.2 937.6 857.3 751.5 479.4 437.5 428.6 431.8 432.5 208.5 27.1 39.1 -9999 88.5 220.7 237.5 91.1 30.7 -9999 -9999 -9999 -9999 -9999
501.1 454.7 402.5 330.3 308.1 331.8 368.6 380.9 297.8 322 335.4 354.4 349.7 379.6 376.9 368.1 424.9 473.8 485.9 461.3 496.1 503.2 477.8 478.1 454.5 531.8 732.5 699.4 595.9 491 365.1 292 273.7 243.8 257.6 268.5 242.8 259.1 268.1 368.1 392.9 416.7 265.6 285.5 332.3 420.5 459.2 564.3 607.6 564.9 641.7 740.5 831.6 927.4 1015.2 974.4 958.7 592.4 466.8 480.7 454.7 419.2 63.6 38.7 68.9 58.5 -9999 60.5 57.7 -9999 -9999 -9999 -9999 -9999 -9999 -9999
583.2 563.8 580.3 499.8 418.9 460.8 499.3 527.2 469.3 419.4 403.3 384.3 434.9 455.5 425.5 527.7 570.4 555.6 524.2 428.6 470.7 496.2 482 485.8 497.9 537 698 619.4 510.6 406.2 390.6 383.5 362.1 344.1 337.6 338.2 378 363.7 408.4 466.9 510.1 550.7 598.3 435.6 372.3 406.8 452.3 595.7 621.7 607.1 657 709.1 927.8 1159.7 1153.4 1189.6 1160.8 905.3 650.1 637.9 595.4 491.2 38.7 57 93.7 129.8 70.9 -9999 -9999 -9999 -9999 -9999 -9999 -9999 -9999 -9999
696.7 628.9 626 624.7 555.1 544.6 527.3 595.3 544.8 449.2 473.4 510.2 522.9 510.9 519.9 590.1 591.7 563.5 561 522.4 594.6 597.8 539.7 507.1 534.7 613.6 712.7 498.1 493.7 416.6 394.2 382.2 373.1 367.7 370.2 381.1 382.3 515.6 580.9 501.2 613.3 591.7 724.1 588.2 371.4 379.6 469.2 612.4 642.9 594.2 616.2 866.6 1345.1 1538.9 1710.3 1601 1481.2 1168.7 907.2 862.1 744.2 488.5 55.8 49 85.5 187.6 -9999 -9999 -9999 -9999 -9999 -9999 -9999 -9999 -9999 -9999
783.7 677.2 629.1 615.5 622 660.6 671.7 682.9 681.7 626.3 630.3 630.6 569.2 672.2 647 575.6 563.1 574.5 601.3 684 771.9 756.6 696.6 618 625.5 653.2 643.2 565.2 523.8 499.5 469.7 393.1 315.8 357.7 374.1 405.8 483 648.8 732.1 678.3 634.7 645 689.5 647.5 432.4 352.7 508.1 688.3 712.3 725.6 743.6 1265 1643.7 1644.9 1861 1724.8 1513.7 1099.4 984.2 906.4 763 616.4 80 47.9 81.8 141.7 100 -9999 -9999 -9999 -9999 -9999 -9999 -9999 -9999 -9999
979 833.3 716.2 685.6 935.5 1151.7 1054.2 850.5 694.2 711.2 659.7 736.2 847.9 882.1 753.6 610.2 597.3 643.6 700.5 780.6 862.9 898.7 892.7 786.1 690.3 658.8 638.5 598.1 579.8 588.8 577.8 440.1 369.7 356.6 383.1 434.4 541.5 646.7 676.9 681.9 595.1 635.2 745.2 700.7 570.3 570 689.9 804.8 896.6 952.8 1126.3 1519 1742.6 1955.8 1852.2 1591.2 1355.4 965.7 831.9 880.3 839.6 771.6 202 114.3 203.9 246.2 266 223.5 -9999 -9999 -9999 227.7 281.9 314.6 315.7 247.3
1082.3 990.4 854.9 863 1149.7 1363.8 1575.7 975.2 754.9 766.6 878.8 837.5 950.9 935.6 903.1 791.2 799.3 900.3 914.4 903.5 983.8 1100.2 1055.6 872.4 717.6 624.1 636.5 705.5 736.3 712.2 643.2 543 452.8 449.5 522.8 586.8 608 641.9 644.3 626.5 616 696.6 786.1 742.3 571.5 758.2 795.5 757.8 909.8 1212.8 1473.3 1662.8 1766.3 1697.3 1556.7 1352.4 1255.9 934.1 786.3 911.5 947.9 911.1 541.5 499.4 565.5 616.8 617 513.5 308.5 159.6 238.3 307.9 310 310.9 297.7 233.4
1097.5 1052.1 942.7 861.7 955.2 1087.9 1160.5 946.3 784.4 855.5 819.1 902.8 957.9 967.7 981.4 983.9 1000.2 1005.7 1010.7 1013.9 1087.4 1186.5 1120.1 927.3 753.1 657.3 710.5 802.7 818.9 788.2 811.3 804 767.8 739.1 782.3 795.4 782.3 712.1 635.6 601.8 636.1 738.4 860.8 927.1 1111.6 929.4 860.8 860.8 1108.8 1476.8 1685.2 1815.1 1831.2 1681.6 1543.1 1357.1 1174.1 1027.4 913.7 1135.2 1099.4 975.8 769.2 552.8 747.9 881.1 662.3 505.1 400.6 390 485.4 304.4 301.9 287.4 244.2 175.3
1083.1 1036.8 903.7 837.7 807.3 937.5 1124.4 973.5 662.1 950.1 882.9 969.2 979.9 943.6 950.1 979.7 1031.6 1006 1014 1070.7 1129.8 1161.5 1139.9 1013.2 832.7 728.8 791.8 904.3 1030.1 936.5 974.4 1018 987.3 908.7 851.4 858.9 792.5 685.2 608.8 562.2 600.8 593.9 805.7 948.8 970.3 968.2 874.3 879.7 1182.4 1469.9 1745.5 1939.7 2048.4 1878.1 1399.2 1299.9 1027.9 1103.1 936.2 846 787.6 995.7 1054.4 850.5 766.5 1204.5 738.2 490.2 415.9 393.1 332.1 280.8 279.4 236.3 172.6 134.9
1035.4 1008 933.3 932.5 1013.4 1153.3 1303.8 1204.1 877 939.9 983.2 935.7 981.4 899.1 745.1 929.9 1029 1166.9 1090.1 1122.8 1168 1174.8 1172.8 1120.7 982.8 878.2 909.2 989 1031.4 1034.1 1072.9 1125.8 1053.6 913.7 837.1 842.2 789.2 690.6 604.9 579.3 574.1 536.6 708.7 861.5 925.5 912.8 806.5 865.8 1073.4 1195.5 1685.4 1908.3 2001.1 1779.8 1537.1 1299.5 1114 982.8 934 682.5 734.7 1063 1024.2 882.8 870.8 950.2 838.3 609 443.6 382.7 330.7 290.3 240 178.9 134.2 114
990.1 1005.5 1099.6 1205.3 1240.6 1307.6 1357.2 1389.7 1224.7 961.5 986.4 1004.7 942.2 1002.8 856 903.2 1024.2 1136.2 1103.8 1138.4 1180.9 1171.9 1176.7 1215.2 1247.3 1257.9 1206.4 1154.7 1104.9 1082.9 1086.1 1125.6 1081.2 942.5 819.6 781.1 752.7 710 671.1 658.6 624.3 626.3 713.4 807.9 894.3 873 804.7 895.9 1038.7 1171.6 1902.7 1806.2 1844.2 1939.3 1459.9 1479.1 1241.7 959.7 885.7 912.6 845.9 916.2 1049.6 884.5 899.6 934 856.6 625.7 429 357.9 314.3 261 190.6 138.5 118.6 113.1
1020.4 1139.9 1451.8 1556 1488.8 1466.5 1495.3 1524.7 1520.9 1137 984.5 906.4 1029.3 1185.8 992.1 1003 1097 1096.3 1064 1098.1 1150 1191.5 1234.5 1302.8 1390.2 1455.7 1457.6 1378 1256.1 1157.4 1121.7 1140.8 1136.9 973.2 822.7 739.4 755.5 772.2 784.8 814.9 772.9 697.2 684.4 777.1 885.3 857.5 833.8 901.5 1066 1443.9 1902.7 1907.2 1711.7 1575.5 1556.9 1233.9 1205.5 841.7 1048.1 1044.8 1013.6 880.5 929.1 886.6 800.5 789.3 640.3 446.8 363.9 341.1 310.5 213.3 140.5 119 112.4 117.4
1264.4 1487.9 1624.1 1642.6 1607.8 1568.7 1587.7 1569.3 1590.5 1450.4 1218.4 1152.9 1082.4 1161.7 1245.7 1227.4 1243.1 1055.5 952.5 1034.4 1168.6 1305.7 1365.3 1400.6 1421.2 1466.3 1511.6 1517.8 1431.3 1269.9 1165.4 1149.9 1104.8 968.1 874.7 830.5 831.5 793.7 900 960.6 894.8 771.7 753.3 806.9 869.6 847.4 826.2 853.7 969.9 1510.9 1825.4 1808.8 1736.5 1646.1 1453.9 1287.2 997.7 1024.7 918.6 887.7 1019.4 1025.1 908.3 670.9 449.9 423.2 405.9 362 342.3 343.9 315.1 208.4 121.9 112.1 115.2 124.1
1788.4 1639.9 1656.6 1656 1615.5 1595 1595.9 1593.7 1628.9 1548.3 1416.5 1363.9 1236.3 1281.1 1357.3 1293.5 1103.2 1031.8 946.9 1082.3 1278.8 1426 1488.9 1379.7 1370.3 1474.5 1539.3 1543.8 1508 1404.6 1271.3 1210.9 1157.1 1066.1 976.3 903.5 892.7 906.6 974.7 1024.6 945.7 835.8 822.2 843 879.7 878.4 829.3 812.1 962.1 1522.7 1616.6 1689 1860.9 1635.4 1300.3 1433.4 755.3 1071.6 908.9 826.8 863.1 945.7 915.4 581.2 397.3 361.2 355 350.2 342.1 338.6 313.2 202.3 128.6 117.2 113.1 133.9
1829.9 1521.5 1708.7 1656.2 1622.5 1631.7 1638.2 1588.3 1581.2 1509.5 1453.9 1398.6 1249.3 1264.9 1358.3 1310.4 1092.4 1110.9 1120.7 1209.8 1307.2 1404.7 1715 1399.8 1370.8 1479.3 1539.4 1528 1506.5 1480.9 1414 1324.2 1259.4 1222.7 1170 1086.4 1008.6 980.5 1019 1036.8 969.4 880.7 853.7 856.7 903.5 921.7 875.4 835.6 1096.8 1477.2 1493.4 1538 1419.1 1223.3 876.1 991.3 1425.3 2090.6 1361.3 824.7 813.5 853.5 826 486.8 372.7 358.2 357.6 355.9 346.4 328.1 292.4 197.4 131.2 125.6 129.9 157.9
1858.3 1814.5 1826.2 1675.4 1660.6 1664 1631.6 1576.3 1590 1452.7 1465.6 1414.3 1304.8 1225.1 1262.8 1321.9 1263.6 1215.3 1225.3 1283.3 1312.2 1281.2 1395.9 1391.7 1399 1460.3 1475 1504.9 1514.7 1479.9 1423.4 1359.3 1293.3 1278.3 1291.9 1294.4 1292.7 1256.1 1225.6 1215.9 1139.1 902.3 895.8 896.6 939.2 960.4 889.6 794.7 1003.4 1312.7 1349.6 1375.1 1195.4 1109 959.5 820.1 836.8 1280.1 951.7 788.6 775.4 780.3 685.8 368.2 337.9 350.7 356.3 354.8 338.9 310 245.1 185.5 140.5 131.4 151.8 200.7
2216.5 2080.4 1864.8 1681.6 1645.9 1658.5 1627.6 1595.4 1592.4 1535 1473.2 1398.4 1292.8 1137 1158.6 1361.3 1306.2 1270.8 1270.1 1304.1 1305.7 1311.5 1344.7 1282.2 1334.8 1358 1413.3 1511.6 1527.3 1476.4 1417.8 1374.4 1299.9 1282.9 1319 1349 1365.8 1354.1 1334.8 1321.9 1268.7 985.9 941.3 992 1034.2 1048.3 874.6 729 670.3 805.8 896.9 929.8 939.9 899.7 710.1 594.8 750.5 788.6 691.5 774.3 720.7 652.6 428.7 244 274.5 322.1 347.3 348.8 344.9 326.3 218.4 167.1 125 120.7 154.9 216.8
2882.7 2961 1570.7 1688.6 1654.4 1693.9 1685.4 1628.3 1611.1 1592.3 1500.8 1410.2 1321.3 1219.8 1230.4 1291.2 1283.9 1329.5 1374 1415.9 1372.5 1312.4 1293.5 1365.7 1237.3 1329 1384.1 1512.1 1532.1 1499 1447.4 1421.6 1359.8 1327.5 1344.7 1378.5 1393.7 1358 1329.9 1300.3 1234.2 1104.1 1015.4 1015.7 1210.7 1200.7 774.5 708 599 456.7 418.2 393.8 429.9 391.1 405.3 532.1 677.3 703.1 669.1 622 545.2 459.3 278.3 193.2 218.9 276.5 331.6 349.2 332.4 265 176 163.3 88.6 95.7 141.2 200.2
3010.3 2632.4 1874.6 1692.8 1706 1802.7 1807.2 1715.3 1608.1 1597.3 1487.9 1455.8 1385 1279.6 1242.1 1316.7 1313.9 1403.5 1452.3 1525.6 1442.5 1307.5 1241.8 1334.5 1281.4 1318.3 1392.9 1507 1561.8 1573.7 1563.1 1568.4 1538.9 1476.3 1422.9 1447.5 1409.7 1409.8 1388.8 1299.4 1216.4 1164.1 1035.5 1180.9 1336.2 1419.4 911.1 891.7 531 457.6 321.1 266.2 258.5 253.9 236.2 333 586.8 647.9 583.6 421.4 342.7 314.9 207.4 174.7 190.1 235.1 286.4 292.8 291.4 239.7 213.1 190.2 114 97.7 128.2 173.8
2630.1 2205.4 1804.3 1642.5 1758.9 1830.5 1960.5 1761.2 1664.3 1589.7 1480.8 1404.9 1341.1 1338 1408.1 1519 1470.7 1486.4 1540.6 1659.4 1573.8 1385.1 1251.6 1283.5 1284.3 1320.6 1436.9 1556.1 1630.5 1668.1 1703.1 1725.9 1675.3 1643.3 1571.6 1474 1466.1 1526.3 1541.5 1209.9 1272.9 1314.7 1060.1 1138.7 1207.3 1224.6 1071.6 892.6 696.1 525.5 331.4 245.5 192 149.7 181.2 368 576.7 651.2 628.1 401.2 308.2 269.7 218.7 194.9 214.6 226.1 291.9 284.5 296.2 264.7 231.9 223.9 174.6 131.1 130.7 -9999
2691.9 2129.8 1911.4 1649.4 1629.1 1709.3 1683.7 1630.6 1655.9 1584.8 1504.2 1390.7 1385 1421 1569.2 1644.3 1552.9 1520.1 1643.4 1784 1678.6 1475.3 1284.6 1283.8 1307.1 1312.1 1457.8 1627 1701.3 1724.7 1753.8 1748.5 1701.6 1603.2 1613.6 1611.2 1554.9 1543.6 1452.7 1485 1285.6 1161.7 1131.3 1017.1 1247.6 1291.2 1131.8 959.8 784.9 636.9 274.3 113.9 123.2 164.1 303.4 515.2 573.4 585.9 575.3 414.9 304.3 278.6 259.6 250.4 259.2 298.7 377.6 406 363.9 331.2 251.1 227.2 263.7 227.9 -9999 -9999
2734 1987.5 1878.9 1608 1584.8 1638 1654 1643.3 1577 1487.5 1454.4 1505.4 1544.1 1605.5 1703.5 1719 1665.8 1620.9 1641.1 1677.3 1611 1451.8 1326.3 1314.6 1311.2 1356 1509.5 1643.9 1742.6 1712.8 1731 1734.5 1758 1717.2 1663.3 1660.6 1595.7 1546.8 1546.6 1517 1282.6 1148 997.6 1041.6 1454.8 1278.4 1172 1020.3 863 810.1 409.8 153 178.2 380.6 518.2 604.5 584.3 347.2 241.3 291.6 289.6 310.4 303.6 273.3 329.2 366.8 429.3 395.6 341.6 373.7 286.5 265.7 291.4 -9999 -9999 -9999
2402.1 1847.3 1467.9 1585.6 1686.7 1613.7 1602.8 1580.9 1482.4 1418.9 1423.9 1703.1 1803 1831.4 1841.2 1764.6 1715.4 1674 1600.8 1584.9 1501.4 1374.3 1279.1 1370.9 1289.1 1383.1 1606.3 1725.3 1755.8 1742 1730 1699.2 1763.3 1826.2 1748.5 1659.8 1572.4 1562.5 1414.1 1308.6 1258.3 1331.2 857.8 933.7 1336.3 1377.2 1275.2 1152.5 923.8 923.7 830.5 562.5 467.7 535.8 594.9 615.8 642.4 486.1 162.5 238.9 324.1 331.8 350.8 387.9 473.1 415.5 418.5 385.3 356.9 381.9 344.3 -9999 -9999 -9999 -9999 -9999
2199.6 2072.6 1632.7 1542.7 1623.9 1574.5 1546.9 1557.2 1474.7 1376 1545.3 1877.6 1966.8 1941.7 1945.6 1931.2 1919.4 1653.3 1512.7 1531.7 1502.6 1398.8 1312.9 1308.3 1384.2 1535.3 1721.7 1845.1 1867.4 1817.8 1751.8 1699.6 1724.7 1804.4 1777.8 1706.4 1659.4 1480.6 1120.9 1154.6 1065.5 1128.9 877.9 1387.6 1240.2 1383.8 1219.7 1203.7 1098.6 1189.6 1312.2 1069.6 661.1 554.6 628.5 648.1 624 455.6 186.9 280.5 344 345.9 382.7 459.2 486.7 454.3 397.6 349.2 342.7 358 -9999 -9999 -9999 -9999 -9999 -9999
2451.8 1949.5 1760.6 1659.6 1576.4 1491.5 1516.8 1547.3 1531.6 1481 1655.9 1853 1919.4 1935.4 1988.2 2006.5 1954.9 1695.6 1552.2 1574.2 1727.5 1739.8 1593.6 1563.4 1621 1709.9 1803.8 1858.2 1887.7 1877.3 1749.4 1701.1 1759.6 1830.8 1852.9 1705.2 1656.7 1352.3 1076.3 1033.7 974.7 1026.3 1063.6 968.3 986 1178.5 1268.7 1271.4 1254.5 1292 1363.4 884.1 745.4 703.3 756.5 670 499.3 270 170.9 204.3 288.9 339.4 445.4 560.4 590.9 577.4 457.5 346.7 -9999 -9999 -9999 -9999 -9999 -9999 -9999 -9999
2070.7 1927.3 1784.2 1742.4 1554.8 1440 1522.9 1548.6 1559.6 1572.6 1675.3 1802.1 1831.2 1838.4 1876.3 1833.9 1769.5 1726.6 1718.7 1821.6 1984.8 1999.9 1934.5 1882 1901.8 1913.1 1883.3 1930.6 1963.7 1891.7 1680.2 1694.8 1758.6 1805.3 1778.3 1693.3 1533.3 1262.6 1182.2 961.8 1184.3 1161.7 929.9 830.4 1110.9 1227.9 1194.1 1337.7 1511.7 1516.1 1220 1430.7 999 798.5 804.4 560.6 276.4 198.7 177.1 176.8 278.7 369 457.3 552.9 600.1 623.3 528.1 -9999 -9999 -9999 -9999 -9999 -9999 -9999 -9999 -9999
2310.8 1940.9 1756.8 1654.5 1546.7 1528.9 1528.1 1507.1 1470.2 1437.7 1597.3 1864 1731 1706.5 1722.9 1695.6 1611.4 1758.2 1917.5 2043 2158 2185.7 2158.7 2143.9 2201.7 2156.3 2037.7 2035.8 2043.2 1890.2 1734 1717.9 1745.4 1764 1732.6 1629.5 1372.2 1218.8 1265 947.9 881.8 1060 747.8 904.6 1178.6 1211.5 1295 1073.3 1339.5 1978.3 1536.5 1163.3 930.6 876 704.7 783.7 398.1 157.6 154.3 246.8 310.8 371.5 417.5 480.9 516.1 567.7 -9999 -9999 -9999 -9999 -9999 -9999 -9999 -9999 -9999 -9999
2121.2 1744.2 1762.3 1564.7 1491.6 1477.8 1527.8 1523.8 1427.7 1302.7 1548.3 1767.2 1637.2 1567.2 1597.2 1682.4 1741 1822.2 1967.5 2119.7 2234.2 2317.4 2324.7 2261.1 2239.1 2179.7 2113.3 2097 2106.4 1968 1820.9 1737.5 1714.6 1797.9 1783.9 1597 1321.2 1266.5 1168 840.1 911 896.8 762.9 866.3 1913.1 1452.3 1309.7 938.7 1333.7 1295.6 1679 1176.7 1068.5 814.6 1409 1243.9 369.2 216.7 230.2 328.1 333.2 358.9 385 403.9 388.7 -9999 -9999 -9999 -9999 -9999 -9999 -9999 -9999 -9999 -9999 -9999
1946.3 1993 1858.5 1681.1 1461.1 1379 1598.7 1603.4 1603.1 1666 1556.8 1637.7 1574.7 1478.4 1540.1 1677.4 1811.9 1849.5 1979 2139.3 2225 2296 2334.2 2281.4 2212.3 2149.7 2085.6 2021.9 2003 1973.3 1879.5 1717.8 1668.3 1784.4 1891.8 1417.3 1450.1 1475.8 1471.7 1312.6 1069.5 920.3 991.5 1115.6 1533.3 1816.6 955.2 833.9 1181.2 2041.3 1896.2 832.7 658.8 1754.6 894.5 577.2 573.2 485.2 360.8 353.7 363 410.7 466.6 381.5 -9999 -9999 -9999 -9999 -9999 -9999 -9999 -9999 -9999 -9999 -9999 -9999
1868 1934.5 1836.5 1783.6 1549.1 1600.9 1897.9 1790.7 1764.8 1738.7 1550 1612.6 1524.9 1094.4 1575.6 1619.9 1720.4 1858.1 1932.7 2081 2177 2232.8 2280 2223.2 2185.2 2150.3 2069.2 1952.7 1938.7 1880.6 1781.7 1544.7 1570.5 1694.9 1903.5 1681.7 1578.9 1505 1806.1 1600.6 963.7 845.3 1189.9 1800.7 1653.2 1614.1 806.3 880.9 1247.1 1357 1191.5 592.3 777.6 901.5 911.3 947.8 842.7 657.2 459.4 413.5 476.2 679 755.4 579.2 -9999 -9999 -9999 -9999 -9999 -9999 -9999 -9999 -9999 -9999 -9999 -9999
