datasets/global_precipitation_1950_2017/rasters/precip_1962-total.asc
NCOLS 720 
NROWS 347 
XLLCORNER -180 
YLLCORNER -90 
CELLSIZE 0.5 
NODATA_value -9999 
[rows 170 to 203 of 347, columns 380 to 455 of 720]
1998.2 2330.5 2379.8 2339.8 2311.8 2289.7 2283.8 2066.7 2191 2228.2 2056.9 2041.7 1894.8 1783.6 1710.6 1748.8 1860.9 1996.3 2066.9 2179.7 2254.1 2274.2 2289.8 2257.9 2207.4 2129.1 2038.1 1945.5 1850.2 1776.2 1682 1717.7 1875 2061 2243 2142.8 2020.4 1899.3 1512.5 1437.1 1012.3 871.9 1069.4 1215.3 1392.4 1249.5 1138.4 1163.7 1391.7 1604.5 1256.2 938 517.8 1372.7 684.2 845.7 619.4 590.6 539.3 551.4 689.8 698.6 696 -9999 -9999 -9999 -9999 -9999 -9999 -9999 -9999 -9999 -9999 -9999 -9999 -9999
1979.6 2087.7 2140.9 2145.8 2118.4 2141.5 2140.6 2083.5 2234.5 2394.4 2198 2097.1 2028.1 1883.9 1732.2 1711.4 1763 1864.4 1945.1 2114.9 2190.1 2184 2193.6 2211.4 2183.6 2082.8 1940.1 1807.1 1751.3 1571.3 1575.9 1605 1895.1 2156.9 2246.8 2313.9 2016.7 2014.1 1521 1436.9 1162.1 967.9 1101.3 1161.1 1135.7 1216.1 1155.6 1118.9 1090 1131.5 1021.8 959.6 643.1 761.3 670.9 578.2 548.6 565.4 578.5 779.9 989.6 763.6 -9999 -9999 -9999 -9999 -9999 -9999 -9999 -9999 -9999 -9999 -9999 -9999 -9999 -9999
1615.4 1614.9 1656.2 1781.5 1945.9 2130.2 1994.3 2044.8 1995.4 2275.3 2230.2 2179.7 2090.3 1883.8 1680.3 1650.8 1703.4 1729.2 1714.9 1812.8 1854.3 1912.3 1988.1 2108.3 2102.2 1952 1843.9 1752.9 1634.3 1517.5 1528.3 1559.9 1673.1 2046.7 2217.7 2514.6 2690.5 1475 1378.5 1550.6 1296.2 1139.2 1207 1205.1 1019.1 1147.1 1130 965.7 877.5 938.6 988.1 873.9 732.3 589.2 831.8 618 594.5 660 710.8 858.9 -9999 -9999 -9999 -9999 -9999 -9999 -9999 -9999 -9999 -9999 -9999 -9999 -9999 -9999 -9999 -9999
-9999 1341 1507.1 1522.8 1618.5 1825.7 1701.7 1752.6 1869 2026.6 2043.9 2042.9 1874.5 1788.7 1642.6 1567.5 1608.8 1597.2 1593.6 1608.1 1625.2 1667 1670.4 1841.6 1867.9 1811.1 1826.6 1766.2 1551.8 1426.8 1444.9 1484 1593.1 1863.4 2347.6 2742.3 2853.8 1473.8 1099.3 1352.4 1242.7 1034.4 1112.1 1199.3 1089 1065 971.4 823.1 807.8 940.3 1106.6 1058.7 886.8 879 1306.8 884.8 1012.7 659.3 729.8 780 -9999 -9999 -9999 -9999 -9999 -9999 -9999 -9999 -9999 -9999 -9999 -9999 -9999 -9999 -9999 -9999
-9999 -9999 1408 1457.7 1445 1468.1 1546 1399.2 1484.5 1719.2 1556.4 1566.7 1612.3 1658.5 1619.4 1565.7 1519.1 1542.4 1555.5 1574.2 1574.2 1589.2 1592.9 1659.1 1708.6 1673.4 1752.4 1656.1 1327.8 1262.7 1318.4 1332.1 1376.9 1570.7 2017.6 2404.4 2337.2 1293.9 1281.7 1469.8 1175 966.8 1051.4 1101.3 1088.4 1090.9 988.6 935.1 876.9 933.3 990.2 875 854.5 741.4 616.6 527.6 669.8 624.4 763.4 689.1 -9999 -9999 -9999 -9999 -9999 -9999 -9999 -9999 -9999 -9999 -9999 -9999 -9999 -9999 -9999 -9999
-9999 -9999 -9999 1658.1 1573.8 1594.4 1326.7 1258.9 1395.5 1401 1363.5 1345.8 1384.6 1506.8 1564.3 1579.7 1431.8 1481.6 1525.7 1554.8 1563.2 1609.5 1627.4 1620.6 1602 1547.4 1555.4 1424.6 1177.5 1170.3 1187.9 1143.8 1158.6 1252 1478.4 1740 1625.9 1499.4 1443.9 1420.5 1321.2 1163 1042.7 1076.7 1131.9 1116.1 1079.7 996 983.5 888.9 856.1 819.1 773.4 437.6 465.6 504.8 742.1 785.9 757.1 -9999 -9999 -9999 -9999 -9999 -9999 -9999 -9999 -9999 -9999 -9999 -9999 -9999 -9999 -9999 -9999 -9999
-9999 -9999 -9999 -9999 1562.4 1316 1307.9 1308.1 1468.7 1443.8 1289.9 1284.5 1312.4 1385.3 1468.9 1506.6 1499.2 1537.3 1552.7 1558.4 1563.7 1592 1607.5 1604.4 1610.2 1570.2 1507.7 1382.8 1250.7 1195.3 1152.7 1108.3 1051.6 1120.9 1435.5 1733.8 1673.1 1506.9 1439.6 1401 1280.1 1071.1 1032.3 1080.3 1157.7 1237.7 1195.3 1083.7 897.4 760.2 774.3 827.2 727 639.7 619.3 758.5 1028.8 881.8 -9999 -9999 -9999 -9999 -9999 -9999 -9999 -9999 -9999 -9999 -9999 -9999 -9999 -9999 -9999 -9999 -9999 -9999
-9999 -9999 -9999 -9999 1336.9 1361.8 1300.3 1272 1365.8 1345.1 1268.2 1312.4 1361.9 1318.6 1380 1450.4 1428.1 1556.2 1591.6 1579.3 1524.3 1503.2 1530.4 1608.9 1687 1650.7 1556.8 1459 1369 1323.7 1135.6 1098.2 966.1 1035 1433.4 1626.7 1581.8 1440.8 1384.8 1307.8 1078.9 1004.2 1093.7 1117.8 1188.6 1213.6 1200.7 1086.6 852.7 794.2 713 662.9 682.2 716.2 637.4 782.9 976.2 1089.3 -9999 1448.6 -9999 -9999 -9999 -9999 -9999 -9999 -9999 -9999 -9999 -9999 -9999 -9999 -9999 -9999 -9999 -9999
-9999 -9999 -9999 -9999 942 1171.2 1216.9 1235.2 1306.1 1262.5 1136.7 1350.8 1360.7 1270.7 1366 1448.2 1416.3 1532.4 1587.7 1563.6 1366 1315.2 1422.4 1607.2 1741.5 1709.3 1589.7 1506.3 1521 1456.7 1341.3 1207.9 996.4 1084.7 1479.7 1526.7 1473 1398.4 1343.7 1263.3 1160.7 1199.3 1282.9 1253.2 1229.2 1195.4 1165.3 1025 835.3 824.2 721 665.8 746.2 710.6 747.3 810.5 846 921.9 -9999 -9999 -9999 -9999 -9999 -9999 -9999 -9999 -9999 -9999 -9999 -9999 -9999 -9999 -9999 -9999 -9999 -9999
-9999 -9999 -9999 -9999 -9999 1046.8 1133.5 1226.8 1262.3 1271.5 1109.2 1206.9 1333.7 1363.1 1407.3 1494.2 1536.1 1539.4 1562.8 1497 1285.6 1204.1 1322.9 1562.8 1605.3 1644 1609.9 1558.8 1693 1675 1512.1 1300.9 1046.2 1150.8 1403 1423 1393.2 1330.3 1275.9 1228.8 1132.3 1276.3 1476.4 1291.9 1220.3 1133.6 1107.6 995.4 825.1 742.3 657.2 559.6 602.9 715.1 784.4 837.6 931.6 1028.3 1234.5 -9999 -9999 -9999 -9999 -9999 -9999 -9999 -9999 -9999 -9999 -9999 -9999 -9999 -9999 -9999 -9999 -9999
-9999 -9999 -9999 -9999 -9999 821.4 1101.5 1166.4 1273.6 1217.1 1098.5 1149.2 1371.9 1563.2 1593.1 1581.3 1582.1 1565.9 1554.7 1491.7 1355.6 1300.9 1381 1516.9 1612.6 1661.8 1666 1646.3 1639 1658.4 1552 1424.3 1255.6 1200.8 1336.5 1346.4 1283.4 1181.1 1173.2 1165.5 958.4 1045.4 1211.9 1186.2 1116.6 1048.6 1037.1 976.4 849.2 666.1 585.4 567.2 583.2 510.5 712.8 559.3 910.6 835.5 866.1 -9999 -9999 -9999 -9999 -9999 -9999 -9999 -9999 -9999 -9999 -9999 -9999 -9999 -9999 -9999 -9999 -9999
-9999 -9999 -9999 -9999 -9999 -9999 825.5 934.8 1232.3 1234 1205 1226.7 1360 1551.9 1599.9 1608.9 1625.2 1595.9 1535.5 1483.2 1485 1570.6 1501.5 1487.9 1581.3 1650.7 1661.7 1662.7 1703.3 1684.5 1601.5 1538 1396.1 1278.3 1315 1241 1109.7 962.8 862.3 1185.9 1000.8 957.7 1089.6 1084.2 1093.6 1063 1040.1 994.4 850.6 728.6 563.9 582.2 757.7 1000.5 950.4 1395.9 1099 880.3 989.4 -9999 -9999 -9999 -9999 -9999 -9999 -9999 -9999 -9999 -9999 -9999 -9999 -9999 -9999 -9999 -9999 -9999
-9999 -9999 -9999 -9999 -9999 -9999 738.7 754.3 1156.3 1240 1303.3 1234 1192.4 1325.8 1376.2 1411.8 1575.8 1563.2 1498.2 1423 1448.4 1520.6 1522.1 1534.8 1571.7 1646.9 1646.4 1666.2 1727.4 1695.6 1602.3 1539.9 1386.5 1218.5 1259.2 1278.3 1212 1144.8 1097.3 1135.9 1078.6 1066.5 1088 1008.5 1131 1139.8 1100.1 1013.3 884.9 840.7 811.9 756.9 1015.3 1424.1 1315 1231.1 934.9 831.4 1108.6 -9999 -9999 -9999 -9999 -9999 -9999 -9999 -9999 -9999 -9999 -9999 -9999 -9999 -9999 -9999 -9999 -9999
-9999 -9999 -9999 -9999 -9999 -9999 -9999 728.7 1049.2 1122.8 1074.4 1079.3 1133.8 1312.1 1413.5 1415 1552.5 1562.6 1499.3 1385.6 1342.1 1491.8 1513.6 1597.7 1589 1579.7 1605.2 1667.5 1655.9 1610 1568.6 1507.5 1400.5 1266.6 1299.7 1308.5 1277.5 1294.1 1326.9 1340 1247.3 1202.2 1131.9 1062.5 1107.8 1149 1183.5 1083.3 937.2 823.9 1131.4 1049.6 1295.6 1368.6 1547.1 1282.6 797.4 789 1083 -9999 -9999 -9999 -9999 -9999 -9999 -9999 -9999 -9999 -9999 -9999 -9999 -9999 -9999 -9999 -9999 -9999
-9999 -9999 -9999 -9999 -9999 -9999 -9999 733.6 1001.2 1017.8 824.3 884 1085.4 1316.2 1364.8 1419.8 1563.8 1571.6 1523.5 1428.1 1415.8 1524.7 1602.6 1624.7 1540.6 1442.6 1457.4 1612.7 1616.5 1646.7 1537.9 1458.5 1431.6 1359.4 1349.5 1320.8 1280.7 1480.8 1463 1575.6 1510.5 1355.7 1437.8 1229.6 1141.6 1258.7 1121.7 1203.8 1326.7 1256 1590.2 1558.9 1699.1 1961.7 1635.6 1298.8 858.3 889.2 933.4 -9999 -9999 -9999 -9999 -9999 -9999 -9999 -9999 -9999 -9999 -9999 -9999 -9999 -9999 -9999 -9999 -9999
-9999 -9999 -9999 -9999 -9999 -9999 709.8 649 809.5 1017.7 919.7 774.2 891 1169.5 1478.6 1440.8 1535 1589.7 1537.6 1425.2 1343.7 1608.3 1798.1 1616.6 1468.9 1397 1428.6 1552.4 1531.3 1465 1496 1429.2 1417.1 1382.4 1334.4 1327.2 1342.3 1437.7 1515.2 1593.3 1635.6 1580.7 1427 1209.8 989.7 1308.8 1548 2080.3 1655.9 1544.4 1738.7 1828.5 1672.4 1395.5 1358.4 1053.7 897.4 904.6 941.6 -9999 -9999 -9999 -9999 -9999 -9999 -9999 -9999 -9999 -9999 -9999 -9999 -9999 -9999 -9999 -9999 -9999
-9999 -9999 -9999 -9999 -9999 -9999 823.3 862.5 752.8 874.2 848.1 802.3 978.9 1103.1 1332.2 1379.8 1485.6 1591.5 1620.6 1479.6 1187.2 1469.7 1757.7 1569.3 1420.2 1354.2 1421.6 1529.7 1527 1505.3 1432.2 1363.4 1366.1 1336.6 1275.9 1309.5 1359 1476.7 1428.6 1562.2 1631.9 1711.4 1476.8 1305.9 1271.3 1216.7 1293.3 1885.5 1511.4 1415.5 1598.7 1686.3 1527.3 1386.2 1127.2 942.9 912.4 912.5 936.6 -9999 -9999 -9999 -9999 -9999 -9999 -9999 -9999 -9999 -9999 -9999 -9999 -9999 -9999 -9999 -9999 -9999
-9999 -9999 -9999 -9999 -9999 -9999 -9999 819.7 868.4 983.7 976.3 998.5 1086.5 1202.1 1355.3 1423.9 1564.1 1616.5 1643.4 1545.5 1402 1478.3 1571.7 1485.8 1366.5 1384.9 1459.8 1542.4 1617.2 1546.1 1397.7 1302.7 1362.9 1263 1313.1 1337.4 1297.8 1268.4 1433.1 1618.2 1622.2 1555.4 1588 1420.9 1389.3 1318.4 1175.7 1416.3 1362 1202 1348.8 1356.5 1319.8 1234.4 1062.8 971.7 916.2 898.5 937.9 990.7 1254.8 -9999 -9999 -9999 -9999 -9999 -9999 -9999 -9999 -9999 -9999 -9999 -9999 -9999 -9999 -9999
-9999 -9999 -9999 -9999 -9999 -9999 -9999 782.2 842.9 1080.9 1125.3 1323.6 1439.4 1521.7 1482.2 1524.6 1603.9 1609.8 1597.2 1522.3 1486.1 1531.4 1581.8 1481 1346 1420.5 1485.6 1559.7 1617.4 1548.3 1407.6 1358.4 1353.4 1361.2 1520 1390.5 1286 1283.1 1464.2 1673.8 1669.7 1434.4 1387 1312.1 1399.6 1347.8 1115.8 1129.5 1374.8 1252.5 1315.6 1262.5 1270.9 1202.5 1122.6 1071.1 950.3 855.1 890.3 959.1 1036.4 -9999 -9999 -9999 -9999 -9999 -9999 -9999 -9999 -9999 -9999 -9999 -9999 -9999 -9999 -9999
-9999 -9999 -9999 -9999 -9999 -9999 -9999 -9999 561.9 1086.1 1339.3 1403.4 1485.6 1612.9 1534.5 1514.6 1550.8 1554.9 1483.6 1430.9 1433.8 1500.3 1535.2 1482 1430.9 1479 1513.1 1577.5 1608 1597.9 1474 1426.2 1456.2 1452.7 1468.7 1426.6 1317.2 1256.3 1522.7 1701.6 1733.7 1434.6 1385.5 1321.8 1340.7 1214.9 1148 1011.8 1564.6 1465.6 1528.1 1351 1263.2 1223.4 1154.4 1211.6 1110.3 883.9 818.8 872.3 957.6 -9999 -9999 -9999 -9999 -9999 -9999 -9999 -9999 -9999 -9999 -9999 -9999 -9999 -9999 -9999
-9999 -9999 -9999 -9999 -9999 -9999 -9999 -9999 1201.4 1171 1389 1447.5 1508 1525.3 1526.8 1502.8 1516.6 1509.8 1418.7 1363.5 1371.5 1420.3 1481.7 1424 1415.7 1468.1 1511 1561.1 1663.5 1670.9 1595.2 1552.4 1550.9 1502.8 1600.8 1513.6 1512.2 1414 1529.4 1637.7 1654.3 1420.4 1364.1 1357.8 1269.4 1074.4 1051.3 1195.7 2151 1498.5 1397.6 1411.2 1326.2 1369.5 1439.5 1544.4 1402.7 995.8 828.5 829.5 895.2 -9999 -9999 -9999 -9999 -9999 1395.2 -9999 -9999 -9999 -9999 -9999 -9999 -9999 -9999 -9999
-9999 -9999 -9999 -9999 -9999 -9999 -9999 676.4 1207.9 1363.5 1463 1521.9 1424.4 1523.9 1521.7 1497.4 1490 1507 1367.3 1278 1263 1294.2 1291.7 1226.4 1235 1287.1 1396.9 1518 1589.4 1650.4 1624.3 1590.1 1623.3 1602.6 1602.5 1705.2 1695.8 1566.7 1442.6 1463.5 1433.4 1363.6 1354.8 1335.7 1194.7 1059 1116.3 1520.9 1872.6 1241.4 1327.8 1413.6 1518.9 1527.5 1547.8 1663.2 1420.7 984.1 852.5 870.8 867.6 -9999 -9999 -9999 -9999 -9999 -9999 -9999 -9999 -9999 -9999 -9999 -9999 -9999 -9999 -9999
-9999 -9999 -9999 -9999 -9999 -9999 643.1 1056.9 1432.1 1518.3 1444.8 1579.9 1401.9 1450.4 1491.7 1500.1 1505.3 1435.4 1174.3 1098.7 1107.7 1147.3 1221.4 1216.2 1192.7 1107.9 1251.5 1417.1 1526.7 1562.2 1532 1546.6 1564.4 1616.9 1685.9 1738.8 1730.8 1557.2 1512.6 1471.6 1412.6 1332.8 1318.9 1234.2 1189.9 1082.6 976.1 1184 1609.9 1481.3 1420.1 1487.5 1539 1427 1347.8 1297.7 1138.1 856.2 823.1 809.9 706.1 -9999 -9999 -9999 -9999 -9999 -9999 -9999 -9999 -9999 -9999 -9999 -9999 -9999 -9999 -9999
-9999 -9999 -9999 -9999 -9999 610.3 785.7 1292.9 1401.8 1372.8 1302.2 1270.8 1289.7 1158.4 1248.8 1354 1405 1143.7 985.6 958.4 1007.8 1117.6 1228.3 1251.5 1212.1 1157.3 1347 1351.4 1374.8 1418 1488.4 1518.3 1515.5 1551.2 1624.3 1588.7 1595.7 1608.4 1516.4 1436.3 1512.8 1387.5 1316.8 1255.4 1269 1206.4 941.1 1014.1 1372 1352.3 1067.7 1685.3 1544.8 1415.3 1213.6 1069.5 1015.7 869.7 860.9 809.9 663 -9999 -9999 -9999 -9999 -9999 -9999 -9999 -9999 -9999 -9999 -9999 -9999 -9999 -9999 -9999
-9999 -9999 -9999 -9999 -9999 505.6 952.8 1118.9 1110.4 1201.4 1272.6 1092.5 940.8 1022.1 1032.1 987.1 955.4 915.9 913.5 944.7 994.9 1150.2 1281 1279.2 1269.9 1343.7 1386.6 1342.5 1354.3 1379.6 1442.6 1474.7 1482.2 1453.5 1449.2 1474.1 1498.2 1482.4 1231 1284.4 1381.7 1354.7 1301.4 1368.6 1314.5 1275.1 1107.1 980.7 989.3 1231.6 1261 1480.6 1507.4 1466.6 1439.2 1092.9 1090.7 1025.3 989.2 862.4 735.4 -9999 -9999 -9999 -9999 -9999 -9999 -9999 -9999 -9999 -9999 -9999 -9999 -9999 -9999 -9999
-9999 -9999 -9999 -9999 -9999 592.5 914.9 981.5 1007.5 1021.8 1031 713 582.3 730.3 875.2 902.8 870.3 802.2 809.5 882.8 998 1170.5 1275.1 1264.5 1210 1211.3 1194.9 1241.1 1255.1 1256.5 1337 1388 1378.4 1267.9 1225.7 1327.3 1353.1 1345.9 1317.8 1187.6 1169.3 1228.1 1264.4 1393.6 1516.2 1307.4 1047 1047.5 1090 1027.4 901.5 1081.9 1258.2 1334.8 1356.2 1251 1189 1118 1083.5 933.2 702.9 -9999 -9999 -9999 -9999 -9999 -9999 -9999 -9999 -9999 -9999 -9999 -9999 -9999 -9999 -9999
-9999 -9999 -9999 -9999 -9999 581 902.8 863.1 912.8 849.7 701.8 578.9 512.4 667 861.5 948.5 846.6 713.7 669.2 768.5 905 1096.1 1215.9 1194 1118.1 1076.4 1125.6 1151.1 1156.8 1141.9 1186.5 1207.5 1178 1186.8 1197.8 1235.4 1289.4 1335.4 1295.9 1156.8 1071 1101.2 1236.8 1490.2 1998.2 1604.2 1125.2 1078.4 994.2 965.5 967.4 1082.1 1184.8 1248.7 1270 1283.5 1258.9 1202.2 1146.3 979.2 765.6 676.4 -9999 -9999 -9999 -9999 -9999 -9999 -9999 -9999 -9999 -9999 -9999 -9999 -9999 1637
-9999 -9999 -9999 -9999 95.3 577.1 850.7 630.9 630.2 588.5 509.8 523 555.6 680.5 846.1 879.4 793.7 679.3 632.4 699.2 803.6 938.5 1073.2 1112.5 1099 1086.7 1140.8 1088.8 1099.8 1111.9 1078.9 1016.6 1030.4 1174.3 1212.5 1130.2 1053.3 1114.9 1197.5 1107.2 924 1132.8 1183.6 1160.7 1086 1197.5 1102 1191.6 1301.2 1168 1485.6 1480.5 1353.4 1710.7 1616 1485.5 1294.9 1198.3 1165.3 989.1 810.9 -9999 -9999 -9999 -9999 -9999 -9999 -9999 -9999 -9999 -9999 -9999 -9999 -9999 1430.5 1481.6
-9999 -9999 -9999 -9999 78.3 422.5 690.7 553.6 462.9 484.7 503.5 515.8 514.4 558.6 778.8 851.9 754.2 688.9 683.5 732.6 811.8 852.4 942.7 1050.4 1063.3 1010.3 935.4 952.8 974 977.1 949.7 937.6 915.5 996.8 1126.4 1155.3 995.6 968.4 986.5 1069.7 1243 1224.8 1102.2 964.2 747.2 941 1040.6 1102.2 1225.4 1170.5 1368.3 1813.6 1874 2187.7 1972.7 1616 1460.6 1153.1 1052.3 1000.1 846.8 -9999 -9999 -9999 -9999 -9999 -9999 -9999 -9999 -9999 -9999 -9999 -9999 1266.7 1385 1455.9
-9999 -9999 -9999 -9999 24.1 125.9 524.3 421.1 307.8 425.8 512.6 524.4 510.4 509.3 588.9 655.6 616.6 638.8 690.4 741.1 770.7 768.1 829.9 953.4 966.9 877 705.8 802.3 819 834.4 860.6 927.4 1031.9 1075.3 1106.9 1110.5 1058 959.6 963.6 1041 1073.9 1046.9 976.2 832.1 710 866.9 967.7 914 1107.1 1294.5 1556.8 1810.2 1830.5 2111.6 2023.8 1796.2 1518.8 1196.2 1133.1 1072.8 -9999 -9999 -9999 -9999 -9999 -9999 -9999 -9999 -9999 1157.8 1150.5 1244.3 1328.4 1335.9 1477.4 1524.7
-9999 -9999 -9999 26.4 11.3 9 312.7 345 335.8 334.6 420.1 457.6 430.8 407.9 457.3 541.7 543.9 532.2 501.2 522.4 572.5 586 582.5 634.4 780.5 791.8 769.3 763.9 761.5 806.2 823 932.2 1033.6 1168.5 1105.8 1134.1 1073.2 951.4 993.2 1020.6 1065.5 1014.4 945.9 924.9 854.6 923.1 1093 1067.2 1179.9 1442.4 1424.6 1252.6 1452.1 1615.9 1652.9 1628.8 1455.1 1278.4 1230.4 -9999 -9999 -9999 -9999 -9999 -9999 -9999 -9999 -9999 -9999 1220.8 1337.8 1376.5 1451.3 1514.1 1600.5 1741.7
-9999 -9999 -9999 -9999 25.5 57.7 224.5 256.4 281 275.3 311.1 412.3 304.5 295.7 401.1 535.5 548.8 540.5 477.4 447 431 448 514.9 558.4 597 690.1 756.6 760 748.4 741.3 779.9 948.8 1051.5 1085.9 1143.8 1136.9 1095.6 1003.6 1047.3 1089.4 1203.3 1039.3 883.3 1009.1 1089.4 1205 1286.4 1225.7 1143.1 1119.3 1185.1 1210.2 1191.3 1536.5 1627.9 1609.2 -9999 -9999 -9999 -9999 -9999 -9999 -9999 -9999 -9999 -9999 -9999 -9999 1090 1321.3 1453.3 1497.7 1526.6 1556.3 1592.2 1516.5
-9999 -9999 -9999 23.1 43.1 165.6 229.2 238.3 272.3 337.4 247.2 300.3 265.5 273.6 350.1 516.5 517 476.6 401.9 462.3 410.7 485.9 542.7 575.2 584.5 629.4 724.6 747.2 722.5 686.3 594.6 1028.1 963.7 897.3 878.8 923.6 971.9 1019.8 1032.4 1037.3 1025.5 908.9 899.4 1126.4 1104.5 1616.3 1867.2 1604.9 1326.8 1295 1392.8 1469.8 1536.8 1840 -9999 -9999 -9999 -9999 -9999 -9999 -9999 -9999 -9999 -9999 -9999 -9999 -9999 -9999 1083.6 1505.5 1572.3 1540 1559.2 1553 1510.9 1324.8
-9999 -9999 -9999 -9999 79.9 156 180.5 216.7 241.8 256.5 232.2 257.8 289.5 312.4 356.8 404 430.2 437.5 405.5 425.6 463.8 537.2 564.1 618 575.4 594.9 673.2 713.8 706 717 769.3 984.9 810.3 693.6 684.1 702.9 817.7 995.8 978.7 953.5 916.1 854.6 930 1001.2 1280.3 1348.8 1964.5 1712.3 1555.7 1593.2 1597.2 1534 1649.4 1839.7 -9999 -9999 -9999 -9999 -9999 -9999 -9999 -9999 -9999 -9999 -9999 -9999 -9999 -9999 1003.6 1366.7 1528.8 1591.6 1626.6 1565 1529.7 1377
