datasets/global_precipitation_1950_2017/rasters/precip_1952-total.asc
NCOLS 720 
NROWS 347 
XLLCORNER -180 
YLLCORNER -90 
CELLSIZE 0.5 
NODATA_value -9999 
[rows 34 to 67 of 347, columns 532 to 607 of 720]
483 485.2 488.2 498.6 504.7 503.5 495.7 487.6 481.6 479.6 479.5 477.9 476.1 476.3 475.3 472.3 466.8 456.5 442.8 423.1 400.4 374.2 348 324.2 305.8 290.7 280.7 271.9 265.3 259.1 255.8 254.5 253 252.3 252.7 252 251.6 250.5 251.2 251.2 252 253 254.8 256.9 260.4 264.3 269.2 272.7 276.5 280.4 284.6 288.1 292.4 296.5 300.1 303.3 299.8 303.7 299.8 294 287.5 280.8 273.7 269.2 265.5 263.6 262.5 263.8 264.9 266.5 269.3 273.4 278 284.6 287.6 289.3
508.9 525.1 545.4 576.9 556.6 523.1 482.7 445.9 433.3 451.3 469.4 479.5 480.7 482.5 480.4 474 463.8 447.9 426 400.7 372.7 343.3 318 295.4 276.1 261.6 250.2 244 242.5 240.9 242 246 248.8 253.1 254 254.5 254.4 254.4 253 252.4 252.1 253.9 256.6 259.8 265.4 270.8 277.8 284.6 288.9 293.4 295 297.7 299.5 301.1 303.1 302.5 301.9 300.2 296.7 292.3 286.3 280.3 275.1 270.4 265.7 263.3 261.1 262.5 263.7 265.9 267 268.8 270.9 276.1 278.5 278.7
532.5 544.5 546.4 545.5 542.8 531.2 507.3 483.9 474.8 478.6 488 493.1 495.3 496.4 493.4 487 473.3 449.5 423.9 393 361.4 331.5 300.4 268.8 239.9 219.7 213.8 217.4 224 226.7 231.9 238.5 245.7 249.7 252.6 254.7 258 260.2 267.6 263.7 266.6 271.7 273.4 277.9 283.1 289.5 296.6 302.7 306.6 308.7 310.3 310.6 310.3 309 306.6 303.2 300.5 295.4 290.8 285.6 280.1 274.3 268.5 263.2 258.1 252.7 248.6 246.8 246.6 248 250 252.9 255.8 259.5 262.8 265.7
558.9 566.9 569.5 568.8 562.4 554.9 546.4 534.6 523.3 515.1 512 510.9 510.6 514 514.8 508.7 491 466.6 435.5 399.3 366.5 335.3 305.4 274 243.8 221.7 216.1 220.3 222.4 224.1 229.7 237.1 245.5 252.1 257.3 265.6 265.6 269.8 274.8 279.9 284.6 290.2 295.3 301.4 307.7 313.6 318 324 327.2 331 330.7 330.4 327.9 324.4 319.9 314 306.4 298.3 290 281.3 272.7 265.4 260.2 255.2 249.7 244.5 240.2 237.2 232.2 230.7 232.3 232.8 236.1 239.7 244.2 250
572.1 593.6 616.5 622.3 603.9 579.8 560.5 548 534.3 522.8 514.8 514 517.5 521.5 520.6 512.6 495.8 468.5 433.6 395.9 366.2 342.5 323.4 306.3 290.4 281.4 276.1 272.3 244.1 241.1 244.9 251.6 258.5 264.6 267.9 271.2 274.3 278.7 282.9 289.9 294.4 300 306.9 311.8 319.2 325.7 330.3 334.8 340.4 345.7 347.5 349.6 346 342 337.8 329.3 319.9 306.2 292.3 280.7 269.5 260.7 255.9 251.9 247.1 241.7 237.4 233.7 229.1 225.8 223.7 224.1 225.2 228.3 232.3 235.7
571.2 592.3 606.5 610.7 598 578.8 560.2 543 526.3 515.2 509.3 508.4 507.6 504.7 502.1 489.6 471.5 446.9 414.1 381.5 355.5 339.7 330.8 321.3 313.4 308.5 302.9 298 290.4 280.6 274.9 273.9 275 275.6 274.2 272.1 273.3 279.6 287.3 295.1 301.6 307.2 312.7 317.2 321.5 326.4 331.6 336.7 343.5 350 356.1 360.3 362 357.8 350.4 340.5 331 318.5 302.3 286.3 272.8 261.7 255.6 251.4 248.6 242.7 238.6 234 228.9 223.7 218.6 218 219.4 223 226.6 229.2
561.2 592 619.9 631.5 584.2 567.7 542.7 519.8 506.9 502.1 505.2 508.5 506.8 498.9 486.4 469.9 450.6 427.9 406.3 385.3 366.2 350.6 339.2 331.5 321 313.7 309.2 305.8 301 298.3 297.1 298.3 299.5 298.1 293.9 290.2 289.7 294.1 300.6 306.6 311.8 315.8 318.2 319 320.3 323.4 329.4 337 344.9 353.6 362.7 373.6 386.8 385.3 356.7 338.5 336 327.7 312.5 292.7 273.6 258.8 253 253 253.5 251.8 249.2 245.3 240.8 236.1 231.4 228.1 226.1 226.5 226.4 227.5
516.6 538.7 560.1 564.4 539.1 495.2 463.2 455.9 461.9 475.4 494.5 511.5 518.5 509.7 484.3 464.2 443 423.2 405.1 391.9 381 371.4 359.6 351 340 329.5 325.5 321.9 320.7 322.8 328.2 341.5 350 351.9 347.7 341.3 335.4 330.8 328.7 327.6 327 325.9 323.8 322.2 320.7 322.8 328.8 336.9 343.2 347 354 367.4 379.5 382.4 364.9 346.4 340 334.4 320.7 299.4 269.4 242.5 246.9 261.8 269.9 272.6 274.5 274.8 270.2 262.5 254.5 247.8 240.8 234.6 228.2 223.2
471 470.4 475.9 469.4 442.5 401.3 384.8 397.4 417.9 438.8 466.6 491.6 501.9 491.6 469.4 444.4 417.1 399.3 397 396.5 394.1 390.3 386.3 375.3 371.2 360.2 356.5 358.2 367.4 379.7 399 419.8 436.3 442.7 435.8 418.8 397.9 378.3 362.9 351.7 343.1 336.1 332 329.1 328.2 329.5 332.2 337.9 341.6 343.3 345.7 353.1 360.3 361 354.5 346.7 348 350.9 346.1 333.3 313.3 309.5 313.7 315.4 309.7 305.1 307.3 310.5 304.7 292.7 282 270.1 258 246 235.5 224.5
447.2 439.5 434.6 429.2 417.9 405.9 399.1 394.8 386.9 404.5 421.1 442.6 456.4 463.5 464.1 447 421.1 403 400.9 403.8 405.4 399 386 380.2 375.1 378.6 384.5 395.4 415.2 437.9 460.3 481 501.5 510.5 499.3 475.2 443.8 410.4 382.7 365.7 351.2 341.3 335.8 332.4 332.4 333.3 335 337.9 339.4 342.7 345.7 349.4 355.3 361.3 368.1 374.1 381.8 387.6 379.1 365.2 351.3 338.7 331.9 327.1 323.3 320.9 319.6 318.7 316.5 311.3 303.1 292.2 278.4 261.4 245.2 227.7
440.1 425.9 419.8 417.4 413.3 406.2 393.9 383.4 395.2 392.9 383.4 381.6 406.6 470.7 534.5 532 486.9 448.5 421.9 403.6 386.4 365.8 349 348 359.4 375.9 392.3 411.6 429.8 446.9 461.2 470.1 476.7 478.9 471.9 458.7 433 406.2 381.6 363.9 349.2 341.2 337.1 336.4 338.1 338.5 339.2 340.6 341.1 341.4 344.1 351.4 357.9 368.8 381.6 393.7 403.7 406.7 402.9 392 372.6 355.1 342.3 334.7 331.7 330.7 331 332.1 331.7 329 323.7 314 299.1 281.5 265.9 250
455.6 430.4 418 416.9 411.2 415.6 427 431 427.9 395.7 338.5 300.1 297.9 371.5 474.9 495.8 480 454.4 423.4 392.1 358.7 328.4 307.8 313.2 339.5 366.7 387.2 403.1 416.8 427.3 436 441.2 442.4 438.3 428.2 417.7 401.5 381 361.6 345.5 336.5 333.3 335.6 339.1 342.3 345.3 347.7 349 353.7 359.1 369.4 378.2 382.8 387.9 395.4 407.1 421.9 433.9 422.8 395.9 369.5 352.3 342.2 338.4 337.7 338.4 340.8 344.2 345.6 344.1 340.6 334.4 326.4 314.3 303.1 286.6
482.6 456.3 433.8 421.7 415.5 431.1 464.5 509.5 546.3 482.8 397.8 329.5 295 386.6 443.1 431.7 429.6 431.2 416 385.5 349.5 333.2 331.2 341.3 359.1 377.5 387.6 390.8 393.6 399.9 405.6 414.1 418.5 404.1 386.7 372.9 359.2 343.6 327.4 315.6 312.8 314.6 319.7 328.4 353.8 364.1 363.6 369.1 376.4 387.6 396.1 396.9 395.1 394.2 399.8 407.4 410.5 406.5 392.5 370.9 351.5 341 338.6 339.9 342.3 345.2 348.7 349.3 348.4 353.2 359.1 365.6 368.2 367.3 361.5 354.5
494.2 475 463.7 455 451.1 456.6 479.2 502 507.1 501.4 491.4 454.4 422.8 408.3 345.4 341 375 391.5 392.1 374.6 352.2 348.3 348.2 350.1 353.7 358 359.9 359.5 359.3 361.1 365.2 368.9 366.7 350.8 331 329.7 324.1 311.4 294.6 281.7 283.1 293.9 311.5 333.6 358.5 366.9 374.3 384.2 396.2 404.3 403.6 390.2 373.8 370.9 393.6 409.1 410.3 394.6 370.9 343.8 330.3 323.1 324.6 330.5 335.9 341.6 352.3 361.3 369.6 379.5 391.2 402.2 411.8 419.7 424.9 428
488 487 486.4 481.7 454.3 425.8 431.2 462 489.7 504.2 506.2 478.4 437.3 396.4 366.8 356.8 362.4 370.1 372.8 371.9 368.6 363.6 355.8 343.7 334.3 328.2 326.1 324.7 318.5 310.9 313 328.2 341.6 343.1 338.7 329.7 315.2 295.7 275.4 259.3 253.3 264.2 282 309.3 335.7 357 379.5 397.4 410.4 418.1 416.7 414 402.4 408.9 435.3 445.5 434.8 405.1 367.7 339.6 313 301.7 301.7 309.5 321.3 335.2 351.1 365.2 379.3 391.3 405.1 429.4 453.2 461.3 471.5 475.6
478.2 492.2 492.2 500.7 390.4 280.6 409.5 444.2 446.9 451.8 442.4 414.3 389.7 379.1 375.5 375.8 376.5 377.6 378.7 379.4 374.5 367.4 358.8 334.5 313.8 303.8 308.7 313.1 314.2 309.4 315.3 337 355.9 365 365.4 356 337.4 310 289.3 279 268.8 258.1 266.3 312.4 350.9 375.4 396.6 418.9 422.7 426.4 437.3 457.4 489.4 529.8 512.7 473.3 443 414.3 377.4 341 315.8 301.4 295 297.5 307.8 325.6 344.4 362 378.2 391.9 405.8 428.9 454.5 472.2 488.4 498
430.2 443 436.2 414.1 385.2 407.4 488 466.7 440.8 424.5 403.2 383.1 375.2 381.4 388.9 395.4 415.5 375.5 378.2 369.9 355 338.4 315.7 297.5 308.6 319.7 328.8 336.7 342.9 351.6 366 383.1 395.4 395.3 399.3 394 376.4 351.9 318.8 308.6 306.3 316.4 342.2 377.4 406.5 431.9 410.9 420.8 428.9 440.4 454.3 475.9 513.6 559.3 526.3 472 415.2 431.4 405 360.1 329.2 309.3 291.2 283.2 290.2 305.4 329.9 352.8 373.3 389.6 406.9 425 449.2 476 501.4 520.1
363.3 377.5 381.9 381.6 389.6 414.8 444.5 452 445.1 429.6 409.2 391.2 380.1 380.5 364.5 373.1 378.8 375.1 355.3 337.5 331.3 328.5 314.6 316.9 332.5 349.2 364.3 368.9 365.9 376.2 396.9 413 429.1 435.9 427.7 422.8 419.3 408.6 393.8 375.5 358.9 341.5 365.7 424.1 454.2 399.2 394.1 406.6 414.4 424.8 425 430.8 459.9 482.7 484.6 485.7 500.3 488.3 446.6 398.6 341.6 298 270 263.3 281.3 300.4 321.1 345.4 367 392.5 415.8 431.1 451.2 490.4 523.9 545.7
336.8 345.1 355.9 366 376.3 410.2 455.4 452.5 441.9 434.2 420.3 408.4 404.2 392.5 374.5 346.9 325.8 307.2 253.4 295.9 321.3 340 354.9 369.5 380.1 384.1 385.4 384.2 388.6 398.4 408.1 421.1 457.7 445.2 431.5 435.2 443.5 441 452.8 465.7 413 326.1 301.3 354.6 382.6 387.9 390.4 396.3 408.6 419.7 415.1 427.1 445.7 452.7 465.5 463.5 460 449.9 423.4 385.5 331.2 291.1 270.3 270.9 288.5 309 326.4 344.2 369.2 397.8 428.7 448.2 470.3 499.4 532.4 553.1
366.2 361 365.7 376.4 401.9 437 462.7 446 435.7 435 422.6 408.3 386.6 367.5 354.7 329.4 308.9 304.7 322.5 335.7 360.4 387.4 416 446.5 461.5 462.9 456.4 440.6 426.9 429.4 430.8 427.2 438.3 431.9 424.4 424.2 435.6 452.2 477 487.7 419.4 379.4 369.8 373.2 383.9 390 384.7 379.5 377.5 377.4 385.2 395.3 408.1 408.9 405.9 406 401.2 387.4 362.5 330.9 307.5 289.3 278.1 264.5 276.3 306.8 326.2 347.2 375.6 409.7 437.2 452.2 467.7 497.6 529.8 553.7
341.9 375.2 378.3 358.3 407.9 434.4 400.1 376.7 413.5 421.8 411 421.3 433.8 335.9 357.2 339.9 327 324.2 332.9 370.8 420.3 447.8 505.9 502.8 490 488.4 486.2 462.7 441.9 448.7 461.6 472.1 466.2 411.5 398.4 400.9 400.1 401.6 397.1 382.4 355.6 361.2 372.9 383.8 384.1 388.2 388.1 374.7 349.4 326.5 316.8 319 336.5 340.1 336.7 332.8 334.1 334.8 314 298.3 298.1 307.2 312 308.6 307.6 314.3 319.1 334.7 370.6 407.7 431.7 445.8 462.6 494.6 527.2 553.4
418.7 427.3 448.7 445.8 388.8 402.2 375.2 341.1 330.5 336.7 349.7 373.3 389.8 392.7 376.5 324 359.6 279.3 405.6 425.3 427.4 457.7 485.4 498.7 496.6 491.4 470.7 437.9 425.4 436.9 450.4 473.6 474.6 443.4 417 400.4 380.2 369.3 359.1 376.6 365.4 361.2 354.3 354.8 368 392.2 412.2 340.1 295.7 299.1 302.3 312.7 324.3 326 313.3 300.5 297.9 285.9 258.6 271.5 313.7 335.2 340.3 335.2 331.1 326 322.1 338.4 377.8 404.1 413 423.6 444.8 485.2 524.5 542.8
448.1 505.8 660.6 798.3 631 531.3 417.7 281 270.7 255.4 267.6 326.1 372.3 419.5 474.2 343 351.2 439.3 444.9 439.3 447.3 465.9 481.5 488.1 490 487 470 436.3 391.1 296.1 419.2 428.4 426.4 414.7 406.4 407.7 415.9 425.6 425 406.4 383.6 365.2 348.7 336 354.1 364.7 366.8 362.7 332.1 306.5 298.9 309.5 327.1 342.9 342.7 312.3 307.6 305.9 311.5 338.2 375.4 396.5 382.7 360.2 343.3 335.3 334.2 339.7 359.1 369.3 368.5 375.2 397.2 449.4 500.8 514.7
457.8 468.7 515.3 607.8 682.8 688.5 567.1 466.4 386.1 311.6 297.3 325.9 384.4 481.8 518.4 458.1 430.5 440.8 448.6 465.3 487.6 503.8 508.8 504.5 499.1 495.9 496.9 481.7 470.1 488.2 445.7 410.7 390.4 388.4 390.4 400.1 413.7 448.7 504.3 450.4 394.8 353.5 337.3 346.9 347.5 352.3 361.5 350.1 311.2 288.9 280.7 290.8 315.4 340.2 348.6 334.1 323.2 320.3 336 365.5 390.5 397.2 385.5 363.5 346.5 332.2 315.7 299.5 298.4 305.1 310.3 307.8 319.5 367.1 434.3 484.1
381.1 384.6 398.2 463.8 583 616 694.6 670.5 482.7 377.4 334.8 361 395.4 487.7 622.8 635.6 600.8 595.4 576.7 540.8 523.8 523.2 525 522.1 521.5 525.3 522.9 525.2 546.4 525.7 444.2 357.8 350 372.9 371.9 398.9 433.5 423.1 413.7 390.4 364.6 338.1 311 290.7 283.7 324.7 397.6 385 222.5 242.7 267.4 283.5 296.3 308.2 313.3 314.8 309.8 301.6 312.9 348.9 377.9 381.1 368.3 347.9 330.3 318.5 298.2 283.9 279.8 272.5 272.2 276.6 286.2 313.2 382.7 481.7
418.8 415.8 445.3 541.7 631.3 690.9 699 582.5 358.2 376.7 321.9 339.7 436.3 464.2 574.9 661 700.9 725.5 718.3 649.7 582.9 549.5 544.2 531.3 512.8 541.1 546.2 536.9 522.9 495.8 445.2 404.6 396.9 375.3 348 392.5 458.2 431.4 385.8 363.1 343.1 306.3 277.9 274.7 292 326.4 358.2 348.2 333.3 303.2 283.7 280.5 287.8 295 290.7 299.9 305.1 309.1 330.2 339.7 345.6 347.1 342.9 336.1 338.6 341.1 302.6 271 278.2 255.2 262.8 272.9 283.9 315 357.4 393.5
517.3 598.8 656.2 681.8 728.8 796.7 729.2 607.6 493.1 442.1 450.1 493.8 589.2 580.2 745.3 815.1 854 841.5 750.7 630.2 550.6 525.5 547.1 587.4 641.7 595.2 549.7 517.8 500.1 501.5 511 516.6 473.6 398.5 372.9 370.7 377.7 373.4 383.8 321.9 300.7 237.9 239.5 246.8 339 332.8 399.8 386.3 376.3 337.1 280.4 254.7 288 323 332.4 335.2 312.6 307.6 315.3 315.7 312.9 318.1 339.9 341.9 332.2 326.9 305.7 304.7 304 297.2 293.4 288.6 318.4 344.9 333.7 285.3
695.4 861.6 1017.2 870.4 759.5 724.1 662.4 507.9 478.2 465.9 473.7 515.3 579.4 799.2 1311.8 913.1 783.8 716.2 585.1 456.7 402.6 441.1 489.6 540 562.7 538.2 491.3 448.9 448.6 478.8 524.2 578.3 559.8 467.9 426 437.2 406.4 353.5 361.2 347.8 301.5 271.6 284.7 312.1 343.8 366.9 387.3 428.4 402.2 339.8 270.1 249.3 273.1 293.3 298.2 295.7 279 260.5 254.6 262.3 267.6 274 294.5 310.7 313.9 319.6 319.6 349.6 358.9 331.1 327.5 337.1 364.5 374.5 334 295.1
655.8 785.5 801.1 885.3 933 838.1 722.9 588.1 493.9 454.2 443.2 448.6 482.6 389.8 426.8 445.3 441.9 441.8 415.2 369.1 355.2 379.5 426.1 457.1 472.1 463.1 437.9 427.4 430.9 451.3 470.7 500.2 569.5 647.7 574.2 542 564.5 472.1 375.9 352.2 270.2 304.8 300.7 294.2 302.2 315.1 281 201 282.4 317.7 294 289 290.1 259.3 279.7 275.2 255.9 233.7 230.6 230.9 231 243.2 276.7 300.4 298.2 306.3 318.8 330.9 336.3 335.2 346.3 370.9 387.5 379 358 337.3
626.5 705.5 825.6 866 798.4 771.1 659.2 478.9 384.5 376.1 385.3 384.2 386.1 391.2 398.7 382.7 343.3 337.4 379.9 382.5 371.7 370.4 375.9 381 384.5 385.2 388 396.2 416.6 424.3 437.6 466.4 424.4 519.1 750.4 678.4 664.9 657.4 620.5 634.3 511.3 348.6 232.1 277.2 304.9 331.1 326.5 320.7 359.3 377.4 380.7 425.9 393.4 311.6 293.4 274.6 227.8 212.5 229.9 214.9 209.4 227 253.1 262.7 285.1 295.6 307 316.9 324.1 335.5 359.8 385.5 404.2 410.8 403.2 383.5
510.6 579.1 628.3 579.5 599.2 565.6 447 367.2 349.2 348.1 371.9 397.1 397 392.3 380.8 380 396.4 393.6 370.7 366.8 353 350.2 351.8 349.2 344.1 343.3 336.1 336.7 373.6 409.1 441.5 477.4 519.2 640.8 869.6 961.4 802.7 708.6 644.4 569.3 416.1 273.2 286.9 288.9 333.2 385.6 389.2 420 484.9 466.2 395.8 340.5 346.1 338.3 303.5 274.5 287.2 289.5 268.8 254.7 231 249.4 282.4 299.2 290 288.3 299.4 308.4 319.7 349.5 381.3 404.3 422.9 435.3 440.4 436.3
402.8 480.3 496 479.4 445.3 354.9 298.3 287.7 294.1 303.9 326.8 341.2 342.1 344 345.8 332.2 323.8 301.3 281.5 287.1 298.2 314.3 334.2 339.1 331.1 325.7 323.3 331.1 351.7 364.6 397.5 457.6 515.4 530.3 560.8 572 544.6 473.2 347.9 340 322.1 294.3 293.5 295.7 331.8 375.4 401 424.5 458.7 436.5 382.1 321.4 308.1 311.6 307.8 298.6 282.2 275.1 271.5 282.9 296.9 307.2 302.7 288 279.2 267.3 260.8 277 316.4 367.4 406.2 424.7 438.6 452 466 476
506.5 462.3 446.7 372.7 254.9 176.9 181.1 203.7 208.9 226.5 252 255.9 249.5 244.2 255 263.3 248.5 220.1 237.5 238.2 247.9 266.5 290.8 303.8 304.8 301.2 302.2 311.3 313.6 318.5 346 397.6 433.5 440.2 436.5 434.2 432.7 412.3 351.2 315 310.3 305.8 302.8 316.5 358.5 392.9 414.3 443.4 444.7 427.3 417.4 344.6 291.9 284.9 313.2 312.5 284.4 279.3 292.4 323.2 359.8 366.3 346.3 317.4 287.9 241.7 208.5 254.4 311.3 381.1 430.5 454.7 461.8 480.4 500.9 519.9
484.2 480.1 438.6 323.5 196.8 156.1 153.9 171.9 190.1 205 217 220.3 221.8 222.3 230.4 237.7 231.5 222.7 223.9 220.9 207.8 216.4 236.4 251 259 263.6 265.5 259.2 250.9 274.3 306.6 345.8 353.5 327.5 339.3 355.2 365.1 359.9 330.4 310.1 301.2 298.9 311.5 321.1 389.7 423.3 409.5 425.6 428.4 406.3 373 298 260 228 255.7 254.5 231.8 250.3 298.4 343.9 368.7 404.2 490 354.7 316.9 300.6 294.7 313.2 340.6 386.5 434.7 470.8 497 519.2 544.8 569.6
