datasets/global_precipitation_1950_2017/rasters/precip_1980-total.asc
NCOLS 720 
NROWS 347 
XLLCORNER -180 
YLLCORNER -90 
CELLSIZE 0.5 
NODATA_value -9999 
[rows 306 to 339 of 347, columns 304 to 379 of 720]
-9999 -9999 -9999 -9999 -9999 -9999 -9999 -9999 -9999 -9999 -9999 -9999 -9999 -9999 -9999 -9999 -9999 -9999 -9999 -9999 -9999 -9999 -9999 -9999 -9999 -9999 -9999 -9999 -9999 -9999 -9999 -9999 -9999 -9999 -9999 -9999 -9999 -9999 -9999 -9999 -9999 -9999 -9999 -9999 -9999 -9999 -9999 -9999 -9999 -9999 -9999 -9999 -9999 -9999 -9999 -9999 -9999 -9999 -9999 -9999 -9999 -9999 -9999 -9999 -9999 -9999 -9999 -9999 -9999 -9999 -9999 -9999 -9999 -9999 -9999 -9999
-9999 -9999 -9999 -9999 -9999 -9999 -9999 -9999 -9999 -9999 -9999 -9999 -9999 -9999 -9999 -9999 -9999 -9999 -9999 -9999 -9999 -9999 -9999 -9999 -9999 -9999 -9999 -9999 -9999 -9999 -9999 -9999 -9999 -9999 -9999 -9999 -9999 -9999 -9999 -9999 -9999 -9999 -9999 -9999 -9999 -9999 -9999 -9999 -9999 -9999 -9999 -9999 -9999 -9999 -9999 -9999 -9999 -9999 -9999 -9999 -9999 -9999 -9999 -9999 -9999 -9999 -9999 -9999 -9999 -9999 -9999 -9999 -9999 -9999 -9999 -9999
-9999 -9999 -9999 -9999 -9999 -9999 -9999 -9999 -9999 -9999 -9999 -9999 -9999 -9999 -9999 -9999 -9999 -9999 -9999 -9999 -9999 -9999 -9999 -9999 -9999 -9999 -9999 -9999 -9999 -9999 -9999 -9999 -9999 -9999 -9999 -9999 -9999 -9999 -9999 -9999 -9999 -9999 -9999 451.7 -9999 -9999 -9999 -9999 -9999 -9999 -9999 -9999 -9999 -9999 -9999 -9999 -9999 -9999 -9999 -9999 -9999 -9999 -9999 -9999 -9999 347.5 341.4 335.3 329.2 323.8 319.3 314.8 309 304.4 299.8 296.1
-9999 -9999 -9999 -9999 -9999 -9999 -9999 -9999 -9999 -9999 -9999 -9999 -9999 -9999 -9999 -9999 -9999 -9999 -9999 -9999 -9999 -9999 -9999 -9999 -9999 -9999 -9999 -9999 -9999 -9999 -9999 -9999 -9999 -9999 -9999 441.6 443.2 443.6 -9999 -9999 -9999 447.6 448.1 448.4 -9999 -9999 -9999 -9999 -9999 -9999 -9999 -9999 -9999 -9999 -9999 -9999 -9999 390.1 384.4 379.5 374.9 370.3 365.2 359.8 355 351.4 347.5 343.9 341.8 338.8 337.6 336.1 334.8 333.5 335.5 339.2
-9999 -9999 -9999 -9999 -9999 -9999 -9999 -9999 -9999 -9999 -9999 -9999 -9999 -9999 -9999 -9999 -9999 -9999 -9999 -9999 -9999 -9999 -9999 -9999 -9999 -9999 -9999 -9999 -9999 -9999 -9999 -9999 -9999 -9999 439.9 441.1 441.7 442.9 443.8 444.7 445.7 446.1 446.1 445 444.8 444 442.1 438.3 433.5 428.6 422.2 417.6 413.1 407 400.9 395 390.1 384.5 378.9 374.3 370 367.1 365.3 363.3 359.4 356.1 353.4 352.1 352 351.1 351.2 354 351.5 353 355 358.7
-9999 -9999 -9999 -9999 -9999 -9999 -9999 -9999 -9999 -9999 -9999 -9999 -9999 -9999 -9999 -9999 -9999 -9999 -9999 -9999 -9999 -9999 -9999 -9999 -9999 -9999 -9999 -9999 -9999 -9999 -9999 -9999 -9999 -9999 438.1 440.3 441.1 442.1 443.2 443.7 444.5 445.2 441.9 440.4 440.6 437.6 434.5 430.3 425 419.1 413.6 409.2 404.5 398.8 393.6 388.7 384.2 380.3 376.4 371.8 369.8 368.4 366.9 366.1 365.3 361.8 360.9 360.9 360.7 361.2 361.8 362.1 361.8 362.5 364.1 365.7
-9999 -9999 -9999 -9999 -9999 -9999 -9999 -9999 -9999 -9999 -9999 -9999 -9999 -9999 -9999 -9999 -9999 -9999 -9999 -9999 -9999 -9999 -9999 -9999 -9999 -9999 -9999 -9999 -9999 -9999 429.6 431 433.3 435.1 436.7 438.4 440 440.7 441.6 442.3 442 441.8 440.9 438.5 435.8 432.5 427.6 423.4 417.6 412.3 406.9 402.5 398.3 393.3 389.6 384.9 381.3 376.9 374.4 372.8 371 369.6 369.3 368.4 368.1 368 366.1 366.7 366.9 367.2 367.2 367 366.9 367.5 377 377.5
-9999 -9999 -9999 -9999 -9999 -9999 -9999 -9999 -9999 -9999 -9999 -9999 -9999 -9999 -9999 -9999 -9999 -9999 -9999 -9999 -9999 -9999 -9999 -9999 411.9 414.9 417.3 419.3 421.7 424.1 426.4 428.4 430.2 432.1 433.6 435.1 436.7 438.3 437.8 440.1 440.2 439.9 438.2 437 432.6 428.8 424.2 419.6 413.7 408.3 403.6 398.5 393.9 390.6 387.2 383.8 379.3 377.7 375.8 374.1 372.8 371.4 370.6 369.5 369.8 369.6 369.6 369.9 369.1 368.5 368 367.6 375 375.6 376.7 377.5
-9999 -9999 -9999 -9999 -9999 -9999 -9999 -9999 -9999 -9999 -9999 -9999 -9999 -9999 -9999 -9999 -9999 -9999 -9999 -9999 -9999 -9999 -9999 -9999 408.2 410.4 411.8 415.4 417.6 419.7 422.1 424.1 425.9 428 430 431.4 432.3 433.7 435 436.1 436.7 436.7 435.9 434 429.2 427 423.1 417.8 409.5 405.1 401.5 396.8 393.2 389 385.7 383.7 381.4 379.7 378.1 376.5 375.4 374.2 372.8 372.4 372.2 371.6 378.7 377.9 378.6 378 377.9 376.7 377.4 377.9 378.4 378.6
-9999 -9999 -9999 -9999 -9999 -9999 -9999 -9999 -9999 -9999 -9999 -9999 -9999 -9999 -9999 -9999 -9999 -9999 -9999 -9999 -9999 -9999 -9999 -9999 -9999 405 407.6 409.4 411.9 414.7 416.6 419.1 420.9 422.9 424.8 426.8 428.4 429.4 430.3 430.5 429.7 429.1 429 426.7 423.8 420.3 416.4 411.8 405.9 401.2 396.7 393.5 390.8 388.2 385.2 383.6 382.1 380.2 378.6 376.5 375.7 375.6 374.9 379.9 380.1 379.1 378.1 378.4 378.5 378.7 380.5 378.9 378.5 378.6 378.3 377
-9999 -9999 -9999 -9999 -9999 -9999 -9999 -9999 -9999 -9999 -9999 -9999 -9999 -9999 -9999 -9999 -9999 -9999 -9999 -9999 385.8 387.6 389.3 391.5 394 396 398.7 401.2 403.5 406.7 408.6 410.6 412.6 414.9 416.7 418.3 419.7 421.4 422.6 422.1 421.9 421.7 423.1 420.6 419 412.8 412.4 407.4 402.4 398 394.5 391.2 388.9 387.9 386.7 385.1 383.6 382.7 381.3 385.1 383.2 382.5 381.8 381.5 381.2 380.5 379.9 379.4 379.9 379.7 379.1 378.3 377.6 375.9 374.8 373.3
-9999 -9999 -9999 -9999 -9999 -9999 -9999 -9999 -9999 -9999 -9999 -9999 -9999 -9999 -9999 -9999 -9999 -9999 372.1 373 374.7 376 377.9 379.6 381.2 383.6 386.1 388.1 390.4 392.4 398.3 400.4 402.4 404 405.5 407 407.9 409.6 409.9 410.1 409 409.1 408.8 410.3 408.9 406.3 403.6 399.6 396.4 393.9 391.3 390.3 388.7 387.9 387.1 387.8 387.2 386.2 385.5 385.2 384.9 384.1 383.4 382.4 381.9 381 379.7 378.3 377.4 376 375 373.8 371.7 369.6 365.9 364.4
-9999 -9999 -9999 -9999 -9999 -9999 -9999 -9999 -9999 339.4 342.1 344.7 346.6 348.2 349.4 351 352.1 353.8 355.1 356.9 358.6 360.1 361.9 363.9 365.8 368 370.4 372.6 374.6 376.5 382.9 384.8 387 389.2 391.2 392.8 394.9 392.6 393.8 394.5 395 394.7 393.7 394.6 393.6 392.1 390.1 388.7 387.6 387.4 387.2 386.7 386.2 386.1 385.9 385.4 385 385.3 384.4 383.5 382.8 382.4 381.3 379.8 377.7 376.1 374.3 371.2 367.9 365.5 363.1 359.9 355.5 351.4 346.7 342.2
-9999 291.9 295.6 298.9 302.1 304.8 307.1 310.2 312.7 315.7 318.3 320.1 323 324.6 326.6 328.1 330.2 332.7 334.4 336.3 338.3 340.2 342 344.4 346.6 348.8 351.2 354.2 356.3 358.3 362.5 364.6 366.8 369.1 371.5 373.2 375.1 376.8 377.6 378.1 378.4 378.1 377.3 378 377.5 376 375.3 375.6 376.3 375.8 375.8 376.6 377.4 378.4 378.4 378.3 377.9 377.9 377.3 375.7 374 372.1 370.4 368.4 364.2 363.1 358 354.1 348.6 345.3 339.1 332.7 327.1 322.4 315.8 308.6
262.6 266.1 269.9 273.6 277.2 280.9 284.4 287.6 289.5 293.3 295.7 298.5 300.5 302.9 305.4 307.4 309.6 310.8 312.7 314.5 316.8 318.8 320.7 323.3 325.2 328.2 330.4 333.5 335.5 337.6 339.6 342.1 344 346.7 348.7 351.1 352.9 354.6 356.1 357.2 358.4 359.7 358.7 361.5 361 360.2 360.4 361.1 361.3 360.6 360.7 361.2 361.8 361.9 361.8 361.6 360.8 359.5 358 355.7 353.1 350.9 346.3 342.9 338.5 332.1 327.2 322.1 316.6 310.3 302.9 295.4 288.2 281.3 274.2 267.5
242 246 249.4 252.7 256.3 258 262.4 265.9 269 271.9 274.7 277.7 280.1 282.6 285 287.3 289.4 291.8 293.8 295.6 297.9 300.1 302.1 304.3 306.4 306.6 308.3 310.1 315.3 314.4 316 318.7 320.6 322.9 325 328 329.8 331.2 332.8 334.6 336 338 339.2 339.6 340.7 341.7 342.4 342.7 343.2 343.3 343.4 342.7 341.5 340 338.2 335.4 333.1 330.5 327.5 324.4 321.1 316.3 311.9 305.4 299.2 293 287.6 279.6 272.5 265 257.4 252.8 241.8 234.2 226.5 219
233.1 236 237.7 242 244 246 248.5 251.2 253.1 256.2 258.6 260.9 263 266 267.2 269.6 271.9 274 276.2 278.3 280.4 282.7 284.7 286.6 288.5 289.9 291.4 293 296.2 297.6 299 301 302.9 304.8 306.6 306.7 308 309.4 314.1 313 314.8 316.4 317.9 319.2 320.1 319.4 318.9 318.5 317.9 317.6 316.1 317.7 315.6 312.8 309.6 306.1 301.5 297.1 292.1 286.5 280.9 276.2 272 265.6 257.7 250.4 242.7 235.2 228.8 221.4 213.9 204.3 197.3 190.8 182.5 176.4
231 232.9 233 236.1 237.9 239.2 240.8 243.2 245.5 247.5 249.7 251.6 253.3 254.6 256.3 260.1 260 261.9 264 265.8 267.8 269.7 271.5 273.4 275.3 277.4 278.6 279.7 285.3 285.3 287 286.9 288.6 289.7 290.2 292.4 293.9 295.4 296.8 297.8 299.3 300.1 301.1 301.8 302.1 301.3 299.9 298.3 296.2 292.9 289.6 286.2 282.6 278.2 273.6 268.5 263.3 258 252.2 246.5 240.5 233.5 226.6 221.5 215.4 210 191.9 182.8 174.3 179.4 171.9 153.4 148.3 143.3 137 132.9
227.1 228.8 228.1 230 231.8 233.8 235.3 237.2 238.3 240.4 242.5 244.4 245.8 246.9 248.5 249.6 251.1 253.2 254.6 256.3 257.7 263.1 264.5 265.3 264.8 266.6 269.3 270.6 271.7 271.8 272.4 273.6 280.5 278.9 280.1 281.4 282.3 283 284.1 284.5 284.9 284.9 284.6 283.7 282.5 280.6 277.8 274.7 270.7 266.5 261.5 256.1 250.2 243.8 236.8 229.1 227.4 215 208.6 202.4 196 189.5 169.3 161.9 155.6 149.4 143.2 137.8 132.5 127 122.1 112.1 113.6 100.1 97.4 94.6
223.2 224.9 223.9 225.6 227.4 229.1 230.6 231.5 233 233.8 237.4 237 239 241.1 242.1 244.7 246.7 246 247.7 249.5 251 252.1 253.7 254.3 256.9 258.7 260.1 261.6 262.9 262.9 263.7 268.1 268.8 269.9 269.7 270.7 271.3 271.6 271.5 271.1 270.5 269.1 267.7 265.3 262.8 259.7 256 251.7 246.3 240.4 233.3 229.1 217.6 209.4 200.8 192.3 183.9 175.1 167.1 159.3 151.7 144.8 137.9 131.7 126.1 120 114.7 105.6 95.4 85.8 96.7 73.8 71.2 68.7 67.1 65.3
220.6 221.9 219.9 221.3 222.6 223.9 225.4 226.7 227.9 229.1 234.3 235.6 232.9 236.1 237.8 239.3 240.5 241.6 242.5 245.4 246.5 247.5 246.6 248.4 249.5 250.7 252.3 253.2 254.2 253.7 254.6 255.2 255.6 256 256.2 260.6 260.5 260.2 259.6 259.1 257.6 255.9 253.9 251.1 244.3 239.6 234.5 230.7 223.7 215.8 207.7 199.6 191 182.7 174 165.4 157.5 149.1 142 134.9 127.7 121.2 115.3 107.1 97.2 87.2 77.3 90.6 64.9 61.1 57.6 55 51.9 49.5 67.7 64.8
215 216.5 216 217.5 219.1 220.6 221.8 223.1 223.9 225.3 227.8 229.5 229.4 230.7 231.8 232.8 234.4 235.3 236.4 237.3 239.8 240.7 240.7 241.6 242.8 245.4 244.7 245.2 246.4 245.5 245.8 246.1 246.4 246.1 245.6 245.6 244.9 246.9 246.4 244.2 243 240 236.1 231.7 227.3 221.9 215.6 209 201.7 194.1 186.2 177.8 169.3 164.6 157.3 149.8 136.4 128.6 121 113.8 107.3 98.4 95 83.4 77.1 71.4 66.7 62.3 57.9 54.2 51.1 47.9 44.5 42 40 37.9
210.8 211.8 212.9 214.3 216.4 217.6 219 220 220.6 221.8 223.3 224.4 225.2 226.3 227.9 229.1 230.1 230.7 231.9 232.1 233.3 233.9 234.8 235.1 235.5 236 236.5 236.8 236.9 234.8 234.9 234.1 232.9 231.9 230.7 229.8 228.7 228.1 228.6 225.8 223.6 219.3 214 209.1 203.7 198 192.1 185.7 178.9 171.8 164.4 157.5 149.8 142.4 135.1 127.6 120.1 111.4 105.9 97 90.9 84.7 79.1 73.5 68.7 64.3 60 56.1 52.4 48.8 45.4 42.8 39.6 37.3 34.8 32.7
207.3 208.7 208.3 208.9 210.1 210.9 211.6 213 213.7 215.1 215.9 216.6 217.1 218 218.4 219 219.8 220.2 220.8 220.8 221.3 221.4 221.6 221.7 220.7 220.5 220.1 219.8 220.1 217.1 215.9 214.9 213.4 211.5 207.7 206.1 207.7 205.2 201.6 198.3 194.1 192.8 188.7 183.6 175.4 172.3 166.2 159.7 153.5 147.1 141.1 134.8 128.4 122.2 115.3 108.2 101.7 94.8 88.8 82.3 79.8 74.3 68.9 60.6 56.5 52.8 49.3 46.1 43.1 39.8 36.7 33.5 30.4 28.4 26.5 24.5
195.6 196.5 197.3 198 198.3 198.9 199.5 200 199.4 199.6 199.8 200.3 200.4 200.9 200.8 200.7 201.3 200.6 200.6 200.4 199.6 199.2 198.8 198.2 197.3 196.7 195.9 193.6 192.9 189 187.3 185.4 183.3 181.6 178.4 175.6 173.1 171 169.1 167.5 163.9 159.8 155.5 151.1 147 143.1 137.8 133 127.8 122.7 117 111.4 105.7 100.2 94.9 89.1 83.7 78.1 73.1 67.6 62.3 60.5 56.1 49.6 46.1 42.9 40.2 37.7 35.1 32.9 30.9 28.8 27.1 25.3 23.7 22.4
177.1 177.3 177.7 177.3 177.3 177.4 177.4 177.5 177 177 176.9 176.9 176.6 176.2 174.9 174.3 174.1 173.2 172.4 171.8 170.8 170 169 168 167.1 165.7 164 162.9 161.1 156.6 154.5 152.5 150.6 148.4 146.4 143.7 141 140.4 137.4 133.9 130.9 127.4 124.1 120.5 116.5 113 108.9 105 101.1 96.9 92.7 88.4 84.7 80.6 76 72 67.9 63.7 59.6 55.8 51.9 48.4 45.2 42.1 39.4 36.6 34 31.7 29.9 27.8 28.6 26.8 25.3 21.9 20.9 19.7
151.9 151.7 151.9 151.7 151.3 151 150.7 150.1 150 149.5 148.9 148.3 147.7 147 146.3 145.1 144.4 143.7 142.7 141.3 140.2 138.8 137.5 136.5 134.8 133.8 132.6 130.7 129 124.6 122.5 121 118.9 117.1 114.8 112.3 110.2 109.4 106.9 104.4 101.8 99.2 96.1 93.7 90.6 86.9 84.2 81.2 78.6 75.4 72.1 68.8 65.6 62.5 59.4 55.8 52.8 49.7 46.9 45.7 42.9 40 37.6 35.9 34.1 32 30.2 28.3 26.9 25.3 23.8 22.6 21.5 20.2 19.3 18.2
122.8 122.2 122 121.8 121.4 121.2 120.6 120.2 120.1 119.5 118.9 118.2 117.7 116.9 115.9 114.9 113.9 113.1 112.1 111.3 110.3 109.5 108.3 107.2 106.1 105 103.6 102.3 101.2 96.7 95.3 93.6 92 90 88.4 86.5 84.6 82.4 80.3 78.5 77.4 76.3 73.1 71.3 69.3 67.4 64.8 62.9 60.1 56.3 53.8 52 49.8 47.6 45.7 44.2 42.2 40 38.4 36.5 34.6 32.7 31.2 29.6 28.1 26.9 25.3 25.3 24 22.8 21.2 20.3 19.4 18.7 18.1 17.4
92.5 92.1 92.1 91.9 91.4 91.1 90.5 90.5 90 89.5 89.1 88.6 87.8 87.1 86.5 86.2 85.4 84.8 84.3 83.5 82.7 82.1 81.2 80.4 79.4 78.6 77.5 76.6 75.7 70.9 69.9 68.9 67.7 66.5 65.5 64.4 63 61.9 60.7 58.7 57.1 55.3 53.4 51.6 50.4 50.9 47.6 46 44.7 43.2 42.2 41 39.6 35 33.9 32.9 31.8 30.9 29.8 28.6 27.8 26.9 26 25.2 24.4 23.4 22.5 21.6 20.7 19.8 18.9 18.2 17.1 16.5 15.5 15
65 65 64.9 64.5 64.2 64 64 63.5 63 62.8 62.4 61.8 61.6 61.2 60.5 60 59.3 59.2 58.7 58 57.3 56.5 56.1 55.3 54.8 53.6 53.1 52.6 51.8 47.6 46.8 45.9 44.8 44.3 43.5 42.5 41.7 40.8 43.8 43 42.2 41.3 36.7 35.9 35.2 34.6 33.7 33.2 32.2 31.4 30.7 29.4 28.5 27.7 26.7 26 25.2 24.5 23.7 22.3 21.5 21.1 20.5 20 19.4 18.5 17.7 16.9 16.1 15.5 14.7 14.3 13.9 13.5 13.4 12.9
42.5 42.4 42.1 42.1 41.9 41.5 41.3 40.5 41.4 41.3 41 40.8 40.7 40.3 40.1 39.7 39.5 39.2 38.7 38.6 38.1 37.9 37.2 37 36.6 36.2 36 35.8 35.2 32 31.5 31.1 30.8 30.4 29.9 29.6 29.2 26.9 26.6 25.9 25.4 25 24.6 24 23.4 23 22.4 21.9 21.7 21.2 20.9 20.2 20 19.5 19.2 18.6 18.1 18 17.4 17.1 16.9 16.1 15.5 15 15.5 15 14.7 13.9 13.4 12.5 12.2 12 11.7 11.4 11 10.7
27.5 27.5 27.5 27.3 27.2 27 27 26.8 26.7 26.5 26.4 26.4 26.4 26.2 26.2 25.9 25.9 25.7 25.4 25.2 25.1 25 24.6 24.4 24.3 24.1 23.8 23.7 23.4 21.1 20.8 20.5 20.2 20.2 19.9 19.6 19.3 19 18.9 18.5 18.2 18 17.8 17.6 17.3 17.1 16.8 16.6 16 15.9 15.7 15.4 15.3 15.1 14.6 14.1 13.6 13.3 13 13.7 12.2 12.1 11.9 11.5 11.4 11.2 10 9.9 9.6 9.3 9.2 9.2 9 8.9 8.9 8.8
18.1 18.4 18.3 18.3 18.4 18.4 18.4 18.4 18.5 18.5 18.5 18.5 18.4 18.4 18.2 18.1 17.9 17.9 17.9 17.9 17.8 17.7 17.5 17.4 17.2 17.3 17.3 17.1 17 15 14.8 14.7 14.4 14.3 14.1 14.1 14.1 13.9 13.7 13.4 13.5 13.4 13.3 13.1 12.9 12.8 12.5 12.4 12 11.6 11.2 11 11 10.3 10.2 10 9.5 10.3 9.3 9.1 9.1 8.8 8.8 8.5 8.5 8.3 8.3 8.3 8.2 8 8 7.9 7.8 7.8 7.8 7.4
12.8 12.9 12.9 12.9 12.9 12.8 12.8 12.8 12.8 12.8 13.2 13.3 13.3 13.3 13.2 13 13 12.9 12.6 12.6 12.5 12.6 12.5 12.5 12.5 12.3 12.4 12.4 12.4 10.3 10.3 10.3 10.4 10.4 10.4 10.5 10.3 10.3 10 9.7 9.6 9.3 9.2 9 8.9 8.6 8.9 8.8 8.4 8.3 8.2 8.2 8.1 7.8 7.8 7.8 7.8 7.7 7.6 7.5 7.3 7.3 7.2 7.2 7.2 7.1 7 7.1 7 7 6.8 6.8 6.7 6.7 6.7 6.6
