datasets/global_precipitation_1950_2017/rasters/precip_1961-total.asc
NCOLS 720 
NROWS 347 
XLLCORNER -180 
YLLCORNER -90 
CELLSIZE 0.5 
NODATA_value -9999 
[rows 34 to 67 of 347, columns 532 to 607 of 720]
517.9 521 522.2 530.3 535.2 534 529.3 524.4 524.2 529.7 542 557.3 583.3 617.2 624.3 585.2 547.8 519.9 500.6 480 459.2 434.6 410.7 388.3 367.9 352.6 338.7 327 316.4 306.9 300.4 294.7 289.8 285 280.6 274.3 269.1 264.8 263.7 263.4 264.9 267.9 270.7 274.3 281.6 290 294.4 304.7 315.6 328.7 341.3 351.3 363.9 376.6 386.4 392.5 392.2 397.3 393.8 387.9 380.3 373.5 362.9 355.6 344.5 340.5 334.8 335.9 337.9 339.1 337 329.1 321.2 313.1 314.1 348.1
521.3 531.4 545.8 571.9 549.5 518.6 484.3 453.6 449 475 501.1 522.6 536.5 547.8 549.7 542.7 528.1 508.9 488.3 465.3 441.3 417.2 396.1 375.2 357.1 340.5 328.8 319.8 316 311.6 308.9 305.4 300 296.9 291.4 285.1 276.9 269.1 263.5 259.5 258 260.9 264.1 271.6 281.9 293.1 305.1 320.2 334.8 349.1 361.6 375.5 386.7 396.7 405 407.9 408.1 405.8 400.6 394 387 379.4 372.2 364 352.9 344.7 337.8 336.6 337.9 341.1 340.5 343.6 344.3 352.1 366.8 387.8
534.4 536.4 526.4 513.6 509.4 505.9 489.1 468.9 462.3 464.9 474 477.3 479.6 482.8 484.1 486.2 484.6 474.5 465.3 448.6 428.7 409.6 384.3 357.8 332.5 312.8 306.1 305.9 307.8 310.1 311.2 311 311.2 308.9 305.3 299.3 293.1 286.5 279.5 274.8 274.3 277.9 281.5 287.7 301.6 311.6 331.5 351.1 368.7 385 397.8 409.1 416.7 420.1 421.6 418.3 413.1 406.3 398.1 388.8 381.1 373.1 364.4 361.7 355.3 351.2 345.3 341.9 340 344.6 343.8 347.7 356.1 366.3 379.9 396.8
567.5 570.6 567.7 560.1 549.5 538.9 527.2 511.7 494.5 477.9 464.9 449.3 432.5 422.7 427.1 443.8 455.9 458 455.8 447 434.8 419.5 400 374.5 344.6 321.9 316.4 315.8 313.7 312.4 314.3 316 317.1 317.3 316.2 314.3 311.9 309 306.9 306.9 310.9 315.7 324.9 335.9 349.3 365.5 383.1 402.1 418.4 436.1 445.7 446.5 445.8 441.6 433.2 426.6 415.8 404.5 392.7 381.4 369.3 359 352.5 350.2 348.3 355.3 356.1 357.5 356.6 353.1 350.2 349.6 357.6 366.5 381.4 396.8
584.5 609.4 639.1 644.3 615 579.2 549.5 531.8 513.5 493.6 472.7 451.9 432.2 419.1 433 465.3 473.4 469.7 467.5 466 465.8 461.3 447.3 427.5 405.4 390.7 382.1 374.3 341.2 333.9 331.7 330.2 329.4 328.5 326.1 323.3 322.1 323.5 327.2 332.2 341.5 351.5 364.4 378 394.8 409.1 426.6 437.4 449.7 461.3 467.8 466.6 465 456.3 450.4 438.8 424.7 407.9 392.6 381.2 370.4 356.8 346.9 346.8 347.7 350.3 353.5 354 352.4 344.3 334.6 334.8 343.1 360 382.4 408.3
559.7 571.9 578.6 575.6 562.8 550.4 544.5 539.1 532.9 524.8 515.2 504.5 494 486.8 484.9 485.9 485.6 486.1 484.6 487.2 495.5 497.5 482.5 459.9 437.6 421.6 410.9 402.3 388.2 371 355.6 345.4 338.1 332.2 325.7 320.4 319.2 326.3 337.4 351 363.7 379.3 396.5 415.2 430.2 442.4 446.9 453.5 458.9 463.6 470.6 476.1 478.7 477.4 472.5 460 441.4 419.6 397.5 379.9 367.4 356.6 349.3 344.7 344.6 343.6 342.9 339.4 332.6 320.6 307 307.3 323.2 343.7 371.4 397.9
525.3 533.3 537.3 533 493.5 512 531.4 548.9 565.2 576.2 590.9 599.9 595 578 561.5 542.8 526.8 516.9 511.6 505.3 499.3 490.9 478.5 461 438 421.5 405.1 390.4 374.5 359.9 348.6 341.9 338.4 334.6 330.3 326.8 329.8 337.8 350.4 367.3 384.9 405 427 447.5 462.2 463.9 458.3 450.7 445.2 445.5 455.7 479.3 510.6 514.6 502.6 502.2 462.5 420.8 389.6 364.3 344.4 331.1 328.4 332 337.5 337.3 335.1 331.1 325.2 317.1 313.3 312.8 316.8 330 344.9 359.3
494.4 506.5 518.2 523.4 517.7 511.5 530.5 568.5 608.9 649.1 689.1 723.8 727.1 695.6 641.1 599.1 566.1 542.5 527.7 521.5 515.4 505.2 491.7 473.6 447.2 421.9 400.1 379.7 358.5 339.5 330 332.6 340.2 344.9 347.3 349.1 353.1 359.9 369.3 380.8 395.2 413 433.4 454.2 468.5 465.5 449.6 428.6 404.2 378.5 371.5 408.5 455.2 458.6 409.4 354.7 342 351.5 350.1 334.5 307.6 279.4 284.3 303.1 315.4 323.1 327.9 328.5 325 318.3 310.2 306 305.3 305.8 306.2 308.9
492.2 504.7 523 534.2 535.9 532.4 560.4 614.2 663.3 699.1 744.4 783.9 784.9 728.6 653.8 591.8 544 520.8 523 530.1 534.2 530.4 518 494.2 469.7 438.4 412.9 388.5 369.5 356.5 349.9 353 360 366.8 369.8 371 373.2 376.2 381.3 387.6 395.2 404 413.9 420.6 423 421.5 414.9 400.9 382.2 361.3 350.1 364.5 380 373.1 341.4 306.8 314.1 339.5 351.2 346.7 332.8 312.3 307.1 309.7 309.5 311.9 317.9 323.5 317.8 304.1 292 281 270.4 260 251.4 241.8
506.6 518.4 534.5 552.2 575 607 658.4 717.1 725.2 702.1 673.1 657.4 631 594.2 557.2 519.7 493 488.1 503.4 524.8 543.3 542.8 519.9 496.6 466.7 445.1 423.7 405.3 393.2 383.2 379.7 381.5 386.7 391 391.8 389.4 387.4 386.2 386.3 388 390.3 392.9 395.7 396.3 396 393 389.8 386.7 382.8 376.8 373.6 373 373.6 372.9 373.2 378.1 390.1 395.7 384.1 364 343.4 325.1 313.8 306.2 301.1 296.8 295.3 294.8 292 286.7 276.1 263.4 248.6 230.6 214.7 201.3
520.1 523.4 534.2 547.9 564 579.1 587.9 598.4 620.6 593.1 538.2 485.2 458.6 470 493.7 490.5 476.8 475.2 479.7 487.7 490.8 481.6 466 451.1 442.2 434.5 424.2 416.4 409.3 403 400.8 400.2 400.7 400 397.6 396.5 391.6 387.7 383.2 379.7 378.3 380.2 381.7 382.4 378.8 377.7 376.9 376.3 375.4 374.6 376.7 378.6 378.3 377.1 380.3 382.3 383.1 381.7 376.8 366.9 348.3 328.6 312.2 298.6 286.2 275.9 270.5 274 282.4 286.5 283.4 274.9 263.6 250.1 239.1 231.3
528.5 519.3 515.1 516.8 523.2 534.2 550.9 548.7 530.3 479.3 399 323.2 285.9 328.4 412.1 433 437.2 440.6 437.5 429.2 416.1 404.8 393.1 396.5 411.7 419.9 420.7 415.8 411.4 410.6 418.2 425 426.9 420.5 408.7 400.1 391.6 382.4 372.2 364.3 360.2 359.5 361.1 362.2 364.8 369.1 374.6 380.7 391.3 404.1 429.6 448.4 450.1 442.9 422.1 401.9 379.2 363.9 363 362.1 346.9 323 306.9 297.9 286.6 275.4 270.5 283 299.4 306.7 308.1 307.7 303.3 301.5 301.2 294.3
520.1 506.8 496.2 491 487.8 500.7 521.8 540.2 554.3 493.5 407.7 325.8 260.8 331.8 379.9 376.7 380.3 399.7 406.1 392.9 382.7 388.8 399.7 412.2 420.1 425.2 420.3 409.3 401.2 403.2 414.1 432.7 443.1 426.7 402.5 387.1 377.5 368.3 354.3 342.2 340.7 335 329.3 328.7 356.7 377.5 393.6 412.1 437.4 473.7 512.8 549.9 564.3 546.9 517.1 481.9 440.7 406.7 377.9 356.5 330.5 310.2 306.9 304 301.3 302 306.6 313.5 321.4 331.5 341.4 354.1 363.6 378.4 386.2 395.2
502.2 497.4 494.2 491.5 489.2 492.4 504 515.6 505.5 487 477.8 444.5 406.8 382.5 309.9 297.7 336 363.7 388.8 399.2 403.6 418.3 426.3 425.9 420.6 411.8 396.9 379.5 366.3 361.1 365 375.9 381.3 372.1 360.1 365.7 369.9 365.7 355.7 343 337 331.1 333.3 345.3 374.8 399.6 429.5 461.6 496.8 534.6 572.1 595.7 596.9 593.3 577.6 550.8 510.6 463.1 416.4 370.5 343.8 325.9 317.7 312.5 314.9 321.4 331.3 342.2 358.8 376.1 393.7 410.6 430 446.6 465.5 487
494.1 500 503 499 472 444.1 445.1 466.6 481 487.1 502.1 495.5 466.7 428.4 394.3 378.6 382.3 402.4 423.9 443.7 449.3 451.8 442.4 428.3 411.1 391.4 371.8 346.9 316.4 291.2 291.7 319.2 348.9 365.8 379.4 386.4 388.8 394.1 376 366.9 353.4 347.8 349.9 370.2 401.8 440.4 484.7 522.3 549.2 574.4 594.7 609.9 613.4 619.9 621.2 598.7 558 505.7 452.7 407.6 362.8 331.5 325.7 328.9 333.4 343.8 357.7 371.4 396.7 416.1 438.6 455.1 473.1 486.6 514 541.7
502.2 517 515.5 519.6 410.3 301.6 427.3 462.3 473.5 491.7 502.5 495 482.4 470 456.6 446.8 441.9 445.8 458.4 471.8 469.1 454.7 440 423.6 405.3 383.6 367.5 345.4 318.4 292.7 298.2 334.5 373.4 398.1 410.9 420 423.6 417.3 409.6 401.6 392.6 365.9 360 394.5 432.4 480.8 547.4 602.1 596.9 584.8 586.2 603.6 637.3 684.1 657.1 593 544.1 512.6 490.8 470.6 427 375.7 353.1 353.5 358.6 369.2 382.8 395.5 410.4 432.6 446.7 459 479.5 503.7 539.8 573.8
495.5 506.1 496.9 472.5 439.8 453.5 524.3 509.7 503.8 507 502.9 494.7 486.4 471.7 460.2 459.6 473.1 432.4 447.6 456.8 460.2 457.6 440.7 426.6 421.1 409 392.4 372.2 357.6 356.2 373.9 400 424.3 446.5 441.8 451.4 451.5 443.3 430.5 433 429.9 432 447.5 457.1 426.2 422 484 551.5 566.1 564.6 567.5 576 598.9 629 584.6 508.3 439.4 476.5 501 514.5 502.6 454.8 414.5 395.1 388.7 393.7 408.3 418.8 430.1 439.2 451 466.3 492.6 526.7 565.4 602.9
480.2 490.9 491.9 491 503.5 544.3 583.7 579.9 562.3 543.4 534.1 544.3 555.4 503.7 439.8 422.6 409.4 396.8 386.4 394.2 424 465.3 477.9 451.3 427.1 407.1 387.9 378 375 388.6 418 443.2 462 474.7 503.4 514.9 496.8 473.7 462.2 460.7 459.6 450 485.3 582.2 603.2 452.5 444.4 479.3 503.2 513.1 508.7 500.2 513.3 517.3 494.6 463.9 462.3 476.3 485.4 486.4 461.6 437.7 416 404.8 416.1 425.2 432.6 445.8 445.5 446.4 453.3 465.5 484.7 533.3 572.1 604.3
492.3 490.6 489.1 496.2 514.7 574.2 647.9 613.8 558.5 534.5 520.5 520 521.5 483.6 430.1 375.2 333.4 304.3 245.7 294.9 335.1 370.5 393 399.7 391.2 373.7 356.6 348.2 350.3 362.6 386.4 433.1 532.1 644.4 782.3 624.4 495.5 402.9 421.6 518.9 505 421.3 396.8 459.6 488.9 476 464.2 466.9 477.4 488.2 479.9 478.1 477.3 474.2 464.7 460.5 457.1 464.6 472.2 468.8 447.4 436 434.2 441.4 449.7 450.3 452.3 453.3 460.7 459.1 464.3 468 489.8 513 549.2 570.2
491.9 484.5 484.9 494.3 513.8 526.4 525.7 514.6 507 504.4 484.8 465.3 439.4 408.6 385.4 350.3 307 283.1 286.9 285.1 300.5 321.6 347 370.2 376.4 373.3 367.4 349.9 333.9 327.1 318.2 324.7 397.2 467.9 470.2 381.3 419.4 450.3 518.2 604.5 524.4 472.5 453.5 449.8 455 455.2 442.1 431.1 424.7 421 424.3 422.7 422 416.8 413 410.4 411.8 414.9 421.4 425.6 434 437.9 447 454.9 464.9 457.9 466.3 473 476.5 465.4 444.4 443.2 475.6 512.1 533.9 557.9
420.1 465.6 487.3 477.8 530.4 546.3 494 463.4 413 387.7 445.7 450 474.7 406.4 423.1 367.5 314.4 287.9 294 260.6 318.9 341.3 387.6 376 370.1 374.4 383.1 367.7 349.4 348.1 345.8 372.3 381.7 361.5 374 389.1 401.7 421 432 425.1 411.8 428.8 434.6 432.2 434.1 433.4 429.7 411.9 378.1 346.2 331.2 324.7 335.6 341.4 347.5 355 368.6 387.1 395.9 405.8 424 431.1 431.6 440.7 454.6 465.8 471.5 489.5 522.4 531.7 513 512.6 539.3 568.9 590.2 599.8
443 476.4 540.7 584.7 580.9 590.8 581.5 664.4 799 525 436.1 441.5 477.4 497.3 457.7 336.6 303.7 217.5 287.2 296.5 314.5 342.6 362.4 360.1 365.3 391.7 397.6 380.9 381.2 400.2 403.2 417 417.8 392.7 376.9 372.7 365 371.4 378.9 403.6 402.6 416.6 424.7 426.6 428 430.3 451.8 389.6 306.7 304.8 302.6 305.9 313 319.3 332.8 346.2 345.3 345.8 345.8 390.6 450 460.1 437.4 435.2 461.8 480.3 495.6 530.7 605.9 706.4 711.4 678.2 674.2 694.4 714.1 711.7
328.7 490.1 725.8 938 899 884.5 690 400 390.3 305.2 320.2 393.8 540.3 527.5 491.5 359.8 364.2 428.1 391.2 354.3 359.3 381.4 401.6 419.6 448 482.6 480.3 427.4 376.6 308.1 431.8 401.4 382.1 367.8 360 362.9 368.2 374.4 387.6 394.6 399.3 417.2 441.5 443.2 434.9 421.4 377.4 341.1 320.9 296.9 287.3 296.7 304.8 298.9 296.3 334.9 338.1 353.5 391 464.1 564.2 624.5 573.4 519.4 505.8 519.9 546.4 578 616.7 778.4 779.3 743.1 747.8 794.2 834 865.5
571.3 526 635.7 894.7 1256 1634.3 1129.2 609.4 428.5 344.3 342.7 390.7 474.1 622.3 710.3 657 565.6 510.6 465.9 451 460 471.9 478.2 485.4 511.5 563.7 559.3 464.8 377.4 362.8 360.2 349.8 339.5 345.3 354.5 363.2 355.1 346.4 375.6 374 378.9 386.1 406.1 426.3 415.1 396.4 382.6 357.9 313.7 279.9 269.2 292.1 307.3 308.5 312.8 328.8 333.3 349.5 387.7 437.8 482.8 516.2 523.1 510.8 513.1 529.2 546.5 553.4 576.6 615 638.9 647.6 676.8 740.1 792 816.8
506.7 512.8 575 750.5 974.4 1028.8 981.3 765.6 503.4 406.3 378.6 396.3 416.2 669.3 1041.9 1063.9 875.5 761.8 655 568.9 534.2 519.2 508.2 508.9 512.8 520.6 502.3 461.5 447.5 417.7 350 281 306.4 361.9 393.9 405.2 406.9 371.5 358.9 359 358.2 358.9 359.8 375.2 391.9 365.2 414.2 403.6 239.9 264 301 328.9 324.9 307.6 309.7 323.9 327.3 331.6 351.7 387.1 392.6 402.1 434.5 455.3 473.3 497 510.8 510.1 517.2 527.7 527.3 516.4 611.6 837.3 788.1 631.4
595.5 562 584.1 751.9 875 928.3 887.4 660.8 267.1 357.3 264 333.3 488.2 564.6 755.1 886.3 920.6 887 798.7 667.7 566.3 519.1 507.5 498.8 494.7 514.3 513.2 487.2 454.9 414.9 355.4 307.8 307.2 328.4 357.9 388.3 428 387.4 347.4 343.9 335.9 311.4 300.7 314 291.7 255 343.8 345 346.8 336.1 332.4 334.5 328 317.2 309 328.4 346.9 364 388.1 360.1 386.3 404.4 418.1 427.7 438.3 456.3 489.7 521.5 497.8 505.9 497.7 475.9 519.9 698.3 654.4 488.6
724.8 776 791.5 885.2 960.1 1052.3 983.6 799.5 616.9 530.4 534.9 552.6 565.6 628.4 931.1 1036.1 1056.3 997.7 835 657.8 542.8 495.9 495.5 506.1 509.8 513.4 531.7 527.9 500.5 465.1 431.8 402.2 359.2 300.4 293.7 307.8 300.2 289.9 317.9 271.7 271.2 227.1 241 260.3 350.9 330.8 397.2 408.1 415.6 392.9 364.1 360.5 340.2 318.3 350.4 391.5 393.3 401.4 412.9 406 395.3 402.1 436.1 438.7 416.4 418.9 428.8 454.2 470.5 483.5 492.1 493 558.8 631.8 543.8 406.6
953.1 1111.5 1217 1106.5 1015.3 988.5 942.8 833.5 764.7 657.4 612.9 632.3 704.3 1035.1 1693.8 1193.6 969.1 842.1 664.9 516.6 448.9 453.7 472.5 502.8 533.2 564.1 616.3 656.8 609 521.6 477.2 462 417.6 325.3 273 275.8 266.9 236.1 270.1 289.3 277 278.4 306.2 335.7 372.2 400.2 440.9 512.1 481.1 410.3 354.7 337.9 346.2 355.6 371.5 386.1 384.6 388.7 396.2 388.9 392.6 354.8 364.2 385.3 356.6 302.1 375 449.4 470.5 473 501.7 536.9 583.4 604.5 555.5 499.4
945.5 1300.4 1119.8 1177.9 1194.5 1101.1 999.4 876.1 769.4 693.2 639.5 593.4 593.4 536.5 593.6 578.4 513 471.4 444.6 416 418.2 427.1 460.2 499.5 541.2 576.8 619.8 652.8 576.3 476.5 434.7 421.8 447.1 488.6 366.4 311.8 391.3 331.9 273.8 284.3 272.1 361.7 336.9 321.9 335 364.3 369.2 337.3 369.8 369.3 344.1 337.4 347.6 374.4 422.1 365.8 353.4 340.9 345.3 346.9 341.6 327.9 343 355.6 353.8 348.9 367.7 399.7 423 442.3 479 531 571 580.1 568.5 551.1
778.9 953.2 1060.7 1047.7 979.5 978 893.5 748.6 681.9 676.3 668.5 634.6 587.1 539.2 492.5 398.7 259.2 235.8 345.6 398.2 421.9 451.9 483.3 514.3 539.8 539 523.1 493.6 448.8 383.9 367.9 378.1 326.9 384.4 446.4 311.2 413.4 551.7 568.5 433.7 418.4 367 266.8 292.9 325.1 356.8 362.6 352.7 343.1 336.1 340 342.3 327.9 368.7 440.5 374.6 292.5 277.3 308 317.8 315.1 312.5 321.3 325.2 351.1 362.8 372.6 380.1 391.2 408.4 437 469 495.9 514 528.8 542.7
555.4 680.4 727.4 619.8 669.9 675.6 582.3 538.6 570.9 611.6 651.9 664.1 603.2 518.2 447.5 394.8 371.4 370.5 381.7 418.3 444.9 490.4 530.4 546.3 540 513.6 438.3 379.3 359.9 354.6 360.2 373.2 391.8 463.7 578.6 622.5 566.8 604.7 606.7 515.8 385.2 268.9 298.1 307.6 345.1 383.7 381.2 374.4 371.5 349.3 333.4 309.6 301.7 311.8 340.5 327.2 327.3 323.3 305.7 288.5 273.6 303 352.1 385.3 383.3 380.6 377.7 373.8 394.4 417.8 434.8 447.5 460.9 471.6 483.9 505.4
369.2 496.6 538.9 525.7 488.2 393.7 340.5 347.7 381.4 410 446 456.4 429.8 400 382.3 362.5 362.6 356.1 358.8 393.4 443.9 506 565.7 576.7 528.7 452.1 387.5 331.4 306.2 293.3 310.2 354 404.8 434.8 456.5 463.9 442.7 404.8 319.1 329.5 322.2 303.1 327.9 342.2 355.5 388.5 392.5 383.4 399.9 392.8 374.9 336.2 329.3 344.9 358.1 349.2 322.6 303.3 285.2 273.4 268.1 294.3 357.5 391.3 388.8 387.4 407.7 392.2 405.7 431 446.2 453.7 466.7 476.3 486.6 500.4
507.9 487.9 466.5 383.4 253.8 169.9 174.5 201.6 212.5 232.6 249.1 234 220.9 227.9 256.4 283.2 294.7 298 415.5 387.3 412.1 463.1 517.7 526.8 467.7 392.4 333.7 285.5 264.1 256.6 266.4 299.8 324.7 346.7 374 390.6 387.1 385.5 345.3 319.5 319.2 314 320.3 337.1 374.1 417.5 400.9 378 375 449.4 507.5 418.7 346.3 341.1 402.7 382.2 329.7 302 289.3 283.4 275.6 308.7 396.1 402.1 377.4 401.2 291.2 350.7 384.3 434.3 468.4 483.2 481.5 491.1 501.5 515.2
542.8 530 471.7 336.5 193.2 145.6 140.6 152.3 165.4 171.7 167.6 146.3 141.5 171.7 209 234.3 239.5 269.2 323 350.2 357.9 384.9 415.7 409.8 372.9 317.6 270.3 235.8 221.9 239.1 248.3 253.2 223.5 185.9 244.3 305.4 340.3 355.7 336.9 315.3 288 264.6 285.3 293 351.9 383.1 374.3 389.7 411.6 461.8 484 396.8 334.1 268.1 311.1 310.5 273.7 269.1 285.2 300.4 348.4 465.6 731.4 413 289.6 315.1 355 371.9 382.5 412.3 446.2 467.7 484.9 500.6 523.6 545.4
