datasets/global_precipitation_1950_2017/rasters/precip_1958-total.asc
NCOLS 720 
NROWS 347 
XLLCORNER -180 
YLLCORNER -90 
CELLSIZE 0.5 
NODATA_value -9999 
[rows 102 to 135 of 347, columns 456 to 531 of 720]
219.4 231.1 280.5 302.7 252 212.3 136.7 109.6 228.1 531.4 426 163.7 70.6 85.9 80.5 65.7 54.9 54.9 62.8 61.8 63.8 67.2 73.5 74.2 68.5 63.6 63.4 74.4 81.4 77.8 80.5 89.8 105.1 119.6 131.7 142.1 182.3 246.1 234.9 212.8 213.6 259.4 296.1 300.4 290.8 269.7 297.4 383.6 472.9 531 500.8 520.2 726.3 926.5 1327.1 1868.4 3017 2277.2 1967.2 1746.7 946.9 769.4 397.4 209.3 162.8 139 134.8 133.8 154 178.8 199.8 221.6 247.4 182 113.6 175.1
191.2 203.3 330.5 318.2 279.4 211.6 141.6 118.6 141.9 185.7 178.7 81.1 35.2 80.7 68.5 53.5 45.4 49 56.6 59.1 63.1 62.7 59.3 51.9 43 38.5 36.4 42.2 48.6 54.4 67.4 71.8 66.6 120.3 123.3 128.1 161.8 215.6 231.9 222.9 217.2 245.2 267.4 267.9 251.4 235 202.7 317.2 454.2 504.2 406.7 455.6 566 618.5 795.4 1240.9 1837.8 1441.1 1141.6 1911 818.2 762.7 746.2 626.1 417.2 324.8 192.4 132.3 194.3 247 261.6 272.2 280.4 67.5 150.2 310.3
127.4 128.4 200.1 241.7 255.1 250 199.6 90.6 72.3 72.3 90.7 64.3 50.8 51.8 47.8 41.2 40.1 47.1 51.5 56.2 60.9 61.2 49.5 33.8 26.9 25.5 23.6 22.3 31.4 41.4 58.7 68 58.2 90.4 125.7 131.8 153.2 175.1 191 200.5 203.8 220.2 250.5 258.8 224.3 183.8 186.7 234.9 286.1 322.3 349.8 383.3 534.2 559.3 682.9 798.7 1122.3 1123.2 1096.9 1100.4 777.3 729.2 1327.2 1565.1 1493.4 967.7 219.8 152.6 376.7 443.4 371.5 330.8 167.3 135.3 341.8 702
114.4 121.8 155.7 179.1 264.7 263.4 239.3 154.6 112.9 106.2 109.7 81.9 58.7 44.3 40.5 34.7 33.9 45.7 53.4 57.4 62.8 60.8 43.7 23 20.5 25.9 33 29.4 31.1 38.9 47 69.9 81.3 99 128.2 145.2 157.9 154.9 166.5 200.6 182.7 171.9 220.9 245.4 191.5 142.6 134.9 148.9 186.9 233.2 248.3 364.9 511.1 664.3 541.4 760.5 908.6 1000 1752.7 1598.5 1541.1 1402 1492 1608.8 1477.2 826.5 260.8 322 572.4 823.7 825.6 513.1 267.5 568.7 1011.7 1479.8
78 108.2 144.1 211.4 256.4 262.9 236.5 208 199.1 186.3 184.7 193.8 140 60.1 45.8 35 32.6 41.8 64.8 61.7 63.7 66.2 46.9 25.3 21.8 23.6 25.9 28.3 30.5 34.8 44.3 61.4 71.2 76.4 98.8 129.5 138.7 141.5 138.5 196.4 183.9 155.1 233.4 280.7 194.4 93.6 100.4 105.1 128.3 199.8 224.3 293.9 296.1 513.7 545.1 669 873.4 837 1247.4 1799.9 2114.3 922.1 1307.4 1360.6 1953.2 1269.3 214.4 460.7 776.9 898.2 963.4 816.5 884.2 1601 1733 2002.1
138.4 -9999 -9999 -9999 -9999 213.1 199.1 193.4 219.2 227.6 210.8 204.2 178.4 105.8 64.4 53 57.7 63.9 64.4 64.5 66.9 66.2 50.9 34.2 29.1 32.9 25.3 25.3 28.8 32.6 44.2 61.7 73.4 77.3 86.1 99.4 114.9 126.3 130.5 134.4 157.5 196.7 273.6 339.1 208.2 96.9 79.1 77.3 90.1 170.6 217.9 272.6 202.2 392.3 604.7 521.9 731.6 799.2 955.5 1234.9 1638.7 2317.1 1751.4 1939.7 1569.9 1642.5 1156.2 767.8 829.5 937.8 1001.9 717.5 442 1448.6 1725.2 1832.5
-9999 -9999 -9999 -9999 -9999 179.8 173.9 183.4 190.3 192.6 215.3 226.3 172.6 129.3 86.7 65.9 90.5 109.1 80.1 72.1 73.7 75.6 62.1 44.8 35.5 32.2 24.9 24.9 28.3 29.6 43 63.5 79.5 87.1 88.8 109.3 127.1 136 120.4 100.5 123 199.5 288.5 265.5 191.2 118.3 60.6 59.3 98.9 157.8 169.4 132.1 177.3 231 307.5 465.9 745.8 748.9 724 1081.8 1499.6 1411 1729.5 1914.7 1687.2 1467.4 1214 558.7 543.2 1000.8 1005.6 619.3 562.8 1139 1496.5 1516.2
132.3 -9999 -9999 -9999 -9999 -9999 150.6 168.8 174.4 177.3 176.6 170 154.9 129.8 109.9 92.9 100.6 107.1 92.3 85.2 85 86.3 75.6 64.6 57.2 56.6 51.6 43.3 34.5 26.8 42 68.9 88.4 85.4 95.7 140.3 166.8 169 114.5 124.2 164 293.6 253.1 180.6 119.1 157.2 89.2 68.2 114.5 178 211.7 285.1 351.1 335.9 354.1 387.4 496.3 558.3 794.6 1238.5 1118.8 1205.2 1546.7 2315.5 1555.7 1431.3 1177.8 1262.1 1590.7 1703.7 1226 463.2 1251.8 1268.1 781.6 532.7
83.3 -9999 -9999 -9999 -9999 -9999 -9999 166.2 170.1 167 141.3 138.8 149.9 141.9 127.3 115.7 120.5 122.7 115.2 105.5 101 100.8 95.4 86.7 86.4 98.8 125.8 87.8 66.1 57.3 65.7 87.5 100.5 104.6 137 195.9 227.6 251.4 184.7 153.6 174.3 392.6 210.4 132.4 85.1 108.2 116.4 132.8 181.8 218 227.5 297.1 419.3 382.1 368.7 403.8 416.4 745 902.6 1042.7 910 1090.4 1371.7 1450.2 1500.5 870.6 1013.3 1271.5 1372.3 1380.7 1803.7 1961 2255.3 1738.5 793 568.5
88.3 67.8 -9999 -9999 -9999 -9999 -9999 -9999 160.5 152.8 151.9 149.5 148.3 143.8 136.7 136 144 147.6 138.5 123.8 116.7 110.3 108.5 111 113.7 115.3 120.4 114.8 109 103.8 113.7 136.8 148.1 144 170.4 200.5 196.8 269.7 227.1 136.2 123.2 67.9 82.4 95.4 101.8 119.1 150 173.4 167.4 193 191.1 354.2 519.7 463 396.4 401.7 656.5 910.9 935.1 1005.7 971.3 1068.4 1201.5 1354.3 1262.4 1200.4 1160.6 1158.9 1454.8 1353.5 1807.2 1863 2158.2 1855.3 1139.2 1527.2
78.7 68.8 66.2 -9999 -9999 -9999 -9999 -9999 -9999 -9999 148.9 150.9 150.7 149 143.1 140.6 156.8 159.8 148.5 136.4 128.8 125.4 124.1 131.1 138.6 121.3 133.6 139 139.2 142.6 155.3 177.3 192.8 170.3 171.9 175.2 135.1 142.8 143.9 81.5 64.6 79 70.3 72.8 100.1 133.2 160.2 163.2 135.9 185 361.8 521.4 437.9 478.4 564.7 590 730.9 936.4 1144.6 856.1 935.5 1097.8 989.9 945.8 909.5 1295.5 1299.1 1307.3 1064.4 1245.2 1612.7 1679.5 1528 1523.8 1899.6 1946.2
70.9 67.8 67.9 70.7 -9999 -9999 -9999 -9999 -9999 -9999 -9999 162.5 154.7 155 -9999 120.4 -9999 -9999 138.7 130.3 134.9 139.8 136.8 143.5 151 153.1 156.3 167.8 170.5 168.7 168.2 168.1 163.1 162.6 166.7 166.1 142 128.4 87.2 62.7 53.9 69.6 69.2 76.6 108.5 162.4 173.4 160.2 171.3 213 332.5 437.1 443 459.7 449 593.9 729.5 799.1 1103.8 1178.9 1118.7 1145.7 975.3 877.7 976.9 1145.4 911.2 1250.2 1332.2 1083.1 1134.8 1320.6 1407.9 1338.2 1639.8 1357.4
82.1 74.3 70 72 -9999 -9999 -9999 -9999 -9999 -9999 -9999 -9999 -9999 -9999 -9999 -9999 -9999 -9999 122.6 128.7 140.5 146.5 148.7 148.8 158.2 167.6 176.7 198 201.2 184 179.5 171.8 168.2 167.4 175.1 170.3 152 131.9 91.2 79.9 88.9 93.2 110.9 124.4 149.2 169 162.2 182.7 207.5 286 327.9 387.5 443.6 862.2 555.2 692.5 793.6 857.4 1241.9 1258 1111.6 1020.6 925.4 828 776.6 906.4 797.3 898.2 1014.7 1271 1049.8 1046.6 957.7 1089.1 953.8 1397.4
104.3 82.7 72.1 71.7 -9999 -9999 74.9 -9999 -9999 -9999 -9999 -9999 -9999 -9999 -9999 -9999 129.6 -9999 -9999 116.6 139.1 147.4 148.4 153.2 161.6 174.4 186.4 200.3 192.3 177 171.9 171.9 187.7 196.3 183.8 160.2 131.3 116.5 122.3 116.8 121.5 106.9 149.6 158.7 159.1 163.5 195.9 199.1 211.1 270.3 260.4 301 520.8 744.7 731.5 847.6 676.2 920.6 1012.4 1056.2 1233.9 993.8 1104 854.7 710.7 755.4 657.5 915.1 1022 1003.6 1055.4 847.3 1038.1 869.2 817.7 1107
113.9 91.3 77.1 73.4 72.9 -9999 76.4 -9999 -9999 -9999 -9999 -9999 -9999 -9999 -9999 151.4 190.2 -9999 -9999 -9999 -9999 -9999 -9999 -9999 -9999 -9999 190.7 214.9 165.4 -9999 137.7 -9999 -9999 -9999 -9999 -9999 -9999 121.6 149.6 154.2 141.2 169 190.4 157.9 186.4 161.1 183.2 210.4 299.4 355.5 439.4 525.5 716.9 812.8 752.8 866.4 862.1 706.6 860.9 1114.2 1281.1 940 867.7 909.5 972.1 776.5 746 799.4 931.8 853.7 835.8 985.5 953.3 802.5 189 1517.5
109 97.1 82.4 76 73.4 74.1 72.8 -9999 -9999 -9999 -9999 -9999 -9999 108.3 123.4 165.3 152.7 -9999 -9999 -9999 -9999 -9999 -9999 -9999 -9999 -9999 -9999 -9999 -9999 -9999 -9999 -9999 -9999 -9999 -9999 -9999 -9999 -9999 -9999 198.9 217.9 228.6 243.1 252.8 252.4 230.1 310.2 305 340.1 941 663.6 866.1 825.4 823.8 917.7 1006.1 848.9 1149.3 1343 1104.9 1265.5 1466.9 1082.5 1054.4 1434.4 886.3 877.5 1020.1 906.3 706.1 640.5 1137 1156.3 756.7 1056.6 1082.7
110.1 97.9 86.8 78.8 74.7 72.7 71.7 70.1 -9999 -9999 -9999 -9999 -9999 125.9 123.7 151 128.5 93.8 -9999 -9999 -9999 -9999 -9999 -9999 -9999 -9999 -9999 -9999 -9999 -9999 -9999 -9999 -9999 -9999 -9999 -9999 -9999 -9999 -9999 258.5 333.6 319.7 314.6 324.2 379.8 314.7 394.5 442.1 370.2 740.6 631.5 705 941.7 978.8 1038.2 954.4 1185.4 1140.3 1274.8 1076.3 1149.1 1299.6 1343.2 1170.1 940.4 798.7 940.7 1134.2 731.9 756.8 1119.5 1252.8 1217.5 1067.9 1138 1011
107.7 99.1 89.1 81.2 75.7 72.7 71.7 72.8 76.3 95.6 128.6 142.3 137.2 134.2 132 126.2 109 125.5 144.6 128.8 -9999 -9999 -9999 -9999 -9999 -9999 -9999 -9999 -9999 -9999 -9999 -9999 -9999 -9999 -9999 -9999 -9999 -9999 -9999 -9999 426.5 452.1 394.8 405 444.4 409.3 388.6 433.5 586.5 728.5 1179.6 927.3 719.6 1079.5 922.9 894.6 1072.7 1053.7 1026.7 1165.6 1151.2 1367 1252.6 1407.8 1188.3 1166.6 1081.9 1007 1008.8 998.8 1212.7 1291.2 1259.3 1332 1309 1102.1
106.9 99.8 91.5 83.9 77.6 73.9 73.2 75.1 81.2 103 130 143.8 138.3 137.3 131.7 126.1 154.6 178.1 196.6 194.4 126.2 116.4 -9999 -9999 -9999 -9999 -9999 -9999 -9999 -9999 -9999 -9999 -9999 -9999 -9999 -9999 -9999 -9999 -9999 -9999 -9999 532 369.3 284.2 380.6 426.1 463.2 487.3 621.8 860.1 1101.5 1182.6 388.8 1093.9 865 878.6 1121.6 1076.6 1198.8 1189.5 1327 1327.3 1174 1423.5 1407.8 1379.9 1019.3 1213.7 1274.9 1343.6 1352.9 1189.7 1363.2 1492.8 1431.7 1060.3
107.2 100.2 92.5 85.1 76.6 73.1 72.2 74.8 86.3 106.6 132.3 142.7 139.5 137.9 135 172.2 193.9 200.9 216.2 204.3 152 131.7 124.5 -9999 -9999 -9999 -9999 -9999 -9999 -9999 -9999 -9999 -9999 -9999 -9999 -9999 -9999 -9999 -9999 -9999 -9999 -9999 -9999 -9999 -9999 494.1 506.4 492.1 1063.4 804.5 913.7 1409.2 1353.3 1121.8 942.6 1147.1 1340.1 995.5 1289.7 770.6 1453.8 1251.3 1119.6 1186.8 1327.4 1430.5 1331.9 1331.6 1193.4 1507.2 1407.9 1445.2 1438.3 1002.2 855.2 1153.2
110.8 101.9 94.8 86.4 77 71.7 72.5 76.7 91.3 110.8 135.9 141.1 137.9 137.6 166.3 200.4 212.5 213.3 186.9 161 141.3 137.8 145.1 219.7 -9999 -9999 -9999 -9999 -9999 -9999 -9999 -9999 -9999 -9999 -9999 -9999 -9999 -9999 -9999 -9999 -9999 -9999 583.4 569.8 513.4 848.6 685.4 740.2 799.9 971.2 1243.9 1445.5 1279 955.5 945.9 1173.5 1161.8 1067.6 1191.5 1067.9 1507.3 1642 1106.1 1262 1324.1 1577.9 1370.9 1432.3 1640.2 1548.3 1428 1324.2 1229.3 1444.2 1092 1033.5
112.3 105.7 97.6 88 78.5 71.9 72.9 78.4 93.1 117 136.3 139.2 137.1 150.9 187.5 206.9 191.9 164.1 134.6 119.6 115.4 121 165.8 -9999 -9999 -9999 -9999 -9999 -9999 -9999 -9999 -9999 -9999 -9999 -9999 -9999 -9999 -9999 -9999 -9999 -9999 -9999 -9999 886 619.9 726.4 746 807.4 -9999 1110 1317.2 1276.4 1050.7 968.8 749.3 907.1 969.6 1152.6 1240.6 991.3 1077.2 1260.1 1237.2 735.7 1385.4 1336.9 1414.2 1500.5 1702.1 1618.4 1597.8 1551.4 1451 1393.2 1393.7 1261.9
113.2 108.4 100.6 91.1 81 72 71.4 79.1 92.5 117.8 135.6 137 140.1 166.9 177.8 153.9 121.8 102.4 93.9 88.4 80.3 75.8 -9999 -9999 -9999 -9999 -9999 -9999 -9999 -9999 -9999 -9999 -9999 -9999 -9999 -9999 -9999 -9999 -9999 -9999 -9999 -9999 -9999 -9999 902.9 880.9 791.5 834.4 -9999 1118 1938.6 1556.7 839.1 729.3 1026 970.7 1091 773.5 843.1 877.9 997.2 1108.3 1304.5 1457.2 1512.5 1480.2 1586.3 1672.6 1551.7 1691.5 1376.5 1675.2 1638.1 1612.6 1517.1 1567.5
115.2 111.9 106.4 92.3 80.1 68.9 65.2 68.3 72.3 79.8 84.2 87.7 99.6 118.5 113.7 88.3 72.5 67.6 68.8 67.9 54.2 -9999 -9999 -9999 -9999 -9999 -9999 -9999 -9999 -9999 -9999 -9999 -9999 -9999 -9999 -9999 -9999 -9999 -9999 -9999 -9999 -9999 -9999 -9999 -9999 930 -9999 -9999 -9999 -9999 2685.8 2393.7 750.3 841.1 1077 902.4 886.8 717.7 677 875.2 1050.3 1102.4 1096.6 1654.3 1626.6 2067.9 1361.1 1549.5 1516.8 1633 1682.4 1910.5 1747.7 1452 1447.6 1480.3
116.4 112.5 106.8 95.4 79.6 69.4 65.7 64.4 63.3 63.4 64.4 66.2 69.3 72.3 68.2 49.6 41.7 44.2 52.6 61.2 -9999 -9999 -9999 -9999 -9999 -9999 -9999 -9999 -9999 -9999 -9999 -9999 -9999 -9999 -9999 -9999 -9999 -9999 -9999 -9999 -9999 -9999 -9999 -9999 -9999 -9999 -9999 -9999 -9999 2665.6 2943.7 1286.8 971.1 699.6 887.1 854 926.1 1096.4 1017.2 1000.6 1200.3 1284 1322.3 1730.3 1147.1 1523.2 1549.1 1193.1 1796.8 1385.8 1979 1861.4 1757.4 1594.7 1578.1 1808.6
111.1 105.1 96.3 83.7 74.7 68.1 64.3 63.7 60.6 58.6 60.9 62.5 63.5 67.5 64.2 50.9 45.8 52 66 -9999 -9999 -9999 -9999 -9999 -9999 -9999 -9999 -9999 -9999 -9999 -9999 -9999 -9999 -9999 -9999 -9999 -9999 -9999 -9999 -9999 -9999 -9999 -9999 -9999 -9999 -9999 -9999 -9999 -9999 3714.5 4007.4 2171.5 535.8 649.1 800.9 829 846.5 960.1 1230.5 1388.1 1290.4 1344 1408.9 1558.2 1552.2 1664.2 1732.8 1580 1643.5 1457.3 1607.4 1438 1717.3 1701.7 1769.4 -9999
105.8 97.9 87.7 79.9 72.2 69.2 63.6 61.5 60.7 59.6 61.2 63.6 64.2 65.4 64.6 61.3 60.2 72.9 93.2 -9999 -9999 -9999 -9999 -9999 -9999 -9999 -9999 -9999 -9999 -9999 -9999 -9999 -9999 -9999 -9999 -9999 -9999 -9999 -9999 -9999 -9999 -9999 -9999 -9999 -9999 -9999 -9999 -9999 -9999 -9999 3880.9 1122.9 626.2 679.5 682.4 1010.5 1006.6 1033.7 1171.9 1161.5 1064 1224.7 1153.9 1439.5 1775 1821.1 1639.9 1566 1687.4 1879 1357.9 1394 1896.8 1715.6 -9999 -9999
101.9 92.6 85.7 78.7 73.4 70.5 68.1 64.5 62 61.1 62.5 64.1 65.8 64.9 65.1 67.1 73.5 89.3 -9999 -9999 -9999 -9999 -9999 -9999 -9999 -9999 -9999 -9999 -9999 -9999 -9999 -9999 -9999 -9999 -9999 -9999 -9999 -9999 -9999 -9999 -9999 -9999 -9999 -9999 -9999 -9999 -9999 -9999 -9999 -9999 4794.4 1172.5 572.4 580.3 702.1 749.4 901.8 958.3 1001.7 1235 1186.9 1062.7 1052.8 1294.1 1777.7 1817.5 1469.9 1470.9 1770.8 1807.1 1796.4 1817 1668.9 -9999 -9999 -9999
97 91.1 86 81 77.7 74.4 73.5 67.8 65.3 63.2 61.6 62.9 65.9 67.2 68 72.1 85.9 -9999 -9999 -9999 -9999 -9999 -9999 -9999 -9999 -9999 -9999 -9999 -9999 -9999 -9999 -9999 -9999 -9999 -9999 -9999 -9999 -9999 -9999 -9999 -9999 -9999 -9999 -9999 -9999 -9999 -9999 -9999 -9999 -9999 4473.3 1692.4 403.2 493.4 605.4 754 908.8 938.6 1029.7 1085.3 1100.2 949.9 767.3 1066.9 774.3 1570.8 1345.6 1389.1 1707.6 1622.5 1562.6 1424.8 -9999 -9999 -9999 -9999
105.6 89.2 86.2 86 85.7 82 78.6 74.4 68.4 63.7 60.8 62.5 65.5 67 70.4 -9999 -9999 -9999 -9999 -9999 -9999 -9999 -9999 -9999 -9999 -9999 -9999 -9999 -9999 -9999 -9999 -9999 -9999 -9999 -9999 -9999 -9999 -9999 -9999 -9999 -9999 -9999 -9999 -9999 -9999 -9999 -9999 -9999 -9999 -9999 4542.1 2613.2 673.6 451.8 704.2 717.7 777.4 727.3 1004.7 1139 1147.7 1089.9 950.8 1206.7 1160.8 1346.2 1258.2 1289.7 1609.5 1518.7 1198.9 -9999 -9999 -9999 -9999 -9999
96.3 82.7 90.7 91.2 92.9 89.9 85.6 80.7 74.1 66.2 58.7 57.1 64.5 65.4 74.5 -9999 -9999 -9999 -9999 -9999 -9999 -9999 -9999 -9999 -9999 -9999 -9999 -9999 -9999 -9999 -9999 -9999 -9999 -9999 -9999 -9999 -9999 -9999 -9999 -9999 -9999 -9999 -9999 -9999 -9999 -9999 -9999 -9999 -9999 -9999 3859.5 3754.4 749.8 573.4 615.4 581.3 659.8 663.6 938 1051.7 761.7 812.3 771.2 1147.5 1161.2 1315.2 1396.7 1334.7 1580.4 -9999 -9999 -9999 -9999 -9999 -9999 -9999
85.3 84.9 93 97.5 102.5 100.7 95.4 89.4 81.6 70.8 62.9 -9999 -9999 -9999 -9999 -9999 -9999 -9999 -9999 -9999 -9999 -9999 -9999 -9999 -9999 -9999 -9999 -9999 -9999 -9999 -9999 -9999 -9999 -9999 -9999 -9999 -9999 -9999 -9999 -9999 -9999 -9999 -9999 -9999 -9999 -9999 -9999 -9999 -9999 -9999 -9999 4353.8 1108.1 533.2 475.9 680.3 434.2 648.3 682.3 624.8 718.7 853.1 865.1 994.6 1225.6 1197.7 1094.7 1414.6 1784 -9999 -9999 -9999 -9999 -9999 -9999 -9999
85 86.4 86.5 103.1 113.6 114.6 109 103 94.1 -9999 -9999 -9999 -9999 -9999 -9999 -9999 -9999 -9999 -9999 -9999 -9999 -9999 -9999 -9999 -9999 -9999 -9999 -9999 -9999 -9999 -9999 -9999 -9999 -9999 -9999 -9999 -9999 -9999 -9999 -9999 -9999 -9999 -9999 -9999 -9999 -9999 -9999 -9999 -9999 -9999 -9999 2513.8 1552.9 520.4 384.3 521.7 554.3 501.3 683.8 755.5 792.6 1123.8 987.3 1093.8 869.7 1277.1 -9999 -9999 -9999 -9999 -9999 -9999 -9999 -9999 -9999 -9999
83.3 77.9 75.5 98.5 122.5 133.3 128.8 117.6 -9999 -9999 -9999 -9999 -9999 -9999 -9999 -9999 -9999 -9999 -9999 -9999 -9999 -9999 -9999 -9999 -9999 -9999 -9999 -9999 -9999 -9999 -9999 -9999 -9999 -9999 -9999 -9999 -9999 -9999 -9999 -9999 -9999 -9999 -9999 -9999 -9999 -9999 -9999 -9999 -9999 -9999 -9999 3778.3 2584.1 858.8 589.2 479.6 692.2 433.9 660.5 384.1 822.8 1080.9 1100.9 961.6 1131.9 -9999 -9999 -9999 -9999 -9999 -9999 -9999 -9999 -9999 -9999 -9999
