datasets/global_precipitation_1950_2017/rasters/precip_2015-total.asc
NCOLS 720 
NROWS 347 
XLLCORNER -180 
YLLCORNER -90 
CELLSIZE 0.5 
NODATA_value -9999 
[rows 34 to 67 of 347, columns 608 to 683 of 720]
398.2 387.7 372.9 356.9 341.2 327.4 315.2 304.8 297 293.4 291.1 286.2 286.2 280.7 275.7 266.9 256.1 244.1 236.5 230.6 227.5 226.6 226.7 229 231.2 232.9 233.1 232 228.6 223.8 217.8 209.3 202.7 196.1 189.6 181.7 175.2 169.4 168.5 172.9 182.8 196.8 210.9 225.2 236.8 244 253.6 261.6 267.5 273.5 278.4 284.2 288 289.4 286.5 284.2 278.6 272.1 265 259.8 253.6 249.9 247.8 249.1 251.2 254.4 260.9 267.4 273.8 281.2 288.1 289.5 287.5 284.9 282.2 281.6
368.5 360.3 349.6 337.3 323 311.3 305.3 303.4 302.6 299.2 297.4 298.4 299.5 294.8 293.2 286.3 275.1 258.2 249.9 239.3 230.3 221.8 216.4 213.6 214.5 218.3 221.2 224.1 226.2 227.2 227.6 224.6 222.6 218.4 214 209.8 204.6 201.8 201.8 204 208.6 215.5 222.9 231.6 239.9 248.3 257.2 265.7 274.1 281.7 290.5 300.5 310.6 319.9 312.2 300 289 278.9 269.8 262.9 256.7 252.1 248.4 245.7 243.5 245.2 245.4 248.2 251 254.1 257.2 258.2 259.7 260.6 261.8 263.4
332.5 331.8 328 320.8 310.9 301 297.3 301.9 304.6 299 285.3 272 271.9 284 289.4 284.5 272.7 259.6 247.6 237.7 227.7 220.1 210.9 208 211.4 217.6 224.4 232 240 246.3 250.6 252.2 251.3 247.9 244.9 242 238.9 236.3 234.1 235.1 235.7 237.4 238.9 241.4 244.8 249.8 256.4 261.6 267.6 276.2 282.6 290.2 297 299.8 297.4 289.6 279.6 269.4 261.8 255.5 251.2 247.4 243.3 239.1 234.6 230.1 227.7 228.2 231.9 234.7 237.9 240.6 243.5 245.9 247.2 250.2
301.6 313.6 326.5 339.6 348.8 346.6 340.8 336.6 334.4 328.6 322.2 315.7 312.5 308.7 300 286.9 272.2 260.5 252.4 250.3 248.1 245.8 242.9 249.2 251.8 254 261.6 268 275 281.6 281.6 278.7 274.5 270.6 269.1 267.5 264.7 258.7 247.6 249.3 257.1 255.8 249.9 245.2 243.7 244.8 246.2 247.3 248.4 251.5 255.8 261.4 265.9 270.2 270.2 267.5 261.9 255.4 250.3 246.5 243.8 240.3 235.6 228.9 221.8 214.5 209.7 206.9 207.2 209.5 213.7 217.2 220.5 222.6 224.9 228.2
267.4 271.5 298.9 345.5 390.7 390.7 372.7 363.2 358.8 359.7 368.9 386.2 396.5 364.5 304.9 250.5 231 238.2 249.4 259.1 267.1 280 296.1 307.3 309.8 307.3 307.6 312.5 315.8 316.2 307.8 296.9 289 284.2 283.5 282.9 277.8 271.2 260.3 253.2 251.9 245.3 236.2 230.9 230.9 232.2 233.6 232.1 228.8 228.2 230.8 238.9 246.5 253.6 256.9 258 256.8 254.1 250.8 247.6 243.1 238 228.4 215.3 205.3 195.7 186.3 179.2 176.6 176.6 180 184.1 185.4 184.7 185.7 193
254.4 249 271.2 308.2 340.6 356 360.2 359.2 357.8 357.7 362.9 374.7 390.6 365.2 308.1 261.3 247.3 249.1 251.7 256.7 266.4 286 306.7 321.2 325.9 327.2 328.1 336.5 339.3 336.9 321 309.2 296.9 285.1 273.6 256 239.8 244.8 255.9 252.2 243.5 231.1 218.9 212.6 219.5 225.2 226.3 223.5 219.8 220.2 226.3 236.2 246.6 253.7 258.6 258.7 257.2 250.4 249.4 247.9 244.2 237.8 227.3 216.6 205.2 192 172.7 157.4 142.3 140.3 145.8 154.7 158.7 163.8 167.7 172.2
275.1 281.3 293.8 309.7 324.1 333.3 332.3 328.7 324.9 321.7 322.3 320 311.6 303.5 300.2 305.3 301.3 279.6 259 248.1 244.6 252.2 265.4 275.3 278.4 281.6 294.9 329.8 368.2 356.9 321 298.5 298.6 292.4 281.5 268.9 255.8 264.8 264.3 257.8 252.6 245.3 239 235.2 233.9 233.1 228.7 222.3 219.2 224.9 237 249.7 262.8 269.1 265.5 249.4 237.2 236.9 241.8 249.5 254.2 252.8 247.1 241.7 238 222.8 203.2 185.9 168.3 157.2 160.9 163.8 167 168 168.7 173.4
273.7 280.1 287.2 296.2 303.6 305.3 298.4 284.4 268.7 255.8 241.9 231.3 240.4 247.4 253.4 257.2 255.3 247.6 238.6 231.3 224.6 227.7 238.5 245.2 243.6 240.1 246.8 276.4 311.7 328.1 322.9 312.4 302.5 293.5 285.3 276.2 268.9 265.1 264.4 264.3 258.6 256.3 255.5 251.4 250 246.7 235.8 221.7 212.8 226.8 249.1 270.9 287.2 295.7 294.8 278.4 253 251.6 262.9 271.2 275.4 270.8 258.1 242.1 252.4 271 275.4 266.5 250 234.3 221.8 205.8 189.1 172.7 165.8 162.5
263.2 266.2 273.6 283 292.9 302.2 293.9 266.8 241.9 225.6 213.9 197.4 206.7 215.2 221 219.4 214.9 211.4 214 220.5 225.9 230.6 235.6 238.2 238.2 241.8 246.7 257.4 275.2 289.6 299.6 302.9 302.5 298.7 291.9 285.5 277.8 275.7 276.5 275.3 273.9 273.8 269.9 264.2 260.4 260.2 264.1 264.1 259.8 264.2 278.1 298.5 324.9 341.6 335.2 328.9 334.9 327.1 313.8 310.1 314.4 313.5 305 308.2 334.9 362.9 365.4 342 314.3 290.9 270.5 238 189.6 150.5 143.6 147.4
265.1 267.9 273.7 278.2 280.1 276.5 263 242.3 222.5 207.5 202.9 203.6 207 210.6 215.1 213.3 209.8 206.7 211.1 218.6 224.7 231.7 235.9 235.6 232.8 233.2 228.4 231.8 240.1 252.1 269.9 285.6 302.8 317.9 331.1 337.4 336.6 342 341 333.1 324.2 304.5 288.7 276.8 260.3 256.2 258.4 273.4 280.6 286.9 297.4 309.6 321.6 326.9 316.9 295.6 281.6 300.4 323.3 345.6 374.7 408.9 451.6 508.1 580.5 606.6 533.2 -9999 -9999 -9999 -9999 261.2 -9999 177.7 163.7 171.8
282.8 285.6 288.5 289.2 282.5 269.2 252.6 233.6 216.3 204.1 200.6 203.9 209.3 217.1 227 236.9 239.3 235.9 233.9 231.2 230.7 231.3 232.5 233 234.7 233 226.7 219.9 217.8 230.1 247.3 273.3 307.4 340.9 366.2 372.7 389.9 387 393.7 390.1 384.8 360.1 340.2 318.9 301.5 289 290.2 298.8 304.6 313.8 323.3 326.3 322.6 318.3 343.2 386.7 419.1 413.3 374.3 378.9 411.6 445.3 470.8 505.4 556.1 -9999 -9999 -9999 -9999 -9999 -9999 -9999 239 223.5 223.7 -9999
300.4 300.4 303.6 300.1 290.3 274.9 258.2 243.2 228.4 218.1 214.4 215.5 217.5 222.2 234.6 249 254.6 255.4 253.3 250.9 246.1 241 242.3 247.1 250.9 252.9 251.9 252 250 254.9 263.6 286.8 319.3 345.3 365.8 378.5 381.2 381.6 388.4 398.5 409.9 416.6 412.9 401.9 395.7 383.2 383.2 392.6 397.5 394.2 374.7 349.9 315.5 274.7 280.3 286.4 349.3 361.1 355.6 377.6 392 406.1 397.5 384.8 -9999 -9999 -9999 -9999 -9999 -9999 -9999 -9999 -9999 238.5 -9999 -9999
337.1 329.7 321.2 308.5 292.7 276.9 264.6 255.2 246.4 236.9 228.1 223.8 224.3 232.3 245 258.8 269.8 277.5 277.9 273.9 271.1 261.7 261.5 267.4 274.8 282.7 289.9 293.4 287.8 291.9 297.9 314.2 337.3 353.6 365.6 370.2 371.3 378.8 390.8 410.3 441.4 466.7 468.2 470.3 483.5 504.4 521.4 530.7 529 523.2 491.3 461 435.4 408.4 373.1 345.5 333.2 335.7 343.6 359.2 374.3 383.7 -9999 -9999 -9999 -9999 -9999 -9999 -9999 -9999 -9999 -9999 -9999 -9999 -9999 -9999
387.2 388.5 377.3 350.9 308 259.1 242.8 262.3 270.5 270 267.8 265.8 267 273.2 281.4 291.1 302.6 314.3 312.1 299.8 290.5 288.5 289.5 291.6 296.2 304.6 313.9 318.6 316.7 318.7 328.3 343 356.5 364.5 370.3 372.7 376.4 385.7 391.6 403.7 437 467.7 472.7 480.6 501.9 519.8 547.1 565.7 601.4 615.9 558.4 550.6 592.5 486.1 384.1 363.1 345.9 330.1 334.3 362.8 -9999 -9999 -9999 -9999 -9999 -9999 -9999 -9999 -9999 -9999 -9999 -9999 -9999 -9999 364.6 387.1
436.9 457 453.9 415.4 367.7 337.4 317.8 315.3 316.5 314.8 312 312 313.2 314.7 315.2 316 316.8 317.1 313.9 309.5 307.8 310.8 313.3 311.6 310.7 313.9 319.1 323.9 334 349 363.3 376 382.8 385.1 386.2 388.9 391.7 -9999 -9999 -9999 -9999 -9999 -9999 -9999 505.9 -9999 -9999 -9999 -9999 501.8 -9999 -9999 -9999 -9999 -9999 -9999 -9999 273.8 226.5 273.6 330 356.2 -9999 -9999 -9999 -9999 -9999 -9999 -9999 -9999 -9999 -9999 539.6 432.3 422.4 438.9
475 538.6 579.2 523.7 425.4 394.3 377.2 357.3 340.1 336.2 334.9 332.7 333.3 333.8 332.6 329.1 327.1 322.9 319.3 316 316 318 320.3 322.8 327.3 335.4 345.1 361.2 381.9 406.2 424.5 426.4 425.4 414.5 407.3 406.7 -9999 -9999 -9999 -9999 -9999 -9999 -9999 -9999 -9999 -9999 -9999 -9999 -9999 -9999 -9999 -9999 -9999 -9999 -9999 -9999 -9999 -9999 -9999 -9999 -9999 -9999 -9999 -9999 -9999 -9999 -9999 -9999 -9999 -9999 -9999 506.9 550.5 528.3 508 499.3
406.1 480.7 514.2 493.4 448.4 417.8 394.2 370.2 352.2 345.1 343.4 342.1 342.8 344 344.7 343.8 341.7 337.9 333.6 330.7 331 333.5 337.4 341.1 345.7 361 386.7 416.6 447 473.5 490.2 495.4 490.2 -9999 -9999 -9999 -9999 -9999 -9999 -9999 -9999 -9999 -9999 -9999 -9999 -9999 -9999 -9999 -9999 -9999 -9999 -9999 -9999 -9999 -9999 -9999 -9999 -9999 -9999 -9999 -9999 -9999 -9999 -9999 -9999 -9999 -9999 -9999 -9999 371.2 377.2 413.7 465.1 525.1 580.9 609.4
368.1 400.6 394.5 360.2 355.4 375.9 383 375 363.3 352.5 351.2 351.9 353.5 354.6 356.1 357.7 358.9 357.2 353.3 351.7 351.2 350.8 351.9 347.2 347 376 421.4 469.2 509 530.1 542.5 546.4 -9999 -9999 -9999 -9999 -9999 -9999 -9999 -9999 -9999 -9999 -9999 -9999 -9999 -9999 -9999 -9999 -9999 -9999 -9999 -9999 -9999 -9999 -9999 -9999 -9999 -9999 -9999 -9999 -9999 -9999 -9999 -9999 -9999 -9999 375.2 375.9 367.9 372.1 402.6 431.9 473.7 536 606.5 672
393.9 396.3 392.3 380.6 375.6 382.5 387.9 383.5 368 356.6 359.5 364.3 367.7 371.6 372.9 375.2 377.5 379.8 379.8 382.4 380.3 377 375.2 375.2 388.3 419.5 478.4 541.2 586.1 603 -9999 -9999 -9999 -9999 -9999 -9999 -9999 -9999 -9999 -9999 -9999 -9999 -9999 -9999 -9999 -9999 -9999 -9999 -9999 -9999 -9999 -9999 -9999 -9999 -9999 -9999 -9999 -9999 -9999 -9999 -9999 -9999 -9999 -9999 -9999 -9999 446.8 438.3 431 431.4 444.1 470.8 497.9 542.7 606.5 670.7
412.9 426.9 419.4 415.7 411.8 409.4 412.4 416 395.9 379.1 380.8 386.7 391.1 394.4 392.2 394.1 398.5 405.9 414.4 420.5 424.1 426.1 420.6 406.7 391.2 443.6 553.3 678.6 745.2 -9999 -9999 -9999 -9999 -9999 -9999 -9999 -9999 -9999 -9999 -9999 -9999 -9999 -9999 -9999 -9999 -9999 -9999 -9999 -9999 -9999 -9999 -9999 -9999 -9999 -9999 -9999 -9999 -9999 -9999 -9999 -9999 -9999 -9999 -9999 479.6 483.3 489.4 481 465.7 466.1 482.4 503 528.6 550.9 593.7 643.4
426.7 434.7 444.3 446.3 435.3 432 437.5 447.7 441.2 418.3 412.4 409.6 403.2 397.7 407.9 409.4 417.6 433.2 452.3 467.2 472.7 475.4 470.7 463.7 461.8 497.6 591 710.3 -9999 -9999 -9999 -9999 -9999 -9999 -9999 -9999 -9999 -9999 -9999 -9999 -9999 -9999 -9999 -9999 -9999 -9999 -9999 -9999 -9999 -9999 -9999 -9999 -9999 -9999 -9999 -9999 -9999 -9999 -9999 -9999 -9999 -9999 -9999 -9999 580 557.5 525.5 484.6 442.4 443.5 475.4 528.2 580.9 642.6 655.1 664.2
432.4 434.5 439.1 443.1 441.4 442.2 445 455.4 464.6 461 450.9 439.2 431 421.6 423 427.7 443.7 468.6 494.4 510.2 516.5 507.6 512 522.8 519.5 508.8 -9999 -9999 -9999 -9999 -9999 -9999 -9999 -9999 -9999 -9999 -9999 -9999 -9999 -9999 -9999 -9999 -9999 -9999 -9999 -9999 -9999 -9999 -9999 -9999 -9999 -9999 -9999 -9999 -9999 -9999 -9999 -9999 -9999 -9999 -9999 -9999 -9999 669.8 647.6 603.9 548.3 490.2 434.5 425.8 467.5 538 599.7 651.3 671.2 662.2
423.8 417.4 428.6 440.4 443 442.4 442 448 459.4 471 478.2 477.2 477.9 473.1 471.5 473.4 488 510.8 537.3 543.5 518.1 517.9 579.2 592.3 -9999 -9999 -9999 -9999 -9999 -9999 -9999 -9999 -9999 -9999 -9999 -9999 -9999 -9999 -9999 -9999 -9999 -9999 -9999 -9999 -9999 -9999 -9999 -9999 -9999 -9999 -9999 -9999 -9999 -9999 -9999 -9999 -9999 -9999 -9999 -9999 -9999 -9999 -9999 603.7 629.1 614.7 555.7 487.7 458.5 480 498.2 567.3 660.5 727.1 757.4 744.6
477.1 462.3 460 460.8 459.7 450.9 435.7 429.9 442.9 502.9 474.9 493.2 504.5 510.5 520.2 536.4 551.5 574.1 602.7 631.1 664.6 707.2 -9999 -9999 -9999 -9999 -9999 514.7 -9999 -9999 -9999 -9999 -9999 -9999 -9999 -9999 -9999 -9999 -9999 -9999 -9999 -9999 -9999 -9999 -9999 -9999 -9999 -9999 -9999 -9999 -9999 -9999 -9999 -9999 -9999 -9999 -9999 -9999 -9999 -9999 -9999 -9999 -9999 736.6 739.7 693.1 606.4 505.4 449.4 486 607.2 745.8 869.3 920.2 934.7 930
666 526.2 494.4 472.5 448.3 430.7 422.8 413.7 428.3 447 461.9 481.7 490.8 505.3 525.3 552.3 583.7 607.1 631.8 662 691.8 715.8 743.3 728.4 691.4 649 -9999 -9999 -9999 590.1 -9999 648.2 -9999 -9999 -9999 -9999 -9999 673.9 -9999 -9999 -9999 -9999 -9999 -9999 -9999 -9999 -9999 -9999 -9999 -9999 -9999 -9999 -9999 -9999 -9999 -9999 -9999 -9999 -9999 -9999 -9999 -9999 -9999 -9999 819 793.4 734.5 674.9 697.9 766.1 929.3 1094.8 -9999 -9999 -9999 -9999
561.6 529.3 499.9 485.1 450.2 397 386.6 417.2 442.2 464.3 475.6 482.9 492.7 516.8 557.3 591.8 595.9 572.2 589.5 631.1 670.2 700.9 727.2 731.9 716 695.6 674.4 -9999 -9999 600.4 585.3 590.6 638 -9999 -9999 -9999 -9999 -9999 -9999 -9999 -9999 -9999 -9999 -9999 -9999 -9999 -9999 -9999 -9999 -9999 -9999 -9999 -9999 -9999 -9999 -9999 -9999 -9999 -9999 -9999 -9999 -9999 -9999 -9999 834.1 873.7 956.5 1046.4 1158.1 1207.4 1211 1204.3 -9999 -9999 -9999 -9999
396.8 453.8 464.9 453.8 463.5 406.1 400.7 430.8 484.6 517.3 513.1 513.8 524.1 564.3 611.6 643.1 642 620.5 590 590.6 635.2 694 733 759.2 757.2 729.5 696.1 658.6 623.6 603.2 587.4 589.2 629.9 656.7 487.2 -9999 561.4 629.6 -9999 -9999 -9999 -9999 -9999 -9999 -9999 -9999 -9999 -9999 -9999 -9999 -9999 -9999 -9999 -9999 -9999 -9999 -9999 -9999 -9999 -9999 -9999 -9999 -9999 -9999 838.6 844.9 949.7 1089.7 1427.9 1476.3 1279.3 1228.2 -9999 -9999 -9999 -9999
469.2 471.7 460.8 451.2 431.3 400.2 413.8 434.7 477.6 513.2 519.2 537.6 559 598.2 644.3 692.2 679.3 672.6 660.3 679.3 711.1 732.1 751.9 764 747.2 722.4 685.3 652.1 647.9 636.7 604.5 565 546.6 538.7 -9999 -9999 531.8 601.1 655.8 -9999 -9999 -9999 -9999 -9999 -9999 -9999 -9999 -9999 -9999 -9999 -9999 -9999 -9999 -9999 -9999 -9999 -9999 -9999 -9999 -9999 -9999 -9999 -9999 -9999 792.8 583.9 784.5 1054.7 1183.2 -9999 -9999 -9999 -9999 -9999 -9999 -9999
518.7 502.3 471.7 459.4 453.9 447.1 435.8 421.2 406.6 456.7 490.7 501.5 533.3 590 631.3 658.3 692.3 717 739.7 788 796.2 763.9 769.5 801.2 748.3 720.3 706.5 695.2 697.6 696.9 652.9 546.1 463.2 446.7 449.7 438.2 540.9 649.8 -9999 -9999 -9999 -9999 -9999 -9999 -9999 -9999 -9999 -9999 -9999 -9999 -9999 -9999 -9999 -9999 -9999 -9999 -9999 -9999 -9999 -9999 -9999 -9999 -9999 -9999 -9999 764.2 864.7 1056.5 1167 -9999 -9999 -9999 -9999 -9999 -9999 -9999
531.5 495.5 481.6 485.4 495.3 481.7 466.4 438.2 422.1 428.4 441 499.4 559.9 609.3 647 684.9 723.4 752.1 741.7 722.6 744.5 735.1 736.8 772.2 776.5 751.1 733.9 730.5 733.3 706.7 649.7 538.9 465.5 464.7 -9999 -9999 621.5 659.8 559.7 -9999 -9999 -9999 -9999 -9999 -9999 -9999 -9999 -9999 -9999 -9999 -9999 -9999 -9999 -9999 -9999 -9999 -9999 -9999 -9999 -9999 -9999 -9999 -9999 -9999 -9999 742.6 904.2 1147.5 -9999 -9999 -9999 -9999 -9999 -9999 -9999 -9999
566.9 516.8 494.7 498.7 507.9 508.5 462.9 422.5 409.8 436.8 471.1 510.9 611.3 662.6 680.9 701.2 712.3 711.2 712.9 720.3 731 712.8 708.7 730.9 741.8 758.2 725.7 702.5 702.1 728.2 698.6 623.3 561.3 -9999 -9999 -9999 723.4 859.4 748 -9999 -9999 -9999 -9999 -9999 -9999 -9999 -9999 -9999 -9999 -9999 -9999 -9999 -9999 -9999 -9999 -9999 -9999 -9999 -9999 -9999 -9999 -9999 -9999 -9999 -9999 636.5 1062 -9999 -9999 -9999 -9999 -9999 -9999 -9999 -9999 -9999
614.8 559.4 524.6 515.8 514 488.2 451.4 422.6 413.7 424.1 429.3 495.7 602.7 691.5 719.3 715.2 715.7 714.1 721.4 733.7 735.8 732.8 725.6 711.2 690.4 661 649.5 676.3 706.5 727.2 735.6 708.2 687.7 -9999 -9999 -9999 653.1 653.9 795.9 -9999 -9999 -9999 -9999 -9999 -9999 -9999 -9999 -9999 -9999 -9999 -9999 -9999 -9999 -9999 -9999 -9999 -9999 -9999 -9999 -9999 -9999 -9999 -9999 -9999 1635.6 -9999 -9999 -9999 -9999 -9999 -9999 -9999 -9999 -9999 -9999 -9999
635.4 598.4 572 565.5 561.7 544.5 557.9 401.6 427.4 462.1 490.6 547.9 656.1 713.8 730.7 708.2 702.8 725.1 744 758.5 772.3 781.6 768.4 733.9 699.4 662.3 657.3 702.1 758.5 812.5 823.9 779.9 750.3 -9999 -9999 -9999 716.9 718.3 866.1 946.7 -9999 -9999 -9999 -9999 -9999 -9999 -9999 -9999 -9999 -9999 -9999 -9999 -9999 -9999 -9999 -9999 -9999 -9999 -9999 -9999 -9999 -9999 1357.9 1381.7 -9999 -9999 -9999 -9999 -9999 -9999 -9999 -9999 -9999 -9999 -9999 -9999
652.2 652.9 633.6 620.1 596.2 551.9 505.8 456.2 441.7 437.8 519.5 606.3 669.5 694.1 716.4 727.9 740.8 763.9 776.9 784.4 813.5 844 811.7 762.4 739.6 718.8 760 845.5 894.4 891.9 857.5 787.1 755.4 -9999 -9999 -9999 802.7 883.6 1014.9 1038.9 -9999 -9999 -9999 -9999 -9999 -9999 -9999 -9999 -9999 -9999 -9999 -9999 -9999 -9999 -9999 -9999 -9999 -9999 -9999 -9999 -9999 -9999 -9999 -9999 -9999 -9999 -9999 -9999 -9999 -9999 -9999 -9999 -9999 -9999 -9999 -9999
