datasets/global_precipitation_1950_2017/rasters/precip_1966-total.asc
NCOLS 720 
NROWS 347 
XLLCORNER -180 
YLLCORNER -90 
CELLSIZE 0.5 
NODATA_value -9999 
[rows 170 to 203 of 347, columns 380 to 455 of 720]
2112.3 2634.5 2735.4 2524.8 2280.6 2169.1 2107.6 1743.4 1980.8 2108.2 1950.6 1865.3 1775.4 1674.8 1778.3 1921.1 1939.9 1996 2049.7 2052.1 1965.9 1844.3 1808.9 1825.6 1883.8 1961.9 1994 1959.7 1926.8 1824.1 1655.9 1615.2 1719.7 1888.5 2073.9 1951.2 1817.5 1662 1213.7 1151.4 843.4 901.1 1280.6 1554.4 1636.8 1238.1 998.9 1059.9 1213.1 1117.5 899.9 738.9 420.6 1251.7 629.9 865.2 515.6 441.1 479.4 693.3 979.3 1045.5 1020.8 -9999 -9999 -9999 -9999 -9999 -9999 -9999 -9999 -9999 -9999 -9999 -9999 -9999
2157.9 2373.8 2443.5 2375.7 2155.3 2031.5 1995.4 1912.2 2089.1 2294 2063.8 1970.8 1901.8 1784.7 1716.2 1787.9 1868.6 1864.4 1932 2046.8 2002.5 1867 1843.5 1929.8 1991.4 1948.9 1867.4 1778.4 1747.4 1574.9 1545.9 1534.6 1712.5 1958.8 2079.4 2137.9 1845.8 1881.9 1274.1 1067.4 958.8 936.6 1062.7 1247.1 1177.8 1105.6 1017.5 969.3 988.1 751.8 668.8 735.1 591.6 797.6 630.4 482.4 451 434.6 626.1 1096.3 1393.9 1177.8 -9999 -9999 -9999 -9999 -9999 -9999 -9999 -9999 -9999 -9999 -9999 -9999 -9999 -9999
1915.1 1860.1 1908.2 2004.4 1951.2 1992.2 2011.9 2071.1 1954.2 2121.9 2091.8 2056.8 1927.2 1767.5 1605 1557.6 1681.5 1736.7 1726.6 1804 1797.5 1732.7 1802.2 1980.5 2020.4 1890.7 1758.3 1662.9 1604.6 1538.9 1530.2 1546.6 1693.9 1885.7 2062.5 2356.5 2543.1 1356.3 1185.6 1129.2 1098.5 1064.4 918.6 983.3 948.7 1060 830.1 727.3 695.9 503.2 371.7 476.6 751.2 727.1 952.6 623 537.9 610.2 925.3 1290.9 -9999 -9999 -9999 -9999 -9999 -9999 -9999 -9999 -9999 -9999 -9999 -9999 -9999 -9999 -9999 -9999
-9999 1831.7 1802.4 1743.6 1724.4 1901.2 1907.8 1983.6 1953.7 2022.2 2062.2 2058.8 1836.4 1709.3 1554.6 1500.4 1593.6 1641 1656.8 1682.3 1701.1 1680.2 1633 1817.8 1848.2 1788.7 1752.1 1580.6 1543.6 1514.7 1493.7 1472.3 1560.2 1769.1 2222 2614.5 2742.5 1377.9 1096 1261 1270.6 1281 1064.5 1027.7 944.6 873.8 681 678.3 620.8 607.5 620.2 734 978.5 922.1 2118.8 847.4 968.5 652.8 1045.6 1295.9 -9999 -9999 -9999 -9999 -9999 -9999 -9999 -9999 -9999 -9999 -9999 -9999 -9999 -9999 -9999 -9999
-9999 -9999 1668.9 1578.7 1608.4 1707.7 1850.9 1669.4 1629.3 1892.3 1765.1 1772.5 1771.7 1713.6 1577.9 1600.4 1618.8 1676.6 1712.6 1752.2 1777 1750.1 1624.6 1653.3 1698.6 1664.4 1698.7 1549.7 1521.6 1500.2 1463.4 1408 1397.4 1515.6 1904.7 2273.7 2215.1 1151.8 1163.4 1387.5 1354.4 1577.8 1247 938.1 891.5 878.6 616.8 621.8 685.8 725 792.8 731.9 849.4 816.9 716.6 620.4 671.9 743.1 1231.2 1266.7 -9999 -9999 -9999 -9999 -9999 -9999 -9999 -9999 -9999 -9999 -9999 -9999 -9999 -9999 -9999 -9999
-9999 -9999 -9999 1487.9 1617.9 1691.2 1642.1 1444.5 1518.9 1608.7 1574.8 1665.2 1671.1 1746.5 1752.3 1816.7 1680.8 1713.5 1769.3 1818.3 1836.2 1834.7 1714.4 1630.4 1601.8 1550.4 1574.9 1559.2 1519.9 1488 1392.4 1283.5 1254.8 1246.9 1338.5 1485.7 1322.9 1184.2 1131.5 1180.8 1278 1316.5 1159.1 885.7 877.1 843.7 812 726.7 851.9 717.3 681.1 699.4 725.8 474.7 521.3 567.8 764.4 1041.2 1262.9 -9999 -9999 -9999 -9999 -9999 -9999 -9999 -9999 -9999 -9999 -9999 -9999 -9999 -9999 -9999 -9999 -9999
-9999 -9999 -9999 -9999 1526.2 2014.8 1820.9 1602.1 1574.3 1557.4 1560.7 1583.5 1613.9 1745.1 1925 1960.2 1881.3 1774.7 1821.2 1867.6 1871.3 1839.2 1732.3 1627.7 1599.5 1581.7 1576.3 1558.8 1533.3 1478.4 1370.7 1288.7 1215.3 1205 1237.6 1350.9 1249.7 1096.9 965.8 935.2 1199 1106.1 962.1 792.6 830 977.2 821.2 793.6 726.7 661.9 631.6 727.5 729 660.4 589 781.1 948.6 1144.1 -9999 -9999 -9999 -9999 -9999 -9999 -9999 -9999 -9999 -9999 -9999 -9999 -9999 -9999 -9999 -9999 -9999 -9999
-9999 -9999 -9999 -9999 1353.5 1641.2 1570.4 1359.7 1468.5 1489.8 1476.1 1545.2 1615.9 1700.3 1964.5 2075.7 2046.2 1940.1 1918.2 1919.4 1859.6 1792.4 1696.2 1639.7 1635.3 1629.8 1603.1 1586.7 1567.5 1541.7 1354.5 1356.5 1302 1280.3 1290.8 1267.2 1162 1018.3 949.1 968.2 1146.6 1009.9 905.4 771.5 812.9 828.1 821.8 769.3 613.3 567 429.2 591.2 682 721.4 556.7 760.4 1248.2 1483 -9999 1921 -9999 -9999 -9999 -9999 -9999 -9999 -9999 -9999 -9999 -9999 -9999 -9999 -9999 -9999 -9999 -9999
-9999 -9999 -9999 -9999 1092.4 1250.3 1296.1 1186.6 1439.3 1473.3 1319.3 1558.7 1578.8 1651.8 2032.5 2168.1 2189.2 2121.6 2008.1 1935.7 1761.9 1690.9 1664.3 1670.5 1639.8 1635.1 1575.1 1540.5 1611.8 1590.6 1506.3 1439.1 1318.5 1297.1 1304.1 1259.7 1171.3 1047.4 1026.2 1035.2 1034.3 974.9 903.5 840.3 833.3 820.2 800.1 685.4 526.6 482.5 475.1 509.9 578.6 601.5 641.4 794.1 990.2 1403.5 -9999 -9999 -9999 -9999 -9999 -9999 -9999 -9999 -9999 -9999 -9999 -9999 -9999 -9999 -9999 -9999 -9999 -9999
-9999 -9999 -9999 -9999 -9999 1136.3 1184.9 1279.7 1511.4 1598.7 1296.7 1432.2 1556.8 1689 2058.1 2149 2182.4 2105.3 2026.6 1887.8 1706.6 1655.4 1642.6 1691.1 1645.5 1636 1551.1 1482.6 1633.8 1647.4 1542.7 1400.1 1192.4 1246.6 1307.2 1283.2 1219.1 1116.2 1046.4 1048 966.3 864.7 845.4 812.3 809.2 778.4 762.5 657.3 506.3 461.5 433.6 345.6 433.9 628.7 663.7 979.9 1131.5 1588 1938.7 -9999 -9999 -9999 -9999 -9999 -9999 -9999 -9999 -9999 -9999 -9999 -9999 -9999 -9999 -9999 -9999 -9999
-9999 -9999 -9999 -9999 -9999 828.4 1101.9 1199.6 1458.6 1509.3 1380 1462.3 1655.7 1751.4 1832.3 1973.6 2057.3 2028.6 1930.8 1817.6 1694.3 1672.3 1666.8 1684.6 1688.6 1673.3 1582 1527.8 1489.5 1489.7 1415.3 1352.1 1229.7 1207 1319.7 1335.8 1275.5 1150.2 1056.4 1062.4 916.3 829.5 764.7 780.3 782.8 793.9 809.6 715.4 606.8 459.3 431.7 435.6 527.9 676 1017 701.4 1132 1451.5 998.8 -9999 -9999 -9999 -9999 -9999 -9999 -9999 -9999 -9999 -9999 -9999 -9999 -9999 -9999 -9999 -9999 -9999
-9999 -9999 -9999 -9999 -9999 -9999 731.6 899.1 1455.4 1675.7 1676.9 1667.9 1695.1 1680.7 1650.9 1699.5 1826.8 1800.9 1713.6 1698.7 1699.1 1765.6 1721.8 1667.6 1676 1655.3 1554.7 1484.3 1473.8 1415.7 1328.4 1327.5 1252.9 1246.4 1399.5 1341.1 1245.2 1125.3 902.7 1103.8 871.9 730.3 740.2 754 840.3 874.8 866.2 809.2 678.7 573.7 408.3 421.3 706.7 1165.5 1191.1 939.9 1186.2 1100.5 1096.3 -9999 -9999 -9999 -9999 -9999 -9999 -9999 -9999 -9999 -9999 -9999 -9999 -9999 -9999 -9999 -9999 -9999
-9999 -9999 -9999 -9999 -9999 -9999 445.3 697.7 1396.7 1697.4 1750.9 1633.1 1474.1 1408.2 1389.3 1458.3 1698.8 1691.9 1619.7 1581.4 1602.7 1640.3 1648.1 1625.7 1628.5 1643.6 1513.2 1431.9 1431.3 1347.4 1243.9 1233.9 1198.8 1198.8 1322.3 1285.8 1194.2 1119.5 1057.4 1018 885.4 816.4 743.4 694.4 953.1 982.6 916.1 827.8 700 705.8 631.5 730.6 1005.8 1457.3 1276.2 1087 834 873.9 1022.7 -9999 -9999 -9999 -9999 -9999 -9999 -9999 -9999 -9999 -9999 -9999 -9999 -9999 -9999 -9999 -9999 -9999
-9999 -9999 -9999 -9999 -9999 -9999 -9999 801.7 1279 1402.4 1345.5 1384.5 1524.1 1337.1 1344.6 1441.2 1667.7 1672.5 1596.1 1535.1 1502.8 1503.9 1392.8 1512.7 1552.4 1522.5 1392.5 1316.9 1243.6 1156 1133 1139.2 1162 1250.1 1325.5 1268.8 1199.3 1092.3 1106.4 1144.8 1063 1005 881.8 751 788.8 911.1 966.1 916.7 730.6 624.2 852.5 927.2 1387.5 1555.8 1645.4 1250.2 718.3 905.1 953.3 -9999 -9999 -9999 -9999 -9999 -9999 -9999 -9999 -9999 -9999 -9999 -9999 -9999 -9999 -9999 -9999 -9999
-9999 -9999 -9999 -9999 -9999 -9999 -9999 818 1204.9 1187.4 948.5 957.1 1067.1 1301.2 1362 1441.9 1611.9 1597.8 1537.9 1469.5 1421.7 1421.2 1441.9 1469 1421.2 1344.3 1153.2 1138.7 1126 1142.9 1090.9 1087.3 1163.3 1264.1 1330 1263.9 1239.8 1114.8 1179.5 1302.1 1267.8 1087.7 1095.1 909.8 776.4 1014.9 996.6 1173.1 1127.6 838.4 1183.9 1391.6 1804.7 2177.2 1751.1 1247.4 733.5 802.1 736.6 -9999 -9999 -9999 -9999 -9999 -9999 -9999 -9999 -9999 -9999 -9999 -9999 -9999 -9999 -9999 -9999 -9999
-9999 -9999 -9999 -9999 -9999 -9999 803.6 893.8 897.1 962.1 1052.7 1077.2 1033.4 1286.5 1491.7 1458.1 1509.7 1502.6 1439.9 1361.5 1287.4 1256.5 1295.9 1321.2 1302.6 1320 1210.1 1114.5 1080.9 1030.4 1129.4 1129.8 1167 1173.9 1198.1 1198.5 1204.1 1208.8 1240.8 1321.5 1362 1191.3 1108.9 952.2 723.2 1072.9 1490.9 2433.6 1489.1 1116.8 1336.5 1580.5 1721 1516 1318.9 794.1 599.5 678 736.1 -9999 -9999 -9999 -9999 -9999 -9999 -9999 -9999 -9999 -9999 -9999 -9999 -9999 -9999 -9999 -9999 -9999
-9999 -9999 -9999 -9999 -9999 -9999 1076.1 1333.2 796.7 782.7 997.3 1080.5 1325.3 1333.7 1400.7 1401.6 1424.2 1436.7 1407.2 1348.2 1233.9 1175 1204.3 1273.8 1297.2 1299.8 1302.2 1259.5 1212.2 1200.8 1189.1 1173.6 1155.5 1054.1 987.7 1066 1140.4 1222 1146.7 1262.3 1285.7 1168.5 1172.1 998 944.6 954.8 927.8 1713.7 1292.8 1155.6 1274.7 1392.3 1407.7 1262.1 853.5 513.8 510.3 643.2 727.3 -9999 -9999 -9999 -9999 -9999 -9999 -9999 -9999 -9999 -9999 -9999 -9999 -9999 -9999 -9999 -9999 -9999
-9999 -9999 -9999 -9999 -9999 -9999 -9999 802 865 1133.5 1254.5 1266.1 1314.6 1355.3 1396.5 1427.2 1528.3 1464.7 1412.7 1357 1245 1162.8 1110.6 1288.7 1415.6 1326.9 1323.4 1349.1 1395.8 1332.3 1252.4 1159 1155.6 942.8 890.7 970.4 1036.9 1010.7 1119 1286.2 1335.4 1212.5 1175.2 1007.3 1000.7 1087.8 907.5 1082.8 1062.3 904.1 1027.1 1058.8 1002 847 601 510.7 552.4 674.8 742.4 785.4 781 -9999 -9999 -9999 -9999 -9999 -9999 -9999 -9999 -9999 -9999 -9999 -9999 -9999 -9999 -9999
-9999 -9999 -9999 -9999 -9999 -9999 -9999 342.3 709 1279.2 1345.1 1404.5 1440.4 1450.9 1429.2 1480.6 1559.5 1466.4 1400.7 1310.9 1223.2 1171.7 1125.1 1276.5 1459 1293.6 1272.2 1383.7 1473.3 1392.8 1306.9 1255.4 1104 963.8 1002 979.3 1010.1 1050.4 1113.9 1178.2 1159.3 1147.8 1147.3 943 959 992.9 752.2 753.1 1008.2 805.1 948.2 984.7 904 722.5 573.6 542.2 585.1 693.1 707.7 721 736.8 -9999 -9999 -9999 -9999 -9999 -9999 -9999 -9999 -9999 -9999 -9999 -9999 -9999 -9999 -9999
-9999 -9999 -9999 -9999 -9999 -9999 -9999 -9999 585.9 1019.6 1280.3 1409 1438.4 1391.3 1349.6 1320.6 1359.2 1344.2 1249.1 1168.7 1134.3 1152.6 1208.5 1257.3 1272.7 1157.1 1170.3 1395.1 1502.9 1416.2 1297.9 1166.3 1067.2 994 952.6 941.2 1010.4 1082.3 1129.8 1093.8 1025.6 983.1 1113.6 871.1 934.7 858.5 799.8 734.8 1162.6 838.9 1094.3 1012.2 849.5 702.8 579.3 622 680.1 663.4 674 692.1 660.9 -9999 -9999 -9999 -9999 -9999 -9999 -9999 -9999 -9999 -9999 -9999 -9999 -9999 -9999 -9999
-9999 -9999 -9999 -9999 -9999 -9999 -9999 -9999 1052.6 1046.1 1213.1 1288.9 1373.7 1357 1243 1201.2 1226.9 1227.6 1144.9 1085.9 1079.3 1104.7 1193 1215.4 1212.3 1159.9 1194.7 1316.4 1389.6 1401.1 1270.9 1083.2 979.2 1035.5 1041.5 923.9 1034.9 1061.2 1084.4 1062.7 1060.6 948.2 884.2 898.2 875.9 817.1 887.1 1119.5 1712.7 1171 1094.7 1106.8 884.1 810 803.5 856.3 902.6 755.1 718.5 708.5 661.1 -9999 -9999 -9999 -9999 -9999 1783 -9999 -9999 -9999 -9999 -9999 -9999 -9999 -9999 -9999
-9999 -9999 -9999 -9999 -9999 -9999 -9999 388.8 959.4 1169 1123.9 1137.6 1157.6 1316 1211 1187.5 1179.4 1211.2 1112 1045 1036.2 1056.7 1106.3 1134.8 1142 1142.3 1190.4 1286 1341.8 1362.6 1199.8 1007.4 880.5 1004.9 1050 1114.6 1069.1 1013.1 934 984.6 1021.2 972.8 910.1 858.1 796.3 785.7 778.9 1364.4 1618.9 1160.8 1124.3 1106 1040.2 954.9 938.2 1033.4 963.9 722.3 679.9 688.8 660.2 -9999 -9999 -9999 -9999 -9999 -9999 -9999 -9999 -9999 -9999 -9999 -9999 -9999 -9999 -9999
-9999 -9999 -9999 -9999 -9999 -9999 259.3 437.9 761.1 1090.5 1094.1 1129.3 1086.6 1217.6 1244.2 1217.4 1213.1 1191.5 1010.8 962.9 962.7 985.6 1090 1163.8 1219 1170.9 1105.2 1183.1 1274 1253.4 1099.9 1001.3 977.4 1026.3 1093.4 1132.9 950.4 1010.4 976.9 1046.3 1063.4 1037.2 942.9 762.6 728.9 742.1 721.8 921.6 1249.7 1255 1184.2 1069.3 994.8 881.9 855.4 845.4 762 568.5 594.7 670.9 653.2 -9999 -9999 -9999 -9999 -9999 -9999 -9999 -9999 -9999 -9999 -9999 -9999 -9999 -9999 -9999
-9999 -9999 -9999 -9999 -9999 255.4 369.5 591 803.5 1061.5 1053.8 937.4 1028.6 1032.8 1093.2 1141.5 1180.2 997.6 909.7 902.4 920.2 966.6 1041.7 1108.7 1162.8 1135.4 1029.7 1086.3 1161.1 1120.9 1088.7 1079.9 1059.3 1030 1055.8 1038 1023.5 1028.7 970 1040.6 1106.1 1050.5 915.2 745 740.1 754.2 640.1 759.3 1126.7 1118.6 1006.5 1014.9 944.7 858.6 772 701.3 688.1 588.9 623.7 762.7 689.3 -9999 -9999 -9999 -9999 -9999 -9999 -9999 -9999 -9999 -9999 -9999 -9999 -9999 -9999 -9999
-9999 -9999 -9999 -9999 -9999 284.5 594.6 795.6 894.3 1037.4 1131.8 945.1 918.8 979.1 961.2 904.1 854.9 854.5 876.5 904.6 919.8 973 1023.9 1042.4 1063.6 1027 994.7 1084.6 1176.8 1099.9 1065.3 1052 1061.1 1019.1 980.8 980 997.4 952.8 941.3 1021.2 1072.4 968.1 821.7 826.8 787.4 729.3 728.7 688.8 696.7 885.2 1014 1010.7 939 879.4 853.2 717.9 790.7 844 878.6 936 796.3 -9999 -9999 -9999 -9999 -9999 -9999 -9999 -9999 -9999 -9999 -9999 -9999 -9999 -9999 -9999
-9999 -9999 -9999 -9999 -9999 408.6 708.3 837.1 902.9 992.3 995.3 827.5 826.5 869.1 859.2 843.6 809.5 781.1 805.3 851.9 904.1 975.9 1015.2 1017 996.9 1004 1067 1043.2 1030.6 991 1005.8 1019.1 981 859.5 796.7 815.9 740.1 801.1 1013.7 1072.3 1020.7 877.6 765.5 821.4 865 729.4 794 775.4 708.1 819.5 813 867.6 861.9 850 843.7 845.3 909.6 949 962.6 935 800.7 -9999 -9999 -9999 -9999 -9999 -9999 -9999 -9999 -9999 -9999 -9999 -9999 -9999 -9999 -9999
-9999 -9999 -9999 -9999 -9999 439.7 681.8 745.1 832 819.3 749.5 740 744 799.9 809.4 789.3 770.7 728.4 710.1 758.7 821.8 915.2 980.1 963.9 936.5 955.9 950.4 951.4 930.2 892 924.5 939.4 877.8 798 787.3 797.9 772.9 814.3 921.6 984.5 922.2 908.9 884.6 940.7 1051.4 937.8 939.2 975.1 883.1 884.2 878.9 903.5 855 884 834.2 912.3 1024.4 964.3 950.2 1030.2 921 908.2 -9999 -9999 -9999 -9999 -9999 -9999 -9999 -9999 -9999 -9999 -9999 -9999 -9999 1582
-9999 -9999 -9999 -9999 45.8 485.3 739.1 609.7 681.5 645.9 568.2 623.2 679.4 736.8 782.9 769.6 746.3 715.4 683.9 692.6 714.3 779.2 855.3 867.5 799.1 875.4 827.8 871.6 890.6 884.7 907.1 912 912.8 889.7 862.1 813.8 831 817.7 882.1 863.2 718 955.4 936.9 1005.8 682.2 756.4 813.5 1040.1 1169.8 1026.4 1226.8 1218.8 1028.3 1288 1176.3 1122.7 1037.3 943.3 867.4 976 1002.7 -9999 -9999 -9999 -9999 -9999 -9999 -9999 -9999 -9999 -9999 -9999 -9999 -9999 1439.2 1464.1
-9999 -9999 -9999 -9999 63.9 387.3 685 633.7 595.2 587.5 574.6 565.3 575.7 599.2 732.3 761.3 711 699.3 698.2 683 678.9 695.4 746.4 814.6 821.3 840.6 846 840.6 841.5 840.4 863.9 910.4 957.8 927.4 838.1 759.3 891.3 828.4 798.5 785.4 776.4 816.8 850.2 726.1 514 640 730.9 875.4 1076.9 900.1 1067.8 1593.1 1599.7 1557.6 1369 1259.3 1161.3 989.4 1008.6 989.7 1009.6 -9999 -9999 -9999 -9999 -9999 -9999 -9999 -9999 -9999 -9999 -9999 -9999 1339.6 1414.6 1453.7
-9999 -9999 -9999 -9999 35.2 155.6 602.2 549.4 477.2 550 596.5 570.7 576.2 587.5 579 491 461.3 555.5 652.5 691.3 677.3 675.7 722 800.8 822.4 830 834.7 811.4 774.5 777.4 795.3 849.4 874.6 854.3 797.5 799.3 803.9 732.6 754.9 827.8 764 696.2 670 580.7 449.8 590.3 695.7 680.1 792.5 861.8 1128.9 1569.9 1541.2 1472.6 1328.5 1316.9 1250.2 1089.8 1069.5 920.7 -9999 -9999 -9999 -9999 -9999 -9999 -9999 -9999 -9999 1176 1160.3 1267.8 1364.9 1361.9 1481.2 1519.7
-9999 -9999 -9999 44.5 37.3 66.5 464.8 486.5 479.8 537.2 575.2 564.5 568.3 558.2 448.5 233 253.5 359.1 441.1 532 609.6 637.2 654.8 696 802.1 800.7 773.9 749.6 740.4 760.4 757.1 790.1 757.5 799.2 748.5 785.2 745.2 646.8 772.5 849.9 756.3 690.8 673.6 645.6 586.7 589.6 713 697.1 696.1 843.6 843 808 993.5 1104.8 1135.2 1234.3 1222.3 1175.5 1168.4 -9999 -9999 -9999 -9999 -9999 -9999 -9999 -9999 -9999 -9999 1190.6 1285.2 1326.7 1410.3 1472.5 1556.7 1716.5
-9999 -9999 -9999 -9999 68.3 186.9 387.4 386.2 387.4 396.5 491.2 532.6 543.2 512.6 385.1 227.7 169.8 328.8 446.5 510 550.6 591.7 664.6 705.1 715.8 734 716.1 692 717 743.7 769.8 819.3 785.7 767.6 825.5 827.8 785.2 733.5 803.7 825.6 768 689 685.3 731.6 798.5 810.1 770.5 680.8 631.8 626.7 733.6 648.2 689.2 936 1098 1244.3 -9999 -9999 -9999 -9999 -9999 -9999 -9999 -9999 -9999 -9999 -9999 -9999 1047 1217.4 1330.1 1375 1413.2 1450.9 1487.9 1447.3
-9999 -9999 -9999 78.8 144.3 317.8 379.2 375.5 366.2 386.2 375.2 485.5 442.1 457 388.2 303.8 317.5 554.3 381.8 562.1 562.7 643.4 702.8 721.8 699.5 683 679.9 669.1 669.5 746.7 779.5 812.3 746 712.4 801.4 778.5 793.2 795.3 767.2 733.5 720.5 747.7 728.8 737.6 781.4 1100.9 1089.9 879.9 815.7 953.5 1395.4 1413.2 1095.3 1129.9 -9999 -9999 -9999 -9999 -9999 -9999 -9999 -9999 -9999 -9999 -9999 -9999 -9999 -9999 936.8 1324.3 1374.8 1350.9 1374.1 1365.2 1324.6 1191.2
-9999 -9999 -9999 -9999 195.3 277.6 313.4 356.6 364.2 367.7 351 394 406.9 438.2 458.1 444.4 450.7 482.9 447.5 533.8 603.7 685.4 720.5 726.6 664.4 660.2 674.3 688.2 709.3 756.4 786 821.7 653.1 571.7 600 649.1 708.4 771.7 737.7 622.6 670.2 732 772.3 700.6 924.5 1187.9 1243.4 1103.5 1055.8 1072.3 1229.5 1322.5 956.4 1031.3 -9999 -9999 -9999 -9999 -9999 -9999 -9999 -9999 -9999 -9999 -9999 -9999 -9999 -9999 751 1094.8 1262 1332.7 1363.8 1291.3 1266.7 1160.3
