datasets/global_precipitation_1950_2017/rasters/precip_1974-total.asc
NCOLS 720 
NROWS 347 
XLLCORNER -180 
YLLCORNER -90 
CELLSIZE 0.5 
NODATA_value -9999 
[rows 170 to 203 of 347, columns 228 to 303 of 720]
2763.9 2816.5 3429.1 3470.9 2792.1 2775 2878.9 2695.6 2427.6 2486.9 2550.5 2608.7 2633.8 2534.4 2382.7 2319.2 2384.1 2527 2512.3 2380 2291.5 2287.1 2293.7 1958.9 2161.1 2157.3 2311.9 2676.5 2704.7 2687.3 2952.1 3012.5 2852.5 -9999 3059.1 3015.2 2884.3 3148.4 3195.7 3851.4 3741.5 2998.1 2253.1 -9999 -9999 -9999 -9999 -9999 -9999 -9999 -9999 -9999 -9999 -9999 -9999 -9999 -9999 -9999 -9999 -9999 -9999 -9999 -9999 -9999 -9999 -9999 -9999 -9999 -9999 -9999 -9999 -9999 -9999 -9999 -9999 -9999
3223.1 4100.2 4015.7 3765.6 3225 2997.2 2973 2788.8 2708.3 2660.8 2624.9 2616.7 2513 2291.7 2328.2 2255.5 2247.8 2472.5 2615.8 2401.9 2367.5 2429.3 2719.3 2354.2 2382.2 2432.6 2455.8 2609.3 2796.1 3061.3 3165.8 3402.6 3803.6 3958.7 3188.6 3073.7 2929.5 2566.4 2999.2 3263 3143.4 3681.9 2679.7 -9999 -9999 -9999 -9999 -9999 -9999 -9999 -9999 -9999 -9999 -9999 -9999 -9999 -9999 -9999 -9999 -9999 -9999 -9999 -9999 -9999 -9999 -9999 -9999 -9999 -9999 -9999 -9999 -9999 -9999 -9999 -9999 -9999
3373 3716.3 3529.9 3219.4 2812.4 2814.1 2901.5 2838.4 2628.4 2566.4 2759.6 2469.5 2167.3 2233.4 2287.9 2272.4 2247.8 2569.4 2508 2498.8 2440.8 2498 2854 2180.7 2669 2654 2582.3 2650.3 2809.4 3008.9 3181.8 3318.8 3640.1 3533.7 3203.5 3014.8 2925.7 2341.9 2625.3 2877.6 2936.4 1910.2 3072.7 -9999 2684.3 2542.2 3061.1 -9999 -9999 -9999 -9999 -9999 -9999 -9999 -9999 -9999 -9999 -9999 -9999 -9999 -9999 -9999 -9999 -9999 -9999 -9999 -9999 -9999 -9999 -9999 -9999 -9999 -9999 -9999 -9999 -9999
3301.1 3145.6 2789.7 2648.8 2474 2608 2905.7 2817.5 2566.7 2286 2442.2 2201.2 1543 2085.1 2264.2 2320 2238.6 2431.4 2289.6 2285.4 2300.8 2395.8 2457.2 2382.6 2411.8 2456.4 2567.5 2700.7 2717.6 2733.6 2834.1 2919 3027.6 2937.3 2872.8 2578.1 2499 2295.2 2394.3 2490.6 2438 2273.8 1610.1 2710.2 2552 2120.8 2149.7 2171.7 2127.3 2029.7 1891.5 1822.2 2090.3 2583.4 -9999 -9999 -9999 -9999 -9999 -9999 -9999 -9999 -9999 -9999 -9999 -9999 -9999 -9999 -9999 -9999 -9999 -9999 -9999 -9999 -9999 -9999
3323.3 2991.2 2655.7 2418.8 2137 2442.7 2690.4 2752.6 2729.7 2669.4 2417.6 2131.9 1926.3 2204.1 2257.5 2331.8 2335.3 2515.1 2303.6 2043.8 2034.6 2207.9 2207.6 2344.7 2321.4 2309.5 2388.3 2640.1 2651.2 2635.2 2488.1 2401.2 2789.7 2572.3 2533.4 2378.2 2218.6 2092.9 2040 2087.7 2071 2047.3 2227.7 2515.6 2486.5 2291.7 2755.2 2155 2043.5 1949.2 1867.1 1429.3 1019.5 1821.8 2280.7 -9999 -9999 -9999 -9999 -9999 -9999 -9999 -9999 -9999 -9999 -9999 -9999 -9999 -9999 -9999 -9999 -9999 -9999 -9999 -9999 -9999
3214.9 2985.5 2640 2484 2374.7 2489.2 2640.8 2782.1 2788.4 2746.9 2516.5 2223.1 2021 2127.7 2240.9 2299.4 2455.2 2502.7 2300.6 1945.7 1847.8 2048.2 2095.8 2228.3 2269.2 2251.7 2296.2 2445.3 2509.5 2454.2 2338.6 2294.8 2440.9 2396.1 2264.3 2182.9 2154 2061.8 1866.5 1950.9 2127.6 2264.2 2395.9 2134.6 2501.4 2672.4 2439.1 2735.7 2006.1 1824.4 1968.9 1586.7 1553.9 1569.3 1955.9 1846.8 -9999 -9999 -9999 -9999 -9999 -9999 -9999 -9999 -9999 -9999 -9999 -9999 -9999 -9999 -9999 -9999 -9999 -9999 -9999 -9999
3115.7 3000.3 2802.9 2781.1 2801.8 2822.1 2966.5 2933.2 2800.6 2733.1 2614.1 2447.5 2192.6 2121.6 2291.2 2411.6 2526.9 2597.2 2580 2151.1 2138.7 2101.4 2005.9 2131.2 2194.2 2232.6 2285.7 2342.9 2321.2 2231.8 2150.3 2123.1 2062.2 1906.1 1927.5 2237.6 2157.8 2000.8 1875.4 1806.1 1866.3 2113 2469.1 2119.7 2174.5 2235.1 2262.6 2122.1 1932.8 1467.2 1551.2 2057.1 1754.3 1747 1726.2 1638 1531.2 -9999 -9999 -9999 -9999 -9999 -9999 -9999 -9999 -9999 -9999 -9999 -9999 -9999 -9999 -9999 -9999 -9999 -9999 -9999
3132.7 3041.6 2817.4 2792 2958.8 2981.7 3048 2822.9 2656.8 2650.3 2622.6 2580.2 2411.9 2284.3 2289.3 2323 2400.5 2556.7 2681.3 2519.4 2414.9 2208.4 2070.6 2128.1 2191.4 2278.5 2400.1 2388.4 2275.3 2117.4 1981 1959.7 1910.8 1728.8 1737.9 2009.2 1938.2 1854.6 1856.3 1555.5 1641.8 1708.5 1857.6 2043.5 2556.7 2361.1 1843.7 2230.8 1734.8 1576.4 1423.1 1362.5 1336.3 1373.1 1551 1496.1 1510.9 1463.8 1479.1 1153.9 1494.1 -9999 -9999 -9999 -9999 -9999 -9999 -9999 -9999 -9999 -9999 -9999 -9999 -9999 -9999 -9999
3315 3260.2 2883 2522.7 2783 2896.3 2679.9 2461.6 2396.1 2844.9 2598.8 2533.9 2446 2340.3 2247.1 2153.6 2140.1 2267.4 2416.7 2392.9 2268.2 2140.5 2026 2041.3 2093.8 2246.8 2473.9 2471.4 2316.5 2125.4 2071.6 1994.8 1931.1 1859.7 1831.9 2006.9 1929.7 1975.7 2006.5 1915.3 1644.9 1250.5 1578.8 1721.6 1778.4 1829.2 2042.4 1650.8 1780.9 1580.6 1255.7 1175.1 1409.7 1375.9 1151.7 1381.6 1500.9 1511.8 1438.3 1027 1377.5 2310 -9999 -9999 -9999 -9999 -9999 -9999 -9999 -9999 -9999 -9999 -9999 -9999 -9999 -9999
3626.3 3608.4 3510.3 2800.3 2790.5 2693.4 2439.9 2241.2 2125.3 2432.9 2490.1 2450.7 2309.2 2220.4 2188.6 2082 1960.9 2131.6 2220.8 2162.8 2078.4 2017.5 1923.7 1855.3 1836.6 1988.8 2352.2 2395.3 2206.4 2130.4 2134.8 2104.1 1994 1891.8 1883.2 1989.5 2035.7 2043.3 2042 1870.8 1677.2 1899.8 1461.4 1855.5 1653.3 1857 1925.7 1736.9 1465.3 1260 1087.6 1084.8 1519.5 1451.2 882.6 1499.2 1701.4 1332.3 1354.2 1316.3 1384.4 2101.6 -9999 -9999 -9999 -9999 -9999 -9999 -9999 -9999 -9999 -9999 -9999 -9999 -9999 -9999
3191.8 3287 3243.1 2969.1 2826.4 2623.1 2456.5 2393.5 2488.4 2401.1 2392.2 2240.2 2029.5 2062.5 2134.7 2064.9 2076.9 2166.6 2211.9 2065 1915.9 1840.3 1758.8 1660.6 1533 1493.5 1813.4 2204.3 2108.2 2266.8 2216.6 2193.2 2070.5 1953.7 1925.8 1993.9 1964.8 1938.7 1940.8 1907.2 1722.3 1610.7 1320.3 2012.3 1634.8 1635.4 1935.9 1702.2 1350.9 1476.8 1245.3 1239.5 1360.4 1602.4 1206.1 1565.2 1401.4 1344 1104.9 1251 1524 1050.1 -9999 -9999 -9999 -9999 -9999 -9999 -9999 -9999 -9999 -9999 -9999 -9999 -9999 -9999
3075.8 2849.4 3138.5 3111.2 2822.4 2465.5 2439.4 2459.6 2479.5 2471.4 2407.6 2220.3 1616.5 1932.5 1983.5 1909.5 2067.5 2159.1 2130.5 1968.4 1753.4 1666.6 1591.6 1501.7 1370.3 1354.6 1536.6 2096.6 2186.6 2173.1 1982.8 2001.2 2018.9 1953.4 1934.5 2357 1886.3 1778.1 1667.1 1602.1 1680.7 1478.8 1440.6 1452.4 1667.3 1649.8 1665.6 1612.2 1110.1 1054 1083 1121.8 1399.8 1443.6 1246.6 1559.1 2902.8 1409 810.2 691.4 1229.5 1403.4 -9999 -9999 -9999 -9999 -9999 -9999 -9999 -9999 -9999 -9999 -9999 -9999 -9999 -9999
3171.8 2642.3 3069.7 3060.8 2839.7 2538.6 2522.6 2575.4 2552.3 2597.9 2573.9 2602.8 2076.4 1931.4 1930.8 1927 2018.8 2082.2 2055.9 1903.3 1680 1566.4 1525.1 1465.6 1371.9 1376.3 1546.4 2007.6 2210 2154 2043.1 1984.4 1958.5 1922.9 1970.5 1771 1977.6 1738.8 1728.9 1392.1 1485.1 1308.3 1549.9 1537 1428.6 1402.7 1340.3 1057.2 1059 1113.1 883.7 713.7 928 1166 1323.3 1408 1199.7 1105.6 1019.4 633.8 906.3 1795.2 -9999 -9999 -9999 -9999 -9999 -9999 -9999 -9999 -9999 -9999 -9999 -9999 -9999 -9999
3086.1 2885.2 2912.2 2946.6 2956.1 2785.7 2716.8 2659.6 2615.3 2644.9 2635.1 2476.4 2180.5 1983 1969.8 2019 2073.3 2102.6 2041.6 1892.8 1729.7 1617.4 1579 1549.6 1502.2 1497.1 1556.6 1935.7 2236.2 2176.9 2092.1 2024.7 1974.5 1823 1947.2 1809.1 2970.1 2057.1 1558.3 1797.3 1369.5 1233 1502.5 1529.9 1246.3 1369.3 1275 1064.3 879.1 872.9 961.9 749.2 992.4 1001.7 1057.1 985.7 980 895.5 1093.4 868 896.8 1737.5 -9999 -9999 -9999 -9999 -9999 -9999 -9999 -9999 -9999 -9999 -9999 -9999 -9999 -9999
2784.8 2773.2 2853.9 2931.5 2884.3 2868.9 2804.8 2739.3 2710.1 2643.5 2615.6 2408.1 2176.5 2002.1 1985.3 2096.4 2183.5 2133.5 2010.1 1858 1731.3 1674.8 1651.6 1630.2 1652.8 1679.5 1618.9 1888.8 2272.6 2201.3 2129.9 2122.4 2191.8 2045.5 1876.8 1861.4 2347.6 1795.6 1031.4 1489.2 1348 1518.8 1460 1534.6 1439 1233.3 1432.1 1026 757.2 556.5 870.8 1062.8 876.7 1141.6 922.7 881.4 825.3 1060.2 847.5 1106.2 1474.2 2366.2 -9999 -9999 -9999 -9999 -9999 -9999 -9999 -9999 -9999 -9999 -9999 -9999 -9999 -9999
2471.5 2625.3 2770.6 2858.2 2883 2912.7 2845.2 2800.5 2759.3 2648.3 2512.6 2316.4 2130.4 2008.3 1969.7 2041 2128.5 2111.9 2000.7 1834.9 1726.4 1732.4 1750.8 1736.2 1788.5 1812.3 1797.7 1886 2208.4 2173.6 2224.6 2232.5 2234.8 2150.6 1985.5 1721.4 1595.7 1522.7 1363 1601.4 3297.4 1722.5 1660.8 1417.3 961.3 1113 1199.4 1127.3 839.3 674.4 637.3 765.6 977.8 999.4 853.2 783.6 1082.2 757.9 918.3 1410.3 1560.1 -9999 -9999 -9999 -9999 -9999 -9999 -9999 -9999 -9999 -9999 -9999 -9999 -9999 -9999 -9999
2489.5 2589.1 2794 2863.8 2901.7 2832.3 2782.9 2737.3 2670.4 2572.1 2416 2306.4 2238.6 2140.6 2112 2130.5 2182.9 2195.1 2093.1 1912.4 1793.6 1794.9 1828 1830.8 1828.9 1837.2 1789.2 1776.6 1950.6 2102.1 2268.7 2292.8 2337.6 2557.6 2058.5 1672.4 1250.4 1088 1615.3 1671.1 1427 1216.2 1662.3 1408.3 1129 962 1042.4 834.2 716.5 727.6 586.7 844.7 850.2 824.3 820.7 893.5 826.1 813.4 855.4 1030.2 -9999 -9999 -9999 -9999 -9999 -9999 -9999 -9999 -9999 -9999 -9999 -9999 -9999 -9999 -9999 -9999
2520.1 2805.5 2808.5 2941.8 2962.3 2838.9 2714.8 2630.6 2520.9 2388.9 2319.8 2330.2 2351 2276.8 2298.4 2360.6 2405.7 2408.8 2314.6 2125.6 1970.2 1905.9 1886.4 1862.9 1794.3 1710.5 1650.6 1722.6 1762.7 1810.2 1935.8 2063.9 2114.9 2028.8 1857 1674.5 1295.2 1060.8 1324 1506.9 1311.7 1311.4 1264.3 1237.1 1162.6 1347.9 1014.1 831.8 852.8 750.3 839.3 1276.1 978.9 986.8 903.6 765.8 771.1 924.9 894.9 -9999 -9999 -9999 -9999 -9999 -9999 -9999 -9999 -9999 -9999 -9999 -9999 -9999 -9999 -9999 -9999 -9999
2360.5 2998.4 2710.3 2791.9 2927.2 2797.2 2622.7 2471.7 2299.3 2250.3 2220.8 2253.6 2309.2 2344.5 2396.3 2473.1 2580.3 2616.1 2533.6 2362.2 2177.7 2053.7 1977.6 1927.6 1762.9 1641 1654.9 1736.3 1729.2 1736.4 1759.4 1780 1805.2 1816.8 1725.2 1612.6 1759.5 1677.9 1649 1375.8 1290.1 1265.2 1344.3 1365.4 1103.4 1624.3 826.3 808.1 721.3 568.8 899.3 1467.9 889.5 588.6 960.3 954.3 1600.3 1640.5 -9999 -9999 -9999 -9999 -9999 -9999 -9999 -9999 -9999 -9999 -9999 -9999 -9999 -9999 -9999 -9999 -9999 -9999
2102.4 2293.6 2311.9 2429.8 2580 2507.8 2375.2 2252.1 2173 2166.1 2147 2181.8 2233.1 2290.9 2356.4 2459.8 2642.5 2729.4 2662 2502.5 2332.6 2184 2073.4 1898.2 1695.1 1619.7 1738.8 1755.3 1743.1 1726.2 1738.5 1696.4 1652.4 1723 1639.5 1716.9 1978.8 1832.4 1771 1650.6 1320.4 1105.9 1290.4 1209.4 1034.2 854.1 832.2 846.8 733.7 1037.2 1097.8 1303.5 727.1 687.8 948.1 1227.1 1250.6 1928.7 -9999 -9999 -9999 -9999 -9999 -9999 -9999 -9999 -9999 -9999 -9999 -9999 -9999 -9999 -9999 -9999 -9999 -9999
1943.4 1989.2 1940.9 1909.5 1961 2044.8 2055.4 2068.1 2074.2 2070.1 2144 2134.9 2186.9 2246.5 2316.2 2455.2 2637.9 2728 2634.5 2449.7 2263.6 2171.2 2023.6 1732.4 1582.3 1652.7 1742.9 1772.1 1766.1 1738.3 1727.8 1670.3 1632.4 1206.3 1448.8 1659.1 1837.8 1665.8 1790.1 1961.4 1629 1295.7 1153 1078.2 1030.5 1124.5 875.8 993.8 844.2 990.7 1180.6 1038.8 974.3 725.4 959.8 1326.3 2218.6 -9999 -9999 -9999 -9999 -9999 -9999 -9999 -9999 -9999 -9999 -9999 -9999 -9999 -9999 -9999 -9999 -9999 -9999 -9999
1658.5 1642.6 1587.3 1560.1 1542 1585.8 1817.6 1973.7 2031.3 2030.8 2032.9 2079.2 2145.3 2199.4 2278.3 2421.7 2556.7 2570.7 2455.4 2254.4 2011.3 1893.7 1624.5 1534.4 1511.8 1565.8 1702.9 1754.9 1807.7 1722.8 1681.9 1646.3 1513.6 1465.1 1325.8 1534 1507.5 1504.3 1991 2083.3 1744.3 1321.7 1280.3 1170.1 948 977.8 735.6 745.1 905.7 1257.7 739.4 909.9 893.8 833.5 1319.2 1675.8 -9999 -9999 -9999 -9999 -9999 -9999 -9999 -9999 -9999 -9999 -9999 -9999 -9999 -9999 -9999 -9999 -9999 -9999 -9999 -9999
1454 1492.9 1452.7 1486.2 1524.7 1487.4 1644 1904.7 2024.1 2047.2 2063.8 2051.4 2107.1 2146.8 2190.3 2280.9 2367.3 2287.3 2149 2018.8 1871.5 1746.1 1571.1 1478.1 1431.7 1445.4 1616.2 1641.8 1619.1 1641.2 1650.3 1725.8 1368.4 1477.9 1453.3 1494.4 1388.3 1638.2 1825.2 1785.8 1550.7 1368.2 1210.9 1053.9 887.8 911.7 1372.2 891.4 969.6 1402.4 769.2 589.9 666.9 1209.4 -9999 2134.7 -9999 -9999 -9999 -9999 -9999 -9999 -9999 -9999 -9999 -9999 -9999 -9999 -9999 -9999 -9999 -9999 -9999 -9999 -9999 -9999
1376.5 1376.1 1259.7 1527 1525.6 1485.5 1535.6 1801.2 2028.6 2065.4 2069.8 2111.1 2158.6 2117.7 2094.3 2064.8 2046.6 1978.1 1875.7 1878 1898.9 1763.9 1564 1396.1 1370.5 1424.6 1565.6 1562.6 1484.9 1435.9 1451 1801.4 1431.4 1541.5 1695.1 1573.6 1493.3 1571.6 1745.5 1636.3 1593.2 1131.5 980.5 1134.6 971.2 883.9 923.5 924.3 1276.8 910.6 711 826.7 916 1871.1 -9999 -9999 -9999 -9999 -9999 -9999 -9999 -9999 -9999 -9999 -9999 -9999 -9999 -9999 -9999 -9999 -9999 -9999 -9999 -9999 -9999 -9999
1398.4 1265.7 1332.3 1432.2 1451.6 1475.7 1527.1 1610.6 2070.1 2015.2 1979.8 1982.6 2006.8 2026.6 2074.7 2033.2 1952.9 1893.5 1853.9 1853.4 1828.4 1716.1 1601.5 1358.9 1339.6 1427.8 1560.5 1589.8 1453.9 1271.5 1076 1426.9 1502.5 1617.6 2159.6 1732.2 1632.7 1607.4 1244.2 1482.3 1519.8 1040.4 1064.9 984.4 970 989.5 812.6 795.4 680.2 1010.5 511 1099.3 2104.9 2418.4 -9999 -9999 -9999 -9999 -9999 -9999 -9999 -9999 -9999 -9999 -9999 -9999 -9999 -9999 -9999 -9999 -9999 -9999 -9999 -9999 -9999 -9999
1564 1409.5 1311.7 1391.6 1469.3 1481.9 1512.6 1453.8 1543.2 1751.7 1773.4 1758.2 1737.3 1797.4 1918.9 1948 1923.3 1849.6 1862 1821.2 1740.4 1686.5 1667.9 1445.3 1364.3 1444.2 1592.3 1685.1 1534.2 1381.4 1320.8 1336.6 1417.1 1509.9 1615.9 1576.2 1586.1 1463.5 1343.3 1365.4 1379.8 1054 894.8 1047.1 879 936.3 774.2 653.1 582.6 611.4 713.4 1005 1582.7 2001.6 -9999 -9999 -9999 -9999 -9999 -9999 -9999 -9999 -9999 -9999 -9999 -9999 -9999 -9999 -9999 -9999 -9999 -9999 -9999 -9999 -9999 -9999
1920.9 1562.4 1354.3 1316.6 1415.1 1474.2 1531 1471.7 1488.7 1605 1676.3 1707.7 1654.9 1639.6 1671.4 1752.1 1883.6 1847.2 1805.1 1656.9 1680 1738.2 1681.5 1525.3 1501.2 1520.9 1643.4 1727.6 1559.8 1553.3 1414.6 1379.6 1633 1504.8 1421.7 1490.6 1771.6 1646.6 1374.6 1367.6 1344.5 1266.8 1072.9 921.9 839.8 794.8 579.7 822.9 390.7 647.9 989.9 1163.5 1193 1671.4 -9999 -9999 -9999 -9999 -9999 -9999 -9999 -9999 -9999 -9999 -9999 -9999 -9999 -9999 -9999 -9999 -9999 -9999 -9999 -9999 -9999 -9999
1787.6 1685.7 1431.5 1369.3 1421.2 1635.8 1521.9 1447.6 1460.8 1535 1653.9 1737.9 1734.4 1702.2 1584.1 1471.7 1457.8 1693.2 1565.6 1376 1828.2 1834.2 1761.5 1716.8 1715 1557.5 1573.1 1637.6 1522.1 1353.1 1303.3 1406 1398.7 1497.3 1454.8 1431.7 1352.5 1447.1 1345.2 1240.8 1190.5 1057.1 875.5 806.8 766 830.5 864.2 963.6 859.3 764.6 858.7 1019.8 1027.4 1523.6 -9999 -9999 -9999 -9999 -9999 -9999 -9999 -9999 -9999 -9999 -9999 -9999 -9999 -9999 -9999 -9999 -9999 -9999 -9999 -9999 -9999 -9999
2290.8 2387.2 2302.3 1919.7 1464.2 1685.3 1446.4 1411 1452.5 1500.9 1594.1 1697.7 1772.5 1645.5 1517.7 1391.7 1406.8 1534.4 1628.7 1485.9 1732 1857.3 1719.3 1781.7 1811.1 1613.7 1612 1695.4 1754.5 1499.5 1527.2 1516.7 1369.4 1274.3 1301.2 1228.5 1176.1 1159.5 1240.6 1083.8 960.4 953.2 947 1027.6 850.4 836.3 1083.4 917.3 916.9 953.4 1477.6 946.3 1073.1 1579.9 -9999 -9999 -9999 -9999 -9999 -9999 -9999 -9999 -9999 -9999 -9999 -9999 -9999 -9999 -9999 -9999 -9999 -9999 -9999 -9999 -9999 -9999
3228.3 3655.7 3631.6 3108.1 1724.9 1392.1 1424.4 1287.9 1360.8 1537.2 1585.8 1592.8 1705.3 1659 1558.2 1550.6 1690.5 1551.4 1565.5 1742.1 1823.8 1734 1539.5 1647.6 1819.4 1617.8 1417.3 1508.9 1611.4 1412.6 1482.8 1500.9 1227.4 1326 1347 1219.4 1457.5 1040.5 1159.9 1027.9 908.8 734.3 1014.6 1035.8 988.5 1407.1 978.9 959.4 906.4 1085.9 1126.4 1015.8 1343.5 1180.4 -9999 -9999 -9999 -9999 -9999 -9999 -9999 -9999 -9999 -9999 -9999 -9999 -9999 -9999 -9999 -9999 -9999 -9999 -9999 -9999 -9999 -9999
2638 3557.3 3741 2778.9 1837.7 1388.9 1317.2 1251.9 1332.1 1477.4 1508 1446.1 1462.3 1528 1558.1 1501.4 1405.2 1282.5 1429.3 2048.5 2102 1700.4 1446.3 1518.6 1659.2 1675.7 1625.2 1658.6 1791.2 1482.1 1312.3 1427.3 1208.1 1301.8 1523.1 1463 1354.6 1303.1 1370.5 1104.1 1076.2 996.2 1051.2 1300.3 945.6 791.9 830.7 739.2 769.7 911.6 1153.6 1288.4 1287.5 1281.6 -9999 -9999 -9999 -9999 -9999 -9999 -9999 -9999 -9999 -9999 -9999 -9999 -9999 -9999 -9999 -9999 -9999 -9999 -9999 -9999 -9999 -9999
1414.5 3277.2 2784.4 2029.1 1601.6 1188.3 1171.1 1218.9 1262 1273.6 1249.8 1253.8 1246.4 1307.7 1391 1385.3 1315.3 1235 1378 1726.3 1819.7 1554 1434.5 1326.3 1567.5 1863.1 1583 1610.3 1691.1 1340.9 1090.3 1249.4 1366.1 1275.5 1176.7 1463.1 1397.7 1547.9 2166.9 1247.1 1183.8 1037.1 890.1 1120.1 931.4 1178 831.8 705.1 905.4 1015.7 1211.1 1495.3 1287.1 1205.9 -9999 -9999 -9999 -9999 -9999 -9999 -9999 -9999 -9999 -9999 -9999 -9999 -9999 -9999 -9999 -9999 -9999 -9999 -9999 -9999 -9999 -9999
606.9 897.2 1286.4 1061.4 1031.1 1167 1123.7 1183.8 1131.2 1111.9 1065.8 1149.9 1210.8 1256.8 1260.4 1245 1194.3 1185.7 1346.6 1555.1 1592.4 1438.7 1418.1 1561.6 1651.9 1743.8 1699.2 1555.6 1560.5 1054.1 1077 1293.5 1716.5 1503.7 1301.4 1397.5 1444.6 1436.9 1339.3 1143.2 1130 1061.1 1035.7 1113.4 1011.5 933.5 895 977.7 1157.7 1050.1 1016.4 999.6 1167.4 1689.4 -9999 -9999 -9999 -9999 -9999 -9999 -9999 -9999 -9999 -9999 -9999 -9999 -9999 -9999 -9999 -9999 -9999 -9999 -9999 -9999 -9999 -9999
639.3 459.9 631.5 674.3 536.5 1009.2 1091.6 1117.2 1075.8 1103.9 1122.9 1189.4 1262.3 1242.5 1216.8 1196.3 1188.7 1156.1 1239.8 1396.4 1433.6 1391.8 1390.3 1555.3 1670.5 1722.7 1687.5 1674.6 1600.5 1544.5 1527.9 1477.7 1536.6 1509.5 1267.2 1452.4 1541 1414.8 1257.1 1197 1217.8 1111.2 971.6 989.8 1092.7 1064.7 1078.4 937.5 912 1054.4 884.6 966.5 1265.3 -9999 -9999 -9999 -9999 -9999 -9999 -9999 -9999 -9999 -9999 -9999 -9999 -9999 -9999 -9999 -9999 -9999 -9999 -9999 -9999 -9999 -9999 -9999
