datasets/global_precipitation_1950_2017/rasters/precip_1955-total.asc
NCOLS 720 
NROWS 347 
XLLCORNER -180 
YLLCORNER -90 
CELLSIZE 0.5 
NODATA_value -9999 
[rows 34 to 67 of 347, columns 532 to 607 of 720]
458.5 457.9 458.5 466.4 470.5 466.9 458.2 445.4 437.3 433.3 433 429.7 428.2 429.3 428.3 426.7 425 417.5 408.7 394.6 378.4 358.8 338.9 321.4 308.3 297.8 290.7 284.8 279.5 274.7 272 270.4 268.8 267.7 267.1 265.6 264.8 262.4 262 260.7 259.4 257.3 255.2 253.7 253.2 252.2 252.1 251.7 251.5 251.3 252.3 252.8 253.4 253.8 253.5 253.3 248.4 255.2 255.7 255.7 255.9 255.7 254.8 255.1 255.8 257.2 259.4 263.5 266.3 269.2 272.4 276.2 280.3 286.3 287.9 289
487.9 500.3 518.1 547.3 524.9 488.7 444.4 403.2 385.6 398.9 413 420.6 419.7 421 418.6 416.5 411.2 401.8 389.7 375.4 358.2 339.7 324.5 311.3 300.6 292.2 288.3 286.8 287.6 289.1 291.5 293.7 294.8 297.9 298 299.2 299.5 296.6 295.6 289.6 285.5 282.6 276.6 271.9 269.1 265.6 263.4 262.4 260.8 258.3 255.8 254.4 252.8 251.1 250.3 248.9 247.6 247.4 246.9 246 244.6 243.2 242 241.2 241 242.3 245.4 249.6 255.2 259.8 262.5 266.5 270.1 275.4 276.5 275.9
512.9 520.9 521 518.8 514.3 498.3 468.8 438.6 421.8 418.6 420.7 417.9 415 411.7 409.7 407.8 404.5 393.2 383.8 370 353.9 338.1 320.2 301.6 285.5 275.5 277.4 283.5 291.5 297.1 303.3 308.7 314 318.9 323 325.9 329.1 331.1 324.4 325.3 318.1 314.3 308 302.5 295.9 290.4 286.5 282.5 277.5 272.8 268.6 264.5 260.3 256.1 251.7 246.4 242 237.6 232.9 228.1 224.8 222.1 219.5 216.7 215.7 215.8 217.6 222.2 227.6 234.2 241.1 246.9 251 257.5 260.7 262.6
540.7 544.8 545.6 541.9 533.4 520.8 505.8 487.6 468.4 451 437 421.5 409.2 403.6 402.5 403.7 403 395 387.5 375.1 362.8 350.1 337.7 321.8 304.6 293.9 295.8 301.7 303.9 305.1 310.3 318.1 326.5 334.7 342.1 346.2 352.5 354.7 351.9 347.1 342.5 338.2 334.9 328.5 325 319.1 312.1 306.7 300.4 294.9 288.3 281.7 273.9 265.9 257.7 248.8 238.2 228 218.1 209.8 202.3 196.8 193.6 192.7 191.5 192.6 196.7 202 206.8 213.6 222.9 229 235.1 238.4 242.1 246.6
556.9 574.2 593.5 596.6 576.2 550.5 525.9 508.5 487.5 465.7 444.9 427.6 414.7 406.6 403.2 405.3 409 404.3 393.2 384.7 373.4 368.3 366.8 364.9 362.2 363.4 365.7 364.6 331.8 326.9 329.8 335.8 344.3 353.1 362 368.2 370 367.9 364.1 357.3 353.1 347.4 343.2 339.7 335.4 330.6 324.8 318.7 313.9 310.1 303.7 297 286.3 276.2 265.9 252.8 238.5 221.7 208.3 194.4 182.9 175.6 171.8 170.9 171.5 174.8 181.7 191.4 201.3 212 221.7 228.6 231.5 232.2 233.8 236.9
559 574.4 586.2 585.7 573 552.9 534.5 515.6 496.9 479.2 464.2 452.8 442.3 433.6 425.3 423.2 418.6 411.7 401.5 390.4 382.2 381.2 385.9 388.9 390.1 390.9 390.4 388.3 378.7 365.7 357.2 355.7 359.9 368.8 378.1 384.8 386 379.4 370.2 361.2 352.9 345.9 340.7 337.2 333.1 329.2 324 318.5 314 309.2 305.2 301.3 295.3 283.8 270.1 253.8 238.9 224 206.1 188.3 173.2 161.7 154.6 149.8 150.4 156 167 181.6 197.4 211.1 221.9 230.4 230.4 230 229.5 229.6
553.4 575.2 594.9 601.8 556.1 546.8 530.1 513.4 502.7 496.9 496.4 496 490.1 479.4 469.3 457.8 447.2 437.4 429.1 421.4 415.8 412.4 411.1 406.5 398 391.8 384.8 377.4 368.6 359.7 354 354.6 359.3 366.6 373.4 377.8 377.7 373.1 364.8 356.4 348.6 341.4 337.3 333.8 330.7 326 319.7 312.8 305.1 299.3 297.3 300.1 307.7 301.2 267.8 244.8 238.1 226.4 209.1 188.2 167.8 152.5 145.7 143 142.5 148.9 161.2 176.5 191.9 205.7 214.5 220 221.4 223.7 222.7 224.6
520 537.8 558 562.2 541.9 506.3 483.7 486.3 497.9 512.4 528.4 542.3 546.3 536.7 512.9 496.5 481.4 471.8 466 465.2 462.1 458.8 450.6 437.7 420.1 400.7 383.8 368.6 354.1 341.5 336.1 337.8 343.4 348.9 353.8 357.5 359.1 356.8 352.7 347.3 342.3 337.5 333.6 330.9 328.6 324.5 316.9 304.5 288.4 272.4 265.2 274.2 288 290.2 270 249.2 237 229 213.8 189.5 161.4 136 142.8 160 170.1 177.2 186.7 197.8 205.3 209.5 211.1 212.5 213.7 212.7 212 213
498.8 505.2 515 515.9 494.6 463 455 474.3 496.7 515.4 536.5 555.1 561.5 548.5 527.8 506.9 488.3 483.5 494.9 507.6 514.2 511.3 497.8 474 449.9 420.5 395.7 372.4 354.9 342.8 332.2 328.9 328.4 331.4 336.3 341.6 345.5 346.9 345.9 343.7 340.5 337 334.1 331 328.1 324 316.3 303.3 287.4 271.6 262.1 265.4 272.3 271.2 261.8 248.8 244.8 242.5 234.3 219.7 205.5 199.6 206.8 212.8 210.9 211.6 218.6 227.3 227.4 222.4 217.8 214.2 210.4 205.5 200.3 195.1
501.4 502.1 507.1 512.5 512.8 510.5 512.6 513.7 504.6 509.8 511.2 519.4 525.1 527.4 526.5 512.6 495.5 493.7 508.7 527.5 542.8 539.5 516.4 488.1 457.3 432.3 407.9 387.6 369.7 354.4 342.6 331.1 321.7 319.1 325.7 335 342.3 345.7 345.9 343.7 340.6 338 336.7 334.6 333.7 330.4 325.2 318.1 308.4 299 291.9 288.2 288.2 286.6 284.3 283.4 283.5 280.6 269.7 255.1 242.5 233.3 228.1 224.9 223.3 222.4 224 226.3 226.9 225.5 221.6 217.4 211.7 202.9 194.8 185.3
504.9 502.9 509 519 532.2 544.8 550.6 538.8 527 499.6 467.8 447.4 461.1 518.8 580.8 581.1 545.1 522 512.2 509.9 504.9 489.9 471.3 453.8 441.6 430.2 417.3 405.7 394.9 384.7 376.2 368.6 361.8 356.4 353.6 354.1 353.8 352.9 349.2 345.1 342.3 341.6 341 341.4 342.7 341.5 339.4 335.1 329.7 322.1 317.4 315.1 312.4 311.3 309.2 306.5 304.1 300 295 288.1 274.6 260.5 248 239.2 233.1 229.6 228.7 228.9 228.9 227.5 226 222.9 216.4 207.8 203 196.4
511.6 496.2 490 492.2 507.4 531.6 561.2 555.8 512.2 450.7 382.2 332.1 324.8 393.6 496.7 523.8 516.4 504 487.3 468.8 446.4 425.1 407.4 407.5 421 428.8 428.7 425.7 420.5 418 420.9 425 424.9 415.9 400.5 386.2 372.3 360.2 349 342.6 340.7 342.5 346.8 350.8 354.5 357.6 360 358.5 360 360.1 363.9 364.3 359.1 351.7 342.6 333.5 327.1 325.3 320.7 310 296.1 281.2 268.3 256.7 247.1 239.8 235 233 230.9 230.3 230.3 230.3 230 228.6 229.4 224.3
486.7 462.9 447.6 441.6 441.5 456.5 474.3 481 483.8 444 387.6 335.6 297 377.3 432 436.1 447.3 460.5 459.9 439 413.4 408.5 411.8 421.6 434 445 445.3 439.5 435.3 438.6 446.3 459.2 464.5 441.4 411.1 386.1 366.7 350.6 335.7 326.9 328.2 334.1 340.8 351.2 378.9 389.5 390.7 391.6 394.8 402.7 407.2 406.6 397 385.3 378.1 367.9 355.8 343.2 330.7 318.1 305.3 293.6 284.1 274.6 265.6 255.8 247.3 238.3 232.1 235.5 243.8 254 263.3 270.2 274.3 278.1
434.7 414.5 402.5 400.8 405.6 421.6 446.5 467.3 472.2 475 477 447.8 420.3 410.6 345.5 343 388.3 412 422.8 422.1 411.3 416.2 421.1 426.8 426 430.3 431.7 431.2 432 433.7 435.6 436.1 427.5 403.9 375.9 363.8 352.3 332.8 312.7 298.7 300.6 312.4 333.2 359.1 387.4 400.4 410.6 417.7 426.5 431.5 429.9 415.9 393.5 386.2 403.1 408.5 399.8 376.3 349 320.6 306.5 296.4 290.8 286.6 278 268.7 262 258.6 259.3 263.9 273.8 285.7 300 313 327.1 339.1
383.3 367.8 360 357.8 347.4 345.1 374.8 420.3 458.9 485.1 497.9 478.9 441.7 402.5 371.7 367.8 381 401.9 419.3 431.8 438.4 433.6 425.7 412.6 402.9 397.6 400.4 409.6 419.8 428.2 435 437.9 432.9 417 400.6 378.6 351.9 321.8 295.1 275.4 268.2 280.1 299.8 330.4 363.1 391.3 420.2 438.2 448.4 452 448.9 443.7 432.5 443.8 473 472.7 447.9 407.9 364.6 332.9 305.8 292.9 290.2 289.6 285.2 279.1 274.9 274.3 275.5 279.2 287.3 309.2 333.9 348.8 365.7 380.1
364.7 366.5 355.2 365.6 281.6 218.9 360.8 409.8 423.9 443.8 451.4 437.1 418.2 406.3 398.8 398.6 405.2 418.7 434.1 447.6 445.8 437.6 425.8 397.2 377 367.3 376.9 391.6 414.2 432.2 445.5 449.6 453.4 443.9 431.1 407.8 374.7 336.5 309.4 293.9 279.8 265.7 270.1 313.6 358.5 395.9 434.9 466.7 461.2 451.3 451.7 470.5 514.8 590.9 562.1 492.1 449.8 416.3 377.8 340.4 315 301.2 296 295.8 297 296 293.2 292.6 291.3 290.8 294 311.5 338.4 363.3 385.6 403.6
354.1 357.2 344.5 324.7 312.1 358.3 458.1 444 426 423.4 417.9 409.5 404.3 405.3 406.4 410.6 435 406.1 424.7 430.8 428.3 417.3 388.3 364.5 370.4 373.5 379.3 389.4 407.1 427.8 448.5 461.1 466.6 461.6 459.5 441.2 410.4 376.6 339.7 323.7 317.2 315.7 320.3 332.7 353.4 394.3 399.7 425 427.7 428 428.1 427.9 426.3 421.2 430.5 436.4 407.1 431.8 409.4 364.9 339.4 326.8 315.1 311.3 315.5 321.9 330.2 334.4 335.2 333.6 333.4 340.1 359 385.2 410.6 427.2
333.8 340.2 337.9 336.4 349 382.7 421.5 437.2 439.2 432.4 418.5 402.5 387.5 382.1 363.5 371.5 377.5 378.2 376 385.1 406.7 433.9 438.5 414.3 398.7 389.1 380 383.2 398.6 421.7 445.7 463.3 478.2 481.7 468 453.5 441.6 428.3 415.1 401.7 390.1 370.6 361 357.3 347.4 315.1 338.9 365.2 379.2 383.5 377.7 375.8 393.8 417.7 443.4 474.4 508.7 497.3 458.6 415.4 367.1 336.2 319.6 320.7 342.9 364.4 378.9 389 401.6 410.5 414.3 414.6 416.2 437.6 454.5 463.5
338.3 339.6 341.5 348.6 361.2 398.5 447.2 452.3 449 445.5 430.8 411.9 394 363.5 340.1 329.7 323.7 307.1 271.5 337.8 377.4 406.8 427.6 440.4 441.9 431 417.3 408.6 407.1 411 416.8 429.3 467.7 456.7 440.9 438.7 446.5 448.5 468.2 494.8 465.1 404.5 375 371.5 356.5 344.9 342.2 348 358 369.8 367.1 385.8 408.1 427 440.6 456.2 462.8 458.6 441.8 408.4 365.4 338.8 331.5 346 377.5 406.2 421.6 441.2 468.4 498.7 518.5 526.8 513.8 505.5 497.8 490.6
356.8 349.1 349.8 360.6 390.9 429.4 453.8 447.1 463.4 473.2 445.8 420.7 382.2 337.5 316.8 326.9 338.7 363.3 396.4 386.9 401 430.2 467.2 512.6 539.4 534.8 505.7 462.5 426 410.1 402.3 396.8 413.3 415.2 415 414.5 427.5 463 507.9 535.1 478.1 443 424.4 407.6 391.7 372.7 347.6 330.4 322.7 332.8 353.6 380 407.4 420.4 424.8 423.3 420.1 405.5 386.8 358 339.6 330.8 329 331.9 357.6 401 426.1 457.9 499.2 544.6 581.2 589 572.3 554.9 531.8 509.2
324.5 353.2 347.8 313.5 395.5 440.6 401 375.1 405.5 415.3 450 469.7 428.9 345.7 375.6 378.5 392.3 404.3 435 351 437 475.5 535.9 546.5 571.5 566 528.4 471 426.1 415.4 420.3 426.5 425.3 384.9 387.4 403.3 419.6 447.1 475.3 483.5 454.6 442.9 436 424.6 395.6 365.7 338.3 312.4 292.5 287.3 303.2 331 368.8 386.9 391.3 390.6 390.1 382.3 350.6 321.6 313.1 312.6 316.3 325.8 344.8 370.9 397.1 437.1 501.9 555 586 586.7 567.7 550.9 532.4 512
387.2 404.1 447.4 471.7 430.7 458.6 434 392.5 379.8 391.4 419.4 440.2 424.5 415.4 409.1 400.5 500.5 402.8 512.6 519.8 486.9 491.4 494.7 483.6 484.6 494.2 468.9 423.7 400.8 404.7 412.3 431.5 436 416.4 405 406.4 407.7 425.6 447 479 459 437 411.4 391 372.6 360.3 350.6 268.6 241.2 270.5 301.8 337.1 367.7 382.3 386.7 385.1 371.6 341.3 293.8 289.7 313.2 318.1 309.2 312.4 335.1 359.3 384.5 436.3 515.4 565 578.4 570.4 551.6 543.3 540.5 526.2
343.7 451.5 672 906.2 837.1 792.7 597 355 345 339 385.1 461.8 447.1 443 463 361.2 421.2 524.7 524.6 517.1 503.5 495.3 487.5 475.2 468.8 463.7 444.2 407.3 362.1 282 396.4 399.3 397.1 390.2 389 398.7 415.5 434.3 450 446 426.4 408 397.2 382.2 366.5 338.8 316.3 306 289.2 293.4 312.6 346.5 371.9 384.1 385 385.1 372.5 354.4 341.6 351.8 379.1 396.8 381.2 364.8 370 393.8 429.3 471.5 519.4 547 550.4 542.5 528.9 536.5 552.9 557.6
503.1 468.5 580.2 838.2 1183.8 1513.9 1033.8 525.4 374.3 336.9 342.6 380 427.4 495.8 511.3 465.2 472.7 500.3 506.1 509.8 508.6 500.5 486.2 470.9 462.6 461.1 458.9 435.6 406.5 417.8 400 380.7 367.4 366.7 371.1 381 388.8 403.8 447.7 423.6 386 349.8 336.6 339 316.8 297.7 294.7 283.8 262.1 274.5 305.8 342.1 372.4 392.5 393.1 360.9 352.8 349 358.5 378.9 397.4 402.6 397.2 392.8 406.3 431.1 460.9 479.4 487.6 495.2 503.1 494.2 481.3 489.5 514.1 539.9
393.2 404.9 464.6 633.4 856 914.3 855.8 638.9 414.9 341.6 320.8 364.6 398 460.9 578.8 596.3 578.5 592 580.9 535.9 498.7 480 473.7 469 467.5 471.2 468.2 470.1 486.1 464.2 402.8 339.2 339.6 354.5 358.9 388.4 412.9 393.8 385.6 366.6 330.3 288.9 247.9 212.6 194.8 228.7 300.6 295.4 153.8 210.4 286.9 351.5 366.3 355.1 336 319.1 322.2 320.9 330.7 363.3 388.2 394.2 389.8 388.5 396.4 415.7 437.1 458 464.2 471.1 481.9 496.1 487.3 459.2 456.6 497.1
376.8 356.9 398.9 539.1 661.9 741.6 726.8 548.2 258.5 294.8 281.8 327.5 356.3 341.9 439.4 524.7 574.3 618.7 632 570.9 501.1 467.3 461.6 456.3 451.8 468.3 474.5 471.4 463.5 442.9 406.4 386.4 388 372.5 355.9 383.4 431.4 393.7 347.1 324.2 292.6 238.5 196.8 180.2 183.9 203 240 247.1 252.8 254.9 272.2 296.4 308.1 305.6 297.9 310.5 319.1 326.2 346.8 358.9 362.2 366.1 369 369.5 365.1 365.8 390.1 396.3 421.9 469.9 477.2 491.4 484.7 454.8 433 424.5
430.5 484.1 558.8 565.6 649.9 799.5 755.7 553.3 405.2 352.1 359.1 371 392 373.4 539.7 614.5 670.5 684.7 619.1 515.8 441 415.9 433.1 459.2 486.7 470.7 455.9 442.9 434.1 435.8 433 420.1 396.5 352 332.4 327.1 326 313.2 322.2 261.8 240.2 183.5 177.3 164.6 240.2 196.8 262.8 305.5 322.7 305.8 268.5 248.3 268.3 281.1 307 332.7 325.2 325.7 338.1 342.5 344.9 346.9 354.6 360.8 366.6 370.3 376.2 394.2 415 439 459.8 462.7 475.3 469.8 424.8 357.3
535.8 633.6 709.1 635.1 598.3 613.1 557.4 373.9 347.9 355.9 370.3 407.3 449.9 605.7 1052.6 688.3 602.5 566.5 458.3 346.4 295.8 327.5 371.5 414.4 438.4 431.7 408.7 389.5 401.3 429.9 449 456.1 434.4 376.1 348.2 365.3 337.2 278.5 291.9 282.6 238 208.3 215.9 237.2 266.7 294.2 344.4 438 406.4 338.9 293.8 277 272.6 280.2 296 298.7 293.8 285.1 285.6 317.1 338.6 322.5 331.5 355.6 380.8 416.1 401.9 416.2 427 436.5 461.5 481.9 503.2 495.4 435.8 387.7
541.6 640.1 655.2 705.7 759.7 684.4 584.8 460.6 378.6 353.7 361.5 391.9 440 305.8 295.5 300 303.2 316.4 300.4 264.8 254.2 273 315.1 348.7 372.2 378.6 374.1 386.3 410 456.5 477.2 461.8 506.4 566.9 463.5 429.1 497 398.9 277.2 264.7 217.8 261.8 235.1 220.8 232.2 261.4 264.6 225.2 280.8 303.6 292.2 283 265.7 241.8 270.7 266.8 262.3 259.6 278 308.9 328.8 333.4 343.7 356.8 370.9 395.4 415.4 429.6 439.6 450.3 471.5 499.1 509.9 487.8 457 439.4
551.8 580.1 654 677.2 638 619.1 516.2 348.3 274.5 288 314.5 324.7 319 303.6 290.3 267.7 232.2 229.9 274.4 280.8 272.9 272.7 279.3 286.9 298.9 310.9 326.6 339.8 359.5 352.3 373.6 419.8 410.1 479.1 529.9 386.6 467.7 550.4 543.5 518.8 429.2 296.3 174.3 189.1 224.2 255.7 267.7 271 283.9 289 294.8 312.5 287.7 261.2 275.7 262.4 225.9 205.9 264.4 305.4 324.4 341.9 366.9 379.4 392.7 420 460.1 486.6 481.8 473.3 478.2 482.7 480.5 470.8 465.2 469.5
417.5 470.4 504 455.1 471.9 437.4 322 246.5 245.3 268.6 299.4 327 318.1 306.6 287.6 283.9 302.1 303.5 284.9 282.9 270.8 268.7 271.9 272.1 272 277.5 270.4 269.4 297.9 324.2 358.1 400.1 435.8 507.4 627 673.7 594.1 589.1 575.7 505 376.2 255.9 235.7 215.7 244 281.3 290.8 309.7 335.6 316 284.2 251.4 261.9 268.5 270.6 265 292.9 298.4 282.2 284.1 287.4 330.2 385 414.7 412.4 431.6 495.7 538.2 501.1 480.9 471.3 462.2 456.8 452.4 460.1 474.8
346.8 394 395.4 375.4 343.5 257.6 204.3 199.9 217.2 234.7 261.4 272.9 271.2 270.2 271.5 259.3 257.2 242.2 226.4 231.1 237.9 251.3 270.7 276.9 272.7 268.7 265.3 270 284.8 291.9 317.7 366 404.1 403.2 417.8 427.4 410.4 365.3 267.7 273.1 263 239.3 221.3 210.7 246.9 288.1 307.4 320.1 349.5 340.7 315.9 277.2 277.2 290.2 297.4 302.7 307.5 300.5 281.3 286.9 309.8 339.4 375.7 395.6 397.8 397.7 414.8 432.5 449.4 456 447.6 438.5 442.8 452.6 456.5 468
414.6 383.1 362.3 291.5 182.4 108.8 113.5 137.3 144.5 165.2 191.1 194.3 187.6 182.6 195.2 207.7 201.2 182.9 206.5 202.1 205.7 220.3 244.9 257.2 258.1 254.8 252 257.8 255 254.4 272.5 311.4 332 333.9 330.9 328.6 329.7 320.9 270.7 235.5 219.4 217.1 219.5 228.7 270.7 307.2 323.6 355.2 375 387 406.6 355.1 312.5 301.7 306 315.9 295.9 290.3 297.4 320.9 344.2 362 384.7 381.2 365.7 363.8 332.2 370 409.3 446.9 458.7 462.3 467.9 477.1 478.1 475.5
401.8 403.7 360.3 251.4 132.1 95.9 95.2 113.4 134.5 151.1 162.2 162.9 162.8 166.7 179.3 191.2 190.3 187.7 193.1 190.7 175.3 183.8 205 218.1 224.7 225.8 220.9 210.3 199.6 219.9 249.4 284.1 290.4 263.2 279.5 297.6 306.8 298.3 262.8 236.2 221.7 215.7 222.6 224.1 286.3 315.1 308.6 347.9 388 405.5 404 348.1 313.6 281.9 294.8 280.2 246.6 253.3 292 333.4 366.4 416.7 517.6 378.4 307.9 334.8 373.9 398.8 421.2 454 483.3 502.8 514.9 517 517.9 515.4
