datasets/global_precipitation_1950_2017/rasters/precip_2014-total.asc
NCOLS 720 
NROWS 347 
XLLCORNER -180 
YLLCORNER -90 
CELLSIZE 0.5 
NODATA_value -9999 
[rows 34 to 67 of 347, columns 76 to 151 of 720]
279.5 276.6 279.6 284.1 289.4 292.9 299.5 305.1 313.3 321.4 323.3 319.2 307.5 298.5 292.4 289.8 291.1 293.9 299 303.1 311.6 317.2 321.8 323.9 325.4 324 323.7 325 329 333 334.5 333.3 329 322.8 315.1 305.3 295.3 285.8 275.3 265.1 255.3 246.9 237.1 228 220.2 218.2 216 214 215.2 217.4 220.9 224.2 230.2 235 241.7 248.4 258.3 269.7 281.4 292.7 299.1 299.5 292.5 280 267.7 253.5 244.1 238.4 235.8 233.1 232.2 227.6 227.2 226.6 219.7 211.4
320.1 325.1 334.8 343 341.5 338.7 334.4 330.6 330.4 332.9 336.8 337.8 337.6 336.8 335.3 333.6 331 329.1 327.7 324.1 325.1 332 333.3 338.4 339.4 336.8 335.8 337.2 341.7 346.6 345.6 341.1 332.2 322.2 311.6 298.7 286.5 277.3 272.8 268.7 261.7 257.6 249.3 241.4 233.4 228 222.9 221.7 222 224 227.7 233.9 240 246.6 253.7 262.4 273.6 287.9 302.6 317.1 328.3 329.6 314.8 297.2 281.1 270.4 263.9 257 252.5 249.2 245.4 241.9 240.2 236.2 230 223.7
330.2 332.5 343.5 352.7 360.7 362.6 357.1 354 356.4 366 373.3 376.3 379.8 383.2 387 393.8 395.7 402.2 399.1 393 387.4 387.3 382.8 377.8 369.7 363 357.5 354.8 352.3 349.9 343.7 337.7 327.8 321.2 310.2 289.7 268 255 259.6 265.7 267.6 264.2 255.7 245.6 235.5 228.9 224.5 223.1 224.1 226.1 230.1 235.3 240.2 246 254.3 262.3 269.4 279.6 288.9 296.9 302 301.7 295 285.6 278 273.6 270.7 268.9 267.1 265.5 260 256.1 251.1 245.2 237.9 230.9
328 327 330.9 345 363.3 382.4 406.2 425.6 423.6 413.7 409.5 411.5 416.5 422.4 435 440.7 446.5 459.5 485.1 519.6 527.4 527.2 498.5 470.9 450.6 424.2 402.7 382.3 364.7 351.3 340.5 332 326.7 328.6 322.2 309.2 294.5 286 281.3 279.9 276.6 269.6 259.8 249.2 239.2 232.1 226.6 225.4 224.7 227 229.4 232.8 235.4 239.6 243.9 246.4 250.8 256.5 262.7 266.7 269.3 271.1 271.1 269.2 271.2 269.7 272.6 273.2 274 273.3 272.4 270.1 265.9 263.5 258 250.3
325.7 327.7 332.6 338.2 342.5 344.6 377.9 425.9 425.7 410.4 410.9 426.3 449.4 458 462.1 454.2 448 465.4 503.8 562.3 614.9 670.1 642.3 625.4 610.3 555.9 510.6 461.4 419.2 389.2 364 347.5 339.2 333.4 327.2 321.6 315.6 309.7 302.6 295.8 289.1 281.1 271.5 262.1 252.1 244.5 237.7 233 231.6 230.3 231.9 231.4 233 232.9 232.3 232.2 233.6 236 240 244 247.8 251.7 254.9 260.1 264.3 268.9 273.4 277.4 280.9 286 288.2 289.7 290.5 289.4 284.6 278.5
308 309.8 317.1 325.6 331 332 338.7 351.5 361.4 368.9 381.4 401.8 435.6 457.9 441.6 424.2 419.7 439.6 482.8 538.5 616.8 682 723.4 747.8 739.5 707.2 664.5 606.3 532 462.8 411.2 373.6 353.6 341.8 335.6 331.2 327.3 321.3 313.5 304.6 296 290.8 284.3 276.4 266.8 255 243.8 236.1 231.5 230.3 231.8 232.9 232.3 228 223.4 218.3 216 218.7 224.7 230.5 236.5 241.8 248.8 255.1 261.1 267.1 272 276.7 283.3 289.3 295.2 302.9 308.7 310.8 307.4 301.4
270.1 285.1 298.2 308.2 316.9 323.5 325.4 324.8 324.8 327.1 340.1 355.3 361.9 368.6 370.4 374.2 381.2 400.2 438.4 505.4 562 643.3 712.1 757.6 770.7 754.5 718.4 677.5 621.7 554.8 488.7 422.8 374.3 351.6 339.1 333.4 327.6 321.3 312.1 303.4 294.6 289.2 281.3 275.8 266.6 254.3 243.4 234.2 227 226.7 229.7 234.4 235.7 233.8 228.1 221.6 216.7 214.7 217.9 222.3 228.6 236.1 246.8 258.9 268.8 275 278.4 281.1 284.3 289.3 296.4 301.6 308.8 312.3 311.4 307.7
296.2 329.7 285.8 306 312.8 311.3 301.7 285.6 270 264.5 275.9 288.1 303 322.2 339.8 351.8 369.7 373.3 378 406.6 461.2 529.2 596.8 651 676.5 682.3 686.6 671.1 651.3 604 541.5 469.4 403.5 360.8 333 323.3 317.9 311.9 303.9 291.3 279.4 274.4 268.6 265.1 260.3 255.2 247 233.3 230.3 231.5 234.7 237.9 242.3 244.5 242.4 240.8 220.1 212.9 213.9 215.9 219.5 224.6 235.6 256.1 281 299.9 295.8 293.4 290.8 292 293.6 298.5 302.5 303.1 301.6 300.4
307.3 313.4 310.3 310.4 305.6 289.6 271.4 253 243 237.5 228.8 220 243.9 289.1 332 348.2 329.2 301.9 295.5 287.8 319.1 385.9 457 514.1 554.4 597.9 628.2 641.2 630.3 600.6 540 482.6 412.3 350.4 320.2 310.8 310 308.4 298 276.5 253.4 246.3 246.9 252.6 256.3 254.5 248.6 239.5 234.7 235.2 238.9 240.7 242.9 242.9 236.9 222.1 210.1 207.7 210.6 214 217 219.5 224.6 242.2 264.1 282.5 288.8 289 290.2 290.1 293 294 293.8 293.2 290.5 286.8
438.1 386.3 333.7 291.7 265.1 243 229.6 217.1 207.9 213.6 227.4 236.4 252.8 279.4 303.6 312.4 303.9 286.8 259.2 243 259.6 325.7 395.7 439.6 470.6 511.8 561.2 590.5 587.2 562.9 524.4 455.5 384.7 327.8 288.9 277.7 296.2 326.8 337.1 308.6 269.5 258.7 255.5 260 259.3 254.4 244.2 232.4 226.7 229 236.4 240.9 241.2 236.5 226.8 212.4 200.3 206 216.4 225.8 234 241.4 248.1 254.2 267.5 275.9 283.5 288.5 291.1 294.1 293.7 290.7 286 279.9 272.5 264.3
522.9 477.4 369.7 298.8 241.4 221.3 219.8 224.8 230.3 241.4 260.5 277.1 291.2 305.2 312.9 309.9 308 306.4 300 297.3 320.2 373.4 406.2 419.5 406.8 438.8 494.8 499.1 503.3 498.7 473.3 416.3 345.9 283.9 241.8 218.9 242.2 403.1 505.4 444.5 374.8 334.1 313.2 292 276.9 261.1 239.4 220.4 211 221.8 240 252.4 256.3 254.9 249.2 243.4 238.8 241.7 252.1 264.6 277.7 288.1 293.2 297.5 300.3 302.6 306.8 308.8 308.6 307.9 303 295.3 285 269.4 254.4 238.6
1290 1262.8 1145.4 910.6 623.8 423.9 345.1 298.6 270.2 298.1 298.8 301 286.8 303.6 277.5 296.6 326.5 351.2 352.9 368.3 403.4 440.4 451.3 450.2 451.7 452.2 450.3 451 452.2 449.8 434.8 408 368.1 338.3 327.6 340.8 381.8 443.4 477.6 461.7 422.7 390.1 361.6 333 303.9 276.6 254.3 244 242.5 251.6 267.2 280.5 277.2 273.6 270.6 268.6 271.9 283.1 298.4 312.5 323.2 333.2 338.5 347.3 349.3 348.7 344.5 337.7 328.1 317.9 308.6 303 289.7 272.7 251.9 231
2319.1 2395.1 2545.8 2464.8 2184.7 1731.8 1198.9 689.9 482.5 486.9 526.6 543.1 458.3 364.3 288.5 299.3 344.7 346.4 320 362.1 441.5 498.5 500.1 474.5 444.7 407.3 384.1 400.1 414.2 422.6 425.2 426.8 421.6 416.8 415.9 428.6 446.8 458.1 454 444.4 431.5 415.4 393.1 360.8 317.6 283.9 258.8 257.4 257.5 264 274.8 284 285.5 281 281.2 287.4 299.7 316.9 336.3 351 356.8 357.8 362.4 368.3 371.1 372.8 372.6 360.5 336.5 314.6 295 282.9 277.6 273.9 263.1 247.7
-9999 -9999 2926.5 3193.3 -9999 3015.4 2496.2 1609 944.3 783.7 705.7 860.1 957.1 1003.2 806.2 475.3 373.2 344.9 354.8 397.4 464.5 521.6 531.3 525.7 493.1 440.2 413.2 410.2 414.2 418.7 426.3 439.9 455.2 468.8 477 479.4 477.2 473.7 469.5 463.4 456.1 447.1 432.7 410.2 359.6 307.4 284.1 274.7 271.5 271.1 271.6 272.1 272.7 274.5 277.8 286.4 299.5 318.6 337.8 352 359.7 361.7 368 374.2 379.9 384 389.5 376.7 336.5 293.6 270 263.9 266.1 272.7 278.8 281.1
-9999 -9999 -9999 -9999 -9999 -9999 2822.2 1993.7 1277.5 1058.7 1061.8 999.7 1175.4 1457.6 1123.9 725.3 551.8 501.9 504.6 509.6 534.4 541.8 579.7 629.7 623.5 379.6 400.5 412.9 419.9 430.6 447.1 464.8 483.3 509.9 538.4 553 538.2 506.3 480.4 469.3 463.6 453.7 435.8 407 370.7 329.3 306.4 294.2 288.4 281.2 276.2 269.5 262.8 258.1 258.3 268 282.4 303.2 325.7 343.8 356.3 364.9 372.1 376.8 380.3 380 376.5 354.2 305.2 245.7 239.9 256.7 263.9 275.4 289.4 305.7
-9999 -9999 -9999 -9999 -9999 -9999 -9999 -9999 1826.6 1775 1673.4 -9999 1399.8 1461.1 1749.8 2020 1877.2 1965.8 2043.9 1584.1 890 481.7 409 407.4 408.2 402.7 394.8 403.6 414.2 431.7 453 471 492 537.1 609.1 669.9 615.2 528.9 469.4 451.1 458.3 450.8 431.2 400.1 360.6 328.9 312.1 300.1 292.9 287.1 278.2 262 249.6 246.5 245.8 252.5 266.4 292.8 321.4 344.1 352.7 349.9 363.2 381.2 395.9 393.6 371.8 341.6 307.8 284.5 276.1 278.4 287.3 299.8 312.7 323.8
-9999 -9999 -9999 -9999 -9999 -9999 -9999 -9999 -9999 -9999 -9999 -9999 1650 1586.6 1773.9 2651.6 3637.3 3231.3 2681.5 1562.7 698 383.6 321.4 326.1 332.5 354.6 367.8 373.9 385.5 405.8 432.2 460 491.1 532.1 576.2 605.2 592 551.8 513.5 486.3 466.8 448.6 425.1 393 356.2 332.2 319.5 312.2 303.6 291.3 268 240.6 247.6 255 259.3 267 289.1 319.6 343.1 367.7 393.3 403.9 392.2 402.4 420.2 419.3 395.3 368.6 345.5 327.7 321.1 322.5 328.5 335.9 341 338.8
-9999 -9999 -9999 -9999 -9999 -9999 -9999 -9999 -9999 -9999 -9999 -9999 2444 -9999 -9999 2193 -9999 2808.7 2298.5 1170.7 603.3 405.7 363.8 370.9 368 382.2 390.5 365.7 355.7 358.6 375.7 397.5 423.3 455.4 488.7 511.2 527.9 531.9 514.7 481 445 417.1 402.8 385.3 361 340.3 330.5 321.8 291.1 319 297.5 288 288.8 290.4 291.6 302.2 333.7 365.2 383.4 396.8 407.2 411.6 413.2 414.5 418.1 418.6 414.9 399.4 382.7 366.1 353.9 350.1 350.4 354.3 361.9 375.7
-9999 -9999 -9999 -9999 -9999 -9999 -9999 -9999 -9999 -9999 -9999 -9999 2370.2 2354.8 -9999 1559.2 -9999 1565.2 1942.1 1700.9 1183.2 863.2 667.2 559.2 560.5 587.5 587.8 531.5 396.2 331.8 332.6 345.5 366.5 386.5 406.9 426.2 456.6 487.4 501.4 466.9 412.6 388.9 393.1 388 368.8 352.4 349.4 347.6 330.2 279.6 323.2 333.5 335.8 340 346.2 361.3 390 412.5 420.5 423.3 417.9 423.1 432.7 438.6 441.8 441.8 437 421.5 403.1 384.4 367.9 357.4 346.4 352.4 366.2 375.9
-9999 -9999 -9999 -9999 -9999 -9999 -9999 -9999 -9999 -9999 -9999 -9999 -9999 2583.2 2669 1951.5 1639.2 -9999 -9999 2090.1 1943.4 1681.8 1567.8 1352.7 1168.7 1211.8 1220.7 1142.2 736.5 377.9 359.5 358.6 355.8 353.6 353 360.7 382.3 406.3 420.4 427.6 455.2 411.9 397.8 393.2 376.8 342.7 329.2 353.2 405.6 401.6 356.5 350.5 381.3 414.9 426.5 426 427.4 431.7 438.8 439.2 438.3 435.7 452.5 462.1 464 463.1 455.8 442.7 426.7 412.1 398.4 387.7 384.4 384.6 381.5 388.8
-9999 -9999 -9999 -9999 -9999 -9999 -9999 -9999 -9999 -9999 -9999 -9999 -9999 -9999 2586.6 2553.6 -9999 2518.7 -9999 2329.5 2376.4 2346.5 2084.7 1932.2 1832.6 1686.7 1486.2 1076.5 613.8 478.4 456.4 426.9 401.1 384.9 372.1 352.8 340.4 368.5 383.8 379.9 367.8 386.1 382.1 426.6 424.8 337.3 280.6 265.7 270.8 223.9 265.8 318.8 370.4 406.3 423.1 418.6 405.3 408.9 420.7 436.5 455.8 496.3 510.2 491.1 479.3 473.4 467.8 456.6 444.6 436 426.8 419.3 412 405.3 404.1 409
-9999 -9999 -9999 -9999 -9999 -9999 -9999 -9999 -9999 -9999 -9999 -9999 -9999 -9999 -9999 -9999 -9999 2373.7 2165.1 2289.8 -9999 3101 -9999 1969.2 1756.7 1689.5 1202.1 650 483 484.4 483.1 454 435 428 423.7 401 375.6 417.6 464.8 431.9 328 354.1 405.1 247.3 344.7 370.5 298.5 266.2 235.9 270.7 288.3 302.5 332.5 353.4 361.8 366.3 369.3 363.7 382.8 412.9 452.7 479.2 482 476.3 467.5 465.2 463.6 440 456.1 453.6 447.9 441.8 432.4 424.7 421.2 417.7
-9999 -9999 -9999 -9999 -9999 -9999 -9999 -9999 -9999 -9999 -9999 -9999 -9999 -9999 -9999 -9999 -9999 2378.6 933.7 -9999 -9999 2899.6 2582.3 1743.9 1632.2 1067 852.8 605 467.6 594.9 494.9 424.6 430.2 465.3 520.1 542 506.7 473.8 507.1 517.8 499.2 481.5 422.8 365.8 404.2 391.5 351.6 261.6 314.9 350.9 358.1 304.3 307.2 314.2 325.6 351.5 364.4 352.5 379.7 401.1 411.3 412.2 417.5 431.8 443.4 449.6 452.1 461.1 470.2 462.5 457.7 446.4 425.2 421.4 426.3 427
-9999 -9999 -9999 -9999 -9999 -9999 -9999 -9999 -9999 -9999 -9999 -9999 -9999 -9999 -9999 -9999 -9999 -9999 -9999 2291.6 -9999 -9999 -9999 1816.6 1756.3 1116.5 626.3 888.3 550.8 355.7 320.5 420.7 417.3 433.2 480.6 524.5 467.1 468.4 522.3 555.4 539 492.2 456 404.2 393.7 427.1 402 404.9 420.3 412 384.1 340.8 285.7 258.6 280.2 326.4 366.4 358 367.1 426.4 417.8 395.2 398.2 428.4 437.9 437.1 438.9 441 442.4 448.9 464.5 471.5 462.6 457.5 461.6 457.5
-9999 -9999 -9999 -9999 -9999 -9999 -9999 -9999 -9999 -9999 -9999 -9999 -9999 -9999 -9999 -9999 -9999 -9999 -9999 -9999 -9999 -9999 -9999 2012 2433.7 2162.8 1930.3 1878.3 1426.1 388.2 338.9 560.9 423.7 436.3 456.9 457.2 451.8 480.4 519 638.1 701.1 710.6 746.8 672.8 542.4 499.6 503.1 497.2 506 484.9 464.4 435.3 409.9 258.7 213.4 352.8 378.3 345.8 363.2 421.7 392.4 374.8 406.7 436.8 432.7 422.8 448.4 440.6 449.4 474.4 493.1 495.6 507.1 515.5 506 479.3
-9999 -9999 -9999 -9999 -9999 -9999 -9999 -9999 -9999 -9999 -9999 -9999 -9999 -9999 -9999 -9999 -9999 -9999 1710.3 -9999 -9999 -9999 -9999 1996.1 3026.9 3103.4 2549.2 2204.8 2073.3 1481.4 567 400 433.7 448.3 469.2 477.7 470.5 467.1 423.3 503.7 671.2 742 865.3 774.8 629.8 511 503.5 462.6 453.3 461.4 459.4 437.9 426.4 395.1 433.8 436.3 385 375.9 455.7 423.4 423.1 325.3 351.1 401.6 393.3 399.5 422.4 464.5 490.7 528 532.6 521.4 569.1 568.6 533.5 484.7
-9999 -9999 -9999 -9999 -9999 -9999 -9999 -9999 -9999 -9999 -9999 -9999 -9999 -9999 -9999 -9999 -9999 -9999 -9999 2097.5 -9999 -9999 -9999 -9999 -9999 3967.8 3996.5 3608.4 2703.7 1969.9 976.2 582.7 486.3 466.1 467.1 457.3 465.3 462.1 468.2 560.5 915.7 939.6 814.4 636 603.5 554.4 467.5 392 530.2 505.7 527.1 465 431.2 433.6 502.6 372.3 347.1 310.5 314.7 352.2 391.7 371.4 330.1 366 431.3 464.8 482.3 524.9 531.7 530.1 536.3 584 653.5 573.1 513.1 464.2
-9999 -9999 -9999 -9999 -9999 -9999 -9999 -9999 -9999 -9999 -9999 -9999 -9999 -9999 -9999 -9999 -9999 -9999 -9999 -9999 3706.4 -9999 -9999 -9999 -9999 3598.4 4304.7 4262 3608.5 2638 1668.1 1171.2 920.1 688.1 404.1 355.3 401.4 430.4 435.2 497.6 739 878.7 813.2 683.8 707.6 521.5 499 372.5 369.6 432.9 457.8 438.8 442.8 444.4 432.6 403.8 309.7 348.4 332.7 359.2 313.3 359.3 363.3 353.6 381.8 493.5 521.8 487.1 487.7 451.3 513.7 499.2 511.8 507.5 453.3 457.6
-9999 -9999 -9999 -9999 -9999 -9999 -9999 -9999 -9999 -9999 -9999 -9999 -9999 -9999 -9999 -9999 -9999 -9999 -9999 -9999 -9999 2720.7 -9999 -9999 -9999 -9999 -9999 -9999 -9999 2469.6 1659.3 946.9 781.7 526.2 389.5 367.7 334.1 303.4 405.6 473.8 600 683.4 987.4 911.3 760.9 811.3 1067.1 993 664.6 518 492.1 451.8 456.1 460.5 424.3 462.3 544.3 451.6 436.9 387.5 351 409.1 395.6 372.3 407 374.2 347.1 438.6 465.5 404.5 386 467.2 459.8 490.3 499.8 509.7
-9999 -9999 -9999 -9999 -9999 -9999 -9999 -9999 -9999 -9999 -9999 -9999 -9999 -9999 -9999 -9999 -9999 -9999 -9999 -9999 -9999 -9999 -9999 -9999 -9999 -9999 -9999 -9999 2794 2696.7 2168.2 1300.9 612.9 368.9 315 323.7 317.7 321.7 350.7 427.3 450.9 580.7 584.3 584.9 500.2 750.7 1225.7 1359.8 1414.6 1065.8 758.9 721.5 640.4 560.6 404.7 476.9 439.8 408.9 421.6 406 401.1 315.8 185.8 373.6 359.9 411.8 401.2 365.9 376.8 412.3 431.7 444.4 429.9 405.7 485.7 513.1
-9999 -9999 -9999 -9999 -9999 -9999 -9999 -9999 -9999 -9999 -9999 -9999 -9999 -9999 -9999 -9999 -9999 -9999 -9999 -9999 -9999 -9999 -9999 -9999 -9999 -9999 -9999 -9999 2364 2128.8 2122.3 2194.6 1459.5 710.3 383.7 332.7 362.8 425.3 440.4 394.8 430.2 455.2 530.2 490 527.8 880.8 992.5 1253 2241.1 1254.6 714.5 761.7 525.7 532.6 591.1 462.7 388.2 374 371.3 364.5 308.5 276.1 307.3 301.8 330.4 387 375.4 379.1 401.5 453.4 467.5 483.7 471.5 505.7 586.5 581.3
-9999 -9999 -9999 -9999 -9999 -9999 -9999 -9999 -9999 -9999 -9999 -9999 -9999 -9999 -9999 -9999 -9999 -9999 -9999 -9999 -9999 -9999 -9999 -9999 -9999 -9999 -9999 2416 2002 -9999 -9999 1544.5 1627 1734.9 1748.4 2156 1282.6 852.2 675.7 468.4 286.9 192.3 346 379.7 519.5 478.9 663.7 795.7 1132 1116.7 969.3 430.2 482.8 583.1 621.5 419.1 432.1 267.1 363.6 326.6 332.2 395.3 372.1 325.8 350.7 373.9 370.3 384.5 404.4 428.4 471.3 498.8 553.6 573.7 620.8 579.1
-9999 -9999 -9999 -9999 -9999 -9999 -9999 -9999 -9999 -9999 -9999 -9999 -9999 -9999 -9999 -9999 -9999 -9999 -9999 -9999 -9999 -9999 -9999 -9999 -9999 -9999 -9999 -9999 -9999 2941.1 3090.3 1864.5 1574.7 1603.8 1329.6 1978 2545.1 1762.1 993 693.6 379.9 333.8 259.7 329.6 404.1 360.1 576.6 701.6 801 820 761.3 421.7 385.7 549.2 608.1 578.7 425.7 330.8 329.7 326.9 324.9 364.3 377.7 356.7 355 362.5 424 416.4 382.6 395.9 427.7 499.1 501.6 522 414.2 516.7
-9999 -9999 -9999 -9999 -9999 -9999 -9999 -9999 -9999 -9999 -9999 -9999 -9999 -9999 -9999 -9999 -9999 -9999 -9999 -9999 -9999 -9999 -9999 -9999 -9999 -9999 -9999 -9999 -9999 -9999 3110.6 2825.8 2101.4 1401.6 -9999 -9999 1538 2390.5 2269 3345.7 1438.3 1305.6 495.7 558.3 423.8 568.4 623.8 803.7 797.2 891.3 869.7 575.5 421.2 520.6 522.7 454.5 543.8 438.6 416.8 415.9 394.5 387.8 392.1 435 465.9 466.3 426.2 460.2 393.7 399.7 419.7 430.4 426.7 450.7 490.7 495.7
