datasets/global_precipitation_1950_2017/rasters/precip_1951-total.asc
NCOLS 720 
NROWS 347 
XLLCORNER -180 
YLLCORNER -90 
CELLSIZE 0.5 
NODATA_value -9999 
[rows 0 to 33 of 347, columns 532 to 607 of 720]
-9999 -9999 -9999 -9999 -9999 -9999 -9999 -9999 -9999 -9999 -9999 -9999 -9999 -9999 -9999 -9999 -9999 -9999 -9999 -9999 -9999 -9999 -9999 -9999 -9999 -9999 -9999 -9999 -9999 -9999 -9999 -9999 -9999 -9999 -9999 -9999 -9999 -9999 -9999 -9999 -9999 -9999 -9999 -9999 -9999 -9999 -9999 -9999 -9999 -9999 -9999 -9999 -9999 -9999 -9999 -9999 -9999 -9999 -9999 -9999 -9999 -9999 -9999 -9999 -9999 -9999 -9999 -9999 -9999 -9999 -9999 -9999 -9999 -9999 -9999 -9999
-9999 -9999 -9999 -9999 -9999 -9999 -9999 -9999 -9999 -9999 -9999 -9999 -9999 -9999 -9999 -9999 -9999 -9999 -9999 -9999 -9999 -9999 -9999 -9999 -9999 -9999 -9999 -9999 -9999 -9999 -9999 -9999 -9999 -9999 -9999 -9999 -9999 -9999 -9999 -9999 -9999 -9999 -9999 -9999 -9999 -9999 -9999 -9999 -9999 -9999 -9999 -9999 -9999 -9999 -9999 -9999 -9999 -9999 -9999 -9999 -9999 -9999 -9999 -9999 -9999 -9999 -9999 -9999 -9999 -9999 -9999 -9999 -9999 -9999 -9999 -9999
-9999 -9999 -9999 -9999 -9999 -9999 -9999 -9999 -9999 -9999 -9999 -9999 -9999 -9999 -9999 -9999 -9999 -9999 -9999 -9999 -9999 -9999 -9999 -9999 -9999 -9999 -9999 -9999 -9999 -9999 -9999 -9999 -9999 -9999 -9999 -9999 -9999 -9999 -9999 -9999 -9999 -9999 -9999 -9999 -9999 -9999 -9999 -9999 -9999 -9999 -9999 -9999 -9999 -9999 -9999 -9999 -9999 -9999 -9999 -9999 -9999 -9999 -9999 -9999 -9999 -9999 -9999 -9999 -9999 -9999 -9999 -9999 -9999 -9999 -9999 -9999
-9999 -9999 -9999 -9999 -9999 -9999 -9999 -9999 -9999 -9999 -9999 -9999 -9999 -9999 -9999 -9999 -9999 -9999 -9999 -9999 -9999 -9999 -9999 -9999 -9999 -9999 -9999 -9999 -9999 -9999 -9999 -9999 -9999 -9999 -9999 -9999 -9999 -9999 -9999 -9999 -9999 -9999 -9999 -9999 -9999 -9999 -9999 -9999 -9999 -9999 -9999 -9999 -9999 -9999 -9999 -9999 -9999 -9999 -9999 -9999 -9999 -9999 -9999 -9999 -9999 -9999 -9999 -9999 -9999 -9999 -9999 -9999 -9999 -9999 -9999 -9999
-9999 -9999 -9999 -9999 -9999 -9999 -9999 -9999 -9999 -9999 -9999 -9999 -9999 -9999 -9999 -9999 -9999 -9999 -9999 66.2 -9999 -9999 -9999 -9999 -9999 -9999 -9999 -9999 -9999 -9999 -9999 -9999 -9999 -9999 -9999 -9999 -9999 -9999 -9999 -9999 -9999 -9999 -9999 -9999 -9999 -9999 -9999 -9999 -9999 -9999 -9999 -9999 -9999 -9999 -9999 -9999 -9999 -9999 -9999 -9999 -9999 -9999 -9999 -9999 -9999 -9999 -9999 -9999 -9999 -9999 -9999 -9999 -9999 -9999 -9999 -9999
-9999 -9999 -9999 -9999 -9999 -9999 -9999 -9999 -9999 -9999 -9999 -9999 -9999 67.7 -9999 67.4 67.6 69.3 67.8 68.2 68.9 69.3 69.8 70.2 -9999 -9999 -9999 -9999 -9999 -9999 -9999 -9999 -9999 -9999 -9999 -9999 -9999 -9999 -9999 -9999 -9999 -9999 -9999 -9999 -9999 -9999 -9999 -9999 -9999 -9999 -9999 -9999 -9999 -9999 -9999 -9999 -9999 -9999 -9999 -9999 -9999 -9999 -9999 -9999 -9999 -9999 -9999 -9999 -9999 -9999 -9999 -9999 -9999 -9999 -9999 -9999
-9999 -9999 -9999 -9999 -9999 -9999 -9999 -9999 -9999 -9999 -9999 -9999 68.5 68.5 -9999 68.4 68.4 69.5 69.4 70.1 71 71.6 72.5 -9999 -9999 -9999 -9999 -9999 -9999 -9999 -9999 -9999 -9999 -9999 -9999 -9999 -9999 -9999 -9999 -9999 -9999 -9999 -9999 -9999 -9999 -9999 -9999 -9999 -9999 -9999 -9999 -9999 -9999 -9999 -9999 -9999 -9999 -9999 -9999 -9999 -9999 -9999 -9999 -9999 -9999 -9999 -9999 -9999 -9999 -9999 -9999 -9999 -9999 -9999 -9999 -9999
-9999 -9999 -9999 -9999 -9999 -9999 -9999 -9999 -9999 -9999 -9999 -9999 -9999 65.7 66.4 -9999 69 70 71.6 73 74.6 -9999 77.5 78.3 77.8 77.2 76.1 74.3 -9999 -9999 -9999 -9999 -9999 -9999 -9999 -9999 -9999 -9999 -9999 -9999 -9999 -9999 -9999 -9999 -9999 -9999 -9999 -9999 -9999 -9999 -9999 -9999 -9999 -9999 -9999 -9999 -9999 -9999 -9999 -9999 -9999 -9999 -9999 -9999 -9999 -9999 -9999 -9999 -9999 -9999 -9999 -9999 -9999 -9999 -9999 -9999
-9999 -9999 -9999 -9999 -9999 -9999 -9999 -9999 -9999 -9999 -9999 -9999 -9999 -9999 -9999 -9999 -9999 77 80.2 83 86.7 90.1 92.3 93.8 94.1 92.2 89.8 -9999 -9999 -9999 -9999 67.3 -9999 63.9 -9999 -9999 -9999 -9999 -9999 -9999 -9999 -9999 -9999 -9999 -9999 -9999 -9999 -9999 -9999 -9999 -9999 -9999 -9999 -9999 -9999 -9999 -9999 -9999 -9999 -9999 -9999 -9999 -9999 -9999 -9999 -9999 -9999 -9999 -9999 -9999 -9999 -9999 -9999 -9999 -9999 -9999
-9999 -9999 -9999 -9999 -9999 -9999 -9999 -9999 -9999 -9999 -9999 -9999 -9999 -9999 -9999 -9999 -9999 -9999 -9999 -9999 -9999 -9999 -9999 -9999 -9999 -9999 -9999 -9999 -9999 102.4 94 89.9 86.7 85.7 84.2 83.1 81.9 81.2 80.4 -9999 -9999 -9999 -9999 -9999 -9999 -9999 -9999 -9999 -9999 -9999 -9999 -9999 -9999 -9999 -9999 -9999 -9999 -9999 -9999 -9999 -9999 -9999 -9999 -9999 -9999 -9999 -9999 -9999 -9999 -9999 -9999 -9999 -9999 -9999 -9999 -9999
-9999 -9999 -9999 -9999 -9999 -9999 -9999 -9999 -9999 -9999 -9999 -9999 -9999 -9999 -9999 -9999 -9999 -9999 -9999 -9999 -9999 -9999 -9999 -9999 -9999 -9999 -9999 -9999 107.1 103.4 99.5 96.8 94.1 92.8 92.2 88.9 -9999 -9999 -9999 -9999 73.9 -9999 -9999 -9999 -9999 -9999 -9999 -9999 -9999 -9999 -9999 -9999 -9999 -9999 -9999 -9999 -9999 -9999 -9999 -9999 -9999 -9999 -9999 -9999 -9999 -9999 -9999 -9999 -9999 -9999 -9999 -9999 -9999 -9999 -9999 -9999
-9999 -9999 -9999 -9999 -9999 -9999 -9999 -9999 -9999 -9999 -9999 -9999 -9999 -9999 -9999 -9999 -9999 -9999 -9999 -9999 -9999 -9999 -9999 -9999 -9999 -9999 -9999 -9999 -9999 -9999 -9999 -9999 -9999 -9999 -9999 -9999 -9999 -9999 -9999 -9999 -9999 -9999 -9999 -9999 -9999 -9999 -9999 -9999 -9999 -9999 -9999 -9999 -9999 -9999 -9999 -9999 -9999 -9999 -9999 -9999 -9999 -9999 -9999 -9999 -9999 -9999 -9999 -9999 -9999 -9999 -9999 -9999 -9999 -9999 -9999 -9999
-9999 -9999 -9999 -9999 -9999 -9999 -9999 -9999 -9999 -9999 -9999 -9999 -9999 -9999 -9999 -9999 -9999 -9999 -9999 -9999 -9999 -9999 -9999 -9999 -9999 -9999 -9999 -9999 -9999 -9999 -9999 -9999 99.1 97.1 95.3 92 86.8 79.8 70.9 -9999 -9999 -9999 -9999 -9999 -9999 -9999 -9999 -9999 -9999 -9999 -9999 -9999 -9999 -9999 -9999 -9999 -9999 -9999 -9999 -9999 -9999 -9999 -9999 -9999 -9999 -9999 -9999 -9999 -9999 -9999 -9999 -9999 -9999 -9999 -9999 -9999
-9999 -9999 -9999 -9999 -9999 -9999 -9999 -9999 -9999 -9999 -9999 -9999 -9999 -9999 -9999 -9999 -9999 -9999 -9999 -9999 -9999 -9999 -9999 -9999 -9999 -9999 -9999 -9999 -9999 -9999 116.3 115.2 111.7 108.6 105.4 101.9 97.2 92.4 89.6 87.8 86.2 86.8 -9999 -9999 -9999 -9999 -9999 -9999 -9999 -9999 130.4 -9999 -9999 -9999 -9999 -9999 -9999 -9999 -9999 -9999 -9999 -9999 -9999 -9999 -9999 -9999 -9999 -9999 -9999 -9999 -9999 -9999 -9999 -9999 -9999 -9999
-9999 -9999 -9999 -9999 -9999 -9999 -9999 -9999 -9999 -9999 -9999 -9999 -9999 -9999 -9999 -9999 -9999 -9999 -9999 142.5 136.1 -9999 -9999 -9999 -9999 -9999 -9999 158.7 154.2 149.4 145.6 142.7 140.5 138.7 136.4 133.3 126.9 120 115 109.7 106.6 107.7 108 108.1 108.8 110.2 112 112.2 113.8 113.7 112.1 110.4 108.2 -9999 -9999 -9999 -9999 -9999 -9999 -9999 -9999 -9999 -9999 -9999 -9999 -9999 -9999 -9999 -9999 -9999 -9999 -9999 -9999 -9999 -9999 -9999
-9999 -9999 -9999 -9999 -9999 -9999 -9999 -9999 -9999 -9999 -9999 -9999 -9999 137.2 140.2 143.2 145.3 146.6 147.6 146.9 148.7 150.9 153.8 158.4 162.3 166.7 170.8 174.3 177.1 180.4 183.6 186.2 189.9 192.6 193.7 192.4 189.6 183.6 173.5 161.7 148 133.3 123.8 117.8 114.5 112.4 110.7 109.6 108.6 106.9 105 102.7 101.8 100.7 100.7 102.9 -9999 -9999 -9999 -9999 -9999 -9999 -9999 -9999 -9999 -9999 -9999 -9999 -9999 -9999 -9999 -9999 -9999 -9999 -9999 -9999
-9999 -9999 -9999 -9999 -9999 131 132.9 134.4 136 137.8 139.5 141.8 144.3 147.2 150.9 154.6 158.3 162.5 166.9 171.8 177.9 185 190.1 196.9 203.4 210.5 216.2 222.3 225.7 228.9 231.9 232.9 233 231.5 229.5 230.4 227.1 219.7 207.1 190.6 173.9 157.1 142.7 131.3 122.7 116.3 112.7 110.1 108.8 107.7 106.6 106 106 106.5 108.1 -9999 -9999 -9999 -9999 -9999 -9999 -9999 -9999 -9999 -9999 -9999 -9999 -9999 -9999 -9999 -9999 -9999 -9999 -9999 -9999 -9999
-9999 -9999 138.5 138.1 140.5 142.7 145.3 147.5 149.5 153.1 156.2 160.1 164.1 168.5 173.3 179.5 184.8 192.3 200 207.9 216.6 224.4 233.6 241.8 252.2 259.8 264.9 271.9 275.6 277.9 275.9 270.9 264 256.7 252 246.8 240.6 228.4 218.5 205.5 189.5 173.1 157.7 144.2 133.5 124.8 118 112.7 107.8 103.6 100.1 96.1 -9999 -9999 -9999 -9999 -9999 -9999 -9999 -9999 -9999 -9999 -9999 -9999 -9999 -9999 -9999 -9999 -9999 -9999 -9999 -9999 -9999 -9999 -9999 -9999
-9999 160.1 159.9 160.8 162.1 164 166.7 168.6 171 174.5 178.3 182.1 186.7 191.4 198.3 205.7 213.2 221.6 230.5 239.3 246.5 258.2 266.9 274.7 278.9 285.6 291.9 298.7 305.7 310.2 308 298.6 286.8 275.5 265.6 255.4 244.7 232.7 220 206.6 193.4 180.4 167.6 155.9 144.4 135.6 126.9 117.9 -9999 -9999 -9999 98.7 95.9 94.5 -9999 -9999 -9999 -9999 -9999 -9999 -9999 -9999 -9999 -9999 -9999 -9999 -9999 -9999 -9999 -9999 -9999 -9999 -9999 -9999 -9999 -9999
182.1 185.8 186.8 184.2 184.4 185.7 188 190.4 194.1 197.8 201.1 206.6 211.2 217.4 223.3 228.7 236.4 243.7 250 256.8 264 270.6 274.9 278.4 278.5 279.5 284 286.5 284.8 286.1 282.8 278 271.2 262.8 253.3 244 233.6 223.6 212.8 202.6 192.1 181.8 172.8 165.6 161.8 -9999 -9999 167 149.2 -9999 119.1 -9999 -9999 -9999 111.5 -9999 -9999 -9999 -9999 -9999 -9999 -9999 -9999 -9999 -9999 -9999 -9999 -9999 -9999 -9999 -9999 -9999 -9999 -9999 -9999 -9999
202.8 205.4 205 204.4 203.9 203.5 203.3 206.5 213.5 222.4 230 236.9 245.8 254.3 260.9 265.9 268.8 272.4 273.3 275.3 275.6 275.7 275.3 273.7 272.5 270.2 267.5 263.3 258.8 254.2 250.1 245.1 238.7 235.1 229.4 222.3 214.7 207.4 200.9 193.8 -9999 -9999 -9999 -9999 -9999 157 154.2 153.4 152.7 149.5 145.3 140.8 136.4 134.4 132.9 131 129.7 128.6 127.8 127.3 126.7 125.6 124.4 123.1 121.5 -9999 -9999 -9999 -9999 -9999 -9999 -9999 -9999 -9999 -9999 83
235.8 236.8 239.6 242.3 242.8 247.3 254 261.2 270.7 280.7 289.7 296.6 302.1 305.7 308.9 307.4 306.7 308 303.5 298.6 297.2 292.7 288.5 283.9 278.3 272 264.7 256.9 248.2 239 231.8 224.9 217.8 211.8 206.8 202.7 199 196.2 192.2 189 184.4 179.4 175.1 170.4 164.8 161.4 158.4 158.3 154.6 153.2 152 150.8 149.1 148.4 147.4 146.4 145.5 144.7 143.4 142.3 140.8 138.7 138.5 137.5 137.5 139.3 141.9 145.7 144.6 140.4 134.8 129.3 125.8 124.5 119.9 118.7
276.9 296.1 307 327 345.2 363.6 379.2 389.3 392.6 391.2 386.5 380.5 371.7 366.2 360 354.2 347.5 339.5 331.1 325.1 317.8 309.7 304.1 296.7 290.7 284.4 277.4 270.3 262.4 254 243.8 225.8 210.9 194.5 188.6 188.3 189.5 190.8 191 189.4 188.1 185.1 182 177.8 173.1 170.9 165.2 161.8 161.4 157.8 156.9 156.1 155.6 155.7 156.7 156.4 156.6 155.7 156.4 154.5 154 152.9 151.8 151.3 152 152.2 155.5 156.1 158.2 160.1 160.1 160.4 155.4 160 159.3 158.5
345.5 385 432 470.2 505.9 537.5 531.3 533.3 530 517.1 495.1 468.6 443.8 420.7 399.2 380.8 365.3 354.1 346.5 341.5 334.7 327.3 320.7 315.6 309 302.3 295.1 289.3 284.8 280.9 278.4 276.9 267.6 232.9 217.3 209.3 206 204.2 202.1 200.3 198.3 195.2 191.2 188 183.4 180.8 174.5 171.5 169 168.6 165.4 162.7 161.1 157.8 155.9 153.7 154.9 158.8 161.2 163.2 164.9 167 168.4 169.8 171.4 173.6 176.9 180.5 184.1 185.9 186.9 187.5 185.2 186.5 183 182.9
412.2 467.7 523.7 586.5 645.8 705.2 740.6 753.4 731.3 682.7 623.2 564.7 504.5 447.4 401 367.1 347.2 346 349.7 351.9 350.1 345.1 337.7 330 322.6 315.3 308.1 299.6 293.1 287.3 281.9 274.9 266.5 241.1 236 230.6 226.4 221.7 219.4 216.2 212.3 209.6 205.2 202.9 198.1 195.5 192.8 190.4 187.1 186.9 185.1 183.1 181 179.6 180.1 179.6 180.5 181.9 183.3 184.3 186.5 188.7 191.3 193.6 195.7 199.1 203.6 208 213 215.9 218.1 218.8 218.7 220.4 223.2 223.6
416.3 480.6 512.9 584.5 666.9 750.4 817.3 861.2 841.6 764.7 677.2 596 531.8 467.9 429 404.4 392.8 389.8 385 380.3 374 365.4 355 344 333.3 323 313 303.9 297.6 290.3 283.1 277.7 272.1 252.6 248 245.5 242.8 240.5 238 235.4 234.3 230.5 227.8 225.1 222.6 220 218.9 218.2 215.7 217.1 215.6 215.5 216.3 215.7 216.5 217.2 217.8 218 218 219.5 221.5 223.5 225.8 228.3 230.2 234.8 239.4 243.7 247.8 250.8 252.6 254.3 255 257.3 260.5 263
372.6 404 443.8 490.4 527.3 570 605.3 630.3 636.9 622.3 593.2 558.5 515.4 490 465 446 430.5 418.8 407.5 398.5 387.4 375.5 363.1 349.7 338 326.4 315.7 305.8 296.6 289.4 283.6 279 274.5 264.6 263.2 261.8 260.3 259.7 258.8 258 257 256.3 255.2 253.9 252.7 252.3 252.3 253 253.1 253.1 252.3 249.9 248.8 247 245 243.4 244.8 247.4 251 254.7 258.6 262.2 266.1 270.1 272.7 274.8 276.8 278.5 279.5 279.6 279.7 278.6 277.4 276.7 276.7 276.5
335.8 340.1 366.4 395.5 420.9 444.5 468.6 486 500.9 503.5 508 499.5 488.8 478.5 466 453.3 441.2 428.3 415.1 400.8 385.9 373.1 358.4 346 333.9 322.2 312.7 305.3 297.5 291.1 285.6 281.6 277.6 274.2 271.6 271 271.2 271.5 272.3 273.5 275.8 275.9 277.5 278.5 279.4 280 280.8 281.9 282 282.8 282.4 280.7 279.1 276.2 273.5 271.8 272.5 275.3 280.3 286.3 292.5 298.6 303.2 307 307.6 307.6 304.8 301.4 297.7 294.3 290.6 287 282.5 278.4 274.1 272
409.9 371.8 381.3 397.5 404.7 411.6 423.1 435.7 447.5 456.6 462.7 464.9 464.6 462.1 456.5 449.4 439.5 424.4 406.9 395.4 378.8 363.2 347.4 336.2 327.4 316.7 310.4 304.5 299 294.1 289.8 284.9 281 276.5 274.9 274.5 274.4 276.5 278.9 281.7 285.3 287.3 290.7 293.5 295.5 297.8 300.2 302.3 304.7 306 307.8 308.7 308 308 307.4 307 307 308.8 312.7 318.1 324.8 332 338.1 340 336.8 329.5 320.4 312.4 305.3 298.5 291.5 285 277.5 270.6 264.3 259.6
448.5 445.8 440 436.7 436.2 436.5 437 438.6 445.8 450.5 453.9 456.5 456 456.3 454 450.9 444.1 429.8 410.7 389.8 370.1 353.5 340.9 331.1 322.6 315.6 308.8 303.5 299.4 296.3 293.3 283.6 279.4 274.1 272.1 271.9 273.9 278 281.6 285.6 289.3 292.9 296.6 300.5 304.2 308.3 312.3 315.4 318.8 321.8 323.5 323.6 324 329.2 331.2 330.7 329.8 330 330.8 333 336 340.2 345.2 348.2 328.5 311.8 306.7 303.5 299.6 295.2 289.4 282.7 274.5 266.2 258 250.9
471.8 479.7 487.4 495.1 490.5 480.6 472.2 466.2 462.2 462.2 462.8 464.3 465.6 468.9 469 468.4 466.9 455.3 437 415.2 390.3 369.3 351.7 337.9 325.6 315.8 307.9 302.4 297.9 286.9 284.2 281.2 275.2 269.4 269.4 271.1 274.1 277.7 283.2 288.3 292.7 297.3 302.2 307.2 310.9 315.7 319.9 324.9 329.2 333.2 336.6 340.5 345 346.5 345.6 342.9 341.2 339.4 337.4 334.7 331.2 326 318.6 308.9 299.5 295.7 295.5 296.2 296.4 295.2 292.1 287.5 282.6 276.9 271 267.7
533 529.7 515.4 507.1 501.6 494.8 488.2 483.1 480 475.9 476.7 476.3 475.1 476.4 476.1 476.2 475.1 468.3 452.1 435.9 416 393.5 370 346 329 313.1 302.7 295.3 290.1 284.1 280.6 277.1 274.8 273.3 272.8 273.6 276.9 282.5 285.8 290.8 295.4 301 306.3 311.9 316.9 322.6 328.1 333.4 338.5 343 345.8 349.2 350.9 352 352.8 352.4 351.1 348.6 346.1 342.1 336.6 329.9 323.7 317.3 312 308.1 305.3 303.3 302.7 301.5 300.6 298.4 296 293.3 289 286
483.4 468.5 478.3 485.2 488.1 488.6 487.2 484.8 483 481.5 480.4 480 479.5 479.1 479 478.5 477.4 475.2 464.9 451.3 431.9 408.4 381.4 355 332.9 315.2 304 296.9 287.6 282.7 276.9 275.3 272.8 272.2 271.6 273.2 275.4 279.3 284.8 290.7 296.2 303 308.8 314.4 321 328.1 335.6 342.5 348.8 353.7 357.7 360.4 364 366.1 367.6 367.7 367 365.8 362.2 358 351.8 345.2 337.4 330.7 325 320.3 317.5 314.5 313.3 312.6 311.8 310.8 308.7 306.2 300.7 297.5
483.6 486.1 487.7 490.3 492.1 491.9 490.3 487.4 483.9 480.4 478.6 477.6 477.2 477.1 477 477.2 475 470.1 460.9 447.7 430.4 406.8 379.6 353.3 331.3 314.1 301.9 292.6 285.6 280.3 275.1 272.7 268.9 268.2 268.3 267.3 269.1 275.1 279.2 286.3 293.4 301.7 309.9 320 325.8 334.5 342.7 350.1 357.1 364.5 370.4 375.3 379.3 382.8 386.6 389.3 390.9 389.1 384.5 378.6 370.2 360.8 350.6 341.6 335.6 331.1 327.3 324.6 323.6 323.2 322.9 323.4 324.3 326.3 335.8 330
