datasets/global_precipitation_1950_2017/rasters/precip_1979-total.asc
NCOLS 720 
NROWS 347 
XLLCORNER -180 
YLLCORNER -90 
CELLSIZE 0.5 
NODATA_value -9999 
[rows 306 to 339 of 347, columns 608 to 683 of 720]
527.8 530.9 536.5 539.1 541.7 543.9 545.8 547.5 549.2 550 550.5 549.9 550.1 549 547.7 546.1 543.8 542.3 542.1 542.1 542.3 542.5 542.7 542.8 541.1 538.8 537.2 543.8 542 536.4 536.9 537.3 536.5 535.4 534.4 533.7 533.3 533.4 533.9 535 535.9 537.2 538.9 540.2 541.9 543 544.3 545.2 546.8 549 549.5 551.4 553.5 555.6 554.5 556.8 557.6 559.3 561.5 562.6 563.7 564.7 567.4 574.1 579.2 585.2 591.1 596.7 603.4 608.5 609.5 603.9 -9999 -9999 -9999 -9999
524.2 527.4 532 537.2 541.9 543.6 546 547.1 548.1 548.4 548.7 549.5 549.4 548.8 547.8 546.6 545.5 544.6 544 544.1 544.6 544.8 544 543.3 542 540.4 539.4 538.9 538.9 538.8 538.6 538 537.8 537.2 536.7 536.4 537.1 537.9 538.9 540.7 541.8 543 544.5 545.9 545.9 548.2 548.6 549.8 550.7 552.4 553.6 555.3 556.3 557.2 556.8 556.3 553.4 553.4 554 553.9 554.3 554.9 556.7 559.8 560.4 564.5 568.9 572.4 574.7 575.2 572.3 566.5 553.9 542.4 -9999 -9999
515.4 521.2 528.2 534.3 540.2 542.6 543.8 546 548.2 549.5 550.1 549.6 549.6 549.6 549 548.8 548.4 547.9 546.9 546.2 546.1 545.8 545.6 544.6 544.7 543.4 542.6 542 540.9 540.1 539.5 540 539.7 540.2 541 541.7 543.1 543.9 545.4 546.7 547.9 549.3 550.7 552.1 552.5 553.3 555.2 552.5 555.8 554.7 554.7 553.6 554.2 555.3 556.2 545 542.2 554.6 553.2 551.6 550.1 548.5 548.9 548.4 544.8 544.8 543.6 540.7 538.7 535 529.9 522.7 513.4 501.6 488.4 474.1
498 508.1 517.9 511.7 530.1 532.3 534.4 537.9 542.3 545.8 548.4 549.8 550.7 551 550.9 550.3 549.5 550.2 548.6 548.3 548 547.2 547 546.4 546.2 545.2 544.2 543.5 542.8 543.2 543.9 544.2 545.2 546.1 547.2 548.3 549.3 550 551.5 552.6 552.8 553.8 554.7 554.3 552.4 551.8 550.4 548.7 547 545 545.3 545.5 546 545.9 545.4 545.3 544.7 543.9 542.7 541.3 539.5 537.8 533.6 527.4 525.5 523 519.9 516.3 509.7 502 490.5 487.4 477.5 466.9 455.5 442.2
462.7 474.8 462.2 490.5 494.5 497.9 503.4 513.8 523.9 521.7 534 535.9 539 543.2 547.4 548 549.7 550 549.8 549.8 549.9 549.2 548.8 548.1 547.5 546.8 546.5 546.9 547.3 547.7 548.4 546.4 550 550.7 551.1 551.4 550.2 549.6 550.9 550.1 548.6 546.9 544.8 544.8 539.2 539.3 532.8 532.8 532.6 532.6 532.3 532.2 531.8 530.6 530.2 529 527.8 526.3 524.5 522.6 520.2 513.7 508.1 504.6 500 495.2 489.6 481.6 474.1 468 461.2 445 443.3 432.4 422 412.4
398.4 407.4 415 420.7 427.8 439.7 452.2 462 467.9 473.4 478.5 488.3 498.4 508.7 516.2 524.5 522.7 535.6 537.6 540.3 544.4 544.2 544.2 545.2 545.8 547.7 548.5 548.6 547.5 547.7 546.7 546.2 544.5 542.9 540.4 537.8 538.7 536 529.1 526.8 527.6 528.4 529.5 519.7 522.6 519.6 519.4 519.5 519.2 518.9 518.6 518.2 517.4 516.9 516.2 514.7 513.5 512.2 509.9 499.6 487.7 476.7 470.8 467.3 462.8 458.2 454.2 447.5 440.7 433.9 426.6 419 410.1 401.6 393.2 385.5
316.5 323 329.7 337.8 345.8 352.6 361.1 369.3 377.7 388.8 397.6 406.4 416.2 425.7 437.7 447.4 460.4 475.2 485.2 489.4 496 498.7 508.5 509.5 518.4 526 532 532.5 532 534.4 536.4 538.3 511.3 531.2 524.2 506.9 506 502.6 497 497 496.5 496.5 492.8 492.8 492 491.5 491.4 491.2 490.8 491.1 491 491.1 464.4 462.2 460 482.6 479.5 471.7 460.3 449.6 444.5 441.3 437.7 433.7 429 422.7 413.8 409.6 406.9 399.1 393 385.3 378.5 372 364 357.6
237.3 242.9 247.9 251.6 256.7 265.8 272.2 278.7 284.6 288.6 296.9 300.9 307.8 316 325.6 336.7 349.1 362.6 374.9 388.8 403.8 413.7 422.1 431.7 446.2 459.9 466.4 475.8 483 488.6 491.7 490.2 489.2 487.6 468.7 461.9 459 456.9 445.7 443.4 441.7 436.6 434.5 433.3 432.5 426.6 425.3 423.9 430.8 429.4 428.7 427.6 426.7 425.5 424.2 414.1 415.3 410 407.1 404.8 401.2 398.4 393.1 386.3 382.7 379.3 375.9 370.7 366.1 360.9 355.9 350.5 345.7 341.4 336.6 332.1
177.8 181.3 184.2 186.5 189.2 192.1 191.2 195.4 199.3 200.8 201.1 201.5 202.7 204.2 206.7 210.2 217.3 228.6 239.7 253.9 271.2 289 302.6 317.5 332.7 348.1 360.2 373.2 384.7 393.8 393.8 398.8 398.5 398 396 393.5 391 388.3 375.7 372.6 368 365.7 363.8 362.6 361.7 361.3 361.2 361.5 362.3 363.1 364.1 364.5 351.8 360.4 356.2 352.4 349 346.9 345.3 344 342.4 341.3 338.9 336.4 333.3 330.9 328.2 325.2 321.9 319.2 316.9 314.7 312.5 310.6 308.7 307.1
128.1 124.9 121.8 118.7 119.7 124.9 129.7 130.2 127.2 124.1 120.8 117.7 115.1 112.5 110.3 111.9 116.2 132.7 135.6 150.1 158.6 165.4 192.5 194.6 215.4 228.4 241.6 255 267.8 274.3 278.3 288 300.8 303 290.5 294.8 298.9 299.8 298.1 296.1 295.1 301.8 296.9 298.5 297.6 297.4 297.2 297.1 298.1 297.4 297.4 297.2 297 296.9 297.5 296.7 295.7 294.4 293.7 291.7 291.7 293.2 291.6 289.4 288.9 286.4 288.1 286.5 284.3 284.2 283 282.2 280.2 279 278.3 283.2
82 78.9 75.6 72.4 69.5 87 67.2 70.3 73.5 72.7 69.6 66.3 63.2 60.4 61.4 69.3 75.3 75.1 80.6 84.1 88.1 89.6 95.7 103.8 113.3 124 135.9 152 169.2 179.7 189.5 198.7 218.4 218.5 228.3 232.5 234.3 235.3 235.9 235.4 235.1 243.7 243.8 243.8 246.1 249.2 248.6 247.8 247.3 248 250.5 253.2 253.1 251.9 254.6 252.1 253.9 254.7 254.7 254.3 255.6 255.7 255.8 253.8 254.4 255.3 255.3 253.5 252.4 251.3 250.3 249.4 249.1 248.9 248.8 249.8
61.4 58.6 56 53.2 50.6 48.5 46.4 44.8 43.2 45.2 43.2 41.8 42.1 40.6 41.7 38 39.5 39.6 55.9 47.9 56.8 66.3 74.5 80.7 87.5 96.1 105.2 117.5 125.6 136.2 146.8 157.1 167.1 178.4 180.6 186.4 190.8 194.2 196.2 197.7 198.1 198.3 209.4 202.8 206.4 210 214.7 222.7 219.4 219.4 222.9 222.1 230.3 222 223.5 229 231.5 232.7 231.4 229.8 231 231.9 231.1 229.7 228.5 227.2 226.1 225 223.8 223.2 222.6 222.7 222.6 223.1 229.7 230.7
44.9 43 41.1 39.7 38.2 36.8 35.5 34.4 33.7 31.1 29.5 29.4 31.5 32 33.3 34.4 35.1 37.9 42 47 50.9 54.8 59.2 64.2 71.4 80.8 88 95.9 103.9 117.7 123.3 134.3 144 152.2 152.3 159.4 165.3 170.7 174.9 178.7 182.2 192.9 194.3 191.9 194.7 198 197.5 196.9 198.9 200.7 202.7 204.7 210.5 210.5 211.5 213.4 212.7 212.5 211.4 212 210.8 210 209 208.2 206.4 205.7 205.2 204.5 204.3 204.2 204.2 204.2 204.5 205.1 205.4 206.1
37 31.8 30.9 29.8 28.8 28.7 27.9 27.8 28.7 28.7 29.4 30.2 31.1 31.7 32.7 34.9 36.9 39.6 41.9 44.8 47.7 51.7 56.7 62.6 67.4 74.4 78.5 86.1 95.3 104.7 109.4 117.5 125.3 133 140.5 147.3 153.2 158.2 165.3 168.1 172.9 177.3 181.3 181.9 184.7 185.3 185.1 184.2 183.8 183.6 182.5 182.2 192.9 192.4 199.7 194.8 196.3 194.8 193.7 193.7 192.9 191.7 191.2 190.3 189.1 188.4 187.7 186.8 185.8 185.5 184.7 184.7 183.7 189.7 189.3 189.1
31.5 30.7 30.4 30 29.6 29.3 29.1 29.3 29.4 30 31.1 31.9 32.3 33.8 35.7 35.4 37 39.2 42.2 45.2 48.9 52 56.4 61.5 66.1 71.8 76.8 82.7 88.6 95.5 105.2 108.9 116 123.2 130.3 139 144.8 152.4 155.2 160.3 165.6 169.5 172.3 174.1 175.9 176.8 177.1 177.6 177.9 177.5 177 176.8 176.1 175.5 187.1 177.8 181.7 183 183.1 182.3 181.4 180.3 179.6 178.5 177.3 176 175 174.1 172.5 171.7 170.4 172.2 170.8 167.1 165.9 165.2
28.4 28.4 29.3 28.7 28.8 28.8 29.3 29.2 30.1 31.9 32.3 33.2 34.2 35.7 37.1 38.5 40.4 42.4 44.5 46.6 48.7 52.6 57 61.1 65.5 70.4 79.7 81.7 87.5 93.6 100.2 106.8 112.9 118.5 124.5 129.9 135.3 140.8 145.5 149.4 153.4 156.4 159.3 161.4 163.2 164.2 165.3 165.6 165.6 165.7 165.4 165.5 165 164.4 174.9 174.3 173.8 176.8 175.1 172.1 171.7 171 170.3 169.3 168 166.7 165.1 164 164.4 163.1 161.5 159.9 157.9 156 153.9 145.7
28 27.8 28.1 28.7 28.9 30 30.2 30.7 31.9 32.4 33.5 34.3 35.2 36.5 37.6 39.4 40.8 43.1 45.5 48.2 50.7 54.4 57.9 61.7 66.3 70.8 75.5 80.2 86.2 90.9 96 101.2 106.5 111.9 117 122.6 127.3 135.4 140.4 144.9 148.7 152.3 155.6 153.4 155.3 156.8 157.7 158.8 159.2 159.8 159.8 160.1 160.1 160 159.7 159.9 164 172.1 165.7 168 166.9 165.5 164 162.7 161.2 159.5 158 155.8 154 157.7 155.6 153.3 144.9 142.6 140.1 137.4
28.1 28.5 28.4 28.8 28.7 30.6 29.9 31 32.2 33.2 34.2 36.2 36.4 36.9 38.4 39.3 41.1 45.2 45 47.7 50.5 53.7 57.4 60.5 64.1 67.9 72 76.3 81 88.4 92.8 97.6 102.8 108 113.5 118.6 123.4 128.1 132.6 136.8 140.9 144.1 147.5 150.3 152.5 154.4 155.7 156.9 157.9 158.1 158.2 157.9 158 157.5 156.9 156.5 155.6 163.4 163 162.6 163.9 161.8 165.1 164.9 165.4 155 153.5 152.3 150.8 155.6 153 146.5 144.7 142.4 139.9 136.9
29 28.2 28 28.7 29.3 30.2 31.5 31.8 33 33.6 34.7 35.8 36.6 37.9 39.2 40.6 42.1 44.2 46.1 48.3 50.4 53.1 55.9 59 62.3 66.5 70.2 74.7 79.2 83.7 88.3 94.6 98.6 104.3 108.7 113.6 118.4 123 127.8 132.5 136.9 139.4 143.3 147.4 150.5 153.2 155.4 149.9 150.9 160.6 161.9 162.9 163.6 164.2 164.6 157.4 158.8 159.6 160.2 160.4 161 161.1 163.2 158.6 159.7 158.9 157.6 162.5 160.2 157.8 155.4 154.3 152.5 149.5 149 146.6
27.7 27.9 28.2 29.4 30 30.6 31.3 32 32.9 33.7 35.2 36.3 37.3 38.5 39.7 41.4 42.9 44.4 46.2 48 49.9 52 54.8 57.7 61.4 64.6 68.7 72.6 76.9 80.8 85.6 90.1 94.3 99.3 104.7 108.8 113.1 117.7 122 126.9 130.9 135.3 138.7 141.9 145.1 147 154.6 151.9 154.7 157.1 159.7 161.9 162 163.5 164.5 166 167.4 167 168.9 169.4 165.8 165.9 166 165.9 165.6 165.6 170.4 170.1 169.2 167.6 165.9 164.6 163.8 -9999 -9999 -9999
29.9 30.2 30.8 31.1 31.4 32 32.5 33.4 34.2 34.7 35.9 36.7 38 39.2 40.4 41.7 43.3 44.7 46.7 48.4 49.9 52.2 54.9 58.2 61.4 64.5 68.1 72 75.6 79.8 83.7 87.8 92.3 96.4 104.2 106.1 111.1 116.3 120.9 125.1 128.6 132.4 136 143.6 147.2 146.1 149.2 152.3 155.5 157.5 160 162.4 164.5 167 168 168.2 169.5 169.6 175 170.2 171.5 172.7 174 174.8 175.7 176.5 177.3 177.7 176.9 176.1 177.5 177.5 -9999 -9999 -9999 -9999
28.4 28.9 29.1 29.8 30.2 30.7 31.9 32.4 33.2 34 34.9 36.2 36.9 38.2 39.4 40.8 42.1 48.9 50.5 52.7 55.2 58.1 60.7 63.5 66.5 69.9 73 76.5 80.1 83.7 87.6 91.6 95.2 99.3 103.6 107.7 108.3 113.2 118.2 122.7 127.8 131.9 135.2 138.8 141.6 144.4 147 149.2 151.3 152.9 154.2 166.6 157.4 159.3 161.1 162.9 164.5 165.9 167.9 169.2 170.4 172.2 172 171.9 171.8 177.4 178.5 173.4 175 -9999 -9999 -9999 -9999 -9999 -9999 -9999
27.3 27.4 28.2 28.7 29.5 30.3 30.4 31.6 32.5 33.7 34.4 35.3 36.3 37.5 38.7 40.4 41.4 43.1 44.9 50.5 53.7 56.6 59.6 63 66.6 69.6 72.8 76.3 79.6 83.5 86.9 86.2 90.2 94.4 98.7 103 107.3 111.8 115.8 123.1 124.7 129.5 133.9 138.1 141.8 144.9 147.5 150.7 152.9 155.1 156.8 158.7 160.1 161 161.9 162.8 163.3 163.7 164 164 164.2 178.7 166.5 168.3 169.7 171.4 172.4 174.4 179.4 179.8 181.6 184 186.8 190 -9999 -9999
26.6 27.5 27.8 28.2 28.8 29.4 30.1 30.7 31.5 32.5 33.4 34.4 35.5 36.7 38.1 39.3 40.9 42.5 44.8 46.7 49.1 51.5 54.7 57.6 60.5 63.9 67.3 70.9 74.3 78.1 81.9 85.9 89.9 94.2 98.3 102.6 106.6 111 115.3 119.4 123.6 127.6 131.5 136.4 139 143.2 147.3 150.3 153.3 156.2 158.5 160.8 162.9 164.8 166.1 167.4 168.9 170.1 180.1 181.7 182.8 174.3 175.3 176.1 177 178.2 179.6 180.6 181.8 183.2 189.3 190 190.8 193.2 -9999 -9999
24.4 25.1 26.2 27.2 27.8 28.3 29.2 29.7 30.5 31.3 32.2 33.3 34.3 35.5 36.7 38.1 39.4 41.3 43 45 47 49.3 51.7 54.4 57.6 60.3 63.8 67.1 70.2 73.9 77.5 81.5 85.4 89.2 95.3 99.1 103.2 106 110.5 114.4 118.9 122.8 126.8 130.8 134.8 138.5 142 146.7 149.3 152.9 155.8 159.2 161.9 164.3 166.6 168.9 170.7 172.5 175.9 178 180 181.6 183 182.2 183.3 184.8 186.2 187.4 188.6 189.8 191.2 192.6 198.3 200.2 201.4 203.8
24.2 22.4 23.3 24.1 25.5 26.5 27.4 28 28.8 29.3 30.6 31.6 32.4 33.4 34.5 36 37.2 38.8 40.7 42.4 44.2 46.1 48.3 50.9 53.6 56.1 59 62.1 65.3 68.6 71.7 75.2 78.8 82.4 86 89.7 93.5 97.2 101.4 105 109 113 116.8 120.6 124.3 128.3 131.9 135.4 139 143.9 146.1 149.2 152.6 156.2 159.3 162.1 164.5 167 169.7 171.8 173.8 175.8 178.2 180 181.6 183.6 185 187.2 188.7 190.2 192.1 193.9 195.3 197.2 203.2 205.2
20.1 20.1 20.8 23.9 22.1 23.1 23.9 25.2 26.3 27.4 28 29 29.8 30.8 31.8 33 34.3 35.7 37 38.6 40.3 41.9 43.8 45.8 47.4 49.9 52.4 54.9 57.6 60.2 62.6 65.5 68.9 72 75 77.9 81.2 84.5 87.5 91.1 94.5 97.9 101.4 104.6 108 111.3 115.1 118.3 121.7 124.9 127.9 131 134.2 139.6 140.8 143.8 146.8 150.3 153.4 156.1 158.6 161 164 166.1 168.2 170.7 173 175.4 177.3 179.9 181.9 184.4 186.6 189 191.2 193.8
18 18.5 18.6 19.2 19.4 20 20.3 23.6 21.7 23 24.2 25.3 26.7 27.5 28.4 29.7 30.5 31.5 32.6 33.9 35.1 36.4 37.4 39.4 40.9 42.5 44.1 46.1 48.1 50.3 52.1 54.3 56.6 59 61.4 63.9 66.3 69.1 71.6 74.4 76.7 79.4 82.1 84.7 87.4 90.2 93.2 95.6 98.4 101.2 103.8 106.6 109.3 111.7 114.6 117.1 119.8 122.4 124.8 130.9 130.8 134.1 136.9 140.1 142.8 145.2 147.4 150 152 154.3 156.5 158.9 161.5 163.5 166 168.1
15.9 16.3 16.5 16.9 17 17.3 17.8 18.3 18.3 18.7 19.4 22.8 20.8 21.8 23 24.2 25.7 26.9 28 28.8 29.5 30.6 31.5 32.6 33.5 34.6 36.1 37.3 38.7 40.2 41.4 43 44.3 46.1 47.8 49.6 51.5 53.2 54.9 56.8 58.7 60.7 62.7 64.7 66.9 68.3 70.7 72.7 74.8 76.6 78.7 80.9 82.7 84.6 86.9 88.7 90.8 92.9 94.7 97.1 99 100.7 102.8 104.9 106.7 109 115.4 113.7 116.8 119.9 122.8 124.7 126.6 128.5 130.5 132.2
13.7 14.1 13.9 14.4 14.6 14.9 15.2 15.6 15.7 16 16.4 16.6 17.1 17.4 17.8 18.3 21.7 19.5 20.6 22.2 23.6 24.7 25.8 26.6 27.3 28.2 28.8 29.5 30.4 31.3 32.3 33.3 34.2 35.4 36.3 37.3 38.6 40 40.6 41.8 43.3 44.6 45.7 47.1 48.2 49.8 51.1 52.5 54 55.3 56.7 58 59.7 61 62 63.7 65.3 66.6 68 69.4 71 72.3 73.7 75.3 76.5 77.6 78.6 79.4 80.7 81.9 83.2 83.9 85.6 87.2 90 92.2
10.8 11.1 11.5 11.5 11.9 11.8 12.1 12.2 12.7 12.9 13 13.4 13.5 13.8 14.2 14.4 14.5 14.9 15.5 15.8 16.2 16.3 17.1 20.9 18.8 20 21.4 22.6 23.5 24.4 24.4 25.4 25.6 26.5 27.3 27.7 28.4 29.2 29.8 30.9 27.1 27.4 28.1 29 30 30.6 31.3 32.3 33.2 34.2 35.1 35.7 36.5 37.5 38.3 39.1 40.2 41.2 41.9 43 39.9 41 42 43 44.2 45.3 46.5 47.6 48.6 49.8 51.1 51.9 53.4 54.3 55.6 56.8
8.3 8 8.3 8.4 8.3 8.7 8.7 8.8 9.2 9.3 9.2 9.4 9.4 9.7 9.9 10.1 10.3 10.6 10.7 10.7 10.9 11.2 11.4 10.5 11.2 11.7 12.4 12.8 12.9 12.9 13.5 13.7 13.8 14.3 14.3 14.8 15.2 15.6 16.2 16.5 16.9 17.3 17.7 18.1 18.9 19.4 19.7 20.3 21 21.5 22 22.5 22.8 23.5 24 24.4 25.2 25.7 26.7 27 27.4 28.1 28.8 29.4 30.1 30.8 31.4 32.1 32.9 33.5 34.4 35.2 35.7 36.5 37 37.8
6.8 6.8 6.9 7 7 7 7.3 7.3 7.5 7.5 7.7 7.9 8.1 8.2 8.1 8.2 8.5 8.6 8.7 8.9 8.9 9.1 6.3 6.6 6.7 7 7.3 7.5 8 8.3 8.8 9.2 9.6 10.1 10.7 11.3 11.8 12 12.2 12.4 12.8 13.1 13.4 13.6 14 14.4 14.7 14.9 15.4 16 15.9 16.3 16.6 16.9 17.5 17.7 18.2 18.7 19 19.2 19.6 20 20.6 20.9 21.4 21.7 22.1 22.4 22.7 23.2 23.7 24.1 24.6 25 25.3 26
5.7 5.7 5.8 5.9 6 6 6.1 6.1 6.2 6.3 6.4 6.5 6.5 6.7 6.7 6.7 6.7 7 6.9 7 7.1 4.2 4.3 4.4 4.5 4.6 4.8 5 4.9 5 5.1 5.2 5.5 5.7 5.9 6.1 6.4 6.5 6.9 7.2 7.4 7.7 7.9 8.5 8.8 9.2 9.5 9.7 10.1 10.8 11.3 11.8 12.3 12.4 12.8 12.9 12.9 13.3 13.5 13.7 14.1 14.5 14.4 14.8 15 15.3 15.6 15.8 16.1 16.3 16.6 16.9 17.1 17.4 17.7 17.7
