datasets/global_precipitation_1950_2017/rasters/precip_2011-total.asc
NCOLS 720 
NROWS 347 
XLLCORNER -180 
YLLCORNER -90 
CELLSIZE 0.5 
NODATA_value -9999 
[rows 306 to 339 of 347, columns 304 to 379 of 720]
-9999 -9999 -9999 -9999 -9999 -9999 -9999 -9999 -9999 -9999 -9999 -9999 -9999 -9999 -9999 -9999 -9999 -9999 -9999 -9999 -9999 -9999 -9999 -9999 -9999 -9999 -9999 -9999 -9999 -9999 -9999 -9999 -9999 -9999 -9999 -9999 -9999 -9999 -9999 -9999 -9999 -9999 -9999 -9999 -9999 -9999 -9999 -9999 -9999 -9999 -9999 -9999 -9999 -9999 -9999 -9999 -9999 -9999 -9999 -9999 -9999 -9999 -9999 -9999 -9999 -9999 -9999 -9999 -9999 -9999 -9999 -9999 -9999 -9999 -9999 -9999
-9999 -9999 -9999 -9999 -9999 -9999 -9999 -9999 -9999 -9999 -9999 -9999 -9999 -9999 -9999 -9999 -9999 -9999 -9999 -9999 -9999 -9999 -9999 -9999 -9999 -9999 -9999 -9999 -9999 -9999 -9999 -9999 -9999 -9999 -9999 -9999 -9999 -9999 -9999 -9999 -9999 -9999 -9999 -9999 -9999 -9999 -9999 -9999 -9999 -9999 -9999 -9999 -9999 -9999 -9999 -9999 -9999 -9999 -9999 -9999 -9999 -9999 -9999 -9999 -9999 -9999 -9999 -9999 -9999 -9999 -9999 -9999 -9999 -9999 -9999 -9999
-9999 -9999 -9999 -9999 -9999 -9999 -9999 -9999 -9999 -9999 -9999 -9999 -9999 -9999 -9999 -9999 -9999 -9999 -9999 -9999 -9999 -9999 -9999 -9999 -9999 -9999 -9999 -9999 -9999 -9999 -9999 -9999 -9999 -9999 -9999 -9999 -9999 -9999 -9999 -9999 -9999 -9999 -9999 348.4 -9999 -9999 -9999 -9999 -9999 -9999 -9999 -9999 -9999 -9999 -9999 -9999 -9999 -9999 -9999 -9999 -9999 -9999 -9999 -9999 -9999 239.1 231.8 224.6 217.2 210.9 204.7 199.5 193.2 188.1 183.2 179.3
-9999 -9999 -9999 -9999 -9999 -9999 -9999 -9999 -9999 -9999 -9999 -9999 -9999 -9999 -9999 -9999 -9999 -9999 -9999 -9999 -9999 -9999 -9999 -9999 -9999 -9999 -9999 -9999 -9999 -9999 -9999 -9999 -9999 -9999 -9999 345.3 345.5 345.6 -9999 -9999 -9999 346.9 346.7 346.5 -9999 -9999 -9999 -9999 -9999 -9999 -9999 -9999 -9999 -9999 -9999 -9999 -9999 287.6 281.2 275.6 270.5 265.6 260.2 254.5 247.9 242.7 238 232.4 229.2 224.6 222.9 220.6 219 217.1 218.9 222.5
-9999 -9999 -9999 -9999 -9999 -9999 -9999 -9999 -9999 -9999 -9999 -9999 -9999 -9999 -9999 -9999 -9999 -9999 -9999 -9999 -9999 -9999 -9999 -9999 -9999 -9999 -9999 -9999 -9999 -9999 -9999 -9999 -9999 -9999 343.6 343.9 344.2 344.8 345.5 345.9 346.4 346.2 345.4 344.3 342.5 341.1 338.8 334.7 330.3 325.4 320.5 315.9 310.9 305.3 300.3 294.8 289.6 283.8 277.3 272.5 267.5 264.1 260.6 256.9 251.8 247.2 243 240.5 238.6 237.2 236.5 239 235.8 237.1 239.3 243.2
-9999 -9999 -9999 -9999 -9999 -9999 -9999 -9999 -9999 -9999 -9999 -9999 -9999 -9999 -9999 -9999 -9999 -9999 -9999 -9999 -9999 -9999 -9999 -9999 -9999 -9999 -9999 -9999 -9999 -9999 -9999 -9999 -9999 -9999 341.4 343.1 343.6 344.2 344.6 344.9 345.3 345.4 341.4 339.6 339.5 336 332.8 328.1 323 318.6 313.8 309.3 304.8 299.7 294.8 289.8 284.9 280.4 275.9 270.4 266.7 264 260.8 258.9 256.8 253 249.9 248.8 247.9 247.9 247.6 247.7 247.7 248.4 250.1 251.9
-9999 -9999 -9999 -9999 -9999 -9999 -9999 -9999 -9999 -9999 -9999 -9999 -9999 -9999 -9999 -9999 -9999 -9999 -9999 -9999 -9999 -9999 -9999 -9999 -9999 -9999 -9999 -9999 -9999 -9999 333.8 334.9 336.9 338.4 339.8 341.1 342.4 343 343.8 343.8 343.4 342.4 341.3 338.2 335.4 331.5 327.1 322.7 316.9 311.5 306.8 304.2 299.9 295.4 290.7 286.3 281.9 277.2 273.5 269.6 266.6 264.1 262.1 260.5 258.8 258.1 255.6 254.9 254.6 255 254.9 254.6 254.6 254.9 264.4 265.7
-9999 -9999 -9999 -9999 -9999 -9999 -9999 -9999 -9999 -9999 -9999 -9999 -9999 -9999 -9999 -9999 -9999 -9999 -9999 -9999 -9999 -9999 -9999 -9999 319.7 320.9 322.7 324.9 326 328.4 330.3 332.3 333.8 335.5 336.9 338.3 339.8 341.1 340.4 342.7 341.9 341.2 338.9 337.1 332.6 328.8 324.2 320.8 314.4 308.7 302.6 297.8 293.8 290.4 286.6 282.6 278.3 274.7 271.3 269.3 266.1 263.5 262.1 260.6 260.1 259.8 258.8 258.9 258.1 257.9 257 257 264.4 265.6 267.4 268.3
-9999 -9999 -9999 -9999 -9999 -9999 -9999 -9999 -9999 -9999 -9999 -9999 -9999 -9999 -9999 -9999 -9999 -9999 -9999 -9999 -9999 -9999 -9999 -9999 313.2 315.2 317.1 319.5 321.5 323.6 326 328.1 329.8 332 334 335.3 335.9 337.1 337.9 339.1 340.4 339 338.8 335.8 330.1 328.2 324.5 319.3 311.5 306.3 302.2 296.3 290.2 285.8 282.3 279.3 275.5 272.7 270.1 267.8 265.9 264.2 262 261.6 261 260.6 267.9 267.5 268.3 268.6 268.7 267.9 268.9 270.3 271.6 272.1
-9999 -9999 -9999 -9999 -9999 -9999 -9999 -9999 -9999 -9999 -9999 -9999 -9999 -9999 -9999 -9999 -9999 -9999 -9999 -9999 -9999 -9999 -9999 -9999 -9999 308.6 311 313 315.6 318.3 320.6 323.1 325.1 327.3 328.9 330.7 332.3 333.3 334.3 335.3 333.5 332.7 332.1 329.5 326.1 322.4 318.8 314.4 308.7 303.4 298.2 293.6 288.9 283.5 278.9 276.3 273.2 271 268.7 266.6 264.3 263.7 262.8 268.3 269.1 268.9 268.4 268.9 269.6 270.4 272.7 272 272.6 273 274 273.7
-9999 -9999 -9999 -9999 -9999 -9999 -9999 -9999 -9999 -9999 -9999 -9999 -9999 -9999 -9999 -9999 -9999 -9999 -9999 -9999 288.3 290 291.9 294.1 296.9 298.9 301.8 304.6 307.2 310.8 312.8 314.9 316.8 319.4 321.4 322.7 324.2 326.9 327.4 326.7 326.2 325.9 327.5 324.3 322.4 316 315.9 310.9 306.2 301.5 295.8 291.2 286.7 283.2 277.7 274.1 271.8 270.2 268.2 272.2 270.3 270 269.8 270.4 270.7 271.2 271.4 271.5 272.9 273.1 273.7 273.6 273.9 273.6 273.4 272.9
-9999 -9999 -9999 -9999 -9999 -9999 -9999 -9999 -9999 -9999 -9999 -9999 -9999 -9999 -9999 -9999 -9999 -9999 273.5 274.5 276.1 277.6 279.6 281.6 283.5 286.1 288.9 291.1 293.7 296 302.4 304.5 306.4 308.6 310.1 311.9 313 314.8 315.5 314.9 314 314 314.1 315.2 312.9 310.2 308 305.3 301 297.2 293.1 291 286.6 282.4 278.7 277.2 275.8 274.5 273.7 274.2 273.6 273.4 273.4 273.4 273.7 273.6 273.2 272.7 273.1 273 273 272.6 271.5 270.7 268.2 267.7
-9999 -9999 -9999 -9999 -9999 -9999 -9999 -9999 -9999 240.8 243.2 245.5 247 248.1 249.5 250.7 252.2 253.5 255.1 256.8 258.9 260.7 262.7 265.1 267.1 269.8 272.3 274.6 277 279.3 286.5 289 291.2 293.9 296 298.2 299.8 297.4 299.1 300.6 301.5 300.6 299 299.7 298.7 298.1 296 294.5 292.8 290.5 289.5 287.2 284.3 282 279.2 277.4 277 277 276.8 275.8 275 275.4 274.8 274.3 273.7 272.5 271.6 269.3 267.1 266.1 265 262.6 259.8 256.8 253 249.8
-9999 191.8 195.7 199.4 202.4 205.4 207.9 210 211.9 214.3 216.8 218.6 220.7 222.4 224.7 226.5 228.6 230.8 232.7 235 237.4 239.5 241.7 244.2 246.4 249.1 252.1 255.3 258 260.5 265.4 267.9 270.7 273.6 275.9 278.5 280.7 282.6 283.6 284.4 284.7 284.3 283.3 283.9 283.9 283.2 282.2 282.3 281 279.9 279.3 278.1 276.9 276.1 274.9 274.1 273.5 274.5 273.6 272.5 271.2 269.9 268.9 267.8 264.4 264.2 260.8 256.7 252.3 250.2 245.3 240.4 236 232.2 226.8 221
157.8 162 165.8 169.8 173.5 177.5 180.3 183.7 186.4 189 191.6 193.8 196 198.4 200.6 203 205.4 207.8 210.4 212.7 215.3 217.7 220.2 222.8 225.3 228.4 230.4 234.6 237.1 240 242 245.2 247.8 250.7 253.3 256.1 258.4 260.5 262.3 263.8 265.7 266.4 265.1 268.7 269.3 268.7 268.4 268.2 266.8 266.2 265.3 264.7 263.8 262.4 262 261.9 261.6 260.9 259.8 257.5 255.9 254.1 250.1 247.2 244.1 238.6 234.1 229.5 225.7 220.2 213.9 207.9 201.9 196.1 190.5 184.7
131.3 136 140.1 143.8 147.8 151 154.9 158.9 162.5 165.8 168.8 171.7 174.3 177 179.7 182.2 184.7 187.3 189.7 192.1 194.8 197.5 200.2 202.7 205.5 207.3 209.3 211.6 217.7 217.4 219.7 222.4 225 228 230.3 232.9 235.2 237.2 238.5 240.5 242.6 245.4 247.3 248.5 250.3 250.5 250.3 250.3 250.3 249.9 249.4 247.8 245.5 244.4 242.6 240.7 238.9 236.3 234.1 231 229.7 223.9 219.9 214.7 209.7 204 199.7 192.9 186.2 179.5 173.2 169.5 160.2 154 147.2 141.3
110.9 115.5 120 124.5 127.9 131.5 134.9 138.8 142.2 145.8 149.2 152.5 155.2 158.8 160.5 163.3 166 168.7 171.4 174.1 176.5 179.1 181.9 184.8 187.3 189 190.6 192 195.4 197.6 199.6 201.9 204.3 206.8 210 210.2 212 213.8 220.1 218.2 220.8 223.3 225.2 227.1 228.4 228.4 228.2 227.6 227.5 225.8 224 225.3 223.5 221.3 218.6 215.5 211.5 207.3 202.5 197.9 192.8 188.4 185.2 179.1 172.2 166.1 159.8 152.6 147.1 141.1 134.1 125.7 119.9 115.2 107.8 103
103.5 107.1 106.8 112.9 115.7 118 121 125 128.5 131.9 135.2 138.1 140.6 142.7 145.3 150.4 150.6 153.2 156.3 158.9 161.6 164.2 166.8 169.6 171.9 174.5 176.2 177.7 183.4 185.6 185.9 186.6 189 190.1 191.5 194 196.1 198.6 200.2 202.3 204.3 205.7 207.2 208.7 209.3 208.9 208 207.5 205.4 203.2 200.4 197.4 194.6 191 186.8 182.2 177.3 172.2 167.3 161.6 156.4 149.8 144.6 139.8 134.7 129.9 112.5 104.9 97.4 103.8 96.8 79.4 75.3 71.5 66.6 64.1
99.6 102.2 101.5 104.5 107.6 111 113.5 117 119.1 122.5 125.8 129 131.1 133.3 136.3 138.1 140.6 143.6 146.1 148.4 150.8 156.3 158.4 159.9 160.3 162.9 166.4 168 169.5 170.8 172.5 174.2 181.6 180.6 182.2 183.9 185.7 187.3 188.7 190.3 190.9 191.5 192.1 192 191.2 189.9 187.2 185.1 182.1 178.5 174.4 170 164.4 158.8 152.4 145 143.9 132.5 126.4 121.7 114.9 109.3 90 83.9 78.7 73 67.8 63.1 59 55.1 51.2 43.1 45.2 33.4 32.2 30.2
99.1 101.4 100 102.7 105.4 107.9 110.3 112.4 115 116.9 122.6 122.1 125.4 128.3 130.6 134.7 136.8 137 139.4 142.2 144.4 146.3 148.8 149.6 153.1 155.2 157.4 159.7 161.6 163.1 164.5 169.8 171 173 173.5 175.1 176.4 177.6 178 178.5 179.1 178.1 177.3 175.4 173.7 171.1 168.5 164.5 160.1 155 148.6 145.5 134.4 126.8 118.8 110.8 103.5 95.6 87.3 82 74.4 68.5 63.2 57.9 53.5 48.4 44.2 35.9 28.1 21.4 30.6 14 13.2 12.5 12.2 11.7
100.8 102.6 100.5 102.4 104.5 107.9 109.2 111.4 113.5 115.8 121.6 124.1 122.2 126.4 128.8 130.8 132.9 134.7 135.7 139.3 141.1 143 142.5 145.4 146.9 148.8 150.7 152.6 154.3 156.1 157 158.5 159.4 160.7 161.7 166.8 167.4 168.6 167.7 167.9 167 166 164.8 162.6 156.6 152.9 148.4 145.9 139.3 132.8 125.3 117.6 109.5 102.1 94.1 86.2 78.2 71.4 65.3 60.2 54.8 49.5 44.9 38.1 29.7 22.1 17 26.5 10.5 8.8 7.5 6.6 5.5 4.7 14.5 13.5
100.7 102.8 103.2 104.9 107.2 109.2 111 113 114.6 116.4 119.8 121.5 122.1 123.8 125.9 127.5 129.2 130.8 132.6 133.9 136.6 138.6 138.8 140.5 142.4 145 145.4 146.6 148 149.1 150.6 150.9 152.1 152.5 152.3 152.9 152.7 155.6 156.2 154.9 154.4 152.2 148.8 145.5 141.3 136.5 131.3 125.5 119.2 112.1 105 97.4 89.5 84.3 77.8 71.6 58.7 52.7 47.8 41.7 36.8 29.7 27.7 19.9 17.4 15 12.8 11 9 7.3 6 5.2 4.2 3.6 3 2.8
103.7 105.1 106.7 107.6 110.1 111.6 113.6 114.5 115.5 117.1 119.1 120.3 121.7 123 125.3 126.6 128.2 129.3 130.7 131.4 132.8 133.8 135.1 136 137 137.7 138.6 139.4 139.9 139.9 141 140.2 139.7 139.1 138.7 138.5 137.9 138.3 139.5 137 135.9 131.9 127.8 123.7 119.1 114 108.7 103.5 96.9 90.9 84.2 77.1 70.4 63.7 57 50.8 44.7 38.1 34.6 27 23.1 20.2 18.2 16.1 14.5 12.7 10.9 9.4 8.5 7 5.6 4.8 3.9 3.4 2.7 2.3
106.2 107.6 107.1 108.1 108.9 109.8 110.9 112.4 113.2 114.7 115.6 116.5 117.2 118.2 118.8 119.5 120.7 121 121.7 122.1 122.9 123.1 123.4 123.6 123 123.4 123.4 123 123.7 123.3 122.6 121.7 120.8 119.4 116.3 115.7 117.7 116 113.1 110.3 106.9 106.5 102.7 98.9 90.9 88.8 83.5 78 71.6 66.2 60.8 55.8 49.9 44.8 38.7 33.4 28.9 24.3 21.6 19.3 19.1 17 15.2 11.8 10.4 9.1 7.8 6.8 5.6 4.2 3.4 2.7 2.3 1.9 1.7 1.3
100.5 101 101.8 102.4 102.6 103 103.4 103.5 102.8 103.1 103.2 104 103.5 103.8 103.9 103.6 103.8 103.5 103.1 103.1 102.4 101.9 101.9 101.5 100.7 100.4 99.5 97.8 97.3 96 95 93.4 91.9 90.4 87.8 85.6 83.7 82.1 80.8 79.8 76.8 73.4 69.9 66.4 63.1 59.4 55.1 51.1 46.9 42.7 38.2 34 29.9 26.6 24.6 22.4 20.7 18.7 17 15.2 13.4 13.1 11.7 9.3 7.5 6.5 5.3 4.4 3.7 3.2 2.9 2.4 2.2 1.9 1.8 1.5
87.4 87.2 87.1 86.9 86.2 86.1 85.8 85.7 84.7 84.4 84.4 83.7 83.2 82.1 80.9 80.3 79.6 78.5 77.5 77 75.9 74.8 74 73 71.9 70.6 69.2 68 66.5 64.8 63.5 61.7 59.8 58.2 56.6 54.6 52.9 52.4 50.5 47.9 45.8 43.3 40.4 38 35.3 33.1 30.9 29.3 27.9 26.5 25 23.6 22.4 20.9 19.4 18 16.5 15.4 13.9 12.6 11.2 10 8.7 8 6.4 5.2 4.2 3.6 3.1 2.6 3.3 2.9 2.6 1.7 1.5 1.4
67.8 67 66.5 65.9 65.2 64.5 64 62.8 62.4 61.4 60.7 59.6 59 58.1 56.9 55.9 54.7 53.9 52.9 51.2 50.2 48.9 47.7 46.4 45 44 42.7 41.1 39.8 38.5 37 36.3 35.5 34.7 34 33.3 32.4 31.7 31.1 30.1 29.3 28.4 27.5 26.4 25.4 23.9 23 22.1 21.2 20.2 19.2 17.9 16.8 15.8 14.8 13.5 12.8 11.7 10.5 10.2 9.1 8 7.2 6.9 5.6 4.7 4.1 3.6 3.3 3 2.7 2.3 1.9 1.7 1.6 1.4
45.4 44.4 43.9 43.3 42.6 42 41.4 40.5 39.9 39.2 38.4 37.4 36.6 35.7 35 34.1 33.4 32.8 32.3 32.2 31.8 31.7 31.3 31 30.7 30.5 29.9 29.6 29.3 28.9 28.3 27.8 27.3 26.5 25.7 24.9 24.4 23.5 22.8 22.1 21.8 21.8 20.4 20 19.2 18.8 17.9 17.2 16.4 14.5 13.7 13.3 12.7 12 11.4 10.9 10.1 9.1 8.5 7.9 7.3 6.4 5.7 5.2 4.5 4 3.5 3.7 3.5 3.1 2.5 2.3 2.1 2 1.9 1.7
27 26.7 26.5 26.2 25.8 25.5 25.4 25.2 24.9 25.2 24.7 24.6 24.3 24.1 23.9 23.8 23.6 23.4 23.4 23.1 22.7 22.7 22.3 22.2 21.7 21.6 21.3 20.9 20.4 20.3 19.9 19.7 19.3 19 18.6 18.3 18 17.6 17.2 16.7 16 15.4 14.8 14.2 13.7 14.3 12.8 12.3 11.9 11.5 11.2 10.9 10.3 8 7.7 7.2 6.8 6.6 6.2 6 5.6 5.1 5.2 4.7 4.3 4 3.7 3.4 3.2 2.8 2.6 2.4 2 1.8 1.5 1.5
17.4 17.2 17.1 16.9 16.9 16.8 16.7 16.6 16.4 16.3 16.2 16.1 16.1 15.7 15.6 15.4 15.2 15.1 14.8 14.8 14.7 14.4 14.3 13.9 13.6 13.5 13.3 13.1 12.9 12.6 12.5 12.3 11.9 11.9 11.5 11.4 11.1 10.8 12.4 12.1 11.9 11.7 9.5 9.3 9 8.9 8.5 8.4 7.9 7.9 7.4 7 6.7 6.3 5.9 5.6 5.2 5.1 4.7 4 3.9 3.5 3.5 3.3 3.2 2.9 2.5 2.2 2 1.7 1.5 1.4 1.4 1.3 1.2 1.2
10.7 10.7 10.6 10.6 10.5 10.3 10.2 9.9 10.3 10.2 9.9 9.9 9.9 9.6 9.7 9.6 9.4 9.5 9.3 9.2 9.2 9 8.8 8.8 8.7 8.5 8.3 8.4 8.1 8 8.1 7.9 7.6 7.5 7.5 7.2 7.3 5.9 5.5 5.6 5.3 5.2 5.2 4.8 4.9 4.5 4.3 4.4 4.1 4.1 3.8 3.6 3.6 3.4 3.4 3.2 3.2 3 3 2.9 2.6 2.5 2.3 2.2 2.4 2.3 2.2 2 1.9 1.5 1.3 1.4 1.2 1.2 1 0.9
5.6 5.6 5.6 5.7 5.6 5.5 5.5 5.4 5.5 5.4 5.3 5.3 5.4 5.3 5.3 5.2 5.1 5 4.8 5 4.9 4.9 4.6 4.6 4.5 4.5 4.5 4.4 4.3 4.2 4.3 4.3 3.9 3.8 4.1 3.9 3.7 3.6 3.5 3.4 3.1 3.2 3.3 3.1 3.2 3.1 2.8 2.9 2.9 2.8 2.7 2.6 2.6 2.5 2.4 2.4 2.1 1.9 1.9 2.3 1.6 1.7 1.6 1.5 1.6 1.4 0.8 0.8 0.9 0.9 0.7 0.8 0.7 0.7 0.7 0.7
2.8 2.8 2.9 2.9 3 3 3.1 3.1 3.2 3.2 3.1 3 2.9 2.9 2.9 2.9 3 2.9 2.9 2.9 2.8 2.7 2.7 2.6 2.5 2.6 2.7 2.6 2.6 2.5 2.5 2.5 2.5 2.5 2.3 2.3 2.4 2.2 2.2 2.3 2.3 2.2 2.2 2.1 2.1 2.1 2 1.9 1.7 1.7 1.7 1.6 1.5 1.3 1.3 1.2 1.1 1.3 0.9 1 1 1 0.8 0.8 0.9 0.8 0.8 0.7 0.7 0.8 0.8 0.7 0.6 0.6 0.6 0.7
1.3 1.3 1.3 1.3 1.3 1.3 1.3 1.3 1.3 1.3 1.6 1.6 1.6 1.6 1.6 1.6 1.7 1.7 1.4 1.4 1.4 1.5 1.4 1.4 1.5 1.5 1.5 1.3 1.3 1.3 1.3 1.3 1.3 1.6 1.4 1.4 1.4 1.4 1.3 1.3 1.2 1.2 1.1 1.1 0.9 0.9 1 0.9 0.9 0.9 0.9 0.9 0.9 0.8 0.7 0.8 0.8 0.8 0.8 0.7 0.7 0.7 0.5 0.7 0.7 0.7 0.7 0.7 0.7 0.6 0.6 0.6 0.5 0.5 0.5 0.5
