datasets/global_precipitation_1950_2017/rasters/precip_2014-total.asc
NCOLS 720 
NROWS 347 
XLLCORNER -180 
YLLCORNER -90 
CELLSIZE 0.5 
NODATA_value -9999 
[rows 170 to 203 of 347, columns 228 to 303 of 720]
3084.4 2999 3513.1 3462.9 2723.2 2664.2 2806.7 2734.3 2589.2 2724.6 2813.7 2872.6 2879.9 2738.1 2535.8 2428.5 2422.1 2535.9 2488.6 2395.6 2281.1 2021 1986.3 1829.3 1959.8 2019.5 2154.9 2499.4 2420 2461.8 2741.6 2871.5 2971.9 -9999 3047.2 3120.5 2900.3 2947.8 2668.1 2380.6 2431.5 2017.6 1594.4 -9999 -9999 -9999 -9999 -9999 -9999 -9999 -9999 -9999 -9999 -9999 -9999 -9999 -9999 -9999 -9999 -9999 -9999 -9999 -9999 -9999 -9999 -9999 -9999 -9999 -9999 -9999 -9999 -9999 -9999 -9999 -9999 -9999
3248 4201.9 4113.9 3813.3 3203.4 2954.3 2960.9 2864 2869.5 2919.3 2959.8 2963.5 2822.9 2531.3 2506.1 2377.6 2281.9 2435.1 2517.5 2290 2183.7 2002.4 1986.6 1985.1 2091.7 2170.1 2196.1 2334.4 2496.9 2778.6 2872.6 3020.4 2931.8 2991.9 2830.7 2937.5 2829.2 2553 2421.1 2239.9 2035.1 1801.9 1673.6 -9999 -9999 -9999 -9999 -9999 -9999 -9999 -9999 -9999 -9999 -9999 -9999 -9999 -9999 -9999 -9999 -9999 -9999 -9999 -9999 -9999 -9999 -9999 -9999 -9999 -9999 -9999 -9999 -9999 -9999 -9999 -9999 -9999
3242.3 3760.1 3636.4 3301.6 2838.6 2787.1 2881.1 2885.5 2764.9 2792.6 3077.8 2861.3 2521.6 2482.7 2455.4 2374.6 2238.6 2492.2 2380.3 2318.1 2153.4 1989 2132.3 1791.3 2330.2 2299 2159.7 2174.9 2362.8 2621.4 2785.2 2820.5 2938.9 2816 2712.7 2648 2579.3 2259.8 2201.9 2107.5 2038.7 1814.7 1762.6 -9999 1751.1 1546.9 1479.1 -9999 -9999 -9999 -9999 -9999 -9999 -9999 -9999 -9999 -9999 -9999 -9999 -9999 -9999 -9999 -9999 -9999 -9999 -9999 -9999 -9999 -9999 -9999 -9999 -9999 -9999 -9999 -9999 -9999
3267.4 3201 2899.1 2747.9 2535.5 2613.6 2872 2797 2615.9 2411.1 2614.4 2298.1 1760.6 2253.9 2379 2376.5 2189 2332.2 2187.1 2164.8 2086.3 2010.7 1957.4 1910.9 1959.7 1990.8 2035.2 2089.8 2165.5 2294.9 2460.9 2554.8 2632.7 2503.7 2445.4 2168.5 2149.4 2024.5 2030.9 1994.3 1869.3 1831.7 1537.2 1714.8 1710.5 1611.7 1403.8 1299.3 1102.4 954.4 978.3 733 778.7 817.9 -9999 -9999 -9999 -9999 -9999 -9999 -9999 -9999 -9999 -9999 -9999 -9999 -9999 -9999 -9999 -9999 -9999 -9999 -9999 -9999 -9999 -9999
3315.9 3047.5 2747.1 2499.6 2177.7 2457.8 2619.3 2630 2648.3 2637 2391.5 2061.5 1901.4 2243 2279.3 2309 2229.9 2396.8 2261.3 2127 2083.2 2033.7 1864 1930 1838.9 1783.9 1824.2 2033.6 2108.8 2206.2 2179 2193 2609.8 2376.6 2309.1 2084.2 1885.7 1802.3 1779.5 1780.5 1836.7 1707.5 1583.7 1694.8 1624.8 1521.7 1672.7 1397.2 1173.4 1006.3 879.9 587 267.1 632.6 859.4 -9999 -9999 -9999 -9999 -9999 -9999 -9999 -9999 -9999 -9999 -9999 -9999 -9999 -9999 -9999 -9999 -9999 -9999 -9999 -9999 -9999
3184.6 2992.4 2672.9 2494 2333.1 2387.5 2419 2495.6 2541.8 2559.6 2362.9 2070.6 1904 2074.4 2178.6 2180.1 2229.9 2274.8 2211.6 2194.8 2153.9 2056.2 1889.1 1899.2 1840.6 1727.2 1732.9 1884.7 2024.8 2100.1 2122.2 2192 2368.8 2368 2268.6 2148 2065.7 1913.8 1641.6 1624 1676.3 1654.4 1633.2 1471.1 1468.3 1476.1 1506.3 1448.8 1440.1 1121 967.3 604.6 512.7 730.9 647.5 613.4 -9999 -9999 -9999 -9999 -9999 -9999 -9999 -9999 -9999 -9999 -9999 -9999 -9999 -9999 -9999 -9999 -9999 -9999 -9999 -9999
3023 2932.3 2761.4 2701.9 2614.3 2451 2418.7 2413.1 2383.2 2408 2355.8 2209.1 1994.7 2005.8 2167.9 2234.7 2222.6 2179 2210.6 2094.8 2249 2091.4 1872.4 1909.6 1852.1 1752.5 1745.6 1817.3 1908.9 1970.4 2066.8 2158.4 2169.2 2080.5 2077.3 2262.5 2086.6 1818 1540.6 1439.9 1422.3 1392.2 1562.9 1391.9 1344 1184.4 1260.3 1290.5 1211.2 949.4 748.8 489.6 443.7 476 456.6 413.8 459.8 -9999 -9999 -9999 -9999 -9999 -9999 -9999 -9999 -9999 -9999 -9999 -9999 -9999 -9999 -9999 -9999 -9999 -9999 -9999
2940.5 2869.1 2699.5 2662.7 2663.4 2450.7 2328.8 2174.9 2137.2 2233.6 2289 2272.3 2175.8 2133.3 2155.7 2186.4 2167.9 2100 2077.7 2228.7 2324 2140 1959.5 1969.6 1947.4 1881.7 1906.4 1912.6 1942.1 1969.5 2021.4 2105.4 2169.9 2102.3 1991.3 2013.7 1875.5 1676 1431 1194.8 1244.4 1175.9 1260.2 1299.3 1321.1 1440.1 1460.4 1430.3 1110.2 860.9 666.3 469.7 496.7 485.7 508.3 463.5 472.5 470.5 431.6 344.8 554 -9999 -9999 -9999 -9999 -9999 -9999 -9999 -9999 -9999 -9999 -9999 -9999 -9999 -9999 -9999
2966.2 2911.6 2625.3 2314.7 2390.6 2337.8 2025.8 1838.6 1849.6 2388.1 2226.8 2226.6 2221.8 2214.9 2167.2 2120.1 2090.2 2072.8 2113.9 2180.6 2172.2 2099 1979.6 1993 1979.7 1950.1 1987 2051 2097.8 2130.3 2190.6 2183.5 2199.8 2171.5 2011.9 1895.1 1804.1 1676.7 1434.1 1368 1265.2 1122.7 1169.2 1209.7 1252.2 1346.4 1441.6 1292.5 1188.9 870.2 685.6 444.3 552.4 574 512.2 670.2 535.7 715.5 531.9 328.1 543.3 1174.1 -9999 -9999 -9999 -9999 -9999 -9999 -9999 -9999 -9999 -9999 -9999 -9999 -9999 -9999
3017.8 2980.8 2922.4 2250.8 2185.6 2048.1 1801.4 1660.2 1642.5 2019.9 2142.1 2215.3 2177.6 2171.8 2197.3 2137.7 2051.2 2170.9 2186.2 2134.4 2105 2085.6 2019.1 2004.4 1988.9 1990.7 2021.7 2110.7 2159.7 2210.5 2258.9 2251.6 2183.4 2063.3 1993.9 1910.2 1793.1 1632.6 1445.9 1346.7 1287 1184.5 1152.7 1213 1237.6 1268.8 1334.1 1254.2 1068.6 857.6 545.3 489.2 599 603.4 597.2 675.4 780.1 675.2 515.5 533.1 410.5 1050.7 -9999 -9999 -9999 -9999 -9999 -9999 -9999 -9999 -9999 -9999 -9999 -9999 -9999 -9999
2317.1 2368 2281.2 2044.3 1983.4 1896 1810.5 1822.3 2040.9 2052.1 2128.8 2088.5 1996.3 2097.9 2229.9 2215.1 2282 2389.7 2393.3 2222.4 2095.2 2080.3 2054.4 2038.2 2016.8 2029.5 2076 2144 2107.8 2291.7 2263.2 2257.6 2145.9 2027.7 1954.8 1934.1 1854.6 1647.3 1461.9 1330.9 1291 1229.1 1208.8 1233.1 1165 1084 1124.6 1018.4 912.2 878.3 621.5 558.8 714.4 763 647.7 677.4 644.3 654.9 523.7 378.8 935.1 1097.1 -9999 -9999 -9999 -9999 -9999 -9999 -9999 -9999 -9999 -9999 -9999 -9999 -9999 -9999
2047.9 1700.6 1960.8 1900.6 1819.6 1747 1840.8 1852.6 1966.8 2136 2229.1 2165.2 1678.1 2067.6 2172.2 2181.5 2439.4 2558.9 2475.1 2286.8 2100.7 2072.4 2075.1 2075 2050.8 2062.3 2090.9 2114.5 2122.7 2138.1 1972.3 2011.2 2047.3 1965.3 1915.3 1878.8 1813.6 1683.7 1526.2 1343.4 1286.2 1199.2 1139 1110.2 1041.5 1034.6 1000.9 886.2 829.4 696.2 617.1 615.4 749 791.1 707.2 764.3 1070.1 690.9 510.4 375.6 783.4 1074.8 -9999 -9999 -9999 -9999 -9999 -9999 -9999 -9999 -9999 -9999 -9999 -9999 -9999 -9999
2114.2 1340.6 1579.9 1630.2 1602.1 1630.5 1748.1 1829.6 1948.6 2169.4 2359.6 2581.3 2186.1 2138.8 2195.6 2260 2444.2 2544.1 2485.7 2326.3 2150.4 2101.9 2142.2 2170.4 2142.3 2090 2086.9 2092.4 2093.1 2075.6 1991.3 1945.3 1932.1 1879 1841.2 1816.8 1749 1677.3 1568.5 1365.7 1268.5 1111.1 1074.4 1050.6 1003.5 965.8 881.7 800.9 716.2 613.7 630.5 683.6 638.4 624.8 611.8 702.5 674.2 657 561 522 791.4 1523.2 -9999 -9999 -9999 -9999 -9999 -9999 -9999 -9999 -9999 -9999 -9999 -9999 -9999 -9999
2103.8 1620.7 1462.5 1402.9 1469.1 1513.8 1612.1 1708.9 1849.8 2098.3 2315.4 2406.3 2287.8 2195.1 2232.9 2330.4 2445.2 2509.5 2460.6 2356.2 2276.8 2262.2 2301.4 2336.6 2315.3 2205.2 2106.1 2072.4 2055.1 2018 1951.3 1895.9 1884.4 1832.9 1779.3 1757.2 1705.4 1644.5 1481.2 1355.8 1292 1103.4 1034.4 1040.5 910.5 954.5 822.9 729.5 628.4 550.2 503.3 511.6 470.8 521.8 515.1 521.6 569.7 497.9 720.5 729.5 797.3 1890.9 -9999 -9999 -9999 -9999 -9999 -9999 -9999 -9999 -9999 -9999 -9999 -9999 -9999 -9999
1967.4 1606.7 1485 1396.1 1338.1 1482.3 1557.5 1655 1836.2 1989.5 2180.1 2223.6 2169.5 2116.6 2160.9 2302.3 2443.3 2451.5 2399.3 2357.8 2361.1 2422.9 2461.7 2469.8 2461 2394.2 2209.1 2069.3 2007.5 1943.1 1873.6 1858.7 1848.1 1809.9 1751 1691.6 1656.6 1571.3 1435.4 1341.9 1305.7 1140.2 978.8 919 924.4 838.1 833.3 641.2 594 517.3 498.4 521.7 403.3 451.2 351.4 329.4 452.1 742.7 711.9 911.7 1589.1 2412.5 -9999 -9999 -9999 -9999 -9999 -9999 -9999 -9999 -9999 -9999 -9999 -9999 -9999 -9999
1794.2 1556.7 1494.4 1483.1 1500.6 1574 1600.3 1675.3 1813.7 1905.3 1994.3 2025.2 2013.5 1991.4 2001.5 2118.5 2260.2 2316.6 2313.6 2306 2376.7 2525.4 2605.5 2573.4 2565.5 2525.2 2416.2 2105.4 1914.8 1821.9 1846.1 1857.3 1846.6 1811.5 1746.3 1639.9 1619.9 1607 1486.6 1282.6 1294.2 1161.6 1141.3 1002.4 885.5 742.1 700.7 666.2 526.1 468.1 467.4 512.9 417.9 389.8 349.1 359.7 832 681.9 767.1 1441.3 1926.7 -9999 -9999 -9999 -9999 -9999 -9999 -9999 -9999 -9999 -9999 -9999 -9999 -9999 -9999 -9999
1860.6 1581.4 1584.8 1566.3 1618.5 1616.2 1631.2 1683.4 1753.4 1822.8 1879.4 1942.7 1994.7 1967.6 1968.9 2019 2110.2 2202.3 2240.9 2243.9 2336.3 2494.3 2589.1 2595.5 2573.7 2525.8 2344 1950.2 1844.4 1867.3 1892 1905.1 1908.6 1899.3 1806 1648.2 1542.4 1563.2 1388.3 1229.9 1142.4 1070.5 1081.6 994.4 824.4 662.3 637.4 578.4 455.1 469.2 429.2 442 439.3 370 351.2 422.1 425 440.3 790.8 1253.9 -9999 -9999 -9999 -9999 -9999 -9999 -9999 -9999 -9999 -9999 -9999 -9999 -9999 -9999 -9999 -9999
1916 1720.3 1597.5 1719.6 1804.2 1758.1 1703 1684.6 1715.7 1759 1853.4 1965.6 2048.4 1981.8 1997.6 2036.8 2090.7 2163.7 2225.9 2253.2 2323.7 2442.7 2514.5 2521.3 2463.6 2303.5 2047.2 1820.5 1795.6 1805.6 1828.2 1856.4 1881.3 1877.1 1830.6 1722.4 1563.3 1556.1 1421 1161.2 1039.2 1009.6 897.4 820.1 757.6 608.7 540.6 518.8 548.2 545.9 541.8 610 515.7 483.6 454.4 512.4 330.2 525.6 680.6 -9999 -9999 -9999 -9999 -9999 -9999 -9999 -9999 -9999 -9999 -9999 -9999 -9999 -9999 -9999 -9999 -9999
1933.6 1720.3 1717.1 1863.7 1995.2 1914.3 1824.7 1756.8 1720.5 1807.6 1878.6 1965.7 2032.8 2042.3 2044 2063.5 2107.8 2165.1 2217.6 2264.2 2332.7 2416.7 2468.5 2470.6 2316.9 2082.6 1849.9 1786.2 1771.2 1778.4 1775.5 1756.9 1770 1785.4 1749.7 1608.9 1646.5 1557.1 1487.1 1028 911.8 917.7 813.3 717.1 714.8 543.4 456.6 465.2 457.1 470 621.6 681.4 477.1 417 504.6 521.4 1084.3 839.5 -9999 -9999 -9999 -9999 -9999 -9999 -9999 -9999 -9999 -9999 -9999 -9999 -9999 -9999 -9999 -9999 -9999 -9999
1931.8 1891.3 1816.1 1965.9 2125.1 2062.8 1943.5 1867.9 1861 1913.1 1947.3 1996.4 2033.1 2046.7 2052.2 2065 2147.3 2204.2 2220 2256.7 2318 2391.5 2416 2305.3 2078.6 1863.2 1801.2 1776.1 1755 1750.8 1772.2 1703 1648.6 1656.9 1612.5 1542 1538.7 1509.6 1492.9 1297.6 879.6 818.7 766.2 689 593.6 469.8 503.9 450.2 411.2 560.3 686.6 635.2 409 479.4 491.1 606.4 767.3 1015 -9999 -9999 -9999 -9999 -9999 -9999 -9999 -9999 -9999 -9999 -9999 -9999 -9999 -9999 -9999 -9999 -9999 -9999
1912.4 1927.4 1852.2 1831.6 1890.6 1975.1 1973.8 1950.3 1942.7 1943.7 2025.2 2016.3 2052.2 2069.8 2078.1 2101.1 2178.7 2226.7 2229.8 2237.2 2275.4 2335.2 2279.2 2020.8 1843.3 1800.5 1786.1 1781 1750.3 1707.5 1730.9 1654.1 1607.6 1472.5 1480.7 1497.5 1614.9 1484.7 1504.4 1586.7 1137 865.1 800.6 656.5 616.3 541.3 591.8 556.9 606.4 641.8 836.5 654.1 652 540.8 730.1 846.9 1133 -9999 -9999 -9999 -9999 -9999 -9999 -9999 -9999 -9999 -9999 -9999 -9999 -9999 -9999 -9999 -9999 -9999 -9999 -9999
1855.4 1837.9 1810.9 1743.4 1652.1 1648.3 1829.4 1934.8 1949.3 1929.6 1937.8 1996.1 2053.3 2080.9 2099.4 2123.2 2167.8 2209.2 2218.5 2206.6 2190.4 2173.4 1892 1812.4 1794.7 1781.6 1775.5 1780.1 1784.7 1658.2 1600.1 1587.2 1527.7 1492.8 1386.8 1488.1 1397.1 1266 1659.8 1600.6 1278.2 889.9 846 712.1 631.2 528.3 395.4 531.6 575.1 689.3 639.7 634.9 649.7 708.7 1108.5 1325.9 -9999 -9999 -9999 -9999 -9999 -9999 -9999 -9999 -9999 -9999 -9999 -9999 -9999 -9999 -9999 -9999 -9999 -9999 -9999 -9999
1837.5 1828.9 1887.9 1687.7 1565.9 1550.2 1667.9 1874 1955.9 1936.9 1946.7 1967.2 2035.3 2086.2 2105 2128.9 2156.7 2171.8 2159 2127.2 2076.8 2023.9 1870.1 1820.9 1801.1 1780.1 1754.1 1723.5 1676 1649.5 1594.2 1561.1 1546.9 1540.3 1484.5 1473.2 1357.1 1444.3 1554.5 1522.8 1176.8 928.4 818.2 671.4 531.5 474.6 546.4 565.1 659.9 781.4 562.7 498 544.9 963.8 -9999 1737.9 -9999 -9999 -9999 -9999 -9999 -9999 -9999 -9999 -9999 -9999 -9999 -9999 -9999 -9999 -9999 -9999 -9999 -9999 -9999 -9999
1849.6 1754 1588.1 1526.2 1480.8 1526.1 1559 1763 1926.3 1924.6 1927.2 1994.2 2078.4 2090.2 2122 2139.9 2156.5 2135.1 2087.7 2054.7 2038.6 2024.3 1937.7 1841.9 1811 1783.4 1764.6 1718.8 1673.8 1636.7 1596.1 1664 1619.4 1698.6 1617.6 1483 1422.3 1364.7 1397.2 1243.5 1168.2 855.8 730.1 656.4 562.2 535.6 537.3 521.4 772.1 700.9 566.6 588.5 707.8 1504.2 -9999 -9999 -9999 -9999 -9999 -9999 -9999 -9999 -9999 -9999 -9999 -9999 -9999 -9999 -9999 -9999 -9999 -9999 -9999 -9999 -9999 -9999
1876.4 1697.9 1728.3 1638.8 1576.3 1575 1525.7 1512 1890.4 1820.4 1795.2 1833.7 1915.5 1999 2121 2174.6 2151.9 2115.9 2092.3 2074.9 2054.6 2033.2 2077.7 1885.6 1832 1786.3 1745.1 1702.8 1692.1 1642.3 1618.3 1526.2 1618.4 1702.7 1898.1 1593.7 1583.8 1524.7 1153.3 1164.5 1122.5 827.7 745.7 610.1 527.1 597.9 551.5 478.4 506 603 492.3 651 1870.9 1780.3 -9999 -9999 -9999 -9999 -9999 -9999 -9999 -9999 -9999 -9999 -9999 -9999 -9999 -9999 -9999 -9999 -9999 -9999 -9999 -9999 -9999 -9999
2160.7 2178.1 2241 2096 1898 1612.4 1398.1 1243.4 1248.5 1442 1493.9 1530.4 1600.7 1718.2 1947.1 2085.1 2105.8 2126.4 2117.6 2080.9 2022.8 2062.9 2211.8 2018.4 1876 1794.4 1736.1 1694.6 1668.3 1640.6 1594 1596.9 1670 1678.1 1711.6 1550 1585.7 1420.6 1230 1158.1 1080.3 804.6 674.1 600.7 509 592.2 525.4 501.3 484.3 531.4 496.3 669.2 1197.4 1511.8 -9999 -9999 -9999 -9999 -9999 -9999 -9999 -9999 -9999 -9999 -9999 -9999 -9999 -9999 -9999 -9999 -9999 -9999 -9999 -9999 -9999 -9999
2652 2633.3 2878.9 2438.9 2000.3 1521.5 1294.7 1177.2 1142.9 1209.9 1274.6 1331.6 1405.2 1568.8 1700.6 1871.2 2002.8 2053.6 2067.3 1905.2 1970.9 2102.3 2178.7 2067.2 1977 1853.7 1758.5 1683.7 1658 1646.7 1687.4 1705.1 1866.6 1701.6 1590.7 1577.7 1595.3 1508.4 1317.2 1178.2 1050.1 962.6 709 583.1 510 476.5 460.2 473.9 312.8 576.5 641.7 900.1 1025.2 1452.6 -9999 -9999 -9999 -9999 -9999 -9999 -9999 -9999 -9999 -9999 -9999 -9999 -9999 -9999 -9999 -9999 -9999 -9999 -9999 -9999 -9999 -9999
2542.2 2667.6 2635.3 2368.6 1843.1 1512.2 1250.4 1136.5 1076.1 1102.6 1199.8 1289.5 1397.6 1598.9 1599.6 1664.1 1738.9 1551.6 1716 1793.5 2120.4 2122.8 2103.4 2061 2018.1 1894 1805.4 1710.9 1658.9 1576.7 1637.1 1716.8 1669.4 1610.6 1586.1 1533 1555.1 1669.3 1416.9 1142.4 986 891 634.4 517.1 433.8 466.1 530.6 522.1 543.5 637.1 681.6 740.3 886.7 1457.7 -9999 -9999 -9999 -9999 -9999 -9999 -9999 -9999 -9999 -9999 -9999 -9999 -9999 -9999 -9999 -9999 -9999 -9999 -9999 -9999 -9999 -9999
2898 3198.2 3267.5 2667 1634.2 1401.2 1140.9 1097.9 1036.4 1040.9 1107.6 1232.5 1363.1 1471 1470.2 1460.5 1497.4 1538.9 1603.2 1575.5 1938.6 2083.2 1965.7 2006.8 2029.8 1915.5 1836.7 1711.5 1695.8 1660 1635.2 1774.1 1731.6 1727.5 1682.1 1638.2 1550.2 1565 1372 1067.3 920.9 799.4 597.6 479.5 450.8 402.7 568.9 539.7 589.9 668.3 1072.3 750 926.3 1324.7 -9999 -9999 -9999 -9999 -9999 -9999 -9999 -9999 -9999 -9999 -9999 -9999 -9999 -9999 -9999 -9999 -9999 -9999 -9999 -9999 -9999 -9999
3578 4198.3 4429.1 3702.5 1848.9 1208.8 1045.5 1092.8 1055.8 1053.7 1069.3 1136.9 1289.4 1389.2 1389.6 1394.7 1433.3 1503.3 1553 1615.8 1742.4 1870.1 1788.4 1888.4 1993.2 1922.3 1645.3 1743.8 1713.8 1671.4 1695.4 1707 1661.3 1658.7 1655.7 1624 1711.5 1420.2 1314 1051.3 868.8 743.7 639.4 583.3 428.5 475.4 566.4 516.4 540.7 665.9 716 752.4 975.7 1224.3 -9999 -9999 -9999 -9999 -9999 -9999 -9999 -9999 -9999 -9999 -9999 -9999 -9999 -9999 -9999 -9999 -9999 -9999 -9999 -9999 -9999 -9999
2765 3734.3 4575.9 3215.5 2007.9 1328.5 1122.7 1125.5 1094.5 1049.5 1033.7 1037.3 1119.9 1276.4 1313.1 1315 1304.4 1415.2 1511.8 1583.8 1667.7 1725.6 1721.4 1850.3 1889.1 1860.5 1764.1 1725.8 1743.2 1635.1 1549.3 1558.5 1545.5 1562.6 1668.2 1674.3 1528.9 1518.9 1469.5 1017.7 841.1 658.4 1027.9 671.8 518 439.9 541.8 440.4 476.2 578.7 823.9 952.2 1137 1228.3 -9999 -9999 -9999 -9999 -9999 -9999 -9999 -9999 -9999 -9999 -9999 -9999 -9999 -9999 -9999 -9999 -9999 -9999 -9999 -9999 -9999 -9999
1447.7 2970.6 2805.7 2179.1 1701.3 1230.5 1134.9 1116.9 1048.4 972.3 920.2 939.9 1004.2 1121.4 1219.6 1251.8 1278.9 1298.6 1352.8 1458.4 1574.7 1611.4 1738.8 1921.3 1867.9 1890.5 1770.3 1697.8 1679.6 1508 1461.3 1459.1 1503.1 1610.9 1462 1535.9 1449.7 1656.8 2111.7 1061.2 862.6 688.7 502.2 548.9 486.5 522 519.1 458.6 625.2 765.1 820.2 942.6 1062.6 1242.3 -9999 -9999 -9999 -9999 -9999 -9999 -9999 -9999 -9999 -9999 -9999 -9999 -9999 -9999 -9999 -9999 -9999 -9999 -9999 -9999 -9999 -9999
883.1 719.5 1056.2 970 977 1127.4 1078.6 1068.8 929.2 886 819.8 898.9 1005.8 1099 1152.5 1165.2 1180.4 1213.2 1296.6 1378.8 1512.5 1583.3 1688.3 1824.2 1807.8 1807.6 1706 1643.8 1681.3 1544.1 1412.1 1463.2 1524.6 1491.2 1380.5 1373.4 1381.1 1419.2 1248.9 955.2 831.6 709.5 632.4 611.5 627.2 578.5 603.2 697.4 779 837.8 782.1 900.5 1211.6 1470.9 -9999 -9999 -9999 -9999 -9999 -9999 -9999 -9999 -9999 -9999 -9999 -9999 -9999 -9999 -9999 -9999 -9999 -9999 -9999 -9999 -9999 -9999
612.1 493.8 550.1 563.4 585 866.6 976.9 973.5 867 858.2 873.2 950 1056.3 1093 1115.7 1121.4 1163.3 1196.1 1265.5 1381.9 1506 1539.7 1571.8 1629.8 1695.5 1721.4 1667.7 1647.7 1626.2 1554.9 1458.1 1422.1 1420.1 1402 1317.9 1409.6 1345.5 1249.9 1223.6 1102.2 951.9 724.3 565.8 460.1 760 729.3 719.7 688.4 601.8 746.1 884.1 937.3 1185.1 -9999 -9999 -9999 -9999 -9999 -9999 -9999 -9999 -9999 -9999 -9999 -9999 -9999 -9999 -9999 -9999 -9999 -9999 -9999 -9999 -9999 -9999 -9999
