datasets/global_precipitation_1950_2017/rasters/precip_1959-total.asc
NCOLS 720 
NROWS 347 
XLLCORNER -180 
YLLCORNER -90 
CELLSIZE 0.5 
NODATA_value -9999 
[rows 102 to 135 of 347, columns 532 to 607 of 720]
305.6 325 314.9 296.5 275.2 251.8 257.5 267.1 288.4 314.5 332.1 345.3 375.6 429.9 491.6 523 504.1 467.5 437 433.2 446.9 448.6 444.6 464.5 506.2 541.4 556 582.2 615.5 600.3 600.8 623.5 624 626.3 617.8 650.1 797.6 880.1 837.9 862.2 839.1 752.8 776 814.8 788.3 588.7 488.6 531.4 644.5 730.4 824.3 891.2 823.2 788 800.3 923.6 936.6 892.2 875.5 803.8 946 911.8 954.2 896.2 867 877.9 1028.7 1017.9 1002.5 915.5 944.3 -9999 -9999 -9999 -9999 -9999
504.7 498.3 435.4 341.7 283.1 258.9 246.1 235.7 253.2 296.4 329.3 342.1 365.5 444.7 519.8 552.7 543.9 527.5 524.9 515.3 476.3 453.4 446 469.1 516.7 537.2 554.7 577.5 606.1 590.3 597.7 629.3 634.6 687.3 775.6 868 884.9 862.3 830.2 780.1 772.4 742 779.5 823.4 837.2 770.7 709.8 744.7 780.6 766.1 811.3 819.9 793.2 764 674.7 940.8 1027.4 1009.8 988.9 1001.1 1075.3 1045.1 1136.2 1030.1 828.9 807.2 909.3 967 944.9 904.7 1013.2 1035.6 -9999 -9999 -9999 -9999
1003.2 885.2 629.6 395.1 277.2 252.8 254.6 232.1 237.4 293 335 352.5 382.3 488.6 574 588.7 588.9 585.4 585.8 570.4 504.4 451.7 422.4 446.6 486.4 516.7 538.3 571.4 594.2 571.2 575.5 625.2 617.8 697 1038.3 1224.8 1050.3 918.4 814.7 787.6 803 775.8 654.7 830.9 877.2 905.4 908.9 975.8 974.7 936.2 969.6 944.2 851.4 867.3 953.4 1124.6 1251 1119.8 1094.6 1214.5 1356.8 1306.7 1259.9 1171.1 1167.1 1164.2 1054.2 1012.4 915.8 992.5 1063.3 -9999 -9999 -9999 -9999 -9999
1837 1434.5 878.8 484.9 324.4 287.3 302.3 305.8 307.2 335.1 366.9 394.6 446.3 552.3 649.1 644.8 649.1 662.4 661.5 631.1 566.9 490.4 446.4 436.1 463.9 486.1 497.2 529.5 572 577.3 609.7 680.5 654.6 825.8 1172.8 1241.4 1187.7 986.4 854.8 841.8 896.1 854.9 879.8 966.5 884.6 957.7 1071.4 1118.4 1070.1 967.1 954.5 1048.7 1041.1 1038.8 1182.9 1305 1483.8 1375.3 1362 1483.2 1343 1238.8 1309.7 1540.1 1625 1466.7 1382.6 1260.2 1102 1101.8 1141.6 -9999 -9999 -9999 -9999 -9999
2284.5 1882.1 1130 582.5 446.8 425.5 420.3 407.3 390.7 388.2 398.8 415 452.8 531.4 615.5 665 693.9 734.1 770.7 768.8 690.1 582.1 500.7 473.5 476.9 474.2 442 501.9 594 629.5 711 796.2 901.2 1243.7 1465.5 1389.8 1226.5 987.7 858.5 858.6 877.9 907.4 966.1 1123 1075.3 1106.2 1223.1 1210.6 1191.8 1066.4 1023.2 1102.9 1322.8 1230.8 1347.2 1517.1 1537.5 1447 1397.8 1380.7 1408.1 1378.2 1506.2 1922.6 2426 1910.1 1780.1 1530 1463.5 -9999 1391.4 -9999 -9999 -9999 -9999 -9999
2157.7 1776.8 1161.5 654.1 594.8 535.6 542.3 510.7 455.5 419.2 431.6 409.4 412.8 457.2 561.6 671.5 695.5 740.6 801.3 825.2 794.8 706.9 617.4 568.4 561.1 489.6 439.3 516 592.6 666.1 774.9 820.3 948.2 1391.5 1946.4 1625 1382.3 1025.9 898.8 896.7 878.1 975.4 917.7 963.9 1013.6 1110.5 1225.3 1314.3 1366 1282.2 1188.8 1148.7 1198.5 1243.3 1326.7 1629.5 1632.8 1482.6 1365.6 1390.7 1442.1 1572.3 1725 1796.8 1913.3 1754.8 1605.9 1518.3 1559.7 1702.3 1577.9 1495.6 1448.6 -9999 -9999 -9999
1751.8 1141.3 544.7 615.8 827.1 501.1 603.3 441.1 455.3 428.7 409.3 386 346.3 329.7 447.2 730.4 1001.1 1053.9 1282 1307.8 1289.3 1221.6 998.1 743.8 670.1 622.5 590.7 578.4 554.3 683.3 867.3 855.9 989.1 1181.5 1961 1810 1393.9 1114.9 968.8 935.6 939 1001.6 1075.2 1001.3 927.7 1083.9 1196 1344.1 1444.8 1400.6 1346.3 1266.5 1254.4 1253.8 1227.3 1415.1 1597.3 1598.1 1528.2 1541.9 1598 1592.4 1901.8 1808.1 1763.4 1615.2 1563.2 1517 1381.4 1874.4 1843.6 1665.9 -9999 -9999 -9999 -9999
704.2 410.2 339.1 886.2 1335 1814.9 1060.9 362.7 424.8 401.4 381.3 341.4 282.8 246.2 324.3 1433.3 2686.5 3278.1 3539 3010.3 2669.1 2619.8 2110.1 1208.6 908.7 754.7 730.9 660 594.2 719.2 860.1 837.6 1008.1 1251.2 1436.1 1417.3 1285.4 1205.8 1048.1 970.8 1001.9 1069.1 1176.3 1084.9 1075.6 1106 1176.9 1293.3 1405.7 1458.5 1451.7 1399.9 1326.7 1288.9 1269 1335.3 1491.5 1539.4 1489 1495 1500.3 1511.9 1700.9 1778.1 1740.5 1639.9 1609 1638.3 1794.5 2401.6 1901.4 -9999 -9999 -9999 -9999 -9999
863.4 872 1226.1 1667.9 1651.5 1314.7 937.2 698.4 493.2 505.5 704.7 546.8 372.7 314.8 642.9 3611.8 4981.8 4853.6 4004.8 3066 2839 2928.5 3076 2075.3 1376 975.7 852.5 799.3 750.5 786.4 887.2 988.1 1098.5 1212.3 1254 1207.7 1220.5 1190.5 1110.3 1048.7 1004.8 925.6 1062.6 1092.9 1080 1121.5 1214.7 1314.2 1438.4 1473.4 1447.7 1435.7 1401.3 1292.8 1244.8 1295.1 1311.1 1328.7 1307.4 1378.2 1509.2 1647.2 1735.8 1846.3 1835.6 1835.8 1741.3 1741.1 1854.2 1932.9 -9999 -9999 -9999 -9999 -9999 -9999
1540.5 1495.9 2443.6 1540.2 1831.2 1081.1 468.9 1452.8 2885.5 3298.7 3377.9 2625.9 1315.7 947.8 1919.5 3535.7 4301.6 4933.3 3107.7 2771.1 2811.9 3160.7 3696 3275.4 2226.8 1358.7 986.3 915.7 873.6 856.7 932 1054.7 1109 1184.9 1120.1 1013.4 1027.5 1029.2 987.9 998.5 1053.4 1127.6 1169.9 1156.8 1101.4 1182.7 1274.3 1387.3 1455.4 1422.1 1410 1444.9 1548.4 1546.9 1442.2 1346.6 1249.6 1287.6 1333.1 1411.8 1528.4 1562.3 1781.2 2069.6 2082.1 1936.5 1876.6 1896.1 1957.8 -9999 -9999 -9999 -9999 -9999 -9999 -9999
995.6 1502.9 1076.8 1004.2 2293.4 2262.5 2218.5 4616.8 4295.5 3163.3 3409.8 3367.2 2851.5 2334.9 2199.7 2634.7 3316.2 2922.2 2510.8 3281.1 2940.9 3420 3905.4 3831.2 3151.9 1868 1160.1 1098.1 853.4 838.5 909.5 1002.6 1051.1 1065.7 980.6 802.2 964.8 965.5 919.1 1015.1 1113.9 1152.5 1167.9 1181.8 1199.1 1173.6 1267 1298.2 1413.6 1417 1375.4 1401.2 1655.9 1938.9 1629.5 1467.8 1382 1480.2 1552.3 1576.9 1634.4 1472.7 1821.1 1911.2 1915.5 1862.6 1846.1 1914.5 2067.1 -9999 -9999 -9999 -9999 -9999 -9999 -9999
955.1 1189.2 1751.3 1462.8 1856 2567 3662.2 4820.3 3411.6 2927.6 3431.6 3338.6 2431.3 2561.5 2294.4 1926.7 2313 2654.5 2829 2919.5 3034.5 3608.4 3865.2 3782.2 3300.2 2165.4 1236 1280.4 834.5 847.9 910.6 1021.3 1111 1041.8 1043 986 1014 1029 1068 1183.1 1180.9 1140.1 1190.5 1245.7 1238.4 1164 1328.4 1413.3 1442.7 1457.3 1451.8 1483.8 1546.3 1554.4 1587.3 1488.6 1449.5 1465.5 1557.6 1726.9 1910.9 1780.1 1747.7 1697.9 1640.1 1703.5 1746.3 1953.7 -9999 -9999 -9999 -9999 -9999 -9999 -9999 -9999
976.6 1114.9 1397.3 1780.1 1570.2 2366.8 2515.5 3522.4 2478.4 2450 2119.2 1710.7 1422.8 1751.5 2010.3 2766.8 3045.8 2746.9 2866.5 3044.2 2935.4 3161.9 3333.2 3237.7 2687.7 2049.4 1340.9 1162 1084.2 987.3 882.4 901 1002.6 932.7 944.5 966.2 1058.7 1188.1 1272.1 1379.8 1273.5 1185.8 1258.7 1310.9 1304.3 1322.9 1440 1528 1624.9 1583.5 1514.1 1524.3 1573 1628.2 1617.2 1546.4 1429.9 1489.5 1659.3 1843.2 1947.5 1907.4 1821.8 1752 1716.5 1682.5 1658.4 -9999 -9999 -9999 -9999 -9999 -9999 -9999 -9999 -9999
950.2 1257.1 1588.3 1478.1 1539 1765.9 2529.5 2589 2750.3 3327.4 2566.1 2281.4 1915.1 1418.3 1280.2 1707.5 2059.8 2270.4 2410.4 2327.8 2488.1 2633.1 2656.6 2499.4 2240.1 1741.2 1346.4 1289.8 1376.6 1125 841.2 654.2 788.1 872.6 866 881 1144.5 1344.4 1268 1300.9 1229.9 1151.8 1334.9 1431.6 1371.3 1399.1 1648.3 1821.7 1970.1 1881.8 1643.1 1566.4 1637.1 1738.4 1690.2 1669.2 1638.7 1654.6 1748.7 1947 2107.8 2009.5 1895 1900 1988.2 1693.8 1596.4 -9999 -9999 -9999 -9999 -9999 -9999 -9999 -9999 -9999
1420.7 1596 1448.9 1686.9 1449 1805.1 2330.5 2403.1 2646.4 3001.5 9124.3 11445.2 4017.1 3192 748.4 1958.3 1824.9 1956.9 2122.5 2020 2288.1 2491.6 2520.1 2270 1806.4 1595.7 1206 1239.7 1214.8 1065.4 816.9 769.9 881.7 922.4 920.6 939.3 1106.2 1230.7 1242.8 1274.4 1189 1082.6 1278.6 1482.3 1569.3 1653.2 1835 1917.5 2134.8 2077 1861.1 1681.5 1689.7 1675.4 1719.4 1812.1 1827.3 1804.3 1888.9 2027.3 2078.9 2068.2 1993 1793.4 1590 1390.9 1348.7 -9999 -9999 -9999 -9999 -9999 -9999 -9999 -9999 -9999
1267 1230 1768 1795.4 1597.4 1854.7 2412.3 2677 2728.4 2710.4 4553.3 4404.3 4002.3 3434.4 2946.3 2023 1874.7 2354.4 2324.5 2078.3 2083.8 2191.6 2208.9 1962.9 1720.6 1618.2 1407.5 1277.1 1223.4 1067.3 842.6 823.3 901.1 880.9 954.9 1065.8 1086.6 1273.2 1387.5 1311.1 1200.1 1185.6 1365.8 1610.3 1709.5 1832.9 1801.6 1980.9 2040 2037.3 1876.2 1734.7 1726.8 1725.8 1772.8 1828 1944 2014.4 2032.8 2019.8 1989 1976.9 1890.3 1691.7 1239.7 1227.3 -9999 -9999 -9999 -9999 2658.5 2188 -9999 -9999 -9999 -9999
1562.7 1534.3 1545.5 2406.6 1752.4 1806.9 2260.8 2617.6 2622.5 2501.3 2676.6 2632.1 3014 2923.9 1435 1764.6 3042 2767.4 2547.8 2219.8 2047.4 2005.2 2021.3 1698.3 1682.3 1648.2 1499 1352.9 1261.4 1188.1 998.9 904 901.4 915 969.1 1098.5 1149.7 1195.5 1314 1264.5 1234.4 1193.8 1337.1 1660.8 1818.2 1868.6 1885.5 1897.5 1920.5 2072.7 1811.3 1743 1783.6 1895 2050.9 2069.3 2103 2173.3 2086.8 1875.4 1977.3 1863.6 1688.7 1591.1 -9999 -9999 -9999 -9999 -9999 2311 3291.9 -9999 -9999 -9999 -9999 -9999
1525.6 1747.3 1880.4 1386.1 1670.6 1878.1 2215.2 -9999 -9999 2578.5 2584.7 2434 2513.5 2252 2107.6 2271.3 2861.5 2926 2581.3 2152.9 1891.8 1782.8 1763.3 1632.4 1613.6 1540 1470.1 1390.3 1289.1 1330.1 1285.9 1046.9 961.5 925.2 881.5 1294.1 1221 1143.2 1283 1406.4 1321.9 1208.3 1391.3 1760.8 1951.2 2024.5 1895.2 1970.5 2153.4 1954.4 1637.5 1699.1 1867 2033.9 2200.3 2347.5 2398 2575.1 2273.9 2005.9 1898.5 1850.9 1539.1 -9999 -9999 -9999 -9999 -9999 1584.8 2955.3 2159.5 -9999 -9999 -9999 -9999 -9999
1667.3 1386.5 1378.6 1503.7 1949.5 2106.8 2141.6 2525.3 2624.6 3018.9 2971.6 2730.7 3185.4 3760.9 2553.3 2131.8 2353.6 2438.9 1802.6 1517.9 1702.1 1404.4 1707.7 1677.5 1584.4 1497.3 1474.3 1491.7 1496.7 1590.5 1690.5 1577.5 1389.8 1012.8 903.2 1156.3 1068.7 1648.3 1742.3 1569.4 1564.7 1538.1 1627.5 1781.2 1870.4 1976.9 1924.5 2170.9 2291.2 1999.7 1793.1 1808.4 1923.3 2000.8 2093.1 2219.2 2377.3 2464.1 2334.3 2085.3 1925.2 1887.9 -9999 -9999 -9999 -9999 -9999 -9999 1784.1 3342.9 2158.7 -9999 -9999 -9999 -9999 -9999
1377.1 1603.5 1608.4 1604.2 2550.9 2342.8 2454.8 2689.8 3181.2 -9999 -9999 3020.9 2821.9 3788.8 2918.5 2265.7 1852.9 1558.5 1165.6 1143.5 1672.9 1782.9 1494.8 1578.2 1529 1371.1 1449.8 1683.6 1682.6 1636.9 1776.7 2300.6 2068.4 1409 1347.4 1632.3 1665.9 2041.4 2074 1634.3 1591.8 1703.4 1622.6 1590.9 1615 1691.1 1824.4 1932.6 2298.1 2075.1 2012.9 2035.1 1968.4 1915.7 2101 -9999 2587.7 2480.7 -9999 -9999 -9999 -9999 -9999 -9999 -9999 -9999 -9999 -9999 1777 4246.8 -9999 -9999 -9999 -9999 -9999 -9999
1712.8 1501.9 1644.6 1250.4 1537 2238.9 2444 2950.3 3656.1 3462.6 -9999 -9999 3025.2 3616.5 3236.8 2419.2 1517.9 1104.5 960.4 975.5 1052.5 1412.6 1444.9 1501.3 1477.2 1433.6 1486.2 1640.7 1627.8 1553.7 1792.4 1832.6 1957.4 1757.5 1883.5 2463.9 1806.8 2037.5 1812.6 1747.3 1742.7 1566.5 1565.6 1826.9 1794.5 1893.4 1764.9 1512.2 1976.6 2030.9 2177.6 2393.2 2256.8 1812.7 2057.1 -9999 -9999 -9999 -9999 -9999 -9999 -9999 -9999 -9999 -9999 -9999 -9999 -9999 -9999 3207.5 -9999 -9999 -9999 -9999 -9999 -9999
1774 1924.1 1588.4 1660.8 1767 1702.2 2267.6 -9999 -9999 -9999 -9999 -9999 3329.1 3724.4 3504.3 2378.2 1504.1 945.3 762.5 839.9 952 1332.5 1792.8 1674.4 1519.2 1354.1 1348 1419.7 1555.7 1556.4 1812.3 2213.4 1895.8 1929.5 1924.4 1806 1656.1 1901.5 1549.3 1837.7 1658.1 1468.9 1735.7 2743.8 2553.3 2071.5 1837.7 1779.7 1621.3 1754.1 2147.4 -9999 2459.6 -9999 -9999 -9999 -9999 -9999 -9999 -9999 -9999 -9999 -9999 -9999 -9999 -9999 -9999 -9999 -9999 -9999 -9999 -9999 -9999 -9999 -9999 -9999
1615.6 1959.2 -9999 -9999 -9999 -9999 -9999 -9999 -9999 -9999 -9999 -9999 3888.9 4576.3 4265.5 3139.8 1816 903.2 847.2 843.9 865.2 2192.9 2004.1 1797.4 1642.5 1348.8 1271.5 1276.5 1506.4 1764.3 1955.5 1805.2 1790.3 1872.9 1781.4 1447.9 1332.1 1329 1364.6 1419.8 1452.2 1666.8 2640.6 -9999 -9999 -9999 -9999 -9999 1352.3 -9999 -9999 -9999 -9999 -9999 -9999 -9999 -9999 -9999 -9999 -9999 -9999 -9999 -9999 -9999 -9999 -9999 -9999 -9999 -9999 -9999 -9999 -9999 -9999 -9999 -9999 -9999
1500.1 1625.3 -9999 -9999 -9999 -9999 -9999 -9999 -9999 -9999 -9999 -9999 -9999 5015.7 4798.5 3554.5 1762.4 1062.4 927.8 946.6 1075 1815.2 1809.1 1664.8 1625 1436.3 1422.4 1489.6 1575.2 1650.9 1516.6 1468.4 1492.3 1547.7 1451.2 1272 1220.3 1271.3 1637.1 1345.1 1431.9 1551.9 -9999 -9999 -9999 -9999 -9999 -9999 1218.9 -9999 -9999 -9999 -9999 -9999 -9999 -9999 -9999 -9999 -9999 -9999 -9999 -9999 -9999 -9999 -9999 -9999 -9999 -9999 -9999 -9999 -9999 -9999 -9999 -9999 -9999 -9999
1624 -9999 -9999 -9999 -9999 -9999 -9999 -9999 -9999 -9999 -9999 -9999 -9999 -9999 -9999 4385.6 1948.6 1364.6 1122.2 1166 1164.6 1490.8 1661.5 1613.7 1494.9 1525.3 1623.2 1712.9 1603.5 1510.9 1357.7 1224.3 1162.2 1195.3 1230.7 1161.9 1117.7 1153.7 1399.7 1545.9 1401.2 -9999 -9999 -9999 -9999 -9999 -9999 -9999 -9999 -9999 -9999 -9999 -9999 -9999 -9999 -9999 -9999 -9999 -9999 -9999 -9999 -9999 -9999 -9999 -9999 -9999 -9999 -9999 -9999 -9999 -9999 -9999 -9999 -9999 -9999 -9999
-9999 -9999 -9999 -9999 -9999 -9999 -9999 -9999 -9999 -9999 -9999 -9999 -9999 -9999 -9999 4932.4 3478.5 1470.2 1242 1304 1646.4 1530.6 1456.4 1502.4 1374.1 1345.2 1517.2 1683.4 1584.9 1418.9 1240.6 1116.9 1024.8 1347.6 1454.8 1314.3 1061.3 1012.3 1292.5 1095.2 -9999 -9999 -9999 -9999 -9999 -9999 -9999 999.3 1197.2 1293.7 -9999 -9999 -9999 -9999 -9999 -9999 -9999 -9999 -9999 -9999 -9999 -9999 -9999 -9999 -9999 -9999 -9999 -9999 -9999 -9999 -9999 -9999 -9999 -9999 -9999 -9999
-9999 -9999 -9999 -9999 -9999 -9999 -9999 -9999 -9999 -9999 -9999 -9999 -9999 -9999 -9999 -9999 4244.2 1876.2 1394.4 1292.2 1886.4 2003.2 1705 1569.1 1338.7 1126.6 1148.3 1186.5 1306.6 1394.4 1296.5 1150.3 1809.2 2080.2 1530.4 1401 1012.5 1134.1 1096.3 1080.1 -9999 -9999 -9999 -9999 -9999 884.4 1058.6 1206.2 1586.8 -9999 -9999 -9999 -9999 -9999 -9999 -9999 -9999 -9999 -9999 -9999 -9999 -9999 -9999 -9999 -9999 -9999 -9999 -9999 -9999 -9999 -9999 -9999 -9999 -9999 -9999 -9999
-9999 -9999 -9999 -9999 -9999 -9999 -9999 -9999 -9999 -9999 -9999 -9999 -9999 -9999 -9999 -9999 4191.1 3015 1669.6 1755.1 2562.3 2875 2462 1693.2 1246.3 980.2 968.1 1124.7 1211.1 1323.1 1372.9 1657.9 2478.8 2647.6 2334 2832.6 2081.4 1550.5 1260.2 -9999 -9999 -9999 -9999 -9999 -9999 1024 1141.1 1239.5 1424.5 -9999 -9999 -9999 -9999 -9999 -9999 -9999 -9999 -9999 -9999 -9999 -9999 -9999 -9999 -9999 -9999 -9999 -9999 -9999 -9999 -9999 -9999 -9999 -9999 -9999 -9999 -9999
-9999 -9999 -9999 -9999 -9999 -9999 -9999 -9999 -9999 -9999 -9999 -9999 -9999 -9999 -9999 -9999 -9999 3369.6 1848.8 1960.4 2913.2 3423.3 3003.5 1683.4 1189.9 1036.2 1131.5 1186.7 1127.6 1230.2 1418.5 1629.8 2075.3 2304.5 2568.3 2983.4 2760.2 2065.3 1527.8 2056.5 -9999 -9999 -9999 -9999 -9999 -9999 -9999 -9999 -9999 -9999 -9999 -9999 -9999 -9999 -9999 -9999 -9999 -9999 -9999 -9999 -9999 -9999 -9999 -9999 -9999 -9999 -9999 -9999 -9999 1903.4 2319.1 1610.7 1565.3 -9999 -9999 -9999
-9999 -9999 -9999 -9999 -9999 -9999 -9999 -9999 -9999 -9999 -9999 -9999 -9999 -9999 -9999 -9999 -9999 4060.5 2409.2 2455.7 2820.2 3611.6 3398.8 2273.8 1518.7 1307.3 1199.5 1164 1163.2 1198.8 1222.9 1287.7 1679.9 1832.8 1883 2145.8 2057.8 1990.8 2164.7 2399.7 2486 -9999 -9999 -9999 -9999 -9999 -9999 -9999 -9999 -9999 -9999 -9999 -9999 -9999 -9999 -9999 -9999 -9999 -9999 -9999 -9999 -9999 -9999 -9999 -9999 -9999 -9999 -9999 -9999 2303.4 1839 1337.4 -9999 -9999 -9999 -9999
-9999 -9999 -9999 -9999 -9999 -9999 -9999 -9999 -9999 -9999 -9999 -9999 -9999 -9999 -9999 -9999 -9999 3515.4 2791.8 2704.8 3081.3 3964.3 4362.6 1971.8 2061 1589.4 1291.6 1242.6 1253 1211.9 1122.7 1144.3 1434.5 1465.3 1423.7 1354.4 1284.2 1744.7 2256.5 2196.3 1956.8 2066 -9999 -9999 -9999 -9999 -9999 -9999 -9999 -9999 -9999 -9999 -9999 -9999 -9999 -9999 -9999 -9999 -9999 -9999 -9999 -9999 -9999 -9999 -9999 -9999 -9999 -9999 -9999 1946.2 2201.1 1603.5 1642.8 -9999 -9999 -9999
-9999 -9999 -9999 -9999 -9999 -9999 -9999 -9999 -9999 -9999 -9999 -9999 -9999 -9999 -9999 -9999 -9999 3136.6 2779.4 2658 3126.3 3504.1 5009.8 4221.3 3239.3 1586.9 1392.6 1274.3 1283.6 1219.9 1083.7 1185.5 1283.5 1247.2 1256.7 1253.2 1324.6 1393.5 1431.5 1543.2 1691 1733.1 2309.5 -9999 -9999 -9999 -9999 -9999 -9999 -9999 -9999 -9999 -9999 -9999 -9999 -9999 -9999 -9999 -9999 -9999 -9999 -9999 -9999 -9999 -9999 -9999 -9999 -9999 -9999 1089.4 1580 1443.5 2267 -9999 -9999 -9999
-9999 -9999 -9999 -9999 -9999 -9999 -9999 -9999 -9999 -9999 -9999 -9999 -9999 -9999 -9999 -9999 3399.6 3280.6 2932.9 2854.6 -9999 -9999 -9999 4751 3660.2 1960.8 1336.2 1231.2 1246.9 1266.9 1319.3 1277.8 1283.2 1193 1131.5 1299.4 1299.2 1349.5 1282.2 1521 1731.1 2120.7 2224.3 2420.7 -9999 -9999 -9999 -9999 -9999 -9999 -9999 -9999 -9999 -9999 -9999 -9999 -9999 -9999 -9999 -9999 -9999 -9999 -9999 -9999 -9999 -9999 -9999 -9999 -9999 1579.8 1362.6 2464.9 -9999 -9999 -9999 -9999
-9999 -9999 -9999 -9999 -9999 -9999 -9999 -9999 -9999 -9999 -9999 -9999 -9999 -9999 -9999 -9999 -9999 -9999 -9999 -9999 -9999 -9999 -9999 4893.1 3624.7 2158.3 1425.9 1166.9 1126.4 1239.1 1369.4 1365.6 1362.5 1279.1 1240.6 1264.3 1244.5 1306.4 1579.8 1759.5 1594.1 2352.5 2559.1 2019.9 1645.5 -9999 -9999 -9999 -9999 -9999 -9999 -9999 -9999 -9999 -9999 -9999 -9999 -9999 -9999 -9999 -9999 -9999 -9999 -9999 -9999 -9999 -9999 -9999 1462.2 1171.9 1582.5 -9999 -9999 -9999 -9999 -9999
