datasets/global_precipitation_1950_2017/rasters/precip_1983-total.asc
NCOLS 720 
NROWS 347 
XLLCORNER -180 
YLLCORNER -90 
CELLSIZE 0.5 
NODATA_value -9999 
[rows 170 to 203 of 347, columns 228 to 303 of 720]
2355.2 2302.6 2618.8 2663.9 2201.2 2288.7 2425.9 2348.4 2048.5 2121.9 2192.6 2243.1 2171.3 1900 1600.8 1375.8 1311 1381.2 1257.8 1253.6 1237.1 1087.5 1235.4 1109.9 1026.2 1016.6 1211.4 1430.7 1576.5 1668.8 1763.3 1728.2 1739 -9999 1710.8 1756.3 1711.2 1884.9 1643.8 1315.9 1162.4 642.8 367.9 -9999 -9999 -9999 -9999 -9999 -9999 -9999 -9999 -9999 -9999 -9999 -9999 -9999 -9999 -9999 -9999 -9999 -9999 -9999 -9999 -9999 -9999 -9999 -9999 -9999 -9999 -9999 -9999 -9999 -9999 -9999 -9999 -9999
2360.6 2919.2 2889.4 2831.8 2512.4 2520.8 2587.4 2536.6 2458.4 2327.2 2247.3 2223.2 2040.4 1748.8 1718.9 1515.7 1304 1253.4 1053.4 1060.3 1092.2 1124.2 1291.7 1266.7 1266.8 1282.5 1445.7 1420.3 1635.1 1826.8 1752.5 1704 1753.9 1811.1 1791.9 1719.2 1378.4 1421.3 1374.3 1252 1043 164.7 459.6 -9999 -9999 -9999 -9999 -9999 -9999 -9999 -9999 -9999 -9999 -9999 -9999 -9999 -9999 -9999 -9999 -9999 -9999 -9999 -9999 -9999 -9999 -9999 -9999 -9999 -9999 -9999 -9999 -9999 -9999 -9999 -9999 -9999
2377.6 2643.1 2576.6 2444.6 2225.6 2374.1 2559.3 2500.8 2221.4 2139.3 2482.1 2078.8 1718.2 1743.9 1789.2 1763.3 1448 1216.1 1250.9 1199.3 1195 1272.2 1427.3 1122.6 1531 1438.8 1351.2 1367.8 1490.8 1647.5 1764.2 1798 1858.8 1683.7 1715.5 1587.8 1271.8 1056.4 1115.3 1205.8 1272.1 931.1 721.5 -9999 936.1 759.2 668.6 -9999 -9999 -9999 -9999 -9999 -9999 -9999 -9999 -9999 -9999 -9999 -9999 -9999 -9999 -9999 -9999 -9999 -9999 -9999 -9999 -9999 -9999 -9999 -9999 -9999 -9999 -9999 -9999 -9999
2598.4 2401.2 2096.5 2089.7 1976 2230.6 2666.3 2415.3 1986.8 1693.4 1975.6 1787 1178.3 1716 1897.6 2017.2 2213.5 1643.3 1248.5 1288.2 1382.5 1317.5 1212.7 1174.7 1178.6 1138.3 1285.9 1330 1261.3 1272.6 1491.8 1639.7 1704.5 1613.3 1545.4 1279.7 1061.4 899.3 976 1153.9 1210.8 1275.7 951.1 896.4 887.9 815.1 730.2 684.2 479.8 397.1 359 324.5 319.9 585.7 -9999 -9999 -9999 -9999 -9999 -9999 -9999 -9999 -9999 -9999 -9999 -9999 -9999 -9999 -9999 -9999 -9999 -9999 -9999 -9999 -9999 -9999
2784.6 2423.1 2114.7 2096.1 2115.3 2021.7 2294.8 2202.2 1906.9 1740.6 1847.8 1684.5 1577 2007.6 1980.2 1844.6 1987.6 2016.6 1648.8 1441.3 1479.4 1380.7 1000.7 1219.7 1051 1023.6 1172.1 1401.8 1181.5 1193.8 1345.7 1432 1668 1551 1458.7 1180.8 914.3 842.8 908.2 1067.1 1124.9 1238.6 949.7 845.5 849.5 859.6 825.1 817.6 575 417 361.2 377.3 195.3 310.6 791.4 -9999 -9999 -9999 -9999 -9999 -9999 -9999 -9999 -9999 -9999 -9999 -9999 -9999 -9999 -9999 -9999 -9999 -9999 -9999 -9999 -9999
2560.1 2518.5 2236.4 2207.3 2163.8 1836.2 1964 2080.6 1991.4 1915.5 1884.5 1761.9 1630.5 1834.5 1905.6 1819.6 1847.2 1835.2 1632.2 1604.6 1548.1 1430.5 1052.3 1164.7 1129 1081 1133.8 1232.1 1231.1 1229.4 1304.3 1372.3 1413.5 1422.7 1443.8 1337.7 1256.9 1128.4 1053.2 1148.9 1085.2 1098 998.4 812.1 798 859.6 931 703.9 570.4 290 348 212.4 286 268.5 526.9 483.8 -9999 -9999 -9999 -9999 -9999 -9999 -9999 -9999 -9999 -9999 -9999 -9999 -9999 -9999 -9999 -9999 -9999 -9999 -9999 -9999
2413.1 2478.7 2419.7 2488.4 2424.1 2117.5 2012.3 2119.1 2113.4 2067.5 2076.8 2066.2 1803.5 1758.5 1852.9 1830.4 1782.8 1634.9 1422.6 1479.7 1321.7 1480.1 1609.6 1463.6 1331.8 1240.7 1254.4 1259.1 1284.5 1279.8 1265 1261.5 1110.6 1101.2 1357.8 1504.5 1344.1 1193 1069.9 1040.8 1036.7 901.7 1084.6 893.8 720.1 715.5 830.2 657.6 534.5 326 357.3 248.9 356.5 381.4 425.6 423.6 221.8 -9999 -9999 -9999 -9999 -9999 -9999 -9999 -9999 -9999 -9999 -9999 -9999 -9999 -9999 -9999 -9999 -9999 -9999 -9999
2450.5 2422.4 2344.1 2515.7 2605.4 2260 2102.1 2190.6 2105.9 2068.1 2172.7 2257.6 2029.1 1910.7 1853 1801.2 1692.1 1517.8 1553.7 1564.5 1672.8 1656.8 1710.4 1736.1 1603 1421 1401.1 1430.2 1418 1369 1274.6 1270.1 1305.9 1332.4 1292.1 1397 1270.7 1169 1021 900.3 957.6 958.4 1032.9 1016.4 659.8 808.7 861.4 855.3 423.6 361 350.1 285.8 278.1 311 412.2 524.2 255.7 233.5 265.8 142.1 446.3 -9999 -9999 -9999 -9999 -9999 -9999 -9999 -9999 -9999 -9999 -9999 -9999 -9999 -9999 -9999
2488.3 2431 2216.1 2045.9 2236.1 2266.4 2365.5 2664.5 2052.2 1973.8 2078.6 2098.2 2075.1 2036.6 1929.1 1762.7 1620.5 1548.7 1544.2 1686.6 1940.1 1772.8 1792.7 1789.2 1706.9 1576.3 1613.8 1661.3 1635.9 1607.3 1564.9 1472.3 1459.3 1457.8 1386.6 1438 1244.1 1184.4 984.2 964.1 1089.4 1012.7 975.4 926.7 901.6 1276.7 853.5 610.2 551.8 388.3 381 339.1 425.7 505.9 395.1 377.6 351.8 250.6 245 162.1 384.3 842.5 -9999 -9999 -9999 -9999 -9999 -9999 -9999 -9999 -9999 -9999 -9999 -9999 -9999 -9999
2517.9 2526.9 2509.4 1870.1 2032.5 2121 2155.2 2093.1 1824.4 1913.9 2045.4 2100.1 2088.6 2079.9 2027.9 1840 1679.9 1710.2 1710 1696.9 1762 1702.8 1763.6 1816.1 1754.8 1687.9 1719.9 1752.1 1717.3 1703 1669.8 1593.1 1540.1 1439.7 1396.4 1699.5 1467.1 1037.7 937.6 941.7 1001.3 808.5 1040.1 1102.1 995.1 771 752.8 781.3 476.8 337.2 353.2 188.4 472.6 456.2 451.4 470 382.1 319.2 211.9 426.8 293.5 744.7 -9999 -9999 -9999 -9999 -9999 -9999 -9999 -9999 -9999 -9999 -9999 -9999 -9999 -9999
1911 2118.6 2114.6 1835.9 1969.3 2002.6 2016.6 1903.7 1729.1 1904.7 2099.2 2140.4 2061.2 2109.9 2125.4 1931.5 1876.2 1946.6 1936.8 1749.7 1437.9 1384.5 1841.1 1880.9 1800.7 1732.5 1730.2 1774.2 1614 1759.8 1663 1623.4 1580.2 1473.2 1434.9 1516.7 1488.3 1116.2 687.3 649.9 977.5 1048.1 1037.1 1216.1 957.9 711.2 699.4 665.7 428.9 364.3 451.3 289.7 329.9 521 399.6 589.1 355.4 325.9 260.6 244.3 691.6 627.8 -9999 -9999 -9999 -9999 -9999 -9999 -9999 -9999 -9999 -9999 -9999 -9999 -9999 -9999
1688.3 1601.1 2424.4 2324.5 2065.5 1890 1914.5 1823.4 1852.7 2059.7 2267.6 2307.6 1912.4 2145.3 2204 1775.4 2029.4 2214.4 2067.8 1866.8 1666.4 1780.7 2222.3 1992.7 1834.9 1742.8 1705.1 1730.2 1679.7 1584.8 1369 1455.8 1535.5 1382 1540 1650.5 1597 1494.3 1176.2 1049.8 1181.7 1166.1 1157.6 1085.3 958 885.8 595.3 512.3 393.7 355.8 345.7 336.2 412.7 643.1 496 634.1 725 497.2 368 232.1 623.5 744.9 -9999 -9999 -9999 -9999 -9999 -9999 -9999 -9999 -9999 -9999 -9999 -9999 -9999 -9999
1762 1214.8 1967.2 2110.2 2070.3 1923.8 1895.6 1823.5 1927.9 2229.4 2262.4 2148.6 2043.7 2031.4 2024.6 1909.8 2187.5 2293.6 2173.5 2038.2 1903.9 1911 2056.1 2007.4 1876.2 1788.3 1781.1 1931.5 1810.4 1519.7 1418.7 1507.3 1565.3 1535 1590.6 1589.3 1514.9 1373.4 1335.2 1228.8 1228.4 1223.7 1030.5 807 603.8 550.6 466.4 571.2 415.3 340.7 408.2 443 401.1 485.2 463.2 532.8 500.7 369.4 316.9 247.5 488.8 723.9 -9999 -9999 -9999 -9999 -9999 -9999 -9999 -9999 -9999 -9999 -9999 -9999 -9999 -9999
1822.3 1630.2 1820.2 1977.5 2107.8 1975.7 1889.7 1791.8 1833.6 2108.5 2194.8 2122.9 1879.7 1884.6 1951.4 2017.8 2129.1 2223.8 2211.5 2134.5 2087 2121 2087.2 2059.2 1989.9 1922.2 1937.4 2048.7 1912.4 1655.5 1544.3 1628.5 1693.5 1493.7 1492.5 1482.9 1354.2 1400.2 1336.7 1186.9 1110.5 951.8 802.5 761.4 608.7 510.7 517.2 402.6 284.5 277.8 250.8 269.9 312.1 423.7 408.5 551.8 570.7 361.3 447.1 449.9 342.7 1262.8 -9999 -9999 -9999 -9999 -9999 -9999 -9999 -9999 -9999 -9999 -9999 -9999 -9999 -9999
1855.8 1656.6 1854 2075 2052.5 1926.5 1901.1 1694.1 1675.7 1866.5 2006.3 1942.8 1781.5 1758.3 1877.6 2043.8 2152.9 2160.9 2199 2112.4 2099.9 2173.5 2172 2120.3 2130.6 2134.6 2057.1 1969.5 1834.5 1650.1 1553.8 1690.4 2147.5 1898 1525.8 1490.1 1470.2 1434.8 1350.6 1235.4 1090.3 882.6 655.9 656.9 740.4 646.9 520.3 404.5 369.7 417.3 262.5 367.3 276.8 458.2 369 353.2 414.9 511.2 465.7 537.6 1566.7 1959.4 -9999 -9999 -9999 -9999 -9999 -9999 -9999 -9999 -9999 -9999 -9999 -9999 -9999 -9999
1636.5 1543.5 1703.5 1949 1963.3 1568 2073.8 1841.2 1756.4 1819.9 1858.2 1795 1729.2 1724.1 1771.6 1862.8 1972.7 2099.6 2125.9 1984.1 2050.7 2203.9 2292.4 2281.9 2326.9 2349.1 2309.8 2008.6 1737.3 1518.7 1569.1 1537.9 1992.8 2070.3 1848.5 1630.2 1698.9 1498.5 1617.9 636.2 1018.5 1051.6 864.2 788.7 713 721.8 561.5 491.4 432.1 375 444.5 375.8 330.7 401.1 437.2 366.9 706.2 357.3 339.3 840.6 1096.4 -9999 -9999 -9999 -9999 -9999 -9999 -9999 -9999 -9999 -9999 -9999 -9999 -9999 -9999 -9999
1612.9 1370.9 1607.6 1787 2010.9 2131.7 2114.6 1905.4 1848.3 1844.1 1752.4 1760.6 1789.4 1751.6 1730.2 1725.2 1704.9 1707.4 1842.5 2130 2005.6 2116.7 2300.5 2393.2 2449 2439.5 2261.2 1857 1698.3 1671.1 1716.8 1818.9 2153.9 2709.8 2085 1669.1 1527 1486.4 1251.6 890.2 1004.9 1003.9 959.1 943.4 591.7 563.7 541.6 560.8 401.6 387.8 309.1 474.9 434.2 379.4 378 420.8 386.3 261.4 419.4 684.3 -9999 -9999 -9999 -9999 -9999 -9999 -9999 -9999 -9999 -9999 -9999 -9999 -9999 -9999 -9999 -9999
1503.4 1490 1496.6 1634.3 1818.7 2049.6 1916.1 1817.9 1712.6 1780.9 1759.1 1784 1851.7 1762.5 1774.7 1667 1441.8 1437.6 1661.3 1920.4 1900.6 2045.2 2290.2 2393.3 2430.1 2251.9 1964.1 1732.4 1680.3 1662.4 1675.9 1748.1 2010.9 2101.3 1935.4 1630.5 1522.9 1505.8 1303.6 1042.2 1067.4 1011.5 934.9 950.8 672 623.8 678.7 584 611.4 383.4 242.5 757.9 633.9 420.4 473.7 564.2 353.4 400 504.4 -9999 -9999 -9999 -9999 -9999 -9999 -9999 -9999 -9999 -9999 -9999 -9999 -9999 -9999 -9999 -9999 -9999
1468 1518.8 1390.8 1376 1638.4 1727.4 1650.3 1542.1 1421 1735.6 1719.7 1729.5 1843.8 2018.9 2046.4 1870.4 1465.3 1376.9 1520.9 1667.1 1867.4 2070.2 2293.4 2355 2290.5 2016.2 1753.9 1693.8 1651.3 1647.5 1658.1 1683.7 1810.3 1940.6 1956.1 1619.3 1742.3 1553.9 1504.8 1161.3 1075.5 1140 986.5 1146.2 587.7 562.7 564.4 635.6 583.5 434.8 431.2 641.6 432.2 385.7 483.6 443.2 1081.7 844 -9999 -9999 -9999 -9999 -9999 -9999 -9999 -9999 -9999 -9999 -9999 -9999 -9999 -9999 -9999 -9999 -9999 -9999
1232.2 1459.3 1321.4 1201.8 1449.6 1582.8 1526.5 1499 1519.3 1615.9 1642.9 1684.1 1854.6 2224.2 2442.6 2394 1886.5 1769.4 1473.5 1354.2 1728.4 2177.7 2623.1 2317.2 2043.6 1774.4 1686.1 1640.1 1604.4 1628.9 1646.6 1718.9 1703.9 1548.7 1631.5 1505.7 1536.6 1448.1 1556.8 1445.1 1033.2 973.4 958.2 992.2 624.2 597.7 701.8 691.6 552.7 483 610.9 710.8 594.7 599.7 513.5 547.1 759.8 1293 -9999 -9999 -9999 -9999 -9999 -9999 -9999 -9999 -9999 -9999 -9999 -9999 -9999 -9999 -9999 -9999 -9999 -9999
1250.1 1365.4 1311.8 1216.9 1263.5 1459.3 1560.4 1623.3 1758 1720.8 1519.6 1610.8 1865.2 2228.9 2421.4 2299.9 2007.3 1929.5 1501.2 1214.3 1653.6 2253.4 2405.1 2054.3 1829.1 1698 1642.7 1573.8 1534.7 1615.8 1757.4 1848.7 1879.5 1317.7 1483.4 1457.7 1370.4 1342.6 1690 1720.9 1084.1 1075.5 948.1 871 777.1 848.5 751 575 578.9 507.7 751 616.2 673.8 541.1 688.4 912.9 1168.4 -9999 -9999 -9999 -9999 -9999 -9999 -9999 -9999 -9999 -9999 -9999 -9999 -9999 -9999 -9999 -9999 -9999 -9999 -9999
1362.7 1406.4 1330.2 1223.5 1220 1329 1574.6 1692.3 1660.1 1612.7 1551.6 1678.1 1849.1 2098 2306.6 2308.2 2048.8 1794.4 1562 1511.8 1765.1 2004 1858 1808.8 1803.9 1711.4 1673.1 1720.6 1842.7 1603.8 1656.6 1854.7 1874.5 1747.5 1627.9 1641.1 1441.3 1193 1822.1 1927.7 1428.6 1112 1075 929.5 782.3 862.8 768.9 752.4 614.1 824.8 662.5 665.4 573.6 662.2 934.7 1056 -9999 -9999 -9999 -9999 -9999 -9999 -9999 -9999 -9999 -9999 -9999 -9999 -9999 -9999 -9999 -9999 -9999 -9999 -9999 -9999
1763.1 1673.2 1514.9 1328.3 1305.2 1340.4 1474.3 1654.7 1643 1609.7 1627.9 1785.2 1814 1879.1 2129.8 2389.7 2121.1 1801.7 1623.8 1620.8 1764.8 1803.3 1739.3 1759.6 1795.9 1791.6 1789 1785.2 1757 1711.8 1747.3 1897.6 1533.1 1741.2 1676.9 1628.5 1596.1 1556.4 1793.4 1722.7 1419.6 1278.5 1115.7 1007 867 769 634.1 891 723.4 864.8 642.4 486.6 580.4 886.3 -9999 1111 -9999 -9999 -9999 -9999 -9999 -9999 -9999 -9999 -9999 -9999 -9999 -9999 -9999 -9999 -9999 -9999 -9999 -9999 -9999 -9999
2092.8 1889.7 1664.9 1375.3 1351.5 1346.8 1357.2 1517.5 1598.3 1527.2 1490.2 1754.7 1876.2 1749.2 1853.9 2229.5 2081.5 1877.2 1822.5 1756.3 1781.3 1808.1 1782.1 1819.6 1801.4 1879.6 1990.5 1975.5 1864.9 1841.6 1825.9 1663.3 1543.2 1953.9 1693.1 1649.4 1735.6 1674.6 1657.6 1370.5 1255.2 1085.9 990.2 1367 944 1009.3 1024.9 1033.4 1199 762.6 700.5 608.5 891 1362.8 -9999 -9999 -9999 -9999 -9999 -9999 -9999 -9999 -9999 -9999 -9999 -9999 -9999 -9999 -9999 -9999 -9999 -9999 -9999 -9999 -9999 -9999
2328.7 2050.6 1813 1587.4 1471.4 1393.2 1299.1 1231.2 1554.4 1466.9 1492.4 1587.3 1534.6 1661.2 1863.2 2016.2 1981 1898.7 1869.6 1785.5 1704.8 1748.9 1887.3 1743.7 1788.9 1898.4 2116.4 2187 2109 1934.4 1993 1659.6 1689 1786.7 1909.6 1770.3 2044.5 2176.2 1584 1447.1 1379.8 1166.4 1089.5 1053.8 993.8 1115.4 1017.7 826.1 695.6 754.9 579.1 730.8 1877.5 1732.3 -9999 -9999 -9999 -9999 -9999 -9999 -9999 -9999 -9999 -9999 -9999 -9999 -9999 -9999 -9999 -9999 -9999 -9999 -9999 -9999 -9999 -9999
2338.1 2222.7 2132.2 2005.1 1813.8 1494.6 1299 1101 1079.8 1297.3 1375.7 1417.1 1459.4 1569 1773.4 1905.8 1926.7 1946.7 1904.6 1710.5 1584.5 1642.1 2017.6 1869.4 1916.2 1959.1 2152 2213.7 2132.4 1863 1509.8 1490.3 1802.2 2074.7 2036.6 1712.8 1682.3 1621.2 1578.4 1536.7 1476.5 1354.4 1279.4 1238.5 1098.9 995.9 936.3 906.1 856.1 774.5 635.6 623.1 1110.8 1542.1 -9999 -9999 -9999 -9999 -9999 -9999 -9999 -9999 -9999 -9999 -9999 -9999 -9999 -9999 -9999 -9999 -9999 -9999 -9999 -9999 -9999 -9999
2581.7 2425.7 2509.1 2273.3 1976.3 1607.1 1511 1406.5 1270.9 1252.5 1302.9 1365.2 1394.2 1495 1532.3 1674.5 1650.4 2020.2 1876.2 1593 1319.5 1670.5 1939.3 2136.7 2366 2092.8 2183.3 2294.4 2135.2 1995.5 1915.5 1902.4 2339 2279.8 1908.3 1818.6 1716.3 1673.9 1632.1 1607.4 1601 1571.9 1375.3 1192.7 958 760.9 1016.6 935.9 501.5 807.4 864 1186.4 1093.7 1775.7 -9999 -9999 -9999 -9999 -9999 -9999 -9999 -9999 -9999 -9999 -9999 -9999 -9999 -9999 -9999 -9999 -9999 -9999 -9999 -9999 -9999 -9999
2465.1 2539.2 2401.9 2219.6 1849 1692.2 1572.3 1493.8 1394 1304.1 1302.1 1351 1412.4 1612.9 1266.9 1385.1 1567.4 1365.6 1630.2 1904.3 1712.6 1751.8 1789.1 1822.9 2020.9 1979.8 2084.6 2236.6 2128.8 1964.3 2123.3 2005.5 1979.2 2027.5 1806.9 1727.6 1810.6 1869.5 1714.7 1580.3 1673.5 1679.2 1370.4 1079.3 1063.1 947.4 1001.5 1184.4 1088.3 943.2 997.4 964.2 996.5 1536.3 -9999 -9999 -9999 -9999 -9999 -9999 -9999 -9999 -9999 -9999 -9999 -9999 -9999 -9999 -9999 -9999 -9999 -9999 -9999 -9999 -9999 -9999
2725.5 3050.5 3174.9 2647.6 1731.2 1664.7 1516.4 1503.6 1383.4 1255.7 1208.5 1271.7 1360.1 1332.6 1185.7 1198.7 1319.5 1389.1 1465.1 1549.3 1721.2 1222.6 1650.9 1790.4 1712.2 1832.5 2268.4 2354.4 2158.1 2003.5 2147.9 2133.5 2007.3 2073.5 1950.7 1855 1617.5 1858.6 1732 1546.4 1666.1 1677.8 1545.2 1301.6 1175.1 1125.2 960.7 1174.5 1217.7 1009 877.1 872.4 1129.2 1425.6 -9999 -9999 -9999 -9999 -9999 -9999 -9999 -9999 -9999 -9999 -9999 -9999 -9999 -9999 -9999 -9999 -9999 -9999 -9999 -9999 -9999 -9999
3190.9 3978.1 4439.5 3760.9 2029.1 1544.3 1508.3 1623.9 1410.6 1135.6 1073.5 1136.1 1189.9 1108.9 884.6 657.3 1195.2 1389 1343.9 1466.6 1526.3 1515.7 1509.8 1654.9 1670.6 1781.8 2236.2 2458 2394.2 2345.9 2223 2191.7 1912.2 1834.5 1735.9 1778.8 1881.8 2138 1849.9 1699.8 1665.5 1417.1 1885.4 1978.6 1231.6 986.9 1198.2 1211.3 1133 1108.9 944.2 923.8 1193.9 1340.3 -9999 -9999 -9999 -9999 -9999 -9999 -9999 -9999 -9999 -9999 -9999 -9999 -9999 -9999 -9999 -9999 -9999 -9999 -9999 -9999 -9999 -9999
2371.6 3606.2 4971.5 3343.3 2153.1 1691.6 1561.4 1512.6 1382.7 1142.1 1045.2 998.4 953 914.5 817.2 888.1 1183 1276.4 1307.6 1330.3 1433.3 1635.3 1509.3 1735.3 1690.6 1910.8 1705.7 2194.3 2324.5 2152.9 1850.9 2033.8 1862.8 1659.1 2098.7 2248.2 2095.8 2152.6 1960.8 1710.9 1736.8 1731.3 2814.1 2165.6 1573 1328.8 1565.3 1077.6 1126.9 1079.6 1218.6 1223 1358 1344.2 -9999 -9999 -9999 -9999 -9999 -9999 -9999 -9999 -9999 -9999 -9999 -9999 -9999 -9999 -9999 -9999 -9999 -9999 -9999 -9999 -9999 -9999
652.6 2303.5 2592.3 2219.5 1888.1 1749.6 1709.6 1608.2 1374.2 1107.6 934.6 876.3 837.5 867.1 1019.5 1206.6 1460.7 1266.8 1173.9 1255.1 1292.4 1451 1520.3 1721.9 1732.8 1922 1792.9 1854.6 1999 1625.7 1961.1 1712.4 1670.8 1897.9 1707 1957.1 1944.4 2198.6 2191.4 1697.4 1779 1822.4 1531.2 1490 1567.5 1541.1 1464.1 1128.5 1325.3 1400.9 1178.7 1184.8 1234.3 1443.5 -9999 -9999 -9999 -9999 -9999 -9999 -9999 -9999 -9999 -9999 -9999 -9999 -9999 -9999 -9999 -9999 -9999 -9999 -9999 -9999 -9999 -9999
510.2 370.4 823.3 1067.8 1419.6 2019.2 1898.3 1785.3 1432.9 1068.3 858.2 858.4 892.9 963.2 1102.7 1235.7 1174.8 1363.8 1220.9 1213.4 1240.5 1418.2 1414 1266.5 1649.3 1876 1772.9 1802.3 1893.4 1870.2 1878.5 1741.4 1803.9 1942.4 1955.2 1838.1 1997 2248.3 2044.1 1983 1804.5 1783.1 1597.8 1602.5 1676.4 1642.1 1551.6 1552.7 1562.7 1535.3 1205.1 1089.5 1549.6 1501.1 -9999 -9999 -9999 -9999 -9999 -9999 -9999 -9999 -9999 -9999 -9999 -9999 -9999 -9999 -9999 -9999 -9999 -9999 -9999 -9999 -9999 -9999
386.3 521.5 499.8 512.7 851.9 1599.6 1805 1815.3 1558.4 1103.8 958.5 983.1 933.7 980.4 1060.1 1186.1 1419.4 1507.6 1330.6 1372.6 1544.6 1346.2 1186.4 1239.6 1574.9 1848.2 1782.6 1867.3 1969.9 1893.6 1861.7 1845 1902.9 1999.9 2012.3 2061.1 2079.1 2112.1 2076.7 2052.1 1910.9 1701.8 1631.1 1570.8 1913.9 1772.7 1685.9 1707.6 1442.9 1192 1339.9 1279.1 1344.7 -9999 -9999 -9999 -9999 -9999 -9999 -9999 -9999 -9999 -9999 -9999 -9999 -9999 -9999 -9999 -9999 -9999 -9999 -9999 -9999 -9999 -9999 -9999
