datasets/global_precipitation_1950_2017/rasters/precip_1987-total.asc
NCOLS 720 
NROWS 347 
XLLCORNER -180 
YLLCORNER -90 
CELLSIZE 0.5 
NODATA_value -9999 
[rows 136 to 169 of 347, columns 380 to 455 of 720]
188 197.4 206.1 159.8 136.4 127.3 126.8 121.3 131.1 145.8 148.1 144.9 116.1 66.5 25.5 13.9 16.1 23.2 26.5 33.6 95.2 90 105.3 108.7 77.7 112 131 145.1 165.3 209.2 267.2 336.7 392.5 405.6 349.8 255.8 183.3 155.6 146.6 147.2 159.8 158.1 139.4 137.2 135.1 161.1 199.3 199.1 154.2 201 225.6 228.2 300.9 374.5 400.4 432.2 489.8 590.9 559.2 -9999 -9999 -9999 -9999 -9999 -9999 92.8 200.8 360.7 445.8 406.1 351.1 305.6 258.3 205.2 148.6 119.6
190.3 189.8 197.1 170.9 143 135.2 123.7 118.4 128.7 143.7 145.6 143.7 148.2 145.7 97.8 49.4 32.9 32.4 83.7 154.8 134.5 82 107.4 175.5 172.7 165.7 173 139.4 167.9 214.5 255.3 321.8 423.9 482.3 361 236.8 175.4 147 149.9 153.3 162.3 177.4 159.3 160.3 134.4 201 248.7 252.6 262.5 415.5 363.2 330 332.9 379.2 425 548.4 657.4 633.4 468.1 441.9 433.5 -9999 -9999 -9999 -9999 -9999 222.6 340.9 393 365 313.1 257.8 210.5 167.8 135.7 116.8
173 179.8 198.3 180.4 151.2 128.1 107.1 113.5 126.9 141.1 137.3 142.1 149.2 158.3 179.7 188.5 197.9 222.7 245.3 228.4 172 110.6 129.9 202 232.4 229.8 262.8 171.5 183 234.6 250.7 287.4 384.7 482.6 317.7 191.4 185.2 150.3 162.1 173.9 185.1 185.4 172.3 179.1 178.5 272.8 298.4 290 373.9 457.5 449.3 405.3 400.5 404.6 573.1 830.3 938.7 573.4 372.9 363.6 451.4 485.5 300.3 -9999 -9999 -9999 233.3 355.5 382.1 315.1 239.1 185.4 147.1 123.2 118.6 123.2
155.3 184.3 206.6 174.8 155.7 151.2 126.2 111.8 124.2 132.1 124 153.9 145.2 146 177.9 211.9 220.3 246.9 272.2 273.6 227 155 157.3 227.1 239 266.3 344.9 376.1 307.7 249 213 241.1 236.6 233.2 249 219.9 216.2 207.9 210.6 203.3 183.8 209.2 230.4 221.2 216.2 249.6 352.9 352.4 472.3 534.1 469.4 511 576.6 718.2 982.6 988.1 891 646.9 555.8 561 556 560.6 348.9 46.3 -9999 76.1 -9999 369.6 441.2 256.8 158.9 122.4 102.3 95.1 107 -9999
225.2 210.6 188.8 150.6 158.2 185.7 161.9 124 109.3 112.3 177.2 222.5 162.2 155.6 211.8 243.6 222.3 296.4 339.6 309.9 333.6 270.8 245.5 275.4 273.6 297.3 382.5 479.9 493.8 341.1 199.7 193.3 196.5 206.8 238.6 262.7 295 285.5 238.1 231.1 227.8 246.1 269.5 278.3 277.7 311.2 372.2 454.1 519 539.3 546.5 622.9 771.8 931.9 1089.7 1099.8 950.8 690.7 721.6 716.5 658.6 632.5 316.5 51.7 38.9 -9999 91 232.6 259.3 136.7 98.6 -9999 -9999 -9999 -9999 -9999
298.7 258.1 231.1 177.6 169.8 217.1 263.1 282 209.4 245.4 264.8 272.5 239.3 248.1 269.2 297.8 383.6 464.1 503.1 493.4 499.7 445 376.8 342.3 329.1 353.6 401.2 479.8 456.1 374.6 273.1 219 216.9 212.8 261.5 307.9 321.2 345.6 323.5 293.8 264 266.9 231.5 325.1 292.1 307.4 377.4 545.2 623.7 553.2 615.9 698.9 825.4 960.8 1134.6 1129.2 1101 769.2 743.7 745.7 688.4 674.9 217.3 92.2 81.3 52.4 -9999 83 94.2 -9999 -9999 -9999 -9999 -9999 -9999 -9999
382.9 378.4 405.5 334.4 271 322.3 359.4 410.5 391.8 375.3 359 312.8 327.9 309.2 310.9 462.3 522.5 575.8 577.1 611.1 560.8 484.9 414.3 387.8 348 293.9 449.3 441.5 372.1 280.9 275.1 311.1 317.1 321.7 338.2 343.5 354.8 394.6 459.9 505.6 395.7 365.6 371.6 362.9 330.8 325.1 395.5 603.2 577.4 535.3 588.3 603.8 780.1 1031.9 1090.4 1180.1 1294 1003.4 808 816.4 782.7 760.9 161.8 130 135.9 135.8 81 -9999 -9999 -9999 -9999 -9999 -9999 -9999 -9999 -9999
480.4 437.3 441.5 444.2 395.2 400.6 384.1 485.8 483.4 406.4 420.6 428.6 434.3 398.4 430.2 541.8 558.2 568.3 627.2 633.1 631.8 565.4 466.8 406.7 370.8 382.3 435.4 488.5 400.6 297.5 294.1 332 312 336.3 380 397.5 405.1 490.6 541.7 519.1 504.9 378.8 464.4 425.4 341.4 423.9 459.1 558.6 520 543.7 560.9 690.6 1017.2 1155.8 1162.1 1253.7 1415.2 1144.5 943.8 928.5 869.6 779.8 228.5 127.8 154.4 198.8 -9999 -9999 -9999 -9999 -9999 -9999 -9999 -9999 -9999 -9999
514.1 436.8 408.3 427.6 458.8 523.8 561.4 613.7 643.9 567.7 512.4 505.5 492.4 555 563.6 561.1 568.1 593.5 663.6 687.2 694.8 652.3 574.8 485.3 461.4 456.4 455.2 443 418.5 400.4 400.3 379.1 336.3 348.8 398.4 433.8 467.4 554.9 558.9 574.6 561.3 507.4 477.5 426.3 305.7 310.4 454.2 619.2 636.4 666 664.8 1052.2 1225.8 1138.3 1208.3 1195.2 1220.5 985.3 952.5 899.3 772 751.5 296.4 158.2 142.9 135.1 95.6 -9999 -9999 -9999 -9999 -9999 -9999 -9999 -9999 -9999
663.7 544.4 468.2 506.2 773.6 1000 947.7 806.4 716.5 653.5 537.8 563.1 693.4 687.1 629.4 576.4 602.4 649.6 689.8 710.1 723.7 703.7 668.9 593.5 543.9 513.3 490.7 461 450.7 471.6 502 415.6 369.5 372.6 407.4 439.9 480.3 559.5 579.2 579 621.7 572.2 532.2 372.1 234.3 279 486.5 678.9 766.4 827.2 1001.9 1348.3 1448.6 1583.6 1441.2 1173.9 1007.3 817.8 768.1 802.2 786.2 792.4 376.2 246.1 198.8 180.8 200.4 179.7 -9999 -9999 -9999 199 245.4 287.9 312.5 257.4
757.3 691.1 608.5 709.6 977.8 1153.6 1386.3 866.1 704.8 696.5 668.2 684 789.1 731.3 745.1 701.6 722.9 810.9 820.6 767.9 746.4 739.2 715.6 631.8 557.6 503 497.4 535.2 548.8 538.3 515 468.8 422.6 459 544.8 586.6 565.1 597.6 602.5 604.5 607.4 566.7 555.8 361.7 151.3 323.5 498.2 617.7 770 1029.8 1326.5 1563.3 1697.8 1586.4 1372.9 1093.1 986.3 774.3 702.9 839.6 889.9 890.4 639.1 551.3 495.5 487.9 507.2 430.2 255.6 168.9 218.2 256.5 256.3 274 289.2 244.9
819.6 793.6 719.8 724.7 796.4 855.8 843.1 737.5 705.6 772.3 776.9 871 889.8 896.9 884 835.2 834.2 893.7 897.8 848.7 814.1 790.3 771 674.6 566.7 517 536.4 588.1 577.2 557.4 618 657.9 695.7 738.9 828.5 859.9 847 781.8 703.6 658.6 650.6 656.7 649.3 611.9 510.8 473.2 534.6 682.4 943.4 1292.8 1537.6 1711.1 1812.9 1685.3 1528.1 1211 996.4 859.8 774 1033 1019.4 900.5 787.5 775.4 690.8 597.2 530.5 427.2 355.2 333.9 393.6 250.8 251.8 252.1 242.1 202.9
890.6 850.2 746.5 733.3 719.6 778.8 739.7 710.5 623.1 782.8 829.4 910.3 922.8 975.3 904.6 823.3 786 881.2 908.3 915.6 936.1 921.6 881.9 778.5 646.3 565.7 588.2 666.5 751.4 667.7 726.7 817.4 892.6 929.8 951.8 977.8 967.8 905.8 817.6 725.3 722.1 744.7 697.4 661.1 587.2 557.9 561.4 700.4 1046.1 1353.6 1621.4 1791 1943.7 1785.6 1371.6 1195.7 895.7 945.7 774.2 735.4 736.1 916.5 829.3 783 745.1 629.5 579.7 421 369.1 333.7 279.4 239.3 243.1 224.5 201.3 184.9
913.7 887.7 834.6 843 900 1019.9 1165 1034.2 760 829.7 930.6 930.1 928 988.3 860.3 831.8 830 833.6 887 978.7 1054.8 1023.1 989.2 941.2 812.5 702.4 700.7 738.7 751 746.6 788.7 898.1 969.3 996.8 1011.2 1020.5 1050.2 992.6 897.6 824.4 785.5 778.9 717.1 652.3 608.3 586.4 572 706.1 950.5 1223.2 1631.5 1800.1 1879.2 1667.1 1447.3 1172.9 967.9 814.9 772.4 533.3 712.8 978.3 884.7 749.3 685.2 628.2 587.7 472.9 384.4 332.6 295.3 264.1 236.8 210.6 186.4 178
914.7 931.2 1007.2 1095.1 1126.1 1204.4 1292.6 1278.3 1106.2 911.1 960.2 986.7 913.1 949.9 930.1 956.6 905.9 866.1 912.1 1032.3 1108.1 1036.1 1050.4 1080.8 1098.9 1086.5 998.2 910.5 837.9 800.1 793.7 907.7 1034.2 1096.6 1122.4 1157.9 1152.6 1062.6 967.8 896.4 837.2 779.5 721.3 656.9 648.2 636 615.7 695.9 762.8 985.5 1831.2 1763.3 1756.7 1952.4 1461.2 1218.6 1103.2 858 778.6 586.3 641.1 766.7 913.3 735.4 677.3 655.3 617.1 502.7 395 346 306 267.7 235.1 207.2 193.9 189.3
937.6 1050.5 1345.7 1450.1 1385.7 1356.9 1364.6 1379.3 1359 1075.2 980 936.9 940.8 907.9 941 977.4 1008.7 997.6 1032.3 1102.2 1115 1104.2 1120.4 1183 1259.9 1287.3 1250.7 1147.1 1018.3 912 882.1 979.6 1168.5 1211.8 1236.1 1278.7 1234.6 1128.3 1035 953.1 845.9 726.4 670.8 672.4 700.2 666.2 625.9 661.7 801.1 1232 1768.7 1789 1625.2 1488.6 1275.8 1024.1 1028.4 716.1 696.1 530.6 729.8 726 782.8 760.4 627.1 584.9 506 445.1 423.4 401.2 356.3 271.2 232.4 216.9 208.3 202
1162.3 1381.3 1503.9 1522.5 1508 1466.9 1428.3 1396.5 1379.9 1272.8 1109 1041.3 982.4 992.8 1083.1 1114.7 1073.7 1085.2 1135 1182.5 1195.3 1208.5 1238.3 1284.4 1289 1289.3 1324.1 1323.2 1262.3 1105.9 1030.5 1101.7 1225.7 1265.5 1289.9 1310.8 1244.3 1090.6 1082.9 996.3 835.3 657.6 623.9 649.9 687.2 651.9 572.2 585.3 735.1 1328.9 1688.5 1694.2 1655.1 1554.9 1318.7 1183.9 1022.2 1072.8 761 808.9 723.4 654.1 649.8 475.2 394.8 419.2 416 409 416.7 416.5 392 300.6 235.8 227.5 222.8 217.6
1640.5 1506.1 1523.2 1511.9 1532.8 1543.1 1455.7 1384.8 1363.3 1326.9 1265.1 1231.3 1125.7 1113 1154.4 1175.2 1069.2 1106.4 1169 1280.1 1343.4 1311.5 1270.4 1271.2 1246.2 1290.5 1356.8 1432.1 1438.1 1340.5 1239.3 1258.1 1317.1 1354.7 1340.9 1290.2 1237.3 1168.2 1088.9 978.5 818.5 646.6 615.3 641.1 662.3 648.2 575.2 566.3 744.6 1343.2 1488.5 1607.3 1801.5 1565.3 1216.3 1288.5 744.7 1072.4 775.7 537.2 510.7 593 584.1 354.7 340.7 351.4 346.8 366.3 397.1 396.8 376.1 296.8 245.5 239.2 237.6 232.7
1676.1 1346.4 1543 1521.1 1529.5 1566.2 1493.8 1382.8 1326.3 1295.5 1312.8 1276.4 1149 1135.1 1192.4 1214.8 1115.3 1179.7 1253.4 1370.3 1429 1356.3 1213.4 1244.4 1243.9 1346.1 1407.7 1469.6 1486.4 1494.4 1461.1 1426.4 1436.9 1469.4 1472.2 1406.8 1305.4 1200.4 1100.4 970 805.1 664.3 630.1 628 655 664.8 646.9 646 932.9 1345.5 1416.5 1493.8 1413.3 1167.9 815.6 935.6 1503.7 2112.2 1290.7 690.8 611.7 612.6 581.5 314.2 285.4 293.3 293 310.1 352.5 363.2 353.3 289.7 246.2 244.8 243 245.7
1737.4 1526.9 1609.4 1495.7 1446.9 1467 1454.3 1411 1404.6 1274.7 1319.9 1262.3 1205.2 1154.6 1174.5 1235.3 1268.6 1286.8 1320.5 1428.1 1495.3 1374 1287.3 1303.1 1377.9 1479.1 1456.8 1488.2 1507.2 1539.4 1535.2 1516.8 1493 1504.4 1535.9 1558.5 1549.1 1466.3 1317.4 1160.5 981.3 698.3 665 645.5 660.8 680.2 671.9 674.4 951 1290.8 1330.9 1354.5 1223.6 1157.4 912.8 792.9 824 1335.6 995.4 769.9 705.7 670.5 574.5 291.4 271.7 280.9 279.8 292.8 326.1 336.9 316.7 287.8 265.1 254.8 255 268.8
1760.4 1740.8 1684.3 1499.6 1403.4 1403.9 1405.2 1408.4 1432 1393.9 1350.3 1294.7 1236.7 1153 1181 1373.1 1391.2 1414.3 1424.4 1469.5 1448.9 1351.9 1257.7 1305.9 1487.2 1571.9 1535.8 1467.4 1483.8 1562 1566.2 1536.5 1501.3 1505.5 1561.7 1650.2 1662.4 1667.1 1515.8 1316.9 1189.1 841.3 734 682.1 719.6 742 680.3 635.6 623.6 810.1 903 931 957.7 955.1 855.7 768.8 812.8 892.1 860.4 783.9 693.3 618.6 426.9 256.8 257.7 280.9 301.5 320.3 332.7 340.6 317.4 292 281.8 266.5 264 281.4
2191 2589.4 1601.9 1564.5 1298.7 1340.7 1389.3 1354.6 1499.5 1498.5 1405.8 1332.1 1274.8 1229.8 1301.4 1422.5 1530.9 1633.7 1608.2 1621.5 1568.4 1435.3 1343.8 1542.2 1558.9 1737.9 1604.6 1518.3 1489.8 1569 1583.8 1562.8 1544.9 1580.5 1691.7 1812 1865.5 1826.7 1655.2 1436.3 1250.4 1030.3 807.8 723 819 787.3 689.2 676.5 562.5 427.7 390.8 369.3 435.4 441.3 487.8 618.5 766.8 777.8 727.8 631.6 533.8 456.8 311.1 236.5 246.9 288.8 343 364.7 359.7 340.1 309.6 305.9 293.2 249.1 259.1 277.5
2319.2 2205.2 1852.3 1682.4 1423.6 1434.1 1420.7 1432.8 1503.9 1498.7 1394.1 1395.8 1312.8 1300.6 1404.5 1589 1673 1801 1715.7 1705 1679 1590.5 1575.6 1662.3 1677.3 1698.8 1636.8 1560.6 1530.4 1560.3 1591.7 1633.8 1707.5 1834 1980.4 2093.8 2025.7 1943.7 1819.1 1585.7 1357.9 1210.2 1024.9 968.1 921 950 823.1 859.8 492.9 418.9 259.8 202.2 246.1 273.2 279.5 376 587.6 613 539.8 398.6 324.2 325.4 247.8 226.7 242.9 287.8 358.9 380.5 378 349.8 346.7 342.9 305 267 254.4 268
2320.9 2013 1875.5 1719.8 1406.9 1482.7 1559 1441.2 1442 1431.2 1353.6 1265.2 1211.4 1330.9 1592.3 1789.8 1778.9 1805.3 1765.4 1770.5 1741.3 1704.6 1724.4 1799.9 1799.9 1711.6 1638.9 1567.7 1536.2 1564.6 1633.3 1658.6 1815.9 2155.3 2343.6 2320.4 2227.2 2130.9 2036.7 1620.4 1552.4 1494 1204.4 1132.5 1057.6 1030.9 900.1 786.9 610.8 462.3 279.8 213.3 188.8 179.1 219.2 351.5 511.1 569.2 506.6 342.1 290 276.3 248.6 230 256.9 289.3 408.3 438.3 444.2 410.9 391.3 396.3 361.9 306.2 274.8 -9999
2163.7 1947.9 1885.7 1597.4 1487.9 1452.7 1366.2 1335.2 1424.4 1419.4 1383.2 1287.8 1311.5 1383.1 1606.9 1765.7 1730.4 1727.5 1782.4 1818.1 1807 1879.8 1905.1 1961.5 1950.2 1841.7 1682.1 1573.8 1534.8 1556.4 1638.9 1656.2 1858.1 2271.1 2643.6 2781.8 2468.5 2176.3 1931.5 1949.4 1646.9 1391.1 1282.5 1098.6 1229.2 1147.9 1025.9 815.8 631.5 550.9 275 180.2 148.3 174.7 278.4 450.7 516.9 524.2 473.8 351.8 277.1 268 268.9 277 292.5 363.7 526.9 588.8 531.8 508.2 465.1 462.5 464.1 408.7 -9999 -9999
2277.9 1883.4 1872.5 1577.3 1497.4 1463.9 1432.3 1464.9 1480 1401.8 1352.3 1428.7 1494.4 1525.7 1616.2 1686 1673.8 1655.7 1682.8 1729.3 1818.9 1966 2035.1 2081 2060.5 1977.3 1872.5 1738.9 1618.2 1531.7 1583.6 1658.9 1953.3 2395.9 2763.1 3005.8 2469.8 2154.7 2024.8 1930.6 1568.1 1468.7 1216 1117.2 1392.1 1167 1071 878.7 715.3 746.2 435.7 220.5 212.7 381.1 461 506.9 539 424.1 327.7 268.1 239.1 263.8 289.4 302.9 334.8 395.5 540.1 545.3 498.8 553.8 524.9 553 510.6 -9999 -9999 -9999
2145.4 1874.3 1731.5 1748.9 1601.4 1547.5 1541 1626.8 1605.7 1416.6 1239.4 1528.8 1652.6 1652.3 1646.3 1652 1683.4 1595.8 1567.3 1609.2 1780.7 1949.2 2047.9 2172.7 2068.1 2005.2 1979.7 1846.9 1664.8 1548.1 1535.5 1663.4 1974.2 2309 2404.5 2161.6 2001.7 2053.8 1800.1 1543.2 1316.5 1364.6 1138.5 1020.4 1217.8 1253.2 1189.6 1050.7 815.9 867.5 813.3 603.1 498.1 549.7 540.6 412.9 616 520.1 198.4 182.9 233.7 248.9 291.1 345.4 387.2 388.4 472.6 501.5 502.1 522.4 510.4 -9999 -9999 -9999 -9999 -9999
2050.8 2175.1 1849.6 1832.2 1680.5 1625.9 1611.5 1678.3 1659.5 1519.4 1394.3 1663.2 1754.3 1704.1 1654.6 1583.2 1603.6 1520.8 1472.1 1547.8 1734.6 1910.6 2048.4 2108.1 2133.5 2079.6 2047.2 1976.5 1765 1625.8 1596.2 1666.8 1869.8 2068.7 2058.5 1906.7 1911.6 1876.3 1436.1 1334.2 1159 1156.8 831.8 1210.2 1144.1 1196 1146.9 1015.8 1009.2 1068.6 1154.1 1040.2 682.1 618.3 601.5 647.2 620.5 443.3 155.4 157 211.1 220 281.7 366.4 403.4 408.8 413.6 436.5 475 483.3 -9999 -9999 -9999 -9999 -9999 -9999
2312 2120.7 1828.2 1689.6 1658.2 1616.8 1607.2 1659.5 1693.2 1613.5 1605.3 1672.3 1719 1706.8 1690.3 1587.5 1535.3 1549.4 1506.9 1564.5 1825.6 2042.1 2077.3 2144.5 2170.5 2125.2 2114 2087.8 1657.5 1601.3 1633.9 1706.5 1867 1997.8 2007.3 1862.7 1865.7 1727.6 1494.1 1366.7 1147.6 1102.7 1261.9 1224.8 1072.5 1110.6 1245.2 1198.2 1126 1136 1163 983.5 732.6 476.6 610.4 612.3 467.7 239.6 140.3 127.8 159.4 208.2 313.2 435.9 483 518.1 463.7 413.9 -9999 -9999 -9999 -9999 -9999 -9999 -9999 -9999
1776.4 1956.6 1690.6 1569 1591.8 1587.7 1571.5 1638.2 1699.1 1686.3 1651.2 1656.9 1689.8 1733.2 1783.5 1785.4 1782.8 1749.5 1724.1 1767.6 1924.1 2004.3 2047 2130.2 2187.9 2148.3 2059.3 1962 1730.3 1694.7 1760.5 1766.2 1863.7 1958.4 1945.6 1889.8 1817.2 1722 1694.9 1518.2 1488.1 1294.7 1214.6 1209.4 1209.8 1213.4 1333.1 1371 1385.9 1380.8 1104.7 1333 850.7 507 578 473 191.3 121 147 125.8 174.4 250.2 328.9 427.1 485.6 550.3 515.3 -9999 -9999 -9999 -9999 -9999 -9999 -9999 -9999 -9999
2086.6 1815.6 1647.7 1533.6 1550.4 1571.6 1590.7 1618.7 1627.5 1639.6 1547.6 1648 1692.1 1766 1886.8 1980.9 1995.8 1993.5 2024.9 1964.5 1964.5 1924.4 1943.8 2088.7 2247.8 2218 2057.9 1978.1 1902.4 1824.2 1878.8 1825.2 1863.5 1914.5 1915.7 1869.3 1711.1 1691.6 1815.5 1408.6 1272.7 1201.5 910.2 1169.3 1375.8 1299.4 1632.2 1228.7 1418 1707.5 1448.1 896 602.8 624.3 465 487.7 271.6 117.6 137.4 156.1 203.1 268 310 387.2 424.2 489.1 -9999 -9999 -9999 -9999 -9999 -9999 -9999 -9999 -9999 -9999
1932.1 1633.2 1695.7 1523.3 1594.3 1698 1685.8 1660.8 1602.7 1501.2 1483.6 1562.2 1605.8 1680.5 1829.4 1988.3 2072.2 2138.9 2107.5 2030.8 1991.3 1984.7 1966.5 2035.4 2142.4 2125.8 2059.3 2029.3 2024.2 1931.5 1872.1 1849.1 1875.5 1951.9 1930.4 1777.7 1516.8 1532 1519.7 1129.5 1182.8 923.3 822.6 1114.4 2124 1647.3 1534 1066.2 1388.7 1295.1 1719.4 970.2 782.9 697.8 1425.9 1044.6 323.7 192.8 156.9 188.2 212.1 259.3 313.2 370 381.4 -9999 -9999 -9999 -9999 -9999 -9999 -9999 -9999 -9999 -9999 -9999
1826.5 1961.2 1877.8 1795.4 1759.8 1824.6 1757.7 1719.4 1744.4 1732 1474.9 1502.3 1541.4 1607.7 1741.3 1919 2088.3 2133.7 2127.1 2055.7 2002.9 1983.5 1984.1 2025.1 2056.3 2051.4 2015.3 1976.3 1971.3 1991.6 1999.9 1939.5 1999.4 2153.2 2115 1366.2 1345.3 1405.3 1431.6 1319.6 1065.5 754.7 920.9 1169.4 1645.5 1945.6 1133.9 927.8 1181.8 1629 1767.3 943.9 587.9 1797.6 816.2 566.9 423.2 316.6 199.4 215 247.4 315.5 432 413.4 -9999 -9999 -9999 -9999 -9999 -9999 -9999 -9999 -9999 -9999 -9999 -9999
1896.7 2021.3 1847.8 1867.4 1714.4 1717 1659.9 1930.9 1890.7 1755.2 1469.1 1475.4 1504.3 1392 1687.2 1817.6 1975 2107.8 2102.9 2066.3 2007.9 1972.6 1986.8 1996.2 2041.3 2069.9 2033.8 1947.7 1970.4 2016.8 2033.2 1915 2058.7 2227.1 2283.4 1598.8 1337.9 1269.1 1522.7 1552.4 936.6 818.4 1131.1 1789.2 1680.7 1709.7 887.2 945.3 1269.4 1429.1 1238.4 716.7 808.4 758.7 566.1 648.1 521.5 389.4 278.4 288.2 382.2 638.6 764.2 647.5 -9999 -9999 -9999 -9999 -9999 -9999 -9999 -9999 -9999 -9999 -9999 -9999
