datasets/global_precipitation_1950_2017/rasters/precip_1955-total.asc
NCOLS 720 
NROWS 347 
XLLCORNER -180 
YLLCORNER -90 
CELLSIZE 0.5 
NODATA_value -9999 
[rows 170 to 203 of 347, columns 380 to 455 of 720]
2083.8 2018.7 1907.6 1936.4 1905.6 1893.4 1953 1940.8 2152.9 2208.2 1832.7 1586.3 1563.6 1631.7 1814.9 2078.1 2166.5 2187.5 2181.1 2167.8 2147.8 2188.3 2258.3 2263.9 2222.4 2151.1 2061.3 1947.4 1875.9 1836.3 1749.1 1770 1897.9 2072.8 2229.6 2055.5 1883.1 1762.6 1441.2 1269.6 919 871.6 1120.5 1464.5 1469.4 1092.5 886.3 946.5 925 948.5 817.2 692.2 367.4 1268.8 626 624.6 416.8 400.3 351 464.5 687.4 782.6 811.3 -9999 -9999 -9999 -9999 -9999 -9999 -9999 -9999 -9999 -9999 -9999 -9999 -9999
1937.5 1782 1755 1792.6 1806.1 1910.6 1975.9 2012.6 2314.6 2697.8 2164.6 1741.7 1670.6 1703.8 1808 1977.6 2052.9 2041.9 2080.1 2157.5 2142.5 2144.3 2223.9 2298.5 2292.9 2206.5 2109.2 2022.8 1975.4 1771.1 1725.3 1698 1905 2161.5 2246.1 2243.1 1879.9 1672.1 1381.5 1173.8 991.4 885.8 966 1081.7 985.2 944.1 883.5 845.1 788.8 633.3 648.8 703.1 474.4 611.4 570.1 374.7 378.8 399 488.8 780.3 984.1 873.7 -9999 -9999 -9999 -9999 -9999 -9999 -9999 -9999 -9999 -9999 -9999 -9999 -9999 -9999
1863.4 1471.5 1446.7 1624.6 1801 2017.2 1967.4 2039 2041.8 2611.6 2323.2 1961.3 1727.6 1732.4 1769.8 1722.7 1849.1 1865 1804.3 1822.7 1800.5 1885.7 2043.2 2247.7 2271 2146.4 2059.2 2025.7 1956.8 1814.2 1764.8 1747.8 1820.8 2089.5 2239.8 2467 2605.5 1478.7 1234.4 1166.5 926.9 968.8 891 901.8 886.8 857.4 810.6 694.2 625.5 590.5 595.5 593.7 630.7 533.9 998.7 720.4 524.3 512.3 706.7 982.7 -9999 -9999 -9999 -9999 -9999 -9999 -9999 -9999 -9999 -9999 -9999 -9999 -9999 -9999 -9999 -9999
-9999 2310.8 1768 1610.5 1579.6 1799.4 1808.3 1860.2 1992.3 2220.2 2141.6 1987.4 1775.3 1780.3 1918.4 1799.9 1717.1 1625.8 1592.3 1558.3 1562.7 1647.4 1709.9 1977.2 2059.2 2021.6 2031.3 2015.8 1930.2 1830.4 1778.7 1787.6 1798.5 1967.3 2393.9 2703.5 2748.1 1306.9 847.3 1045.4 1015 916.2 846.1 810 838.2 855.1 715.9 555.2 497 639.9 760.3 780.2 822 1007.4 1758.8 1159.9 899.3 483.4 747.6 1015.8 -9999 -9999 -9999 -9999 -9999 -9999 -9999 -9999 -9999 -9999 -9999 -9999 -9999 -9999 -9999 -9999
-9999 -9999 1921.2 1617.3 1529.4 1527.7 1760.1 1478.4 1531.3 1813.6 1660 1646.4 1700.9 1784.5 1874.4 1808.4 1617.1 1483.2 1532.3 1537.2 1541.1 1575.6 1585.8 1728.8 1873.8 1875.5 1960.2 1954.1 1862.5 1825 1749.3 1669.3 1615.8 1698.1 2046.8 2321.5 2174.1 1063 964 1118.3 1032.2 972.3 844 750.3 942.9 1129.2 689.7 622.4 563.8 695 813.7 688 813.8 886.4 840.8 723.3 627.5 567.7 806.3 798.8 -9999 -9999 -9999 -9999 -9999 -9999 -9999 -9999 -9999 -9999 -9999 -9999 -9999 -9999 -9999 -9999
-9999 -9999 -9999 1582.6 1703.2 1425.6 1487.1 1297.7 1443.5 1476.6 1417.4 1410.9 1517.4 1716.9 1827 1800 1594.2 1585.7 1599.2 1559.5 1510.8 1598.5 1582.4 1600.1 1685.2 1708.1 1774.9 1812.7 1833.8 1788.7 1634 1492 1402.3 1351.7 1416 1536.7 1366.7 1255.9 1122.9 1070.3 1109.4 1027.5 872.6 860.2 947.7 880.9 676.2 676.6 715.2 647.7 767.3 766.5 658.9 481.7 605.4 588.7 854 1050.8 1000.3 -9999 -9999 -9999 -9999 -9999 -9999 -9999 -9999 -9999 -9999 -9999 -9999 -9999 -9999 -9999 -9999 -9999
-9999 -9999 -9999 -9999 1769.3 1765 1575.7 1406.4 1544.8 1546.6 1407.9 1404.1 1465.1 1603.3 1702.6 1713.8 1707.2 1808.2 1720.3 1623.3 1556.9 1573.7 1566.7 1533.9 1574.2 1632.2 1657.3 1682.8 1692.6 1609.6 1489.7 1392.8 1292.7 1232.7 1295.9 1463.9 1372.2 1219.4 1124.8 1121.2 1096 914.6 848.5 879.7 911.3 885.8 808.6 744 651.2 623 623.5 610.2 564.8 505.2 620.1 883.3 1189.1 1253.3 -9999 -9999 -9999 -9999 -9999 -9999 -9999 -9999 -9999 -9999 -9999 -9999 -9999 -9999 -9999 -9999 -9999 -9999
-9999 -9999 -9999 -9999 1506.6 1579.3 1385.1 1191.5 1416.4 1430.2 1636.1 1527 1548.9 1525.9 1583.8 1648.9 1603.8 1764.2 1741.5 1708.9 1646.4 1622.4 1585.4 1557.5 1551.6 1595.9 1632.1 1632.2 1583.6 1499.8 1334.3 1335.4 1229.2 1149.9 1175 1296.9 1289.8 1157.8 1088.3 1056.4 929.5 839.8 856.3 897.2 970.1 845.2 817.7 746.8 594.4 564.9 525.7 508 534.1 562.6 545.5 793.7 1261.7 1479.5 -9999 1960.4 -9999 -9999 -9999 -9999 -9999 -9999 -9999 -9999 -9999 -9999 -9999 -9999 -9999 -9999 -9999 -9999
-9999 -9999 -9999 -9999 1137.2 1145.4 1071 1061.2 1435.7 1449.4 1349.1 1540.2 1553.5 1479.3 1580.9 1675.4 1632.3 1704.5 1745.7 1778.5 1666.8 1650.1 1635.5 1624.8 1499.7 1560.5 1560.2 1527.2 1569.4 1518.2 1434.8 1343.3 1175 1124.3 1160.9 1257.6 1252.6 1128.1 1067.6 1050.4 966.3 914.1 899.6 929.9 920.9 861.1 804.4 684.1 538.5 497.8 507.6 521.6 521.5 571.5 657.5 780 981.5 1293 -9999 -9999 -9999 -9999 -9999 -9999 -9999 -9999 -9999 -9999 -9999 -9999 -9999 -9999 -9999 -9999 -9999 -9999
-9999 -9999 -9999 -9999 -9999 990.6 1079.2 1284.2 1779 1792.7 1203.8 1381.8 1521.6 1524.2 1577.7 1699 1767.7 1728.8 1758 1766.6 1688.1 1733.3 1645.6 1651.7 1747.7 1646.3 1521.1 1463.1 1611.1 1617.1 1503.5 1339.9 1085.4 1070.9 1116.5 1212.2 1221 1130.3 1082.2 1084.7 955.1 898.9 957.2 942.7 933.6 844.1 777.9 667.9 545.2 501.8 519.5 517.6 469.9 559.8 760 899.4 973 1217.1 1547.1 -9999 -9999 -9999 -9999 -9999 -9999 -9999 -9999 -9999 -9999 -9999 -9999 -9999 -9999 -9999 -9999 -9999
-9999 -9999 -9999 -9999 -9999 857.9 1294.6 1379.2 1679.8 1616.6 1368.6 1389.7 1521.3 1526.3 1536.3 1633 1713 1709 1713.5 1691.4 1603.2 1625.9 1562.8 1556.3 1624.1 1590.9 1526.5 1539.2 1503.1 1516.6 1442.2 1349.3 1168.5 1041.2 1079 1142.7 1146.8 1102.9 1157.2 1175.8 852.3 808.7 888.1 951 940.3 882.7 836.3 733.2 619.3 494.4 479.8 502.6 501.1 427.3 801.4 783.8 1018.1 1003.9 1067.8 -9999 -9999 -9999 -9999 -9999 -9999 -9999 -9999 -9999 -9999 -9999 -9999 -9999 -9999 -9999 -9999 -9999
-9999 -9999 -9999 -9999 -9999 -9999 885.9 1050.3 1570.3 1681.9 1626.6 1534.9 1471.2 1470.2 1463.2 1498.2 1577.7 1594.8 1571.5 1538.5 1498.1 1478.1 1440 1435.3 1510 1547.4 1499.2 1403.5 1541.4 1518.2 1402.2 1377.5 1249.3 1124.1 1136.8 1096.8 1062.5 1033.4 983 1192 908.3 791.4 910.4 951.2 991.8 980 939 810.8 671.9 576.1 426.3 444.7 699.1 1097.3 1118.9 1357.9 1269.2 1055.8 1108.7 -9999 -9999 -9999 -9999 -9999 -9999 -9999 -9999 -9999 -9999 -9999 -9999 -9999 -9999 -9999 -9999 -9999
-9999 -9999 -9999 -9999 -9999 -9999 422.1 698.9 1395.4 1658.8 1696 1475 1254.1 1274.5 1283.2 1307.8 1475.9 1476.3 1459.4 1423.8 1427.4 1402.1 1376 1401.3 1450.4 1513.3 1485.2 1470.4 1608 1536.8 1422.6 1389 1299.7 1222.7 1130.5 1060.8 997.7 1000 1043.5 1044.7 931.2 880.6 938.3 952 1055.2 1076.1 995.2 853.5 707.4 671.9 628.6 584.1 1055.4 1659.4 1477.9 1396.7 1195.7 1150.6 1193 -9999 -9999 -9999 -9999 -9999 -9999 -9999 -9999 -9999 -9999 -9999 -9999 -9999 -9999 -9999 -9999 -9999
-9999 -9999 -9999 -9999 -9999 -9999 -9999 734.7 1289.1 1397.8 1278.5 1219.3 1194 1292.5 1305.1 1361 1473.8 1471.7 1429.1 1390.7 1393.9 1397.7 1410 1431.7 1434.8 1437.1 1452 1462.2 1450 1402.8 1407.3 1449 1366.8 1249.5 1179 1060.3 947.2 999.3 1071.2 1084.9 963.8 966.7 928.6 927 992.8 1071.4 1033.5 953.7 763.1 684.5 872.3 890.5 1381.8 1620.6 1625.4 1444.1 1060.7 1083.7 1042 -9999 -9999 -9999 -9999 -9999 -9999 -9999 -9999 -9999 -9999 -9999 -9999 -9999 -9999 -9999 -9999 -9999
-9999 -9999 -9999 -9999 -9999 -9999 -9999 689.4 1200.2 1217.4 933.1 1061.8 1198.6 1365 1482.9 1479.7 1515.6 1471.7 1407.9 1342.2 1324.8 1353.6 1399.6 1430.9 1375.5 1314.7 1308.3 1347.1 1358.5 1420 1376 1443.9 1401.9 1272.1 1213.8 1062 888.2 1317.9 1136.5 1186.4 1101.9 984.9 1008.5 935.5 962.8 1208.3 1054.2 1212.6 1146 810.8 1158.7 1294.2 1502.9 1644.3 1549.4 1382.9 1020.6 935.7 691.3 -9999 -9999 -9999 -9999 -9999 -9999 -9999 -9999 -9999 -9999 -9999 -9999 -9999 -9999 -9999 -9999 -9999
-9999 -9999 -9999 -9999 -9999 -9999 607.1 678.2 855.4 1221.2 1205.8 1092.2 1160.4 1498.8 1869.2 1594.5 1505.8 1412.5 1328.2 1267.5 1216.8 1245.4 1345.4 1375.9 1322.4 1315.5 1299.1 1277.8 1256.9 1180.3 1293.8 1290.1 1280.6 1199.6 1108.5 1026.4 1005.1 1112.9 1154.5 1162.1 1167.1 1096.8 1033.8 959.9 780.3 1305.3 1770.4 2491.9 1500.8 907.8 1227.5 1428.7 1411.9 1210.8 1331.8 1183.4 1044.6 913 790.1 -9999 -9999 -9999 -9999 -9999 -9999 -9999 -9999 -9999 -9999 -9999 -9999 -9999 -9999 -9999 -9999 -9999
-9999 -9999 -9999 -9999 -9999 -9999 706.7 789.7 686.5 866.1 1089.9 1105.5 1180.6 1364.1 1511.6 1443.4 1389.8 1322.5 1299.8 1281.3 1209.3 1250.7 1374.3 1403.1 1340.1 1320.7 1295.5 1269.2 1239.8 1216 1195 1161.3 1129.8 1014.4 906.8 937.5 1013.9 1123.1 1066.6 1154.8 1172.7 1126.5 1102.4 1008.8 960.8 1096.3 1796.9 1931.5 1366.7 1204.7 1262.4 1396.6 1295.1 1294.8 1184.2 1155.8 1101 962.2 856 -9999 -9999 -9999 -9999 -9999 -9999 -9999 -9999 -9999 -9999 -9999 -9999 -9999 -9999 -9999 -9999 -9999
-9999 -9999 -9999 -9999 -9999 -9999 -9999 550.9 688.7 984.2 1099 1130.9 1188.4 1307.6 1354.1 1364.3 1413.4 1330 1307.7 1298.8 1296.2 1364.5 1460.1 1439.2 1387.8 1310.5 1242.3 1267.5 1333.9 1260 1149.2 1089.6 1094.6 883.8 806.3 890.6 947.8 939.1 1129.8 1230.8 1297.7 1163.3 1247.4 1113.2 1062.9 1013 1142.3 1293.6 1168.2 989.6 1139.9 1185.3 1177.5 1163.8 1083.8 1079.1 1060.5 1012.7 925.9 886.8 1064.1 -9999 -9999 -9999 -9999 -9999 -9999 -9999 -9999 -9999 -9999 -9999 -9999 -9999 -9999 -9999
-9999 -9999 -9999 -9999 -9999 -9999 -9999 332.6 578.2 1070.2 1122.7 1160.7 1214.1 1329.1 1386.9 1450 1473.2 1364.4 1300.1 1269.8 1312.2 1414.9 1497.3 1445.2 1413 1281.1 1247 1333.5 1420.2 1288.1 1161.3 1134.3 1069.2 945.9 856 992.2 984.3 987.1 1173.5 1341.5 1257.3 1097.9 1060.4 1157.6 1152.2 1065.1 912.1 897.4 1140.9 1053.4 1128.7 1128.6 1143.6 1112.8 1060.9 1051.7 1035.3 1049.1 1014.8 982.4 1001.2 -9999 -9999 -9999 -9999 -9999 -9999 -9999 -9999 -9999 -9999 -9999 -9999 -9999 -9999 -9999
-9999 -9999 -9999 -9999 -9999 -9999 -9999 -9999 505.9 948.3 1189.9 1150.7 1205.7 1369.2 1377.4 1386.5 1418.7 1366 1227.5 1167.6 1217 1353.4 1442.7 1403 1300.8 1160.3 1165.4 1347.7 1475.2 1269.4 1175.8 1143.3 1156.1 1146.6 1194.5 1230.9 1101.8 990.1 1248.7 1403.9 1274.1 1247.3 1120.7 1124.5 1131.5 970.5 951.5 773.9 1275.7 1255.9 1331.8 1197.2 1137.5 1117.3 1061.6 1104.6 1127.2 1077.5 1106.7 1100.5 980.1 -9999 -9999 -9999 -9999 -9999 -9999 -9999 -9999 -9999 -9999 -9999 -9999 -9999 -9999 -9999
-9999 -9999 -9999 -9999 -9999 -9999 -9999 -9999 987.3 992.6 1092.3 1095.9 1262.7 1349.7 1322.5 1345.5 1416 1367.9 1205.6 1095.8 1120.2 1229.2 1349.5 1287.4 1199.5 1137.9 1154.9 1193 1141.8 1159.5 1191.5 1183 1191.9 1202.1 1372.9 1348.3 1230.5 1119.8 1236.3 1300.2 1311.1 1172.9 1137.1 1135.9 1054.3 863.6 917.4 1183.3 1617.3 1227 1255.8 1292.2 1205.5 1229.8 1254.4 1304.4 1336.2 1200.2 1215.2 1204.3 1082.6 -9999 -9999 -9999 -9999 -9999 2397.9 -9999 -9999 -9999 -9999 -9999 -9999 -9999 -9999 -9999
-9999 -9999 -9999 -9999 -9999 -9999 -9999 306.1 966.1 958 903 983.4 1194.5 1259.4 1316 1366 1428.6 1388.2 1192.4 1049.5 1030.1 1076.6 1104.4 1039.3 1004.4 1007.1 1056.5 1130.9 1157.9 1172.8 1192.1 1189.2 1179.7 1264.9 1265.6 1282.8 1253 1169.2 1099.8 1130.3 1091.5 1059.5 1097 1098.7 974.7 883.1 962.9 1481.5 1680 1102.7 1305.3 1398.6 1445.5 1383.6 1355.3 1419.1 1342.2 1113.9 1100.2 1141 1110.2 -9999 -9999 -9999 -9999 -9999 -9999 -9999 -9999 -9999 -9999 -9999 -9999 -9999 -9999 -9999
-9999 -9999 -9999 -9999 -9999 -9999 263.5 727 1326.8 1018.2 915.7 968.6 1130 1208.4 1269.6 1335.7 1393.6 1325.3 1051.3 941.1 926 948 999.2 999.1 1001.9 936 921.8 1026.4 1137.9 1175.7 1145.1 1169.8 1199.9 1241.5 1248.2 1234.3 1199.4 1184.9 1107.1 1136.6 1065 960.6 981 894.3 903.5 908.5 861.1 1203.9 1874.7 1689.2 1529.3 1461.7 1458.6 1320.1 1273.1 1248.8 1107.7 877.3 908.9 996.7 975.9 -9999 -9999 -9999 -9999 -9999 -9999 -9999 -9999 -9999 -9999 -9999 -9999 -9999 -9999 -9999
-9999 -9999 -9999 -9999 -9999 275 437.8 993.7 1286.8 1011.7 899.1 827.3 996.4 1049.3 1115.4 1216.9 1299.5 1056.8 887.8 841.1 860.5 922.4 981.5 995.9 979 914.1 867 972.1 1105.3 1114.7 1150.1 1155.1 1167.3 1167.2 1124.9 1073.3 914.4 1107.7 1047.7 1129.2 1245.8 1037.4 954.6 811.9 916.3 986.8 824 975.4 1610.6 1516.6 1029.2 1571.8 1427.9 1276.3 1200.5 1154.8 1027.5 863 868 903 913.4 -9999 -9999 -9999 -9999 -9999 -9999 -9999 -9999 -9999 -9999 -9999 -9999 -9999 -9999 -9999
-9999 -9999 -9999 -9999 -9999 240.2 631.9 852 852.8 896.9 957.9 866.2 918.9 994.8 996.5 973.9 935.9 878.5 826.5 817.9 849.7 940.2 1016.3 1003.2 959.8 889.7 878.1 1015.3 1161 1112.4 1135.2 1150.9 1155.2 1113.7 1027.2 1008.2 1014 958.7 935.3 988.1 1075.3 1075.7 1017.8 896.9 1003.1 1129.8 945.6 801.8 1068.7 1498.1 1303.2 1429.3 1347.4 1212.2 1185 1165.3 1123.3 1017.5 972.2 905.1 818.8 -9999 -9999 -9999 -9999 -9999 -9999 -9999 -9999 -9999 -9999 -9999 -9999 -9999 -9999 -9999
-9999 -9999 -9999 -9999 -9999 336.9 563.4 675.8 701.6 761.3 850.7 848.3 851.7 888.5 931.1 942.8 903.6 827.5 796.9 810.7 863.3 958.1 1015.1 1009.7 961.4 966.2 1110.9 1040.7 1015 987.9 1042.2 1085.1 1061 960.8 907.6 896.7 842.3 806 857.1 804.9 847.4 1023.1 1089.6 1148.1 1249.6 1111.1 925.1 845.5 1295 1201.9 1083.4 1126.6 1054.1 1088.2 1179.8 1247.2 1293.5 1240.4 1144.7 1006.6 772.1 -9999 -9999 -9999 -9999 -9999 -9999 -9999 -9999 -9999 -9999 -9999 -9999 -9999 -9999 -9999
-9999 -9999 -9999 -9999 -9999 342.2 470.2 541.3 559.5 605 653 765.5 759.8 837.2 917.1 944.7 887.8 798.8 755.1 779.4 830.3 922.3 994.3 985.4 958.4 964.4 1003.4 983.7 927.8 854.3 899.1 925.6 880.5 885.8 894.3 850 786.3 628.4 738.9 760 783.4 1041 1169.2 1338.8 1671.5 1358.3 1185.6 1297 1169.3 1052.9 1129.5 1105.7 906.7 988 1290.3 1344.4 1466.7 1382.1 1323.3 1256.7 854 715.5 -9999 -9999 -9999 -9999 -9999 -9999 -9999 -9999 -9999 -9999 -9999 -9999 -9999 1813.8
-9999 -9999 -9999 -9999 49.6 382.9 550.8 411.2 478.7 511.2 527.4 574 651.6 764.7 882.9 903.2 857.7 789.9 750.1 752.7 769.4 824.8 903.7 936.4 928.4 944.9 892.5 906.5 899.1 853 829 787.8 786.7 805.4 832.4 791.3 567 594.8 678.3 707.2 631 1112.1 1128.3 1291.1 828.2 953.8 916.3 1233.6 1176.7 1090.6 1570.2 1507.1 1102.5 1423.1 1453.5 1380.6 1410.7 1342.4 1290 1237.3 994.6 -9999 -9999 -9999 -9999 -9999 -9999 -9999 -9999 -9999 -9999 -9999 -9999 -9999 1540.5 1642
-9999 -9999 -9999 -9999 25.1 285.7 508.3 434.3 406.5 426.5 453.8 465.7 483.1 553.2 785.2 882.8 826.9 787.8 770.5 755.1 752.4 766.6 822 901.7 917.4 902.6 875.6 872.1 860.8 826.6 780.8 741.2 739.9 760.8 827.2 926.4 682.5 566.5 577.4 656.8 553.5 693.9 911.3 843.5 496.6 686.4 759.9 888.4 987.7 1004 1337.4 1878.7 1751 1720.3 1519 1320.9 1374.6 1271.6 1316.9 1229.6 1083 -9999 -9999 -9999 -9999 -9999 -9999 -9999 -9999 -9999 -9999 -9999 -9999 1257.9 1473.9 1583.8
-9999 -9999 -9999 -9999 11.2 59.5 429.1 360.2 267 343.9 333 456.6 448.2 457.6 560.2 659.3 642.7 687.9 745.5 763 745.3 744.8 812.7 902.3 902.9 875.3 838.3 849.1 821.3 800.3 773 740.4 696.5 720.2 775.3 804.7 735.4 574.4 674.7 806.4 750.2 730.4 764 706.4 577.2 632.3 683.4 660.2 850.5 1056 1434.3 1714 1675.7 1658 1503.7 1436.7 1357.8 1167.1 1130.9 1108.2 -9999 -9999 -9999 -9999 -9999 -9999 -9999 -9999 -9999 1179.5 1174.4 1266.3 1346.5 1403.9 1588.5 1639.1
-9999 -9999 -9999 39.5 21.2 14.5 308.3 319.6 317.6 344.5 349.3 396.6 403 397.5 447.1 505.4 510.4 530.8 537.8 591.9 663.3 704.7 739.6 790.3 888.7 874.3 850.5 838.4 824.6 804 774.1 789.1 753.4 780.8 768.7 763.1 731.9 708.4 826.2 872.2 831.4 786.7 762 794.5 716.3 602.6 601.4 567.5 717.7 879.1 804.2 1002.3 1221.7 1327 1340 1361.4 1276.6 1111.9 976.4 -9999 -9999 -9999 -9999 -9999 -9999 -9999 -9999 -9999 -9999 1240.2 1408.2 1505.6 1606.7 1668.1 1751.7 1865.8
-9999 -9999 -9999 -9999 52.6 118 256.6 281.3 317.2 323.6 328 379.5 347.9 338.4 418 498.6 503.1 504.7 525.9 562.2 596.1 654.6 745.2 800.1 810.9 844.3 851.4 843 843.1 817.2 804 841.1 852.8 757 780.2 778 791.5 862 902.6 940.3 813.1 827.4 771.4 742.9 609.7 732.8 724.7 620.6 834.6 1101.3 1051.9 835.2 930.1 1301.2 1367.4 1354 -9999 -9999 -9999 -9999 -9999 -9999 -9999 -9999 -9999 -9999 -9999 -9999 1018.5 1295 1541.5 1735.3 1817.8 1759.6 1743 1626.9
-9999 -9999 -9999 69.2 108.8 217.6 258.1 268.9 307.2 348.5 329.3 347.2 328.7 333.1 385.8 500.1 501.7 494.5 477.1 618.3 597 674.5 801.5 836.9 801.7 802.9 837.6 842.4 833.4 834.9 849.2 818.1 722.3 654.1 708.6 847.3 961 957.8 926.4 889.8 841.2 882.6 842.3 802.2 745.4 1259.4 1551.6 1227.8 1152.8 1149.2 1148.4 1188.3 1160.1 1314.2 -9999 -9999 -9999 -9999 -9999 -9999 -9999 -9999 -9999 -9999 -9999 -9999 -9999 -9999 920.6 1408.8 1615.4 1748.7 1825.2 1726.4 1612.2 1405.3
-9999 -9999 -9999 -9999 148 196.9 214.4 245 282.7 341.8 346.3 332.1 350.1 367 413.3 497.9 504.9 513.2 512 575.9 627.8 699.5 830 823.2 752 770.3 818.1 843 828.4 823.9 805.6 783.5 591.7 517.6 763.1 914.2 951.5 963.5 930.6 878.1 877.8 1048.6 841.4 830.4 898.4 949.3 1715.1 1523.2 1363.8 1172.8 1182.1 1182.9 1138.1 1252.1 -9999 -9999 -9999 -9999 -9999 -9999 -9999 -9999 -9999 -9999 -9999 -9999 -9999 -9999 766.3 1208.1 1496.2 1672.7 1750.1 1651.5 1576.2 1424.6
