datasets/global_precipitation_1950_2017/rasters/precip_1964-total.asc
NCOLS 720 
NROWS 347 
XLLCORNER -180 
YLLCORNER -90 
CELLSIZE 0.5 
NODATA_value -9999 
[rows 306 to 339 of 347, columns 304 to 379 of 720]
-9999 -9999 -9999 -9999 -9999 -9999 -9999 -9999 -9999 -9999 -9999 -9999 -9999 -9999 -9999 -9999 -9999 -9999 -9999 -9999 -9999 -9999 -9999 -9999 -9999 -9999 -9999 -9999 -9999 -9999 -9999 -9999 -9999 -9999 -9999 -9999 -9999 -9999 -9999 -9999 -9999 -9999 -9999 -9999 -9999 -9999 -9999 -9999 -9999 -9999 -9999 -9999 -9999 -9999 -9999 -9999 -9999 -9999 -9999 -9999 -9999 -9999 -9999 -9999 -9999 -9999 -9999 -9999 -9999 -9999 -9999 -9999 -9999 -9999 -9999 -9999
-9999 -9999 -9999 -9999 -9999 -9999 -9999 -9999 -9999 -9999 -9999 -9999 -9999 -9999 -9999 -9999 -9999 -9999 -9999 -9999 -9999 -9999 -9999 -9999 -9999 -9999 -9999 -9999 -9999 -9999 -9999 -9999 -9999 -9999 -9999 -9999 -9999 -9999 -9999 -9999 -9999 -9999 -9999 -9999 -9999 -9999 -9999 -9999 -9999 -9999 -9999 -9999 -9999 -9999 -9999 -9999 -9999 -9999 -9999 -9999 -9999 -9999 -9999 -9999 -9999 -9999 -9999 -9999 -9999 -9999 -9999 -9999 -9999 -9999 -9999 -9999
-9999 -9999 -9999 -9999 -9999 -9999 -9999 -9999 -9999 -9999 -9999 -9999 -9999 -9999 -9999 -9999 -9999 -9999 -9999 -9999 -9999 -9999 -9999 -9999 -9999 -9999 -9999 -9999 -9999 -9999 -9999 -9999 -9999 -9999 -9999 -9999 -9999 -9999 -9999 -9999 -9999 -9999 -9999 978.7 -9999 -9999 -9999 -9999 -9999 -9999 -9999 -9999 -9999 -9999 -9999 -9999 -9999 -9999 -9999 -9999 -9999 -9999 -9999 -9999 -9999 1059.2 1057.3 1058.4 1060.1 1062.7 1065.7 1068.8 1070.8 1073.4 1076 1079.4
-9999 -9999 -9999 -9999 -9999 -9999 -9999 -9999 -9999 -9999 -9999 -9999 -9999 -9999 -9999 -9999 -9999 -9999 -9999 -9999 -9999 -9999 -9999 -9999 -9999 -9999 -9999 -9999 -9999 -9999 -9999 -9999 -9999 -9999 -9999 884.5 893 903.5 -9999 -9999 -9999 943.3 952.1 961 -9999 -9999 -9999 -9999 -9999 -9999 -9999 -9999 -9999 -9999 -9999 -9999 -9999 1033 1034.6 1036.8 1038.9 1041.4 1043 1044.4 1043.8 1044.7 1045.8 1046.3 1048.4 1049.6 1055.9 1061.4 1067.3 1073 1082 1092.4
-9999 -9999 -9999 -9999 -9999 -9999 -9999 -9999 -9999 -9999 -9999 -9999 -9999 -9999 -9999 -9999 -9999 -9999 -9999 -9999 -9999 -9999 -9999 -9999 -9999 -9999 -9999 -9999 -9999 -9999 -9999 -9999 -9999 -9999 859.1 867.5 876.7 886.5 895.7 906.4 915.8 924.7 933.7 941.3 948.8 956.3 962.6 968.5 973.4 977.4 981.4 985.5 992 998.1 1003 1006.2 1009.1 1011.3 1012.6 1014.9 1017.6 1021.7 1024.8 1027.9 1028.8 1030.3 1032.2 1035.7 1039 1042.7 1046.8 1053.7 1055.1 1063.5 1069.3 1081.9
-9999 -9999 -9999 -9999 -9999 -9999 -9999 -9999 -9999 -9999 -9999 -9999 -9999 -9999 -9999 -9999 -9999 -9999 -9999 -9999 -9999 -9999 -9999 -9999 -9999 -9999 -9999 -9999 -9999 -9999 -9999 -9999 -9999 -9999 840.4 850.5 859.6 868.6 878.1 887.5 896.7 905.3 912.3 919.6 927.7 933.9 940 945.3 949.7 953.7 959.4 965.7 972.1 976.4 979.7 982.9 985.5 988.7 991.8 994.2 997.7 1001.9 1005.8 1009.8 1013.7 1015.9 1018.8 1023.1 1027.1 1032 1037 1041 1042.2 1049.3 1054.6 1059.6
-9999 -9999 -9999 -9999 -9999 -9999 -9999 -9999 -9999 -9999 -9999 -9999 -9999 -9999 -9999 -9999 -9999 -9999 -9999 -9999 -9999 -9999 -9999 -9999 -9999 -9999 -9999 -9999 -9999 -9999 791.5 798.7 807.8 815.4 822.6 831.8 840.7 849.5 858.7 867.6 876.2 884.5 892.5 899 905.8 911.3 916.5 922.4 926.4 932.7 938.9 937.7 949.7 953.5 956.7 960 963.3 966.7 970.5 974.2 974.1 982.1 986.2 990.3 994.8 999.7 1002.5 1007.4 1012.3 1016.9 1021.2 1024.8 1028.8 1032.6 1045.7 1050.2
-9999 -9999 -9999 -9999 -9999 -9999 -9999 -9999 -9999 -9999 -9999 -9999 -9999 -9999 -9999 -9999 -9999 -9999 -9999 -9999 -9999 -9999 -9999 -9999 727.4 734 741.5 748.9 756.4 764.6 773.4 781.4 789.6 797.9 806 814.5 823.9 830.1 837.8 848.6 856 863.9 870.7 877.8 883.6 889.2 894.2 900.9 907.1 912.7 917.6 922 925.8 930.5 934.2 938.2 939.2 942.6 945.8 949.4 953.2 956.3 960.6 964.9 974.3 978.9 983.6 985.8 991.6 995.3 998.9 1002.7 1014 1018.7 1023.5 1027.8
-9999 -9999 -9999 -9999 -9999 -9999 -9999 -9999 -9999 -9999 -9999 -9999 -9999 -9999 -9999 -9999 -9999 -9999 -9999 -9999 -9999 -9999 -9999 -9999 710 717.4 724.6 731.8 739.1 746.7 754.8 762.6 770.4 778.3 786.8 794.4 802.5 810.4 818.7 826.8 834 842.3 849.2 855.9 861.4 867.7 874.5 880.9 885.3 889.9 894.9 899 902.6 906.1 909.9 914.1 916.9 919.6 924.3 926.9 930.8 934.4 937.9 942 946.4 950.4 962 965.6 970.4 976.2 985.4 988.4 993.1 997.4 1001.7 1005.8
-9999 -9999 -9999 -9999 -9999 -9999 -9999 -9999 -9999 -9999 -9999 -9999 -9999 -9999 -9999 -9999 -9999 -9999 -9999 -9999 -9999 -9999 -9999 -9999 -9999 699.2 706 712.8 720.1 728.3 735.3 742.7 750.2 758.2 766 773.5 781.2 788.8 797.4 804.2 811.3 817.8 825.1 831 836.2 842.1 848.1 853.2 857.7 862.1 865.8 868.9 878.5 882.8 886.4 890.2 894 897.6 900.8 904.5 908 912.1 915.8 926 930.7 934.4 938 942.5 946.7 951.7 957.2 959.9 963.4 968.4 971.9 974.8
-9999 -9999 -9999 -9999 -9999 -9999 -9999 -9999 -9999 -9999 -9999 -9999 -9999 -9999 -9999 -9999 -9999 -9999 -9999 -9999 646.6 653.5 658.4 664.8 671.9 678.3 685.5 692.4 699.3 706.9 714.2 721.2 728.1 735.4 742.6 749.5 757.7 764.4 772 778.2 785 791.5 800.6 806.7 813.3 817.5 824.5 829.6 834.5 838.5 842.5 846.5 851 855.4 859.4 863.3 867 876 879.8 888.6 891.5 895.6 899.8 904.2 908.6 912.6 916.7 920.5 925.3 928.9 932.5 935.8 939 941.7 944.1 946.1
-9999 -9999 -9999 -9999 -9999 -9999 -9999 -9999 -9999 -9999 -9999 -9999 -9999 -9999 -9999 -9999 -9999 -9999 614.7 620.8 624.9 630.3 636.2 642.4 648.2 654.6 660.4 666.7 673 680.6 689.3 696.2 702.8 709.3 716.2 723.2 730.1 737.8 744.6 750.4 756.4 763.5 770.7 779.5 785.7 792.6 797.7 802.8 808.1 813.1 817.6 823.4 825.6 832 836.5 842.8 846.9 850.8 855.1 859.8 864.1 866.5 877.3 880.8 884.8 888.4 891.5 894.5 898 900.9 904.1 906.7 908.4 910.2 910.3 912.4
-9999 -9999 -9999 -9999 -9999 -9999 -9999 -9999 -9999 551.1 555.5 559.7 563.7 567.8 571.8 575.7 580.1 585.9 589.5 594.7 600.7 605.2 610 615.5 621 626.6 633.9 639.4 645.1 651.5 660.7 666.6 673.6 680.5 687.4 694.9 702.3 706.5 713.8 720.9 727.8 734.2 740.6 747.9 755.3 761.4 767.6 774 780.1 786 792.2 797.9 802.5 807.3 811.9 816.3 820.8 825.8 829.2 833.2 836.8 841.1 844.6 847.6 850.8 852.7 855.5 855 862.5 864.4 866 866.9 866.7 866 864.9 864
-9999 488.8 493.7 497.4 501.2 505 508.7 512.4 516.4 520.9 525.8 530.5 534.3 538.6 543.1 547.5 552.4 556.7 561.6 566.7 570.9 575.8 580.7 587 591.9 597.2 603 609.3 615.1 621 635.3 635 642.1 649.1 655.9 662.3 669.3 676.7 683.4 690 696.8 703.1 709.1 716.1 723.9 729.8 735.5 742.3 748.5 754.5 760.4 765.7 771.4 777.1 781.8 786.3 790.2 795.1 798.8 802 804.6 807.1 809.6 811.6 812 815.1 815 814.4 813 813.7 811.9 809.5 807.8 806.8 802 800.1
454.6 458.5 462.9 466.8 473.4 475.8 480.2 485 488.7 493.3 497.7 502.1 506.4 510.4 515.6 519.7 523.9 528.1 532.6 536.8 542.6 546.7 551.7 556.5 561.1 566.5 571.4 578 583.8 589.9 596.2 602.9 609.3 616 622.6 629.5 636.4 643.1 650 657 663.4 670.4 676.3 684 689.9 697 702.6 708.6 714.2 719.2 724.2 729.3 734.4 739.1 743.5 747.7 751.4 754.3 757.3 758.9 760.4 762.5 762.2 762.5 762.2 759.7 758.6 757.1 756.2 753.6 749.6 745.8 743.4 739.9 736.5 733.1
428.9 433.3 437 441.3 445.5 449.5 453.8 458.6 462.8 467.3 471.6 476 479.7 483.6 487.8 491.9 496.3 501.2 505.2 509.3 513.4 517.8 522.3 526.4 531.4 536 541.6 547 555.6 560.2 565.8 572 578.4 584.5 591 597.1 603.3 610.1 615.9 622 628.8 635.9 642.1 648 653.9 659.6 666.6 671.3 676.8 681.6 686.2 690.2 692.9 696 698 699.9 702 703.3 704.5 705.5 706.2 705.1 704.3 702.3 700 697.6 695.7 691.4 688 683.6 679.6 678.3 671 666.8 662.5 658.1
408.3 412 416.3 419.5 423.9 427.3 430.9 434.7 438.3 442.1 446.1 449.9 453.5 458.9 461.8 465.8 469.5 473.4 477.2 481.4 485.4 489.7 494.4 499.4 504.7 509.5 514.5 518.9 526.6 531.9 537.4 542.9 548.8 554.7 560.2 565.5 570.7 576.5 585.2 588.1 594.1 600.2 606.1 611.9 617.3 621.2 625.1 628.5 632.6 635.7 638.5 644.3 646.3 647.7 648.5 648.9 649 648.3 647.3 645.9 644.2 642.7 642.3 639.5 635.4 631.8 628.2 623.7 620.8 616.8 612.5 606.2 602.6 599.7 594.2 591
393.9 396.6 399.1 401.6 404.1 406.7 409.5 413.1 417.5 420.9 424.5 427.6 430.6 433.5 436.9 441.8 443.4 447 462.1 455.5 460.3 464.8 469.4 474.7 479.2 484.5 488.8 493.3 502.5 506.6 511.6 515.2 520.6 525.8 530.2 535.6 541.1 546.1 551.5 556.6 561.9 567 572 576.7 581 584.4 587.1 589.1 590.6 591.9 592.8 593 593.5 592.9 592.6 591.2 589.9 588 586 583.9 581.6 578.1 575.7 573.2 570.8 568.4 553.7 548.3 543.2 551.5 547 531.9 529.6 527.5 524.3 522.9
376.4 379.2 379.5 383.4 386.4 389.4 391.6 394.6 396.8 400.1 403.2 406.5 408.9 411.3 425.6 417.4 421.5 425.8 429.7 434.2 438 445.7 450 453.8 456.3 461 466.8 471.1 475.6 479.5 483.7 488.2 498.4 500.2 505 509.7 514.1 518.5 522.8 527.2 531 534.7 538.2 541 543.4 545.4 546 546.8 546.5 545.9 545.2 542.6 540.3 537.5 534.1 530.4 532.4 523.2 520.5 517.7 514.7 511.6 494.6 490.8 487.5 484.4 481.6 479 476.8 474.8 473 465.9 470.1 458.3 458.1 457.7
361.8 363.9 363.8 366.1 368.9 371.4 373.5 375.6 377.9 379.9 396 386.4 389.9 393.9 397 402.1 406.1 407.7 411.6 415.6 419.8 423.6 427.6 431 436.6 440.8 445.1 449.6 454 457.4 461.5 468.7 472.9 477 480.1 484.4 487.8 491.6 494.6 497.9 499.9 502.3 504.1 505.3 506.1 506.5 506.1 505.3 503.3 500.7 496.9 495.8 488 483 478 472.3 467.4 461.9 457.3 452.4 448.5 444.4 440.9 437.5 434.8 432 429.6 423.5 415.8 408.6 422.6 400.3 400.4 400.2 400.8 400.8
346.8 349 347.3 349.5 351.6 364.7 356.8 359.5 362.1 365 371.9 375.1 374.1 379.2 382.9 386.2 389.5 392.7 395.7 400.9 404.3 407.8 409 413.4 417.1 420.9 424.9 428.4 432.1 435.4 439.2 442.6 445.6 449.3 452.5 459.5 462.5 465.4 467.4 469.5 471.4 472.6 473.6 473.9 470.4 468.6 466.6 465.9 462.1 457.3 452.3 447.3 441.5 436.6 430.7 425.1 420.1 414.8 410.3 406.2 402.2 398.3 395.4 390.1 382.9 375.9 368.7 384.9 360.3 358.2 356.7 355.8 354.6 354.1 376.3 375.8
340.4 332.6 332.9 335.6 338.8 341.7 344.3 346.9 349.4 352.3 356.4 359.6 361.2 364.1 367.1 370.4 373.5 376.5 379.4 382.3 386.8 390 392.1 395.4 398.7 403.3 405.5 408.4 411.8 414.6 417.4 420.3 423.1 425.6 427.9 430.1 431.9 436.9 439.1 439.4 440.9 440.7 439.5 438.6 436 433.3 429.9 426.2 421.9 416.7 411.9 406.5 400.4 398.6 393.9 389.6 378 372.9 368.5 363.6 360 353.6 353.1 343.6 340.1 336.9 334.4 331.6 329.3 327.4 325.8 324.3 323 322.7 322.2 321.9
327.3 329.9 332.1 334.6 338 340.5 343.4 345.8 347.5 350.3 342.9 345.2 347.8 350.5 354.1 356.5 359.3 361.9 364.7 367 369.7 372.3 375.2 377.8 380.3 382.9 385.2 387.8 390.2 391.7 393.9 395.6 396.9 397.5 398.9 400.2 401.8 403.4 406.5 405.7 406.1 404 401.3 398.8 396.5 392.5 388.9 385.2 380.7 376.6 371.4 366.9 361.9 357 352.2 347.1 342 336 332.4 326.1 322.4 318.6 315 311.8 309.2 307.1 304.4 302.3 299.9 297.9 296.1 295 293.7 292.9 292.3 291.8
306.7 318.3 319.1 321 323.3 325.2 327.1 329.9 332 334.5 336.6 339 341 342.9 345 347.2 349.5 351.4 353.4 355 357.3 359.1 361 353.3 354.3 355.8 357.3 358.8 360.9 361.8 362.6 363.4 363.8 364.2 362.5 363.1 366.5 366.5 364.8 363.4 361.4 362.2 360.2 357.6 351.2 350.5 346.9 342.2 338 333.9 330.1 326.3 321.7 317.9 313 308.3 303.9 299.4 295.3 291.2 290.8 287.2 283.7 277.6 275.2 272.5 270.6 268.7 266.9 264.9 263.2 261.5 260 259 257.9 256.4
287.5 289.1 290.9 292.7 294 295.7 297.3 298.9 299.6 301 302.5 313.5 314.9 316.6 317.9 319.2 320.8 321.6 323 324.6 324.9 326.2 327.3 328 328.8 329.6 330.1 329.5 330.4 330.2 330.2 330 329.5 329.5 328.2 327.2 326.2 325.7 325.5 325.4 323.1 320.6 317.9 309.5 307.1 305 302 298.8 295.6 292.3 288.3 285 281.5 277.9 274.3 270.4 267 263.6 260.2 256.7 253.2 253.1 250.4 245 242.8 240.6 239.2 238.1 236.5 235.5 234.8 233.7 233.3 232.2 231.6 230.9
261.8 262.8 264 265 265.7 266.8 267.9 268.8 269.4 270.5 271.4 272.6 273.6 274 274 274.7 275.6 276 276.4 277.2 277.6 277.9 278.3 278.9 287.5 287.4 287.1 287 287 286.1 285.4 284.9 284.4 283.5 283.1 281.9 280.6 281.8 280.3 278.1 276.2 274 272.1 270 267.4 265.1 262.4 259.8 257.2 254.7 251.5 248.4 246.1 243.3 240.4 237.6 235 232 229.2 226.9 224.3 221.8 219.5 217.3 219.1 213.9 212.2 211 210.1 208.6 211.5 210.6 209.8 206 205.7 205.4
229.9 230.3 231.1 232 232.5 233.1 233.5 233.9 234.8 235 235.4 236 236.2 236.6 236.6 237 237.3 237.5 237.7 237.3 237.4 237.2 237 237.4 236.7 236.9 236.7 236 235.8 235.1 234.2 234.1 233.3 232.7 231.8 231 230.1 230.4 229.3 228.4 227 225.7 224.4 223 221.5 218.9 217.4 221.2 219.6 217.4 215.4 213.3 211.1 209.2 207.3 204.9 203.3 200.9 199 198.5 197 194.7 193.5 192.7 191.6 190.1 189 187.7 187.2 186.1 185.7 184.8 184.4 183.8 183.4 183.2
193.6 194.1 194.8 194.9 195.4 196 196.1 196.5 197.2 197.2 197.4 197.7 197.9 197.9 198.1 198.2 198.3 198.4 198.5 198.4 198.2 198.4 198.4 198.3 198.1 198 197.7 197.7 197.2 196.4 196.1 195.6 195.1 194.3 193.8 193 192.3 191.3 190.2 189.6 189.6 189.6 187.8 187.2 186.2 185.5 184.2 183.2 181.7 178.9 177.6 177 176.1 175.1 174.6 173.9 173 171.7 171.1 170.1 169.3 168.5 167.7 167.1 166 165.7 164.7 165.7 165.3 164.8 163.3 162.9 162.8 162.7 162.6 162.4
156.8 157.4 157.8 158.3 158.5 159 159.1 159.7 159.7 160.1 160.5 160.6 160.6 160.7 160.7 161.1 160.9 161.2 161.5 161.8 161.7 161.7 161.4 161.7 161.6 161.7 161.4 161.4 161.4 160.4 160.2 160.1 159.8 159.7 159.5 159.1 158.9 158.6 158.5 157.7 157.1 156.2 155.4 154.8 154.5 155.8 153.4 152.5 152.3 152.1 151.7 151.7 151 147.1 147.1 146.9 146.5 146.3 146.2 145.8 145.9 145.5 145.1 145.2 144.9 144.6 144.1 144 143.6 143.3 142.9 142.4 141.6 141.5 140.8 141
123.3 123.7 124 124.3 124.3 124.8 125.3 125.2 125.5 125.8 126.3 126.3 126.6 126.8 126.6 127.1 126.9 127.3 127.5 127.6 127.7 127.6 127.7 127.7 127.7 127.8 127.7 127.8 127.8 127.4 127.2 127.3 127.3 127.3 127.4 127.3 127.1 127.1 130.3 130.4 130.5 130.4 126.7 126.8 126.6 126.8 126.6 126.4 126.3 126.2 126.1 125.6 125.6 125 124.8 124.6 124.6 124.5 124 122.9 122.7 123 122.8 122.8 122.8 122.2 121.7 121.4 120.9 120.8 120.2 120.2 120.4 120.6 120.8 121
95.4 95.6 95.8 96.2 96.5 96.8 96.6 96.7 97.8 98.2 98.1 98.5 98.9 98.9 99.1 99.5 99.7 100.1 99.9 100.3 100.5 100.8 100.7 101.2 101.6 101.4 101.8 102 101.8 102.5 102.7 102.7 102.8 102.9 103.1 103.2 103.6 101.1 101.2 101.1 101.1 101.2 101.5 101.3 101.4 101.7 101.4 101.8 101.6 101.8 102 101.7 102.1 102.1 102.2 102 102.1 102.4 102.7 102.6 102.3 101.9 101.5 101.7 102.9 103 102.9 102.6 102.7 101.5 101.6 101.7 102.1 102 102 101.9
73 73.3 73.7 73.9 74.3 74.4 74.7 74.9 75.1 75.3 75.7 76.1 76.6 76.6 77 77.1 77.3 77.5 77.6 77.9 78.4 78.7 78.4 78.7 79.1 79.3 79.3 79.6 79.8 80.4 80.5 80.8 80.7 81.1 81.3 81.3 81.5 81.7 82.2 82.1 82.1 82.3 82.7 82.5 82.7 83 83.2 83.3 83.3 83.5 83.9 83.8 84 84.2 84 83.9 83.4 83.5 83.6 85.1 83.3 83.7 83.8 83.8 84 83.9 82.7 83 83 83.1 83.3 83.5 83.6 84 84 84.2
55.9 56.5 56.9 57.1 57.6 57.9 58.2 58.4 58.9 59.3 59.5 59.8 60 60.4 60.5 60.9 60.9 61.1 61.7 62 62.1 62.5 62.4 62.5 62.7 63 63.5 63.7 63.8 64.3 64.6 64.8 64.8 65.1 65.2 65.5 65.9 65.9 66.1 65.9 66.2 66.5 66.6 66.6 67 67.1 67.1 67.3 67 67 66.8 66.9 67 66.6 66.7 66.9 66.3 67.7 66.5 66.7 67 67.2 67.4 67.3 67.7 67.9 68.1 68.3 68 68.2 68.5 68.7 68.9 69.2 69.4 69.5
43.7 43.9 44.2 44.2 44.5 44.9 45 45.3 45.3 45.8 46.6 46.8 47.1 47.3 47.5 47.8 47.9 48.2 47.7 48 48.2 48.3 48.5 48.8 49.1 49.2 49.6 49.8 50.2 50.6 50.9 50.9 51 51.4 51.5 51.7 51.8 52 51.9 51.9 51.9 52 52.2 52 52 52 52.7 52.7 52.2 52.3 52.2 52.5 53 53.1 53.1 53.3 53.5 53.7 53.8 53.8 53.9 54.2 53.9 54.4 54.7 54.8 54.8 55.2 55.4 55.4 55.4 55.7 55.6 55.7 56 56.1
