datasets/global_precipitation_1950_2017/rasters/precip_1981-total.asc
NCOLS 720 
NROWS 347 
XLLCORNER -180 
YLLCORNER -90 
CELLSIZE 0.5 
NODATA_value -9999 
[rows 306 to 339 of 347, columns 304 to 379 of 720]
-9999 -9999 -9999 -9999 -9999 -9999 -9999 -9999 -9999 -9999 -9999 -9999 -9999 -9999 -9999 -9999 -9999 -9999 -9999 -9999 -9999 -9999 -9999 -9999 -9999 -9999 -9999 -9999 -9999 -9999 -9999 -9999 -9999 -9999 -9999 -9999 -9999 -9999 -9999 -9999 -9999 -9999 -9999 -9999 -9999 -9999 -9999 -9999 -9999 -9999 -9999 -9999 -9999 -9999 -9999 -9999 -9999 -9999 -9999 -9999 -9999 -9999 -9999 -9999 -9999 -9999 -9999 -9999 -9999 -9999 -9999 -9999 -9999 -9999 -9999 -9999
-9999 -9999 -9999 -9999 -9999 -9999 -9999 -9999 -9999 -9999 -9999 -9999 -9999 -9999 -9999 -9999 -9999 -9999 -9999 -9999 -9999 -9999 -9999 -9999 -9999 -9999 -9999 -9999 -9999 -9999 -9999 -9999 -9999 -9999 -9999 -9999 -9999 -9999 -9999 -9999 -9999 -9999 -9999 -9999 -9999 -9999 -9999 -9999 -9999 -9999 -9999 -9999 -9999 -9999 -9999 -9999 -9999 -9999 -9999 -9999 -9999 -9999 -9999 -9999 -9999 -9999 -9999 -9999 -9999 -9999 -9999 -9999 -9999 -9999 -9999 -9999
-9999 -9999 -9999 -9999 -9999 -9999 -9999 -9999 -9999 -9999 -9999 -9999 -9999 -9999 -9999 -9999 -9999 -9999 -9999 -9999 -9999 -9999 -9999 -9999 -9999 -9999 -9999 -9999 -9999 -9999 -9999 -9999 -9999 -9999 -9999 -9999 -9999 -9999 -9999 -9999 -9999 -9999 -9999 403.5 -9999 -9999 -9999 -9999 -9999 -9999 -9999 -9999 -9999 -9999 -9999 -9999 -9999 -9999 -9999 -9999 -9999 -9999 -9999 -9999 -9999 320.9 315.5 309.9 304.2 299 296 294.1 288.8 284.5 280.5 279.2
-9999 -9999 -9999 -9999 -9999 -9999 -9999 -9999 -9999 -9999 -9999 -9999 -9999 -9999 -9999 -9999 -9999 -9999 -9999 -9999 -9999 -9999 -9999 -9999 -9999 -9999 -9999 -9999 -9999 -9999 -9999 -9999 -9999 -9999 -9999 387.6 389.7 391.6 -9999 -9999 -9999 398.9 400.7 402.4 -9999 -9999 -9999 -9999 -9999 -9999 -9999 -9999 -9999 -9999 -9999 -9999 -9999 358.6 353.6 349.5 346.1 342.4 337.9 333.3 329 325.8 322.8 319.7 318.2 315.5 315.2 316 313.9 315.4 318.2 322.3
-9999 -9999 -9999 -9999 -9999 -9999 -9999 -9999 -9999 -9999 -9999 -9999 -9999 -9999 -9999 -9999 -9999 -9999 -9999 -9999 -9999 -9999 -9999 -9999 -9999 -9999 -9999 -9999 -9999 -9999 -9999 -9999 -9999 -9999 385 387.1 389.1 391.2 393.3 395.5 397.6 398.2 399.5 400.3 400.5 401.3 401 398.4 395 390.7 386 380.5 375.5 370.3 366.1 362 358.5 354 349 344.8 341.5 339.7 338.6 337.4 334.2 331.6 329.4 328.8 328.8 328.8 329.6 334.1 334 336.3 339.2 343.3
-9999 -9999 -9999 -9999 -9999 -9999 -9999 -9999 -9999 -9999 -9999 -9999 -9999 -9999 -9999 -9999 -9999 -9999 -9999 -9999 -9999 -9999 -9999 -9999 -9999 -9999 -9999 -9999 -9999 -9999 -9999 -9999 -9999 -9999 381.1 384.6 389.6 391.5 393.4 395.4 397.2 397.4 396 396.1 397.7 396.4 392.6 388.5 385.3 383.6 378.2 373.8 369.7 365.6 362 358.2 354.2 350.9 347.6 343.4 341.2 341 340.9 341 340.6 338.9 337.5 338.1 338.6 339.8 341 342.5 344.4 344.4 349.3 351.7
-9999 -9999 -9999 -9999 -9999 -9999 -9999 -9999 -9999 -9999 -9999 -9999 -9999 -9999 -9999 -9999 -9999 -9999 -9999 -9999 -9999 -9999 -9999 -9999 -9999 -9999 -9999 -9999 -9999 -9999 369.9 372.4 375.6 378.4 381.7 384.2 386.7 388.8 390.9 394.3 396 396.7 396.3 395.4 393.3 390 386.7 383.9 378.9 374 368.6 365.1 363 363.6 359.9 356.5 352.8 349.1 346.3 344.3 343.6 343.4 341.8 344.4 344.9 345.2 344.2 345.2 346.3 347.2 348 348.6 350.4 352.7 362.8 364.4
-9999 -9999 -9999 -9999 -9999 -9999 -9999 -9999 -9999 -9999 -9999 -9999 -9999 -9999 -9999 -9999 -9999 -9999 -9999 -9999 -9999 -9999 -9999 -9999 350 353 356.4 359.5 362.6 365.9 369.1 372 374.7 377.8 380.2 382.5 385.4 387.9 389.1 392.2 393.3 394 394.4 393.5 391.1 388.5 385.1 381.6 377.2 371.8 366.9 363.6 360.4 357.6 354.6 351.7 347.8 348.8 347 346.3 346.1 345.6 346.1 344.7 347.8 348.5 349.2 349.9 349.8 349.9 350.3 350.7 359.2 362.1 364.9 366
-9999 -9999 -9999 -9999 -9999 -9999 -9999 -9999 -9999 -9999 -9999 -9999 -9999 -9999 -9999 -9999 -9999 -9999 -9999 -9999 -9999 -9999 -9999 -9999 348.2 351.4 354.5 357.9 361.2 364 367.5 370.5 373.1 376.1 378.9 381.2 383.1 385.5 387.6 389.6 391.3 391.2 391.5 391.2 387.2 386.6 385.4 381.7 374.5 370.1 367.5 364.2 361.2 357.5 354.7 351.9 348.3 346.5 345.7 345.1 345.4 345.6 349.1 349.9 348.6 351.3 359 359.1 360.2 360.8 361.5 361.4 362.6 364.8 367.3 366.1
-9999 -9999 -9999 -9999 -9999 -9999 -9999 -9999 -9999 -9999 -9999 -9999 -9999 -9999 -9999 -9999 -9999 -9999 -9999 -9999 -9999 -9999 -9999 -9999 -9999 348.6 352.1 354.7 358.2 361.5 364.5 367.6 370.4 373.5 376.2 378.7 381.3 383.1 385.1 386.4 386.4 385.2 386.5 385.6 383.1 381.1 378.8 375.5 371 367.3 364.9 362.5 360.8 358.1 355.1 352.5 350.6 349.4 348.5 347.6 347.2 347.3 347.8 354.3 353.8 354.3 354.2 355.1 361.2 362.3 364.8 364.3 364.7 365.5 367.3 368.1
-9999 -9999 -9999 -9999 -9999 -9999 -9999 -9999 -9999 -9999 -9999 -9999 -9999 -9999 -9999 -9999 -9999 -9999 -9999 -9999 328.5 331 333.9 336.6 340 342.6 346.3 349.6 352.9 356.8 359.4 362.2 365.1 367.8 370.8 372.9 375.2 377.7 379.6 379.8 380.5 381.2 382.3 381.4 381.2 375.3 375.9 371.7 367.8 365.1 362.6 360.4 358.4 356.7 354.6 353.7 352.6 352.2 351.5 355.9 354.8 355.1 355.5 355.7 356 356.6 357 357.4 359 360 361.1 362.3 363 363.3 363.8 363
-9999 -9999 -9999 -9999 -9999 -9999 -9999 -9999 -9999 -9999 -9999 -9999 -9999 -9999 -9999 -9999 -9999 -9999 316.6 318.5 320.8 323.2 325.7 328.5 330.8 333.7 336.8 339.8 342.6 345.6 352.2 354.8 357.6 360 362.2 364.2 365.9 368.3 369.6 370.1 370.1 371 371.9 373.2 373.1 371.7 369.1 366.2 364.1 362.6 360.3 359.7 357.9 356.1 354.8 356.7 356.8 356.5 356.8 357.8 357.9 356.8 358.3 357.9 358 358 357.7 357.1 357.1 357.6 358.4 358.5 358.5 357.4 354.8 354.3
-9999 -9999 -9999 -9999 -9999 -9999 -9999 -9999 -9999 283.7 286.7 289.8 291.8 293.9 295.5 297.5 299.6 301.6 303.7 306.2 308.2 310.7 313.4 316.1 318.6 321.5 324.5 327.1 329.8 332.5 339.6 342.3 345.1 347.9 350.4 352.9 355 353.5 355.3 357.1 358.2 359.1 358.9 360.3 359.8 359.6 358.8 357.6 357.6 357.4 357.9 357.5 356.2 355.1 355.3 355 355.3 356 356.1 356.1 356.2 357 356.5 356.1 355.6 354.7 353.7 351.4 348.9 347.6 347.2 345.3 342 338.9 335.3 331.6
-9999 239.1 242.5 245.5 248.1 251.4 254.5 257.4 260.2 263.5 267 269.8 272.4 274.6 277.2 279.5 282.2 284.7 286.9 289.5 292.1 294.5 296.8 299.7 302.4 305.2 308.3 312 314.6 317.3 322.1 324.6 327.7 330.5 333.1 335.4 337.9 340.2 341.6 343 343.8 344.2 344.5 346.1 345.4 345.3 346.1 347.8 349.3 347.7 348.4 348.4 348.3 349 349.7 350 349.8 350.9 350.5 349.6 348.8 347.8 347.3 345 342 342 338.4 334.7 330.9 328 323.6 318.5 313.6 309.5 303.7 297.7
214 217.3 220.6 223.9 227.4 231.5 235.1 238.4 241.8 244.7 247.8 250.6 253.4 256.5 259.3 261.8 264.6 266.9 269.5 272 274.7 277.1 279.9 282.6 285.2 287.9 290.4 294.4 296.7 299.6 302 304.9 307.5 310.3 312.7 315.5 318.2 320.5 322.4 324.2 326 328.1 327.8 331.1 331.7 331 332.6 334.1 335.3 335.9 334.2 334.2 334.3 334.9 335.4 335.3 335.3 334.4 333.5 331.5 329.2 328.3 324.9 322.2 319.1 311.8 307.7 303.9 300.5 295.2 289.1 282.7 276.4 270.1 263.8 257.5
197.7 201.2 204.2 207.3 211.1 214.2 217.7 221.5 224.8 227.8 231.2 234.3 237.4 240.1 242.9 245.4 248.1 250.6 253.3 255.5 258.1 260.6 263.4 265.5 268.4 270.1 272.1 274.5 280.2 280.1 282.3 284.9 287.6 290 292.4 295.2 297.5 299.7 301.6 303.6 305.9 308.6 310.3 311.4 313.3 314.9 315.1 316.8 318.2 318.9 319.2 316.5 316.2 315.1 313.7 311.5 309.9 307.5 305 302.3 299.6 295.1 291.1 286.1 281.4 275.6 269.8 263 257.2 251.1 245.1 241.2 231.2 224.1 217.5 210.6
188.6 192.2 195.6 198.9 201.9 204.6 207.5 210.9 213.1 216.8 219.7 222.3 224.8 228.4 229.9 232.5 235.1 237.7 240 242.5 244.8 247.5 250 252.1 254.4 256.3 257.9 259.2 263.2 265.2 267.1 269.3 271.8 273.8 276.2 277.6 279.1 280.9 286.6 284.9 287.1 289.3 291.2 292.9 294.4 295 294.9 294.6 293.8 293.1 292.9 295.5 294.3 290.2 287.2 284 280.2 276.2 271.7 266.9 261.9 256.8 253.3 247.6 240.3 234.4 227.9 219.8 214.8 208.7 202.1 191 187.9 182.8 174.6 169.5
189.9 191.9 192.2 195.7 197.6 199.4 201.4 204.1 206.7 209 212 214.1 215.9 217.8 219.8 224.3 224 226.5 228.7 231 233.4 235.6 237.7 240.2 242.1 244.7 246 247.2 253.2 254 255.8 256 258 259.7 260.8 263.2 265.2 266.9 269 270.5 272.1 273.7 275 276.1 276.9 276.4 276 274.8 273.4 270.5 268.3 265.7 263.1 259.9 253.6 249.3 244.5 239.5 234.2 228.6 223.2 216.3 211.2 205.3 200.2 195.1 178.1 170.2 163 167.9 161.8 144.6 139.3 137.1 132.1 128.9
189.3 191.4 190.9 193.1 195.1 197.7 199.3 201.5 202.5 204.9 207.3 209.6 211.1 212.5 214.2 215.7 217.5 219.8 221.6 223.6 225.3 230.8 232.3 233.4 233.3 235.4 238.6 239.8 241.4 242.9 243.9 245.4 252.5 251.3 253 254.6 256.1 257.3 258.5 259.5 260.1 260.4 260.7 260.3 259.3 258.1 255.4 253 249.3 245.9 240.5 236.5 231.2 225.9 219.6 213.2 210 197.9 192.1 186.4 180.4 174.2 154.5 147.6 141.7 135.7 130.3 126.2 122.2 118.8 115.4 106.5 108.5 94.4 94 91.7
189.1 190.9 190.1 192.1 193.8 195.9 197.4 198.7 200.3 201.3 205.1 204.9 207.1 209.4 210.6 213.7 215.7 215.4 217.1 219.2 220.8 222.5 223.9 224.9 227.7 229.6 231.4 233.3 234.8 236.3 237.6 242.2 243.3 244.5 244.9 246.4 247.2 248 248.1 248.3 247.6 247 245.7 244 242.1 239.5 235.9 231.9 227.1 221.5 215.1 211.4 200 192.5 184.9 177.2 169.8 161.9 152.6 145 138.1 131.4 125 119 113.8 108.6 104.1 96.7 88.1 79.7 90.8 69 67.4 65 64 62.6
189.8 191.2 189.1 190.6 192.1 193.6 195.4 196.9 197.8 199.5 204.4 206.4 204 207.3 209 210.6 212 213 214.2 217.3 218.9 220.1 219.3 221.1 222.8 224 225.7 227.1 228.3 230 231 232 232.8 233.7 234.1 239 239.2 239.1 239 238.4 237.5 236.2 234.4 232.1 225.6 221.3 216.6 213.4 206.5 199.2 191.2 183.6 175.6 166.8 159.6 151.5 144.2 136.9 130.5 124 115.3 109.7 104.1 96.3 87.5 79.2 70.2 83.2 59.1 55.7 52.9 50.7 49 47.6 64.6 60.3
186.1 188.8 188.3 189.9 191.8 193.2 194.8 196.1 197.1 198.6 201 202.9 202.9 204.2 205.8 207.1 208.3 209.4 210.8 211.9 214.3 215.6 215.9 216.9 218.3 220.8 220.7 221.6 222.7 224.5 225.1 225.7 226.1 226.3 226 226.2 225.7 228.3 228 226.4 225.1 222.7 219.2 215.3 210.9 205.9 199.7 193.5 186.9 179.4 172.1 164 155.7 151.2 144.5 137.1 124.2 117.4 110.3 103.9 98.1 90.1 85.2 75.2 69.8 65.3 61.1 56.9 53.5 50.4 47.6 45.4 43.4 41.8 40.3 39
184.7 185.9 187.3 188.6 190.8 192.1 193.4 194.8 195.5 196.6 199.3 200.2 201.3 202.5 204.3 205.4 206.6 207.5 208.7 209.3 210.3 211.2 212.2 212.9 213.5 214.3 214.8 215.4 215.6 216.3 216.8 216.3 215.3 214.4 213.6 212.7 212.1 211.8 212.8 210 208.1 203.9 199.3 194.5 189.4 184.1 178.2 172.1 165.7 159.1 151.8 145.2 138.1 130.9 123.8 116.7 109.6 101.1 96.2 87.7 82.6 77 71.9 67.5 63.6 58.6 55.3 51.8 48.6 45.7 43.2 41.1 39 37.6 35.8 34.3
185.5 185.5 185.4 186.1 187 188 188.8 190.3 191 192.5 193.1 194.2 194.8 195.7 196.2 197 197.8 198.6 199 199.4 200 200.3 200.5 201.8 200.9 200.7 200.4 200.3 200.5 201.1 200.2 199.2 197.9 196.3 193 191.5 193.2 191.1 187.7 184.6 180.8 179.8 175.6 171 162.9 160.3 154.5 148.2 142.4 136.2 130.4 124.6 118.2 112.4 105.5 98.7 92.8 86.2 80.2 74 72.1 67.4 63 55.8 52.1 49.1 46 43.5 40 37.5 35.3 32.6 30.5 28.8 26.9 25.2
176.4 177.2 178 178.6 179.2 179.7 180.5 180.8 180.2 180.5 180.9 180.2 180.4 181 180.9 180.8 181.6 180.9 181.1 181 180.4 180 179.8 179.1 178.5 178 177.1 175.1 174.4 174.2 172.9 171.1 169.3 167.7 164.5 162.1 159.7 157.7 156.1 154.8 150.9 147.2 143.2 140.4 136.6 132.9 128 123.1 118.2 113.3 107.8 102.5 97.3 92.1 86.8 81 76.2 70.8 66.2 61.6 57 55.1 51.4 45.4 42.2 39.5 37.4 35.6 33.4 32 30.4 27.7 26.6 24.8 23.3 22.3
160.7 161 160.7 160.5 160.5 160.8 160.8 160.8 160.4 160.5 160.3 160.1 160.2 159.6 158.4 158 157.8 156.9 156 155.8 155 154.2 153.2 152.4 150.2 148.9 147.4 146.3 144.4 144.1 142.2 140.2 138.5 136.5 134.4 132.1 129.5 129.3 126.5 123.1 120 116.8 113.6 110.5 106.7 103.2 99.3 95.6 91.9 87.8 83.8 79.8 76.4 72.4 68.1 64.5 61.1 57.5 54.1 50.7 47.5 44.4 41.3 38.6 35.2 33.5 31.6 29.7 28.1 26.4 27.6 26.1 24.7 21.3 20.4 18.6
138.1 137.7 137.7 137.6 137.1 136.8 136.7 136.1 136.2 135.4 135 133.8 133.4 132.8 131.9 131.1 130.4 129.5 128.6 127 126 124.6 123.7 122.5 121.2 120.1 118.8 117.1 115.5 115.5 113.6 111.9 109.8 108.2 106.2 104.3 102 101.3 98.9 96.6 94.2 91.9 89 86.5 83.4 80 77.4 73.4 70.6 67.6 64.7 61.4 58.4 55.9 53.2 50.6 47.9 45.5 42.7 41.6 39 36.3 34.3 32.8 31.2 29.4 28.1 26.4 24.9 23.5 22.5 21.2 20.2 19.2 18.4 17.6
110.6 110.2 110.2 109.6 109.4 108.8 108.8 108.1 107.9 107.1 106.6 105.9 105.6 104.6 103.9 103.2 102.3 101.3 100.6 99.5 98.5 97.4 96.2 95.1 94.1 93 91.7 90.8 89.5 89.5 88.3 86.9 85.2 83.5 81.7 80.1 78.3 76.2 74.3 72.2 71.2 70.3 67.2 65.6 63.7 62 59.4 57.5 55.4 51.6 49.8 48.3 46.1 44.4 42.8 41.5 39.3 37.1 35.4 33.6 32 30.3 28.6 27.4 26 25 23.7 23.6 22.4 21.4 19.7 18.9 18 17.3 16.8 16.2
82.3 82 81.8 81.7 81.2 81.1 80.3 80.4 79.8 79.3 78.9 78.5 77.5 76.9 76.4 76 75.1 74.5 74 73.4 72.6 71.8 70.9 70.1 69.2 68.7 67.6 66.7 65.7 66.1 64.9 63.9 62.9 61.7 60.8 59.2 58 56.8 55.9 54.1 52.7 51.3 49.6 48.2 47.2 47.5 44.6 43 42.1 41 39.7 38.7 37.4 32.3 31.3 30.2 28.9 28.2 27.5 26.5 25.6 24.6 23.8 23.2 22.3 21.4 20.6 19.7 19.1 18.1 17.5 16.7 15.5 14.9 14.1 13.7
57.1 56.9 56.6 56.3 55.9 55.5 55.5 55.4 54.9 54.7 54.3 53.6 53.6 52.9 52.1 51.8 51.1 51.1 50.5 49.8 49.4 48.6 48.2 47.4 47 46.2 45.6 45.1 44.4 44.8 44.1 43.5 42.6 42.2 41.5 40.6 39.7 39 41.6 40.9 40.4 39.3 35 34.2 33.4 32.7 31.9 31.2 30.2 29.5 28.6 27.3 26.4 25.5 24.6 23.9 23.2 22.2 21.3 20.1 19.3 19 18.4 17.9 17.5 16.7 15.8 15.2 14.4 13.7 13.1 13 12.8 12.4 12.2 11.9
37.5 37.6 37.2 36.9 36.7 36.3 35.8 35.4 36.2 36.1 35.6 35.5 35.7 35.1 34.9 34.4 33.9 33.8 33.3 33 32.6 32.3 31.8 31.9 31.6 30.9 30.5 30.4 29.6 30.4 30.1 29.6 29.1 28.5 28.1 27.6 27.1 24.3 23.8 23.3 23.1 22.4 22 21.3 20.8 20.5 20 19.7 19.2 18.8 18.5 18 17.8 17.3 17.2 16.7 16.4 16.1 15.9 15.6 15.1 14.4 14.1 13.6 14.1 13.7 13.3 12.7 12.5 11.5 11.2 11.3 11 10.8 10.4 10.4
22.7 22.7 22.7 22.4 22.2 22.1 22.3 22 21.8 21.6 21.5 21.5 21.5 21.3 21.3 21 20.8 20.5 20.2 20.1 20 19.9 19.4 19.2 19.2 19 18.8 18.4 18 18.7 18.6 18.4 17.8 17.7 17.7 17.2 16.7 16.6 16.4 16.1 15.9 15.7 15.5 15.2 15 15 14.8 14.6 14.3 14.1 14 13.8 13.5 13.4 12.8 12.5 12 11.8 11.6 12.1 10.9 10.9 10.6 10.4 10.4 10.2 9.4 9.3 9.2 9 8.8 8.9 8.8 8.7 8.5 8.5
14.1 14.2 14.5 14.5 14.5 14.5 14.4 14.4 14.4 14.5 14.3 14.3 14.3 14.3 14 14 13.7 13.6 13.8 13.8 13.6 13.5 13.3 13.1 13 13.1 13.1 13 12.7 13 12.9 12.7 12.4 12.3 12.3 12.2 12.3 12.1 12 11.8 11.7 11.7 11.6 11.4 11.3 11.1 10.9 10.9 10.5 10.4 10 10 9.7 9.3 9.2 9.1 8.8 9.3 8.6 8.6 8.5 8.4 8.2 8.1 8.1 8 8 7.9 7.7 7.6 7.6 7.6 7.4 7.5 7.5 7.3
9.7 9.7 9.7 9.7 9.7 9.7 9.7 9.7 9.7 9.7 10 10 10 9.9 9.8 9.8 9.8 9.8 9.4 9.6 9.5 9.4 9.4 9.4 9.3 9.3 9.3 9.3 9.3 9.3 9.2 9.1 9.1 9.2 9.1 9.1 8.9 8.9 8.7 8.5 8.5 8.4 8.4 8.2 8 7.9 8 8 7.7 7.6 7.5 7.5 7.5 7.4 7.3 7.2 7.3 7.3 7.2 7.3 7 6.9 6.7 6.7 6.8 6.8 6.7 6.7 6.7 6.7 6.6 6.6 6.5 6.5 6.5 6.2
