datasets/global_precipitation_1950_2017/rasters/precip_1997-total.asc
NCOLS 720 
NROWS 347 
XLLCORNER -180 
YLLCORNER -90 
CELLSIZE 0.5 
NODATA_value -9999 
[rows 0 to 33 of 347, columns 228 to 303 of 720]
-9999 -9999 -9999 -9999 -9999 -9999 -9999 -9999 -9999 -9999 -9999 -9999 -9999 -9999 -9999 -9999 -9999 -9999 -9999 -9999 -9999 -9999 -9999 -9999 -9999 -9999 -9999 -9999 -9999 -9999 -9999 -9999 -9999 -9999 -9999 -9999 -9999 -9999 -9999 -9999 -9999 -9999 -9999 -9999 -9999 118.2 117 -9999 -9999 -9999 -9999 -9999 108.4 -9999 106.3 104.7 103.8 102.5 101.7 101 100.4 99.4 98.9 98.7 98.5 98.3 98.4 98.2 98.7 98.9 99.2 99.9 100 100.5 101.5 101.8
178.2 180.9 183.8 186.3 188.9 -9999 -9999 -9999 -9999 -9999 -9999 -9999 -9999 -9999 -9999 -9999 -9999 -9999 -9999 -9999 -9999 -9999 -9999 -9999 -9999 -9999 -9999 -9999 -9999 -9999 -9999 -9999 -9999 -9999 -9999 -9999 -9999 -9999 -9999 -9999 128.8 127.2 125.5 124 122.6 121.1 119.6 118.2 -9999 -9999 114.4 113 112.2 111.2 109.8 109 108.2 107.5 107 106.2 105.5 105.3 104.5 104.6 104.4 103.9 103.9 104.3 104.6 104.3 105.2 105.2 106.2 106.6 106.8 107.4
161.6 163.9 167 168.9 171.7 173.9 175.9 177.5 178.3 178.9 -9999 -9999 -9999 -9999 -9999 -9999 -9999 -9999 -9999 -9999 -9999 -9999 159.3 157.4 -9999 153.6 151.5 149.5 -9999 -9999 144 142.2 140.4 138.9 137.1 135.7 -9999 -9999 -9999 -9999 128.8 127.7 125.9 125 123.7 -9999 -9999 120.3 119.3 118.4 117.3 116.6 116.2 115.4 114.7 114.6 114 113.6 113 112.5 112 111.8 111.5 111.6 111.3 111.2 111.4 111.6 111.6 111.9 111.8 112.7 113 113.2 113.5 113.9
130.9 -9999 132.2 135.3 -9999 -9999 -9999 -9999 -9999 150.2 151.5 152.7 153.4 153.9 -9999 153.6 153.6 152.7 152 150.9 150.1 148.8 147.5 146.1 -9999 144 142.7 141.5 139.6 138.9 137.1 -9999 134.9 133.5 132.6 131.4 130.4 129.4 128.2 127.7 126.4 126.2 125 124.2 123 122.6 122.1 121.5 121.4 120.8 120.3 119.7 119.3 119.4 119.3 118.7 118.4 118.2 117.8 117.7 117.6 118.3 117.7 117.7 117.5 117.8 118 -9999 118.1 118.1 118.6 118.6 119.4 119.7 120.3 120.2
121 -9999 -9999 -9999 -9999 -9999 -9999 -9999 -9999 -9999 132.9 133.9 135.1 135.6 136.4 136.7 136.6 137 136.6 136.3 136 135.4 135.2 134.5 133.6 132.7 132.1 131.6 131 130.3 129.2 128.8 127.7 127.4 126.7 125.7 125.1 124.5 124.2 123.9 123.1 123.1 122.9 122.5 122.1 122.1 122 122.1 121.8 121.7 121.5 121.8 122 121.8 121.6 122 122.1 122.1 122 122 122.6 123.1 123 123.5 123.9 123.9 123.8 123.9 124 124.4 124.6 124.6 124.8 124.9 125 125.3
-9999 117.2 118 118.7 118.9 119.6 120.3 120.6 121.5 122.1 122.6 123.4 123.4 124.2 124.7 124.7 125 125.4 125.1 125 124.9 124.4 123.9 124.5 124.1 123.7 123.3 123.1 122.6 122.4 121.8 121.8 121.7 121.2 121 120.5 120.5 120.2 120 120.4 120.4 120.4 120.6 120.8 121.1 121.3 121.9 122.4 122.3 123.2 123.2 123.8 123.9 124.5 124.6 125.3 125.3 126 126.7 126.5 127.4 127.7 128.3 128.4 128.4 128.7 129 128.9 129.2 129.8 129.8 129.9 130.1 129.7 130.2 129.9
112.6 112.7 112.9 113.3 113.7 114 114 113.9 115.3 114.5 115 115.3 115.9 116.2 116.8 116.6 116.8 116.6 116.8 117.1 116.3 116.7 116.5 116.5 116.4 116.5 116.2 116.3 116.2 116.2 116.3 115.8 116 115.8 115.6 115.9 116 116.1 116.4 117.3 117.1 118 118.8 119.3 119.8 120.7 121.4 121.8 122.8 124.1 125 125.4 126.4 127.2 128.2 128.7 129.8 130.2 130.4 131.2 131.7 132 132.6 133.1 133.9 134.5 134.7 135.5 135 135.9 135.7 135.8 136 136.2 136.3 136.4
-9999 -9999 108 107.9 107.2 108 109.2 108.8 109 109.5 110 110.6 110.8 110.7 111.5 111.7 111.9 112.3 111.3 111.3 111.5 111 110.9 111 111.2 111.7 111.7 111.7 112 111.9 111.3 111.5 111.5 111.6 111.9 111.9 111.9 112.7 113.3 114.3 115 115.9 116.8 117.5 119.3 120.3 121.1 122.3 123.5 125.1 126.1 127 128.4 129.9 131 132.5 133.5 134.7 135.4 136.3 137.1 138 138.6 139.6 140.1 140.5 141.4 141.9 142.3 142.3 143.3 143.5 143.8 144.3 144.1 144.5
-9999 103 102.9 103.5 102.3 102.7 103.7 104.5 105 104.6 106.2 106.1 106.8 107 107.3 107.7 108.5 108 108.6 108.3 107.9 108 109.9 107.3 107.5 108.5 108.9 109.1 109.4 109.4 110 109.4 109.4 109.1 108.8 108.9 109.2 110.1 110.7 111.8 112.7 114 114.6 116.4 117.8 119.4 121.3 122.6 124.5 126.2 128.2 130 131.8 133 135.4 137 138.7 140.5 141.9 143.1 144.4 145.5 146.6 147.8 148.8 149.4 149.8 151.3 150.9 151.7 152.6 153.2 154 154 154.1 154.3
94.4 95.6 96.2 97 98.1 98.8 100.1 101.2 102.4 103 103.5 104 103.9 106.1 104.9 105.3 105.9 106.5 106.6 106.9 107.6 107.2 107.2 108.4 106.9 107.2 107.6 107.5 108 108.2 108.3 108.2 108.5 108.2 107.6 109.1 107.9 109.2 109.7 110.7 110.8 112.6 114.3 115.7 117.3 118.6 121.2 123.3 125.7 128.5 131 133.9 136.4 139.3 141.6 145.1 145.8 147.4 152.4 154.7 156.7 158 158.8 159.8 160.7 161.2 161.2 162.2 162.4 163.6 164.4 165.4 165.8 166.2 166.6 165.9
86.4 88.4 89.9 92.2 93.7 95.1 97 98.5 100.1 101.5 102.5 104 104.8 104.8 105.4 106 105.3 106.8 107 106.9 106.8 107.3 107 107 108.6 106.6 106.6 106.2 108.3 108.2 106.4 106.7 107.4 107.7 107.3 106.9 108.4 108.3 110.2 108.8 110.2 111.7 113.6 115.2 116.8 118.9 121.2 124.4 127.7 131.6 135.2 139.2 145.4 146.6 149.6 152.3 155.5 158.7 161 163.6 165.5 167.7 169.9 171.3 172.8 174.5 174.9 175.4 175.6 176.3 177.5 178.2 178.5 180.1 180.6 180.4
81.7 85.7 88.9 91.7 94.5 96.8 98.9 100.9 102.3 104 104.6 105.4 106.2 106.2 106.5 106.6 107.7 109 107.7 108.5 108.8 109.1 108.9 108.1 108.8 108.9 109 108.4 108.9 109.1 109.3 109.5 108.7 109.8 110.1 110.6 109.8 110.2 111.3 112.5 112.9 114.2 114.5 116.2 118.7 121.3 124.4 128.4 133 138.3 144 149.3 154.3 159.1 163.4 167.4 171.1 174.7 178 181 183.1 184.9 185.4 185.8 186.5 191.8 188.3 188.9 190.7 192 193.2 194 195.2 195.9 195.6 195
97.2 99.5 101.8 104.4 106 107.2 108.5 108.8 110 110.3 110.7 110.8 109.9 109.7 111.1 111.2 111.6 111.1 111.5 111.4 112.5 111.9 112.3 112.8 113.2 113.3 113.2 113.5 112.8 113.4 113.1 114.8 114.6 115.3 115.4 115.6 115.9 116.9 116.3 117.4 120.6 120.4 122.3 124.3 127.1 130.3 135.6 141.2 147 153.6 159.6 166.5 171.6 176.9 181.3 185.2 189.2 192.3 195.7 197.3 197.8 198.3 202.6 204.1 205.5 206.2 207 208.3 209.6 210.9 211.2 210.7 211.7 212.4 213.3 210.3
130.4 128.2 125.9 124.2 122.9 121.6 120.8 119.4 118.7 118.9 117 117.1 117.2 117.1 116.7 116.9 116.9 116.7 117 117.1 117.9 118.4 118.3 119.3 119.5 120 120.6 121.3 121.3 121.8 121.8 122.5 124.1 124 125.6 126.7 126.5 128.2 129.8 132.3 135.3 138.7 142.1 145.6 149.1 153.8 161.3 166.1 170.3 179.6 186.2 191.9 197.7 201.4 196.6 200.8 203.7 207.2 211.5 218.4 220.5 215.8 217.3 219.2 220.8 222.3 223.5 224.7 225.9 225.8 227.2 227.6 227.9 228.7 227.6 226.6
-9999 143.8 140.4 -9999 133.8 -9999 -9999 -9999 125.7 124.2 124 122.8 123.4 122.7 123.7 123.3 123.3 124.6 125.3 125.7 126.2 126.9 128.4 129.2 129.1 130.1 130.8 131.6 132.2 132.9 133.6 134.7 137.1 136.3 140.3 140.7 144.2 145.8 149.3 153.5 157.6 159.3 169.5 172.8 176.9 181.6 186.7 192.3 197.8 203.1 207.6 210.7 215.5 218.8 221.9 224.3 225.1 227.6 229.4 232.1 233.3 235.1 236.4 237.1 238.3 239.6 240.1 240.5 240.7 240.4 240.5 241 242.5 240.3 240.1 239.7
-9999 -9999 -9999 -9999 -9999 -9999 -9999 -9999 -9999 -9999 -9999 -9999 -9999 -9999 130.2 131.3 132.6 133.6 134.6 136.2 137.3 138.3 139.9 140.5 143.1 143 144.1 145.6 146.7 147.6 148.4 150.1 151.9 154.9 153.6 157.4 161.3 164.9 169.7 174.1 177.3 185.3 187.9 191.5 195.5 200.6 205.7 210.2 215.5 220.8 225.1 230.2 233.1 235.7 238.1 240.6 241.9 244.6 246.1 247.8 249 249.6 249.9 250.8 251.9 252.2 252.3 252.8 252.9 253.3 252.2 252.2 252.5 252.1 252.2 250.9
-9999 -9999 -9999 -9999 -9999 -9999 -9999 -9999 -9999 -9999 -9999 -9999 -9999 -9999 -9999 142.3 143.7 144.8 146.6 148.3 149.1 150.9 152.4 154.1 156.7 157.5 159.3 161.1 162.7 160.7 161.7 162.4 163.9 167.2 170 173.1 176.2 180.2 184.7 190.7 196.3 200.6 205.9 207.2 210.2 212.9 216.8 220.6 224.8 230.6 234 238.9 242.8 246.3 249.1 252.2 253.9 255.4 256.6 258.1 259.5 261 261.1 262 262.4 263.1 263.1 263.2 264.1 263.6 263.5 262.2 262 260.8 259.9 259.2
-9999 -9999 -9999 -9999 -9999 -9999 -9999 -9999 -9999 -9999 -9999 -9999 -9999 -9999 -9999 -9999 -9999 -9999 160.3 161.2 162.1 164.4 165.6 166.9 168.3 169.7 170.8 171.6 172.7 174.2 176.5 178.2 179.9 183.1 184.2 185.9 188.6 192.2 195.5 198 200.5 203.5 205.4 207 208 210.7 214.2 218.8 225 231.3 238.2 243.2 248.5 253.3 256.9 258.8 262.5 264.6 266.6 268.9 269.9 271.1 271.9 272.2 274.7 274.9 274.6 274.1 274 273.6 273.1 272 271.3 270.5 269.3 267.1
-9999 -9999 -9999 -9999 -9999 -9999 -9999 -9999 -9999 -9999 -9999 -9999 -9999 -9999 -9999 -9999 -9999 -9999 -9999 -9999 175.2 177 178.9 180.6 182.5 184.2 184.9 186.9 188.2 189.2 191.9 192.3 193.2 195.7 196.7 198.6 198.9 199 200.1 203.9 203.1 203.1 203.3 205.4 211.8 214.9 217 220.2 225.1 230.6 237.4 245 250.3 259 264.3 268.1 271.7 274.1 276.4 278.2 279.9 281.5 285.7 286 286 286.5 286.5 285.9 285.8 285.1 284.8 283.8 282.8 281.1 279.3 277.3
-9999 -9999 -9999 -9999 -9999 -9999 -9999 -9999 -9999 -9999 -9999 -9999 -9999 -9999 -9999 -9999 -9999 -9999 -9999 -9999 193.4 195.2 196.1 196.9 198.3 199.5 200.9 202.1 203 203.5 204.4 204.9 204.8 205 206.8 205.5 205.5 205.8 206.4 207.3 205.4 206.5 208.6 209.9 210.7 211.7 213.3 219.1 225.9 232.9 239.1 247.4 252.6 262.1 268.9 274.6 279.4 283 286.7 288.9 290.8 296 297.1 297.5 298.4 298.3 298 298 297.4 296.9 296.3 296.6 294.9 293.7 292.2 290.8
-9999 -9999 -9999 -9999 -9999 -9999 -9999 -9999 -9999 -9999 -9999 -9999 -9999 -9999 -9999 -9999 -9999 -9999 -9999 -9999 -9999 -9999 207.1 207.5 208.4 209.7 209.9 209.7 209.9 210 209.8 208.9 208.6 208 207 207.5 207.8 207.8 208.7 209.7 210.1 211.3 210 210.4 209.1 210.3 210.9 214.5 218.4 223 229.4 238 249.8 265.9 273.7 281.7 288 293.5 297.4 300.8 307.8 309.5 310.9 311.4 311.7 312.7 311.6 311.7 310 311.2 310.2 309.6 308.7 307.8 306.9 306
-9999 -9999 -9999 -9999 -9999 -9999 -9999 -9999 -9999 -9999 -9999 -9999 -9999 -9999 -9999 -9999 -9999 -9999 -9999 -9999 210.8 211.5 211.5 211.9 212.9 214.4 213.3 213.1 213.8 213.3 212.4 212.4 212.7 212.4 212.7 213.6 214.6 214.6 212.6 212.6 212.8 213.6 211.4 206.3 207.5 208.1 207 213.5 214.6 219.7 230.2 243.5 255.8 267.6 279.6 291.8 302.3 308.7 314 323.2 326.5 328.7 330.4 330.2 330.6 328.5 328.3 327.2 328.7 327.4 325.3 324.3 322.1 321.1 320.1 320.5
-9999 -9999 -9999 -9999 -9999 -9999 -9999 -9999 -9999 -9999 -9999 -9999 -9999 -9999 -9999 -9999 -9999 -9999 -9999 -9999 -9999 -9999 215.7 216.4 217.1 217.5 217.2 217.5 217 217.4 218.5 217.7 217.5 218.5 219.5 219.2 217.3 217.9 217 216.4 217 214.5 211 212 215 215.9 211.4 214.7 216 217.6 241.2 242.6 262.2 282.1 300 316.2 330.5 347.1 353.7 358.7 359.4 361.3 361.4 358.2 357.4 356.8 355.1 352.5 351 346.1 343.7 340.4 337.1 335.4 333.5 333.3
-9999 -9999 -9999 -9999 -9999 -9999 -9999 -9999 -9999 -9999 -9999 -9999 -9999 -9999 -9999 -9999 -9999 -9999 -9999 -9999 220.5 220.3 220.1 219.8 -9999 -9999 217.3 216.3 216.1 215.9 215.9 216.5 214.6 216.1 217.4 218.7 219.4 218.7 218.2 219.9 215.7 214.7 216.5 216.3 215.2 215.3 215.7 226 224.6 233.4 244.9 268 291.3 319.1 347.6 375.8 400.7 417.7 420.9 420.7 419.7 416.4 412.1 406.3 403.7 398.2 393.7 387.6 382.3 376.1 369.7 365.2 359.9 357.5 355.1 354.4
-9999 -9999 -9999 -9999 -9999 -9999 -9999 -9999 -9999 -9999 -9999 -9999 -9999 -9999 -9999 -9999 -9999 -9999 -9999 -9999 -9999 -9999 -9999 -9999 218.7 -9999 209.8 206 204.3 205.3 204.7 207.5 211.3 215.2 217.5 218.8 220.1 220.2 222.4 221.1 221.7 220.4 220.2 217.5 217.8 218.2 230.7 237.8 238.4 258.8 282.8 311.9 354.8 406.5 457.5 472.3 529.1 529.8 534.2 521.8 511.2 506.5 496.3 487.5 477 467 456.4 444.5 431.5 419.3 414 404.5 398.1 395.4 385.9 383.3
-9999 -9999 -9999 -9999 -9999 -9999 -9999 -9999 -9999 -9999 -9999 -9999 -9999 -9999 -9999 -9999 -9999 -9999 -9999 -9999 -9999 -9999 -9999 229.2 219.9 210 -9999 -9999 -9999 192 -9999 206.7 213.1 218.3 222 223.8 224.9 226.2 226.3 222.4 222.9 224.1 224.9 226.6 228.8 234.1 237.3 245.2 258.3 286.8 325.2 376.6 443 514.9 571 614.4 658.5 639.4 655.8 647.6 638.6 621.7 605.5 589.2 569.7 554.3 539.7 522.2 502.6 485.8 471.5 457.4 442.6 435.3 427.5 423.1
-9999 -9999 -9999 -9999 -9999 -9999 -9999 -9999 -9999 -9999 -9999 -9999 -9999 -9999 -9999 -9999 -9999 -9999 -9999 -9999 -9999 -9999 -9999 247.5 231.5 -9999 209.6 209.6 211.9 214.7 218 221.2 225 227.7 229.5 230.7 230.3 230.3 230.1 227 227.8 227.1 227.8 231.5 236.4 245.5 261.1 276.4 297.4 332.8 388.2 456.4 541.2 632.3 671.3 727.8 753.5 760.3 754.1 736.7 733.1 708 698.3 681.4 668.6 655.5 638.7 618 590.5 568.8 546.8 515.5 504 485.5 470.9 458.4
-9999 -9999 -9999 -9999 -9999 -9999 -9999 -9999 -9999 -9999 -9999 -9999 -9999 -9999 -9999 -9999 -9999 -9999 -9999 -9999 -9999 -9999 331.7 324.3 310.9 288.3 266.9 254.8 -9999 242.4 -9999 236.6 236.5 237.8 238 235.9 235.4 235.2 232.4 230.1 227.4 227.6 232.9 233.5 236.4 252.5 274.8 309.1 348.2 396.9 465.4 540 620.5 687.6 752.1 776.6 806.1 812.9 809.3 803.6 795.6 782.9 775 764.2 746.5 728 709.9 682.9 666.2 646.6 627.1 601.5 579.5 557.6 534 515.5
-9999 -9999 -9999 -9999 -9999 -9999 -9999 -9999 -9999 -9999 -9999 -9999 -9999 -9999 -9999 -9999 -9999 -9999 -9999 -9999 -9999 -9999 -9999 -9999 -9999 -9999 -9999 -9999 -9999 -9999 235.1 238.2 240.8 242.2 239.9 239.4 235.3 232.2 230.1 229.3 229 228.3 230.6 234 245.6 266.8 301.3 349.5 407.7 478.7 563.6 638.7 693.4 741.3 791.7 823.4 834.1 843.6 842.1 838.2 827.7 820.2 815.5 801.8 789.4 775.3 753.1 729.5 702 686.4 663.7 645 624.2 606.2 586.1 566.4
-9999 -9999 -9999 -9999 -9999 -9999 -9999 -9999 -9999 -9999 -9999 -9999 -9999 -9999 -9999 -9999 -9999 -9999 -9999 -9999 -9999 -9999 -9999 -9999 -9999 -9999 -9999 -9999 -9999 266.5 258.1 256.2 253.2 249 244.6 240.4 235.1 228.9 225.6 223.8 224.2 225.7 229.4 238.7 257.9 292.1 347.4 415.9 492.4 575.9 668.7 733.3 770.8 801.6 827.4 853.6 861.7 867 867.8 861.4 851.6 840.2 825.5 808.6 792.5 771.9 742.9 715.5 690.4 666.5 642.7 622 602.3 586.5 572.4 562.9
-9999 -9999 -9999 -9999 -9999 -9999 -9999 -9999 -9999 -9999 -9999 -9999 -9999 -9999 -9999 -9999 -9999 -9999 -9999 -9999 -9999 -9999 -9999 -9999 -9999 -9999 313.9 307.4 -9999 -9999 279 268.1 256.4 246.5 235.3 228.8 222.5 214.8 209.4 210.3 211.9 219.7 221.4 239.1 277.8 340 423.5 512.4 600.9 670 755.7 800.8 830.6 848.9 876.6 884.6 883.4 891.1 889.1 880.2 868.7 846.1 827.9 812 788.5 758.1 729.5 696.2 -9999 632.6 -9999 -9999 -9999 -9999 -9999 -9999
210.6 203.1 194.2 -9999 -9999 -9999 -9999 -9999 -9999 -9999 -9999 -9999 -9999 -9999 -9999 -9999 -9999 -9999 -9999 -9999 -9999 -9999 -9999 -9999 -9999 320.4 -9999 -9999 313.1 -9999 272.3 244.8 226.5 207.7 200.7 198.7 195 193.5 189.1 186.2 192.1 196.3 229.9 261.3 316.3 419.8 530.7 630.6 705 760.2 816.2 850.7 874.8 894.4 909.2 916.4 915.7 914.5 906.7 894.1 880.3 861.6 837.7 813.1 786.7 758.3 -9999 -9999 -9999 -9999 -9999 -9999 -9999 -9999 -9999 -9999
219.9 210 198.6 -9999 -9999 -9999 -9999 -9999 -9999 -9999 -9999 -9999 -9999 -9999 -9999 -9999 -9999 -9999 -9999 -9999 -9999 -9999 -9999 -9999 295.9 -9999 325.3 347 359.7 343.3 260.4 177.8 156.2 154.6 159.6 166.7 169.5 168.9 167.6 172.6 181.3 193 229.6 304 410.9 530 638.1 724.3 787.9 835.1 863.4 890.9 906.3 921.2 929.3 936 939.5 933.6 927 914 893.2 873.5 851.9 827.1 801.6 -9999 -9999 -9999 -9999 -9999 -9999 -9999 -9999 -9999 -9999 -9999
251 241.9 232.5 225.5 222.5 222.2 247.9 340.2 460.2 -9999 -9999 -9999 -9999 -9999 -9999 -9999 -9999 -9999 -9999 -9999 -9999 -9999 -9999 -9999 -9999 -9999 334.3 366.9 382.3 362.5 287.5 210.7 181.4 175 175.1 188.6 183.1 188.3 182.1 187.1 190.1 214.4 278.2 388.6 510.8 628.5 730.1 794.3 839.5 871.6 896.9 918.4 932.1 944.5 951.3 955 955.6 952.1 941.4 926.5 908.7 889 870.8 846.6 -9999 -9999 -9999 -9999 -9999 -9999 -9999 -9999 -9999 -9999 -9999 -9999
