datasets/global_precipitation_1950_2017/rasters/precip_2007-total.asc
NCOLS 720 
NROWS 347 
XLLCORNER -180 
YLLCORNER -90 
CELLSIZE 0.5 
NODATA_value -9999 
[rows 34 to 67 of 347, columns 76 to 151 of 720]
228.3 238.2 251.3 266 279.1 287.6 298.2 311.7 326.6 343.6 355.4 355.4 343.3 328.4 316.4 302.1 287.1 272.7 256.7 243.3 234.8 225.1 216.8 208.9 202.6 197.1 195 199.3 206.9 214.9 220.8 224.1 225.4 224.4 222.7 219.9 215.5 211.1 206.2 198.8 191.9 185.3 178.4 173.2 171.1 168.1 168.1 167 164.6 162.4 161.8 159.4 159 158.5 158.8 157.4 157 154 151.1 147.5 146.3 149 162.2 179.6 205.1 229 251.4 267.1 275.6 274.3 266.1 252.5 238.7 227.9 213.2 199.8
269.8 273.8 284.6 292.5 300.2 304.2 307.1 311.2 319.7 333 343.5 350.1 353.5 352.3 348.6 340.1 326.8 309.1 287.9 265 250.3 244.7 234.2 230.7 226.7 222 219.6 223 229.2 236.4 239.4 239.3 236 232.3 227.7 222.1 215.6 210.2 208.7 205.3 200.8 190.9 183.4 175.4 168.3 162.6 157.3 153.2 149.6 148 146.2 146.9 147.9 150.5 151.9 153.6 151.8 148.5 142.6 134 123 119.3 125.9 143.7 166.3 191.7 211.8 225.1 232.6 235.1 232.5 226.8 220.9 212.1 201.4 191.2
272.5 270 277.8 289.5 301.7 308.8 310 311.5 320.5 339.3 353.6 363.4 372.4 379.4 385.5 392.9 389.4 386.7 369.1 346.1 326.3 314.8 302.6 291.7 278.1 267 257.1 249.4 242.8 238.3 233.3 237.4 236.7 238.5 234.4 221.2 207.1 201.2 204.1 207.4 206 201.4 190.5 177.3 166.9 158.9 151.9 146.2 142.5 140.2 139 142.6 145.6 151.1 155.9 159.5 162 163.3 162.3 160.8 160.1 162.5 165.7 171.9 182.1 193.5 203.3 210.9 215.4 216.6 212.7 210.7 203.8 196.6 186.1 176.6
271.7 262.4 266.9 284.1 305.2 329.4 362.4 388.8 388.3 379.6 375.9 379.9 388.2 396.1 416.6 426.9 436.1 449.5 468.1 495.5 490.4 482.7 445.8 416.3 391.1 357.9 328.2 301.7 277.7 260.7 251.1 246.9 247.9 254.1 251.2 243.3 233.8 228.2 226.2 224.7 220.9 212.4 201 188 174.5 161.5 152.4 144.3 140.3 139.7 143.3 149.5 157.9 166.1 174.2 179.4 184.4 188.2 192.4 197.7 203.3 210.2 216.1 216.6 213.3 210.1 208.3 207.9 206.6 205.1 202.4 198.3 192.2 187.9 182.2 174.4
295.7 288.6 283.8 280 271.1 264.1 313.6 388.1 395.3 379.6 376.4 388.6 410.1 420 429.2 430.3 437.5 465.2 508.6 564.9 617.3 668.1 638.5 616.7 596.9 532.6 477.9 416.2 365.6 327.8 298.9 280.9 273.4 269.2 264.9 262.4 258.8 256 252.5 249.1 244.1 235.4 224.2 210.5 194.7 180.5 165.9 154.2 145.4 147.1 154.4 164.5 176.3 186.7 194.9 201.4 205.7 209.8 214.2 218.5 221.6 223.5 224.1 222.9 220.1 216.7 214.1 210.8 208 204.9 201.5 197.4 194 190.3 185.7 181.7
293.2 288.9 287.1 284.4 276.7 269.1 286.6 318.1 338 342.8 345.2 358.2 388.4 412.5 404.3 400 412.1 447.9 502.8 567.6 654.1 723.5 766 789 775.2 731.7 673.4 597.4 506.7 425 367.6 326.1 303.8 294.7 286.1 281.3 278.7 277.5 275.9 273 270 268.2 263.3 248.4 230.5 209.5 189.5 175.7 171.7 173.3 181.6 193.6 205.6 215.2 221 221.3 221.2 227.9 234.2 236.3 236.2 234.5 231 228.1 226 224 220.8 217.1 212.8 208.5 204.3 201.8 198.1 194.4 190.5 187.9
272.4 283.2 294.5 303.2 309.8 315 318.7 321.2 323.2 320.5 319.5 325.2 328.6 335.6 340.5 355.1 377.7 414.6 470.4 550.6 616.1 704.3 780.7 828.3 834 803.6 752.4 691.9 617.8 536.3 464 394.8 342.6 320.1 307 298.6 291.1 290.4 296.3 300.7 302.2 303.4 295.4 286.1 268.5 247.8 226.9 216.4 209.2 211.2 219.6 233.2 247.5 258.5 264.4 266.5 266.8 265.6 264.6 259.7 253.4 244.8 239.9 238.9 239.5 238.8 236.6 232.6 225.3 218.2 211.7 207 204.3 201 198.8 197.4
303.2 322.7 342.8 354.7 346.3 335.6 322.2 311.6 309.1 307.9 301.4 294.4 295.4 303.6 314 325.6 354.7 381.7 412.3 454.8 523 597 667.3 719.5 737.6 735 721.3 688.3 650.3 585.9 521.2 450.4 390 356.6 333.2 329.1 329 333.2 339.3 343.1 340.9 340.7 332.3 320.2 304.3 288.9 273.3 261.4 257.9 259.3 262.7 273.6 283.8 291.7 301.2 324 318.2 310 297.9 280 257.5 235.8 225.7 233.9 250.6 263 256 249.9 240.2 231.9 222.4 216 212.1 208.5 206.3 205.5
339.1 365.7 378.2 374.3 352.1 325 299.4 277.6 265.3 258.5 249 231.9 239.3 266.8 294.7 304 292 284.2 307.7 324 374.6 453 531.6 588.9 626.7 660.6 670.6 655.5 607.4 549.7 489.4 453.7 411 375.6 362.1 362.4 367.3 373.2 375.7 370.3 363.4 364.9 361.4 355 341.8 325.7 309.4 296.9 295.7 299.6 302.9 304.9 308.7 312.6 320.8 344.9 363.5 356.9 331 300.2 266 235.3 215.5 221.7 237.9 250.6 253.7 251.5 244.8 236.6 231.1 226.3 222.2 216.4 213.7 212
395.1 368.1 338.9 313.2 295.5 277.3 259.4 235.9 213.3 208 212.2 210.1 211.5 228.3 250.8 262.1 259.2 253.7 245.2 250.2 291.9 381.1 469.4 530.7 574.9 617.4 648.9 639.5 585.5 524.7 490.2 453.4 422 403 387.7 385.4 393.5 401.1 401.1 392.6 387 402.6 396 382.9 364.3 344.1 323.6 306.8 301.3 305.6 314.2 320.8 326.2 332.9 344.5 369.1 390.9 365.5 331.5 307.4 286.5 266.8 253.2 245.6 248.7 250.1 251.3 252.7 249 249.1 248.5 244.4 237.1 230.4 223.6 216.8
418.9 409.1 335.8 289.3 256.1 255.1 249.4 229.5 213 206.7 202.6 184.6 169.7 208.7 254.4 267.9 269 268.4 267.3 280.1 329.5 413.7 479.5 525.2 549.5 614.1 649.5 616.4 584.1 553.4 522.4 479.6 435.1 401.5 383.5 365.3 400.3 414.8 429.7 421 413.9 412.5 408.9 392.1 374.3 354.1 327.3 306.5 294.5 302.6 318.3 328.9 332 326.7 309.2 275.9 241.3 251 278.2 293.9 298.8 297.6 289.9 283.4 276.5 272.2 272.6 273.9 275.2 280 281.1 278.8 271.8 259.6 246.8 233.5
1140 1130.6 1026.4 798.4 524.8 312.4 239.5 203.3 196.4 257.2 229.5 199.2 182.6 305 305 295.2 300.8 303 287.7 306.8 373.1 453.1 499.1 529.7 548.6 557.9 566.1 567 558 545.2 525.7 499.4 468.9 442.5 433.4 432.5 434.8 440.7 441.2 438.7 435 433.6 428.2 414.8 396.1 377.6 360 352.2 344.1 343.4 349 354.6 346.7 337.6 320.6 295 276.4 278.3 292 305.1 311.9 315.7 313.7 313.3 308.8 304.3 302.1 302.6 304.1 308.5 313.3 320.2 317.1 306.9 288.4 267.3
2039.7 2116 2248.7 2161.7 1882.6 1448.7 943.8 463.3 306.6 358.4 414.6 445.9 384.2 318.8 260.6 288.9 313.2 264.3 190.4 243.9 367.8 472.9 520.6 534.7 533.6 520.4 510.3 522.2 534 537.9 536 531.2 520.2 504.4 486.4 471.7 454.4 452.1 464.4 474.1 478.4 481.1 475.3 461 434.2 414.3 395.5 393.2 386.3 377.7 371 369.1 366.5 354.1 342.3 331.7 322.2 317.4 320 323.4 325 323.5 322.4 320.9 318.5 316.9 316.4 314.5 314 316.2 323.4 333.1 343.5 347.7 339.9 322.9
-9999 -9999 2466.9 2709.2 -9999 2538.8 2090.4 1293.3 716.2 616.5 583.2 742.6 838.2 924.2 768.8 550.1 458.5 375.1 325.3 353.5 439.1 524.9 569.6 602 601.6 567 551.3 550.9 556.3 559.1 561.9 566.8 570.5 567.3 557.8 540.3 524.7 521.3 531.3 544.1 554.1 561.9 565.5 550.7 502.5 468.9 458.8 447.3 436.1 418.6 390 371.5 374.3 371.7 362.8 353.3 341.1 331.3 324.4 322.1 322 324.6 327.5 326.7 323.8 320.2 318.4 315.9 308.8 305.5 320.4 347.1 369.8 383.5 388.8 387.9
-9999 -9999 -9999 -9999 -9999 -9999 2405.4 1676.5 1051.4 895.6 936.1 846.2 857 1268.7 1002 697.8 570.3 525.2 518.5 527.4 581.3 628.2 694.1 768.8 778.5 544.1 569.7 586.4 593.6 601.5 610 618.8 624.6 629.7 638.6 643.1 634.8 626.9 624.7 628.4 633.5 637.4 635.7 625.4 624.5 614 531.3 475.5 474.5 460.4 443.7 428.6 413 392 376.6 368.9 353.6 331.9 311.6 300.8 304.4 323.1 340.1 335.3 331.2 326.4 321.8 314.5 297.4 279.2 316.2 369.7 396.3 405.3 415.1 431.8
-9999 -9999 -9999 -9999 -9999 -9999 -9999 -9999 1672.8 1653.6 1565 -9999 1213.9 1254.2 1587.5 1962.6 1908.6 2029.3 2129.5 1693 1020.2 644.6 628.7 645.2 636.9 616.2 602.4 611 616.9 622.9 632.9 637.9 642.2 665.8 711.2 752.6 722.7 679.6 657.1 657.8 668.8 674 669.1 650.7 627.2 614.7 573.5 527.8 510.7 475 454.4 436.3 428.2 468.7 458.1 380.2 345.2 332.1 297.3 248.5 205.7 282.2 315.9 332.1 353.9 361.5 354.2 344.4 336 340.2 359.9 382.9 399.9 410.7 425.8 455.7
-9999 -9999 -9999 -9999 -9999 -9999 -9999 -9999 -9999 -9999 -9999 -9999 1407.1 1424.4 1622.6 2783.8 3723 3319.8 2777.8 1695.1 843.3 572.3 531.8 569.6 590.9 598.4 602 605.6 609.3 612.1 617.5 626.5 636.7 654.7 684.1 706.9 706.8 692.3 677.4 667.3 662.5 663.4 657.4 631.8 600 602.9 578.8 526.2 524.9 500.6 470 415 407.6 442 422.4 373.4 367.9 366.4 345.8 324.4 316.6 326 328 352.2 384.4 400.2 400.8 400 400.7 403.9 411.2 419.6 422.3 407.8 385.2 435.9
-9999 -9999 -9999 -9999 -9999 -9999 -9999 -9999 -9999 -9999 -9999 -9999 2271.1 -9999 -9999 2178.7 -9999 2773.5 2151.2 962.2 458.1 337.1 401 496.1 568.9 627.3 648.8 617.6 605.8 590.4 581.3 574.1 573.5 583.9 609.2 633 656.5 667.2 654.8 636.5 612.5 596.9 594.5 597.9 636 637.9 625.7 650.6 519.4 552.2 537.8 534.6 531.4 515.2 444.7 409.4 414.8 425 415.1 423 442.1 386.1 374 388.2 397.4 411.5 433.4 448.7 459.7 465.6 475.4 482.6 482.4 468.4 447.9 476
-9999 -9999 -9999 -9999 -9999 -9999 -9999 -9999 -9999 -9999 -9999 -9999 2277.8 2447.8 -9999 1658.9 -9999 984.2 1038.6 767.8 485.4 486.9 599.8 659.5 746.8 828.6 858 803.2 660 577.4 557.9 540.8 530.4 532.4 542.8 564.3 597.5 627.7 635.5 594.5 535.8 513.4 526.5 519.7 506.1 531.1 539.6 577.9 521.4 499.9 524.3 531.4 525.5 483.9 429.7 431.2 434.8 429.9 435.3 447.4 435.4 435.5 441 427.3 426.2 432.8 444.9 457.4 469.9 484.6 503.6 523.4 529 527 527.5 536.2
-9999 -9999 -9999 -9999 -9999 -9999 -9999 -9999 -9999 -9999 -9999 -9999 -9999 2907.4 3248.2 2244.9 1347.6 -9999 -9999 1099.4 1285.9 1425.9 1643.8 1564 1418 1501.3 1510.3 1431 1013.5 644.4 585.2 550.4 521.5 509.7 509.3 517.4 535.4 556.7 561.4 556.1 573.3 528.6 526 534.5 545.1 546.8 532.9 520.8 492.5 466.4 464 450.1 408.2 455.8 467.2 475.4 450.5 436.3 439.5 441.3 422.8 362.1 417.8 434.9 441.7 438.4 434.1 436 445.6 462.7 485.3 511.9 536.3 550.3 555.1 582.2
-9999 -9999 -9999 -9999 -9999 -9999 -9999 -9999 -9999 -9999 -9999 -9999 -9999 -9999 3743.6 3186.9 -9999 2074.1 -9999 1693.3 1970.8 2278.5 2296.2 2274 2173.5 2022.8 1806.6 1383 900.3 737.4 683.8 622.1 568.5 530.3 512.2 501.1 499 534.1 548.6 534.1 497.3 468.3 528.2 533.3 464.1 587.8 532.7 464 466.1 445 482.9 495 475 464.9 450.4 464.9 450.3 439.3 444.3 469.7 497.9 562.1 531.8 492.3 467.6 439.5 408.3 392.5 399.6 422.9 448.9 475.3 501.5 526.4 556.5 601.9
-9999 -9999 -9999 -9999 -9999 -9999 -9999 -9999 -9999 -9999 -9999 -9999 -9999 -9999 -9999 -9999 -9999 2245.5 2111.7 2254.2 -9999 3273.5 -9999 2564.5 2256.6 2072.8 1535.5 954.6 758.9 741.6 717.9 663.7 608.5 566.9 537.3 542.9 553.8 616.8 667.9 635.3 547.7 541.3 569.4 499 548 510.1 478.3 436.3 429.6 531.7 532.7 514 505.6 505.2 501 500 515 491.1 477.9 490.1 514.7 540.1 528.7 507.3 485.4 441.6 393.1 347.3 377 395.7 418.6 440 458.1 475.5 503.2 539
-9999 -9999 -9999 -9999 -9999 -9999 -9999 -9999 -9999 -9999 -9999 -9999 -9999 -9999 -9999 -9999 -9999 2624.8 1543.7 -9999 -9999 3159.9 2852 2056.1 1941.1 1317 1100.1 880.4 734.5 857 742.2 646.5 628.2 642.6 686 720.7 713 707.6 735.6 731.3 708 674.3 596.3 528.1 521.9 444.6 508.4 449.7 491.3 466.8 517.6 565.7 622.1 541.9 457.9 510.7 522.1 485.5 444.6 435.4 458.2 477.6 481.3 530 499.9 468.7 435.3 420.7 420.3 414.9 420.5 425.7 415.3 420.8 443.2 475
-9999 -9999 -9999 -9999 -9999 -9999 -9999 -9999 -9999 -9999 -9999 -9999 -9999 -9999 -9999 -9999 -9999 -9999 -9999 2321.8 -9999 -9999 -9999 1998.6 1930.8 1381.8 939.5 1204.6 837.5 584.4 563.5 630.6 611.2 623.1 645.1 669 636.6 660.8 717.4 748.3 731.5 678.6 616.2 545 515.1 537.5 581.9 552.2 477.9 503.1 528 628.7 621.8 601.2 560 485.8 422 315.7 405 427.5 417.4 461 467 475.3 481.9 472.4 451.6 432.4 425 432 451.1 460.9 452.9 442.9 443.4 450.2
-9999 -9999 -9999 -9999 -9999 -9999 -9999 -9999 -9999 -9999 -9999 -9999 -9999 -9999 -9999 -9999 -9999 -9999 -9999 -9999 -9999 -9999 -9999 1452.7 2466.8 2507.1 2346.4 2266 1785.4 702.6 608.7 723.7 591.7 634.3 635 591.2 614.4 646.4 691.9 823.5 877.9 879.9 873 745.9 551.2 499.2 470 487.1 479 546.1 547.4 497.5 463.5 441.3 478.9 437 365.5 297 348.1 462.9 464.5 487.6 444.9 466.9 481.7 451.8 434.3 406.6 421.6 459.6 500 523.9 512.5 478.6 441.3 406.2
-9999 -9999 -9999 -9999 -9999 -9999 -9999 -9999 -9999 -9999 -9999 -9999 -9999 -9999 -9999 -9999 -9999 -9999 1401.1 -9999 -9999 -9999 -9999 1919.1 3208.1 3592.7 3190.2 2682.1 2447.3 1805.1 795.2 579.4 622.1 644 664.8 661.1 642.5 632.5 610.9 709.2 829.2 868.9 982.5 842.3 625.6 441.6 398.5 366.6 435.1 454.9 431.3 448.3 506.2 461 441.4 352.3 322.8 312.7 371.6 321.8 414 428.8 393.5 401.4 396.7 385 397.1 420.4 430.2 471.7 505.1 534 518.7 482.3 428.4 363.8
-9999 -9999 -9999 -9999 -9999 -9999 -9999 -9999 -9999 -9999 -9999 -9999 -9999 -9999 -9999 -9999 -9999 -9999 -9999 1569.3 -9999 -9999 -9999 -9999 -9999 4677.6 4834.6 4318.4 3232.8 2324.8 1175.7 706.4 621 625.9 636.3 613.4 607.8 620.9 640.9 687.1 941.4 957 888 724.4 672.4 591 476.8 370.9 481.7 546.8 560.9 475 496.9 606.2 609.9 487.5 441.1 416.8 365.1 316.8 370.2 365.6 383.7 422.3 428.2 387.8 408.6 463.6 444.9 435.1 462.3 490.1 518.6 484.4 416.4 313.2
-9999 -9999 -9999 -9999 -9999 -9999 -9999 -9999 -9999 -9999 -9999 -9999 -9999 -9999 -9999 -9999 -9999 -9999 -9999 -9999 2341.8 -9999 -9999 -9999 -9999 4655.7 5721.4 5571.3 4388.4 2912 1651.2 1275.5 1049 801.5 498.9 437.9 488.6 524.1 526.1 561.7 721.9 822.7 804.5 771.3 884.4 724 618.5 524.2 475.6 616.5 609 583.8 534.1 586.2 588.6 515.3 464.2 427.9 413.6 405.9 312.8 217.5 317.8 346.2 358.1 376.5 376.8 410.5 414.9 389.6 488.3 464.4 484.3 463.3 418 412.6
-9999 -9999 -9999 -9999 -9999 -9999 -9999 -9999 -9999 -9999 -9999 -9999 -9999 -9999 -9999 -9999 -9999 -9999 -9999 -9999 -9999 1528.9 -9999 -9999 -9999 -9999 -9999 -9999 -9999 3086.7 1282.2 1105.5 986.8 630.8 411 335.9 340.8 331.9 411.5 443.9 514.9 579.7 904.9 893.1 840.4 921.2 1225.6 1140.2 726.7 478.9 487.1 364.2 505.3 622.1 607.8 604.1 537.7 438.1 368.1 360.3 286.4 299.8 321.2 340 345.8 324.4 339.1 398.4 434.6 394.6 331.6 373.8 374.5 389.6 395.2 432.8
-9999 -9999 -9999 -9999 -9999 -9999 -9999 -9999 -9999 -9999 -9999 -9999 -9999 -9999 -9999 -9999 -9999 -9999 -9999 -9999 -9999 -9999 -9999 -9999 -9999 -9999 -9999 -9999 3713 3407.6 2607.7 1597.9 819.7 496.7 402.9 419.4 379.1 342.9 326.9 367.8 386.1 464.8 491.9 487.9 402.9 772.1 1289.2 1395.7 1422 967.6 500.4 464.6 545.8 608.1 487.2 448.1 412.5 358.5 374.9 474.5 373.6 321.5 262.6 277.9 301.1 307 321.8 338.9 359.1 355.9 348.1 329.4 319.2 260.2 308 392
-9999 -9999 -9999 -9999 -9999 -9999 -9999 -9999 -9999 -9999 -9999 -9999 -9999 -9999 -9999 -9999 -9999 -9999 -9999 -9999 -9999 -9999 -9999 -9999 -9999 -9999 -9999 -9999 3030.9 2866.4 2901.8 3137.1 2344.6 1243.6 688.7 519.8 470.9 441.3 381.9 314.6 311 329.1 418.9 598 500 902.7 1074 1361.9 2276.7 1217.9 612.1 717.7 591.3 607.1 512.6 454.9 376.1 341.7 377.5 370.4 323.1 340.4 358.8 318.9 301.9 304.6 313.9 337.9 345.3 341 359.8 349.3 314.3 292.7 376.2 374.4
-9999 -9999 -9999 -9999 -9999 -9999 -9999 -9999 -9999 -9999 -9999 -9999 -9999 -9999 -9999 -9999 -9999 -9999 -9999 -9999 -9999 -9999 -9999 -9999 -9999 -9999 -9999 3121.7 2689.2 -9999 -9999 2940.4 3032 2701.5 2334.7 2293.4 1209.2 809 646.2 499.7 327.8 200.2 256 288.8 519.2 613.6 766.8 976.8 1229.7 1139.6 964.7 459.7 476.9 441.7 591 476.1 447.9 343.4 394.4 364.3 314.9 315 280.6 252.4 284 315.6 332.2 294 276.1 277 345.4 322.7 321.9 315.5 322.1 368.8
-9999 -9999 -9999 -9999 -9999 -9999 -9999 -9999 -9999 -9999 -9999 -9999 -9999 -9999 -9999 -9999 -9999 -9999 -9999 -9999 -9999 -9999 -9999 -9999 -9999 -9999 -9999 -9999 -9999 3807.8 4188.2 3185.9 2647.9 2251.3 1650.9 1922.4 2323.4 1727.1 861.6 749.1 617.2 565.4 639.9 427 385.1 342.6 450.6 638 767.3 776 738.7 401.8 327.3 466.5 607.5 387.5 372.9 390.5 354 309.6 288.2 286.9 235.4 248.5 340.7 326.6 375.3 298.3 186 272.4 295.8 322 312 316.4 283.2 346.7
-9999 -9999 -9999 -9999 -9999 -9999 -9999 -9999 -9999 -9999 -9999 -9999 -9999 -9999 -9999 -9999 -9999 -9999 -9999 -9999 -9999 -9999 -9999 -9999 -9999 -9999 -9999 -9999 -9999 -9999 4362.9 3808.2 2570.5 1521.9 -9999 -9999 1795.8 2823.4 2607 3411.3 1204.3 1200.6 533.9 484 312.5 518.5 537.1 638.9 649.4 784.9 793.2 512.1 374.7 494.3 472.9 442.5 228.1 330.3 223.8 291.3 260.2 264.9 265.2 326.6 405.6 421.9 369.4 383.8 277.6 272.2 273.9 288.4 283 318.9 384.2 410
