datasets/global_precipitation_1950_2017/rasters/precip_2003-total.asc
NCOLS 720 
NROWS 347 
XLLCORNER -180 
YLLCORNER -90 
CELLSIZE 0.5 
NODATA_value -9999 
[rows 34 to 67 of 347, columns 456 to 531 of 720]
638.9 634.1 617.7 608.2 593.5 585.3 578.5 573.4 574.7 576.3 577.4 580.6 582.6 584.3 580 575 568.4 567.1 564.6 564.8 562.3 558.7 554.9 560.9 572.7 580 574.4 561.4 547.2 535.2 524.8 514.9 506.2 499.2 491.1 473.1 454.5 454.4 454 437 416.7 402.1 391.4 385.5 378.6 372.4 363.1 349.6 334.9 324.3 326 339.8 358.2 377.6 395.1 412.6 431.5 449.2 464.4 475.5 481.3 483.3 482 477.8 471 463.7 454.3 442.9 430.8 418.9 411.7 413.7 422.8 435.5 452.8 473.5
623 623.5 625 617.3 598.2 578.4 559.5 544.9 542.6 555.5 571.2 588 602.5 611.1 612.9 610.8 602.1 595.9 596.3 598 594.9 587.3 576.4 566.4 557.7 546.1 531.4 509.4 484.5 466.3 436.9 413.7 386.2 380.7 413.4 429 433.2 432.8 426.9 418.3 409.4 403.1 400.6 401.7 405.8 410.8 417 426.2 435.4 438.5 432.6 424.9 422 426 436.2 449.9 462.4 474 485.2 490.5 488.3 483.3 476.8 469.6 460.8 450.3 436.6 421.1 404.9 398 401.1 411.2 423.1 438.8 461 489.7
577.1 598.1 627.9 641.6 622.8 593.9 573.9 570 583.5 592.5 604.2 624.1 644.2 661.4 672.7 675 672.2 672.2 670.1 658.1 638.4 614.9 589.8 566.5 543.6 518.9 495.7 476.2 454.9 438.4 426.3 416.8 417.4 423 420.7 419.3 418.4 417 413.3 409.4 400.1 402.1 406.1 418.9 430 437.7 445.7 454 460.3 467.4 466.6 460.7 456.2 457.3 464.1 474.4 484.9 493.9 502.1 505.4 503.2 496.8 489.4 481.2 472.4 463.7 453.6 442.7 433.2 428.8 430.8 437.2 451.5 471.5 499.6 524.3
533 554.5 577.7 596.1 601 599 599 604.6 614.9 632.3 652.7 677.5 704.3 734.9 755.6 746.2 718.3 693.6 675.7 658.2 635 605.2 570.6 534 500 475.2 461.7 452.6 444 434.9 426 418.4 413.7 412.5 414.2 415.1 415.5 415.4 416.7 415.7 417.6 420 425.2 433.9 441.3 446.7 451.2 455.5 457.6 461.1 463.4 464.4 466.6 470.2 476.5 484.1 491.6 499.1 505.2 507.9 507.7 505.1 501.2 498.3 496.1 495.4 494.7 494 493.1 491.7 491.4 494.6 503.6 523 551.2 563.7
520.9 534.5 553.7 578.9 602.3 613.4 622.6 634.9 648.4 668.3 691.8 711.2 731.6 750.1 761.2 750 720.2 687.4 657.2 632.1 610.2 578.8 539 497.7 461.4 439.5 434.5 436.1 433.4 426.7 418.9 408.1 402.3 402.2 405.7 408.8 408 409.9 412.8 416.7 420.1 424.4 429.3 434.6 439.8 445.8 451 455.4 459.6 462.6 466 468.8 471.1 474.4 478.4 482.8 486.2 490.1 492.3 493.8 495.5 498.6 503.1 508.7 515.1 523.3 530 533.5 533.6 534.3 537.2 542.5 549.7 564.7 580.1 590.6
497.9 537.6 568.3 583.4 603 621.4 638.6 648.6 661.2 676.9 694 709.7 716.2 712.3 703.3 690.3 673.8 656 635.2 613.5 588.4 557.2 522.8 488.2 464.2 447.7 441.1 436.6 431.3 419.5 408.3 404.6 400.3 393.6 391.3 398.8 407.9 414.2 413.8 413.7 417 420.4 423.5 427.6 434.6 443.3 451.1 455.7 458.9 462.1 467 470.4 474.2 477.1 479.8 479.8 478.9 478.1 476.5 475.5 476.1 481 491.3 504.2 519.7 534.9 548.6 558.5 561.8 560.8 559.8 563.2 566.2 572.5 577.6 589.8
519.5 560.8 580.3 580.7 589.8 606.4 622.1 631.2 638.5 649.9 663.3 668.7 666.1 653.2 638.5 622.9 613 607.4 600.5 586.6 564.6 537.1 507.4 478.3 458.5 449.8 443.9 437.2 426 407.8 401.2 413.5 427.5 427.1 418.6 416.7 418.2 420.8 422.4 423.3 423.6 424.7 425.8 431 435.6 439.5 442.5 450.3 457.8 464.4 471.3 472.8 478.1 481.4 482.9 480.5 475.9 472.3 468 464.2 462.9 469.8 481.3 496.2 512.2 528.3 543.1 554.5 561.4 561.5 559.2 559.4 559.6 561.6 567.8 577.8
534.8 544 551.6 555.6 559.1 568.8 582.7 596.6 603.2 613.4 620 624.8 618.5 607 588.2 569.9 559.3 568.9 581.3 578.7 561.7 535.9 503.9 476.2 457 451.2 456.6 455 444.3 433.1 424.7 422.1 420.6 418 417.7 432 450.2 450.5 447 444.1 443.8 446 453.6 459.9 463.6 464.2 465.8 467.8 470.1 468.8 470.2 478.6 487.6 491.6 490.8 485.3 478.4 470.6 466 463.2 464.5 469.9 477.8 486.8 496.8 506.6 516.9 524.9 528.8 533.2 533.6 533.1 536.2 534.1 532.2 539.7
539.3 546.6 548 537.8 517.4 531.1 557.8 573.8 588.7 599.9 609.3 612.9 607.5 599.4 590.7 583.8 586 594.5 607 612.4 593.8 554.4 517 488.1 474.7 490.8 499.9 478.8 458.2 440.5 427.1 420.2 417.8 414.5 397.8 376.5 435.7 448.2 450.4 455.4 468.4 484.7 507.5 536.1 544.3 533.4 523.8 512.5 501.5 486.8 482.9 493 501.1 502.2 498.8 491.7 482.4 474.7 466.5 463.8 464.7 466.5 469.1 473.2 477.2 482.2 489 492.9 497.7 498.3 499 497.3 497.2 494.2 496.4 495.8
532.2 540.6 544 545.7 549.8 603.9 584.9 585.8 591.1 599.8 609 614 605.3 596.1 591 592.9 597.1 606.6 619 625.3 602.5 553.2 499.8 464.6 445 439.3 438.5 436.2 430.3 422.3 414.8 414.8 419.7 423.1 423 421.8 425.5 435.6 445.6 455.8 465.9 480.8 500.5 534.4 576.8 598.7 566.7 544.3 537.6 539.4 541 522.7 509.8 506.6 497.3 484.2 472.8 463.3 459.2 459.5 459.1 458.1 455.5 452.9 452.6 456.1 463.6 470.8 475.7 473.6 467.9 463.2 463.4 462.4 464.2 467.1
511.6 522.5 534.2 547.3 561.5 577.1 588 591.9 589.9 588.9 587.6 581.7 572.3 564.7 563.8 569.4 576.7 581.8 582.8 558.4 526.3 478 425.4 384 357.1 349.6 355.8 366.9 377.7 382.9 392.7 404.4 422.7 436.4 441.3 440.5 444.8 450.9 457.1 463.5 466.3 463.8 460.1 485.1 513.8 527.6 522.9 526 529.6 525.1 484.4 511.6 517.1 505.6 487.7 462.8 440.5 433.3 439.9 449.4 459.5 459.6 446.7 434.7 431.7 438.5 449.1 458.5 463.8 464.6 458.6 453.8 456.8 461.8 467.3 466.9
474 501.6 533.6 555 570.7 584.9 590.6 587.2 576.8 565.6 550.1 537.1 529.8 529.1 536.3 545.5 559.6 562.1 550.1 516.5 469.3 407.9 351.6 303.7 276.8 277.4 294 312.4 327.8 337.9 352.5 373.3 403.8 440.2 450.8 445.8 441.6 450.8 460.8 468.4 472.4 478.8 480.6 482.1 492.7 504.9 514.5 521.7 519.7 516.8 519.6 530.8 530 511.3 485.9 456.3 429.7 423.8 432.1 440.1 449.5 457.5 447 438.4 438.9 443.2 453.4 462.4 467.3 465.6 464.1 462.4 461 465.3 469.9 468.5
416.3 515.3 537.3 549.2 572.1 590.4 599.4 595.2 578.5 555.8 530.2 508.3 482.7 533.9 528.4 537.1 555.6 555.4 540.8 518.8 467.7 402.6 355.5 325.3 309.1 306.5 311 316.6 322.3 326.8 337.3 347.7 359.7 384.2 406.3 419.9 424.7 428 434.9 449.3 468.4 489.9 490.9 486.1 489.1 498.2 503.2 504.8 505.8 507.9 515.7 527.9 526.7 510.2 483 459.2 440.5 424.8 420.5 410.1 408.7 417.7 423.4 427.6 435.6 449.5 476.5 499.7 497.1 473.4 462 463.6 462 461.6 463.1 451.7
568.9 582.4 592.3 602.6 609.1 606.8 602.5 598.8 590.3 573.3 549.5 525.5 509.4 508.5 509.6 517.2 529.1 536.7 547.3 562.9 548.2 493.6 435.8 398.8 374.6 355.5 360.1 351.7 340.7 343 351.3 365.8 373.2 372.5 409.6 437.7 430.2 412.8 392 404.1 438.6 457.7 460.1 477.3 503.1 508.5 500.3 489.9 480.6 472.1 469.8 474.4 476.9 472.3 457.6 440.7 426.1 415.4 408.2 405 403.9 403.9 397.8 388.3 385.5 405 456.4 522.9 510.9 442.9 415 415.8 422.3 425 420.4 411.9
613.6 646.6 668.2 679.8 670.4 643.4 616.8 603.9 600.2 587 556 521.2 488.3 483.2 502.3 522.8 530.4 524.6 652.1 703 668.4 615.7 547.6 493.7 462.3 455.9 442.9 413 386.8 379.6 380.6 386.5 401.1 412.9 426.9 436.5 437.6 432.5 428.2 434.7 454.5 468.1 466 474.8 492.3 497 483.4 470.5 458.6 448.4 439.4 438.2 436.6 430.8 422.9 414.4 410.1 406.3 399.3 402.1 407.4 399.9 379.1 349.9 318.8 299.3 309.9 347.9 361.4 346.3 344.5 350.1 348 353.2 354.9 354.5
643 681 729.2 763.2 698.8 651.6 617.8 597.8 586.5 564.2 537.6 515 508.9 519.3 525.3 536.3 529.4 621.2 708.2 727.5 717.2 656.9 595.1 563.4 503.2 464.4 470 447.9 426.8 413.3 410.2 412.9 415 419.9 428.6 442 453.4 458.2 461.3 460.9 456 448.3 443.4 448.2 446.8 446.4 441 430 413.9 403 398.8 398.6 400.7 398.5 394.4 385.7 365.3 360.6 376.4 386.5 395.5 388.1 361.5 330.4 303.3 287.5 286.4 308 336.5 344.5 341.5 334.1 324.2 318.7 323.2 332.1
607.4 633 643.8 627.2 620.3 612.1 588.4 561.5 521 495.6 499.4 497 496.2 479.4 519.8 572.2 603.5 609.5 598.4 581.3 625 664.2 613.2 491.9 499.6 474.2 448.6 427.6 414.5 408.4 412.5 418.4 410.3 404.9 406.8 420.3 439.3 460.6 479.3 493.1 435.9 411.3 419.1 416.3 410.2 407.4 392 371 348.3 332 323.2 326.9 344.9 362.2 371.4 386.6 414.3 389.3 371.1 374.1 379.3 376.7 365.5 342.1 315.4 303.2 320.8 346.8 371.9 382.7 366.1 341.2 323.3 314.1 313.3 323.2
578.4 594.1 616.3 653.2 637.2 585.8 560.9 538.4 502.8 481.2 484.2 497.8 492.5 487.8 486 558.9 592 560.8 508.3 438.4 539 566.3 524 498 479 467.8 438 414.5 400 373.5 366.3 385.4 382.8 375.3 373.2 380.7 403.1 432.6 459.2 461.6 445 435.1 427.5 405.5 391.7 387.6 385.5 337.7 303.2 295.1 289.2 298 312.8 326.4 337 347.8 360.6 358.9 355.5 367.8 381.8 398.1 403.7 396.9 369.1 348.8 349.5 359.6 372.8 377 367.1 352 340.8 318.5 301.6 316.7
553.2 541.1 546.3 521.6 493.1 483 468.6 470.8 461.7 442.6 431.5 435 437.4 443.2 450.7 470.6 479.1 463.8 469.2 509.6 568.9 536.2 501.2 476.9 476.8 475.1 458.3 430.8 402.8 374.4 361.1 354.5 346.6 339.1 338.5 316.7 348.6 379.2 397.6 408.2 406 395.1 377.5 356.2 339.6 321.7 308.6 299.3 286.8 282 280.1 286.9 301 314.7 304.8 305.4 315.3 327.2 342.6 360.6 380 400.7 418.6 417.8 401.4 385.8 370.8 367.5 369.5 371.4 372.7 374.8 379 377.3 367.5 352.8
626.7 550.7 518.7 479.6 444.8 418.9 413.6 442.5 455.8 432.1 406.1 402.5 388.8 384.7 388.3 403 415.5 432.9 430.7 418.3 444.1 462.1 455.7 448.2 466.8 474.4 471.6 431.7 392.5 353.2 347.4 350.8 326.5 314.1 329.3 327.6 316.6 340.5 366 359.4 329.6 295.2 274 270.6 275.1 276.8 284.2 299.2 308.4 299.7 290.1 282.4 285.4 284.5 284.9 279.2 257.4 254.2 287.5 316 334.2 355.2 376.6 389.8 388.5 383.9 380 380.6 380.8 381.6 385.3 395.8 418.5 444.2 431.1 390.4
578.6 538 507.7 479.9 446.9 406.1 386.4 419.2 454.6 438.3 462.8 481.7 408.8 336.2 355 394.2 441.1 471.3 437.6 417.1 419.8 459.1 462.2 474.2 487.6 469.3 444.8 411 386 351 319.1 318.7 306.1 295.8 302.5 308.6 316.1 329.4 338.2 298.9 243.3 208.8 195.6 200.9 224.3 250.2 279.1 307.6 330.4 338.6 329.4 316.1 300.2 292.3 306.1 293.6 273.9 269.4 285.1 300.3 305.8 313.6 331.8 353.7 362.7 364.8 376.5 393 407.6 412.6 389.8 352.7 373.1 445.7 425.7 337
487.2 469.5 512.9 470.1 448.7 418.2 381.6 338.9 324 335 354.6 378.3 378.1 387.1 404.8 426.4 453.7 458.4 410.7 338.5 369.5 446 492 509.3 502.3 469.6 426.7 397.2 378.4 345.5 302.6 291.4 284.4 270.3 265.7 276.6 279.7 277.9 268 234.4 186.5 185.8 191.2 196.1 214.3 240.9 274.5 316 355.1 367.2 366.5 360.6 348.7 336.6 327.2 316.5 301.5 288.3 289.7 296.9 299.5 305.6 320.5 359.7 368.7 340.2 335.6 351.2 380.6 398.9 378.9 372.4 382.8 384.3 379.2 373.2
448.1 443.6 441.5 449.1 452.2 443.4 413.9 384.8 366.5 360.7 359.9 361.3 373.8 410.2 437.2 448.3 468.5 484.2 472.7 448.8 471.8 544.7 607.9 615.3 543.4 471.2 430.1 379.1 357.7 326.9 301.2 288.1 271.9 254.9 234.2 238.9 247 257.7 271.4 251 226.2 216.3 213 216 223 245.9 275.7 310.7 349 383.7 400.7 394.6 364.6 343 347.4 364.9 356.4 281.4 287.4 300.7 312 292.8 283.8 284 283.7 288 294.5 306.2 316.6 335.9 359 386.1 323.5 334.6 365.1 379.3
461.2 463.1 463.1 468.6 469.9 463.8 449.7 438.4 426.7 443.9 400 363.4 383.8 414.1 436.4 492.7 467.7 504.3 515.6 489.5 497.9 542 568.9 507.9 418 389.4 369.9 346.5 326.1 311.5 299.1 287.9 281.5 259.4 242.3 225.2 217.6 225.2 224.5 217.9 206.7 215.6 225 215.9 226.7 235.8 252.1 276.2 312.8 360.4 398 393.5 366.6 350.4 350.6 338.8 321.8 307.6 276 263.6 227 181.9 240.1 274.9 289.4 274.3 267.1 311.1 309.7 312.3 312.9 329.2 339.6 348.7 363.3 389.8
528.6 496.5 502.4 506.7 472 459.3 444.8 446.3 428.4 403.5 407.1 435.7 463.8 385.6 371.2 398.2 427.6 472 499.6 469.3 423.3 414.8 398.3 377.9 343.5 313.4 278.5 258.3 270.2 278.9 280.5 282.1 276.2 259.9 251.9 240.1 220.1 202.2 198.8 198 183.5 183.2 183 185 196 203 219 244.4 275.9 300.9 318.9 334.3 331.3 325 317.8 297.6 265.1 251.1 245 240.2 228.5 228.7 251 279.3 317.1 322.2 330.2 361.3 342.6 331.7 310.7 338 349.5 357.1 362.6 365.8
504 504.4 493.9 499.3 484.1 449 422 427.3 444.5 376.6 379.7 449.1 483.8 419.5 397.9 430 456.5 470.3 525.1 467.1 382.4 358.3 328.2 326.6 315.7 296.6 275.8 265.8 281.1 297.6 310 319.7 298.2 278.4 273.4 226.9 203.8 200.8 206.5 217.7 208.8 188.2 170.8 166.6 181.7 198.4 213.1 231.9 251.6 275.7 280.9 324.2 315.9 304.6 314.1 304.1 266.8 239.9 236.3 240.8 240 245.6 258.2 273 297.2 320.3 348.3 332.1 317.6 322.2 361.8 387 365.8 385.8 400.9 417.8
502.9 465.9 463.7 485.4 493.1 447 396.6 451.2 462.4 430.5 405.7 396.8 390.8 372.5 369.8 375.5 383.1 398.9 416.4 400.4 350.6 309.1 304.5 311.8 317.6 318.6 303.2 298.6 312.6 333.1 350.3 376.4 334.1 280.1 222.3 178.7 171.3 166.9 179.9 215.6 215.2 185.2 123 154.7 203.4 209.4 213.9 221.1 238.6 262.3 273.2 275.7 273.4 291.1 301.7 301.2 266.3 243.4 237.5 237.8 261.1 276.3 280.2 285.2 289.9 290 293.9 294.8 282.2 271.9 300.7 306.7 367.5 423.5 451.1 463.7
483.8 456.5 447.4 449 444.3 421.5 382.6 424.7 393.8 409.1 399.1 383.9 369.2 355.4 343.3 325.7 330.2 370.5 394.2 390.4 361.8 326.4 305.4 311.6 321 313.5 291.4 312.5 323.1 338.2 336.3 336.8 315.9 280.4 219.9 182 168.4 156.4 170.7 210.3 225.7 210.4 196.6 189.6 193.1 218.7 228 230.9 244.9 254.9 261.5 261.1 267 264.3 255.3 239.6 224.6 219.4 228.3 250.5 278.5 295.1 293.9 292.3 287.5 287.6 282.6 294.1 312.3 329.5 346.4 397.6 472.1 521.1 500.4 503.7
553.1 519.6 493.3 438.8 412.3 406.5 395 394.4 394.9 391.8 385.8 374.3 363.2 352.2 348.2 356.3 373.9 412.3 447.3 385.9 338.1 317 298.1 301.2 317 309.6 317.1 320.9 299.8 298.7 297.2 285.5 267.8 247.2 223.4 198.5 183.7 193.8 221.3 242.6 257.6 261.8 263.8 248.7 239.6 245.8 254 269.6 278.6 286.5 287.3 277 259.5 242.9 225.9 205.7 199.6 202.4 217.6 241.1 270.8 300.2 311.6 302.8 302.6 298.3 296.4 314.8 340.4 355.6 383.5 443.3 505.8 598.4 613.3 473.5
845.8 623.7 503 431 408 395.4 376.3 365 357.4 357.7 359.7 359.8 360.8 370.9 382 393.9 372.9 381.7 390.8 335.8 274.8 296.5 289.7 291.2 304.2 295.1 287.7 273.7 257 242.5 237.8 232.9 215.2 200.5 196.6 191 183.8 205.2 251 264.3 271 325.3 424.6 267 263.9 275.1 282.4 286.1 296.8 321.9 336.6 311.1 272.1 240 228.6 217.4 210.3 207.3 210.5 227.8 254.2 277.3 281.9 287.6 300.3 297 289 335.9 375.1 354.2 400.2 443.9 438.3 467.6 450.6 467.8
425.5 431.8 397.4 362.5 350.6 359.2 364 362.9 340.3 323.6 316.7 316.4 328.4 373.6 406.5 421.6 390.6 368.2 367.1 356.6 326.3 317.2 322.4 317.8 315.2 295.5 260.2 228.5 208.7 180.5 185.1 178.1 168.8 162.2 169.1 180.3 188.3 188.5 176.6 224.3 277 311.8 301.5 276.3 276 276.1 314.9 285.6 291.7 302.6 310.1 299.9 277.8 257.6 253.6 239 223.5 210.6 200.6 199.7 203.4 218.9 237.9 240.5 257.3 286.9 319.1 441.8 538.4 485.6 460.5 458.9 448.1 390.6 381.2 408.7
350.9 317.8 278.2 290.1 305.2 309.7 310.6 297.3 269.5 257.1 271.7 301.4 337.5 347.9 381.6 411.6 373 365.9 418.3 415.8 383.2 350.2 350.6 361 312.6 272.8 233.8 204.5 183.6 167.2 150.2 130.1 117 126.6 144.5 162.4 179.2 191.6 203.4 217.2 241.1 257.4 254.7 250.5 257.2 273 280.1 278.7 290.3 286.2 273.9 270.4 274.8 279.5 276.2 268.9 255.7 232.5 208.8 184.4 162.3 177.7 200.2 193.2 176.8 206.7 293.4 397.7 473.3 503.3 479.3 441.3 370.4 288.1 301.7 314.7
268 188.1 217.3 230.2 234.9 238.3 235.8 224 190.2 191 228.1 266.2 299.5 319 326.4 329.5 347 372.8 361.7 353.1 333.6 304.7 292.3 284.7 260.1 233.9 195.7 166.4 145.8 123.3 102.4 89.3 88.5 114.6 136 131.8 170.7 216.4 222.2 223.9 220.1 219.5 221.6 227.7 232.6 247.7 260.1 268.9 281.8 283.9 291.3 292.7 310.5 360.1 391.5 385.9 349.3 283 245.1 215.6 198.4 197 212.5 229.7 252.2 205.3 251.5 262.3 394.1 515.6 442 437.1 398.6 361.8 351.6 358.7
200.3 182.8 188.3 187.6 189.9 198.1 206.7 203.8 198.7 204.3 222.3 238.9 259.7 279.5 292.4 301.7 308.9 318.4 311.9 270.9 268.9 260.9 250.4 235.3 216 195 160.9 137.2 114.6 90 67 57.2 72.8 95 112.1 123 142.6 179 199.8 200.4 197.6 201.2 209.4 216.9 235.2 259.5 271.4 286.4 291.1 287.1 326.5 320.7 325.3 400.4 491.1 522 451.3 329.3 259.1 224.4 204.6 194.5 204.4 218.2 217.5 202.5 199.1 214.8 287.7 312.6 358.7 327.2 417.2 373.1 353.8 371.6
