datasets/global_precipitation_1950_2017/rasters/precip_1985-total.asc
NCOLS 720 
NROWS 347 
XLLCORNER -180 
YLLCORNER -90 
CELLSIZE 0.5 
NODATA_value -9999 
[rows 204 to 237 of 347, columns 608 to 683 of 720]
414.2 329.9 320.3 262.2 211.5 297.8 269.9 238.5 238.9 249.7 399.1 439 427.4 411.7 404.8 388.6 319.7 268.4 255.5 225.3 244.2 271.4 279.2 235.4 227.1 246.5 366.8 382.3 433.1 461.8 490.8 359.5 401.6 398.7 449 436.1 487 469.4 518.7 476 566.8 547 595.2 889.7 1298.8 -9999 -9999 -9999 -9999 -9999 -9999 -9999 -9999 -9999 -9999 -9999 -9999 -9999 -9999 -9999 -9999 -9999 -9999 -9999 -9999 -9999 -9999 -9999 -9999 -9999 -9999 -9999 -9999 -9999 -9999 -9999
389.9 291.1 255.7 246.8 212.8 237.2 252.5 276.1 221.7 241 311.3 383 378.3 360.7 364.9 373.9 293.7 260.7 257.5 261.5 222.7 250.4 260.1 232.5 221.8 217.3 297.2 346.1 300.4 358.4 386.7 367.8 369 381.3 381.9 367.6 445.2 471.6 516.9 634.9 614.2 586.9 547.9 509.7 972.5 590.9 -9999 -9999 -9999 -9999 -9999 -9999 -9999 -9999 -9999 -9999 -9999 -9999 -9999 -9999 -9999 -9999 -9999 -9999 -9999 -9999 -9999 -9999 -9999 -9999 -9999 -9999 -9999 -9999 -9999 -9999
342.3 261.1 248.8 245.3 228.8 215.8 203.1 194.1 188.2 202.7 248.4 267.5 268.3 269.3 274.6 283.7 270 253.6 249.3 253.9 254.6 226.5 225.3 207 183.8 178.4 198 242.1 292.2 336.3 374.5 350.2 282 335.4 328.7 352.1 410.8 459.2 527.2 647.6 647.1 621.1 488.3 613.7 571.9 735.4 649 838.4 -9999 -9999 -9999 -9999 -9999 -9999 -9999 -9999 -9999 -9999 -9999 -9999 -9999 -9999 -9999 -9999 -9999 -9999 -9999 -9999 -9999 -9999 -9999 -9999 -9999 -9999 -9999 -9999
302.6 239.8 236.1 234.7 212.5 180.3 172.1 162.8 163 178.3 208.3 201.8 194.6 213.1 222.5 239.7 241.7 233.2 224.3 220.5 206.4 206.2 201.9 183.5 156.2 132.2 141.1 192.1 226.6 254.3 336.6 286.8 266.8 267.2 362.6 401.5 377.2 448.9 492 620.5 508.5 552.7 584 528.8 559.8 572.8 809.3 758 887.3 1806.9 -9999 -9999 -9999 -9999 -9999 -9999 -9999 -9999 -9999 -9999 -9999 -9999 -9999 -9999 -9999 -9999 -9999 -9999 -9999 -9999 -9999 -9999 -9999 -9999 -9999 -9999
243.8 240.8 229.2 220.7 181.7 174.5 162.2 159.7 161.2 177.4 197.5 194.7 184.3 196.3 216 228.3 222.4 226 224.8 221.5 222 198.9 186.1 175.7 155.7 139.4 150.3 181.1 178.3 172 239.3 217.6 261.9 284.9 271.6 258.2 307.1 273.4 371.7 438.2 461.3 507.1 506.8 562 482.6 612.9 613.7 627.2 1144.6 1660.3 -9999 -9999 -9999 -9999 -9999 -9999 -9999 -9999 -9999 -9999 -9999 -9999 -9999 -9999 -9999 -9999 -9999 -9999 -9999 -9999 -9999 -9999 -9999 -9999 -9999 -9999
236.3 228.5 232.6 194.6 169.4 167.8 158.8 159.9 167.1 181.9 193.3 189.7 189.2 204 209.4 206.2 222.3 234 229.7 228.6 226.1 204 175.7 172.7 149.4 140.9 144.5 136.7 173.3 145.7 176 237.6 337.9 294.2 241.9 237.4 239.3 312 378.1 406.2 445.4 506.3 460.3 524.5 458.4 519.4 643.7 663.5 893.2 1454.6 -9999 -9999 -9999 -9999 -9999 -9999 -9999 -9999 -9999 -9999 -9999 -9999 -9999 -9999 -9999 -9999 -9999 -9999 -9999 -9999 -9999 -9999 -9999 -9999 -9999 -9999
254 232.8 212.6 180.1 170.4 162.4 157.6 160.1 169.2 180.4 187.1 188.7 192.8 201.5 202.2 201.9 220.8 240.5 254.6 213.3 221.4 205 203.1 196.2 197.4 167 154.6 139.7 132.5 147.5 201.9 253.1 234.9 257.6 251.8 247.2 309.1 357.2 440 419.7 418 407.3 505.1 543.7 569.3 553.5 589.5 611.9 711 803 1107.8 -9999 -9999 -9999 -9999 -9999 -9999 -9999 -9999 -9999 -9999 -9999 -9999 -9999 -9999 -9999 -9999 -9999 -9999 -9999 -9999 -9999 -9999 -9999 -9999 -9999
265.6 247.2 218.2 181.6 158.8 151.2 147.8 151.3 163 180.2 185.3 185.8 194.6 210.1 197.2 188.6 251.1 217.4 188.5 237 254.7 186.9 178 170 189.5 174.3 161.5 130 123.2 168.4 200.6 249.1 196.3 234.5 241.1 254.1 276.3 315.7 398.9 377.3 355.8 427.5 486.2 557 571.3 607.5 570.2 632.6 579 642.6 706.1 -9999 -9999 -9999 -9999 -9999 -9999 -9999 -9999 -9999 -9999 -9999 -9999 -9999 -9999 -9999 -9999 -9999 -9999 -9999 -9999 -9999 -9999 -9999 -9999 -9999
251 250.8 199.7 135.4 112.9 106.6 104.3 108.5 120.8 149.9 183.2 184.7 188.3 181.1 163.6 195.7 189.9 204 233.8 234.6 236.1 182.3 177 185.7 168.5 184.5 163.4 149.1 130.9 119 130.8 156.8 157.7 206.5 244.1 199.4 246.8 320.9 300.7 346.8 383.9 382.5 409.7 529.7 583.3 527.6 551.7 553.1 580.5 612 614.4 716.3 647.1 1098.5 -9999 -9999 -9999 -9999 -9999 -9999 -9999 -9999 -9999 -9999 -9999 -9999 -9999 -9999 -9999 -9999 -9999 -9999 -9999 -9999 -9999 -9999
220.4 203.6 149.4 104.4 88.2 82.4 76.4 73.9 83 111.1 157.9 173.7 174.8 174 178.4 212.5 200.4 182.8 193.4 208 201.3 132.4 159.7 170.9 126.2 139.4 146.1 142 119.4 104.5 104.7 104.8 179 181.2 212.3 213.5 240 273 316.1 310.6 298.6 330.1 430.3 476.1 524 499.5 647.4 587.4 506.9 601.5 671.9 642.7 750.2 961.7 -9999 -9999 -9999 -9999 -9999 -9999 -9999 -9999 -9999 -9999 -9999 -9999 -9999 -9999 -9999 -9999 -9999 -9999 -9999 -9999 -9999 -9999
171 146.1 119.1 102.4 90.3 83.8 79.2 83.5 88.2 95.3 106.7 137 148.3 152.9 166.5 172.9 161.2 149.6 165.8 135.4 167.5 152.2 142.9 147.3 133 130.4 127 116.9 94.5 85.7 89.6 83.2 125.6 162.3 98.7 186.5 269.6 272.1 275.6 266.4 309.1 357.4 437.5 402.8 540.3 463.4 517.1 494.8 552 621.1 615.9 634.4 649.5 637.8 997.5 -9999 -9999 -9999 -9999 -9999 -9999 -9999 -9999 -9999 -9999 -9999 -9999 -9999 -9999 -9999 -9999 -9999 -9999 -9999 -9999 -9999
146.8 130.2 111.8 102.9 92.4 87.2 90.7 86.2 83.8 86.9 92.5 103.4 118 118.4 117.9 116.2 123.5 124.2 133.5 111.8 93.8 114.8 131.1 142.2 131.2 126.6 119.1 98.4 84.3 79.6 71.7 105 125.2 134.7 120.7 173 256 253.5 248.3 267.3 264 240.8 278.5 326.6 408.8 404.4 495.9 477.9 561 678.7 641.2 753 749.8 796 826.9 889.9 -9999 -9999 -9999 -9999 -9999 -9999 -9999 -9999 -9999 -9999 -9999 -9999 -9999 -9999 -9999 -9999 -9999 -9999 -9999 -9999
146.3 130.7 116.6 106.6 96.7 91.3 93.2 91.7 81.5 86.5 96.3 103.8 114 115 107.7 98.8 112.3 112.5 161.1 106.6 87.2 94.9 94.2 96.2 111.8 119.2 115.6 98 98.3 100.4 106.4 115.5 135.4 147.9 160.8 184.8 186.9 258.7 158.5 197.4 213 236.6 276.4 330.6 388.8 460.4 511.7 578.7 613.6 602 642.7 645.6 654 671.6 647 890.7 742.7 -9999 1294.2 -9999 -9999 -9999 -9999 -9999 -9999 -9999 -9999 -9999 -9999 -9999 -9999 -9999 -9999 -9999 -9999 -9999
147.6 133.9 120.1 111 100.8 92.7 95 103.6 106.6 98.4 100.7 104.6 113.6 119 121 75.9 104.9 136.5 160.1 118.2 138.8 90.4 68.9 62.4 64.2 71.9 96.7 113.7 111 111.1 113 116.4 126.9 105.1 159.4 205.3 249.5 202.3 201.3 232.4 222.8 261.7 312.5 349.2 380.8 428.2 458.7 534.6 601.3 625.5 616.1 620.3 648.8 601 591.4 807.2 922.5 -9999 -9999 -9999 -9999 -9999 -9999 -9999 -9999 -9999 -9999 -9999 -9999 -9999 -9999 -9999 -9999 -9999 -9999 -9999
155.1 142.4 128.9 122 111 92.3 95.1 103.3 106.3 103.3 101.8 100.9 103.5 104.6 101.9 93.5 114.1 147 138.7 119.8 89.8 71.1 77.8 84.7 87.7 92.8 104 117 118.6 119.2 117.8 106.1 130 149.9 183.4 236.4 236.4 206.4 176.1 246.4 197.3 226.3 365.4 407.2 367.3 449.6 523 605 520.9 526.4 543.2 529.5 573 535.9 656.6 762.7 903.5 1137.4 -9999 -9999 -9999 -9999 -9999 -9999 -9999 -9999 -9999 -9999 -9999 -9999 -9999 -9999 -9999 -9999 -9999 -9999
173.6 159.4 146.2 139.2 139.5 124.4 108.5 106.4 105.1 105.1 101.2 95.3 97.3 99.3 100.7 93.7 115.4 123.3 127.2 109.9 101.4 108.7 103.1 104.6 105.4 112.4 129.6 129.8 127.6 126 124.8 126.8 153.6 190.2 224 257.1 243.7 241.5 247.3 255 256 289.5 378.8 400.1 379.5 447.8 525.6 576.7 508.9 464.1 460.3 612.7 611.7 564 605.9 606.8 801.5 1282.8 -9999 -9999 -9999 -9999 -9999 -9999 -9999 -9999 -9999 -9999 -9999 -9999 -9999 -9999 -9999 -9999 -9999 -9999
212 192.5 170.7 158.6 149.8 139 123.1 113.4 107.7 104.2 99.2 91.1 94.4 96.2 95.6 90.2 95.6 113.4 119.8 118.2 119.9 133.7 124 113.8 119.5 131.4 132.3 135 133.9 139.5 138 141.5 171.7 198.4 251.4 242.1 246.8 250.5 237 299.7 381.1 412 443.7 422.5 449.5 465.4 508.2 541 583.9 582.8 557.1 537.3 576.2 491.2 555.9 669.6 677.1 1024.2 -9999 -9999 -9999 -9999 -9999 -9999 -9999 -9999 -9999 -9999 -9999 -9999 -9999 -9999 -9999 -9999 -9999 -9999
263.6 243.3 206.1 180.9 164.1 146.6 132.5 120 110.9 106.2 100 93.6 95 96.5 94.8 93.2 98 111.9 135.2 116.9 126.5 133.3 131.9 120.3 124.1 131.3 129.1 134.2 136 139.9 131.8 128.2 148.5 189.3 201.2 217.1 234.5 265.7 323.6 397.7 389.4 361.4 371.4 411.6 412.7 444.5 420.3 395.2 535.8 513.9 498.8 462.3 421.1 544.4 421 610.3 794.2 1226.4 -9999 -9999 -9999 -9999 -9999 -9999 -9999 -9999 -9999 -9999 -9999 -9999 -9999 -9999 -9999 -9999 -9999 -9999
301 286.7 247.1 210.1 180.1 154.8 137.1 129.1 123.6 116.3 123 116.3 113.6 109.1 100.2 97.4 103.8 115.9 130.9 131 124.5 116.4 134.4 155.9 123.3 120.6 123.9 132.5 134.7 133.3 120.5 101 114.9 248.4 168.5 191.8 231.6 303.5 324.6 378.5 366.3 330.7 364.4 341 356.8 355.5 389 429.2 458.2 446.7 545.2 504.7 539 616.5 614.9 714.3 636.7 730 1228.9 -9999 -9999 -9999 -9999 -9999 -9999 -9999 -9999 -9999 -9999 -9999 -9999 -9999 -9999 -9999 -9999 -9999
312.6 308.1 286.1 234.3 187.5 151.9 139.6 135.4 128.6 114.6 99 91.4 98.1 99.5 99 102.8 112.6 126.5 135.5 134.1 129.6 143.8 146.8 105.6 107.4 104.6 116.2 131.9 139.2 148.6 126.5 108.2 100.5 103.3 139.7 177.5 213.3 230.6 250.9 283.6 300.9 296.1 316.9 354.1 353 334.3 280.4 398 415 467.8 473.4 489 569.4 528 589.4 632.6 677 598.9 2126.4 -9999 -9999 -9999 -9999 -9999 -9999 -9999 -9999 -9999 -9999 -9999 -9999 -9999 -9999 -9999 -9999 -9999
298.2 290.7 260.8 217.3 161.4 131.2 131.7 135.5 133.3 126.9 115.7 107.9 107.3 110.4 114.7 121.1 125.4 126.8 124.4 121.4 131.9 145.7 138.1 111.6 85.6 95.3 115.1 130.4 137.7 143.5 132.1 116 126.1 143.8 171.4 182.9 204.8 202 196.9 215.4 226.1 267.7 310.3 338.4 362.3 316.7 312 336 446.4 468.1 522.8 534.7 570.8 452.4 478.8 704.1 945.1 751.2 1251.4 -9999 -9999 -9999 -9999 -9999 -9999 -9999 -9999 -9999 -9999 -9999 -9999 -9999 -9999 -9999 -9999 -9999
245.9 211 173.8 146.6 132.6 129 135.6 138.3 135.7 128.8 117.8 112.6 115.1 122.7 130.2 137.6 142.1 133.1 124.1 123.6 131.5 142.6 142.6 118.7 95.8 99.8 117.6 127.2 138.3 130.8 127.8 130.6 144.7 153.1 182.3 188.3 205.1 198.4 185.2 197.5 216.3 239.2 255 276.6 308 441.6 367.2 300.5 437.6 506.8 513.3 557.3 615.5 752.1 656.4 747.4 824.5 1143.3 1562.4 -9999 -9999 -9999 -9999 -9999 -9999 -9999 -9999 -9999 -9999 -9999 -9999 -9999 -9999 -9999 -9999 -9999
149.4 141.4 134.2 132.8 128.4 127.4 135.3 139.9 139 130.7 119.9 111.9 109.6 118 126 137.3 151.5 148.9 110.6 121.1 128.9 161.4 145.6 136.8 131.6 132.1 121.2 102.9 103.9 112.2 130.2 139.7 145.5 149.3 169.1 180.9 172.1 197.9 200.3 217.1 248.7 228 261.4 278.6 304.4 365.6 380.2 346.3 372.8 385 444.5 608.4 582.4 634.3 718.2 756.2 741.1 1046.5 1500.8 -9999 -9999 -9999 -9999 -9999 -9999 -9999 -9999 -9999 -9999 -9999 -9999 -9999 -9999 -9999 -9999 -9999
129.9 126.9 132.3 130.3 125.7 126.7 135 142 141.4 134 121.6 112.8 112.6 110.5 114.6 130.3 175.8 204.7 163 124.9 123.8 143.4 142.2 134.7 142.1 122.9 117 104.7 115.7 113.2 166.8 141.9 137 141.3 149 179.9 191.7 187.1 222.2 205.5 219.3 252.3 304.2 262.2 295.3 345 344.5 358.4 365.5 408.7 464.1 426.4 795.2 701.6 760.6 884.3 1014.7 2177.7 -9999 -9999 -9999 -9999 -9999 -9999 -9999 -9999 -9999 -9999 -9999 -9999 -9999 -9999 -9999 -9999 -9999 -9999
125.6 122.1 167.2 127.2 120.3 128.1 136.8 148.9 149.4 133.8 129.4 111 117.1 106.9 102.7 115.1 170.3 212 188.3 155.5 141.2 150.8 129.8 138.3 133.6 124.5 115 148 192.7 195.3 151.3 129 143.8 191.7 190.8 202.4 183.5 174.9 193.7 206.5 225.7 241 270.2 257.9 295.2 339.7 323.1 435.8 403.1 402.1 440.7 413.5 545.5 545.5 838.5 744.3 1031.7 1747.5 -9999 -9999 -9999 -9999 -9999 -9999 -9999 -9999 -9999 -9999 -9999 -9999 -9999 -9999 -9999 -9999 -9999 -9999
124 77 90.7 126.7 131.8 142.6 152.1 164.3 173.6 178 161.1 132.3 122.8 133.8 119.2 135.9 165.8 192.9 209.9 205.3 150.2 136.2 120 129.5 144.4 130.9 141.9 186.9 185.1 236.9 138.6 114.1 146.5 173.2 177.9 189.9 196 190 188.1 185.5 209.2 268.3 346.2 301.5 336 392.8 381 379.4 414.6 509 771.3 556.5 539.4 820.7 953.6 983.3 1369.1 1840.7 -9999 -9999 -9999 -9999 -9999 -9999 -9999 -9999 -9999 -9999 -9999 -9999 -9999 -9999 -9999 -9999 -9999 -9999
161.7 132.1 127.4 160.7 180.6 181.2 199.6 193.2 230.2 229.5 -9999 -9999 -9999 -9999 -9999 -9999 181.3 192.8 239.9 255.7 249 208.1 182.9 164.9 164.7 157.2 168.1 210.4 200.3 259 152.6 129.1 163.4 163.2 161.7 211.1 219.9 203.3 185.3 213.8 254.4 302 356.9 390.6 346.1 353 405.4 376 457.5 408.1 563.1 611.1 739.8 617.2 818.6 1102.4 1640.9 1777.8 -9999 -9999 -9999 -9999 -9999 -9999 -9999 -9999 -9999 -9999 -9999 -9999 -9999 -9999 -9999 -9999 -9999 -9999
208.7 166.7 153.9 215.2 -9999 229.2 246 -9999 -9999 -9999 -9999 -9999 -9999 -9999 -9999 -9999 -9999 -9999 -9999 -9999 244.1 243.1 217.8 230.5 211.6 193.7 198.3 242.5 224.4 212.6 147.7 156.6 184.8 148.7 185 195.8 200.5 232.5 244.7 271.9 332 313 358.2 344.5 340.5 356.4 385.6 493.9 503.8 492.8 554.2 707.1 523.5 598.6 964.2 1294.7 1515.2 -9999 -9999 -9999 -9999 -9999 -9999 -9999 -9999 -9999 -9999 -9999 -9999 -9999 -9999 -9999 -9999 -9999 -9999 -9999
255.2 217.7 -9999 -9999 -9999 -9999 -9999 -9999 -9999 -9999 -9999 -9999 -9999 -9999 -9999 -9999 -9999 -9999 -9999 -9999 341.1 229.8 273.7 271.9 263 226.3 188.1 271.9 421.8 333.8 221.6 156.5 175.6 156.4 149.9 169.4 209.6 234.9 256.2 310.2 345.8 359.9 396.6 370.2 372.3 367 403.7 445.1 543 521.5 632.4 704.4 808.1 505.9 742.7 1099.8 -9999 -9999 -9999 -9999 -9999 -9999 -9999 -9999 -9999 -9999 -9999 -9999 -9999 -9999 -9999 -9999 -9999 -9999 -9999 -9999
-9999 -9999 -9999 -9999 -9999 -9999 -9999 -9999 -9999 -9999 -9999 -9999 -9999 -9999 -9999 -9999 -9999 -9999 -9999 -9999 -9999 280.2 290.1 273.4 266.4 255.1 207.1 -9999 505 420.3 224 174.6 191.8 193.4 189.4 174.4 229.8 242.3 256.9 272 310.3 350.6 421.2 360.6 414 404.2 502.8 435.8 570.2 643.3 825.9 688.4 689.7 799.8 978.9 -9999 -9999 -9999 -9999 -9999 -9999 -9999 -9999 -9999 -9999 -9999 -9999 -9999 -9999 -9999 -9999 -9999 -9999 -9999 -9999 -9999
-9999 -9999 -9999 -9999 -9999 -9999 -9999 -9999 -9999 -9999 -9999 -9999 -9999 -9999 -9999 -9999 -9999 -9999 -9999 -9999 -9999 -9999 356.6 320.4 288.1 331.7 -9999 299 314.5 493.8 214.1 199.9 306.2 345.3 218.8 173.4 250.5 241.6 278.3 281.1 265.3 338.5 388.3 425.5 388.6 456.9 507.9 544.7 615.4 609.9 884.8 773.2 1037.4 798.5 1370.2 -9999 -9999 -9999 -9999 -9999 -9999 -9999 -9999 -9999 -9999 -9999 -9999 -9999 -9999 -9999 -9999 -9999 -9999 -9999 -9999 -9999
-9999 -9999 -9999 -9999 -9999 -9999 -9999 -9999 -9999 -9999 -9999 -9999 -9999 -9999 -9999 -9999 -9999 -9999 -9999 -9999 -9999 -9999 -9999 313.9 243.2 -9999 -9999 360.9 295.3 492.4 229.6 229.4 231.4 244.7 254.2 218.6 209.7 256 263.7 245.7 306.9 336.1 374.2 475.3 441.7 472.3 497.4 585.1 559.6 632.7 683 708.2 777 1206.9 -9999 -9999 -9999 -9999 -9999 -9999 -9999 -9999 -9999 -9999 -9999 -9999 -9999 -9999 -9999 -9999 -9999 -9999 -9999 -9999 -9999 -9999
-9999 -9999 -9999 -9999 -9999 -9999 -9999 -9999 -9999 -9999 -9999 -9999 -9999 -9999 -9999 -9999 -9999 -9999 -9999 -9999 -9999 -9999 -9999 504.3 -9999 -9999 -9999 313.3 -9999 570.8 278.6 255.3 253.2 281.6 262.1 247.4 246.2 244 289.3 254.1 293.2 332.3 377.2 478.8 524.1 368.7 497.6 581 520.7 631.4 567.5 665.1 1047.8 1793.9 -9999 -9999 -9999 -9999 -9999 -9999 -9999 -9999 -9999 -9999 -9999 -9999 -9999 -9999 -9999 -9999 -9999 -9999 -9999 -9999 -9999 -9999
-9999 -9999 -9999 -9999 -9999 -9999 -9999 -9999 -9999 -9999 -9999 -9999 -9999 -9999 -9999 -9999 -9999 -9999 -9999 -9999 -9999 -9999 -9999 -9999 -9999 -9999 -9999 -9999 -9999 689.6 361.8 406.2 365.2 296 304.1 279.5 272.7 240.7 292.7 276.2 275.4 283.9 361.9 412.9 515.4 580.1 601.6 685 830.1 883.4 639.1 641.7 1082.4 -9999 -9999 -9999 -9999 -9999 -9999 -9999 -9999 -9999 -9999 -9999 -9999 -9999 -9999 -9999 -9999 -9999 -9999 -9999 -9999 -9999 -9999 -9999
