datasets/global_precipitation_1950_2017/rasters/precip_2003-total.asc
NCOLS 720 
NROWS 347 
XLLCORNER -180 
YLLCORNER -90 
CELLSIZE 0.5 
NODATA_value -9999 
[rows 306 to 339 of 347, columns 152 to 227 of 720]
-9999 -9999 -9999 -9999 -9999 -9999 -9999 -9999 -9999 -9999 -9999 -9999 -9999 -9999 -9999 -9999 -9999 -9999 -9999 -9999 -9999 -9999 -9999 -9999 -9999 -9999 -9999 -9999 -9999 -9999 -9999 -9999 -9999 -9999 -9999 -9999 -9999 -9999 -9999 -9999 -9999 -9999 -9999 -9999 -9999 -9999 -9999 -9999 -9999 -9999 -9999 -9999 -9999 -9999 -9999 -9999 -9999 645.8 -9999 -9999 -9999 -9999 -9999 -9999 -9999 523.8 508.8 493 484.6 -9999 -9999 456.7 461 466.2 472.6 471.1
-9999 -9999 -9999 -9999 -9999 -9999 -9999 -9999 -9999 -9999 -9999 -9999 -9999 -9999 -9999 -9999 -9999 -9999 -9999 -9999 -9999 -9999 -9999 -9999 -9999 -9999 -9999 -9999 -9999 -9999 -9999 -9999 -9999 -9999 -9999 -9999 -9999 -9999 -9999 -9999 -9999 -9999 -9999 -9999 -9999 -9999 -9999 -9999 -9999 -9999 -9999 -9999 -9999 -9999 -9999 -9999 -9999 -9999 -9999 -9999 -9999 -9999 -9999 -9999 -9999 -9999 515.7 -9999 492.3 482.4 -9999 -9999 473.6 476.2 483.1 489.9
-9999 -9999 -9999 -9999 -9999 -9999 -9999 -9999 -9999 -9999 -9999 -9999 -9999 -9999 -9999 -9999 -9999 -9999 -9999 -9999 -9999 -9999 -9999 -9999 -9999 -9999 -9999 -9999 -9999 -9999 -9999 -9999 -9999 -9999 -9999 -9999 -9999 -9999 -9999 -9999 -9999 -9999 -9999 -9999 -9999 -9999 -9999 -9999 -9999 -9999 -9999 -9999 -9999 -9999 -9999 -9999 -9999 -9999 -9999 -9999 -9999 -9999 -9999 -9999 -9999 -9999 520.5 506.4 496.8 492 488.2 -9999 -9999 489.5 495.9 504.3
-9999 -9999 -9999 -9999 -9999 -9999 -9999 -9999 -9999 -9999 -9999 -9999 -9999 -9999 -9999 -9999 -9999 -9999 -9999 -9999 -9999 -9999 -9999 -9999 -9999 -9999 -9999 -9999 -9999 -9999 -9999 -9999 -9999 -9999 -9999 -9999 -9999 -9999 -9999 -9999 -9999 -9999 -9999 -9999 -9999 -9999 -9999 -9999 -9999 -9999 -9999 -9999 -9999 -9999 -9999 -9999 -9999 -9999 -9999 -9999 -9999 -9999 570.2 555 542.9 532.6 523.2 515.4 507.8 502.5 500.8 500.4 -9999 502.1 508.1 514.8
-9999 -9999 -9999 -9999 -9999 -9999 -9999 -9999 -9999 -9999 693.7 -9999 -9999 -9999 -9999 -9999 -9999 -9999 -9999 -9999 -9999 -9999 -9999 -9999 -9999 -9999 -9999 -9999 -9999 -9999 -9999 -9999 -9999 -9999 -9999 -9999 -9999 -9999 -9999 -9999 -9999 -9999 -9999 -9999 -9999 -9999 -9999 -9999 -9999 -9999 -9999 -9999 -9999 -9999 -9999 -9999 -9999 -9999 576.9 580.7 567.8 556.3 549 -9999 533.5 526.9 521.1 516.3 514 512.4 512.7 515.2 -9999 -9999 529.8 538
-9999 -9999 -9999 -9999 -9999 -9999 -9999 692.3 692.9 692.6 692.5 692.2 692.5 691.3 689.7 -9999 -9999 -9999 -9999 -9999 -9999 -9999 -9999 -9999 -9999 -9999 -9999 -9999 -9999 -9999 -9999 -9999 -9999 -9999 -9999 -9999 -9999 -9999 -9999 -9999 -9999 -9999 -9999 -9999 -9999 -9999 -9999 -9999 -9999 -9999 -9999 -9999 -9999 -9999 -9999 -9999 -9999 -9999 -9999 -9999 -9999 -9999 -9999 -9999 -9999 507.5 -9999 502.1 503.8 510.8 -9999 -9999 -9999 -9999 532.7 538.7
-9999 691.3 -9999 -9999 -9999 -9999 -9999 -9999 692.8 694.2 -9999 -9999 -9999 -9999 -9999 -9999 -9999 -9999 -9999 -9999 -9999 -9999 -9999 -9999 -9999 609.3 -9999 -9999 -9999 -9999 576 567.5 -9999 -9999 -9999 -9999 -9999 -9999 -9999 -9999 -9999 -9999 -9999 -9999 -9999 -9999 -9999 -9999 -9999 -9999 -9999 498.6 496.3 -9999 -9999 -9999 -9999 -9999 -9999 -9999 -9999 -9999 -9999 -9999 -9999 -9999 -9999 -9999 -9999 -9999 -9999 -9999 -9999 520.9 525.9 532.6
-9999 699.3 698.6 697.6 696.7 695.1 693.1 686.4 682.8 685.5 680.7 674.7 668 661.9 -9999 -9999 645.7 635.5 625.8 616.2 607.5 597.8 587.6 577.4 563.5 -9999 -9999 539.8 530.8 523.1 513.3 503.3 493.7 487.3 -9999 483.7 479.7 -9999 -9999 -9999 -9999 -9999 -9999 -9999 -9999 -9999 -9999 -9999 444.5 438.4 -9999 436.7 436.7 -9999 -9999 -9999 432.5 435.8 437.1 -9999 434.5 -9999 -9999 -9999 -9999 -9999 455.5 -9999 468.5 476.1 484.4 492.7 500.8 509.7 515.1 524
-9999 -9999 706 701.5 698.5 -9999 -9999 688 682.4 674.3 667.8 660 650.8 641 629.3 619.5 608.3 596.7 585.4 574 563.8 550.4 538.5 526.5 515.4 505.3 497.7 486.8 476.2 456.8 446.2 439.9 431 424.5 420 424.6 420.6 416.1 409.7 403.1 399.4 395.9 396.8 -9999 -9999 -9999 394.6 396.4 396.4 393.3 392.3 391.1 392.3 392.8 -9999 -9999 396 399.3 401.5 402.3 397.6 400.4 406 411.1 416.3 423 430.4 438.4 446 453.5 461.9 470.4 480.5 490.3 497.7 508
-9999 -9999 -9999 -9999 -9999 690.2 682.6 674 664.7 654.9 645 634.4 623.1 611 598.2 585.1 572 558 544.8 530.7 517 502.7 493.8 480.6 465.6 449 437.3 420.5 409.7 399.9 390.7 379.6 373.8 363.3 361.4 351.2 352.7 344.7 342.1 341.9 340.9 339.8 339.7 340.7 342.7 344.6 346 347 348.8 351.6 353.4 356.9 356.7 358.2 360.4 363.1 364.9 367 370.1 374.2 378.9 383.2 387.9 393 400.1 406.9 414.6 422 429.8 437.7 446.2 455.3 465.5 476.1 484 485
-9999 -9999 -9999 -9999 -9999 -9999 -9999 -9999 642.2 629.6 616.2 602.6 589 575.1 561.7 548.3 534.2 522.1 499.3 494.3 479.7 465.8 450 435 420.7 402.9 389.1 378.9 366.3 353.7 341.2 331 319.4 310 303.1 297 291.8 288.5 285.6 282.7 282.9 284.3 291.8 293.5 295.8 300.9 306.5 316.3 320.5 323.9 327.4 331.2 335.2 338.4 340.8 350.6 352.9 355.7 358.2 361.3 365.8 370.8 375.1 380.7 386.9 393.1 399.2 405.6 413.1 418.1 425 433.7 442.5 451.8 463 472.2
660.8 656.9 651.3 646.5 -9999 -9999 -9999 -9999 -9999 595.9 576.4 561.2 551.4 536.9 523.4 509.6 496.3 483.8 470.3 456.7 443.3 429.3 415.1 397.7 384.3 370.1 355.8 341.9 326.7 314.5 303.7 292.9 282.9 273.7 265.4 258 250.9 246.2 244.3 243.7 244.2 246.5 250.4 258.6 266.4 274.4 287.3 295.5 303.1 308.6 314 318.7 323.3 328.4 338.2 340.5 342.5 344.8 346.6 350.3 354.9 357.7 362.6 362.6 367.8 373.3 379 385.7 393.8 400.6 409.1 417.8 426.4 435.3 444.8 454.8
617.8 611.7 604.9 598 594.3 589.9 584.3 577.1 566 551.9 537.5 524.1 510 496.3 483.2 470.6 458 445.8 433 420.2 406.6 393.1 380.1 367 354.3 338.7 323.4 308.6 296.7 286 275.4 265.6 255.7 245.3 235.2 227.1 220.2 215.8 213.6 214.7 222.9 228 238.5 245.2 253.1 261.3 270.2 278.8 286.3 293.3 299.7 305.6 310.3 314.9 318.5 322 324.8 327.4 330.2 333.6 337.5 341.9 346.6 351.5 356.5 361.8 367.5 373.7 380.9 388.3 395.8 403.5 411.1 422.1 429.6 437.1
549.5 556.1 549.3 542 535.5 529.9 524.2 519.3 510.6 498.6 487 475.8 465.1 454.4 443.2 431.4 420.7 409.3 396.7 385 370.8 358.4 345.8 333.5 326.5 310.5 300 289.8 276.2 266.4 256.6 247.3 238.7 231 223.8 217.8 218.3 214.7 213.7 215.3 218.9 223.9 230 236.3 243.7 250.8 257.5 265.6 271.8 278.8 279.1 -9999 -9999 -9999 304.6 308.3 312.1 317.5 318.8 323 327.4 331.3 335 340.6 346 351.7 356.5 362.9 369.2 375.5 382.3 -9999 -9999 -9999 -9999 -9999
487.7 484.1 482.8 481.6 475.8 469.7 462.9 456 450 445.2 439.7 432.3 423.6 412.1 401.4 390.7 381 371.3 361.6 352.2 340.9 331.1 321.8 312.9 304 294.5 284.1 274 263.7 264.9 248.1 242.2 236.8 232.8 228.8 225.4 222.1 218.8 220.3 225 227.2 230.6 233.9 237.7 241.9 246.3 250.7 255.2 260.2 265.7 270.3 274.6 280 -9999 -9999 -9999 -9999 -9999 -9999 -9999 -9999 -9999 -9999 -9999 -9999 -9999 -9999 -9999 -9999 -9999 -9999 -9999 -9999 -9999 -9999 -9999
393.3 394.1 393.3 391.7 391.1 387.6 383.4 379.6 377.5 376.1 373.2 369.8 362.7 359.3 352.2 345.8 338.5 332.3 325.4 318.3 311.7 305.4 298.9 292.5 285.1 277.5 270.2 262.7 256.4 251.9 247.7 245.5 240.7 237.9 234.9 231.8 229 227.4 227.1 228 228.2 229.7 231 236.1 244.6 247.1 248.1 251.9 255.4 258.7 261.6 264.6 268 271.7 278.7 -9999 -9999 -9999 -9999 -9999 -9999 -9999 -9999 -9999 -9999 -9999 -9999 -9999 -9999 -9999 -9999 -9999 -9999 -9999 -9999 -9999
300.1 301.8 303.5 305.1 306.5 305.1 307.1 306.3 305.5 304.4 303.6 302.1 300.5 298.1 296.1 293.7 291.2 284.8 284.4 281.7 278.7 275.6 272.2 268.6 264.1 259.6 260.8 252.1 249.4 247 244.6 242.9 239.9 236.8 234.3 232.3 231.8 231.1 231.7 232.6 234 232.5 235 236.9 239.6 242.2 245.3 247.3 254.3 256.8 260.7 263.2 265.8 268.7 273.4 276.4 280.6 283.5 287.4 291.6 295.8 299.7 -9999 -9999 -9999 -9999 -9999 -9999 -9999 -9999 -9999 -9999 -9999 -9999 -9999 -9999
220.1 223.3 226.1 228.5 229.9 231.5 232.7 237.3 236.2 237.9 239.2 240.4 240.7 238.7 238.9 237.9 237.4 239.6 239.5 239.6 239.8 240.1 239.6 238.7 239.5 236.7 233.7 233.5 235.4 234.1 232.6 231.8 232.2 230.3 230.4 229.6 229.4 229.4 232.7 230.9 231.8 233.2 234.7 238.9 238.4 240.2 241.7 243.6 246.2 248.6 251.7 -9999 -9999 -9999 -9999 -9999 -9999 -9999 -9999 -9999 -9999 -9999 -9999 -9999 -9999 -9999 -9999 -9999 -9999 -9999 -9999 -9999 -9999 -9999 -9999 -9999
155.5 159.9 163.9 167.8 169 170.4 171.9 173 175.2 178.9 181.8 185 187.7 189.7 190.6 191.6 192.7 193.9 195.6 197.2 198.9 200.1 202.4 203.7 205.4 206.7 207.7 208.6 209.3 209.9 211.1 212.7 213.9 214.7 215.8 216.8 219.5 219.5 221.1 222.8 224.9 -9999 -9999 -9999 -9999 -9999 235.3 237.4 239.2 242.5 244.9 246.2 -9999 -9999 -9999 -9999 -9999 -9999 -9999 -9999 -9999 -9999 -9999 -9999 -9999 -9999 -9999 -9999 -9999 297.5 299.8 301.4 304.4 -9999 -9999 -9999
106 108.1 118.8 116 120.5 124.4 126.2 132.5 134.9 133.9 136.8 137.8 139.1 142.1 146.5 150.3 152.2 157.1 159.3 158.8 162.4 163.3 164.6 167.1 168.8 171.2 174.2 176.9 179.7 182.1 184.7 186.5 188.6 191.3 193.6 195.6 198.1 200.3 203 205.4 208.4 210.1 212.7 215 217.5 -9999 -9999 225.4 226.9 230.6 -9999 -9999 -9999 -9999 -9999 -9999 -9999 -9999 -9999 -9999 -9999 -9999 -9999 -9999 -9999 270 271.6 279.4 281.3 -9999 -9999 -9999 -9999 -9999 -9999 -9999
72.4 75 84.6 87.5 82.9 87.1 90.1 92.8 95 97.1 98.7 99.9 109.9 112.6 108.5 112.5 116.1 119 121.9 122.9 125.2 127.5 131 133.6 135.9 138.9 142.2 144.7 147.7 151.5 153.3 155.9 158.9 161.7 164.9 167.3 170.9 173.4 176.6 179.5 182.6 185.5 188.7 191.3 194.6 197.9 200.5 203.4 206.5 209.4 212.3 214.1 218.8 220.9 224.8 227.2 -9999 -9999 -9999 -9999 -9999 -9999 -9999 -9999 -9999 -9999 -9999 -9999 -9999 -9999 -9999 -9999 -9999 -9999 -9999 -9999
52.1 54.6 56.8 58 60.1 61.7 63.1 65 67.3 69.1 71.6 74.5 76.4 77.2 81.2 80.4 83.5 87.8 90.4 91.6 94 96.4 102.8 105.3 105 108.3 110.9 114 116.7 118.6 121.9 123.8 127 130 133.1 135.9 139.9 142.8 145.8 148.5 151.5 154.8 157.9 160.8 165.4 168.8 171.9 173.6 176.8 180.2 183.3 186.4 189.5 192.7 196 199.1 -9999 -9999 -9999 -9999 -9999 -9999 -9999 -9999 -9999 -9999 -9999 -9999 -9999 -9999 -9999 -9999 -9999 -9999 -9999 -9999
38.5 39.9 41.4 42.8 43.7 44.6 46.1 47.9 50.8 52.2 51.7 53.6 55.5 57.2 58.8 60.3 64.3 63.5 65.8 69.2 70.5 73.2 75.5 77.5 79.6 81.9 84 86.1 88.8 91.5 94.1 96.8 100.1 102.2 104.9 106.9 109.5 112 114.2 117.2 120 123.3 125.8 129 131.5 134.8 137.7 140.5 143.5 146.8 149.6 152.8 156 159.8 163 165.6 168.9 -9999 -9999 -9999 -9999 -9999 -9999 -9999 -9999 -9999 -9999 -9999 -9999 -9999 -9999 -9999 -9999 -9999 -9999 -9999
33.2 33.9 34.8 35.5 36.1 37.7 38.7 39.5 40.3 41.3 42.8 43.7 44.6 46.3 47.5 48.7 50.2 51.7 53.1 54.5 56 57.6 58.6 60 62.4 64.2 65.4 67.2 68.9 71.1 72.5 74.5 76 78 80.4 82.3 84.3 87.1 89.3 91.8 93.3 95.6 97.6 99.4 101.5 103.5 105.5 107.2 109.9 112.2 114.7 117.2 119.7 122.4 125.2 127.7 130.5 133 135.8 139 142.1 145.6 148.5 151.3 153.4 155.5 157.6 159.3 161.5 164.2 166.7 169 171.3 -9999 -9999 -9999
26.8 25.1 26.4 26.8 26.7 26.5 27 28.2 29.9 30.3 30 32.5 31.6 32.2 31.7 36.1 34.2 35.8 37.7 39.6 41 41.1 41.4 42.4 44.6 46.5 48.8 50.9 52.4 52.6 53.3 53.7 54.6 56.2 58.1 60.6 63.2 65.6 67.5 68.3 69 70 71.1 73.8 74.7 76.5 76.2 77.7 79 80.7 82.3 84 85.9 87.9 89.6 91.4 93.4 95.5 98 101.4 104.4 107.7 111.1 113.7 115.4 117 118.7 120.3 122.8 126.1 129 132.2 135.2 137.2 138.1 139.4
19.3 20.1 20.7 21.1 20.8 20.6 20.4 20.3 20.9 20.9 21.6 22.5 23.5 24 23.8 23.7 23.5 28.8 29.6 25.7 26.9 28 29.6 30.6 32 33.7 35.3 36.8 37.8 37.9 38.1 38.5 38.8 39.6 41.6 43.5 45.4 47.5 48.6 49.3 49.7 50.3 51 51.8 52.3 53.2 54.3 55.1 56.2 56.9 60.6 61.2 62.1 63.3 64.5 65.6 66.7 67.7 69.8 72.5 75.4 78.3 81.1 83.4 84.6 86.1 87.5 88.8 91.2 94.5 97.4 100.7 103.7 106 107.4 108.4
15.1 15.3 15.3 15.9 15.8 15.5 16.1 15.7 15.9 15.7 15.4 15.6 16.2 16.5 16.9 17.5 17.3 20.6 20.7 20.6 21.3 22.1 22.4 22.6 22.8 24.8 23.6 24.7 25.8 26.8 27.9 28.4 28.3 29.2 31.8 33 34.4 36.1 36.8 37.3 37.4 37.7 38.2 38.7 39.1 39.5 40.1 40.8 41.2 41.7 42.5 43.4 43.8 44.4 45.2 45.9 46.7 46.2 47.6 49.9 51.9 54.1 56.6 58.3 59.5 60.1 61.1 62.2 63.6 66.5 69.2 71.5 74.2 75.9 77.1 78.2
15.9 15.8 15.8 15.8 16 15.7 15.9 15.7 16 15.8 15.7 15.7 16.7 17 15.4 15.6 16 16 16.4 16.3 16.6 16.9 17.4 17.5 17.4 17.7 17.5 17.4 17.7 20.4 20.3 20.5 20.3 20.6 21.6 22.5 23.7 24.4 25.5 25.5 25.7 25.8 26 26.3 26.5 26.8 27 27.4 27.4 27.9 28.2 28.6 29.1 29.2 29.9 30.3 30.6 37.4 38 34 35.7 37.7 39.4 40.8 41.4 42 42.6 49.3 50.6 46.6 48.5 50.7 53.1 54.4 55.2 56
13.9 13.9 13.5 13.3 13.9 13.8 13.7 14 13.8 13.8 13.7 13.6 13.5 13.4 13.2 13.3 13.4 13.6 13.6 13.3 13.2 13.4 14.4 13.3 13.5 13.7 13.7 14.1 14.4 14.3 14.5 15 15.4 15.7 15.7 15.5 17.3 15.9 16.5 17.3 17.9 18.7 18.9 19.3 19.2 19.2 19.3 19.7 20 20.1 20.1 20.3 20.5 20.8 21.1 21.3 21.5 26.1 26.4 23.5 24.8 26.1 27.6 28.2 29 29.3 29.6 34.9 35.8 32.5 34.2 35.7 37.3 38.5 39.1 39.8
11.5 11.5 11.3 11.2 11.2 11.4 11.4 11.3 11.4 11.3 11.3 11.3 11.3 11.1 11.1 10.8 11.3 11 11.1 11 11.2 11 11.3 11.6 11.4 11.3 11.6 11.7 11.6 11.6 11.6 12.4 11.7 11.8 12 12.3 12.3 12.4 12.4 12.2 12.2 14.1 12.8 13.4 13.6 14.2 14.3 14.4 14.6 14.6 15 15 15 15 15.2 15.4 15.5 18.7 18.9 16.7 17.5 18.4 19.4 20 20 20.2 20.6 24.6 25.3 22.5 23.8 25 25.7 26.8 27 27.7
9.3 9.3 9.3 9.3 9.2 9.3 9.2 9.2 9.4 9.3 9.3 9.2 9.2 9.2 9.2 9.2 9.2 9.3 9.3 9.2 9.4 9.3 9.4 9.2 9.1 9.1 9.5 9.5 9.6 9.5 9.7 9.7 9.8 9.7 9.8 9.8 10.5 9.5 9.8 10 9.9 9.9 10 10.2 10.2 10.2 11.3 10.3 10.8 10.9 11.4 11.6 11.6 11.8 11.9 12 12 14.2 14.2 12.8 13.2 13.8 14.3 14.5 14.6 15 15.2 17.6 17.9 16 16.8 17.4 18.4 18.9 19.4 19.6
7.4 7.4 7.4 7.4 7.4 7.5 7.4 7.7 7.7 7.6 7.5 7.4 7.4 7.4 7.4 7.6 7.6 7.6 7.6 7.6 7.6 7.6 7.7 7.6 7.5 7.6 7.7 7.9 8 8 8 7.9 8.3 8 7.9 7.9 8.1 8 8 7.9 7.9 8.2 8.6 7.9 8.3 8.2 8.4 8.2 8.3 8.4 8.5 8.4 9.3 9.3 9.3 9.2 9.2 10.6 9.8 9.9 10.4 10.5 11.1 11.2 11.3 11.7 11.5 13 13.2 12 12.2 12.9 13.4 13.7 13.8 13.9
6.3 6.3 6.4 6.5 6.1 6 6 5.9 6 5.9 6 6.1 6.1 6.1 6.1 6 6 5.9 6 6.1 5.9 5.9 5.9 6 6.1 5.9 6 6.3 6.2 6.3 6.4 6.2 6.2 6.2 6.2 6.2 6.1 6.1 6.1 6.6 6.7 6.4 6.4 6.6 6.5 6.5 6.4 6.8 6.9 6.6 6.6 6.8 6.9 7 7.2 7.1 7.2 7.2 7.3 7.4 7.4 7.5 8.3 8.5 7.7 8.1 8.2 8.3 8.5 9 8.9 9 9.2 9.2 9.3 9.3
5.8 5.7 5.7 5.7 5.6 5.6 5.6 5.4 5.1 5 5 5 5 5 4.9 4.9 4.8 4.6 4.6 4.6 4.5 4.5 4.5 4.5 4.9 4.9 4.8 5.1 5.1 5.1 4.8 5 5 4.9 4.8 4.8 4.7 5 5.1 4.9 4.9 5 4.9 5 5 4.9 5 5 5.2 5.1 5 5.1 5.3 5.2 5 5.2 5.2 5.6 5.6 5.5 5.6 5.8 5.7 5.9 5.8 5.3 5.3 5.7 5.7 5.6 5.6 5.6 5.8 5.9 5.9 6.2
