datasets/global_precipitation_1950_2017/rasters/precip_1986-total.asc
NCOLS 720 
NROWS 347 
XLLCORNER -180 
YLLCORNER -90 
CELLSIZE 0.5 
NODATA_value -9999 
[rows 102 to 135 of 347, columns 456 to 531 of 720]
267.1 280.7 335.8 354.8 303.4 262.4 185.8 153.2 261.3 557.6 445.3 180.2 100.9 118.4 118.5 110.9 106.9 104.6 110.6 114.3 113.6 113.9 112.4 109.8 104.1 96.3 95.5 108.3 116.3 116.2 125.8 142.1 164.7 190.6 206.4 209.6 243.5 287.9 258.3 210.6 182.8 195.2 221.9 229.9 223 218.9 230.9 242 262.8 353.5 411.2 501.1 665.1 863.4 1018.7 1454.1 2561.2 1997.9 1618.7 1545.9 858.6 724.9 358.9 148.4 161.7 168.8 169.3 164.3 192.8 218.5 229.8 232.3 243.3 229.8 204.8 243.4
242.1 258.2 384.2 371.2 328.9 258.7 187.2 157.9 169.8 204.9 192.9 97.1 53.5 90.9 76.7 66.5 64.9 79.1 98.9 110.6 115.7 113.8 105.2 95.2 84.9 74.8 69.1 73.2 81.7 90.6 108.3 118.9 119.9 177.6 183.1 188.5 225.6 269 264.6 230.9 187.5 176 190.8 221.3 229 266.1 205.1 228.6 295.7 358.2 319.9 445.7 608.7 624 765.2 1051.9 1635.6 1564.6 1016 1899 745.2 813.5 833 841.1 645.7 524.6 318.4 198.1 269.4 293.9 274.7 246.7 243.5 269.4 306.4 412.4
182.8 184.9 255.8 290.9 301.3 284.8 232.1 127.2 103.3 99.5 108.8 71.1 54.2 59 59.3 54.3 58.2 66.7 81.5 93.2 99.6 107.1 95.6 79.5 68.7 64.4 58.4 55.3 59.5 71.2 94.3 111 110.8 147.1 186 197.6 228.3 248.9 245.6 223 183.8 152.7 136 177.4 204.5 204 189.9 189.5 201.5 246.1 271.7 305.8 356.3 464.6 552.9 643.4 747 968.9 888.8 1037.4 887.3 928.3 1593.5 1893.3 1805.2 1248.5 360.4 235.5 475.7 511.7 379.1 284.9 283.4 435.2 640.1 852.7
174 179.2 205.7 221.2 302.7 292 266.3 183.2 136.5 121.8 125 90.4 59 41.8 43.1 42.5 51.3 68 76.8 83.3 90.4 92.3 81.4 67.5 63 64.5 68.5 63.1 62.8 68.3 80.8 106.7 125.4 150.3 186 218.8 251.3 271.1 257.9 239.1 196.4 162.2 161.4 188.9 180.8 158.7 154.5 158.8 174.4 206.9 229.5 269.5 309.2 406.3 436.2 549.9 613 696.4 1372.2 1465.9 1723.8 1457.8 1771 1982.7 1718.1 999.2 332 369.6 609.6 863.8 850.1 531.3 539.9 1003.5 1434.8 1707.1
144 164.2 190.6 248.9 288.9 289.1 263.1 238 230.8 217.9 211.9 217.1 148.1 50.3 46.4 39.1 47.2 71.6 90.3 84.3 84.6 87.8 79.4 66.6 66.3 65.9 65.2 65.1 65.6 66.5 71.8 88.4 102.7 112.8 144 189 224.3 245.6 246.1 253.7 222.8 187 233.2 278.4 214.5 126.7 132.5 140 154.3 195.1 216.8 262.2 275.2 323.3 342.1 426.8 576.5 673.1 1007.4 1503.3 2106 943.3 1362.7 1470 2041.7 1337.5 216.6 475.3 773.7 895.9 929.9 900.7 1249.2 2021 2157.3 2266.3
164.1 -9999 -9999 -9999 -9999 248.9 233 220.5 253 264.9 238.4 218.2 181.5 109 65 57.4 74.8 88.5 90.4 86.2 82.9 82.9 75.9 68.8 69.2 72.6 65.7 61.1 60.4 60.6 64.3 75.4 84.8 89.4 109.6 134.4 160.5 181.2 181.7 177.4 185.8 213.2 280.7 355.7 245.7 151.2 129.6 134.7 136.5 182.4 219.1 254.8 291.3 303.9 321.4 370.8 456.3 527 662.4 706.3 1040.9 1802.1 1418.7 1586.6 2112.9 1737.3 1257.6 798.3 702 936.2 917.4 787.6 746.3 1845.5 2107.1 2253.9
-9999 -9999 -9999 -9999 -9999 229 214.1 214.8 220.9 221.5 223.8 221.2 175 131.5 92.7 68.8 106.5 128.1 99.6 86.7 80.8 82.1 76.4 69.8 66.3 63.2 53.7 51.3 55.3 54.8 57.5 66 72.7 75.4 91.2 117.4 137.3 148.4 132.1 118.4 123.6 171.5 259.6 273.1 239.1 178.6 127.1 143.3 166.9 206.7 221.7 230.6 264.6 275.6 318.3 352.9 423.5 414.8 511.2 686.1 867.8 1057 1623.6 1882.4 1637.2 1436.4 1244.8 807 716.4 1047.5 994 691.7 781.7 1377.9 1778.9 2004.6
119.2 -9999 -9999 -9999 -9999 -9999 184.9 194.4 173.7 169.9 178.4 178.4 156.3 132.3 114.7 104.7 114.8 118.8 103.3 95.8 91.8 91.5 82.3 71.4 69 69.5 63.9 55.9 55.3 49.9 52.2 65.3 71.9 70.5 85.2 129.8 151 144.1 99.3 89.6 88.1 184.8 192.5 177.5 166.7 208.1 138.3 138.1 173.9 224.3 250.6 259.1 258.3 261 272.5 303.2 279.8 329.6 423 586.1 706.1 834.4 1147.1 1352.8 1826.4 1690.7 1486.3 1533.2 2513.4 1604.8 1307.6 405.9 1418.4 1399.7 1121.2 1093.1
86.8 -9999 -9999 -9999 -9999 -9999 -9999 178.8 175.6 169.2 144.7 142.8 151.9 142.2 125.1 120.6 127.6 127.8 120.8 110.6 99.8 96.3 90.1 82.4 82.7 93.7 122.7 87.3 68.5 62.1 65.6 76.4 81.5 84 114.7 167.8 190.4 200.8 131.5 87.2 70.5 258.5 160.1 115.4 100.3 120.1 113.2 136.8 193.2 263.3 306 275.3 267.9 295.6 323.6 356.7 312.7 288.6 372.2 534 697.3 753.8 807.5 1063 1446.4 1389.6 1141.2 1052 1587.5 1464.9 2069.7 2116.5 2255.7 1602.3 1302.1 1183.3
85.3 64.8 -9999 -9999 -9999 -9999 -9999 -9999 153.4 149.6 150.4 147.9 145.4 137.7 127.3 124.9 134.7 140.1 135.7 122.7 111.9 98.6 91.7 90 95.8 100.2 106.1 102.8 96 87 94.9 111.5 118.2 112.9 140.7 173 169.2 218.6 171.3 95.9 91.7 97.7 100.1 83.1 77.7 74.5 89.9 115.9 147.8 221.8 285.5 283.2 297.6 309 363.7 395.8 344.6 360.7 466.7 593.6 676.5 681.6 799.9 842.2 964.8 901.7 935.1 904 1403.8 1371.4 1835.7 1867.8 2096.9 2222.4 2221.3 1989.1
71.9 56 46.8 -9999 -9999 -9999 -9999 -9999 -9999 -9999 142 143.9 142.3 136.4 124.7 114.5 129.1 135.9 130.6 120.5 109.8 101.6 94.9 100.2 108.5 100.9 108.8 116.4 115.6 115.7 126.7 140.6 149.2 131.8 140 158.2 133.8 130.5 129.5 98.7 96.5 92.3 76.5 56.6 50.6 51.6 76.3 94 89.8 141.6 228.6 256.3 276 308.6 413.6 494.5 436.1 367.9 470.2 485.7 584 778.6 853.5 696 702.9 783.4 821.7 904.9 937.8 1224 1512.4 1467.3 1624.2 1660.7 1848.5 1698.8
59 48.8 41.3 35.4 -9999 -9999 -9999 -9999 -9999 -9999 -9999 152.1 142.9 139.8 -9999 84.1 -9999 -9999 107.6 105.2 109.8 111.3 102.9 106.4 112.5 116.9 121.6 136.2 139.7 138.1 137.3 131.2 116.5 119.3 131.5 151.8 143.5 125.1 99.6 103.1 106.3 94.6 72.7 45.4 46.2 66.4 79.7 104.6 121.4 177.8 260.1 275 268.8 278.2 379.7 435 525.3 496.3 529.3 598.1 674.3 731.7 766.1 751.3 763.8 795.8 857.8 902.5 892.8 1073.2 1155.6 1231.9 1389.2 1517.5 1491.7 1111.4
71.7 55.9 41.1 35.5 -9999 -9999 -9999 -9999 -9999 -9999 -9999 -9999 -9999 -9999 -9999 -9999 -9999 -9999 88.3 102.3 114.7 118.3 115.6 111.2 116.9 123.1 134.5 158.4 165.8 153.5 150.1 134 118.5 113.3 130.5 150.8 156.4 122.3 95 100.4 117.7 115.9 105 81.8 80.8 88.4 96.2 119.5 166.3 246.5 290.6 291.2 291.4 329.6 463.3 582.5 680.9 729.5 648.4 663.8 725.1 705 725.7 736 795.7 974.9 925.2 910.8 960.3 942 1025.4 1083.4 1168.5 1235.9 1165 1183.4
97.2 66.5 44.2 34.2 -9999 -9999 26.7 -9999 -9999 -9999 -9999 -9999 -9999 -9999 -9999 -9999 84.8 -9999 -9999 97.7 118.7 124.1 118.6 115.9 117.8 125.5 135.6 149.3 151.5 142.7 139.4 128.2 120.7 117.9 112.3 113.6 101 72.6 94.9 124.7 153.5 131.5 137.5 108.2 93.9 92.8 104.8 128.9 211.5 261.8 317.2 302.1 345 509.3 551.4 745.7 845.5 823.3 748 742.4 739.7 710.2 711.8 619.4 712.4 1026 1001.6 941 925.1 992.3 1039.1 1069 1148 1250 1115.3 1134.7
111.7 78.1 50.8 37.2 30 -9999 27.2 -9999 -9999 -9999 -9999 -9999 -9999 -9999 -9999 145 175.2 -9999 -9999 -9999 -9999 -9999 -9999 -9999 -9999 -9999 138 143.4 118.1 -9999 110.6 -9999 -9999 -9999 -9999 -9999 -9999 44.9 86.6 124.8 156.9 170.1 159.3 102.9 114 84.5 97.8 156.9 255.7 343.5 435.3 350 387.7 599.9 765.3 863.7 922.9 871.2 829.1 883.5 780.8 645.6 734.8 463.7 615 738.2 889.7 912.6 958.7 988.2 1052.7 1077.1 1080.3 1096.2 902.7 1264.2
111.2 86.1 59.4 43 33.3 29.5 29 -9999 -9999 -9999 -9999 -9999 -9999 112.3 118.8 161.7 164.1 -9999 -9999 -9999 -9999 -9999 -9999 -9999 -9999 -9999 -9999 -9999 -9999 -9999 -9999 -9999 -9999 -9999 -9999 -9999 -9999 -9999 -9999 114.3 140.5 158.2 153.5 135.7 131.8 132.7 162.4 140.8 296.7 656.7 414.7 361.5 528.7 601.4 814.1 1049.1 1250.7 1008.8 811.4 775.9 752.4 676.5 792.2 543.3 624.6 760 924.1 998.4 1031.9 1086.2 1136.1 1167.7 1144.3 1225.7 1273.1 1165.8
111.4 84.8 64.8 48.3 37.9 32.3 31.1 34 -9999 -9999 -9999 -9999 -9999 129.5 132.7 155.5 143.8 119.7 -9999 -9999 -9999 -9999 -9999 -9999 -9999 -9999 -9999 -9999 -9999 -9999 -9999 -9999 -9999 -9999 -9999 -9999 -9999 -9999 -9999 115.6 132.6 162.2 150.9 141.6 190 161.4 178 138.4 205.8 422.8 423.4 334.4 492.9 453.5 693.1 1117.1 1249.7 1110.9 1007 889.1 833.5 806.4 932.7 775.7 715.2 758 875.1 1101.3 1207 1163.5 1169.8 1274 1362.4 1364.5 1384.6 1374.7
105.1 85.3 66.8 52.2 41.4 35.6 34.1 37.6 47.1 72.3 114.8 138.8 138.5 140.1 143.7 138.9 126.4 137.1 148.9 145.5 -9999 -9999 -9999 -9999 -9999 -9999 -9999 -9999 -9999 -9999 -9999 -9999 -9999 -9999 -9999 -9999 -9999 -9999 -9999 -9999 150.6 158.4 202.3 212.4 274.6 229.2 213 189 216 281.1 444.1 400.1 586.2 809.1 918.7 1173.1 1233.4 1176.8 1242.3 1155.1 1026.5 800.4 830 815.5 852.3 1037.8 1013.1 1059.4 1374.6 1436.4 1378.3 1456.8 1451.4 1363 1361.7 1468.9
99.4 83.6 67.9 55.2 44.3 36.9 35.9 40.1 53 79.6 115.7 141.6 142.9 145.7 144.9 139.2 161.4 174 172.5 169 143 137.1 -9999 -9999 -9999 -9999 -9999 -9999 -9999 -9999 -9999 -9999 -9999 -9999 -9999 -9999 -9999 -9999 -9999 -9999 -9999 263.3 237.9 138.3 377.6 298.5 239.3 218.3 344.6 384 398.3 479.6 567.8 931.5 1084.6 1427.8 1393.5 1376.2 1507.6 1415.2 1243.3 1086.2 952.7 899.1 1143.6 1234.5 1079.8 1188.4 1409 1609.9 1641.1 1562.6 1477.7 1372.3 1326 1287.6
95.3 81.5 69.8 57.3 44.1 36.9 36.1 41.9 58.6 83.8 120.1 144.2 148.8 150.7 142 176.1 194.9 192.4 190.8 177.4 159.7 167.9 174.5 -9999 -9999 -9999 -9999 -9999 -9999 -9999 -9999 -9999 -9999 -9999 -9999 -9999 -9999 -9999 -9999 -9999 -9999 -9999 -9999 -9999 -9999 313.7 248.2 246.4 462.4 299.6 288.3 522.5 403.8 746.7 1017.5 1025.8 1168.8 1125.1 1445.5 1442.3 1508.7 1339 1099.3 1075.3 1184 1294.4 1254.6 1216.7 1322.5 1636 1710.5 1579.7 1461 1436.8 1337.2 1254.5
92.8 79.9 70.4 58.8 47.4 38.9 37.8 46.8 66.6 91.8 128.5 147.6 150.5 153.1 169.9 198 211.4 208.6 180.7 160.3 159.9 182.8 221.8 291.1 -9999 -9999 -9999 -9999 -9999 -9999 -9999 -9999 -9999 -9999 -9999 -9999 -9999 -9999 -9999 -9999 -9999 -9999 213.6 360.4 308.1 259.6 291.1 279.6 272.6 282 326.2 383.5 546.4 589.8 783.8 954.7 907.9 1060 1334.4 1410.7 1792.2 1675 1162.4 1378.2 1467.5 1464.1 1141.9 1155.6 1316.5 1575.7 1598.6 1647.5 1654.8 1572.7 1442.4 1348
89.5 79.2 69.3 60.6 50.5 42.2 44.6 54.8 75.5 103.8 132.4 144.5 145.7 155.7 183.3 201.6 189.5 165.5 138.3 127.2 130.9 149.1 208.4 -9999 -9999 -9999 -9999 -9999 -9999 -9999 -9999 -9999 -9999 -9999 -9999 -9999 -9999 -9999 -9999 -9999 -9999 -9999 -9999 441.9 469.5 476 394.3 354.1 -9999 412 552.9 457.6 416.4 614.1 616.9 741.5 705.7 1032.8 1324 1292.4 1161.1 1088.2 1190.9 1358.5 1664 1479.9 1214.2 1283.2 1348.8 1528.1 1703.3 1754.3 1766.8 1761.8 1679.5 1644.2
93.2 81.5 69.8 62.4 55.2 47.9 52.2 66.1 83.9 112.1 134.2 137 140.4 159.6 166.9 146.4 121.2 107 99.6 93 82 76 -9999 -9999 -9999 -9999 -9999 -9999 -9999 -9999 -9999 -9999 -9999 -9999 -9999 -9999 -9999 -9999 -9999 -9999 -9999 -9999 -9999 -9999 600.1 609.3 418.5 412.9 -9999 603.7 924.3 786.4 363.9 370.8 524.3 543.8 718.3 848.5 964.1 887.8 969.1 959.6 1182.3 1429 1610.7 1447.8 1400.4 1340.7 1503.8 1604.1 1594.5 1727.5 1755 1704 1820 1758.8
103.3 91 78.5 64.5 56 49.7 51.2 59.7 67.6 76.1 79.7 81.3 90.4 105.9 99.6 80.8 72.9 73.4 73.8 67.9 43.7 -9999 -9999 -9999 -9999 -9999 -9999 -9999 -9999 -9999 -9999 -9999 -9999 -9999 -9999 -9999 -9999 -9999 -9999 -9999 -9999 -9999 -9999 -9999 -9999 656.4 -9999 -9999 -9999 -9999 1414.2 1372.9 342.1 402.4 508.7 595.7 625 844.5 768 827.6 919.2 1022.8 1237.4 1602.2 1678 1587.7 1509.1 1399.7 1594.1 1549 1561.3 1708.2 1708.9 1697.6 1635.6 1871.2
119.4 104 90.6 76.7 61.2 54.1 58.2 62.9 63.9 64.5 63.8 63.1 63.8 65.6 60.7 49.3 48.5 52.1 59.1 60.9 -9999 -9999 -9999 -9999 -9999 -9999 -9999 -9999 -9999 -9999 -9999 -9999 -9999 -9999 -9999 -9999 -9999 -9999 -9999 -9999 -9999 -9999 -9999 -9999 -9999 -9999 -9999 -9999 -9999 902.3 1591.4 673.9 363.4 414.7 584.9 607.8 647.4 863.6 857.7 871.5 1003.8 1153.7 1349.2 1618.7 1971.2 1836.6 1591.8 1489.9 1433.7 1281.8 1437.8 1797.4 1778.9 1781.8 1824.8 1894.5
129.3 110.1 90.9 74.3 60.8 59.2 61.6 64.5 64.7 63.6 63.4 62.3 60.3 62.3 59.3 49.3 47.2 55.7 70.8 -9999 -9999 -9999 -9999 -9999 -9999 -9999 -9999 -9999 -9999 -9999 -9999 -9999 -9999 -9999 -9999 -9999 -9999 -9999 -9999 -9999 -9999 -9999 -9999 -9999 -9999 -9999 -9999 -9999 -9999 1150.4 1889.1 1336.3 244.4 369.7 483.7 540.5 668.4 773.5 804.6 824.7 1035.9 1215.9 1443.9 1748.4 1819.3 1766.3 1552.5 1440.1 1358.7 1285.6 1336 1510.4 1698.8 1687.2 1696 -9999
131.9 111.7 88.1 73.5 65.2 63.7 63.9 64.9 66.6 65.4 64.9 62.9 62.3 61.4 61.3 59.4 59.8 73.8 96.2 -9999 -9999 -9999 -9999 -9999 -9999 -9999 -9999 -9999 -9999 -9999 -9999 -9999 -9999 -9999 -9999 -9999 -9999 -9999 -9999 -9999 -9999 -9999 -9999 -9999 -9999 -9999 -9999 -9999 -9999 -9999 1870.6 422.4 316.2 383.7 513.2 632.9 641.6 690.1 759.7 870 1013.6 1202.8 1399.6 1781.9 1921.7 1813 1541 1434.5 1444.5 1573.9 1290.3 1533.6 1816.3 1583.8 -9999 -9999
131.1 106.2 87.7 74.7 67.8 66.8 68.5 67.6 66.9 65.6 65 63.3 63.4 63.1 62.6 65.7 72.5 89.4 -9999 -9999 -9999 -9999 -9999 -9999 -9999 -9999 -9999 -9999 -9999 -9999 -9999 -9999 -9999 -9999 -9999 -9999 -9999 -9999 -9999 -9999 -9999 -9999 -9999 -9999 -9999 -9999 -9999 -9999 -9999 -9999 3306.5 804.4 362.8 388.6 537.2 593.9 632.3 702.4 784.2 1026.9 1066.9 1158.6 1466.8 1627.5 1974.2 1845.5 1541.4 1445 1573 1667.6 1531.7 1731.5 1704 -9999 -9999 -9999
122.1 98.7 86.1 78.9 73.5 70.7 73.1 71.8 70.9 69.1 64.3 63.1 64.2 65.9 67.9 70.8 84 -9999 -9999 -9999 -9999 -9999 -9999 -9999 -9999 -9999 -9999 -9999 -9999 -9999 -9999 -9999 -9999 -9999 -9999 -9999 -9999 -9999 -9999 -9999 -9999 -9999 -9999 -9999 -9999 -9999 -9999 -9999 -9999 -9999 2348.5 728.5 326.2 397.8 530.5 602.3 687.8 694.8 822.6 997.7 992.9 1060.8 1204.1 1397.9 1593.5 1638.5 1496 1547.2 1504.3 1664.9 1462.5 1546.9 -9999 -9999 -9999 -9999
123.5 97.4 88.4 85.3 82.1 79.3 78.4 77.8 74.1 69.8 66.2 63.3 64.6 68.8 72 -9999 -9999 -9999 -9999 -9999 -9999 -9999 -9999 -9999 -9999 -9999 -9999 -9999 -9999 -9999 -9999 -9999 -9999 -9999 -9999 -9999 -9999 -9999 -9999 -9999 -9999 -9999 -9999 -9999 -9999 -9999 -9999 -9999 -9999 -9999 2210.7 1534.4 435.2 386.1 490.3 529.3 589.5 702.7 725.6 739.4 767.2 755 915.5 1168.8 1166.8 1248.6 1298.2 1318.3 1272.8 1352.3 1342.8 -9999 -9999 -9999 -9999 -9999
109.6 92.3 95.6 91.9 91.5 89.1 86.7 83.4 79.8 72.9 66.7 65.1 71.7 70.6 76.9 -9999 -9999 -9999 -9999 -9999 -9999 -9999 -9999 -9999 -9999 -9999 -9999 -9999 -9999 -9999 -9999 -9999 -9999 -9999 -9999 -9999 -9999 -9999 -9999 -9999 -9999 -9999 -9999 -9999 -9999 -9999 -9999 -9999 -9999 -9999 1893.1 1986.8 424.1 374.1 433.7 458.6 523.6 711.8 712.5 707.3 658.9 662.1 719.2 813.3 936.2 1048.2 1054.1 1105.2 1017.3 -9999 -9999 -9999 -9999 -9999 -9999 -9999
94.4 89.6 97.7 99.1 102.1 101.3 98.2 94.6 89 79 72.2 -9999 -9999 -9999 -9999 -9999 -9999 -9999 -9999 -9999 -9999 -9999 -9999 -9999 -9999 -9999 -9999 -9999 -9999 -9999 -9999 -9999 -9999 -9999 -9999 -9999 -9999 -9999 -9999 -9999 -9999 -9999 -9999 -9999 -9999 -9999 -9999 -9999 -9999 -9999 -9999 3040.3 715 408 432.1 427.3 482.5 652.6 678.5 745.1 681.4 618.7 675.3 712.5 799.4 812.7 842 1007.8 986.9 -9999 -9999 -9999 -9999 -9999 -9999 -9999
91 87.9 86.4 102.7 112.4 116.3 114.2 110.7 103.7 -9999 -9999 -9999 -9999 -9999 -9999 -9999 -9999 -9999 -9999 -9999 -9999 -9999 -9999 -9999 -9999 -9999 -9999 -9999 -9999 -9999 -9999 -9999 -9999 -9999 -9999 -9999 -9999 -9999 -9999 -9999 -9999 -9999 -9999 -9999 -9999 -9999 -9999 -9999 -9999 -9999 -9999 3185.6 846.3 434.3 399.7 446.7 516.9 549.1 657.3 657.4 631 654 680.9 723.6 798.7 848.5 -9999 -9999 -9999 -9999 -9999 -9999 -9999 -9999 -9999 -9999
82 75.1 71.9 95.9 121.2 135.1 134.5 127.6 -9999 -9999 -9999 -9999 -9999 -9999 -9999 -9999 -9999 -9999 -9999 -9999 -9999 -9999 -9999 -9999 -9999 -9999 -9999 -9999 -9999 -9999 -9999 -9999 -9999 -9999 -9999 -9999 -9999 -9999 -9999 -9999 -9999 -9999 -9999 -9999 -9999 -9999 -9999 -9999 -9999 -9999 -9999 2144.8 1733.8 658.3 469.7 535.9 572.9 569.4 602.6 570.6 554.3 644 662.4 814 969.5 -9999 -9999 -9999 -9999 -9999 -9999 -9999 -9999 -9999 -9999 -9999
