datasets/global_precipitation_1950_2017/rasters/precip_1988-total.asc
NCOLS 720 
NROWS 347 
XLLCORNER -180 
YLLCORNER -90 
CELLSIZE 0.5 
NODATA_value -9999 
[rows 68 to 101 of 347, columns 152 to 227 of 720]
305.2 386.3 359.4 410.4 424.8 418 406.5 394.4 302.7 319.7 259 294.2 365 353.6 397.9 440.4 506.4 540.2 534.4 555.5 591.6 663.4 710.5 723.8 767.3 659.3 698.9 692.9 772.8 866.2 968.7 1076 903.5 826.1 856 884.1 854.8 796.5 734.5 786.1 865.1 936.9 950.8 1001.7 1040.4 1078.9 1072.5 1000.1 949.3 931.9 992.4 1021.1 1054.4 1075.8 1080.4 1085.6 1074.4 1047.8 1016.8 941 712.1 553.7 928 1009.8 1030.5 1155.3 1181.2 1129.8 1049.2 1062.4 1099.8 1134.3 -9999 -9999 -9999 -9999
285 293.7 300.2 349 335.2 367.9 341.4 316.2 271 252.5 227.7 230.4 287.1 300 417.2 417.2 427.7 514.7 553.1 620.8 711.5 745.4 930.2 895 817.4 766.9 707.2 687 751.7 721.1 774 825.7 806.5 716.7 863.2 1073.6 835.9 874 893.2 896.4 913.1 920 941.5 972.2 988.1 1007.1 1050.9 985.6 950.6 1082.7 1000.2 1094 1104.6 1135.1 1142.5 1146.2 1103.3 1028 999.5 993.4 952.7 944.8 1019.8 960.5 1088.1 1090.3 1110.8 1139.7 1095.8 1161.2 -9999 -9999 1029.5 1132 1139.5 1196.4
256.2 228.9 279.9 294 273.5 316.1 284.6 261.9 237.2 245.9 217.7 254.9 335.6 349.6 388.4 398 395.9 434.6 569.3 592.6 630.2 685.8 747.5 785.8 793.1 724.4 639 718.9 827.9 691.8 631.8 657.2 788.6 866.6 910.8 938.7 964.5 1030.8 1106.9 1031.2 971.7 906.5 905.7 918.2 989.8 1024.6 1014.4 1035.1 1043.7 997.1 1009.9 1050.6 1048.7 1220.1 1223 1192.4 1108.6 1024.5 981.7 991.5 1012.6 1066.2 1051.1 1140.8 1245.2 967.3 923.1 1068.1 947.1 -9999 900.2 1069.8 1093.1 1043.8 1085.5 937.3
249.2 235.7 228.1 185.5 174.2 225 232.5 209.8 182.8 223.8 282.6 377.1 372.7 368.8 381.1 421.8 452.6 604.7 567.1 596.7 684.5 704.3 701.2 689 790.7 741.2 778.2 364.3 653.9 749.5 803 825.9 813.3 770.7 776.8 877.7 987.5 1099.6 1130.5 1109.6 977.2 949.3 979.9 980.9 995 984.9 936.4 919.9 839.3 1163.1 1054 1025.4 1108.6 1207.6 1209.9 1158.2 1088.9 1034.6 982 890.7 930.5 1008.2 1042.4 1014.9 1161 1279.9 975.2 981 -9999 1005.9 1037.6 1075.1 1050.4 912 896.8 977.8
163.6 197.7 219.8 256.4 306.4 245.2 227.5 247.9 249.8 252.6 275.1 341.3 299.4 352.5 416.6 476.8 534.9 749.9 682.4 645.9 627.8 613.8 656.3 693.9 730 782.4 739 664 739 950.3 1038.8 995.4 854 791.4 754.9 685.6 723.7 988.7 1310.6 1485.5 1186.7 1017.5 995.2 1013.5 996.1 958.9 938.7 963.2 1089.6 1060.1 1116.8 1116.8 1095.5 1129.6 1096.2 1055.9 1108.6 1186.1 1069.5 885.2 906.4 997.8 914.5 1036.1 1358.1 1483 1118.9 -9999 962.8 965.9 850.4 820.9 922.6 952.6 918.7 945.9
199.5 248.6 231.4 272.6 306 278.3 272.1 204.4 250.1 233.3 348.5 359.9 355.2 323.1 419.9 497.8 599.5 593.9 618.1 679.7 676.9 609.1 668.6 739.6 707.2 667.5 839.8 674 781.4 869 818.8 842.3 777.9 858.8 884.1 783.5 779.4 875.8 949 1053.8 1070.1 1137.2 1077.4 1017.5 957.9 953.9 1042.8 987.8 1036.5 1116.5 1106.6 1009 893.3 914.8 1020.4 1041.6 1030.5 1094 1053.1 945.9 901.3 931.7 937.9 1029.8 1060.7 1073.3 1060.9 1025.7 794 618.2 745.3 703.5 911 944.5 985.4 1081.1
184.9 223.7 241 286.6 273.3 272.2 302.5 232.5 282.6 301.8 324.1 364.8 412.9 435.5 502 438.3 497.9 580.9 586.8 605.1 606.2 614 657.8 674.6 682.6 733.1 721.7 722.4 685.5 787.9 788.6 736.5 824 874.3 878 836.5 883 954.5 911 912.6 960.3 961.5 960.2 890.8 892 948.3 976.3 1032.9 1034.6 1155.5 1126.2 880.4 892.3 898.2 940.6 987.3 1034 1059 1068.6 1187.6 1036 872.2 798.8 860.7 1059.3 1094.3 903.5 997.7 836.9 745.7 873.7 833.7 838.8 892.3 826 922.8
238.2 234.9 256 248.8 267.7 283.7 323.9 258.2 225.3 276 355.4 461.1 464.9 512.4 509.1 474 473.4 535.8 515.8 473.4 518.2 547.7 637.8 610.8 643.3 598 631.9 662.2 673.4 707.8 675.4 615.6 713.9 567.1 685 623.2 794.8 785.7 838.7 838.2 804.1 791.4 686.6 773.6 906.3 934 1043.9 1130.1 1067.2 1148.7 977.7 864.2 847.4 964.6 851.8 881.6 998.1 1076.4 1071.6 1107 837.3 836.9 863.2 854.9 1025.2 1079.4 990.7 899.2 907.7 919.6 912.8 897.1 1037.4 1070 1040 1062.6
204.1 284.9 288.3 215.7 244.4 304.6 314.1 290.8 297.4 301.4 424.5 462.8 523.9 449.4 437.3 419.3 475.3 490 468.9 431.8 435 586.4 639.3 616.2 560.3 557.5 581.3 627.3 732.7 687.2 693.9 661.6 579.4 581 644.7 793.2 884 874.9 858.9 756 741.1 715.1 743.6 852 829.3 985.5 1109.5 1154.6 1216.9 1133 1067 912.8 776.2 730.7 685 823.5 830.1 849.4 862.2 790.7 771.5 818.5 1020.5 1001.7 976.1 1159.6 1024.1 852.1 934 972.6 905.4 975.9 1083.1 994.1 1284.5 1297.2
310.5 291.2 313.2 263.5 297.2 294.8 296 327.1 344.6 381.4 417.7 457.1 426.4 414.8 467 495.5 455.6 447.2 396.8 471.1 466.7 566.5 554.9 619.4 571.4 524 541.2 551.5 572.1 534.7 609.7 632 608.6 637.6 761.8 935 863.2 817.1 967.5 754.5 676.6 707.8 704.3 898.6 1017.4 1135.9 1206.7 978.5 850.2 1015.1 811.7 844.1 795.9 782.2 809.4 695.3 794.7 954.1 849.5 1107 679.2 664.2 1029.6 884.5 933.4 969.7 975.6 989.7 863.4 884 873.6 994.6 1224.8 1187.5 -9999 -9999
525.2 288 298.4 338.3 344.2 350.4 282.1 329.1 357.9 387.3 453.8 444.5 467 493.4 409.8 486.5 480.5 396.1 413.5 427.3 471.5 537.9 590.6 649.7 616.8 654.4 656.7 632.7 641.3 737.4 676.9 659.8 613.9 594.9 828.8 727.2 892.1 845.2 766.7 814.1 729.8 725.1 725.2 938.5 1147.7 1192.1 1024.1 936.1 749.7 759.6 846.7 702.8 677.7 689.9 743.2 777 853.1 1020.1 999.3 838.4 744.1 794.3 855.7 794.7 961.9 2610.5 980.6 1197.7 908.7 1025.7 -9999 -9999 -9999 -9999 -9999 -9999
331.5 295.8 287.2 330.3 363 411 371.6 363.3 435.2 490.1 440 450.6 478.5 549.4 534.8 475.7 536.1 503.3 510.2 495.9 513.6 568.1 613 592.8 669.4 662.3 690.8 605.6 671.7 839.5 618.4 707 449.4 619.2 911.7 931.2 891.9 881.2 717.6 707.5 648.3 702.8 741.3 799.3 894.3 1128.7 900.1 805 595.1 696.2 773.1 744.5 748.2 770.4 846.3 1040.5 1492.7 859.8 905.2 852.8 815.8 737.8 910.6 740.9 833 1014.4 1184 1125.7 -9999 -9999 -9999 -9999 -9999 -9999 -9999 -9999
322.6 350.9 374 392 365.9 442.3 411.9 473 629.3 681.3 569.6 553.1 438.3 493.7 475 547 627 568 464.7 575.8 638.4 639.3 597.1 566.7 598.4 583.6 576.4 473.5 636.8 655.3 683 694.3 725.8 714.3 898.7 934.3 910.7 908.9 730.5 751.9 783.6 691.4 570.1 687.9 848.4 842.3 819.9 832.6 645 477.7 613.8 667.4 596.8 730.5 846.5 924.7 1079.3 1245.5 1113.4 1014.1 978.2 784.9 1007.2 906.5 1035.1 1010.4 1203 -9999 -9999 -9999 -9999 -9999 -9999 -9999 -9999 -9999
312 410.2 461.9 457.3 431.9 448.8 493.4 467.5 673.7 651.3 559 526.3 482.5 492.6 566.3 538.1 706.5 734.1 657 665.2 583.5 707.2 553.2 520.2 569.5 518.2 466.7 558.6 570.9 658.4 663.7 727.1 728.5 726.3 845.3 825.4 926 857.4 920.5 755.9 704.4 680 656.2 670 734.3 922.4 865.1 783.6 717 856.2 913.6 839.6 654.8 656.5 675.1 875.6 782.9 862.8 902.8 801.7 738.3 1047.1 1193.8 1072.9 1158 963.8 -9999 -9999 -9999 -9999 -9999 -9999 -9999 -9999 -9999 -9999
330.4 378.1 414.3 423.1 489.2 621.1 411.4 600.6 629.7 574.1 477.6 535.8 554.2 523.4 621.9 580.9 571.1 695.4 661.2 556.3 516.5 419 471.8 424.3 516.9 484.8 501.6 517.8 544.6 594 691.1 686.3 786.9 772.4 739.9 833.1 920.4 841.2 972.2 821.8 988.4 578.3 660.2 596.4 669.7 741 809.7 975.7 1065.8 1138.3 1128.2 793.5 769.1 634.4 760 869.1 849.2 893 848.1 845.1 790.3 1097.2 1098.3 994.8 956.9 1094.6 -9999 -9999 -9999 -9999 -9999 -9999 -9999 -9999 -9999 -9999
383.9 407.5 449.9 447.1 492.2 490.8 532.6 643.4 632.1 569.6 552.1 581.1 520.5 459.3 585.7 519.9 495.6 530.1 526.1 600.4 553.2 474.7 442.1 465.6 511.6 555.3 557.5 491.3 515.6 659 715.2 811.5 723.1 820.5 899.2 996.7 915 874 838 927.8 750.9 621.2 467.2 643.1 717.3 753.8 772.7 1080 1006.4 961.5 960 787.4 825.3 520.2 629.9 685.2 809 923.3 754.4 1008.8 1010 1095.5 955.6 1157.4 1059.6 989.5 1085.7 -9999 -9999 -9999 -9999 -9999 -9999 -9999 -9999 -9999
443.5 408.9 455.2 477.3 493.1 470.6 507.4 586.6 571.5 512.4 564.3 654.7 497.7 516.5 574.8 494.9 531.1 493.8 403.5 465.6 451.5 584.7 451 442.4 452.4 530.5 533.8 658.5 587.4 612.9 622.6 695.6 722.8 826.5 897.1 927.5 907.8 794.2 738.9 720.1 573.1 678.9 607.4 685 823.1 855.9 813.4 922.3 929.9 854.6 803.5 811.7 815.9 787.7 925.1 1098.5 922.3 1059.2 990.9 1039.2 1010.9 947.8 -9999 -9999 -9999 -9999 -9999 -9999 -9999 -9999 -9999 -9999 -9999 -9999 -9999 -9999
306.7 381.7 397.4 458.8 492.5 551.5 510.3 579.6 552.4 439.2 453.5 517.6 488.4 516.1 550.9 492.5 595.6 402.5 412.2 426.1 445.2 488.8 479.9 580.7 533.1 510.4 594.6 596.2 591.2 671.8 501.2 572.2 832.8 723.4 818.6 748 764.4 732.4 681.7 655 645.2 658.5 777.4 796.6 857.5 774.3 736.2 675.5 701.1 763.9 881.8 842.6 774.7 910.9 863.4 1017.7 1090.3 993.6 1216.3 1026.6 1032.9 1113.4 -9999 -9999 -9999 -9999 -9999 -9999 -9999 -9999 -9999 -9999 -9999 -9999 -9999 -9999
240.5 462.2 454.2 380.9 449.8 561.7 542.4 523.7 534.6 482.9 506.5 465.9 436.3 454.8 356.3 469.6 437.1 368.9 404.9 463.7 396.2 502.4 475.3 458 462.9 523.6 635.4 620.8 545.3 576.8 553.6 736 834 749.1 754.3 764.4 782.9 705.3 719.9 722.8 771.4 767.4 999.2 843.7 806.7 824.9 782.4 845.8 820.9 1070.8 1067.6 913.1 797.8 745.8 897 983.4 1040.8 1265.5 1057.7 1022.8 -9999 -9999 -9999 -9999 -9999 -9999 -9999 -9999 -9999 -9999 -9999 -9999 -9999 -9999 -9999 -9999
384.3 435.1 359.3 382.2 460.9 512.1 436.1 449.9 411 432.6 542.4 390.2 484.8 421.1 450.6 430.9 470.4 410.1 523.5 584.6 556.9 574.1 533.6 495.9 556.6 598.5 763.4 710.8 639.1 653.1 644.4 747.5 863.8 888.1 848.1 795.3 840.3 800 785.9 877.3 902.5 941.8 918 965.3 908 931.3 975 908.4 976.5 1126.4 829.2 851.1 774.1 817.2 880.9 1024.7 1055.5 992 921.8 920.9 -9999 -9999 -9999 -9999 -9999 -9999 -9999 -9999 -9999 -9999 -9999 -9999 -9999 -9999 -9999 -9999
338.9 410.1 377.5 289.2 517.2 420.3 402.7 422.5 379.4 396.7 365.1 401.9 382.6 413.6 488.8 518.2 476.1 505.6 597.4 666.8 718.8 656.7 602.2 692.6 703.5 732.2 874.6 775 819.4 793.9 749.8 895.6 916.9 840.9 801.6 929.7 930.1 977.7 942.9 864 968.2 832.7 816 778.9 790.9 881.5 848.4 847.8 1066.1 789.2 776.4 888.2 916.5 1082.5 1095.1 -9999 1008.8 -9999 925.5 -9999 -9999 -9999 -9999 -9999 -9999 -9999 -9999 -9999 -9999 -9999 -9999 -9999 -9999 -9999 -9999 -9999
309.8 324.4 262.8 388.9 419 344.2 319.6 392.9 320.3 341.1 323.5 382.1 416.9 464.8 421.4 455.9 607.7 715.7 750.8 717.4 648.2 766.3 796 806.5 854.4 791.5 858.1 841 814.3 909.6 935.7 973.7 637.4 863.3 873.3 1043.4 1081 1022.3 974.5 850.9 968.2 818.4 867.1 774.8 834.4 902.7 850.1 1149.9 1061.3 539.7 672.2 819.2 807.2 757.7 906.1 -9999 974.6 934.9 -9999 -9999 -9999 -9999 -9999 -9999 -9999 -9999 -9999 -9999 -9999 -9999 -9999 -9999 -9999 -9999 -9999 -9999
255.9 290.3 295.2 380 385.6 349.8 357.4 320.4 368.1 350.8 362.1 442.1 528.5 569.9 536.6 574.2 746.4 792.4 867.8 861.3 854.6 939.9 1065.4 997.9 922 948.8 881 911.9 954 1008.6 963.9 992.4 976.2 958.5 1132.2 1036.3 923.4 1063.1 1006 918.2 1096 1087.9 930.2 1018.8 895.2 749.8 936.6 919.8 852.4 733.8 674.8 771.2 903.2 922.5 916.2 -9999 991.1 891 -9999 -9999 -9999 -9999 -9999 -9999 -9999 -9999 -9999 -9999 -9999 -9999 -9999 -9999 -9999 -9999 -9999 -9999
347.6 342.7 347.8 368.8 339.9 337.3 360.1 425.3 380.9 399 469.4 611.3 614.9 527.8 600.9 738.4 768.4 944.3 1002.3 1103.6 1124.6 1027.5 828.4 898.2 1025.1 950 1008.8 900.2 836.6 779.5 1009.2 1047.2 943.5 973.7 1172.1 1191.3 1119.8 1200.7 1114.8 930.2 1105.3 927 771.9 848.5 937.1 829.1 799.4 780.8 761.4 829 836.6 792.7 897.6 945.6 906.3 -9999 885.4 -9999 -9999 -9999 -9999 -9999 -9999 -9999 -9999 -9999 -9999 -9999 -9999 -9999 -9999 -9999 -9999 -9999 -9999 -9999
409 434.9 393.7 371 381.1 406.4 434.2 381.7 448.7 545.4 509.5 498.6 559 473.1 650.9 835.3 952.3 1002.9 1072.5 1039.5 1132.2 1177.6 1244 1154.9 1002.9 996 1021.2 1086.8 1140.8 1105.9 1078.9 1150.3 1041.3 1203.3 1321.6 1231.8 1213.1 1201.2 1146.1 1082.6 1017.8 931.5 876.7 819 795.3 769.4 615.2 654.6 833.6 841.9 911.1 922.6 945.9 906.2 945.2 -9999 -9999 -9999 -9999 -9999 -9999 -9999 -9999 -9999 -9999 -9999 -9999 -9999 -9999 -9999 -9999 -9999 -9999 -9999 -9999 -9999
465.5 407.9 477.3 493.4 456.4 456.8 510.3 475 531.9 543 569.5 551.8 689 690.9 835.2 924.1 957.2 956.6 964.5 1022 1093.6 1047.5 1128.4 1097.2 1171.6 1199.6 1241.3 1203.1 1200.9 1247.9 1208.5 1339 1235 1207.3 1072.3 1172.2 1164.3 1102.2 1144.9 1164.4 1065.3 978.6 1051 902.9 799.1 635.9 766.9 910.1 946.6 987.4 988.9 914.3 860.8 1023.4 1044.3 1042.6 -9999 -9999 -9999 -9999 -9999 -9999 -9999 -9999 -9999 -9999 -9999 -9999 -9999 -9999 -9999 -9999 -9999 -9999 -9999 -9999
458.1 369.7 422.3 410.5 431.3 485.2 484.4 565.8 543.8 489 565 684.7 757.9 846.6 995.8 890.7 889.2 945.7 979.5 987.7 1100.1 1041 1128.3 1160.6 1167.5 1244.7 1186.8 1309.9 1216.6 1395.8 1371.5 1196.7 1272.7 1103.5 950.3 1081.7 1135.2 1201.9 1178.2 1045 950.7 1011.7 830.4 870.2 592.8 929.1 852.2 885.9 922.9 971.9 964.3 927.2 973.3 1044.9 1102.1 643.8 -9999 -9999 -9999 -9999 -9999 -9999 -9999 -9999 -9999 -9999 -9999 -9999 -9999 -9999 -9999 -9999 -9999 -9999 -9999 -9999
445.4 442.3 531.3 493.1 506.2 504.8 583.2 523.8 489.5 573.8 726.1 709.5 790.2 779.2 841 836.5 957 904.2 786.8 967.6 1142.2 1208 1219.3 1267.3 1138.5 1201.9 1231.4 1169.3 1050.1 1428.6 1398 1239.4 1303.2 1122.5 1112.4 1086.8 1036.2 1125.1 1184.6 968.4 1008.7 1226.7 806.4 1462.2 817.9 914.2 986.8 1025.5 950.4 986.9 959.7 1045.7 1011.2 1013.7 971.7 975.2 760.8 -9999 -9999 -9999 -9999 -9999 -9999 -9999 -9999 -9999 -9999 -9999 -9999 -9999 -9999 -9999 -9999 -9999 -9999 -9999
474 591 539.3 546.8 697.9 557.7 556.1 702.9 632.1 604 630.4 676.6 766.2 870.9 801.9 1023.5 866.2 761.3 844.5 876.2 1010.9 1135.8 1170.4 1220.3 1135.1 1191.9 1154.1 1182.7 1465.7 1377.5 1356.5 1205.5 1353.7 1186.3 1158.8 1245.6 1333.6 1297.2 1006.6 1171.9 1348.3 1041.1 1031.8 1002.6 927.5 908.2 910.7 976.7 986.4 1063.9 1115.4 1073.3 1011.2 1098 1057.6 -9999 -9999 -9999 -9999 -9999 -9999 -9999 -9999 -9999 -9999 -9999 -9999 -9999 -9999 -9999 -9999 -9999 -9999 -9999 -9999 -9999
612.5 547 520.8 511.1 589.2 549.7 492.9 401.3 546.2 568.9 706.3 624.1 803.6 530.8 705.5 746 769.6 915.2 1024.1 1141.7 1038.3 1149.1 1183.8 1226.7 1053.4 1015.1 1260.2 1244.8 1252.2 1338.9 1211.7 1118 1030.1 1095.6 1207.3 1263.4 1072.8 1036.4 1136.9 1262.7 1611.7 1023.3 913.7 904.5 934.2 951.2 1015 974.2 863 796.1 1041.9 1113.4 1151.7 1236.2 -9999 -9999 -9999 -9999 -9999 -9999 -9999 -9999 -9999 -9999 -9999 -9999 -9999 -9999 -9999 -9999 -9999 -9999 -9999 -9999 -9999 -9999
484.6 520.1 520.2 513.8 614 547.6 512.2 487.2 572.7 507.8 532.1 581.6 760.5 663.5 675.1 708.3 799.8 963.7 1127.7 1293.7 1247.2 1287 1296.9 1200.9 1084.3 1128.7 1093.9 1054.8 1115.9 1194.2 940.2 1159.3 1175.3 1229.5 1268.9 1277.6 1240.1 1013.4 857.6 1084.2 964.7 934.1 914 836.7 1092.5 941.5 859.6 979.8 968.8 1037.8 979.2 1184.5 -9999 -9999 -9999 -9999 -9999 -9999 -9999 -9999 -9999 -9999 -9999 -9999 -9999 -9999 -9999 -9999 -9999 -9999 -9999 -9999 -9999 -9999 -9999 -9999
484.4 453 537.6 452.1 394.1 440.7 462.3 434.6 512.2 598.5 489 527.1 651.4 693.3 667.3 884.1 851 905.3 1033.1 1086 1156.1 1187.6 1055.6 1135.1 1217.3 950.8 941 1166.5 1038.9 1071.4 1061.6 1249.7 1310.5 1103.3 1237 1259.6 1115 1029.8 910.6 1062.2 1111.2 913.8 961 991.6 1074.4 991.8 897.4 1069.8 940.1 1120.4 -9999 -9999 -9999 -9999 -9999 -9999 -9999 -9999 -9999 -9999 -9999 -9999 -9999 -9999 -9999 -9999 -9999 -9999 -9999 -9999 -9999 -9999 -9999 -9999 -9999 -9999
399.4 418.7 527 429 461.1 401.2 384.7 502.1 519.9 514.2 535.4 690.5 634.2 675.2 714 856.7 988.8 1001.2 1222.1 1090.3 1005.2 1213.6 1085.4 1165.8 1276.5 1029.4 1080.1 1215.6 1143.1 1085.5 1118.4 1195.5 1277.6 1147.4 1217.8 1260.6 1330.9 1190.7 1098.5 1093.5 872.1 1051.2 1034.2 1009.1 1079.5 989.6 797.1 1025.8 1038.4 1210.4 -9999 -9999 -9999 -9999 -9999 -9999 -9999 -9999 -9999 -9999 -9999 -9999 -9999 -9999 -9999 -9999 -9999 -9999 -9999 -9999 -9999 -9999 -9999 -9999 -9999 -9999
359.9 372.4 425.1 544.9 548.9 404.6 472.6 489.7 476.1 389.1 459.9 689.9 677 576.3 648.1 694.4 896.9 984.4 898.5 1022.3 963.5 1021.3 1103.1 1151.3 1138.1 1170.3 1061.3 1180.6 1189.3 1246.8 1257.2 1268.1 1169.9 1310.7 1299.1 1282.3 1184.7 1133.1 1024.5 1033.1 1054.7 1023.5 989.7 885.9 992.8 1248.8 1165.6 1082 -9999 -9999 -9999 -9999 -9999 -9999 -9999 -9999 -9999 -9999 -9999 -9999 -9999 -9999 -9999 -9999 -9999 -9999 -9999 -9999 -9999 -9999 -9999 -9999 -9999 -9999 -9999 -9999
