datasets/global_precipitation_1950_2017/rasters/precip_2000-total.asc
NCOLS 720 
NROWS 347 
XLLCORNER -180 
YLLCORNER -90 
CELLSIZE 0.5 
NODATA_value -9999 
[rows 306 to 339 of 347, columns 532 to 607 of 720]
611.8 642.3 670.9 695.4 718.1 740.1 759.1 779.4 798.9 813.3 828.7 841.7 852.8 861.7 867.5 871.6 873.7 876.7 877.1 873.8 870.9 866.6 861.6 853.8 844.1 833.2 820.6 807.9 794.2 778.9 763.3 750.4 733.4 717.5 701 685 670.7 653.9 639.1 628.3 613 601.4 591.2 582.2 574.5 567.5 561.8 557.2 550 548 548.4 546.9 549.3 550.8 550.7 556.9 554.4 558 566.1 568.3 571.5 574.8 578.4 583.4 587.4 591.8 595.7 599.2 602.1 606.5 611.3 611 614.1 617.2 620.8 623.7
573 591.3 619.4 645.2 666.1 687.9 704.7 724.2 742.8 758.9 773.3 786.4 798.2 808.4 815.3 822.2 828.6 833.9 835.8 834.7 832.2 829 825.4 819.6 812.7 803.9 793.2 780.5 767.5 755.8 741.7 725.1 710.4 696 681.8 667.2 650.6 633.4 619.9 610.9 602.3 591.4 580.1 571.5 565.8 561.2 557.2 554.2 551 547 546.8 541.8 543.6 545.7 547.5 548.3 549.5 551.7 554.5 558.3 562.1 566 569.6 573 576.9 580.5 583.8 587.3 590.9 595.1 599.3 604.3 609.1 612.7 614.7 616.3
522.8 544.3 566.9 589.6 611.6 632.5 649.1 669 687.8 704.6 721.3 735.9 745.8 756.4 769.2 777.4 783.3 788.1 791.3 793.5 793.4 792.5 783.5 779.5 779.6 771.4 761.3 753 741.8 729.7 715.6 701.3 687.4 673.9 660.1 646.3 632.6 623.9 613 596.1 590.4 578.9 570.8 562.8 557.1 552.1 548.2 545.1 542.2 539.1 536.9 535.7 532.8 534.2 535.6 537 539.1 541.2 543.7 546.6 549.3 553.2 555.3 559.2 562.3 565.4 566.9 570.6 574.4 577.4 582.3 587.6 593.4 597.4 599.6 601.6
474.5 498.5 519.3 545.5 563.8 582.1 606 625.4 644 661.4 668.4 682.3 693.2 704 716.6 724.6 742.5 748.3 752.1 754.3 742.3 742.1 732.9 729.2 730.5 725.9 727 715.7 704.5 690.8 671.3 659 643.4 631.2 619.9 607.1 594.9 583.3 573.1 562.5 553.6 545.4 538.3 531.6 526.3 522 518 515 512.5 510.7 509.4 509 509.5 504.7 508 508.7 509.6 512.6 514.8 517.5 522.1 527.8 524 527.9 533.4 530.7 539.5 542.7 546.6 547.9 551.1 557.4 564.1 569 571.2 573.2
457.5 475.6 485.3 511 528.5 545.3 562.7 578.8 589.7 608 621.3 633.8 643.6 652.6 663.9 673.7 681.4 684 684.8 682.5 680 675.3 660.8 655.7 660.2 651.9 642 632.1 619.8 608.2 596.3 584.1 567 555.6 549.2 538.3 528.2 518.6 504 496.3 488.5 482.4 476.9 471.5 467.6 463.3 461 458.9 456.5 454.6 453.9 453.4 454 452.1 453.4 454.8 455.1 458.1 460.9 462.5 469.2 473.8 478.9 484.3 478 483.5 489.5 492.7 497.6 498.8 499.8 503 509.6 516 518.1 525
428.3 441 451 463.9 475 489.6 506.4 520.6 526.8 541.8 553.9 563.2 569.8 574.2 581.5 587.8 593.3 597.4 596.2 589.3 581.9 577.2 569.1 561.9 555.2 546.4 536.5 523.1 510.3 498.6 492.2 476.3 467.5 456.7 446.7 438.9 431.9 425.6 420 413.6 407.9 398.9 394.5 393.6 391 386.5 384 384.4 385.1 383.7 381.9 380.7 380 378.7 380.6 381.8 383.7 385.4 387.9 390 392.7 395.7 399.5 404.1 407.4 411.3 414.7 418.2 422 425.7 426.1 430.8 434.3 439.5 446 446.9
383.2 389.7 396.6 405.8 413.4 422 434.7 436.9 446.4 456.9 465.7 472 476.4 479.5 481.3 481.5 480.8 476.4 474.9 470.2 465.5 460.2 454.9 447.6 437.8 426.5 412.4 398.8 388.6 383.2 377.4 371.8 367 357.9 345.2 332.2 319.8 347.1 341.4 335.9 331.1 326.8 323 319.6 315.6 312.5 310.8 316 310.8 307.5 307.4 307.5 308 307.8 307.2 310 308.6 308.2 309.6 313.3 315.8 317.2 323.7 325.8 325.1 328.6 330.3 335 338.2 342.5 345.3 349.3 353.1 357.3 361.2 366.1
328.1 331.4 335.7 340.7 344.3 348 350.8 353.3 358.2 365.7 372.2 377.1 381.4 382 379.7 376.4 372.1 366 363.1 361.3 359.5 357.8 355.8 350.4 338.9 328.2 317.5 306 299.3 296.2 293.4 291.3 289.2 282.9 272.5 262 251.9 242.4 283.2 279.1 274.8 270.8 267.2 263.9 260.1 256.9 254 256.5 253.7 253.6 253.2 252.9 252.6 251.4 249.9 248.3 247.5 246.2 246.8 248.2 249.4 251.3 252.9 254.3 254.7 255.6 256.4 261.1 264.2 268 269.6 272 275.3 278 279.2 283.9
272.5 273.3 277.5 278.5 279 279.3 279.7 279.1 281.1 286.9 292.3 296.3 300 299.9 296.6 292.1 290 282.1 280.3 280.4 280.7 280.5 280 275.9 266.8 258.8 250.4 242.4 237.3 236.6 235.8 235 234.4 229.8 221.9 214 206.5 198.9 195.1 194.8 194.5 194.5 194.6 195.1 195.5 196.8 213.1 210.4 208.5 206.2 210 209.9 210.4 209 208.2 202.8 202.8 202.4 201.6 200.5 199.5 203.3 203.2 203.3 204.1 200.1 200.8 200.5 203.1 196.5 203.1 205.5 208.9 210.2 210.9 215.5
221 223.1 226.3 225.9 225.2 224.3 223.3 222 223 227.6 231.2 234.8 238.1 238.3 235.3 232.3 228.7 225 223.6 224.4 224.8 224.6 225.2 222.9 216 210.5 205 199.2 195.8 195.5 194.9 194.7 194.1 190.7 185.2 179.5 174.3 168.9 165.9 165.5 164.6 164.1 163.7 163.3 163 162.7 162.9 162.8 163.2 164 164.6 165.3 166.8 166.5 171.8 169.6 168.6 168 166.8 164.8 163.6 156.4 154.3 153.7 150.1 146.2 142.2 138.5 153.6 153.3 153.4 153.9 156 157 156.8 157.2
172.7 178.2 181.8 181.3 182.8 182.4 181.5 181.2 182.1 185.6 188.7 191.7 194.3 195.1 192.5 190.2 188.3 185.9 184.8 185.2 185.9 186.4 186.5 185 181.1 176.2 172.6 168.9 167.1 166.3 166 165.9 165.1 163.2 158.8 154.9 150.8 146.8 144.5 143.3 142.6 141.5 140.5 139.6 138.8 138.2 137.8 137.3 136.9 136.7 136.5 136.5 136.8 134.6 134.3 133.2 134.1 133.6 132.4 116.7 117.6 118.7 120.5 119.2 115.3 111.4 107.6 103.7 122.8 120 115.9 111.9 116.7 116.6 119.9 105.9
144.5 148.1 150.5 150.1 149.7 149 148.3 151.3 153 155 157.4 159 161.5 162.9 161.1 159.4 157.5 155.7 155.1 155.8 156.4 156.9 157.6 156.6 154 151.1 148.4 146.3 144.7 144.3 144 143.5 143.4 141.4 138.5 135.6 132.7 129.9 127.9 126.6 125.7 124.5 123.3 122.1 120.8 119.3 118.3 117.2 116.3 115.2 114.2 112.6 108.7 106.3 106.1 103.2 99.6 95.8 93.8 93.8 94.1 94.2 94.7 93.3 89.6 86.1 82.7 78.9 90.3 86.4 82.7 82.8 83.6 84.3 81 77.6
121.6 123.9 125.6 126.2 125.8 125.9 126 127.7 128 128.4 128.3 128.1 129 131.1 130.8 131.6 132.7 132.7 132.4 132.8 133.5 134.2 134.5 134.1 132.8 131.2 128.9 127.6 126.8 126.7 126.3 126 125.8 124.4 122.6 121 118.9 117 115.5 114.2 112.9 111.6 110.2 108.9 107.4 106.1 104.4 102.7 100.8 97 93.9 91.1 89.7 88.5 87.4 86.4 82.8 79.4 77.5 76.5 75.8 75.3 75.4 73.7 70.8 67.7 64.7 61.6 60.2 60.8 63 62.3 61.6 59.2 58.3 56.1
103.2 104.9 106.2 106.3 106.7 107 107.4 108.5 108.8 109.4 109 109 111.2 109.3 110.3 111 111.7 112.1 112.6 112.3 112.2 112.2 112.8 113.4 113.9 114.2 112.7 112.4 112.2 112.2 112.3 112.3 112.2 111.7 110.8 109.5 108.4 107.2 106.3 105 103.9 102.1 100.9 99.3 97.7 95.4 92.5 90 87 84.3 82.5 80.1 77.9 75.8 74 71.7 69.1 66.8 64.6 62.6 60.2 58.2 56.3 54.9 53.2 51.7 49 48 47.7 46.7 45.2 43.7 43.1 41.6 46.9 45
85.7 86.4 87.5 88.6 89.3 89.8 91.2 91.4 91.6 91.9 91.8 93.1 91.5 92.3 93.1 93.7 94.5 95 95.5 95.9 96.2 96.5 96.8 97 98 98.3 98.8 98.4 99 99.2 99.4 100.1 100 100.4 100.1 100.1 100 99.5 98.7 97.9 96.6 95 93.3 91.4 89.4 86.9 84.4 81.9 79.1 76.4 73.8 71.3 68.3 66.1 63.7 61.5 59 56.7 54.4 51.7 49.2 46.5 44.5 42.5 41.6 40.2 39 38.7 39.5 38.7 37.4 36.2 35.2 34.2 34.4 33
70.6 71.4 72.1 73.1 73.7 74.5 74.7 75.3 75.8 76.3 77.3 76.1 76 76.4 76.7 77 77.3 77.8 78.5 78.5 79 79.6 80.4 81 81.8 82.4 83.1 84.1 85.1 85.7 86.7 87.6 88.8 89.5 90.3 91 91.3 91.7 91.1 90.8 90 88.7 86.9 84.8 82.3 80 76.9 73.8 70.9 67.9 64.6 61.9 58.9 56.2 53.2 50.4 48.1 46.9 44.5 41.7 39.8 38 36.1 35.2 34.7 33.6 32.2 32.7 32.2 30.1 29.7 29.3 29.1 28.7 28.2 27.7
58 58.4 58.6 59.4 58.7 58.9 60.8 60.1 60.5 60.4 60.7 61.2 61.2 60.9 61.6 61.5 61.5 61.3 61.6 62 62.2 62.8 64.3 64.6 65.1 65.8 66.7 67.5 68.5 69.6 70.8 71.6 73 74.5 75.8 77.4 78.5 79.6 80.6 81 80.9 79.7 77.8 75.2 71.7 68.2 64.7 60.6 57 53.7 50.4 47.3 44.9 42.5 40 38.2 36.2 35.2 33.6 32.2 30.4 29.5 28.3 27.4 26.6 26.1 25.5 24.8 24.6 23.8 23.4 23.3 23 22.7 23.4 22.9
45.9 45.9 46.2 46.3 46.5 46.9 47 47.6 46.3 46.1 46.4 46.3 46.2 46.1 46.3 46.3 46.4 46.4 46.1 46 46.1 46.1 46.7 46.4 46.6 46.8 46.6 46.9 47.3 47.5 47.6 48 48.4 49 49.5 50.4 51.7 53 54.6 56.9 58.7 58.7 55.3 50 44.7 40.5 37.2 34.4 32 29.8 28.4 26.9 25.2 24.2 22.9 21.8 21 19.9 19.4 18.5 18.3 17.7 17.2 17.1 16.8 16.6 16.5 16.3 16.4 16.5 16.5 16.9 17.5 17.7 17.7 18.2
34.7 35.9 35.9 35.8 35.9 35.7 35.4 35.2 35.1 34.8 34.5 33.8 33.5 33.1 33 33 32.4 31.9 31.6 31.2 30.9 30.2 29.8 29.1 28.5 27.8 26.9 26 25.2 24.1 23.1 21.8 20.5 19.6 18.7 17.5 16.7 15.3 13.6 12.5 12.1 11.7 11.3 11.1 10.7 10.5 10.3 10.6 10.8 10.7 10.7 10.7 10.6 10.3 10 9.8 8.7 8.7 8.3 8 7.8 8 8.3 8.8 8.5 8.9 9.1 9.8 10.1 10.4 10.9 11.6 13.8 14.2 14.5 15.4
25.4 25.3 25.1 26.2 25.8 25.8 25.4 25.1 24.7 24.3 24 23.5 22.8 22.5 22.2 21.7 21.1 20.4 20 19.4 18.7 18.1 17.5 17.2 16.5 16.1 15.6 15.3 14.8 14.1 13.8 13.2 12.7 12.1 12 11.9 11.8 11.6 11.5 11.3 11.1 10.9 10.8 10.6 10.1 9.8 9.5 9.2 8.8 8.4 8.1 7.8 7.4 7.1 6.7 6.6 6.3 6.3 6.1 6.2 6.4 6.3 6.3 6.3 5.5 5.5 7.6 7.9 8.3 8.8 9.5 9.9 10.8 11.8 12.6 13.8
19.3 19.2 18.9 18.6 18.4 17.9 17.6 17.2 16.8 16.3 16.1 15.6 15 14.3 13.8 13.4 12.7 13.8 13.6 13.3 13.1 12.8 12.5 12 12.1 11.9 11.5 11.2 11.4 11.3 11.3 11.2 11.1 11 10.9 10.5 10.4 10.3 10.3 10.1 9.9 9.7 9.8 9.6 9.3 9.1 9 8.7 8.4 8.1 7.8 7.5 7.2 6.9 6.6 6.3 6 6.1 6.1 5.8 5.7 7.7 7.8 8.2 8 8.5 8.7 8.6 9.1 9.4 9.7 10.4 11.1 10.6 11.8 12.7
14.6 14.4 13.8 13.5 13.3 12.8 12.6 12.2 11.8 11.3 11.2 10.7 10.3 10.6 10.3 10.4 10.3 10.1 10 9.8 9.9 9.8 10.4 10.3 10.3 10.2 10.2 10.1 9.8 9.7 9.5 9.4 9.7 9.5 9.4 9.2 9.2 9.1 8.9 8.9 8.7 8.6 8.4 8.3 8.2 7.9 7.8 7.5 9.7 9.4 9.2 9 8.7 8.8 8.5 8.4 6.1 6 5.9 5.7 5.8 7.1 7.1 7 7.1 7.3 7.4 7.7 7.8 8.8 9.1 9 9.4 10.3 11.1 11.7
10.9 10.6 10.6 10.2 9.9 9.7 9.4 9 8.8 8.9 8.9 8.9 8.8 9.8 8.8 8.9 9.3 9.1 8.9 8.9 9.1 8.9 9 8.9 8.7 8.5 8.5 8.6 8.4 8.2 8.2 8.2 8.1 8.1 8.1 8.1 11.1 11.1 10.9 10.7 9.3 8.6 8.5 8.3 8.2 7.9 8 7.8 8.6 8.3 8.2 7.5 7.4 7.2 7 7 6.8 6.8 6.6 6.5 6.5 6.5 6.7 6.7 6.8 6.7 6.7 6.8 7 7.3 7.3 8.7 8.2 9.3 10 10.5
8.7 8.5 8.4 8.3 8.1 8 8 8.3 8.3 8.3 8.1 8.2 8.3 8.1 8.3 8 8.7 8.6 8.6 8.6 8.7 8.1 8.1 8.8 8.7 8.9 8.9 9 9 9.1 9 9.2 9.2 9.1 9.4 7.9 7.8 7.8 7.6 7.5 7.4 7.5 7.4 7.4 7.2 7.1 7.1 7 7 6.9 6.9 6.7 6.5 6.4 6.2 6 6.2 6.1 6 7.1 7 7 7 7.2 7.2 7.3 7.4 7.6 7.9 6.2 6.1 6.8 7.1 8 9.1 9.9
6.7 6.5 6.5 6.6 6.6 6.6 6.7 6.6 6.8 6.8 6.7 6.7 7.1 7.1 7.1 7 7.4 7.2 7.1 6.9 7 7.1 7.3 7.3 7.3 7.3 7.5 6.7 6.8 6 6.1 6.8 6.6 6.6 6.7 6.6 6.6 6.5 6.3 6.7 6.5 6.4 6.3 6.3 6.4 6.3 6.2 6 6 6 5.7 5.7 5.8 5.7 5.6 5.6 5.6 5.7 5.6 5.6 5.6 5.4 5.4 5.4 4.7 5.6 5.7 5.6 5.4 5.8 5.8 6.2 6.6 7.1 7.5 8.4
5.4 5.4 5.3 5.4 5.4 5.4 5.4 5.4 5.6 5.5 5.7 5.6 5.7 5.7 5.6 5.6 5.7 5.6 5.7 5.7 5.6 5.4 5.3 5.5 5.4 5.3 5.5 5.4 5.5 5.5 5.3 5.3 5.3 5.5 5.3 5.3 5.4 5.7 5.6 4.7 4.7 4.7 5.6 5.6 5.6 5.5 5.4 5.4 5.3 5.3 5.4 5.2 5.2 5.1 5.1 5 4.3 5.1 5.1 5.1 5 4.9 5 4.8 4.8 5 4.8 5.1 5.3 5.6 5.9 6 6.3 6.7 7.1 7.3
4.5 4.3 4.2 4.3 4.4 4.4 4.4 4.4 4.4 4.4 4.4 4.5 4.5 4.4 4.4 4.3 4.4 4.4 4.3 4.2 4.3 4.3 4.3 4.5 4.3 4.4 4.5 4.5 4.5 4.7 4.3 4.3 4.3 4.5 4.5 4.6 4.7 4.6 4.6 4.6 4.6 4.7 4.5 4.4 4.5 4.5 4.6 4.4 4.6 3.7 4.4 4.5 4.6 4.5 4.3 4.2 4.4 4.4 4.2 4.3 4.3 4.6 4.3 4.5 4.6 4.7 4.7 5 5.2 5.2 5.5 5.7 5.9 6.2 6.5 6.9
3.3 3.3 3.3 3.3 3.4 3.4 3.3 3.3 3.3 3.3 3.4 3.4 3.5 3.7 3.7 3.7 3.8 3.8 3.8 3.8 3.6 3.6 3.7 3.7 4.1 3.8 3.8 3.7 4 3.9 4 4.1 4.1 4.2 4.1 4.1 4.1 4.1 4 4.1 3.9 4 4.1 4 3.9 3.9 3.3 4 3.9 3.8 3.8 3.9 3.9 3.9 3.9 3.8 3.9 3.9 4 4 3.9 4.1 4 4.2 4.2 4.4 4.6 4.6 4.8 5 5.1 5.5 5.8 6 6.2 6.5
2.5 2.5 2.4 2.5 2.5 2.5 2.5 2.6 2.6 2.6 2.6 2.7 3 3 3 3 2.9 2.9 2.9 3 3 3.1 3.2 3.1 3.2 3.2 3.3 3.3 3.3 3.2 3.3 3.4 3.4 3.4 3.4 3.5 3.5 3.5 3.5 3.5 3.4 3.4 3.5 3.1 3.3 3.5 3.4 3.5 3.4 3.3 3.4 3.3 3.3 3.4 3.5 3.5 3.6 3.6 3.6 3.9 3.8 3.8 4 4.1 4.1 4.3 4.3 4.6 4.7 4.9 5.1 5.3 5.4 5.9 5.9 6.5
1.7 1.7 1.7 1.7 1.7 1.8 2 2.2 2.2 2.1 2.1 2.1 2.1 2.2 2.3 2.3 2.2 2.1 2.1 2.2 2.2 2.3 2.4 2.5 2.5 2.5 2.6 2.6 2.4 2.4 2.4 3 2.9 3 2.9 2.5 2.6 2.6 2.6 2.4 2.5 2.6 2.7 2.7 2.8 2.8 2.9 2.9 3 3.1 3.1 3 3.2 3.3 3.3 3.5 3.5 3.5 3.6 3.6 3.7 3.7 3.9 4.1 4.2 4.4 4.5 4.8 5 5.2 5.2 5.4 5.8 6.1 6.3 6.9
1.3 1.2 1.2 1.3 1.3 1.3 1.3 1.5 1.6 1.5 1.6 1.6 1.6 1.6 1.6 1.6 1.7 1.7 1.8 1.9 1.9 1.9 1.9 1.8 1.8 1.8 1.8 1.8 1.8 1.8 1.8 1.8 2 2.1 2.2 2.2 2.3 2.3 2.2 2.2 2.1 2.1 2.1 2.2 2.4 2.4 2.4 2.4 2.4 2.3 2.3 2.5 2.5 3.5 3.7 3.7 3.7 3.8 3 3.2 3.3 3.5 3.5 3.6 3.8 3.9 4 4.2 4.6 4.6 4.9 4.8 5.3 5.5 5.5 6
1 0.9 1.1 1.1 1.2 1.2 1.2 1.2 1.3 1.4 1.3 1.4 1.5 1.6 1.7 1.7 1.6 1.6 1.6 1.7 1.7 1.9 2 2 2 2 2 2 2 2 1.9 1.9 1.9 2.1 2.2 2.3 2.2 2.2 2.1 2.1 2.1 2.1 2.3 2.3 2.3 2.5 2.6 2.6 2.7 2.7 2.8 2.8 2.8 2.9 3 3.1 3.2 3.2 3.2 3.2 3.3 3.4 3.5 3.5 3.7 3.8 3.9 4.1 4 4.1 4.1 4.4 4.4 4.5 4.7 4.9
0.9 1 1 1 1 1 0.9 1 1 1 1.1 1.2 1.2 1.2 1.3 1.3 1.4 1.4 1.6 1.6 1.6 1.7 1.9 1.9 1.9 2 2 2.1 2.1 2.1 2.1 2.1 2.2 2.2 2.3 2.3 2.3 2.3 2.3 2.4 2.4 2.5 2.5 2.6 2.6 2.6 2.6 2.6 2.6 2.7 2.9 3 3.1 3.1 3.1 3.1 3.2 3.2 3.5 3.4 3.5 3.6 3.6 3.6 3.6 3.9 4 4.1 4.1 4.2 4.6 4.6 4.6 5 5 5.4
0.5 0.6 0.6 0.6 0.7 0.7 0.7 0.7 0.7 0.7 0.8 0.8 0.8 0.9 1 1 1 1 1 1 1.3 1.4 1.4 1.4 1.4 1.5 1.7 1.7 1.7 1.8 1.8 1.8 1.9 1.9 2 2 2 2.1 2.2 2.3 2.3 2.3 2.3 2.3 2.3 2.4 2.4 2.5 2.6 2.6 2.8 2.8 2.9 2.9 3 3 3 3 3.1 3.3 3.4 3.4 3.4 3.5 3.5 3.6 3.8 3.8 3.8 3.8 4 4.1 4.2 4.3 4.5 4.5
