datasets/global_precipitation_1950_2017/rasters/precip_2001-total.asc
NCOLS 720 
NROWS 347 
XLLCORNER -180 
YLLCORNER -90 
CELLSIZE 0.5 
NODATA_value -9999 
[rows 170 to 203 of 347, columns 380 to 455 of 720]
1584.4 1748.1 1738.1 1712.6 1634.6 1603.9 1627.1 1547.1 1653.6 1690.9 1486.7 1400.6 1296 1293.3 1367 1509.1 1555.7 1661.5 1756 1850.6 1889 1892.8 1916.3 1920.6 1919.1 1926.2 1903.1 1890.6 1900.9 1839.8 1698.7 1685.8 1796.8 1968.7 2132.8 1970.3 1789.3 1645.2 1218.3 1277.6 972.1 912.6 1160 1403.2 1513.2 1183.2 977.4 1024.1 1254.9 1328 1102.7 870.2 500.3 1411.8 805.1 895.4 678.8 618.4 508 521.7 705.7 803.3 810.8 -9999 -9999 -9999 -9999 -9999 -9999 -9999 -9999 -9999 -9999 -9999 -9999 -9999
1528.6 1531.7 1541.4 1524.3 1424 1418.4 1508.2 1517.7 1661.8 1789.4 1551.9 1419.5 1320.8 1323.1 1362.6 1475.8 1544.1 1574 1667.4 1823.8 1864.6 1827.9 1849.8 1911.6 1928.4 1887.9 1833.4 1788.7 1816.6 1667 1644.4 1608.9 1799.1 2045 2146 2164.7 1821.8 1762.9 1286.2 1152.7 1018 878 1011 1114.7 1052.5 985.9 954 981.9 1029.6 938.6 916.8 878 609.2 755 705.1 632.7 607.6 584.5 567.3 772.2 942.2 884.4 -9999 -9999 -9999 -9999 -9999 -9999 -9999 -9999 -9999 -9999 -9999 -9999 -9999 -9999
1323.4 1196.5 1177.7 1231.1 1193.9 1281 1345.3 1495.5 1441.5 1658.1 1594.6 1476.3 1268.4 1303.8 1330 1411.1 1476.9 1494.9 1477.9 1568.3 1587.3 1602.5 1701.9 1853.6 1893.1 1784.2 1716.8 1718.1 1715 1659.1 1662.4 1657.1 1776.2 1975.3 2139 2388 2534.2 1364.4 1160.1 1165.8 1075.4 990 951.4 974.9 952.6 920.1 847.9 856.2 855.5 850.8 833.4 754 697.3 589.6 984.3 760.9 619.8 607.2 723.4 907.1 -9999 -9999 -9999 -9999 -9999 -9999 -9999 -9999 -9999 -9999 -9999 -9999 -9999 -9999 -9999 -9999
-9999 1381.5 1176.6 1055.9 952.7 1084.4 1136.9 1258.5 1384.5 1525 1555.4 1517.9 1292.7 1301.6 1311.7 1327.1 1388.3 1391.4 1385.5 1409.2 1422.7 1439.1 1434.7 1634.6 1675.9 1652.6 1682.3 1690.7 1687 1651.5 1652.7 1653.2 1690.3 1873.2 2302.9 2625.7 2693 1294.1 925.5 1155.8 1145.4 1049.2 973.9 979.1 924 883.6 808.7 823.7 737.9 836.1 915.7 892.1 819.1 901.3 1600.6 1032.9 980.9 564.3 770.1 912.1 -9999 -9999 -9999 -9999 -9999 -9999 -9999 -9999 -9999 -9999 -9999 -9999 -9999 -9999 -9999 -9999
-9999 -9999 1140 976.9 920.1 924.7 1070.2 977.1 1102.1 1384.6 1273.3 1269.9 1270.3 1307.8 1336.1 1348.5 1320.5 1361.9 1376.2 1418 1426.7 1421.3 1387.4 1460.6 1529.2 1530.1 1635 1667.9 1648.4 1630.2 1602.1 1538.5 1508 1622.3 1980.1 2267.8 2142 1059.3 1067 1275.5 1158 1172.8 1037.4 893 898.5 940.3 804.7 780.8 726.3 804.8 908 812.1 798.5 765.7 676.6 609.5 639.1 612.6 846.2 840.8 -9999 -9999 -9999 -9999 -9999 -9999 -9999 -9999 -9999 -9999 -9999 -9999 -9999 -9999 -9999 -9999
-9999 -9999 -9999 941.1 1027.9 948.4 869.7 893.4 1032.6 1110.7 1210.7 1203.7 1220.2 1313.5 1380.1 1414.6 1273.4 1321.2 1378.9 1420.3 1429.5 1464.6 1436.3 1421.7 1435 1442.4 1542.3 1615 1601.1 1587.4 1503.5 1392.7 1340.3 1337.4 1420.6 1495 1311.1 1175.5 1119.1 1143.8 1190.3 1148.9 1015.6 921 923 883.4 798.6 782.9 790.7 662.6 718.5 697.7 650.3 391.4 474.2 491.5 761.1 990.6 974.5 -9999 -9999 -9999 -9999 -9999 -9999 -9999 -9999 -9999 -9999 -9999 -9999 -9999 -9999 -9999 -9999 -9999
-9999 -9999 -9999 -9999 927.5 1054.8 950 933.5 1034.1 1037.7 1180.4 1228.8 1244.5 1310.3 1396.4 1412.7 1374.1 1355 1403.8 1423.4 1431 1453.5 1422.9 1399.8 1417.6 1462 1533.1 1574.5 1563.6 1530.4 1438.8 1358.3 1287.6 1256.9 1304.6 1419.3 1294.7 1138 1031.4 997.9 1118.7 1002.6 946.7 931.3 954.1 981.3 887.2 803.1 666.8 591.5 599.6 603.9 579.2 495.1 507.2 760.1 937.2 1103.1 -9999 -9999 -9999 -9999 -9999 -9999 -9999 -9999 -9999 -9999 -9999 -9999 -9999 -9999 -9999 -9999 -9999 -9999
-9999 -9999 -9999 -9999 756.4 915.6 880.3 826.5 974.4 1076.3 1339.8 1297.8 1339.3 1315.5 1360.2 1421.9 1402.3 1423.9 1453.7 1448.5 1412 1399 1364.2 1379.8 1444.5 1491.7 1519.6 1539.2 1531.8 1524 1348 1341.2 1228.1 1164.1 1177.3 1223.2 1186.7 1065.1 999.1 972.7 972.6 944.4 949.5 961.5 1028.9 887.3 864 784.7 615.9 567 512 489.3 522.3 538.4 456.5 710.9 1169.4 1333.3 -9999 1732.7 -9999 -9999 -9999 -9999 -9999 -9999 -9999 -9999 -9999 -9999 -9999 -9999 -9999 -9999 -9999 -9999
-9999 -9999 -9999 -9999 550.6 697.2 767.6 782.5 970.9 1077.9 1120.6 1334 1362.2 1307.4 1385.9 1453.3 1448.5 1477.9 1474 1456.3 1295.4 1223.7 1297.9 1403.2 1453.5 1488.7 1461.7 1445 1523.8 1519.8 1447.6 1343.9 1154.6 1099.5 1111.6 1119.9 1102.3 1047.4 1026.3 1008.6 982.7 999 1013.2 1002.4 970.3 894.9 842.7 729.5 590.6 541.1 493.2 456.8 476.4 523 581.9 697.8 862.1 1081.4 -9999 -9999 -9999 -9999 -9999 -9999 -9999 -9999 -9999 -9999 -9999 -9999 -9999 -9999 -9999 -9999 -9999 -9999
-9999 -9999 -9999 -9999 -9999 616.5 709.6 827 984.8 1024.2 1084.7 1193.4 1346.7 1376.9 1394.7 1467.9 1509.9 1482.5 1477.5 1410.6 1204.6 1161.6 1253.8 1399.3 1476 1484.8 1421.5 1357.4 1533.7 1593.5 1501.4 1327.9 1063.1 1033.6 1049.7 1073.7 1062.2 1032.5 1025.7 1039.3 984.3 973.6 1033.7 983.1 938.1 844.9 811.1 728.3 586.4 511.1 467.3 421.9 434.8 547.6 663.8 796.2 827.6 1046.1 1287.3 -9999 -9999 -9999 -9999 -9999 -9999 -9999 -9999 -9999 -9999 -9999 -9999 -9999 -9999 -9999 -9999 -9999
-9999 -9999 -9999 -9999 -9999 478.5 713.1 807.2 1009 1054.6 1018.3 1155.9 1343.5 1382.3 1355.9 1427.1 1494.9 1496.9 1475 1365.3 1253.4 1227.7 1263.1 1345.7 1442.9 1484 1446.2 1400.6 1413.2 1482.6 1432.2 1335 1143.8 1017.3 1035.3 1062.6 1043.9 990.3 1026.3 1076.6 936.9 910.4 924.6 943.3 888.3 821.3 794 754.2 643.5 475.3 418.3 420.8 458.3 452.5 778.7 649.1 870.1 845.8 853.3 -9999 -9999 -9999 -9999 -9999 -9999 -9999 -9999 -9999 -9999 -9999 -9999 -9999 -9999 -9999 -9999 -9999
-9999 -9999 -9999 -9999 -9999 -9999 513 621.3 1069.2 1273.5 1293 1275.4 1278.3 1295.4 1280 1316.2 1413.3 1457.3 1382.6 1333.3 1311.7 1368.3 1311.6 1309.7 1393.4 1455.4 1446.3 1439.4 1486.3 1493 1424 1384.1 1217.3 1081.9 1127.9 1067.1 1008.7 943.2 847 1120.1 920.5 820.8 906.3 905.2 908 869.8 823.6 762.7 646.6 537.9 377 384.9 623.7 1036 1049.6 1253 1085.9 853.1 929.4 -9999 -9999 -9999 -9999 -9999 -9999 -9999 -9999 -9999 -9999 -9999 -9999 -9999 -9999 -9999 -9999 -9999
-9999 -9999 -9999 -9999 -9999 -9999 369.8 489.7 1016.6 1313.4 1388.3 1244.2 1076.7 1065.8 1056.6 1117.4 1348 1368.9 1352 1303.6 1307.8 1309.2 1282.2 1312.9 1362.2 1449.2 1446.7 1472.5 1543 1536.3 1448.4 1383.6 1228.5 1058.5 1090.3 1063.1 1009.2 984.8 989.7 1025.5 962.6 942.9 936.3 871.2 932.3 935.3 875.8 785.2 664.2 627.9 603.7 593 930.8 1457.7 1332.5 1208.8 901.1 832.1 993.2 -9999 -9999 -9999 -9999 -9999 -9999 -9999 -9999 -9999 -9999 -9999 -9999 -9999 -9999 -9999 -9999 -9999
-9999 -9999 -9999 -9999 -9999 -9999 -9999 538.9 858.9 1007 1026.4 1031.6 1045.3 1033.2 1016.2 1110.7 1325.3 1394.1 1370.3 1317.2 1303.8 1294.5 1297.6 1333.4 1353.4 1380.9 1435.7 1476.2 1493.2 1470.8 1443.6 1397.7 1279.9 1150.6 1155 1099.3 1046 1027.8 1065.3 1114.9 1084.2 1097.8 1006.5 883.8 919.4 942.6 908.3 877.9 719.5 634.9 851.8 866.7 1259.9 1408.2 1508.7 1246 768 801.8 938.6 -9999 -9999 -9999 -9999 -9999 -9999 -9999 -9999 -9999 -9999 -9999 -9999 -9999 -9999 -9999 -9999 -9999
-9999 -9999 -9999 -9999 -9999 -9999 -9999 531.6 822.5 861.1 728.7 854.1 991.3 1088.9 1089.3 1166.3 1353.8 1412.6 1379.4 1297.8 1260.1 1278.3 1312.5 1343.6 1294.9 1256.3 1307.4 1407.6 1460.5 1536.8 1454.8 1380 1351 1262.1 1238.8 1160.9 1086.5 1246.7 1176.8 1264.2 1222 1115.6 1133.5 1022.6 973.3 1085.1 970.6 1141.6 1105.6 841.2 1183.8 1302.4 1537.1 1724 1485.1 1170.3 756.9 762 699.7 -9999 -9999 -9999 -9999 -9999 -9999 -9999 -9999 -9999 -9999 -9999 -9999 -9999 -9999 -9999 -9999 -9999
-9999 -9999 -9999 -9999 -9999 -9999 461.7 526.7 674.6 916.3 916.1 853.5 924.3 1094.4 1295.7 1231 1310.7 1355.7 1303.3 1230.5 1194.2 1206.2 1269.7 1291.2 1253.4 1294.2 1351 1394.9 1404.8 1368.5 1421.7 1372.4 1353.8 1276.7 1217.1 1171.2 1167.2 1221.8 1251.8 1278.3 1279.1 1225.7 1174.3 1089.5 872.8 1193.9 1588.4 2188.9 1454.5 1068.7 1323.7 1481.2 1435.1 1160.2 1150.4 856.6 703.3 668.1 642 -9999 -9999 -9999 -9999 -9999 -9999 -9999 -9999 -9999 -9999 -9999 -9999 -9999 -9999 -9999 -9999 -9999
-9999 -9999 -9999 -9999 -9999 -9999 605.5 769.2 624.3 752.6 859.8 859.9 948.9 1039.6 1154.6 1157.5 1217.6 1277.7 1271.4 1243.6 1180.5 1206.9 1292.1 1326.4 1306 1321.3 1387.5 1432.1 1406.3 1376.5 1365.9 1331.5 1327.4 1228 1134.6 1165.8 1208.2 1280.6 1193.4 1287.1 1290.8 1267.1 1231.7 1110.7 1048 1117.1 1738.5 1785.9 1354.2 1250.8 1322.7 1391.5 1260.1 1149.3 897.8 710.9 654.3 618.8 574 -9999 -9999 -9999 -9999 -9999 -9999 -9999 -9999 -9999 -9999 -9999 -9999 -9999 -9999 -9999 -9999 -9999
-9999 -9999 -9999 -9999 -9999 -9999 -9999 525.9 630.5 891.7 973.8 949.4 983.3 1056 1134.2 1178.9 1293.6 1296.8 1296.1 1280.1 1254 1311.7 1375.1 1381.2 1363.3 1385.7 1439 1472.3 1486.4 1403.5 1348.7 1298 1342.6 1170.8 1146.9 1189.3 1197.8 1158.9 1258.8 1414.7 1364.1 1267.8 1259.8 1118.8 1078.5 1071.7 1154.6 1264.1 1248.9 1084.7 1145.4 1119.3 1083.3 973 799.8 703.2 637.2 605.1 556.9 546.4 648.9 -9999 -9999 -9999 -9999 -9999 -9999 -9999 -9999 -9999 -9999 -9999 -9999 -9999 -9999 -9999
-9999 -9999 -9999 -9999 -9999 -9999 -9999 341.4 568.5 991.1 1041 1080.5 1134.9 1202.6 1197.1 1253.6 1338.9 1313.8 1306.5 1276.4 1287.3 1357.6 1432.7 1403.7 1357.7 1403.5 1447.7 1506.2 1565.3 1475 1381.2 1337.9 1319 1251.4 1302.8 1265.9 1230.4 1227.4 1343.1 1484.4 1410.2 1263.3 1209.9 1153 1102.4 1076.8 930.9 1025.5 1344.3 1196.5 1098.5 1064.4 1042.3 907.6 822.4 780.8 654.3 578.6 571.4 545.9 556.3 -9999 -9999 -9999 -9999 -9999 -9999 -9999 -9999 -9999 -9999 -9999 -9999 -9999 -9999 -9999
-9999 -9999 -9999 -9999 -9999 -9999 -9999 -9999 705.1 880.9 1044.5 1096.2 1172.4 1265.7 1206.2 1203.1 1270.1 1290.4 1226.1 1181.6 1216.2 1328.7 1412.2 1405.1 1381.6 1414.6 1448.3 1515.5 1591.1 1514.6 1415.5 1388.7 1425.6 1404.1 1375.3 1347.2 1287.2 1222.8 1416.1 1522 1441.3 1290.8 1215 1150.4 1141.8 992.5 931.3 854.9 1432.3 1351.3 1370.5 1142.6 1017.2 902.9 828.2 885.3 783.5 623.8 602.3 577.2 527.8 -9999 -9999 -9999 -9999 -9999 -9999 -9999 -9999 -9999 -9999 -9999 -9999 -9999 -9999 -9999
-9999 -9999 -9999 -9999 -9999 -9999 -9999 -9999 946.3 936.8 1076.5 1152.3 1239 1244 1147.7 1177 1264.8 1273.3 1186.3 1131 1156.7 1239.8 1352.1 1334.1 1335 1372.7 1411.9 1432.9 1466.3 1506.2 1489.5 1479.3 1519 1498.7 1481.1 1415.3 1388.6 1334.3 1423.5 1469 1442.9 1228.6 1113.7 1128.6 1079.7 937.7 989.3 1191 1792.2 1394.8 1332 1265 1078.9 1042.1 1062.1 1085.9 1019.6 772.9 695.7 627.7 555.5 -9999 -9999 -9999 -9999 -9999 1628.9 -9999 -9999 -9999 -9999 -9999 -9999 -9999 -9999 -9999
-9999 -9999 -9999 -9999 -9999 -9999 -9999 307.3 898.3 1101.3 1173.6 1216.9 1214.6 1179.9 1179.3 1212 1306.1 1307.9 1194.4 1112.8 1097.6 1123.5 1139.9 1121.6 1141.3 1180.5 1260.2 1360.9 1426.7 1484.9 1475.6 1470.6 1492.4 1558.5 1512.3 1499.6 1470.3 1384.8 1279.4 1278.8 1230.7 1159.3 1129.4 1101 989.3 899.5 884.2 1444.1 1668.9 1248.9 1256.2 1260 1251.9 1205.5 1173.7 1216.8 1073.4 764.4 663.2 631.2 586 -9999 -9999 -9999 -9999 -9999 -9999 -9999 -9999 -9999 -9999 -9999 -9999 -9999 -9999 -9999
-9999 -9999 -9999 -9999 -9999 -9999 245.9 519.9 1069.7 1280.2 1194.9 1273.2 1195 1193.8 1191.7 1231.9 1296.1 1292 1098.7 1034.5 1019.4 1008.6 1030 1056.6 1094.1 1045.8 1078.2 1201.5 1316.2 1356.8 1335.4 1381.3 1457.1 1534.9 1558.6 1541.6 1541.5 1419.3 1311.6 1275.4 1222.7 1161 1096.7 958.7 927.7 895 847 1057.9 1457.2 1376.3 1291.1 1250.7 1234.5 1123.5 1064.7 1014.6 872.2 635.7 604.1 571.1 486 -9999 -9999 -9999 -9999 -9999 -9999 -9999 -9999 -9999 -9999 -9999 -9999 -9999 -9999 -9999
-9999 -9999 -9999 -9999 -9999 229.6 361.9 783.4 1110.8 1205.7 1153.2 1109.4 1159.1 1106 1133.5 1180.2 1256.6 1091.9 997.6 981.7 973.9 966.7 976 1009.5 1038.6 1007.5 1030.1 1065.6 1112.6 1169.6 1255.5 1299.4 1366.8 1438.8 1483.9 1472.3 1450.8 1460.2 1321.3 1301.1 1295.1 1205.1 1079.5 927.2 963 966.5 804.5 865.4 1238 1221.3 883.3 1365.5 1224.8 1092.2 988.6 894 801.1 664.8 623.2 557.5 446.2 -9999 -9999 -9999 -9999 -9999 -9999 -9999 -9999 -9999 -9999 -9999 -9999 -9999 -9999 -9999
-9999 -9999 -9999 -9999 -9999 285.7 678.7 923.9 1025.8 1125.9 1182 1090.3 1056.3 1084.5 1057.9 993.3 953 960.4 968.3 976.1 963.5 957.6 947.9 962.4 986.4 992.7 1007.8 1035.2 1059.7 1128.1 1207.1 1273.7 1324 1355.5 1384.1 1414.3 1435.6 1389.8 1250.6 1251 1259.4 1191 1088.3 1032.2 1023.7 1036.1 905.1 781.2 866.2 1186.4 1097 1224.1 1185.4 1078.6 1043.8 908.4 849.8 777 723 626.2 494.1 -9999 -9999 -9999 -9999 -9999 -9999 -9999 -9999 -9999 -9999 -9999 -9999 -9999 -9999 -9999
-9999 -9999 -9999 -9999 -9999 477.6 799.7 922.9 954.9 1032.6 1075.5 990 980.7 998.8 971.1 945.6 928.3 901.3 908.2 929.2 943.2 958.3 960.5 950.1 922.2 928.4 958.1 973.4 990.9 1030.9 1136.5 1214 1241.8 1210.3 1220.8 1289.1 1283.8 1277.9 1264.7 1193.7 1131.5 1135.5 1117 1131.4 1181.4 1033.4 918.1 873.3 965.8 952.8 801 907 961 990.8 1010.3 956.4 908.5 850.4 808.5 712.6 503.8 -9999 -9999 -9999 -9999 -9999 -9999 -9999 -9999 -9999 -9999 -9999 -9999 -9999 -9999 -9999
-9999 -9999 -9999 -9999 -9999 498.8 787 833.3 847.8 850.1 826.2 897.7 912.5 941.2 941 933.5 904.2 860 842.2 859.1 879.4 917.5 942.6 906 859.9 847.4 883.5 902.7 919.2 944.8 1020.6 1075.6 1087.4 1132.3 1183.2 1241.2 1255.7 1225 1204.7 1136 1054.3 1108.8 1161 1250.2 1461.9 1276.8 1096.6 1079.7 983.9 1015.7 900.6 920.9 894.9 930.3 966.3 962.7 949.6 890.8 864.9 895.1 619.9 555.8 -9999 -9999 -9999 -9999 -9999 -9999 -9999 -9999 -9999 -9999 -9999 -9999 -9999 1583.1
-9999 -9999 -9999 -9999 95 508.6 817.4 677.6 726.8 699.2 638.1 732.1 813.5 874.3 926.1 914.9 880.2 828.7 797.5 801.5 798.1 820.4 853.3 842.7 814.3 835.8 853 844.1 871.4 906.6 932.2 938 989.8 1096.1 1146.3 1126.2 1124.2 1113.7 1125.4 1049.7 915.1 1129.7 1148.2 1192.3 1024.9 1108.4 1124.1 1205.1 1176 1098 1369 1358.5 1093 1357.4 1255.3 1140.7 991.7 889.7 807.4 835.4 766.4 -9999 -9999 -9999 -9999 -9999 -9999 -9999 -9999 -9999 -9999 -9999 -9999 -9999 1495.5 1514.3
-9999 -9999 -9999 -9999 102.6 396 739.3 712.3 689.6 656.7 647.5 659.4 676.3 706.9 861.9 907.9 847.9 812 798.2 786.2 772.7 769.3 780.7 812.6 809 797.7 769.9 770.6 782.3 795.2 808.2 843.5 901.3 953.9 1001.1 992.4 1058.4 983.6 954.9 947.2 929.7 978.5 1066.1 1033.3 880.3 998.8 1088.5 1060.1 1096.9 1068.4 1321.9 1827.4 1789.2 1695 1466.6 1282.5 1126.6 894.9 839.9 835.3 813.9 -9999 -9999 -9999 -9999 -9999 -9999 -9999 -9999 -9999 -9999 -9999 -9999 1412.5 1489.3 1535
-9999 -9999 -9999 -9999 78.1 177.5 648 631.9 529.1 620.8 666.2 664.5 655.8 655.9 689.7 696.4 675.6 717.8 767.2 777 750.4 727.2 735.5 773.7 770.2 739.4 675.4 686.6 662.7 670 706.6 776.2 851.6 895.4 918.1 938.2 910.9 818.2 859.5 967.9 968.3 962.7 976.5 939.1 888.6 924.6 869.5 762.2 931 1091 1384.7 1782.1 1721.1 1610 1454.3 1340.5 1177 937.7 884.2 849.9 -9999 -9999 -9999 -9999 -9999 -9999 -9999 -9999 -9999 1201.6 1203.5 1335.1 1417.7 1440.3 1572.6 1607.1
-9999 -9999 -9999 69.5 72.1 83.7 473.2 533.9 529.9 569.7 617 605.2 594.1 579.9 569.1 557.6 561 560 544.2 572.2 615.7 606 560 546.1 656.6 673.1 648.3 614.2 591.6 617 648.1 727.8 777.1 829 870.8 886.7 838.1 762.1 859.3 988.4 993.9 992.6 1006 951.4 921.1 818.1 794.8 751.5 788.1 884.7 852 942.5 1098.4 1207.4 1192.1 1194.8 1094.9 996.6 967.1 -9999 -9999 -9999 -9999 -9999 -9999 -9999 -9999 -9999 -9999 1256.3 1359.1 1394.7 1488.5 1572.8 1670.6 1833.5
-9999 -9999 -9999 -9999 76.8 143.9 340.3 372.9 394.5 403.1 480.8 551.7 506.4 488.1 514.4 554.4 557.5 560.6 531.1 523.7 519.3 505.1 492.4 478.6 486.9 557.1 586.5 562.9 549.9 535.1 574.8 717.7 795.3 768.4 814.5 823.2 816.3 829.3 897.4 948.3 998.6 1048 1069.5 1007.5 938.9 926.9 889.3 801 780.1 788.9 797 714.7 728.9 1076.1 1155.7 1150.6 -9999 -9999 -9999 -9999 -9999 -9999 -9999 -9999 -9999 -9999 -9999 -9999 1108.3 1323 1452.5 1501.3 1542.6 1594.1 1654.6 1611.4
-9999 -9999 -9999 72.3 110.5 263.4 329.5 337.9 358.9 377.1 389.2 475.6 449.1 445.2 447.7 536.8 548.3 544.3 492.1 535.3 531.1 507.4 484.7 462.1 449.6 480.6 539.6 542.7 510.4 468.3 441.3 702.6 684.8 645.5 656.3 694.3 756.9 831.4 893.5 955.8 1001 1057.1 1078.3 1105.1 1033 1382.2 1498.7 1221.9 999.2 904 931.6 874.5 891.3 1056.6 -9999 -9999 -9999 -9999 -9999 -9999 -9999 -9999 -9999 -9999 -9999 -9999 -9999 -9999 1063.5 1470.5 1541 1523 1560.5 1574.4 1549.1 1403.4
-9999 -9999 -9999 -9999 165.7 247.1 275.5 319.5 339.4 367.8 385.1 419.3 426.7 417.3 414.3 468.9 499.9 514.8 505.5 512.3 525.9 508.5 477.3 460.9 430.3 452.5 511.4 541.6 525.1 515.5 562.3 716.1 614.2 528 569.1 615.5 700.9 791.6 853.4 963.7 1040.3 1062.9 1101.1 1077.6 1152 1227.9 1663.2 1471.6 1287.2 1072.8 1003.4 920 929.9 1044.5 -9999 -9999 -9999 -9999 -9999 -9999 -9999 -9999 -9999 -9999 -9999 -9999 -9999 -9999 940.1 1299.5 1472.5 1552.9 1606.1 1563.2 1552.5 1425.3
