datasets/global_precipitation_1950_2017/rasters/precip_1996-total.asc
NCOLS 720 
NROWS 347 
XLLCORNER -180 
YLLCORNER -90 
CELLSIZE 0.5 
NODATA_value -9999 
[rows 34 to 67 of 347, columns 456 to 531 of 720]
471.9 475.3 464.3 461.1 454.9 455.7 460.9 472.8 493.3 500.4 489.2 480.5 478.5 482.1 488.7 492.6 499.1 504.9 500.3 490.6 478.6 470.2 475.9 508 552.8 581.8 573.3 549.8 531 524.6 523.4 523 525.5 527.7 525.9 509.2 480.3 454.8 440 425.5 412.4 405.3 396.7 395.8 395.8 394.6 388.9 378.9 367.2 357.8 358.8 370.7 385.1 402.3 418.3 434.7 452.9 471.3 487.8 500.8 508.2 509.2 506.5 496.3 482.6 469.3 455 443 432.4 429 429.1 434.4 436.8 431 423.6 419.5
515.6 520.3 522.8 512.5 494.3 476.2 458.5 443.5 438.4 447.7 459.5 471.3 484.5 495.4 505.4 516.3 521.7 524.5 525.5 523.5 517.6 512.5 509.3 510.3 513.9 515.7 509.4 496.4 483.4 482.2 470.7 469.7 458.7 461.3 490.3 495.2 486.1 475.5 458.8 444.7 433.2 426.2 422.1 419.5 425.5 431.4 438.7 448.2 457.4 460 453 444 439.3 440.2 447 456.3 463.8 471 479.7 483.5 481.6 477.6 472.5 465.6 456.8 447.2 434.6 421.5 408.3 404.3 409.9 419 424 421.2 419 421.8
520 541.3 566.3 568.2 535.5 500.7 473.5 460.8 460 457.6 463.4 477.5 495.5 512.6 528.1 538.7 544.1 548 548.8 545.3 538.3 529.8 517.7 506.1 493.1 479.2 468.6 462.9 457.5 460.6 473 490.6 511.6 528.7 523.4 509.2 496.9 485.4 473 461.7 445.4 441.7 440.5 446.9 453.2 459.7 465.3 470.8 476.2 482.8 480.1 471.2 464 461 461.7 464 465.5 464.7 465.1 464.2 463.3 462.1 461.3 458.8 453.7 446.4 436.3 424.6 414.3 407.4 406.4 405.2 409.8 416 427.6 433.8
490.1 499.7 508.2 510.9 499.4 482.2 469.8 462.6 458.9 466 476.6 495 516.5 542.1 560.7 561.9 555.6 551.7 551.3 549.2 539.1 520.9 498.7 475 448.3 430 425.7 430.3 438.7 447.9 459.5 473.4 482.6 491.7 495.1 495.6 491 487.5 483.9 478.2 475.2 469.3 466.6 468.5 470.1 469.3 471.7 472.1 470.9 472.1 471.3 468.7 467.1 466.5 466.7 466.1 464.6 462.1 458.9 457.7 458.8 461.9 464.6 466.1 466 465.3 463.2 460.4 456.2 451.2 445.6 440.5 439 446 461.3 460.7
429.8 431.2 436.8 447.3 457.5 455.4 451.4 449.8 447.1 455.7 466.7 480.9 504.3 529.7 550 554.4 550.8 548.5 550.5 548.6 536.4 512.5 485.4 452 418.3 396.9 402.5 416.4 428.9 440 448.2 457 464.4 472.7 483.6 485.4 480 477 476.1 475.6 475.6 475.9 473 473.8 474.2 474.1 473.1 475.5 473.2 472.6 472.2 471.4 469.5 469.5 468.6 468.3 467.2 466.2 465.1 465.3 466.9 470.5 474.9 478.9 483.2 487.6 490.2 490.4 488.7 486.6 484.2 481.5 477.8 480 481.9 479.9
354 374.2 393.2 407.8 427 441.5 449.7 445.7 440.2 432.7 423.7 423.1 440.7 470.1 499.1 519.5 532.8 538.7 540.6 537.1 527.3 509.7 488.2 466.8 450.2 443.4 445.8 451.5 453.5 446.4 443.4 450.7 458.3 459.7 459.1 462.5 463.9 461.3 460.5 461.3 462.4 463.3 463.4 464.1 468.2 472.3 476.1 477.3 474.6 474.9 475.1 473.5 473.2 472 471.3 469.4 467.7 466.4 465.4 465.5 467 470.4 476.8 484.5 493.3 502.2 510.8 516.1 515.7 511.2 503.9 497.6 487.9 480 472.6 467.5
358.3 382.8 401.7 413.1 431 446.2 453 452.1 447.4 440.1 430.7 426.4 441.2 468.3 498.1 521 535.8 545.8 549.3 546.1 537.4 523.1 506.7 490.6 480.7 479.1 478.3 476.1 465.4 447.6 441.6 455.2 470.9 470.6 459.8 455.4 454 453.3 453.5 454.9 456.3 456.6 455.7 459.9 464.7 466.8 466.9 470.6 473.8 476.1 477.7 474.8 474.4 474.3 473.6 471.3 467.5 465 463.4 462.1 463.1 467.4 474.6 484.5 495.4 506.6 516.8 524 526.7 520.6 509.5 496 481.7 468.3 456.3 449.3
398.4 408.7 420.3 434.2 446.6 453.6 458.8 464.6 470.3 475 477.8 483.7 493.5 509.6 527.5 541.6 551.6 564.6 576.3 580.2 576.7 564.9 544.5 527.9 514.3 510.5 516.9 515 502.3 485.9 472.3 462.5 454.1 443.3 435.4 446.6 463.3 464.7 463.7 464.9 467.6 471.6 479.9 486.4 489.5 488.3 488.9 486.8 484.5 476.1 471.8 473.7 478.8 481.7 479 475.2 471.2 466.3 464.4 463.7 466.5 472.2 479.7 488.4 496.5 504.1 512.2 517.2 517.7 516.6 506.8 493.7 475.7 456.5 437.6 423.8
414.1 415.3 420 436.3 433.6 451.4 482.5 495.6 504.7 513.3 524 531.6 535.9 544.9 557.4 570.3 589 610.5 637.9 655.4 652.2 629.1 600.8 575.3 560.8 577 584.3 562.3 537.1 509.8 484.2 464.4 447.2 432.8 407 380 439 454.3 460.7 470.5 487.4 506.1 529.4 558.8 567.3 555 543.4 529.6 514.1 490.8 478.9 484.2 486.6 486.5 485.6 486.4 478.7 477.9 474.6 476.3 480.2 484.4 489.4 495.1 499.6 506 511.2 516.5 521.6 522.2 519.3 508.5 492.4 469.2 447.7 428.6
419.3 428.4 439.8 461.9 490.7 558.2 533.2 523.8 527.4 540.2 554 562.9 568.2 581.7 602.3 626.8 651.8 678.8 708.9 727.9 719.1 680.1 632.9 601.6 584.6 575.2 569.5 560.4 538.8 511 478.1 457.7 443.3 434.8 428.6 425.6 430.3 442.4 455.6 468.9 485.7 505.2 527.2 561.7 601.1 618.2 584.7 561.4 548.9 539.3 533.4 508.4 491 486.5 482.3 475.6 479.5 474.7 479.7 486 491.6 494.9 494.8 494.6 496.4 502.8 512.7 526 538 546.5 551.2 547.9 543.9 525.9 497.6 471.3
402.9 421.5 440.3 460.4 478.5 495.7 508.8 520.1 531.7 547.2 563.9 580 598.7 623.2 651.7 681.5 707.6 727.9 738.7 718.9 694 654.9 617.5 594 575.9 568 555.9 534.6 508.8 479.2 455.2 435.2 430.8 433.9 433.7 432.2 440.1 450.3 462.3 478 493.1 501.4 502.2 521 537.3 540.5 529.9 524.6 521.7 509.6 461.1 480.8 484 477.8 469.5 458.1 448.2 454.7 470.6 487.1 505.1 507.1 498.2 488.4 485.3 493.5 511.4 532.2 550.7 567.8 583.9 598.1 605.7 598.3 576.4 542.8
369.5 404.7 444.3 469.9 487 503.9 514.7 525.6 538.9 556.2 577.8 606.2 634.3 660.2 690.4 719.7 751.9 763.1 748.6 710.7 663.8 613 579.7 570.6 592.2 586.5 550 513 475.4 437.3 408.8 389.5 394.4 422 431.4 429.4 431.6 444.8 458 472.6 486.4 501.7 503.1 496.3 495.4 496.5 497 498 490.1 479.8 472 475 476.8 470.7 463 455.3 446.2 454.3 468.3 478.7 493 510.1 505.2 499.3 499.6 508.2 526.7 547.1 568.7 591 615.6 635 644.3 639.9 621 589.3
311.7 418 456.1 471.6 487.1 504.9 520 536.5 550.1 566.8 589.4 615.2 626.8 692.1 692.7 719 756.6 761.9 735.7 697.7 640.9 579.6 544.8 532.9 524.6 522.8 505.2 474.2 439.6 406.1 376.7 351 344.1 372.2 401.8 420.7 424.8 421.6 419.7 426 438.9 453.4 451 444.8 448 455.9 458.2 455.4 450.5 446.5 450.7 467 479.1 482.1 478.2 480.3 482.5 478.6 474.8 460.7 463.8 486.8 505.5 517.1 527.7 541.3 563.2 583.2 594.5 597.9 617.5 644.3 654.9 645.3 626.3 592.6
489.8 483.8 482.9 487.7 497.6 509.8 528.7 554.5 572.2 576.2 573.7 577.9 584.6 598.9 609.3 628.8 649.5 660.7 664.1 669.7 648.4 596.9 540.6 506.3 471.6 444.9 445.7 418.8 386.1 373.4 367.2 371.2 377.4 387.6 432.8 466.1 450 410.8 367.8 356.8 368.2 364.2 354.1 378.8 419.9 437.2 433.9 425 406.9 403.5 417 445 473.4 492.1 502.8 511.2 518 525 525.5 526.7 530.9 532.6 527.9 521.6 522 537.3 568.3 606.1 591.7 550.1 547.2 566.9 582.1 586.8 578.5 560.8
485.5 506.6 510.9 511.1 514 516.6 530.6 566.7 591.6 573.7 536.4 504.7 481.3 482.8 502.5 522.8 532.5 530.2 652.9 703.3 671.2 623.6 568.2 530.1 511.6 517.2 494.3 430.7 381.1 371.3 376.9 383.7 400.1 417.6 438.8 450.3 440.9 415.7 388.3 375.6 377.2 377.9 371.7 384 413.5 428.3 424.7 415 407.4 413.8 432.1 462.8 489.8 506.7 519.4 535.9 558.8 577.2 575.5 581.5 591.7 576.3 543.5 515.3 496.5 502.8 532.6 522.2 502.9 471 470 480.6 479.7 492.3 502 510.8
480.2 496.5 505.7 507.2 498.6 495.7 496.9 504.8 518.1 506.3 478.1 454 452.2 461.9 450.2 447.3 439.7 533.2 626.8 651.7 640.4 585 545 543.3 505.2 466.6 494.2 462.4 425 406.1 401.5 402.8 405.8 409.8 415.2 422.2 422.6 410 397.6 388.4 384.6 383 382.5 388.3 397.1 406.3 414.2 419.4 426.3 441.4 462 485.2 504.8 514.9 520.2 518.4 508.7 521.3 547.6 559.4 565.7 552.4 520.9 491.7 479.7 492.7 507 497.8 476.1 452.8 442.7 446.7 450.7 456.6 473.9 496.1
462.6 476.7 480.3 465.3 466.1 475.5 479.2 479.2 464.3 452.4 436.6 404.7 362.5 317.5 369.9 421.6 479 500.9 502.1 498.3 548.4 590 551.7 454.5 472.2 454.5 430 406.8 389 377.3 380.8 399.9 386.3 377.7 379.8 389.2 393.9 393.8 390.7 388.8 372.8 378.4 387.5 388.3 388.2 390.4 395.5 406.9 420.7 434.7 449.6 468.8 495.6 515.2 520.5 524.1 539.4 531.9 538.2 546.8 539.7 521 499 473 446.9 443.3 465.6 471.6 460.2 442.8 432.5 453.2 465.4 473.1 490.7 514.2
400.7 427.7 447.7 466.7 465.7 457.9 469.7 468.8 449.8 430.9 415.2 408.3 388.3 371.4 372 401.6 429.7 443.7 420.2 380.6 490.5 520.8 480.2 448.4 427.4 417.5 387.9 365.1 349.5 319.4 307.4 326.3 341.3 352.5 364.5 375 383.6 391 394.8 388.5 388.6 402.5 411.8 400.6 387.8 369.2 369.6 398.4 428.2 442.8 451.4 467.7 489 504.1 512.4 519.7 533.7 542.1 578.2 561.2 532.1 507.9 499.2 487.5 466.1 455.6 462.7 473.5 485.8 498.5 525.2 553.2 545.5 520.7 515.8 542.4
376.1 396.4 405.2 397.4 393 393.6 390.3 401.8 400.6 385.3 372.5 372.9 390.1 416.7 397.1 393.2 392 381.2 394.6 450.9 526.1 484.1 441.4 409.6 402.4 399.9 386.9 365.8 348.2 331 325.7 325.3 327.1 330.2 352.8 370.3 368.5 373.4 378.9 387.2 394.6 399.9 401.5 402.6 402.3 394.1 390.7 418.8 442.1 448.7 455 475.1 505.3 519.4 500.7 493.6 501.8 514.7 527.2 532 519.1 497 477.7 472.7 476.1 474.6 480.9 496.2 509.6 530.6 560.3 583.9 592.6 596.6 601.3 606.4
456.1 414.9 398.5 380.4 367 345.8 341.2 375.6 390.1 369.6 345.3 327.2 335.5 371.6 373.4 371.3 375.5 385.1 376.9 348.3 366.2 386 377.4 366.5 386.5 391 403 371.2 344.3 323.8 331.3 337.5 314.6 300.2 313.4 322.6 320.2 342.4 371.2 376.7 366.3 355.7 358.6 378.9 404.7 417.9 422.7 433.9 452.2 454 439.4 447.5 489.6 487.5 471.4 466.6 463.7 464.7 482.7 503.4 518 514.8 499.3 488.7 481 482.2 499.7 523.5 544.8 573.6 607.4 635 646.3 649.4 639.4 619.7
435.6 411.2 393.6 380.2 372.5 374.2 379.2 380.8 396.1 361.5 356.2 357.4 361.5 373.8 349.4 379.5 418.4 441.5 405.1 381.8 370.9 393.2 378.4 363.9 351.7 360.7 364.6 346.9 338.1 325.6 318.4 329.2 308.4 288.2 285.5 287.7 304 329.8 353.6 337.1 313.6 313.2 323.8 337.1 360.2 384.5 401.9 416.1 427.2 427 409.8 399.6 405.3 406 425 427.5 430.1 439.9 460.6 499.1 534.9 521 492.1 472.1 464.9 475.3 504.9 551.6 601.8 639.5 653 677.6 671.1 647.6 636.7 582.5
377 358.9 386.7 375.8 370 361.8 340.4 300.4 280.1 280.9 294 320.4 334.8 356.3 381.1 403.6 423.9 426.5 390.2 336.5 355 400 417.5 407.4 381 356.1 330.4 318.5 323.8 315.3 294.5 293.3 286.6 272.6 265.5 269.2 273.5 279.9 280.5 267 251.9 283.6 310.9 321.6 337.6 356.8 372 387.5 397.7 402.3 410.4 406.5 387.2 374.7 364 355.2 353.3 362.3 400.7 450.2 480.3 487.8 471.7 455 449.8 454.1 475 511.7 564.8 604.3 600.2 620.4 678.3 658.7 622.4 600
364.8 366.4 368.3 373.4 374.2 367.2 344.7 320.1 306.2 303.5 313.5 333.8 331.6 346.4 359.7 388.4 409.9 430 427.2 415 437.1 496.4 546.8 541.2 456.6 372.4 322.4 284.5 298.5 292.3 281 275.4 266.5 259.6 248.6 250.8 251.8 256.3 261.7 265.6 282.1 308.1 324.2 328.6 334 337.1 341.7 355.5 366.1 371.9 379.3 377 339.1 313 324 322.3 333.8 283.5 354.5 431.1 478 481.6 453.5 437.4 436.8 447.2 455.5 465.4 482.7 547.7 535.7 561.6 556.2 568.5 576.4 560.2
426.5 425 404.6 391.3 377.4 370.9 360.8 351.2 339.8 359.4 323.8 293.2 306.1 333.6 359.2 404.9 391.6 438.7 451.2 431.4 450.4 495.7 517 449.7 357.5 331.7 321.9 308.2 293.4 281.1 268.7 258.9 252.9 230.3 227.2 227.9 230.7 243.2 247.7 258.1 279.9 319.7 345.8 334.4 336.4 325.9 321.2 360.5 366.2 360.8 371.2 370.7 343.5 331.4 343.3 337.7 338.1 353.9 355.9 380.9 403 401.2 422 447.1 458.7 434.9 405.3 429.4 447.1 501.5 521.9 520.3 523.4 536.3 551.9 575.7
530.7 474.3 439.2 419.6 374 365.7 360.6 361.4 335.8 300.5 292.1 297.6 316.6 274.4 290.5 336 367.7 409.1 440.6 414.9 371.5 364.6 352.3 335.4 308.5 296.4 286.1 276.9 266.3 249.3 235.5 230.7 221.9 208.8 229.5 251.8 250.6 240.6 244.3 257.1 270.5 282.7 298.4 308.6 323.7 342.3 387.3 438.2 389 351.1 347.9 355.9 364.2 386.3 364.9 337 317.3 320.8 322 322.6 321.9 329.5 363.8 415.2 495.3 484.5 423.2 403.2 425.6 475.5 517.4 515.9 476.1 504.1 530.4 531.1
403.5 407.3 394.9 398.6 383.4 355.9 342.7 339.4 340.9 261.1 253.7 301.3 325.4 290.9 298.8 334.8 359.9 398.3 472.4 414.3 325.7 299.4 271.8 277.1 278.9 277.9 275.1 266.6 258.8 245.8 238.2 242.2 238.3 262.7 309.5 295.3 274.1 264.9 273.4 285 290.8 284.1 279.7 284.5 304.9 324.2 338.9 344.9 329.5 326.8 321 356.1 346.1 329.5 318.2 310.2 310.4 309.4 302.2 307.7 304.2 294.1 318.7 326.5 369 380.2 368.9 387.7 418.9 461.1 522.5 557.8 536.9 559.1 583.5 605.8
343.9 318.8 337.8 371.4 393.4 326.1 278.2 326.3 332.6 303.3 284.5 279.7 272.7 263 268.7 275.9 288.1 316.9 344.8 333.3 283.4 234.9 230.1 250.5 269.2 278.4 266.2 258.5 256.6 254.8 251.2 268.5 258.6 269.9 292.8 294.5 270.8 246.5 250.8 287.6 291.9 273.4 224.5 252.4 296 291.6 287.3 283.5 290.8 302.8 308.6 303 289.2 288.1 269.7 276.6 281.8 288.7 287.1 275.5 276.5 275 288.4 305.7 309.6 285.5 324.1 367 386.8 410 503.3 534.2 541.9 568.9 603.5 648.1
342 319.3 319.3 323.6 317.7 289.1 242.7 273.6 237.8 279 287.3 271.9 256.5 244.8 235 224.7 238 283.9 309.7 308.9 287.4 256.1 240.2 253.5 269.2 264.6 239.1 255 256.3 257.8 241.5 240.6 245.7 253 242.5 237.9 231.9 209.7 221.7 262 275.1 260.9 252.3 242.6 232.2 231.2 223.6 224.1 240.2 257.8 266.9 272.3 282 282.4 278.6 277.8 286.1 293.3 290.4 279.4 268.7 265.2 277.8 306.9 329.2 322.9 323.9 359.7 398.3 421.1 464.5 528.3 566.1 538.5 537.8 615.6
432.7 395.3 367 309.6 281.4 267.2 246.2 242.4 253.1 275.1 281.3 257.7 240.5 225.6 221 225 253.7 303.5 335.9 302.3 275.8 254.4 232.3 242 263.7 255 255.7 256.8 232.3 227.9 224.9 221.2 218.4 222.7 228 224.4 221.3 232.1 252.8 265.3 272.5 274 275.2 248.4 208.4 170.5 168.2 203.7 230 247.6 263.6 275.8 284.2 289.4 291.5 284.4 290.1 292.9 309.7 285.4 271.4 261 247 290.5 317 307.2 301.1 329.3 380.2 416.5 466.3 547.9 610 689.8 727.2 637.1
721.9 501.4 381.7 304.8 279.3 247.2 207.8 189.8 192.2 208.1 219 220.3 218 225.1 228.7 209.8 214.8 249.4 280.4 260.4 226.4 231.5 217.6 217.3 231.7 230.2 222.6 214.3 202.9 194.6 196.9 204 199.3 198.8 208.1 212.4 210.3 228.7 264.9 267.6 268.7 318.1 408.6 234.1 209.3 188.2 198.4 223.1 245.3 275.3 299 296.3 293.5 298.3 310.2 301.3 288.2 275.3 262.5 256 257.3 260.7 258.3 270.5 284.6 268.5 239.5 305.2 364.3 371.8 461.3 554.9 576.8 605.8 596.9 646.5
299.5 316.7 287 243.2 211 188.2 171 138.7 153.3 161.6 163.2 163 165 192.7 208.4 214.5 207.4 215.5 236.6 248.1 247.5 248.3 235.8 228.1 227.2 217.1 198.3 183.5 180.5 161.9 181.1 185.3 185.5 186.5 198.3 211 216.3 209.2 187.5 226.2 271.6 300.5 281.4 245 238.3 244.8 300 258.4 255.7 265.8 278.5 279.4 275.6 276.7 297.5 293.2 276.6 252.6 230.7 217.8 212.1 221.7 235 235.5 248 269.3 296.4 393.6 469.6 454.5 487.6 546.3 573 521.6 503.6 502.5
235.5 235.1 202.3 202.6 195.2 171.3 147.8 138.5 140 141.7 145 156.2 174.3 165.7 177.9 203.1 196.5 219.2 282 286.8 270.1 245 245.7 254 219.4 201.3 187.2 183.7 182.7 184.8 181.8 172.6 164.9 175.6 191.3 205.6 215.6 220 220.6 226.7 243.5 255.8 246.6 233.9 231.5 243.1 244.6 240.7 257 260.1 252.7 248.5 253.3 260.7 269.9 275 278.1 261.8 233.9 203.6 181.2 189.6 200.6 193.4 194.9 218.7 284 366.3 431.1 480.5 497.7 506.7 473.3 415.1 438.8 446.1
207 214.9 202.4 189.7 176.3 165.8 156.9 151 130.3 131.7 139.9 147.9 158 163.4 161.3 161.8 194.2 234 201.9 207.9 207.4 194.1 189.7 190.6 182.2 177 162.9 159.8 166.2 170.8 169.5 165.4 167.6 185 197.5 186.1 212.7 247.1 243.7 237.3 229.6 226.2 227.6 227.3 217.1 219 223.4 233.9 260.5 285.3 289.1 258.1 259.8 306.7 348.8 355.6 337.8 288.4 254.3 218.7 194.5 185.2 181.5 173.4 173.6 186 242.7 258.8 400 533.7 476.3 503.9 496.8 486.6 504 525.1
185 186.1 183.3 188.5 192.4 190.6 184.3 173.5 159.4 149.2 146.2 140.1 141.7 150 157.4 165.1 176.3 187.4 179.8 142.6 152 153.6 152 149.2 147.1 144.4 132.5 135.1 145.3 150.5 152.9 155.5 166.7 178.4 184 181.1 187.5 210.6 221.1 212.6 203.8 208.6 221.7 223.4 220.6 226.3 229.1 245.2 262.4 295.7 280.6 207.1 230.8 318.3 421.8 466.3 413.1 310.9 244.4 203.8 176.2 159.9 158.8 160.8 164.9 171.8 193.7 232.5 323.8 355 414 390.3 492.1 462.4 470.5 510.5
