datasets/global_precipitation_1950_2017/rasters/precip_1958-total.asc
NCOLS 720 
NROWS 347 
XLLCORNER -180 
YLLCORNER -90 
CELLSIZE 0.5 
NODATA_value -9999 
[rows 34 to 67 of 347, columns 380 to 455 of 720]
-9999 -9999 -9999 -9999 -9999 1633.4 1906.2 -9999 1335.9 1039.8 976.3 676.9 511.5 494.1 479.6 433.1 443.9 439.2 411.4 440.7 505.4 489.3 484.9 451.3 578.3 454.9 549.2 526.8 549.2 533.1 520.8 515.8 538.7 475.7 482.9 510 534.5 531.5 522.7 521 518.8 512.4 507.4 502 500.2 501.3 490.4 455.6 -9999 -9999 -9999 -9999 -9999 -9999 360.6 363.7 368.7 372.5 379.9 384.8 -9999 -9999 -9999 -9999 372.4 386.5 401.8 -9999 387.9 380 377.5 388.5 404.9 424.8 448.7 467.2
-9999 -9999 -9999 -9999 -9999 1315.7 1393.8 1145.9 944.7 724.7 592.1 571.9 535.3 425 417.3 434.1 410.1 382.7 373.2 390.9 416.4 427.3 451.2 399 376.5 401.1 -9999 -9999 -9999 418.6 480.9 536.1 548.9 545.6 577.9 583.9 590.2 588.2 551.8 539.8 537.5 534.6 522.5 509.7 505.6 498 474.2 435.5 394.4 -9999 -9999 -9999 -9999 -9999 -9999 -9999 -9999 -9999 -9999 -9999 -9999 378.6 382.5 385.3 387.4 386.9 382.9 369 298.6 325 360 387.6 414.7 441.5 473.6 499.4
-9999 -9999 -9999 -9999 -9999 1275 1170.2 910.8 645.1 602.1 592.7 579.3 482.8 369.7 469.3 506.2 439.5 389.4 438.9 435.7 440.4 453.7 416.1 -9999 -9999 -9999 -9999 -9999 -9999 -9999 -9999 419.4 463.3 491.1 475.7 546.9 587.8 586.3 555.6 551.4 572.1 564.3 559.7 546.3 522.4 484.8 437.8 399.2 373 -9999 -9999 -9999 -9999 -9999 -9999 -9999 -9999 -9999 -9999 -9999 417.9 438 451.1 457 456.4 447.7 433.2 422.9 415.3 421.8 442.3 456.7 471.3 482.7 499.3 516.4
-9999 -9999 1177.5 1507 1484.1 1042.1 898 788.5 715.1 627.3 576.1 569.3 541 484.2 518.8 570.9 427.6 406.2 438.6 466.4 486.8 456.6 -9999 -9999 -9999 -9999 -9999 -9999 -9999 411.8 406.2 410.5 454.3 463.7 472.2 508.6 590.8 510.9 534.9 496.4 539.8 541.8 528.7 515 501.1 471.6 428.7 396.8 378.1 379.7 -9999 -9999 -9999 326.6 334.2 338.2 -9999 -9999 -9999 -9999 507.9 525.1 500.8 491.8 496.8 509.7 520.4 515.7 504.4 501.3 507.5 511.7 508.3 505.4 505.4 505.9
-9999 1228.8 1073.6 946.5 980.8 882.5 726.3 619.7 572.6 599.6 604.1 548.4 564 570.9 518.1 519.8 528.3 482.9 464.8 550.5 548.4 539.9 -9999 -9999 -9999 -9999 -9999 -9999 464.8 411.4 396.2 379 418.4 420.4 416.1 392.9 493.9 491.4 506.6 461.9 539.1 521.6 496.8 466.1 440.6 421.2 423.5 428.6 428.9 412.7 375.7 352.3 -9999 -9999 -9999 -9999 421.8 430.1 447 472.7 497.1 489.7 470.3 457.6 477.5 495.8 509.1 519.6 529.1 535.4 537.2 538 535.6 533.6 533.3 532.9
1429.5 1317.7 852.3 776 933.1 802.5 720.7 767.1 740.8 560.2 567.2 538.1 575.4 510.7 527.1 686 644.3 519.4 660.1 609.9 579.6 -9999 -9999 -9999 -9999 469.2 468.4 484 525.9 466.3 360 439 447.8 461.1 507.3 545 513.1 487.9 519.9 553.8 518.3 470.1 484.8 482.3 459.4 452.8 473.4 508.9 541.4 506.8 463.1 437.6 427.9 430.3 440.8 454.1 457.4 455.4 461.3 477.4 489.4 493.1 489.6 487.3 497.4 513 528.9 544.6 555.7 566.9 572.9 577 576.8 575.8 574.4 566
885.7 852.2 841.8 882.7 837.1 608.5 550.1 584.4 483.9 466.8 522.9 519.1 615.4 556 528.6 544.1 759 569.9 -9999 -9999 -9999 -9999 -9999 -9999 481.8 471.5 507.7 520 512.1 449.3 462.1 506.3 471.1 500 488.1 513.8 529.7 544.9 495.8 536.2 532.8 557.1 583.5 585 547.2 513.4 485.7 517.8 567 566.8 538.7 518.7 508.1 494 474.2 452.5 436.3 426.2 432.8 491.8 558.1 564.1 542.7 529.2 538 555.8 573.8 590.4 599.8 603.4 602.3 596.2 593.3 594.8 599.5 600.4
474.3 554.6 675.2 741.5 632.1 544.3 534.1 460.6 527.7 513.1 488 519.2 548.7 536.9 605.8 633.4 -9999 -9999 -9999 -9999 -9999 -9999 583.7 569.4 573.2 522.2 507.9 511.1 533.2 510.6 455 459.9 497.5 546.2 493.4 502.5 527.3 546.3 520.7 526.5 565.7 558.9 579.8 600.9 600.1 571.6 571 595.6 634.8 614.6 561.1 534 530.6 528.7 517.8 499.8 491 484.7 495.3 540.4 586.1 602.8 602.1 600.8 607.2 663.2 646.3 641.9 643.3 646.8 638.2 624.8 605.8 586.9 571.5 559.5
391.3 364.1 490.5 488.1 579.2 552.9 562.8 548.1 619.7 616.3 540.3 517.7 600 577.2 589.8 -9999 -9999 -9999 -9999 -9999 -9999 -9999 -9999 621.2 610.5 584.2 542.4 530.7 517.8 570.5 569.2 572 546.6 553.2 539.4 503 482.7 514.1 524.9 495.8 510.9 528.6 549.9 579.5 602.9 587.7 581 563.4 524 550.8 566.7 560.5 547.5 534.8 547.5 565.9 575.3 586.2 605.8 629.2 641.6 645.5 650.2 652.3 654.1 654.8 661.6 669 673 675.8 667.2 634.1 596.9 571.4 546.9 528.9
519.8 463.5 423.6 462.8 534.8 583.8 554.7 599 644.2 651.6 629.8 510.8 438.8 524.2 549.7 -9999 -9999 -9999 -9999 -9999 -9999 -9999 -9999 575.9 580 609.3 551.3 542.7 536.8 524.8 568.1 522.2 537.5 501.5 497.5 486.9 479.3 471.8 478.5 487.6 507.8 570.7 554.3 579.4 612.9 634.4 659.3 663 616.2 600.4 603 589.2 556.9 548.5 586.6 618 613.5 597.3 621.2 670 679.1 675.5 655.4 641 632.6 631.2 632.7 639.5 638.3 636.5 623.7 599 571.9 541 517.5 507.1
586.8 593 621.8 648.7 731.3 642.5 641.2 610.3 600.6 621.6 516.5 549.2 520.5 506.8 -9999 -9999 -9999 -9999 -9999 -9999 -9999 -9999 -9999 475.6 457.6 445.2 486.7 469.2 468 501.3 527.6 516.7 503.9 491.3 449.6 398.4 435.6 458 480.7 500.9 514.3 538.5 573.6 617.1 650.5 666.5 680.9 693.9 694.8 699.5 718.6 754.1 791.7 786.8 736.2 683.6 637.9 604 614.7 655.8 672.9 656.2 614.1 560.4 541.5 560 582.1 594.9 601.2 599.6 594 587.7 583.2 515.5 488.2 480.2
692.4 553.2 484.1 532.6 599 574.4 623.9 609.8 599.7 585.1 617.1 582.9 677.3 689.9 696.8 -9999 -9999 -9999 -9999 -9999 -9999 -9999 -9999 491.7 508 466.4 461.7 468.6 529.1 566.8 546.4 545.3 526.4 528.7 511.1 523.5 522.5 559 547.8 573.1 586.7 606.9 642 682.4 709.3 723.2 767.3 800.4 791.2 820 815.9 822.3 846.5 837.3 783.4 721.4 677.8 658.6 666.3 687.4 694.6 669.9 627.8 588.2 576.5 589.4 601.7 602.8 594.7 582.1 568.8 550 527.8 509.8 468.3 434.9
668.2 780.6 699.4 559.8 591.6 688.5 603.2 595.4 699.2 672.6 650 634.7 560.3 585.2 616 613.7 613.2 -9999 -9999 624 607.1 -9999 -9999 -9999 467.4 -9999 561.4 608.8 591.5 562.5 -9999 587.8 -9999 -9999 -9999 -9999 -9999 -9999 519 554.9 622.1 655.8 683.7 722.1 763.2 756.7 762.4 766.9 774.1 784.8 785.4 775.6 756 733.5 695.8 655.1 640.8 634.3 637.1 662.7 684 675 662.1 661.9 670.6 678.8 676.6 657.3 629.6 599.5 570.8 541.8 505.3 457.2 371.2 236.4
920.6 766.3 699.4 668.2 603.3 607.1 654.6 696.3 743.1 766.4 773 707.6 695.9 578.1 561.6 565.7 596.8 625.8 -9999 -9999 -9999 -9999 -9999 -9999 -9999 -9999 -9999 -9999 -9999 -9999 -9999 -9999 -9999 -9999 -9999 -9999 -9999 531.3 543 587.9 705.8 672.1 677.6 689.5 688.6 720.9 757.1 729 754.8 747 734 716.2 704.5 694.7 680.6 661.8 629.7 610.5 562.2 560.3 564.8 580.7 605.4 639.1 672.3 689.1 682.9 660.7 640.7 624 610.3 589.4 542.7 488.5 446 437.4
994.7 783 741.3 696.8 656.4 749.2 706.6 669.9 696 795.9 785.3 691.8 675.4 685 554.1 519.3 592.8 -9999 -9999 -9999 -9999 -9999 -9999 -9999 -9999 -9999 -9999 531.2 558.6 574.9 570.8 587.3 521.6 486.9 499.4 497.3 505.4 628.6 594.2 606.9 630.9 631 648 668.3 702.8 736.8 746 728.5 700.7 692.3 682.2 672.4 682 697.3 706.9 724.2 760.6 681.7 636.6 630.6 570.4 565.4 575.5 579.7 581.4 612 634.9 640.7 638.6 634 620.7 607.5 583.5 550.5 531.2 527
-9999 -9999 687.4 814.8 763 649.9 599.3 618 725.1 761.6 778.6 680.1 741.2 698.1 672.5 -9999 -9999 -9999 -9999 -9999 -9999 -9999 -9999 -9999 -9999 -9999 -9999 -9999 1635.5 710.5 524.7 513.5 514.3 487.6 495.9 616.4 583.1 600 596.5 573.5 574.6 569.7 568.9 623.1 692.8 752 707.8 669.4 618.4 607.1 647.6 671.1 680.4 695.8 708.2 695.3 674.9 648.8 616.2 594.3 574.6 575.8 601.8 610.5 606.6 623.2 635 639.9 669.2 657.6 616.5 595 583.5 569.4 559.8 567.2
-9999 -9999 -9999 913.2 709.4 656.7 623.5 665.9 642.4 635 645.5 610.2 696.8 -9999 -9999 -9999 -9999 -9999 -9999 -9999 -9999 -9999 -9999 -9999 465.1 -9999 -9999 -9999 -9999 532.2 523.6 498.6 493.2 444.3 507.7 554.9 612.2 677.5 698.8 621.2 590.3 568.2 556.9 606.2 690.8 728 729.3 681 667.3 668.9 668.1 662.5 645 637.9 642 634.4 618.4 606.4 571.7 534.5 514.9 519.2 562.2 601 622.1 641.1 650.7 648 642.7 621.2 585.5 572.8 578.8 562.5 550.8 562.7
-9999 -9999 -9999 -9999 798.1 798.7 808.7 750 617.1 706.6 708.3 700 696.5 -9999 -9999 -9999 -9999 600.5 -9999 -9999 -9999 -9999 -9999 -9999 -9999 -9999 -9999 -9999 -9999 582.6 653.6 646.7 616.2 561.2 566.6 600 664.9 688.6 656.8 621.4 613.7 608.8 599.7 648.5 710.7 724.3 730.6 706.8 698.5 686.4 674.5 677.8 612.8 563 595.6 602.6 583.6 561.4 525.1 452.6 428.4 507.3 532.9 589.7 642.4 665.6 675.6 677.3 667.1 656.8 649.2 644.8 618.9 579 547.2 550.9
626.1 -9999 -9999 -9999 936.6 970 909.7 784.7 680.9 673.5 664.4 687.9 649.7 -9999 -9999 -9999 575.6 -9999 -9999 -9999 -9999 -9999 -9999 572.5 534.5 533 -9999 -9999 -9999 624 642.1 636.4 611.8 605.2 616.1 575.2 639.9 679.1 682.4 666.5 658.3 680.1 710.3 722.3 727.4 654.6 622.5 653 667.4 662.9 646.4 629.6 614.5 612.6 624.9 614 600.1 567.4 543.7 524.4 514.8 525.3 548 603.4 662 696.7 718 681 671.2 687.4 697.1 657.4 617.4 584.2 556.5 545.5
661.2 -9999 -9999 -9999 -9999 884.4 956.6 731 703 671.1 680.5 665.1 498.2 522.5 -9999 -9999 -9999 -9999 -9999 -9999 -9999 -9999 639.9 693.1 572.2 535.3 500.1 525.2 570.5 613.2 656.6 660.8 715.1 667.5 633.5 640.1 700.9 745.8 728.1 678.8 644.9 650.6 679.3 691.8 605.6 569.9 598 612.7 618.7 622 620.9 601.5 584.6 609.3 657.2 643.1 602.3 574.3 568.2 560.2 554.7 563.6 533 536 584.4 609.7 624.6 628.5 656.4 665.8 661.9 636.1 607.7 596.1 632.1 770.7
682 674.9 -9999 -9999 -9999 -9999 1009.5 878.9 651.1 688.9 667 731.8 -9999 -9999 -9999 -9999 -9999 -9999 -9999 -9999 -9999 -9999 650.3 662 634.1 573.8 525.2 522.4 550.5 606 626.7 645.2 658.4 646.1 624.1 636.3 725.3 893.6 804.1 636 575.5 579.7 642.1 685.7 640 597.9 579.3 581.4 589.1 589.8 589.1 581.4 578.4 583.7 612 622.4 615.1 606.6 509.5 550.7 587.9 558 570.8 575.8 583 586.8 575.9 714 631.2 630.3 620.1 597.3 558.5 518.9 524.9 595.5
-9999 -9999 -9999 654.1 789.3 -9999 665.9 720 -9999 -9999 -9999 -9999 -9999 -9999 -9999 -9999 -9999 -9999 -9999 -9999 -9999 -9999 679.6 790.8 723.1 640.4 540.1 566 636.9 637.6 638 651.4 712.1 649.7 612.1 626.4 631.9 630.6 636.6 635.3 628.2 617.8 633.1 650.9 643.9 611.9 597.1 597.4 585.6 579.5 566.6 550.5 563.5 612.9 669.9 676.7 648.5 647.5 620.5 623.6 636.3 639.3 616.3 592.7 585.9 589.8 595.7 600.4 616.8 623.1 615.1 592.1 552.1 515.2 496.3 512.1
665.6 615.4 -9999 754.4 727.4 -9999 -9999 -9999 -9999 585.1 -9999 -9999 -9999 -9999 -9999 -9999 -9999 -9999 -9999 -9999 -9999 -9999 -9999 731.7 755.7 672.9 624.3 628.2 612.4 562.9 626.9 652.9 628 602.3 529 532.6 574.4 594.3 627.9 682 631.6 640.4 680 701.1 704.2 692.9 657.7 631.4 673.4 640 594.9 573.4 584.7 622.7 641 643.4 626.8 606.8 621.9 632.5 646.5 652.6 644.7 625.7 601.1 594.2 569.7 529.6 630.1 665.1 631.5 590.6 553.3 537 512.2 494.8
-9999 -9999 577.8 641.8 -9999 -9999 -9999 -9999 -9999 -9999 -9999 -9999 -9999 -9999 -9999 772.2 731.8 -9999 -9999 -9999 829.8 931.1 826.5 735 716.8 692.1 678.5 710.2 695.7 684.5 712.9 707.8 662 608.2 569.9 544.6 602.7 634.3 645.1 655.3 673.9 692.9 712.7 713.9 717.6 701.8 673.4 660.4 662.3 659.8 650.3 661.7 688.1 665.3 604.5 593.1 619.5 609.3 624.8 625.9 609.9 616.4 634.1 650.6 629 614.1 617.4 624.7 653.6 652.9 634.2 591.8 553.2 532 505.8 479.2
707.1 687.6 -9999 -9999 596.7 663.2 -9999 -9999 -9999 -9999 -9999 -9999 775.8 735.9 763.3 782.4 683.5 662.5 738.1 764.8 771.1 752.5 688.9 703 778.7 729.3 687.1 666.6 706.7 715.2 720.9 704.1 666.6 600.9 625.8 662.6 711.6 727.8 730.2 725.2 724.7 755.8 748.8 725 720.8 719.6 691.4 659.9 646.8 640.9 642.3 655.4 667.2 630.7 543.7 524.9 548.1 563.7 574.9 568.9 575.9 600.3 597 577.7 578.3 589.2 596.8 592.6 608.8 617.2 600.7 576.2 527.2 500.3 491.4 475.9
826.4 674.6 633.2 636.7 613.2 647.9 591.4 647.4 661.6 611 650.8 679.3 688.1 655.1 647.1 629.7 609 603.9 607.2 665.3 662.8 664.1 663 669.3 711.5 722.8 713.7 747.1 694.8 689.9 670.6 823.2 784.9 704.6 710.5 740.3 791.8 779.5 774.6 766.3 802.5 782.4 749.1 737.5 729.2 715.3 682.3 641.4 613.7 618.9 616.1 611.4 604.9 585.2 569.8 545.8 553.2 549.6 547.1 564 627.9 602.3 600 598 570.8 551.8 550.3 551.2 592.9 624.9 664.8 647 511.4 485.4 492.3 482
664.9 675.5 628.8 681.1 636.8 613.2 625.5 557.2 519.1 519.2 568.9 643.3 676.8 661.7 630.9 562.5 511.6 496.5 537.9 593.2 604.5 615 606.6 596.8 623.2 632.6 623.8 643 594.3 613.1 678.2 673.4 680.9 694.6 723.4 746.3 769.4 832.1 879.4 782.5 758.8 777.2 768.3 751 733.5 702.4 657.7 601.2 552.8 543.3 570.2 562.1 565.4 557.1 499.6 528.6 571.1 554.9 545.2 556.9 577.8 585.8 591.3 597.2 570.3 547.3 542.4 565.5 616.2 659.8 670.6 654.7 603.1 552.4 519.4 516.5
706.4 649.2 572.7 591.7 587.3 603 633.3 634.9 599.8 573 587.4 646.3 687.6 683.7 642.8 577.7 521.2 493.7 490.3 512.7 510.9 509.2 514.4 549.1 588.9 614.6 619.2 622.4 611 611.6 610.5 623.9 666.3 678.7 701.5 724 759.8 792.7 783 726.2 720.3 784.5 759.1 711 697 690.1 660.7 605.9 586.8 578.8 573 557.5 554.2 526.4 460.6 468.7 528 544.8 546.7 557.6 570.4 576.9 568.1 550.9 565 563.6 574.5 600.9 634 651.7 642 600.2 563.3 555.1 554.8 542.5
772 760.5 691.8 612.8 626.8 624.6 656.4 604.1 584.4 566.4 600.4 662.9 687.3 680.8 667.4 616 569.3 538.4 529.4 530.4 520.8 524.2 521.6 560.2 606.7 612.1 616.8 673.2 643.4 621.8 607.8 578.9 567.7 614 703.3 777 762.5 754.7 744.2 799.2 766.7 773 747.5 690.5 688.7 676.8 648.1 615.3 602.9 604.7 611.4 620.5 636.3 595.8 518.8 488.5 524.7 500.7 530.3 569.3 568.5 553.6 547.3 549.6 557 561.6 575.7 595.1 617.1 592.2 567 529.8 498.6 546.2 644.3 618.7
1454.3 1198.7 661.7 503.1 628.5 657.5 559.2 593.2 686.6 687.1 634.9 654.1 704.9 685.2 677.6 625.6 585.8 587.9 566.9 578.6 538.3 521.3 523.7 562.8 607.9 627.2 642.6 655.9 642.4 630.2 612.2 595.7 617.5 672.7 743 773.7 724.4 737.3 747.4 705 604.4 658.4 675 685.7 676 694.2 659.2 604.5 619.1 647.3 638.5 636.7 596.8 638.1 643.9 645.4 644 628.1 660.5 600 544.3 528.1 528.2 537 543.1 521.2 526.5 547.3 553.5 547.5 531.3 471.9 473.3 520.5 558.2 621.7
850.5 671.7 627.3 614.2 658.2 737 724 796.8 827.1 822.5 791.5 746.2 689.1 683 685 662.6 655 643.4 597.6 535.5 528.2 537.5 553.8 583 627.1 648.4 628.3 629.1 635.7 620.5 668 693.9 709.4 718.6 757.8 781.6 753.8 752.1 733 669.9 615.1 626.8 612.8 601.4 599.1 581.2 521 575.7 596.8 620.3 647.3 675.1 696.6 700.1 768.9 774.3 705.5 655.3 614.1 575.6 535.5 529.5 534.8 548.8 555 511 499.5 511.6 516.9 503.5 484.4 465.3 464.1 443.2 447.6 459.9
878.5 1101 701.2 739.4 777.6 863.3 958.8 1035.4 821.8 825 1084.4 1323.1 932.5 782.5 710.1 699.5 690.5 700.4 656.7 615.2 565.2 559.1 545.4 551.9 607.4 617.3 608.5 641.1 688.6 670 657.7 675.5 692.3 710.6 732.2 733.8 704.5 674.8 645.3 599.3 565.2 562.1 565.4 565.4 578.9 587.3 609.2 607 577.6 590 657.7 744 673.5 621.2 666.1 679.6 668.7 650.5 620.4 597.6 566.6 552.7 538.3 471.3 470.7 533.5 530 521.2 512.4 494.2 465.4 435.4 409 389.2 369.7 348.3
816.5 768.4 781.3 894.2 847.6 870.7 751.4 662.4 706 601.4 722.8 722.8 981.8 793 885.9 711.7 702.4 732.4 687.4 623.7 673.1 682.1 652.9 611.4 650.2 652.4 643.3 706.7 731.1 729.9 724.1 720 693.5 733.6 752.8 701.6 665 627.2 590.5 575.3 553.5 530.9 517.1 545.7 579 598.1 602.6 635.3 628.8 610.8 607.3 603.3 626.9 631.7 626.6 627.7 639.9 637.9 642.7 634.2 633.2 627.8 615.6 604 622.7 591.3 552.4 536.7 527.4 465.7 409.1 387.2 375.2 366.1 347.8 337.2
647.2 678.3 1078.7 865.8 934 745.8 632.5 761.5 744.6 757.2 729.4 769.4 718.4 621.2 687.5 761.9 826.1 1042.1 1028.2 845.8 819.5 771.2 789.2 776.5 763.6 708.6 753.8 787 741.8 709.6 703.8 673.3 658.3 663.5 622.6 660.8 636.5 607.5 594 576.7 559.6 598.6 599 577.9 571.9 582.1 560.6 583.1 527.9 516.3 615.6 580.4 584.3 579.2 553.8 538.9 585.4 639.7 654.5 637.5 657.8 672.9 696.9 676.2 663 654.2 561.1 497.9 491.5 452.6 413.2 379.8 353.3 342.6 339.6 330.6
