datasets/global_precipitation_1950_2017/rasters/precip_1997-total.asc
NCOLS 720 
NROWS 347 
XLLCORNER -180 
YLLCORNER -90 
CELLSIZE 0.5 
NODATA_value -9999 
[rows 34 to 67 of 347, columns 76 to 151 of 720]
212.8 242.1 274.2 304.5 330.1 348.3 365.6 384.6 406.2 427.2 440.5 433.6 409.8 384.3 360.4 339.2 319.7 303.5 288.5 277 271.6 267.2 266 267.6 270.5 271.8 273.7 277.4 284.7 293.6 301.3 307.5 312.7 316.2 319.5 321.2 321.4 319.1 315 307.6 297 286.8 272.7 259.9 246.7 234.3 222.3 213.1 205.6 201.2 198.8 198.4 198.4 200 200.8 201.4 203.5 204 205.2 206.1 208.4 213.3 225.3 241.3 264 285.5 306.5 322.6 330.4 330.3 324.3 311.5 302 291.4 277.1 261.6
267.6 298.7 328.7 350.9 362.1 366.4 367.3 371.1 382 396.6 409.3 412.9 411.5 403.8 392.3 376.5 355.7 333.6 313.6 293.4 281.6 280.9 278.7 283.5 286.9 288.9 291.1 296.5 304.3 313.1 318.3 322 323.6 326.5 330.1 332.7 332.8 331.5 328.1 321.1 310.6 296.5 281.8 266 249.2 232.1 216.6 204.7 196.4 193.8 195 197.8 200.7 204 206.1 208.1 207.8 205.7 202.6 198.3 193 189.8 193.1 203.2 220.6 242.8 262.3 276 282.6 284.1 280.5 274.8 268.7 258.8 245.4 232.6
326.8 352.6 367.5 377.2 380.4 374.8 361.9 355.8 367.7 389 405.6 413 417.7 419.5 419.8 417.9 406.2 396 376.1 356.9 341.9 336.5 330.1 327.9 321.7 318.5 316.6 315.9 313.3 309.3 304.2 314.9 321.8 330.2 336.9 338.2 340.2 340.1 336.6 330.6 321.9 311.2 293.4 273.8 254.2 234.9 221.4 208.7 204.2 201.4 201.9 205.6 209.6 213.4 215.8 217.1 216 213.5 209.4 204.3 199.5 196.5 196.6 201.7 213.5 228 241.2 250.6 254.6 255.3 251 247.7 239.7 230.6 219.3 207.3
363.1 380.2 385.2 395.2 407 418.2 434.5 447.6 441.1 429.7 423.4 424.4 428 431.3 442.6 444.5 444.2 447.6 464.3 485.5 481.3 477.5 446.3 421 403.7 379.4 360.3 343.9 330.2 321.2 319 320.9 327.3 339.3 343 339.6 337.5 339.8 339.5 337.3 331 319.8 304.2 287 268.3 250.3 235.1 223.3 217.2 214.7 216.3 220.6 226 229.9 232.1 231.5 228.8 226.3 222.4 219.8 217.8 217.7 219.5 223.1 228 234 238.1 240 239 237.7 233.5 228.3 221.9 215.5 208.4 199.8
319 388.8 423.6 416.2 412.2 413.1 433.8 463.4 452.8 429.6 421.3 429 445.4 451.3 452.7 441.8 435.1 447.7 484.1 531 572.3 616.6 583.6 564.5 551.8 498.8 457.4 412.9 377.4 355 339.3 332.1 333.9 337.3 340.4 344.2 346.8 349 349.8 348.6 345.1 337.8 326.3 309.4 290.2 271.5 257.2 244.3 233.5 229.8 231.8 235.5 240.1 243.9 243.6 242.6 239.8 236.5 234.6 235.1 234.3 237.5 237.8 240.7 242.6 244.7 244.5 243.1 239.7 233.9 227.7 219.6 212.7 206.6 203.5 202.3
296.9 336.7 367.3 379.8 389.1 396.1 396.9 390.9 380.1 376.4 383.5 395.4 420.2 439.4 425 407.1 400.2 414.9 450.6 497.8 564.6 618.1 646.1 659.1 643.9 614.8 576 526.1 460.2 403.2 364.9 341.3 335.7 339.2 347.4 356.1 362.9 366.7 368.7 367.9 365.8 363.4 358.2 345.2 325.7 300.3 275.9 257.3 245.9 241.7 240.2 243.4 244 244.1 243.9 243.4 243.7 244.3 246.7 247.7 250.2 252.3 254.3 255.7 257.1 256.4 254.2 250.6 245.5 237.2 227.6 217.1 206.2 197.6 196.4 199.7
235.8 253 277.5 305.3 334.5 356.4 369.5 374.9 375.7 373 368.9 367.3 363 361.2 356.4 353.5 353.8 364.7 394.6 452.6 499.5 571.8 626.3 651.4 642.5 613.6 578.5 541.8 498.8 440.9 397.8 353.7 329.2 333.3 346.2 363.1 375.2 382.1 384.1 386.5 388.1 392.1 389.1 380.4 361.8 332.8 301.5 276.6 257.9 247.1 246.3 245.6 246.9 247.2 246.7 247.3 249.9 251.4 255 258.6 262 265.6 269.4 272 273.6 272.1 268.5 264.3 258.2 250.8 240.2 229.4 221 212.4 209.5 212.4
253.9 221.1 235.1 288 316.5 337 352.5 369.9 390.1 394.6 368 344.1 331.2 325.7 321.6 318.2 328.3 327.9 331.3 355 405.9 467.7 526.3 564 565.1 549.5 535.3 501.7 473.1 429.3 389 344.4 313.9 306.6 315.2 337.8 359.7 377.7 391.5 402.4 407.6 412.8 413.5 407.1 391.6 364.1 333.5 302.2 279.8 266.4 258.3 257 254.6 252.4 252.1 260.6 259.4 262.9 266.4 269.3 270.7 272.6 275.7 280.9 287.2 290 280.8 277.8 274.5 269 261.5 254.2 246.4 239.8 236.5 238.5
311.7 331 346.2 341.8 334.6 326.9 325.3 323.3 321.4 314.6 296 281.9 284.2 288.3 288.2 285 270.7 246.4 259.7 257.5 288.7 354.6 424 469.9 492.9 510 507.8 477.6 425.3 373.5 322.4 305 276.5 261.7 274.6 305.1 340.4 372.1 396.3 410.9 417.7 430.5 433.9 428.1 411.7 387.7 359.2 327.5 302.2 288.3 284 281.1 279.9 278.6 279.7 287.6 288.3 288.9 290.2 289 283.7 278.2 275 274.4 274.2 270.7 266.5 281.5 291 289.1 285.1 277.6 271.7 265.3 262 261.7
426.6 385 350 324.5 315 308.1 305.9 299.4 284.5 273.1 271 266.8 263.6 263.3 267.2 266.5 259.7 252.7 242 234.7 257.7 330.3 404.7 452.5 479.6 508.1 524.3 499.4 437.1 368.7 326.2 283.7 255.2 243.9 247.3 269.3 314.2 369.8 417.7 440.8 451.9 477.3 468.2 450.2 424.8 395.2 362.3 331.2 309.1 303.8 309 313.8 317.8 319.7 323.8 331.2 337.4 338.9 332.5 322.5 312.9 301.8 290.7 275.5 268.3 262.5 280.8 319.5 314.6 310.9 307.3 302.7 295.6 287.4 280.7 276.5
512.5 492.8 412.5 366.5 321.9 306.5 316.8 342.2 336.1 284.7 264.3 255.1 242 251.2 267.1 270.7 273 275.3 277 288.5 330.9 404.8 457.2 486.2 485.7 514.5 561.5 530.1 483.6 437.3 398 342.4 289.8 257 251.9 248.9 263.5 398.7 508.2 502.6 489.4 485.3 476.4 452.7 426.6 396.1 360.5 326.8 305.5 315.1 337 352.4 358.9 363.6 372.3 388.2 399.9 395.6 382.6 370 355.9 342.8 325.9 312.7 301.6 296.8 303.7 308 318.4 329.2 335.7 336 333.9 324.4 310.1 298.9
1369.7 1374.5 1285.6 1073.4 788.9 547.1 468.7 460 493.6 371.1 324.1 276.5 226.7 287.2 261.6 274.4 302.2 323.4 330.7 364.1 426.4 493.4 526.2 544 563.2 577.3 563.5 539.1 509.5 478.1 445.1 413.4 378 358.5 361.3 382.3 417.3 471.6 506.5 514 506.4 498.6 484.3 464.5 438.1 409.6 386.4 375.5 371.5 375.7 382.6 381.7 377.4 385.3 396 403 405.8 402.6 394.1 383.5 373.8 363.8 349.3 340.1 328.9 322.2 322 327 337.8 353.2 368.1 382.9 386.3 377.2 358.2 337.2
2524.3 2648.1 2832.1 2763.6 2451 1955.1 1366.4 791.5 542.8 529.6 546.9 560 471.7 361.3 239.9 274.3 327.2 311.4 255.8 344.8 486.8 588.7 605.5 583.9 557.4 523.5 501 504.5 496.4 481 466.5 458.6 455.1 458 467.5 488 511.9 529.1 532.4 533.7 532.7 527.2 516.5 491.5 458.7 433.4 416.1 419.7 425.6 440.4 459.3 452.8 442 439.1 442.7 438.9 428.3 409.5 388.4 373.2 363 355 347 337.3 329.8 325.1 326.3 334.3 349.3 369.5 394.4 417.1 434.8 441.1 431.5 410.4
-9999 -9999 3330.2 3609 -9999 3376.8 2785.1 1788.1 1073 882.1 809.5 982.8 1067.2 1195.9 956 514.3 405.1 364.3 357.7 417.9 528.8 624.5 644.9 637.4 605.4 553.4 522.6 504.5 484.2 457.4 446.3 451.6 473.5 508 537.1 555.4 564.7 572 580.2 584.8 586.9 585.4 575.1 557.7 514.5 477.5 467.4 467.1 467.9 446.5 474.5 482.2 503.8 532.9 539 509.5 466.3 426.8 392.8 367.7 354 346 341.4 336.8 331 324.1 326 339 358.4 386 426 469.7 500.2 511.6 510 498.8
-9999 -9999 -9999 -9999 -9999 -9999 3153.4 2251.7 1487.4 1252.9 1269.4 1176.7 1224.2 1335.1 1136.3 744.4 565.3 510.6 516 531 587 624.3 673.4 731.1 728.8 483.1 496.8 498.8 493 489.2 488.1 493.1 521.1 572.3 631.4 670.4 665.6 638.8 619.9 616.5 615.9 612.6 602 582.3 562.6 545.6 528.8 515.7 504.8 468.2 480.2 517 543 576.4 585.3 537.7 482.8 442 407.7 378.4 355.8 344.5 344.4 350.9 359 365.5 369.9 379.3 388.8 399.9 457.4 524.1 556.6 560.2 556.5 556
-9999 -9999 -9999 -9999 -9999 -9999 -9999 -9999 2086.5 1993.2 1862.4 -9999 1483.7 1468.5 1713.3 2001.2 1909.4 2024.6 2111.8 1664.9 960.6 559.5 503.2 500.5 501.8 497.9 490.3 498.4 507.6 525 546.1 565.3 590.5 652.7 770.1 869.8 800.2 685.9 616.4 598.9 610.2 611.7 606.4 593.9 589.4 599.4 572.2 556 581.4 513 506.2 539.6 549.1 553.7 537.3 455 392.4 430.9 431.8 398.7 348 295.1 327.7 393.8 451.5 478.5 472.7 466.2 466.2 481 509.8 538.7 561.4 571.2 582.8 589.7
-9999 -9999 -9999 -9999 -9999 -9999 -9999 -9999 -9999 -9999 -9999 -9999 1818.6 1747.6 1946.7 2696.8 3841.8 3358.6 2792.1 1636.1 738.5 450.7 406.1 415.2 421.2 446.3 466.6 479.3 497.5 523.3 553 584.3 620.5 672 742.8 791.1 774.1 720.3 670.1 637.5 620.8 619.6 620.4 603 566.9 605.3 627.6 644.2 620.3 599.5 618.5 649.9 636.9 610.7 587.1 571.5 554.3 543.4 519.1 490.8 467.4 434 416.8 468.3 536.3 561.6 547.4 537.8 534.6 541.3 552.9 567.9 586.9 606.1 625.3 624.6
-9999 -9999 -9999 -9999 -9999 -9999 -9999 -9999 -9999 -9999 -9999 -9999 2691.2 -9999 -9999 2483.7 -9999 2933.5 2341.1 1093.4 517.3 385.4 412.2 446.2 470.4 500.9 522.5 504 498.3 508 534.1 560.1 582.5 615.8 655.3 690.1 709.9 708.4 681.9 646 625.1 635.2 670.6 685.2 695.7 687.8 682.3 688.9 622.6 691.6 675.5 715.4 700 669.8 575.6 569.7 598.1 629.8 598.1 587.3 611.4 495.3 462.5 492.8 510 526.6 545.6 560.2 570.9 577.1 579.3 585 591.7 600.4 609.7 607.4
-9999 -9999 -9999 -9999 -9999 -9999 -9999 -9999 -9999 -9999 -9999 -9999 2637.9 2662.7 -9999 2113.9 -9999 1634 1787.2 1480.1 963.9 740.1 687.2 675.2 717.2 751.4 756.7 707.2 579.4 519.4 524.5 550.5 566.2 585 601.9 626.6 657.6 694.7 715.6 673.7 621.8 621.7 666.8 692.8 687.1 681 675.2 621.8 592.6 558.8 553.3 551.6 545.6 536.7 487 521.2 562 580.6 580 579.2 564.7 555.3 540.6 527.8 523.5 524.7 532.1 540.8 551.8 561.1 568.7 576.6 575.8 578.7 580.7 575.5
-9999 -9999 -9999 -9999 -9999 -9999 -9999 -9999 -9999 -9999 -9999 -9999 -9999 3340.6 3770.5 2939.5 2156.3 -9999 -9999 1898.1 1672.4 1479.9 1699.2 1738.6 1470.3 1447.9 1418.4 1324.7 908.6 563.5 540.2 549.2 556.9 562.1 567 574.3 594.2 619.7 632.5 637.2 663.1 630.9 624.1 620.7 603.2 557.9 560.7 580.7 583.4 543 506.1 495.8 515.2 508.4 525.4 547.3 549.5 542.1 539.7 536.8 527.2 490.7 515.3 527.9 523.8 514.6 503.8 498.7 506.1 521.6 541.5 562.2 577.1 578.9 568.3 562.1
-9999 -9999 -9999 -9999 -9999 -9999 -9999 -9999 -9999 -9999 -9999 -9999 -9999 -9999 4074 3669.7 -9999 2717.9 -9999 2559 2491.7 2440.9 2250.1 2105.8 1976.1 1835.8 1632.5 1222.2 767.9 642.7 631.6 607.3 587.6 576.5 567.6 542.8 520.2 544 567.2 580.6 567.7 553.7 580.7 624.5 568.4 614.7 527.9 514.3 522.2 499 512.7 531.6 530.5 557 581 614.5 605.6 535.6 451.4 457.3 519 596.1 578.8 538 512.7 490.2 467 450.3 457.4 483.1 510.9 534.1 549 553.1 555.1 560.7
-9999 -9999 -9999 -9999 -9999 -9999 -9999 -9999 -9999 -9999 -9999 -9999 -9999 -9999 -9999 -9999 -9999 2655.9 2624.4 2880.1 -9999 3516.2 -9999 2090.5 1826.3 1812.8 1340.4 804.1 643.5 647.3 649 629.4 612.7 613 617.8 574.2 538.6 547.9 588.2 598.5 574.2 585.4 633.7 536.2 587.1 617.3 530.5 457.9 384.2 468.1 496.9 497.4 516.2 578.5 633.2 662.3 634 594 578.2 609.2 588.7 596.6 544.6 495.4 491.5 467.8 440.7 410.1 442 465.2 493.9 519.7 537.9 545.2 548.8 552.6
-9999 -9999 -9999 -9999 -9999 -9999 -9999 -9999 -9999 -9999 -9999 -9999 -9999 -9999 -9999 -9999 -9999 3136.1 2013.8 -9999 -9999 3648 3127.6 2142.2 1895.7 1271.3 1044.2 784.8 636.7 748.9 658.6 600.8 599.2 624.1 667.6 669 597 445.8 558.3 659.1 708.5 707.8 650.4 577 554.9 469.1 499.5 505.5 511 503.8 522.1 457.4 581 601.1 452.3 603.4 617.2 511.4 636.3 647.1 581.1 601.9 564.3 551.9 514.7 480.2 455.1 450 458.2 465.3 485.9 509.7 527.2 548.1 544.4 538.2
-9999 -9999 -9999 -9999 -9999 -9999 -9999 -9999 -9999 -9999 -9999 -9999 -9999 -9999 -9999 -9999 -9999 -9999 -9999 2534.6 -9999 -9999 -9999 2194.4 2086.3 1359.4 834.6 1053.5 726.7 581.1 520.3 608.7 563.2 549.9 591.9 635.3 577.1 592.8 674.4 748.2 759.8 718.7 689.1 650.2 651.7 678.5 617.9 628.4 590.1 550.7 524.2 618.7 711.5 772.1 839.5 646.8 516.7 456 526.7 576.9 571.2 621.1 605.6 532 497.8 470.3 450.4 430.5 416.2 416.8 444.6 473.8 496.7 512 516.1 508.4
-9999 -9999 -9999 -9999 -9999 -9999 -9999 -9999 -9999 -9999 -9999 -9999 -9999 -9999 -9999 -9999 -9999 -9999 -9999 -9999 -9999 -9999 -9999 2628.8 2825.9 2400.7 2058.8 1994.6 1593.4 568.4 507.1 674 537.7 520.2 536.4 533.9 559 652.4 741.2 873.6 891.4 879.9 912 863.5 786.7 618.5 562.7 726.6 654.2 625.2 571.5 515.9 524.5 610.3 687.3 577.4 471.4 497 491.5 518 526 528.3 500.9 472.5 448.8 440.4 460.2 434.8 404 392.6 404.1 422.8 433.7 440.5 444.5 436.9
-9999 -9999 -9999 -9999 -9999 -9999 -9999 -9999 -9999 -9999 -9999 -9999 -9999 -9999 -9999 -9999 -9999 -9999 1895.1 -9999 -9999 -9999 -9999 2406.2 3408.6 3430 2826.1 2455.1 2256.7 1661.8 702.9 505.4 486.2 457.5 406 514.2 572.1 632.8 627.6 708.5 777.7 737.5 795.1 800.1 742.7 651.8 656.9 639.4 641.8 640.2 558 534.9 588.4 693.4 613.2 530.9 502 548.4 490.9 430.3 403 408.7 391.4 381.6 370.4 403.8 418.3 422.7 390.3 383.7 390.6 406.8 400.5 391.8 419.3 421.6
-9999 -9999 -9999 -9999 -9999 -9999 -9999 -9999 -9999 -9999 -9999 -9999 -9999 -9999 -9999 -9999 -9999 -9999 -9999 2344.5 -9999 -9999 -9999 -9999 -9999 4437.8 4448.1 4039 3077.8 2282.2 1187.2 696.7 543.8 454 410 446.8 521.4 552.4 589.5 638.8 779.4 757.3 770.2 714.9 757.9 765.4 661.4 540.9 673.6 669.5 619.8 547.7 631.6 728 627.6 532 535.3 507.9 422.1 365.6 356 377.9 370.8 383 407.6 396.9 396.6 433 380.3 343.5 359 379.6 415.6 430.6 423.3 415.1
-9999 -9999 -9999 -9999 -9999 -9999 -9999 -9999 -9999 -9999 -9999 -9999 -9999 -9999 -9999 -9999 -9999 -9999 -9999 -9999 4401 -9999 -9999 -9999 -9999 4184.1 4976 4925.3 4248.9 3207.3 2059.8 1387 1033.8 724.6 370.9 305 394.3 451.6 476.2 523.3 665.4 756.7 800.1 878.2 1045.9 891.9 800.8 715.8 689.6 707.1 634.1 514.9 548 587.7 577.7 553.4 510 532.4 396.4 372.3 281.8 406.6 412.5 386 355 349.3 339.8 404.5 358.8 314.6 373.9 351.4 385.6 389.2 380.4 412.3
-9999 -9999 -9999 -9999 -9999 -9999 -9999 -9999 -9999 -9999 -9999 -9999 -9999 -9999 -9999 -9999 -9999 -9999 -9999 -9999 -9999 2731.3 -9999 -9999 -9999 -9999 -9999 -9999 -9999 3399.8 2163.3 1104.1 852.2 529.9 323.8 259.2 258.7 275.2 388.8 413 528.1 682.6 1054.3 1122.3 1134 1244 1456.7 1370 1128 1189.1 794.4 429.4 503.6 582.8 543.4 500.3 476.1 395.1 336 302.9 302.7 329.3 333.7 311.2 301.8 252.9 267.6 313.3 344.9 307.5 312.6 318.6 322.1 313 386.3 454.6
-9999 -9999 -9999 -9999 -9999 -9999 -9999 -9999 -9999 -9999 -9999 -9999 -9999 -9999 -9999 -9999 -9999 -9999 -9999 -9999 -9999 -9999 -9999 -9999 -9999 -9999 -9999 -9999 3518.1 3461.3 2787.5 1674.1 755.5 401.9 356.1 387.7 314 252.8 272.4 364.3 406 490 609.7 631.3 593.5 930.4 1297.9 1353.8 1531 1319.6 1283.8 919.4 570.4 494.4 443.5 454.8 378.7 277.8 280.6 338.2 283.6 253.8 252.2 268.9 269.8 301.4 289.7 248.6 270.5 268.1 278.5 307.6 354.2 279.9 326.7 376.8
-9999 -9999 -9999 -9999 -9999 -9999 -9999 -9999 -9999 -9999 -9999 -9999 -9999 -9999 -9999 -9999 -9999 -9999 -9999 -9999 -9999 -9999 -9999 -9999 -9999 -9999 -9999 -9999 3091.8 2878.2 2878.9 2759.9 1753.1 969.3 580.2 470.2 409.2 392.9 405.3 382.2 439.3 470 538 659 604.9 972.4 1059.5 1344.4 2259.6 1280 689.5 750.7 460.4 396.1 445.1 406.4 376.4 343.6 255.8 228.4 201.9 239.5 269 244.4 250.6 271.1 275.6 285.7 266 286.2 290.9 319.5 315.7 293.3 318.9 332.8
-9999 -9999 -9999 -9999 -9999 -9999 -9999 -9999 -9999 -9999 -9999 -9999 -9999 -9999 -9999 -9999 -9999 -9999 -9999 -9999 -9999 -9999 -9999 -9999 -9999 -9999 -9999 3000 2801.6 -9999 -9999 2166.3 2197.3 2363.2 2316.3 2685.3 1507.8 943.7 767 613.8 346.4 237.5 343.2 386.5 578.7 673.8 837.5 966 1234.4 1139.9 958.5 379.2 436.4 463 493.5 443.4 399.2 324 293.2 257.2 244.2 284.2 235.6 194.2 233.9 234.9 255.7 258.5 280 334 322.3 298.7 311.2 315.2 325.9 326
-9999 -9999 -9999 -9999 -9999 -9999 -9999 -9999 -9999 -9999 -9999 -9999 -9999 -9999 -9999 -9999 -9999 -9999 -9999 -9999 -9999 -9999 -9999 -9999 -9999 -9999 -9999 -9999 -9999 4150.8 4526 2952 2232.3 2189.3 1688 2470.7 3053.6 1938 1238.2 832.7 448.4 383.4 372 349.1 481.2 515.4 699.9 782.5 823 850.6 787.8 366.3 279.6 427.5 459.2 484.4 374 304.5 335.6 226.5 226.3 242.1 199.9 234.4 265.5 223.6 282.8 302.6 304.8 303.2 280.3 272.3 300.5 292.6 245.4 245.4
-9999 -9999 -9999 -9999 -9999 -9999 -9999 -9999 -9999 -9999 -9999 -9999 -9999 -9999 -9999 -9999 -9999 -9999 -9999 -9999 -9999 -9999 -9999 -9999 -9999 -9999 -9999 -9999 -9999 -9999 4900.7 4378.7 2731.5 1611.7 -9999 -9999 2118.4 3033.1 3142.1 4089.5 1283.6 1112.9 464.8 520.3 418.1 680.6 766.1 879 855.3 922.9 896.6 417.4 281.9 484.7 490.2 390.8 406.3 295.6 288.4 227.6 224.6 203.4 195.4 264.5 312.8 319.7 316.1 359.5 291.2 288 278.5 269.6 276.2 307.6 320.8 268.6
