datasets/global_precipitation_1950_2017/rasters/precip_2003-total.asc
NCOLS 720 
NROWS 347 
XLLCORNER -180 
YLLCORNER -90 
CELLSIZE 0.5 
NODATA_value -9999 
[rows 136 to 169 of 347, columns 380 to 455 of 720]
367 393.5 403.2 336.9 288.8 257.2 252.5 262.7 293.4 328.1 347.6 359.4 347.6 276.9 209.3 171.3 169 185.6 239.9 333.2 428.4 441 462.8 459.1 412.3 424 411.7 369.9 321.4 307.1 318.9 356.7 407.5 415.2 361.8 286.9 235.4 235.6 253.3 280.9 304.1 305.9 285.8 273.2 257.6 294.3 336.7 341.5 351.1 467.3 559.9 523 338.3 376.8 426.3 448.4 478.3 516.3 515.9 -9999 -9999 -9999 -9999 -9999 -9999 40.9 141.1 277.1 350.4 320.5 285.9 254.7 212.2 159.3 110.9 81.8
395.7 403.3 412.1 364.8 302.6 255.3 233.4 260.8 300.9 334.9 355.3 366.2 381.1 387.3 325.4 263.7 250.7 266.4 361.8 469.1 479.1 441.1 483.2 548.7 535.9 508.8 476.3 367.8 314 289.3 283.8 324.5 431.3 487.1 375.8 265.1 217.2 218.9 250.3 284.7 321.6 350.5 325.4 331.8 312.6 347.1 344.3 376.2 450.1 680.3 678.8 622.4 493.4 455.4 478 582.2 675.1 642 511.7 496.9 465.2 -9999 -9999 -9999 -9999 -9999 167.1 268.9 311.4 289.3 252.2 208.5 165.8 120.6 95.8 80.3
390 396.5 426.2 396.2 338.1 264.8 233.9 270.1 312.8 346.1 358.6 370.9 385.5 399.6 417.3 424 433.5 463.9 508.3 525.1 522 506.5 536 608.3 635.6 613.6 580.4 405.5 320.9 277.9 233 264.6 379.4 489.4 335.3 218.3 215.8 210.3 249.2 297.8 336.4 355.4 350.7 382.7 427.9 419.3 373.2 410.4 545 716.1 793 731.6 632.6 538.1 641 883.5 978.4 651.7 567 529 521.1 511.5 305.6 -9999 -9999 -9999 191.4 294 319.5 252 183.5 137.7 105.9 78.5 73.3 75.1
396.6 420.7 450.7 411.3 393.6 357.7 306.7 302.8 330 348.7 356.4 387 386.4 393.1 422.1 446.9 450 477 510.9 539.3 559 565.9 580.2 675.6 691.6 667.3 678.5 622.4 446.5 273.2 158.3 201.7 236.4 249.7 275.1 244.1 238.3 253.5 296.7 329.6 325.6 368.7 394 405 433.4 387 418.2 454.7 599.8 751.7 790.7 815.4 786.3 831.8 1040.1 1011.2 910.4 681.6 596.8 580.4 571.4 575.9 355.8 66.7 -9999 83 -9999 321.1 380.4 201.5 105.6 72.1 55.9 50.4 59.2 -9999
521.3 493 449.3 392.7 434 437.1 392.6 352.8 337.6 332.7 403.6 452.9 409.8 417.8 463.3 477.3 446 521.5 559.8 539.4 616.6 627.9 641.7 711.5 705.9 692.9 724.9 744.4 668.6 417.4 205.5 198.8 226.6 245.8 276.3 291.7 315 317.1 312.9 364.7 397.3 401.9 411.7 414 400.6 412.8 429.3 495.7 600.6 683.1 758.7 838.7 912.9 985.8 1083.8 1075 939.4 660.9 603.6 604.1 624.6 630.3 337.5 99.5 92.1 -9999 105.6 204.3 221.7 95.2 59.3 -9999 -9999 -9999 -9999 -9999
604.5 546.2 515.4 451.5 459.7 509.2 545.9 556.6 471.6 488.6 489.5 499.8 492.3 526.3 532.8 532.9 603 678.9 706.2 687.6 730.7 741.4 730 730.3 731.1 738.5 744.9 765 694.2 572.3 421.5 327.9 306.4 282.5 313.4 338.1 335.4 351.9 379.2 413 422.1 417.5 365.7 447.6 401.1 413 443 541.6 611.1 656.8 769.3 865.3 924.3 992.5 1067.4 1075.1 1096.6 766.4 704.3 710.5 695.6 696.8 269.3 143.6 131.3 112.3 -9999 104.5 97.3 -9999 -9999 -9999 -9999 -9999 -9999 -9999
708.6 697.7 731 654 589 645.3 686.8 723.9 685.8 658.2 577.8 550.1 588.7 592.9 579 687.3 725.9 795.3 759.8 704.7 726.9 738.1 735.7 734.1 716.9 660.4 782.5 740.1 661.7 580.7 543.6 509.8 463.2 422.3 399.1 378.4 368.5 404.2 498.8 587.1 514.1 496.6 502.8 487.1 441.3 427.9 469.4 594 655.6 701.2 750.9 783.3 937.5 1126.8 1117.1 1210.6 1354 1060 857.6 870 867.4 848.2 214.3 188.1 171.3 167.7 126.7 -9999 -9999 -9999 -9999 -9999 -9999 -9999 -9999 -9999
846.2 803.5 817.2 806.4 737.6 733.5 718.5 802.5 784.5 712.7 695 687.8 695.7 662.1 683.3 767.5 757.1 779.6 799.8 758.3 800.8 797.1 753.2 720.6 707.2 727.2 759.1 792.7 704 613.9 586.5 563.2 494.8 459.2 443.6 427.4 425.4 507.3 564.4 560.4 584.3 494.6 599.5 573.7 478.8 553.6 570.4 689.2 731.3 726.1 737.7 908.3 1247.7 1381 1441.1 1461.9 1558.3 1258.1 1044 1048 1013.8 935.6 291.4 206.9 196.1 237.3 -9999 -9999 -9999 -9999 -9999 -9999 -9999 -9999 -9999 -9999
903.2 828.7 798 800.9 807.8 847.6 863.9 889.4 903.5 844.2 802.9 781.3 740 799.2 817.9 837.5 820.8 796.3 841.2 854.1 880.6 872.6 838.1 783.7 789.9 798.3 783.3 751.2 719 695 671.3 609.7 527.9 477.9 461.3 456.3 487.5 574.3 576.6 591.2 615 621.9 648.6 647.8 533.1 510 619.9 769.8 800 818.6 832.6 1279.6 1487.6 1410.6 1496.5 1437.9 1411.2 1127.4 1072.5 1068.3 978.7 944.4 352.7 213.7 204.8 195.9 175 -9999 -9999 -9999 -9999 -9999 -9999 -9999 -9999 -9999
1049.6 933.6 848.2 862.5 1102.3 1302.2 1218 1038.7 894.2 888.6 817.3 825.1 906 895.5 870 822 836.7 847.8 874.3 890 933.9 942.6 937.8 893.9 873.3 860.8 826.9 780.2 749 755 761.3 643.3 556.7 500.2 477.5 475.6 510.7 583.7 604.4 617.5 672.6 687.9 730.7 690.2 614.3 596.1 735.1 864.9 922.9 975.7 1153.7 1518.6 1653.7 1783.5 1620.2 1350.4 1184.5 960.3 913.4 1004.7 1004.2 960 390.5 240.8 231.7 230.9 243.3 228.5 -9999 -9999 -9999 219.7 262 292.6 306.8 252.5
1123.7 1051.3 966.4 1026.8 1283.3 1449.9 1660.6 1107.1 926.9 899.8 860.7 865.7 962.9 905.2 948.4 937.5 948.1 1014.7 1001.7 960.1 980.8 1022.1 1004.4 937.4 889.4 854.6 842.1 865.4 861 832.3 787.9 705.9 612.1 588.5 613.6 617.4 590.4 629.7 656.3 668.7 695.8 704.9 761.5 719.1 652.5 677.9 778.8 825.9 936 1174 1433.8 1629.5 1757.9 1663.6 1432.1 1160.2 1103.6 878.3 829.4 988.5 1037.2 964.6 544.9 446.4 434.9 470.6 506.7 431.5 288.8 215 250 278.7 281.4 293.3 299.6 258
1135.5 1105.8 1041.8 1026.3 1093.4 1155.1 1145.6 982.1 857.3 916.7 882 988 1003.3 1013.1 1043.3 1056.9 1082 1068.7 1062.4 1038.9 1054.8 1083.8 1056.5 972.6 892.8 860.8 881.1 931.1 907.1 870.8 915.2 921.9 891.6 856.6 868.6 847.4 827.4 790.8 760.4 751.1 771.3 816.1 830.5 801 786.7 749 788 885.5 1093.7 1405.1 1594.8 1720.2 1790.6 1680.6 1586.7 1254.5 1046 910 833.9 1120.6 1086.2 874.2 653.9 572.4 599.3 605.9 547 445.5 381.3 351.5 410.6 270.5 275.6 277.2 268.7 228.9
1112.9 1091.8 1004.3 989.3 977 1037 1024.6 948.8 800.7 964.7 957.7 939.4 1000.4 1046.7 1027.2 1034.8 1101 1086 1078.2 1111 1147 1155.7 1142.1 1066.9 959.5 899.2 944.6 1016 1109.9 1017.5 1065.6 1117.5 1100.5 1028.8 952 911.9 889.3 848.2 816 798.2 851.6 913.1 875.6 843.6 780.5 782 785.6 894.7 1178.5 1413.8 1633.8 1760.3 1872.5 1711.5 1321.7 1170.3 914.8 989.3 806.6 791.5 741.6 878.1 726.9 637.5 694.6 660.9 607.6 449 392.8 344.9 293.8 262.9 263 250.9 228.4 211.6
989.2 1006.9 984.3 1015.2 1101.4 1216 1345.1 1217.5 923.9 984.7 1048.2 989.7 1053 1048.5 986.8 1012 1092.5 1146.2 1112.8 1159.7 1208.4 1243.4 1239.1 1211.4 1111.1 1023.8 1036 1095.2 1121.9 1129.6 1170.6 1229.1 1181.5 1075.7 976.7 914.4 933.2 901.4 858.6 863.6 906.6 958.5 907.9 844.5 809.1 811.9 804.4 930.4 1115.7 1182.7 1598.7 1768.1 1824 1567.8 1331.8 1099.2 936 822.7 758.4 615.8 693.7 980.5 841.6 684.4 661.9 644.8 609.2 487.9 400.2 336.6 302.2 277.9 245.5 223.6 201.7 199.3
783.9 863.9 1015.2 1162.7 1224 1317.5 1398.6 1400.8 1251.2 1071.1 1116 1127.7 1156.9 1100.4 1050.6 1086.4 1099.3 1087.7 1102.9 1168.7 1208.6 1252.8 1277.8 1331.1 1385.1 1396.2 1321.2 1256 1201.5 1186.1 1195.2 1246.5 1242.7 1156.9 1065.3 1038.4 1032.3 970.9 913.6 916 948.2 963.7 937.7 888.7 891.9 898.1 894 980.1 1105.7 1201.8 1835.2 1747.7 1706.8 1874.2 1360.8 1101.2 933.5 751.1 755.8 798.7 770.9 868.9 962.2 730.4 671.3 653.3 610.2 488.4 386.1 336.4 301 270.9 230.2 206.4 197.8 200.1
655.6 796.5 1168.3 1351.3 1360.6 1389.7 1436.8 1475.2 1473.5 1240.3 1188.1 1199 1164.7 1132.3 1075.8 1101.3 1150.8 1148.2 1156.6 1182.5 1201.5 1245.1 1318.4 1429.4 1547.5 1598.5 1566.2 1466.7 1347.6 1261.5 1236.9 1281.3 1335 1242.7 1161.4 1155.7 1134.1 1048 1000.4 987 972.1 941.2 925.6 946.2 999.2 993.5 966.4 998.4 1119.4 1446.3 1825.2 1788.1 1584.7 1431.4 1185.3 876.5 912.7 662.4 896.6 947.4 896.1 880.9 919 823.8 633.9 556.1 463.1 403.1 383.1 367 329.4 258.8 219.3 209.9 210.9 210.8
786.8 1041.5 1226.2 1323.6 1390 1435.5 1468.1 1467.9 1500.8 1419.7 1270.6 1218.4 1145.1 1131.2 1186.1 1201.5 1187.4 1181.2 1184.4 1205.9 1240.6 1322.3 1428 1550.7 1598.8 1605.2 1600 1584.4 1512.3 1362.9 1286.5 1307.4 1328.8 1272.2 1219.1 1211.6 1162.8 1035.9 1072.6 1066.4 1006.8 927.6 958 1008.9 1058.9 1046.2 1006.7 985.3 1040.9 1524.6 1771.3 1715.3 1634.5 1517.3 1270.7 1149.8 1032.1 1020 835.2 932.5 843.9 846.9 851.2 594.4 365.2 351.9 363.4 362.5 374.2 374.1 349.3 269.6 217.3 215.8 218.5 213.5
1274 1175.1 1172.2 1226.8 1343.2 1446.6 1467.6 1471.3 1498.7 1443.6 1328.6 1279.5 1183 1182.2 1208.3 1217.4 1213.5 1172.5 1156.5 1235.9 1333.6 1391.4 1462.3 1574.5 1599.7 1593 1577.1 1575 1573.9 1494.6 1392.7 1372.3 1369.9 1346 1288.7 1222.5 1180 1142.3 1119.8 1107.5 1068.8 1007.6 1035 1073.3 1098.9 1080.8 1022.2 979 1060.5 1556.1 1616.5 1661.2 1817.9 1584.5 1266.3 1404.6 767.8 1057.4 847.3 790 807 826.2 813 463.3 321.1 311.9 324.1 346.8 372.4 365.7 341 271 223.3 217.4 217.3 209.7
1341.3 988.5 1121.6 1131.3 1243.4 1403.7 1458.9 1427.3 1428.8 1358.1 1281.9 1224.1 1141.7 1160.6 1180.4 1187 1181.7 1157.2 1175.2 1259.2 1330.2 1367.1 1369.3 1523.2 1552.7 1565.3 1544.1 1544.4 1559.5 1564.3 1539.7 1481.5 1451.2 1452.7 1431.3 1363.6 1270.7 1202.4 1189.9 1182.9 1140.5 1096 1107.5 1116.4 1128.9 1107.5 1059.3 1011 1216.8 1551 1559.5 1579 1465.5 1236.7 938.4 1082.1 1599.6 2149.1 1349.6 810.4 780.4 795.5 743.6 385.3 305.2 308.9 314.5 327 345.3 339.4 324.3 267.2 222 215.6 209.2 211.9
1284.1 1125.7 1123.2 1018.3 1106.7 1267.4 1356.7 1355 1368.1 1268.4 1290.1 1242.4 1206.1 1204.9 1208.8 1194 1151.1 1105.2 1141.3 1250.2 1308.1 1341.9 1397.8 1452.6 1509.8 1559.5 1516.3 1541.9 1563.4 1554.3 1548.6 1516.5 1476.1 1484.6 1515.1 1530.8 1524.7 1478.9 1443.8 1441.1 1383.2 1168 1168.6 1157.1 1159.5 1141.5 1084.4 1023.6 1213 1484.6 1484.3 1483 1330.8 1263.8 1057.8 971.7 937.1 1361.8 970.9 769.9 752.7 748.4 645.5 324 301.1 311.9 316 316 315.7 305.7 287.3 265.1 239.9 224 218.7 221.3
1170.5 1226.4 1085.7 980.3 1020.5 1168.1 1261.7 1325.4 1377.2 1370.7 1352.1 1327.9 1294.7 1243 1191.5 1182.3 1095.7 1070.2 1116.2 1210.1 1277.1 1340.3 1417.9 1368.8 1446.5 1497.4 1520.7 1573.3 1575.4 1519 1536.8 1525.3 1480.7 1491.6 1530.7 1570.6 1592.8 1604.2 1611 1618.7 1587.8 1309.8 1238.7 1218.7 1230.8 1213.6 1107.4 995.8 914.2 1031.9 1094.3 1113.3 1123.8 1117.5 1043.3 957.9 932.8 914.7 813.5 776.4 720.9 654.1 458.1 281.5 290.7 313.9 329.6 324.7 303.3 290.7 279.7 268.2 252.7 232.9 224 238.3
1658.9 1899 825.6 989.7 1000.7 1105 1218.7 1325.3 1423.8 1472 1481.6 1482.6 1417 1276.6 1138 1052.2 953.5 1064.5 1158.9 1276.4 1343.9 1378 1404.3 1490.5 1370.9 1484.2 1509.1 1566 1548.3 1496.4 1507.3 1548.3 1537.3 1540.2 1573.9 1609.1 1616.4 1627.4 1638.9 1633.4 1609.3 1490.2 1340.6 1272.6 1333.1 1258.4 1108 1028.5 839.2 658.8 626.5 608.4 657.5 647.9 735.5 884.6 941 858.7 761.9 662.2 567.1 491.4 341.2 269.8 281.2 326.2 363.6 361.1 327.6 296.7 276.2 279.6 259.2 216.3 219.9 241.6
1764.8 1724.3 1136.2 1041.6 1011.6 1133.2 1173.1 1347.9 1418.2 1504.3 1567 1644.6 1518.3 1301.7 1100.4 998.4 875.4 1107.7 1181.2 1302.5 1359.5 1399.1 1440.3 1479.1 1423.1 1444 1498 1528 1521.9 1520 1555.8 1643.2 1702.4 1715.2 1710.4 1733.6 1671.2 1709.2 1738.1 1687.8 1622.3 1617.8 1529.8 1480.9 1397.9 1379.9 1207.9 1178.7 745.6 652 530 494.9 511.6 493.2 569.1 706.7 845.9 784.3 665.8 480.9 389.5 377.2 293.3 268.9 284.1 325.8 386.7 387.9 362 328.6 328.3 321.8 278.3 231.6 217.9 236.5
1660.6 1558.4 1177.6 1042.9 962.7 1167.3 1337.6 1413.4 1465.2 1506.9 1554.7 1572.6 1466.1 1322.8 1228.9 1194.2 1087.6 1180.4 1213.1 1310 1349.5 1367.4 1380.5 1417.4 1419.2 1428.2 1471.9 1484.2 1488.1 1520 1610.7 1725.6 1828.3 1934.5 1955.1 1889 1853 1900.5 1934.2 1636.8 1707.1 1794.3 1590.3 1530.4 1432.3 1378.5 1221.1 1072.4 852 682.9 505.3 450.1 473.7 534 615 748 832.1 792.3 698.7 493.8 395.7 351.6 304.6 278.2 305.1 333.9 439.5 450 439.3 400.9 379.4 384.3 345.5 281.2 241.4 -9999
1838.8 1515.3 1265.2 1134.9 1163.8 1251.3 1378.3 1469.9 1519.9 1526.4 1546.5 1506.5 1474.7 1350 1318.2 1291.8 1178.1 1174.1 1252.2 1309.1 1337.1 1376.5 1339.6 1380.7 1411.3 1388.4 1400.9 1425.1 1447.6 1477 1584.3 1711.9 1843.4 1970.1 2103.8 2152.2 2055.6 1968.1 1844.4 1958.1 1749.4 1590.7 1551 1370.9 1485.4 1429.4 1302.1 1063.4 845.6 738.7 414.9 290.3 397.8 600 781.5 895.2 895.3 817.3 728.8 563.5 419.2 362.7 339 336.9 347.2 411.1 557.4 596.4 529.6 491.3 451.8 449.6 455.2 394.6 -9999 -9999
2143.4 1403.6 1197.8 1191.7 1258.2 1336.9 1433.9 1520.9 1514.3 1455 1408.7 1442.3 1444.3 1378.6 1338 1280.6 1228.8 1216.7 1250.2 1274.2 1317.8 1358 1354.7 1384.9 1392.6 1373.8 1370.5 1388.1 1421.8 1423.1 1525.9 1658.9 1857.1 2038 2163.1 2251.3 2137.8 2026.3 2016.2 1999.1 1674.6 1610.7 1411.2 1341.1 1646 1434.6 1307.9 1106.2 905.1 883.2 528.7 311.7 408.9 709.5 888.8 962.8 964.5 870.8 723.4 489.2 381 363 366.7 369.9 394.3 444.9 570.5 556.8 496.7 546.5 503.8 545.4 497.1 -9999 -9999 -9999
2073.6 1477.8 1116.2 1208.6 1283 1396.2 1475.8 1519.1 1463.9 1396.3 1266.2 1423.6 1461.4 1423.8 1366.1 1267.3 1228 1250.8 1252.3 1274.1 1303.6 1315.7 1324.3 1448.5 1363.6 1358.9 1415.7 1425.6 1421.6 1444.3 1505.7 1596.2 1805.5 2025.3 2080 2084.3 2063.2 2033.5 1840.2 1650.3 1455.4 1462.9 1286.3 1219.8 1464.4 1467.3 1392.6 1270.7 1007.1 982.6 877 653.1 632.5 771.9 898.9 902.1 1022.8 908.9 498.2 363.8 344.1 350.4 381.7 418.2 447.8 433.9 501.7 518.1 507.1 521.5 493.8 -9999 -9999 -9999 -9999 -9999
2090.8 1893.8 1377 1365 1382.9 1483 1505.5 1517.8 1485.4 1417.5 1333 1465.1 1493.5 1447.3 1401.4 1322.7 1292.4 1236.2 1246.9 1279.2 1325.4 1327.8 1348.6 1387 1435.1 1447 1479.3 1506.4 1533.6 1523.3 1519.9 1577.2 1707.1 1858.8 1892.4 1895.1 1962.5 1893.8 1513.2 1473.6 1341.3 1251.8 935.4 1335.2 1274.8 1323.9 1311 1311 1198.6 1179.8 1227.1 1091.2 785.9 735.8 869.7 980.3 973.4 759.9 390.8 345 340.1 345.9 384.9 449.5 465.4 453.6 445.2 450.5 475.5 487.4 -9999 -9999 -9999 -9999 -9999 -9999
2563.5 2029 1562.5 1400.4 1454.5 1561.8 1559.8 1491.1 1475.5 1420.9 1432.1 1451.3 1463.8 1447.1 1429.4 1353.6 1294.5 1265.3 1261.9 1305.4 1489.3 1573.3 1516.7 1535.5 1553.2 1524 1495.6 1499.4 1564.8 1566.8 1504.5 1569.2 1728.6 1847.8 1830.3 1753.5 1815.8 1697.9 1477 1409 1239.3 1148.9 1272.8 1222.4 1090.5 1155.4 1302.3 1319.8 1165.4 1246.5 1258.1 981.7 834.5 716.8 874 925.3 798.3 512.4 358.6 323.1 336.3 355.3 432 529 549.9 563 482 410.9 -9999 -9999 -9999 -9999 -9999 -9999 -9999 -9999
2148.6 1989.1 1538.8 1369.3 1406 1563.2 1614.8 1481.5 1472.4 1498.2 1496.2 1500.7 1476.5 1444.9 1435.2 1383.5 1343.9 1339.3 1378.6 1481.8 1642.9 1678.4 1672.7 1678 1687 1620.1 1514.3 1517.3 1508.7 1494.8 1487.7 1568.2 1730.5 1886 1864.1 1766.2 1678 1535.3 1494.9 1366.2 1368.3 1211.2 1123.9 1099.6 1136.4 1251.6 1265.3 1343.6 1455.4 1458.6 1211.9 1428.2 991.1 739 941.1 956.3 637.4 465.4 367.4 311.7 340.7 395.4 452 520.8 554.3 593.1 527.6 -9999 -9999 -9999 -9999 -9999 -9999 -9999 -9999 -9999
2298.2 1799.3 1502.7 1303.4 1282.7 1333.8 1465 1440.9 1422.4 1505.9 1475.5 1572.5 1510.3 1452.5 1450.3 1443.3 1376.6 1429.1 1573.5 1627.3 1685 1685.2 1709.7 1760.3 1840.8 1773 1615.6 1596.6 1603.9 1536.1 1555.2 1593.3 1702.5 1820.2 1826.7 1716.7 1477.2 1388.3 1435.2 1111.8 1003.2 1051.6 780.1 980.1 1142.5 1213.8 1384.3 1178 1457.2 1835.6 1543.8 1130 830.3 841.9 909.4 1182 734.7 436.2 371.7 321.4 343.2 379.7 402.2 454.5 475.2 519.8 -9999 -9999 -9999 -9999 -9999 -9999 -9999 -9999 -9999 -9999
1844.8 1488.2 1510 1248.9 1247.5 1353 1448.6 1461.4 1416.4 1396.6 1445.5 1485.7 1426.7 1369.4 1382.6 1449.6 1442.4 1496.2 1609.2 1656.7 1693.1 1722.5 1753.8 1758.9 1785.8 1733 1662.6 1663.3 1702.1 1629.8 1593.3 1608.2 1664.2 1813.9 1817 1620.4 1314.2 1273 1194.9 845.9 959.7 854.7 774.3 926.9 1833.8 1381.7 1340.4 1008.1 1439.4 1434.1 1535.9 1180.8 1178.5 1045.9 1757.6 1503.1 638.1 470.2 393.7 304.4 311.2 328.3 345.9 377.8 364.1 -9999 -9999 -9999 -9999 -9999 -9999 -9999 -9999 -9999 -9999 -9999
1390.3 1736.2 1701.8 1531.8 1358.4 1371.5 1488.6 1487.4 1525.9 1623.3 1447.8 1429.9 1369.1 1324.9 1349.8 1438.4 1534.3 1543.3 1613 1677.5 1686.9 1703.3 1727.1 1722.9 1695.9 1658.2 1631 1620.1 1640.5 1676.1 1693.7 1650.7 1687 1832.1 1883.4 1305.3 1285.5 1269.1 1220.6 1075.2 869.1 821.2 910.6 1062.8 1464.1 1707.2 911.2 810.6 1103.7 1578.5 1652.2 872.5 751.8 2114.4 1100.6 753.4 675.6 588.5 431 342.9 318.4 337.2 400.4 348.6 -9999 -9999 -9999 -9999 -9999 -9999 -9999 -9999 -9999 -9999 -9999 -9999
1682.6 1786.2 1721.7 1685.4 1403.6 1440 1630.2 1638.4 1655.6 1646.6 1447.2 1446.8 1374.3 1144 1323.8 1389.9 1479.5 1598.3 1623.2 1674.5 1682.2 1676.6 1689.5 1670.6 1662.3 1663.8 1637.8 1579.7 1632.8 1667.1 1690.1 1573.3 1684.8 1829.9 1969.6 1562 1365.4 1248.5 1337.4 1248.3 658.1 665.2 1053.8 1701.2 1564.7 1529.9 655.7 749.8 1107.7 1291.4 1109.2 707.5 847.5 757.6 933.5 970.5 865.3 691.6 483.2 403.1 406.2 561.4 633.8 493.4 -9999 -9999 -9999 -9999 -9999 -9999 -9999 -9999 -9999 -9999 -9999 -9999
