datasets/global_precipitation_1950_2017/rasters/precip_1988-total.asc
NCOLS 720 
NROWS 347 
XLLCORNER -180 
YLLCORNER -90 
CELLSIZE 0.5 
NODATA_value -9999 
[rows 0 to 33 of 347, columns 532 to 607 of 720]
-9999 -9999 -9999 -9999 -9999 -9999 -9999 -9999 -9999 -9999 -9999 -9999 -9999 -9999 -9999 -9999 -9999 -9999 -9999 -9999 -9999 -9999 -9999 -9999 -9999 -9999 -9999 -9999 -9999 -9999 -9999 -9999 -9999 -9999 -9999 -9999 -9999 -9999 -9999 -9999 -9999 -9999 -9999 -9999 -9999 -9999 -9999 -9999 -9999 -9999 -9999 -9999 -9999 -9999 -9999 -9999 -9999 -9999 -9999 -9999 -9999 -9999 -9999 -9999 -9999 -9999 -9999 -9999 -9999 -9999 -9999 -9999 -9999 -9999 -9999 -9999
-9999 -9999 -9999 -9999 -9999 -9999 -9999 -9999 -9999 -9999 -9999 -9999 -9999 -9999 -9999 -9999 -9999 -9999 -9999 -9999 -9999 -9999 -9999 -9999 -9999 -9999 -9999 -9999 -9999 -9999 -9999 -9999 -9999 -9999 -9999 -9999 -9999 -9999 -9999 -9999 -9999 -9999 -9999 -9999 -9999 -9999 -9999 -9999 -9999 -9999 -9999 -9999 -9999 -9999 -9999 -9999 -9999 -9999 -9999 -9999 -9999 -9999 -9999 -9999 -9999 -9999 -9999 -9999 -9999 -9999 -9999 -9999 -9999 -9999 -9999 -9999
-9999 -9999 -9999 -9999 -9999 -9999 -9999 -9999 -9999 -9999 -9999 -9999 -9999 -9999 -9999 -9999 -9999 -9999 -9999 -9999 -9999 -9999 -9999 -9999 -9999 -9999 -9999 -9999 -9999 -9999 -9999 -9999 -9999 -9999 -9999 -9999 -9999 -9999 -9999 -9999 -9999 -9999 -9999 -9999 -9999 -9999 -9999 -9999 -9999 -9999 -9999 -9999 -9999 -9999 -9999 -9999 -9999 -9999 -9999 -9999 -9999 -9999 -9999 -9999 -9999 -9999 -9999 -9999 -9999 -9999 -9999 -9999 -9999 -9999 -9999 -9999
-9999 -9999 -9999 -9999 -9999 -9999 -9999 -9999 -9999 -9999 -9999 -9999 -9999 -9999 -9999 -9999 -9999 -9999 -9999 -9999 -9999 -9999 -9999 -9999 -9999 -9999 -9999 -9999 -9999 -9999 -9999 -9999 -9999 -9999 -9999 -9999 -9999 -9999 -9999 -9999 -9999 -9999 -9999 -9999 -9999 -9999 -9999 -9999 -9999 -9999 -9999 -9999 -9999 -9999 -9999 -9999 -9999 -9999 -9999 -9999 -9999 -9999 -9999 -9999 -9999 -9999 -9999 -9999 -9999 -9999 -9999 -9999 -9999 -9999 -9999 -9999
-9999 -9999 -9999 -9999 -9999 -9999 -9999 -9999 -9999 -9999 -9999 -9999 -9999 -9999 -9999 -9999 -9999 -9999 -9999 107.8 -9999 -9999 -9999 -9999 -9999 -9999 -9999 -9999 -9999 -9999 -9999 -9999 -9999 -9999 -9999 -9999 -9999 -9999 -9999 -9999 -9999 -9999 -9999 -9999 -9999 -9999 -9999 -9999 -9999 -9999 -9999 -9999 -9999 -9999 -9999 -9999 -9999 -9999 -9999 -9999 -9999 -9999 -9999 -9999 -9999 -9999 -9999 -9999 -9999 -9999 -9999 -9999 -9999 -9999 -9999 -9999
-9999 -9999 -9999 -9999 -9999 -9999 -9999 -9999 -9999 -9999 -9999 -9999 -9999 108.5 -9999 110.4 111.6 114.1 113.1 114.3 115.4 116.8 117.7 118.1 -9999 -9999 -9999 -9999 -9999 -9999 -9999 -9999 -9999 -9999 -9999 -9999 -9999 -9999 -9999 -9999 -9999 -9999 -9999 -9999 -9999 -9999 -9999 -9999 -9999 -9999 -9999 -9999 -9999 -9999 -9999 -9999 -9999 -9999 -9999 -9999 -9999 -9999 -9999 -9999 -9999 -9999 -9999 -9999 -9999 -9999 -9999 -9999 -9999 -9999 -9999 -9999
-9999 -9999 -9999 -9999 -9999 -9999 -9999 -9999 -9999 -9999 -9999 -9999 113.7 115.7 -9999 118 118.9 120.7 121.5 122.3 123.1 123.4 123 -9999 -9999 -9999 -9999 -9999 -9999 -9999 -9999 -9999 -9999 -9999 -9999 -9999 -9999 -9999 -9999 -9999 -9999 -9999 -9999 -9999 -9999 -9999 -9999 -9999 -9999 -9999 -9999 -9999 -9999 -9999 -9999 -9999 -9999 -9999 -9999 -9999 -9999 -9999 -9999 -9999 -9999 -9999 -9999 -9999 -9999 -9999 -9999 -9999 -9999 -9999 -9999 -9999
-9999 -9999 -9999 -9999 -9999 -9999 -9999 -9999 -9999 -9999 -9999 -9999 -9999 121.4 123.6 -9999 127.6 129 130.4 131 131.9 -9999 130.9 129.4 130.6 127.4 123.4 118.5 -9999 -9999 -9999 -9999 -9999 -9999 -9999 -9999 -9999 -9999 -9999 -9999 -9999 -9999 -9999 -9999 -9999 -9999 -9999 -9999 -9999 -9999 -9999 -9999 -9999 -9999 -9999 -9999 -9999 -9999 -9999 -9999 -9999 -9999 -9999 -9999 -9999 -9999 -9999 -9999 -9999 -9999 -9999 -9999 -9999 -9999 -9999 -9999
-9999 -9999 -9999 -9999 -9999 -9999 -9999 -9999 -9999 -9999 -9999 -9999 -9999 -9999 -9999 -9999 -9999 142.8 146.2 147.8 150.1 151.4 154.6 152.1 150.2 147 141.1 -9999 -9999 -9999 -9999 100.1 -9999 97.8 -9999 -9999 -9999 -9999 -9999 -9999 -9999 -9999 -9999 -9999 -9999 -9999 -9999 -9999 -9999 -9999 -9999 -9999 -9999 -9999 -9999 -9999 -9999 -9999 -9999 -9999 -9999 -9999 -9999 -9999 -9999 -9999 -9999 -9999 -9999 -9999 -9999 -9999 -9999 -9999 -9999 -9999
-9999 -9999 -9999 -9999 -9999 -9999 -9999 -9999 -9999 -9999 -9999 -9999 -9999 -9999 -9999 -9999 -9999 -9999 -9999 -9999 -9999 -9999 -9999 -9999 -9999 -9999 -9999 -9999 -9999 177.7 168.8 164.6 162.5 163.4 165 168.9 173.8 180 186.6 -9999 -9999 -9999 -9999 -9999 -9999 -9999 -9999 -9999 -9999 -9999 -9999 -9999 -9999 -9999 -9999 -9999 -9999 -9999 -9999 -9999 -9999 -9999 -9999 -9999 -9999 -9999 -9999 -9999 -9999 -9999 -9999 -9999 -9999 -9999 -9999 -9999
-9999 -9999 -9999 -9999 -9999 -9999 -9999 -9999 -9999 -9999 -9999 -9999 -9999 -9999 -9999 -9999 -9999 -9999 -9999 -9999 -9999 -9999 -9999 -9999 -9999 -9999 -9999 -9999 210.7 205.6 199 190.3 180.2 171.2 169.2 181.2 -9999 -9999 -9999 -9999 238.8 -9999 -9999 -9999 -9999 -9999 -9999 -9999 -9999 -9999 -9999 -9999 -9999 -9999 -9999 -9999 -9999 -9999 -9999 -9999 -9999 -9999 -9999 -9999 -9999 -9999 -9999 -9999 -9999 -9999 -9999 -9999 -9999 -9999 -9999 -9999
-9999 -9999 -9999 -9999 -9999 -9999 -9999 -9999 -9999 -9999 -9999 -9999 -9999 -9999 -9999 -9999 -9999 -9999 -9999 -9999 -9999 -9999 -9999 -9999 -9999 -9999 -9999 -9999 -9999 -9999 -9999 -9999 -9999 -9999 -9999 -9999 -9999 -9999 -9999 -9999 -9999 -9999 -9999 -9999 -9999 -9999 -9999 -9999 -9999 -9999 -9999 -9999 -9999 -9999 -9999 -9999 -9999 -9999 -9999 -9999 -9999 -9999 -9999 -9999 -9999 -9999 -9999 -9999 -9999 -9999 -9999 -9999 -9999 -9999 -9999 -9999
-9999 -9999 -9999 -9999 -9999 -9999 -9999 -9999 -9999 -9999 -9999 -9999 -9999 -9999 -9999 -9999 -9999 -9999 -9999 -9999 -9999 -9999 -9999 -9999 -9999 -9999 -9999 -9999 -9999 -9999 -9999 -9999 241.8 242.7 243.6 242.1 237.8 228 214.5 -9999 -9999 -9999 -9999 -9999 -9999 -9999 -9999 -9999 -9999 -9999 -9999 -9999 -9999 -9999 -9999 -9999 -9999 -9999 -9999 -9999 -9999 -9999 -9999 -9999 -9999 -9999 -9999 -9999 -9999 -9999 -9999 -9999 -9999 -9999 -9999 -9999
-9999 -9999 -9999 -9999 -9999 -9999 -9999 -9999 -9999 -9999 -9999 -9999 -9999 -9999 -9999 -9999 -9999 -9999 -9999 -9999 -9999 -9999 -9999 -9999 -9999 -9999 -9999 -9999 -9999 -9999 232.9 234.8 233.8 232.9 231.7 228.8 224.7 218.7 214.1 211.3 207.9 205.7 -9999 -9999 -9999 -9999 -9999 -9999 -9999 -9999 216.6 -9999 -9999 -9999 -9999 -9999 -9999 -9999 -9999 -9999 -9999 -9999 -9999 -9999 -9999 -9999 -9999 -9999 -9999 -9999 -9999 -9999 -9999 -9999 -9999 -9999
-9999 -9999 -9999 -9999 -9999 -9999 -9999 -9999 -9999 -9999 -9999 -9999 -9999 -9999 -9999 -9999 -9999 -9999 -9999 209.2 210.6 -9999 -9999 -9999 -9999 -9999 -9999 258.8 254.3 249.5 245.8 242.7 242.8 239.6 238.8 237.4 231.1 225.6 222 216.2 213.3 214.9 215.5 215.4 216.1 217.4 220.1 221.3 225.7 229.3 233.8 238.9 243.8 -9999 -9999 -9999 -9999 -9999 -9999 -9999 -9999 -9999 -9999 -9999 -9999 -9999 -9999 -9999 -9999 -9999 -9999 -9999 -9999 -9999 -9999 -9999
-9999 -9999 -9999 -9999 -9999 -9999 -9999 -9999 -9999 -9999 -9999 -9999 -9999 248.8 241 234.1 230 226.4 225 223.6 225.9 229.1 234.1 239.5 244.1 247.8 251.3 253.3 254.3 255.2 255.8 256.4 258.1 258.7 260.2 258.4 255.9 252.3 245.1 237.7 230 224.9 217.9 217.7 218.7 222.3 225.6 231 237.9 247.2 258.6 271.1 286.1 299.4 311 320.6 -9999 -9999 -9999 -9999 -9999 -9999 -9999 -9999 -9999 -9999 -9999 -9999 -9999 -9999 -9999 -9999 -9999 -9999 -9999 -9999
-9999 -9999 -9999 -9999 -9999 368.2 368.5 359.3 345.9 330.5 316.6 301.7 288.2 276.6 268.5 262.1 254.9 252 249.8 248.1 248.5 250.2 251 254.5 258.6 260.9 263.3 265.7 266.8 264.6 263.1 261.2 258.6 256.5 253.8 257.6 255.3 251.8 245.2 235.3 226.6 217.9 212.1 208.6 207.4 206.6 207.1 211.1 215.8 223.4 233.1 243.6 256.4 270.1 282.9 -9999 -9999 -9999 -9999 -9999 -9999 -9999 -9999 -9999 -9999 -9999 -9999 -9999 -9999 -9999 -9999 -9999 -9999 -9999 -9999 -9999
-9999 -9999 307.2 316.3 327.1 332 336.2 337.1 333.8 328.9 319.5 315.4 306.8 299.4 293.4 285.6 280.5 276.2 274.5 273.6 274.1 274.2 276.8 278.7 283.5 285.5 286 288.1 286.7 283.9 275.8 264.5 252 243 240.6 241.5 242.5 235.7 233.4 227.7 220.2 210.8 201.4 195 189.8 185.7 181.6 178 173.1 166.1 158.6 148 -9999 -9999 -9999 -9999 -9999 -9999 -9999 -9999 -9999 -9999 -9999 -9999 -9999 -9999 -9999 -9999 -9999 -9999 -9999 -9999 -9999 -9999 -9999 -9999
-9999 282.3 292.3 299.3 309.4 319.1 327.5 334.5 335.5 332.1 326 318.9 315.6 310.9 300.6 301.5 296.1 294.2 294.2 295.4 295.7 299.5 301.6 302.8 300.1 302.7 304.1 306.4 310.9 313 306.2 288.9 270.8 256.9 249.3 244.7 240.7 235.6 229.7 223.2 216 209.6 201.6 193.7 185.7 178.1 171.7 164.4 -9999 -9999 -9999 142 138.4 136.7 -9999 -9999 -9999 -9999 -9999 -9999 -9999 -9999 -9999 -9999 -9999 -9999 -9999 -9999 -9999 -9999 -9999 -9999 -9999 -9999 -9999 -9999
256.6 265 272.3 277.7 286.9 295.7 305.9 302.4 311.2 319.6 325.3 321.4 323 315.9 309.9 304.6 302 302.2 301.8 303.3 305.1 307.8 308.3 307.1 303.3 301.7 302 301.7 295.3 294.1 288.8 283 274.6 267.1 259 252 244.9 239.2 232.9 227.4 221.7 215.3 210.2 206.1 204.2 -9999 -9999 201.4 186.2 -9999 162.5 -9999 -9999 -9999 161.2 -9999 -9999 -9999 -9999 -9999 -9999 -9999 -9999 -9999 -9999 -9999 -9999 -9999 -9999 -9999 -9999 -9999 -9999 -9999 -9999 -9999
270.2 270.2 270.2 271.7 273.8 277.2 279.5 286.5 294.2 301.1 306.2 311.6 314.5 320 320.9 321.4 320.4 319.4 317.8 315.1 313.8 312.3 309.8 307.5 304.9 301.2 297.4 292.3 286.9 282.4 278.2 272.9 266.9 263.6 258.7 252.7 246.5 241 236.9 232.1 -9999 -9999 -9999 -9999 -9999 218.1 218.8 215.6 208.7 199.7 191.4 183.6 177.4 173.5 171.6 171.7 174.1 177.3 180.5 184.3 188 191.8 194.5 197.6 199.4 -9999 -9999 -9999 -9999 -9999 -9999 -9999 -9999 -9999 -9999 142.7
304.8 302.6 301.9 301.9 303.4 307.8 314.7 322.3 333.8 344.7 351.7 362 362.4 364.9 365.8 361.6 357.2 355.3 349.4 343.7 339.6 335.6 330.7 326.1 320.2 314.4 308.5 302 294.6 287 281.4 276 269.8 264.3 258.8 254.4 250.6 246.8 242 238.3 233.3 228.9 225.3 220.3 215.5 212.4 209.2 207.9 202.1 197.8 194.1 190.6 187.5 185.7 184.6 184.7 185.7 187 188.2 190.3 192.5 194.7 198.9 203.4 209.5 218.4 227.3 232.3 221.2 197.2 170.1 152.9 153 160.5 169.3 179.1
344.7 360.6 369.8 387.6 403.3 420.7 434.9 445.4 449.3 448.4 444.9 440.8 429.5 425.7 419.6 412.1 402.5 392 382.7 378 367.2 359 354.1 348.9 343.6 338.6 335.2 330 324.2 318.6 311.8 296.1 282.8 263.3 255 255.3 255.2 252.7 249.5 245.2 243.5 238.2 233 226.4 219.5 213.6 207.8 202.6 198.3 194.2 191.3 187.9 185.9 184.3 184.2 183.8 184.2 185.1 188.2 189.4 191.8 194 196.2 198.7 201.3 204.3 207.6 207.8 207.5 206.1 204.3 204.8 202.5 212.4 216 220
412.2 450.6 493.7 528.6 557.9 586.3 580.8 583.5 580.8 564.8 545.2 521.2 499.8 473.7 453.3 435.5 421.4 411.2 403.4 397.4 392.9 385.6 379 373.8 368.2 362.9 358.8 355.4 353.7 352.4 352.6 353.6 345.8 310.8 293.6 282.6 274.8 268.8 263 257.6 251.4 245.3 238.8 232.6 224.4 216.5 208.1 201.8 196.9 192.2 187.8 184.2 180.3 176.9 174.1 171.6 172.2 176.1 179.8 182.7 186.4 189.1 191.1 193.7 197.1 200.7 204.3 207.8 210.9 212.8 217 221.1 224.3 227 228.9 233.5
478.7 530.7 581 638 691.4 742.6 773.1 783.7 761.1 715.5 659.5 604.8 549.4 498.5 454.7 425.2 408.9 410.1 414.5 416.3 413.5 407.5 399.9 391.3 383.1 376.6 370.1 362.4 357.8 353.1 348.7 341.7 332.8 306 298.7 291.1 284.2 277.4 271.1 265 258.4 252.4 245.6 236.2 227.4 219.2 211.4 204 197.6 195.2 192.8 190.8 188.8 186.3 186 184.7 184.9 185.2 185.7 186.4 187 188.7 191.1 194.1 197.4 202.4 208.7 215.8 222.6 230.4 238.4 246.1 253.6 262.6 273.4 281.3
502.1 560.4 584.5 645.9 716.9 787.7 845 881.7 860.8 790.2 711 637.8 578.4 522 488 467.6 459.5 458.3 453.6 447.9 440.2 429.8 417 403.1 389.9 378.7 367.7 358.3 351.1 341.3 332.1 325.4 317.3 296 290.2 284.9 280 276 271.1 266 261.4 256 249.6 239.7 233.5 226.7 220.3 215.4 210.6 208.4 205.4 205.8 203.1 203 202.9 203.2 203 201.5 199.4 198.7 198 198.2 197.9 200.3 203.8 210.2 221.8 234.1 251.8 268.5 283.8 295.4 307.3 315.8 325.3 335.3
501.5 525.1 552.3 584.6 608.7 640.2 667.1 687 690.8 675.7 647.3 615.4 576.4 554.3 531.3 514.6 500.3 488.3 475.6 464.2 450 434.5 417 399.4 383.3 368.5 354.9 342.5 330 320.4 311.6 304.4 298.4 286.2 281.6 278.1 275.2 271.7 269.3 266.6 262.4 259.6 255.8 251.5 247.1 242.9 239 236.2 233.1 230.1 227.4 224.3 221.8 220.3 218.9 217.1 216.9 216 214.6 213.4 211.5 210.5 210.9 212.5 215.9 221.9 234 248.2 265.1 284.2 303.7 320.6 334.2 344.2 352 357.1
547.2 526.6 518.8 517.4 522.3 535.4 554.3 570 582.8 583.5 586.8 576.5 566.8 556.5 543 528.7 513.5 496.8 478.9 459.9 438.9 420.1 399 380 362.8 346.7 332.4 320.9 308.9 298.4 291.2 285.1 279.5 274 269.2 266.6 264.3 263.1 262.3 262.7 262.4 260.5 260.2 259.6 257.9 256.3 253.9 252.1 250 248.6 246.1 243.9 241 237.5 234.5 230.7 227.6 225.1 222.8 220.7 218.3 217 215.6 216.2 220.1 225.1 233.9 246.4 259.8 278.2 297.5 316.7 332.1 346.4 355.1 360.7
634.5 566 527.8 504.9 490.9 497.3 514.4 530.8 544.4 552.7 556.2 555.2 550.6 544 533.9 521.4 505.5 484.3 460.4 441.6 417.5 394.4 370.9 352.9 337.5 321.8 311 300.4 291.8 282.6 275.1 267.7 262.1 255.9 253.5 252.1 251 252.7 254.3 256 259 260.2 262.5 263 262.9 263 263.2 263.1 263.5 264 264 263.7 261.4 259.4 255.7 250.9 244.9 239.1 233.4 227.7 222.2 217.3 213.4 211.7 212.6 217.1 224.8 236.8 253.7 270.9 289.8 309.9 329.5 346.9 360 368.2
517.1 528.4 547.4 558 561.3 561.2 558.6 558.6 561.1 559.5 555.9 549.8 541.9 533.4 522.5 511.6 494.6 472.2 445.8 414.2 385.4 359.7 338.4 323.5 310.7 301.7 290.4 283.8 276.9 271.2 266 254.5 248.8 242.7 240.5 240.2 241.4 245 247.8 250.8 253.8 256.9 259.5 261.9 264 266.3 268.1 270.8 273.4 276.5 279.1 280.3 280.8 283.7 280.7 273.7 264.7 254.8 244.2 234.4 225 216 209 204.8 203.7 206.4 215.4 229.8 246.7 266.3 287.9 310 332.3 354.1 372.7 385.1
573.1 604.1 650.9 683 675.4 648.3 621.4 599.5 582.3 567.6 557 546.9 534.6 525.5 513.1 503.1 494.1 473.1 444.2 411.8 378.4 349.2 329.6 313.3 302.4 292.5 284.7 278.3 271.2 259.2 254.8 250.5 243.6 237.2 237.3 238.4 241 243.5 247.6 250.6 252.7 256.3 258.4 261.2 263.4 266.2 269.7 273.5 278 283.2 288.8 295 300.5 300.5 294.9 286.8 278.2 268.6 258 248 238.4 229.2 221.4 215.3 213.5 217 225.7 238.5 253.9 271.2 288.9 306.9 324.9 342.5 355.2 365.3
604.4 611.8 626.5 646.2 650.4 639.7 623.3 604.5 585.9 565.6 549.1 530.5 511.9 499.7 483.9 476.6 466 451.2 430 411.2 391.7 372.5 352.8 332.6 315.9 304.3 295.2 284.9 278 273.1 268.2 261.3 256.9 253.9 250.6 249.2 249 251.2 251.2 253.6 253.8 255.7 256.7 258.1 259.4 262.3 265.8 270.2 275.5 281.8 287.1 292 295.6 297.2 296.2 293 288.6 282.5 276.1 269.5 262.8 255.5 249.4 245 243.7 247.1 252.3 261 272.5 283 295.5 307.1 319 328.7 334.6 339.3
533.5 519.2 544.1 569.2 584.4 590.9 588.7 579.8 564.9 546.6 524.2 503 482.9 467 455.7 448.2 444.2 443.8 438.6 433.9 424.4 411 392.6 372.5 354.4 341.6 332.1 324.4 313 307 302 294.3 286.7 282.1 271.7 269.2 266.8 263.2 258.8 257.9 255.6 254.8 254.1 252.8 253.2 256.1 260.8 267 274.3 282 290.3 297.7 304.6 308.9 313.1 313.7 312.7 310 304.6 298.9 292.1 286.4 281.3 277.4 275.6 276.2 280.1 284.7 292.3 301.8 311.1 320.2 326.8 331.9 330.9 331.4
574 582.3 588.3 592 592.6 590.8 583.3 571.5 554.9 537.1 516.5 495 476.6 461.1 449.8 445.4 446 450.6 455.4 458.8 458 448.3 432.8 417.7 405.7 394.5 384.3 375.3 366.5 358.4 348.8 340.3 330.3 322.4 315 303.5 293.8 285.9 277.4 272.9 265.7 259.7 257 255 256.4 260.1 266 273.5 281.9 291.2 301.6 310.6 321.8 330.8 339.1 345.5 348.1 345.7 340.4 333.4 325.7 319.2 312.2 307.7 305.6 305.3 306.9 311.1 317.4 324.6 332.4 340.4 346.8 352.6 363.8 356.4
