datasets/global_precipitation_1950_2017/rasters/precip_1982-total.asc
NCOLS 720 
NROWS 347 
XLLCORNER -180 
YLLCORNER -90 
CELLSIZE 0.5 
NODATA_value -9999 
[rows 34 to 67 of 347, columns 456 to 531 of 720]
559.7 584.9 602.2 626.2 642.2 658 671.8 686.8 707.9 713.2 692.2 667.7 645.7 626.7 606.7 589.4 576.5 572.2 565.1 555.8 547.3 544.1 553 588.1 639.7 673.6 670.5 651.5 635.3 628.2 622.2 614.9 606.2 595.8 586.5 579.1 578.8 568.4 543.1 507.4 474 452.6 439.9 434.6 436.1 443.7 455.2 469.7 481.2 484.1 484.3 483.7 480.3 474.3 466.6 456.5 448.2 441.3 435 424.9 412.2 402.8 393.9 390.5 389.1 391 395.6 394.6 389.9 381.7 379.9 385.1 392.1 402.8 419.7 440.8
625.3 642.6 659 669.4 679.5 692.9 705 705.9 690.6 671.3 661.8 652.9 642.5 632 619.7 608.9 598.9 592 591.1 591.4 589.6 588.8 590 597 607.4 616.1 616.4 607.4 593.7 585.6 567.5 556.7 538.2 528.6 530.9 491.5 488 509.7 507.5 491.5 474.1 464.2 463.3 466.8 475 486.3 500.1 514.2 528.2 535.9 530 516.6 502.3 490 479.7 471.4 464.4 455.5 449.3 438.3 422.9 411.3 402.5 395.7 390 382.8 373.3 363.7 353.8 355.1 367.1 381.2 393.9 411.3 436.9 470.7
650.9 663.6 671.9 675.9 681.8 698.3 714 720.7 683.9 650.3 639 630.6 632.5 644.4 650.5 644.5 627.6 609.9 603.2 611 617.2 616 608.4 599 588.6 578.7 571.9 568.7 564.5 566.2 577.3 595.4 629.4 657.7 600.1 548.1 527.6 521.4 515.1 505.3 488.4 482.2 481 491 501.6 511.3 521.2 528.9 535.7 542.2 537 524 508.4 494.6 483.1 472.8 462.8 453.4 446.1 439.1 432.7 424.8 417.6 410.9 404.3 397.9 390.3 383.2 378.4 379.9 389.2 398.8 419 443.6 477.2 509.7
653.7 655.4 661.6 669.2 674.8 678.3 679.7 675.1 664.5 658.3 654.8 658 675.1 702.9 722.4 714.8 689.1 667.8 663.4 667 660.2 639.9 610.3 580.7 551 531.1 524.3 525.3 530.2 538 548.1 557.6 558 538.8 496.7 480 499.9 516.3 521.2 519.4 516.8 511.5 508.3 509.5 514.2 517.4 520.7 522.7 522.6 521 514.8 505.2 494.5 482.6 472.7 461.7 450.6 442.8 437.6 435.2 434.1 432.6 430.3 429 429 431.9 433.5 436.1 436.9 439.7 443.4 450.3 462.8 486.8 518.9 534.6
615.3 623.9 633.2 644.8 656.3 656.2 654.8 655.2 653.6 660.4 668.6 678.6 693.5 709.7 725.3 730.1 724.4 725 736.3 739.4 708.4 662.1 610.9 564.7 528.4 508.6 499.7 494.7 492.6 493.7 502.3 517.2 537.7 557.3 562.2 546.8 528.8 520.3 516.8 515.3 514.2 509.1 503.4 500.9 499.5 504 506.5 503 499.6 490.6 480.4 470.6 461.6 454.1 445.6 437.8 430.5 424.8 421.9 420.3 421.1 425.1 431.8 439.5 449.1 460.4 470 476.2 478.2 480.1 483.2 489.7 499.6 518.7 533.3 541.2
576.5 620.3 644.5 643 641 639.9 642 641.3 643.8 648.3 650.7 654.7 665.9 681.7 699 709.7 719.1 722.4 718.4 707.1 681.3 641.1 596.4 552.3 516.9 494.6 483.5 478 469.5 446.9 439.7 464.5 503.1 539.4 550.2 528.1 504.5 491.4 491.5 492.5 492.8 481.8 467.3 454.9 456 456.8 454.5 446 437.5 428.4 421.6 420.6 416.3 413.3 412.7 409.8 407.3 405.1 401.8 400.1 400.4 406.5 419.2 435 453.4 471.5 488 500.4 504.2 502.3 499.5 501.9 506 512.9 523 534.3
594.5 644.5 661 646 632.6 620.4 626.3 636.4 641.6 645.6 648 650.5 661.2 678.2 697.1 712 719.2 720.2 712.3 689.6 660.5 621.5 579 536.2 504 484.3 471.9 457.2 428.9 383.9 375 419.5 447.5 463.7 481.2 492.9 496.8 495 495.3 490.1 476 460.4 431.8 407.7 393.1 384.9 378.7 375.3 374.9 375.2 378.7 376.6 380.4 385.8 389.2 393.4 390.5 390.3 389.1 386.6 387.3 395.3 409.1 426.5 445.4 463.6 481 490.8 498.2 494.8 491.1 488.8 489.8 493.9 501.5 514.5
616.7 634 642.3 647.2 659.2 688.3 678.9 660.2 653.8 653.6 657.2 665.2 675.8 691.3 708 723 730.6 726.8 716.7 693.1 663 628.5 584.6 543.8 514.4 500.8 497.5 485.3 462.9 441.6 431.7 435.3 442.2 452.9 473.7 510 536 528.7 510.3 490.6 469.1 452.9 434.9 422.3 410.3 396.1 386.2 376.9 368 358.9 356.9 367.5 377.4 384.9 389.1 389.4 390.7 392 392.3 393.7 397.6 405.5 415.3 426.2 438.1 447.7 457.3 463 465.5 464.8 461.6 459.9 457.9 456.4 453.1 454.2
629 664 669.7 638.4 603.5 611.4 638.5 646.7 650.7 653.3 658.9 666.2 674.9 687.7 702.4 714.2 722 721.1 715.7 709.9 688.1 651.5 611.3 574.1 554.8 567.9 569.2 535.4 497.9 465.3 440.7 423.1 412.4 409.8 418.4 435 511.6 507.4 480.2 457 449.9 450.7 467.4 494.4 499.9 485 464.3 438.3 412.3 385.2 375.6 381.8 389.3 397.8 404.3 407.3 408.4 405.8 406.9 410.3 415.6 420.8 424.7 428.4 433.3 436.6 440.9 442.2 443 442.3 441 441.8 441.3 434.2 428.1 422
585 617.5 627.4 622.5 615.6 659.9 635.3 637.9 643.2 649.6 655.4 660.7 665.5 677.9 693.6 707.9 717 721.1 721.7 723.1 708.6 672.3 622.6 585 561.3 549.8 539.4 521.6 493.8 461.7 432.1 412.3 400.2 393 398.5 412.2 420 416.2 400.1 387.1 383.2 402.6 439.6 490.8 552 586.8 541.2 501.1 476.8 462.3 447.7 405.1 381.7 406.4 421.8 424.7 420.1 419 421.5 425.6 431.5 434.3 433.9 433.3 433 433.3 435.1 435.9 437.4 439.5 444.6 448.1 446.4 446 436 431.6
541.3 574.9 602 620.8 628.9 626.8 631.4 640 643.6 646.9 651.5 656 662.7 675.5 693.3 712.9 727.4 733.2 731.1 704.3 672 628.7 580.4 544.1 518.2 505.2 498.3 486.9 469.5 444.3 426.4 415.5 415.4 417.5 416.3 409.9 400.2 382.5 357 321.5 292.5 324 414.3 449.6 476.6 491.5 485.7 490.9 494.1 497.8 486.6 544.1 506 479.8 460.1 435.1 411.6 407.6 420 434 448.4 449.2 440.8 433.4 428.9 429.9 435.1 440.3 445.2 454.8 468.6 482.3 491.2 489.2 483.1 472.6
527.9 576.9 624.3 649 658.4 667.1 667.7 660.2 648.9 641.2 637.9 642.9 655 672.1 696.8 724.1 758.3 763.4 732.8 680.5 622.5 564.8 520.9 493.9 485.1 481.8 475 462.7 446.4 427.2 414.1 408.3 412 421.9 421 410.5 393.9 378.7 359.2 334.9 320.7 359.7 417.3 420.2 426.6 445.3 466 487.9 503.5 519.7 538.3 556.5 554.7 526.5 490.1 451.5 417.2 411.7 423.5 436.1 455.4 464 454.5 443.1 437.4 439.5 447.6 457.7 469.9 486 510.4 533.7 546.9 546.4 531.9 510.7
515.9 624.4 655.2 665.5 670.2 676.3 677.3 666.3 646.3 630.1 619.9 623.4 621.8 681.1 675.6 700 747.7 744.6 694.1 639.1 577.9 519.1 488.3 481.7 483.2 474.7 461.3 445.9 429 412.1 402.8 397.1 395.2 395.2 396.8 401.8 397.8 380.8 362.6 351.9 340.4 327.9 330.4 351.3 369.5 392.6 420 453.4 486.8 513.6 536 557.1 559.6 537.9 504 475.2 457.3 449.1 458.6 477.8 489.9 482 476.7 470.1 466.3 465.9 474.8 484.8 488.9 490.3 514.7 546.7 563.2 553.6 532.7 504.2
684.7 692.3 686.4 678.3 671.6 660.7 648.5 637 624.1 611.2 598.4 586.1 580.9 580.2 573.8 571.5 562.9 554.6 561.1 578.4 567.3 529.9 486.6 464.6 442.2 416.1 429.3 419.1 399.2 392.5 387.4 386.9 377.3 357.2 380.4 439.4 444.4 386.8 334.8 329.7 340.3 347.1 352.3 349.1 343.3 350.2 375.1 409.2 445.6 472.4 489.1 497.9 500.1 491.2 471.8 453.6 445.9 453.8 474.7 501.2 517.7 516.3 495.9 473.3 459.3 461.7 475.4 498 475.4 421.4 417.6 443.7 463.5 469.7 462.2 448.1
685.9 711.2 707.8 684.4 667.3 647.2 625.9 614.8 611.4 596.8 562.5 524.9 491.1 481.6 482.8 480.8 471.4 451 549.6 584.5 580.9 559.8 520.3 490.3 473.2 480.1 471.3 431.8 398.6 396.4 404.1 402.5 403.4 401.1 406.5 423 424.8 399 369.3 356.3 350.6 344 348 352.3 352.1 360.5 379 404.6 431.3 453.1 461.4 462.6 453.5 437.3 420.2 406.5 400.9 407.2 453.8 550.2 630.6 579.8 509.9 462.4 438.4 447.5 464.4 428.5 375.3 318.4 326.6 347.2 346.8 355.6 361.1 368.4
689 695.3 662.2 629.7 638.4 627.8 618.2 610.8 597.5 565.5 525.1 488.5 478.7 483.2 454.2 430.2 407.7 497.2 570.7 583.6 583.7 532.4 502.5 517 498.8 481.6 496.1 478.3 461.7 454 456.4 458 453 443 429.2 409.9 400.8 409.8 410.3 402.8 388.9 375.4 371.9 379.9 391.1 404 416.8 427.2 434.7 439 438.3 431.6 420.7 407.7 396.7 381.4 348.4 350.1 403.5 463 506.2 502.3 461.4 425.1 409.5 417.9 399.4 379 376.5 358.4 341 325.4 302.7 289.8 305.5 323.8
725.5 699.8 655.1 594.8 591.2 607.6 616 607.2 542.2 499.2 482.1 444.2 408.4 364.9 388.9 418.8 474.9 500.6 502.9 491.4 527.2 553.8 512.9 423.7 464.6 476 487.5 489.5 480.1 469.2 471.8 482.3 469.6 463.8 468.2 450.4 436.5 441.4 450 459.7 414.1 392 400.9 411.1 425.2 440 439.8 428.2 413.9 403.6 393.3 386.5 390.7 395.3 402.3 425.3 473.8 425.5 399.5 427.9 446.4 443.9 426.5 388.8 328.3 308.2 349.7 374.2 392.5 409.7 349.8 328.9 284.7 262.3 291.2 316.7
636.7 629.7 604.4 580.6 577.9 592.3 621.8 612.9 546.4 490.1 447.6 421.6 409.2 398.4 404.1 395.6 413.2 467 483 489.4 510.4 481.3 457.6 437.8 426.6 470.6 497.3 509.2 481.3 432.5 412.6 427.9 437.6 444.9 448 438.5 436.9 463 489.4 455.4 427.9 416.3 419.7 430.1 444.3 465.8 478 427 394.9 383.3 375.8 368.3 361 359 372.9 386.2 384.3 352.9 524 478.9 464 461.1 457.1 445.9 400.8 361.2 353 355.8 367.8 376.2 379.3 384.8 363.8 343.4 342 340.4
627.6 594.4 579.7 561.3 558.3 563.7 565 550.4 506.1 449.7 402.1 389.1 396.5 410.9 406.9 416.5 430.9 435.4 467.4 544.3 619.1 558.8 509.5 488.7 494.5 502.9 498.2 482.3 456 414.5 411.4 420.8 433.8 431.8 385 399.2 403.4 389.4 385.8 417.9 422.6 416.5 407.3 398.8 392 388.6 387.5 384.7 373.9 364.9 363 366 358.6 334.2 365.9 384.1 391.8 405.1 433.3 463.1 475.9 484.9 499.4 486.6 443.8 391.5 337.3 300.9 300.5 327 359.8 383.2 391.5 391.1 387.9 381.2
665.2 603.8 583.7 564.3 554.7 548.1 546.9 539.4 510.8 451 399.2 364.8 371.4 397.4 409 416.8 432.7 471.5 498.2 504.3 512.2 517.1 506.5 489.6 506.1 514.5 522.3 482 414.7 332.3 396.3 444 422.6 409.2 389.6 386.6 392.9 407 427.7 419.5 389.9 361.9 346.5 344.4 343 343.1 353 355.1 352.5 343.6 341.3 352.2 388.9 395.8 399.8 400.9 400.9 405.7 421.5 449.6 478 483.3 476.4 463.7 430.7 379.6 324.1 293.7 289.5 306.5 343.4 376.3 410.4 442.6 432.7 406.5
603.1 568.3 547.2 543.2 546.5 553 557.6 549.2 544.2 487.3 460.5 458.8 431 429.5 401.4 439.6 499.8 543.4 506.3 483.8 482.7 523.5 554 543.5 478.8 484.9 488.7 476.1 456.1 426.2 418.3 434.7 414.9 395.1 378.9 373.3 384.1 403.7 418.2 378.9 325.1 309.1 324.3 327.6 323.9 326.7 325.4 316.9 315.5 319.3 316.8 321.8 364.6 394.9 422.8 404 390.6 389.3 399.5 438.4 488.4 466.5 430.1 417.3 402.8 373.3 342.9 332.8 325.4 324.8 343.5 332.7 357.7 420.3 431.6 386.6
515.2 498 538.2 522.8 542.1 555.7 546.5 528.4 512.2 449.6 431.1 433.3 427.9 428.5 434.1 459.9 506 518.1 452.9 340.7 382.1 498.8 567.7 572.5 526.3 499.8 481.4 469.8 464.4 449.5 422.4 412.9 397.3 377 368.1 367.3 366.7 362.9 345.4 297 238.5 255.6 275.4 289.7 301.7 311.7 316.5 297.4 270.4 289.6 270.1 283 338.2 356.8 357.3 343.8 325 307.3 314.2 330.7 344.3 357.8 366.1 387.5 394.3 368.3 361.9 366.9 361.9 359.4 392.3 407.3 384.4 395.7 411.2 402.2
485.1 482 486 508.8 559.3 585.4 533.5 491 454.1 422.5 402 470.9 448.4 444.3 430.9 456.6 520 553.5 532.2 479.7 490 573.6 661.3 680.8 596.4 531.8 511.3 478.7 470.2 455.2 445.1 413.8 368.5 355.5 354.3 361.4 361.1 355 359.8 332.4 300.8 284.8 273.8 287.4 306.8 314.7 316.9 320.7 327.2 338.4 367.3 365.9 331.3 310.2 316.8 359.6 338.2 240.6 269.9 293.7 302.6 323.9 325.5 318.5 311.2 324.2 342.5 384.8 395.2 400.1 473.7 530.6 437.2 419.2 389.1 350.6
473.1 473.9 493.9 502.1 477.6 472.3 468.7 464.7 430.5 398 396.2 378.2 422.3 470.9 506.4 504.4 584.5 621.8 601.8 523.3 510 561.4 603.5 552.5 467.5 466.3 478.6 474.1 460.5 442.9 416.8 381.3 346.2 334.5 342.1 359.3 364.8 341.9 331.7 322.1 312.4 315.8 321.3 316.8 321.3 321.7 316.2 340.2 348.8 356.5 385.6 395.8 341.4 278.1 233.3 270.3 248.6 184.2 268.1 306.6 342.2 370 333.8 292.2 261.7 248 258.1 339.1 367.6 449.7 464.2 460.2 461.3 440.2 406.1 395.2
483.7 485 556.3 602.1 464.9 441.4 437.2 454.3 426.6 394.4 393.2 424.4 472.9 438.9 481.7 563.6 571.7 559.1 545.6 500 440.5 422.3 413.8 416.9 412.9 423.7 435 435.7 429.5 424.1 409.1 384.5 360.1 342.9 357.2 343.1 335.8 325.8 321.1 321.4 314.6 312 307.5 307.1 316.5 326.2 346.9 378.6 368.1 374.9 368.7 349.8 351.2 392.8 320.6 270.5 227.4 265.1 338.1 314.3 309.5 325.5 344.8 299.8 250.3 282.3 284.7 307.6 382.3 389.2 381.4 453.1 477.9 423.2 381.6 378.4
469.2 482.5 475.8 440.1 402.6 413.8 407.5 405.8 403.3 329.6 350.8 443.2 490.9 448 433 424.6 465.3 501.3 530 481.9 400.6 368.1 336.8 366.4 398.6 417.9 423.4 399.4 383.8 434.6 477.2 397.7 356.9 392.6 482.6 406.2 354.5 334.7 330.6 358.1 377.6 346.3 313.2 295.6 306.9 320.9 352.2 365.5 384.8 335.4 259.6 307.1 307 290.2 270 273.5 311.2 333.7 293.1 269.9 313.1 318 344.1 319.2 305.9 306.3 329.8 321.1 330.5 362.1 433 466.6 409.8 318.5 331.8 412.2
414.7 440.4 444.2 441.6 479.1 442.8 361.8 412 415.8 380 369.4 388.5 407.6 408.5 416.2 433.4 452.5 467 476.9 455.1 411.3 387.2 387.8 400.3 436.2 456.6 426.6 420.7 440.5 409.2 364.4 349.2 360.7 362.9 326.7 308.9 342.9 308.3 324.8 433.2 458.2 372.3 275.6 311.9 357.2 345 341.1 333.2 334.8 318.1 289.5 276.7 268.7 268.9 267.1 251 239.5 259.9 278.7 283.7 311.2 333.5 323.6 310.7 300.7 310.1 298.4 326.8 348.8 312.9 400.1 419.4 425.2 426.5 436.6 472.7
422.4 418 437.2 436.3 418.5 389.8 340.9 362.9 288.1 335.4 343.9 350.2 365.4 380.1 387.2 396.3 443.2 469.4 481.1 463.5 439.6 419 411.7 423.4 438.3 411.1 340.5 399.3 418.3 415.1 372.8 370 382 393.1 399 395.8 386.8 432.5 430.4 398.8 390.9 384.4 366.9 359.2 356.4 359.3 335.7 311.6 306.8 295.5 273 256.9 263 261.7 258.3 249.4 245.1 256 267.4 283 314.2 340.7 324.7 305.4 288 229 238.5 317.2 371.7 383.2 402.9 448.6 486.6 486.5 468.8 498.9
483.6 437.5 437.1 412.2 392.9 383.4 361.2 346.5 334.2 333.8 327.5 316.3 321.3 323.5 324.5 349.6 404.1 489.5 551.8 460.3 432.5 424.4 419.3 426.5 440.8 419.7 419.6 416.8 395.2 390.4 383.9 382.3 381.9 385 380.4 357.7 331.8 344.1 361.7 362.7 368.1 382.4 392.3 389.8 393.1 372.6 343.3 303.6 311 323.9 320.7 304.3 283 267.3 264.2 280 269.2 252.6 218.8 265.4 289.1 311.2 312.3 313.5 321 306.4 290.6 312.5 350.8 373.4 400 453.4 505.3 590.4 602.6 455.3
782.8 552.1 463.8 427.3 434.5 408.6 364.1 338.8 326.8 320.5 309.8 302.9 303.2 308.7 297.4 286.7 339.8 405.3 457.2 428.1 385.4 404.7 412.3 421.9 427.2 412.2 394.3 379.2 368.2 357.7 358.8 364.8 352 345.4 338.5 312.6 276.9 300.7 326.9 297.6 323.1 384.1 489.9 329.9 318.4 300.8 292 299 320.1 380 415.8 370.9 317 274.6 259.8 256 255.4 253.1 261.5 271.4 292.4 314 315 320.5 328.7 303.3 268.4 316 331.9 280.6 365.9 432.6 405.6 466.5 464.9 528
396.9 423.1 407 386.9 387 365.7 334.5 347.1 324.1 305.1 285.3 273.4 270.9 297.3 317.7 333.3 331.1 353.4 399.1 415.6 405.9 401.6 416.9 423.3 420.6 401.8 369.2 344.5 335.4 313.2 334.6 325 318.2 314.3 312.5 322.1 340.8 299.5 262 276 320.2 355.4 348 312.4 274.7 229 269.4 253.2 281.3 319.5 344.4 328.1 297.3 266.8 260.3 251.3 252.1 259.3 268.8 265.4 269.2 290.9 323.3 315.8 304.9 312.8 331.5 426.3 497.5 443.1 443.5 461.7 456.5 357.2 350 402.1
358.8 357.5 338.3 349.9 357.5 338.7 307 298.9 289.6 268.9 251.6 260.9 289.5 281.4 297.2 336.7 345.1 368.9 443.6 446.2 431.1 410 424.8 446 411.1 390.4 357.7 331.3 313.5 305.9 301.3 280.1 262.4 256.2 260.6 283 298.7 291.1 282.7 280.3 289 291.9 279.1 254.1 241.7 249.6 256 259.3 266.3 272.4 265.4 260.4 254.9 232.3 223.5 229.8 228.9 240.6 252.7 255.6 246.7 260 279.2 267 257.2 297.2 343.1 437.4 481.1 506.2 513.9 487.4 378.7 231 261.9 324.2
345 314 322.6 320.6 312.3 305.5 299.9 279.1 246.3 240.4 248.2 258.3 273.2 287.2 301 311.8 343.3 381 407.9 395.1 395 360.4 344.6 356 367.8 365.9 311.7 286.9 275.7 265.8 259.5 247.2 236.8 206.7 175.6 245.1 259.2 275.3 277.4 271.2 253.3 236.9 228.8 224.7 218.9 232.7 248.7 260.3 271.1 270.5 276.9 263.9 237 213.3 190.8 184 200.3 233.5 248.3 248.4 252.7 244.8 237.2 219.6 205.2 235.5 289.3 283.6 407 541.7 530 557.7 488.3 414 374.3 370.8
315.2 322 304.2 295.8 283.1 279.4 269.5 252.2 240.2 240.5 256 258.7 257.6 270 285.9 303.8 324.6 344.7 350.7 319.2 332.7 326.4 314.6 306.8 299.3 278.9 226.7 227.4 239.5 236.7 231.6 224.8 210.2 197.5 201.1 210.1 210.7 234.6 242.9 231.9 215.3 210.7 214.3 216.7 219.9 226.7 237.6 276.6 279.4 276.8 303.6 275.6 265.8 226.9 100.3 88.9 162.1 208.9 213.7 207.8 212.5 209.3 207.2 211 214.9 218.2 239.8 280.9 342.4 387.7 504.3 460.6 539.5 477.7 433.1 426.1
