datasets/global_precipitation_1950_2017/rasters/precip_2006-total.asc
NCOLS 720 
NROWS 347 
XLLCORNER -180 
YLLCORNER -90 
CELLSIZE 0.5 
NODATA_value -9999 
[rows 102 to 135 of 347, columns 532 to 607 of 720]
338.3 367 364 356.9 342.5 316.7 317.9 319.9 334.8 357.4 375.1 388.5 417.7 467.1 522.7 553.4 543.8 520.9 496.5 473.8 463.8 450.4 442.5 460.7 499.2 542.8 580.5 631 694.1 689.6 706.2 767 798.5 752.8 695.5 688.9 627.5 604.8 614.3 616.1 734 820.9 945.1 1116 1107.8 814.8 598.4 563 623.9 675.1 689.4 697.3 712.5 730.3 782 952.7 941.6 951.8 1039.8 1031.8 1096 1040.7 1059.7 1068.6 1064.2 1066.6 1092.6 1074.9 1089.8 1082 1153.8 -9999 -9999 -9999 -9999 -9999
509.6 518 473 395.6 350.5 329.4 310.8 291.4 300.5 336.9 369.2 388.8 412.4 478.9 544.7 572.1 560 535.7 514.8 494.7 469.9 464.2 461.9 473.8 501.8 518.5 563.1 609.4 644.3 630.9 656.4 752.6 828.2 777.7 746.7 746.4 682 634.7 670.2 770.6 809.8 853.1 967.4 1097.4 1104.3 925.7 759.8 729.7 731.3 712.3 731 734.2 747.1 734.4 530.2 854.5 923.2 908.8 991.7 1072 1097.1 1038.5 1120.9 1058.6 934.5 1095.4 1094.2 1060.7 1025.5 1043.8 1137.7 1153.2 -9999 -9999 -9999 -9999
974.4 877.3 646.4 440 350.6 332.1 320.7 285.2 278.4 324 363.2 390.1 423.3 516 587.9 592.3 578.3 557.6 536.9 521 492.2 476.1 466.7 470.4 488.8 513.2 543 587 604 543 531.5 627.1 628.3 676.3 826.4 870.5 707.2 632.8 672.5 750.4 781 833.6 858.2 1079.7 1021.7 956.3 859.6 880.8 894.5 883.5 923.5 913.2 889.8 960.9 851.3 919.1 947.6 801.5 824.7 1070.8 1313.8 1241.3 1181.9 1098.2 1065.7 1152.1 1137.4 1088.4 962.7 997.1 1087.6 -9999 -9999 -9999 -9999 -9999
1780.1 1391 864.1 502.8 375.8 351.6 349.8 335.5 322.9 335.9 362.4 395.6 451.2 552.9 638.6 617 603.6 602.9 599.8 583.3 551.9 508.2 482.5 459.3 471.1 490.6 502.4 531.7 561.9 529.1 541.3 646 632.6 723 849.4 760.7 718.4 702.6 712.6 722.7 754.2 824.7 951.5 984 940.2 954.1 944.2 961.8 970.4 938.5 946.4 1022.7 1078.3 1035.4 1011.5 1008.9 1102.1 971.7 995.4 1150.2 1183.5 1129.4 1131.4 1287.6 1340.7 1250.7 1206.3 1122.7 998.3 971.9 988.7 -9999 -9999 -9999 -9999 -9999
2209.4 1807.1 1075.6 558.2 445.3 433.2 421.7 396.6 363 340.5 341.6 367.5 418.5 500.2 574.9 603.6 614.6 646.2 695.9 725.6 670.7 590.7 515.2 477.9 470.8 471.5 445.6 500.8 584.9 609.4 687.3 805.9 854.6 998.4 1090.1 922.8 823.3 741.3 710.5 739.4 773.1 845 942.9 1112.2 1073 1040.4 1031.3 1019.2 1071.1 1012.2 1009.7 1111.9 1355.9 1170.1 1127 1128.6 1094.7 1094.8 1120 1243 1305.6 1203.9 1212.1 1421.3 1735.6 1446.7 1395 1196.2 1156.7 -9999 1101.2 -9999 -9999 -9999 -9999 -9999
2081.4 1681 1075.4 591.9 549 494.5 497.3 460.4 390.3 331 330.3 326.8 349.5 402.7 492.8 584.5 590.1 642.5 738.2 804.3 813.1 731.4 605.8 539.9 525.8 465.3 427 500.1 580.8 642.5 739.2 799 849 1069.9 1441.3 1259.1 1061.3 838.8 749 785.2 790.4 898.6 868.9 945.9 1026.1 1090.7 1123.6 1144.3 1188.8 1178.6 1157.9 1155.2 1179.6 1148 1149.1 1353.5 1332 1257.6 1281.5 1479.6 1495.1 1467.5 1468.9 1351.4 1302.5 1284.4 1240.1 1176.9 1166.6 1065.8 1140.6 1243.6 1199.2 -9999 -9999 -9999
1699.4 1037 438.6 535 764.7 444.1 540.3 369.5 376.2 337.2 314.5 301.2 294.2 288.5 385.2 638.6 911 985.9 1254.8 1317.4 1311.1 1223.2 921 642.9 589.2 546.5 525 532.9 539.4 644.1 783.9 782.6 824 830.3 1432.9 1394.9 1032.6 872 869.9 871.1 858.3 905.8 991.9 1014.9 1037.6 1171.9 1197.2 1202.7 1236.8 1273.1 1342.6 1337.7 1253.1 1165.4 1104.9 1276 1416.9 1435.2 1520.5 1633.2 1670.5 1522.9 1691.4 1560.7 1451.1 1345.1 1309.7 1242.8 1015.2 1309.7 1442.4 1445 -9999 -9999 -9999 -9999
663 305.1 218.5 809.8 1300.9 1777.2 1004.9 292.7 341.9 309.5 290.4 278.7 279.7 247.6 258.9 1297.8 2600.8 3269.2 3591.8 3033.1 2648.7 2538.8 1971.4 1047.4 774.8 667.4 635.5 583.5 559.7 670.3 784.2 775 844.2 942.5 1020.6 966.2 854.6 831.4 1024.8 971.7 904.4 934.8 1063 1081.5 1179.9 1252.8 1235.5 1210.4 1235.8 1319.8 1428.5 1452.8 1337.9 1260.7 1254 1354.3 1475.2 1497.1 1550 1575.9 1586.3 1572 1720.7 1787.1 1698.7 1514.5 1503.9 1580.2 1598.4 1846.8 1629.4 -9999 -9999 -9999 -9999 -9999
849.4 802.1 1145.6 1666.8 1709.2 1343.4 912 650.7 400.5 332.5 440.3 313.1 263.7 226.7 382.7 3355.2 4750.5 4847.2 4180.9 3060.1 2676.2 2744.4 2890.6 1867.2 1158.1 769 702.1 689.1 687.1 737.6 819.7 885.9 946.7 937.8 867.4 727.5 858 937.3 994.4 958 853.9 755.7 891.4 1053.5 1170.5 1199.9 1223.7 1221.3 1269 1334 1397.8 1434 1379.6 1243.4 1274.8 1494.1 1669.2 1646.3 1518.6 1528.1 1684.5 1872.5 2005.1 2079.4 2020.8 1926.9 1800.9 1768 1809.8 1788.4 -9999 -9999 -9999 -9999 -9999 -9999
1720.1 1460.2 2453.4 1756.6 2029.5 1178.8 476.2 1389.6 2797.2 2876.8 2371 1616.4 718.9 665.7 1801.5 3402.5 3902.1 4575.7 3014.4 2433.4 2469.9 2837.3 3416.4 3016.2 1942.4 1138.2 827.6 816.4 827.2 821.1 860.1 931.7 980.9 951.4 855.8 777 802.1 884.6 933.3 899.3 833 703.2 838.1 1030.5 1156 1184.1 1239.6 1245.7 1287.2 1349.1 1423 1489.1 1593.1 1602.2 1556.1 1661.4 1878.2 1784.2 1611 1633 1807.9 1951.4 2187.8 2370.7 2250 2084.6 1996.8 1995.2 2004.4 -9999 -9999 -9999 -9999 -9999 -9999 -9999
1166.9 1724.3 1262.8 1367.2 2512.3 2455.5 2213.5 4345 4153 2689.8 2273.8 2089 1898.1 1787.5 1888.5 2604.8 3025.7 2293.4 2289.4 2441.8 2429.3 2932.3 3450.4 3450.8 2836 1639.1 980.2 951.4 853.5 823.5 836.4 858.4 855.7 858.7 806.7 723.6 755.7 855.8 979.6 958.6 949.5 905.6 939.4 1024.6 1069.7 1029.3 1197.9 1232.2 1320.8 1444.1 1497.3 1517.1 1784.7 2193.8 1816.6 1714.2 1716.3 1665.8 1665.5 1730.1 1815.5 1782.6 2325.4 2335.8 2096.8 2077.9 2028.6 2147.6 2283.4 -9999 -9999 -9999 -9999 -9999 -9999 -9999
1190.1 1367.1 1762.1 1923.4 2753.3 3028 3624.1 4252.7 3646.8 2346.5 2333.8 1699.2 1300.4 1477.6 1677.6 1744.2 1888.1 2268.9 2370.5 2378.6 2447 3027.1 3259.7 3234.1 2896.9 1849.8 975.3 1021.5 914.4 838.8 824.4 846.4 834.4 839.8 867.7 790.8 686.5 844.9 1002.4 1098.5 1073.3 1020.7 1051.8 1098.9 1063.7 986.5 1225.2 1360.8 1482.8 1602.6 1534.3 1560.3 1598.1 1618.3 1733.5 1679.1 1659.7 1614.1 1630.9 1771.7 1863.6 1902.8 2040.5 2012.4 1845 1983.4 1998.3 2188.9 -9999 -9999 -9999 -9999 -9999 -9999 -9999 -9999
1152.6 1251.7 1445.2 1889.3 2124.7 2740.8 2850.5 2947.3 2021.8 1971.3 1707.9 1310.6 1033.7 874.4 1286.2 1213.3 2120.2 2281.9 2463.1 2507.1 2314 2516.6 2700.7 2657.4 2190.7 1636.6 1008.8 889.8 874.8 842.4 765.5 765.9 830.7 816 845 849.4 914.7 1072.5 1236.6 1288.5 1191.7 1097.7 1182.7 1242.9 1200.2 1209 1358.6 1508.4 1591.9 1590.1 1544.8 1566.1 1649.8 1751.1 1773.2 1741.6 1697.6 1652.1 1628.3 1807.3 1906.8 1941 1929.7 1991.7 2031.2 1998.2 1989.7 -9999 -9999 -9999 -9999 -9999 -9999 -9999 -9999 -9999
927.5 1156.5 1325.2 1366.2 1516.1 1687.8 1903.3 2196.8 2200 1571.3 1321.8 1390.6 1313.5 803 674.5 1034.3 1509.4 1832 2057.8 1943.2 1841.9 1967.3 2009 1897.9 1704.4 1261.1 933.4 809.3 748.5 813.6 712.8 571 718.5 831.6 848.3 950.3 1092.8 1254 1433.5 1394.2 1326.6 1320.4 1363 1385.1 1272.1 1282.2 1536.7 1706.1 1759.7 1722.5 1611.1 1623.1 1748.4 1877.6 1872.3 1825.9 1804.5 1754.5 1652.2 1892.3 1986.5 1975.3 1961.3 2066.5 2184.1 1946.2 1808 -9999 -9999 -9999 -9999 -9999 -9999 -9999 -9999 -9999
1108.3 1169.4 1210.7 1446.8 1431 1648 1653.6 1838.8 2161.3 1948.9 8323.2 8652.1 2519.8 2206.4 1963 1691.9 1464.6 1486.8 1720 1634.2 1689.6 1868.5 1903.9 1682 1277.4 1090.6 911.6 855.3 794.6 829.4 774.3 762.5 874.7 966.4 963.6 983.3 1117.5 1325.1 1429.1 1410.5 1375.3 1392.4 1364.2 1373.2 1386.2 1485 1694.9 1846 1780 1810.1 1778.1 1755.5 1858.7 1832.6 1826.5 1867.1 1925.5 1898.6 1967.2 2132.6 2105.7 2091 2133.5 2005.5 1851.9 1647.3 1490.4 -9999 -9999 -9999 -9999 -9999 -9999 -9999 -9999 -9999
1198.5 1210.5 1201.8 1499.2 1349.8 1430.2 1553.8 1658.6 1789.2 1640.7 3370.3 2668.3 2485.5 2396.2 2637.9 1174.9 1196 1619.7 1652.3 1511.4 1544 1707.5 1764.1 1535.8 1262.6 1159.2 1042.7 999.1 1009.7 951 845.1 841.5 918.6 970.4 973.1 957.1 1018.5 1227.2 1374 1351.1 1297.8 1284 1334.4 1344 1371.3 1614.2 1609.8 1813.9 1839.5 1841.3 1801.6 1839.8 1975.8 1904.7 1815.9 1816.5 2056.5 2150.9 2171.3 2201.7 2097.3 2103.7 2052.5 1968.9 1785.4 1602.5 -9999 -9999 -9999 -9999 2708.2 2239.9 -9999 -9999 -9999 -9999
1414.4 1386.6 1511.8 1509.5 1428.9 1401.6 1518.4 1633 1682.5 1718.2 1871.6 1761.4 1942.4 2124.5 2334.5 975.5 1172.3 1477.7 1515.3 1419.5 1534.7 1660.8 1764.5 1505.2 1447.3 1402.5 1309.5 1233.4 1246.3 1169.9 986.9 906.4 904.5 906.9 945 989.3 1049 1017.6 1085.2 1178.6 1257.2 1245.1 1263.1 1426.3 1510.7 1606 1671.9 1670.4 1687.5 1874.1 1768.2 1842.9 1943.9 2002.8 2072.2 2083.1 2245 2268.6 2180.1 2157.9 2092.2 2130.3 2022.1 1977.7 -9999 -9999 -9999 -9999 -9999 2561.8 3502.2 -9999 -9999 -9999 -9999 -9999
1506 1386.9 1400.3 1382.5 1415.1 1437.3 1524.2 -9999 -9999 1831.8 1994.1 1654.3 1864.5 1514.6 1610.3 1405.6 1381.9 1373.3 1256.5 1281.9 1473.4 1569.9 1611.3 1522.6 1494.8 1516 1574.5 1380.7 1306 1310.2 1244.9 1036.9 958.2 919.9 878.4 1238.4 1170.8 1016.5 1097.2 1238.3 1278.8 1245.4 1269.3 1499 1613.2 1669.2 1547.6 1595.6 1808.1 1816.3 1792.8 1831.9 1941.5 2101.5 2225.9 2266.6 2251.3 2252.6 2262.2 2273.8 2317.9 2387.1 2056.1 -9999 -9999 -9999 -9999 -9999 1735.5 3120 2346.3 -9999 -9999 -9999 -9999 -9999
1650.5 1413.2 1381.8 1622.4 1649.2 1631 1511.5 1743.3 1783.4 2258.1 2235.3 1912.9 2546.1 3446.2 1935.5 1438.3 1313.9 1063.8 802 979.7 1506.6 1296.2 1617.5 1588.7 1529.9 1557.5 1573.2 1481.8 1433.1 1495.7 1582.9 1494.6 1332.7 974.6 827.3 1119 1080.4 1593.4 1612.6 1342.1 1392.4 1386.8 1389.2 1458.8 1459.4 1530.4 1460.2 1664.6 1807.3 1799.8 1928.8 1865.4 1833 1961.9 2185.4 2118.8 2179.2 2277.6 2415.1 2377.7 2437.7 2532.7 -9999 -9999 -9999 -9999 -9999 -9999 1804.3 3392.2 2211 -9999 -9999 -9999 -9999 -9999
1735 1612 1727.1 1741.4 2057.3 2037.8 1860.9 1901 2145.1 -9999 -9999 2316.2 2312.8 3024.7 2256.5 1608.7 1125.7 840.2 665.8 810.7 1569.3 1758.5 1471.8 1542.6 1517.3 1375.3 1423.5 1558.4 1542.9 1486.1 1621.8 2073.4 1901.8 1340.1 1322.8 1625.1 1628.1 1996.8 1996.3 1566.1 1718.3 1368.8 1259.8 1290 1182.4 1218.3 1292.3 1272.8 1513.3 1757.3 1855.3 1884.6 1847.9 1878.6 2007.6 -9999 2372.8 2385 -9999 -9999 -9999 -9999 -9999 -9999 -9999 -9999 -9999 -9999 1777.4 4270.2 -9999 -9999 -9999 -9999 -9999 -9999
1793.1 1709.8 1717.1 1747.8 1913.9 2067 1990.5 2290.2 2827.8 2714 -9999 -9999 2486 2883.7 2513.4 1716.9 870.3 688.9 692.8 819.7 1068.3 1464.9 1484 1523.6 1479 1405 1412.7 1501.9 1489.2 1407.9 1650.3 1661.9 1794 1666 1815.5 2373.2 1729.9 1993.9 1765.1 1650 1533.6 928 1132 1501.3 1441.5 1453.6 1271.1 955.9 1341.7 1807.1 1932.3 1906.1 1962.2 2076.7 2006.2 -9999 -9999 -9999 -9999 -9999 -9999 -9999 -9999 -9999 -9999 -9999 -9999 -9999 -9999 3253.2 -9999 -9999 -9999 -9999 -9999 -9999
1739.6 1683.8 1615.6 1866.9 1952.4 1991.4 1994.1 -9999 -9999 -9999 -9999 -9999 3087 3177.4 2847.4 1680.3 931.2 689.4 653.7 903.2 1098.2 1477.8 1921.1 1772.5 1549.6 1328.6 1286.4 1334.6 1464.2 1439 1770.8 2223.2 1814.4 1816 1778.7 1639 1555.4 1897.6 1567.8 1799 1503 1224.9 1378.8 2352.6 2130.1 1622.6 1420 1352.2 1270.9 1457.2 1727.1 -9999 1957 -9999 -9999 -9999 -9999 -9999 -9999 -9999 -9999 -9999 -9999 -9999 -9999 -9999 -9999 -9999 -9999 -9999 -9999 -9999 -9999 -9999 -9999 -9999
1673.6 1841.2 -9999 -9999 -9999 -9999 -9999 -9999 -9999 -9999 -9999 -9999 3937 4195.1 3688.7 2507.1 1314.1 743.9 894.8 999.9 1058.2 2379.1 2189.2 1962.2 1772.7 1432.4 1315.9 1288 1479.8 1734.9 1984.5 1861.3 1761.4 1773.2 1634.6 1296.5 1251.8 1349.5 1482.7 1547.8 1389.1 1454.1 2285.3 -9999 -9999 -9999 -9999 -9999 1206.2 -9999 -9999 -9999 -9999 -9999 -9999 -9999 -9999 -9999 -9999 -9999 -9999 -9999 -9999 -9999 -9999 -9999 -9999 -9999 -9999 -9999 -9999 -9999 -9999 -9999 -9999 -9999
1820.3 1790.4 -9999 -9999 -9999 -9999 -9999 -9999 -9999 -9999 -9999 -9999 -9999 4554.9 4225.1 2996.1 1312.7 869 951 1047.3 1214.3 1971.5 1975.6 1841.6 1836.9 1662 1624 1641.2 1663 1697.8 1559.3 1521.3 1505.7 1508.7 1394.2 1231.2 1235.6 1352.6 1821.6 1506.4 1429.2 1391.5 -9999 -9999 -9999 -9999 -9999 -9999 1298.9 -9999 -9999 -9999 -9999 -9999 -9999 -9999 -9999 -9999 -9999 -9999 -9999 -9999 -9999 -9999 -9999 -9999 -9999 -9999 -9999 -9999 -9999 -9999 -9999 -9999 -9999 -9999
2024.7 -9999 -9999 -9999 -9999 -9999 -9999 -9999 -9999 -9999 -9999 -9999 -9999 -9999 -9999 3909.1 1583.4 1102.2 1005.1 1150.6 1210.8 1572.4 1764.9 1758.3 1711 1802.9 1915.9 1989.2 1793.8 1627.7 1471.2 1374.4 1219.5 1184.6 1218.4 1205.4 1261 1354 1727.7 1839.7 1453.9 -9999 -9999 -9999 -9999 -9999 -9999 -9999 -9999 -9999 -9999 -9999 -9999 -9999 -9999 -9999 -9999 -9999 -9999 -9999 -9999 -9999 -9999 -9999 -9999 -9999 -9999 -9999 -9999 -9999 -9999 -9999 -9999 -9999 -9999 -9999
-9999 -9999 -9999 -9999 -9999 -9999 -9999 -9999 -9999 -9999 -9999 -9999 -9999 -9999 -9999 4534.8 3117 1162.5 1025.5 1189.1 1607.3 1536.9 1494.1 1577.4 1577.6 1659.4 1845.9 1996.4 1799.2 1543.1 1357.6 1304.6 1071.8 1322.6 1426.8 1383 1321.6 1417.7 1815.2 1691.2 -9999 -9999 -9999 -9999 -9999 -9999 -9999 1345.5 1584.3 1599.3 -9999 -9999 -9999 -9999 -9999 -9999 -9999 -9999 -9999 -9999 -9999 -9999 -9999 -9999 -9999 -9999 -9999 -9999 -9999 -9999 -9999 -9999 -9999 -9999 -9999 -9999
-9999 -9999 -9999 -9999 -9999 -9999 -9999 -9999 -9999 -9999 -9999 -9999 -9999 -9999 -9999 -9999 3859.6 1512 1122.5 1119.8 1781.1 1950.4 1700.6 1569.2 1558 1541.8 1556.5 1440.7 1471.3 1474.6 1335.2 1120.5 1817.2 2039 1518.4 1545.3 1395.5 1668.7 1668.7 1634.4 -9999 -9999 -9999 -9999 -9999 982.5 1223.1 1452.8 1746.2 -9999 -9999 -9999 -9999 -9999 -9999 -9999 -9999 -9999 -9999 -9999 -9999 -9999 -9999 -9999 -9999 -9999 -9999 -9999 -9999 -9999 -9999 -9999 -9999 -9999 -9999 -9999
-9999 -9999 -9999 -9999 -9999 -9999 -9999 -9999 -9999 -9999 -9999 -9999 -9999 -9999 -9999 -9999 3750.8 2604.3 1360.6 1552.6 2409.3 2762.6 2449.3 1783.5 1530.9 1546.6 1442 1435.6 1399.1 1240.6 1348.7 1573.5 2364.7 2541.5 2313.9 3037.9 2526.7 2192.9 1910.9 -9999 -9999 -9999 -9999 -9999 -9999 1047.1 1056.2 1196 1485.8 -9999 -9999 -9999 -9999 -9999 -9999 -9999 -9999 -9999 -9999 -9999 -9999 -9999 -9999 -9999 -9999 -9999 -9999 -9999 -9999 -9999 -9999 -9999 -9999 -9999 -9999 -9999
-9999 -9999 -9999 -9999 -9999 -9999 -9999 -9999 -9999 -9999 -9999 -9999 -9999 -9999 -9999 -9999 -9999 2955.4 1512.3 1731.3 2746.5 3271.8 2973 1646.1 1328.8 1407.8 1445.3 1517.7 1438.3 1447.7 1506.6 1585.4 1866.9 2105.4 2513.2 3206.2 3216.3 2700 2219.3 2591.9 -9999 -9999 -9999 -9999 -9999 -9999 -9999 -9999 -9999 -9999 -9999 -9999 -9999 -9999 -9999 -9999 -9999 -9999 -9999 -9999 -9999 -9999 -9999 -9999 -9999 -9999 -9999 -9999 -9999 2270.8 2164.4 1474.4 1524.1 -9999 -9999 -9999
-9999 -9999 -9999 -9999 -9999 -9999 -9999 -9999 -9999 -9999 -9999 -9999 -9999 -9999 -9999 -9999 -9999 3687.2 2092.9 2196.1 2609.1 3457.6 3387.8 2353.4 1735.8 1706 1653.3 1794.8 1975.1 1670.8 1474.9 1366.5 1530.7 1488 1832.4 2407.1 2586.8 2790.4 2814.5 2773.6 2512.7 -9999 -9999 -9999 -9999 -9999 -9999 -9999 -9999 -9999 -9999 -9999 -9999 -9999 -9999 -9999 -9999 -9999 -9999 -9999 -9999 -9999 -9999 -9999 -9999 -9999 -9999 -9999 -9999 2714.4 2119.6 1460.5 -9999 -9999 -9999 -9999
-9999 -9999 -9999 -9999 -9999 -9999 -9999 -9999 -9999 -9999 -9999 -9999 -9999 -9999 -9999 -9999 -9999 3229.7 2532.5 2444 2823.2 3814.7 4412 2174.5 2356.4 2021.7 1737.5 1757.6 1857.2 1704.8 1469.3 1307.5 1451.5 1373.1 1486.2 1706.6 1816.9 2519.5 2757.9 2479.7 1931.8 1836.7 -9999 -9999 -9999 -9999 -9999 -9999 -9999 -9999 -9999 -9999 -9999 -9999 -9999 -9999 -9999 -9999 -9999 -9999 -9999 -9999 -9999 -9999 -9999 -9999 -9999 -9999 -9999 2626.6 2715 1979.7 1909.2 -9999 -9999 -9999
-9999 -9999 -9999 -9999 -9999 -9999 -9999 -9999 -9999 -9999 -9999 -9999 -9999 -9999 -9999 -9999 -9999 2918.1 2559.7 2391.9 2802.3 3402.4 5148.6 4478 3525.7 1844.9 1413.3 1519.6 1549.7 1670.4 1420 1446.3 1376.8 1343.7 1422.6 1545.5 1632.5 1476.3 1694.5 1837.8 1873.2 1792.4 2020.1 -9999 -9999 -9999 -9999 -9999 -9999 -9999 -9999 -9999 -9999 -9999 -9999 -9999 -9999 -9999 -9999 -9999 -9999 -9999 -9999 -9999 -9999 -9999 -9999 -9999 -9999 2481.2 2626.7 2091.1 2760.3 -9999 -9999 -9999
-9999 -9999 -9999 -9999 -9999 -9999 -9999 -9999 -9999 -9999 -9999 -9999 -9999 -9999 -9999 -9999 3188.8 3096.8 2762.7 2680.6 -9999 -9999 -9999 5050 3948.2 2208.5 1499 1403.6 1467.9 1591.5 1680 1371.5 1244.8 1334.1 1332.3 1546.3 1541.4 1520.6 1546.4 1912.5 2089 2219.2 2011.5 2160.4 -9999 -9999 -9999 -9999 -9999 -9999 -9999 -9999 -9999 -9999 -9999 -9999 -9999 -9999 -9999 -9999 -9999 -9999 -9999 -9999 -9999 -9999 -9999 -9999 -9999 3436.1 2423.7 3146.3 -9999 -9999 -9999 -9999
-9999 -9999 -9999 -9999 -9999 -9999 -9999 -9999 -9999 -9999 -9999 -9999 -9999 -9999 -9999 -9999 -9999 -9999 -9999 -9999 -9999 -9999 -9999 5206.9 3935.5 2406.9 1618.8 1320.7 1246.1 1399.8 1479.9 1139.8 1047.2 1261 1436.3 1553.3 1562.2 1688.1 2096.2 2376.8 2186 2758.4 2643.6 2088.2 1832.6 -9999 -9999 -9999 -9999 -9999 -9999 -9999 -9999 -9999 -9999 -9999 -9999 -9999 -9999 -9999 -9999 -9999 -9999 -9999 -9999 -9999 -9999 -9999 2339.7 2102 2299.8 -9999 -9999 -9999 -9999 -9999
