datasets/global_precipitation_1950_2017/rasters/precip_2001-total.asc
NCOLS 720 
NROWS 347 
XLLCORNER -180 
YLLCORNER -90 
CELLSIZE 0.5 
NODATA_value -9999 
[rows 102 to 135 of 347, columns 532 to 607 of 720]
454.6 482.5 473.2 463.3 445.9 414.3 407.1 401.2 417.2 452.9 489.6 519.7 555.2 603.8 657.2 684.8 663.8 623.7 591 571.8 562.7 546.4 535.1 549.7 585.7 617.7 627.2 637.1 652.2 672.5 726.2 788.1 810.9 779.8 725.3 752.4 796.7 807.4 744.4 666.2 716.1 730.6 780.6 869 862.3 687.3 546.9 558.3 675.8 767.1 666.9 616.9 566.4 487.1 493.7 518.3 478.9 589.1 663.4 632.9 757.5 686.3 709.9 696.2 706 716.6 801.8 886.2 976.3 1076.1 1290.6 -9999 -9999 -9999 -9999 -9999
629.6 635.2 586.8 512.3 461.7 433.7 396.7 353.7 362.1 425.9 491 537.3 567.7 626.6 688.7 715.6 697.9 672.8 662.8 646.7 601.5 576 566.6 573.9 601.6 613.1 630.4 642.3 668.3 686.6 735.4 801.6 838.3 822.9 834.3 874.1 885.3 899.5 829.3 804.5 798.1 776.3 801.8 867.5 879.2 805.6 746.4 769.4 790.3 792.1 715.3 635.8 588.9 526.6 303.8 521.5 581 656 724.7 751.6 767.2 778 822.9 790.3 703.4 726.9 870.8 986.4 1017.7 1127.5 1303.3 1347.4 -9999 -9999 -9999 -9999
1097.2 997.8 762.8 562.1 476.9 450.6 414.1 344.1 332.5 411.2 488.5 541.6 582.8 669.5 737.8 738.8 725.5 711.2 706 692.2 635 594 572.7 576.5 592.9 614.9 634 661.7 695.1 709.6 739.8 769.4 734.4 797.6 972.4 1036.1 923.2 925.3 839.4 807.5 802.6 777.9 690.3 872.6 866.4 897.8 947.9 1008.9 932.8 860.6 843.5 789.6 730.3 787.8 667.7 739.4 807.1 777.6 768 861.6 999.3 1033.3 1026.4 971.2 1059.5 1171.7 1127.6 1136.1 1056.7 1146.6 1256.5 -9999 -9999 -9999 -9999 -9999
1906.4 1512.2 983.1 624.3 501.1 474.4 454.8 419.5 407.4 442.1 492.4 540.7 604 706.2 794 771.6 760.4 762.3 761.7 740.8 692.4 628.6 592.4 572.1 589.1 614.7 633 672.4 726.3 745.4 780.9 826.8 803.7 927.9 1055.9 931.3 867 878.4 847.5 799.4 853.5 820.3 821.9 778.7 791.2 895.6 991.9 1031.8 961.2 868.1 853.7 880.5 879.6 859.9 858.7 871.9 1011 904.7 918.5 1023.7 1069.3 1145.1 1190.2 1312.4 1398.2 1329.5 1312.5 1293.3 1238.4 1212.8 1209.6 -9999 -9999 -9999 -9999 -9999
2342.2 1930.4 1191.6 670.8 554.6 539.3 522.6 496.7 475.3 472.4 487.8 516.8 567.4 650.6 726 759.8 779 810.1 851 874.1 809.3 712.6 627.5 591 595.1 615.2 603 682.6 793.4 817.7 873.2 911.4 1002.1 1312.2 1416 1160.3 1014.7 921.8 854.8 832.1 827.5 835.6 865.2 972.2 941.9 946.2 966.2 955.3 977.5 906.8 894.3 924.7 1068.7 1005 1024.2 1024.2 981.6 984.4 996.7 1076 1182.4 1225.2 1311 1533.2 1896.6 1588.3 1609 1517.6 1554 -9999 1359.2 -9999 -9999 -9999 -9999 -9999
2221.6 1808.1 1192.3 697.8 641.7 577.3 582.9 561.1 513.4 482.4 495.9 478.1 487.4 537 631 734 761.4 809.4 876.2 924.1 913.1 826.1 696.7 629.6 628.1 596.2 582.9 690.3 803 866.6 949.9 953.5 1049.4 1438.3 1899.4 1620.7 1311 1051.7 932.4 867 789 871.2 818.4 851.9 902.9 960.3 995.3 979.8 978.5 1001.2 1022 1035.2 1056.7 1133.9 1189.7 1329.6 1261.4 1142.2 1095.3 1155.2 1192.5 1344.6 1424.1 1405.1 1425.4 1433.3 1432.9 1437.2 1467.3 1380.4 1372.3 1414.2 1371 -9999 -9999 -9999
1849.7 1169 559.6 642.8 850.5 510.5 614.4 466.6 496.4 480 461.4 433.2 412.7 395 487.9 751.4 1035.8 1091.8 1317.4 1346.5 1333.1 1248.5 953.4 677.1 624.8 608.2 633.9 723.8 796 899.9 1061.2 1061.8 1114.4 1196.2 1895.2 1778.2 1313.1 1096.7 990.5 925.2 873.5 898.2 964.4 939 891.6 977.8 1009.3 977 968.9 1073.7 1184.5 1178.4 1196.5 1241 1228.3 1297 1385.5 1372.8 1352 1378.4 1419.3 1354 1548.8 1499.2 1472.1 1430.4 1405.4 1353.5 1133.5 1490.3 1560.5 1455.2 -9999 -9999 -9999 -9999
826.7 444.4 345.1 924.8 1396.9 1860.2 1091 391.6 455.9 429.6 413.1 392.8 378 335.7 327.8 1328.2 2598.1 3223.4 3502.3 2925.4 2540.1 2448.5 1908.4 1006.1 730 607.7 639.9 728.5 803 930.4 1072.6 1066.3 1127.3 1246.8 1344.6 1261.5 1137.5 1081.1 1069.8 990.5 957.3 991.9 1091.7 1053.1 1051 1030.5 1043 1028.4 1062.5 1160.4 1295.2 1340.2 1323.6 1330.8 1311.6 1337.8 1405.4 1404.8 1399.1 1426.7 1426.3 1411.7 1564.4 1651.7 1618.2 1530.4 1485 1485.8 1541 1859.9 1659.3 -9999 -9999 -9999 -9999 -9999
1031.4 953.2 1277.8 1787.6 1814.4 1441.2 1010.2 758.5 525.5 463.4 569 428.7 359.9 303.6 411.1 3295.6 4599.6 4624.9 3930 2812.3 2437.9 2539.2 2738.9 1761.4 1066.3 662.6 669.5 796.3 888.5 980.5 1078.5 1136.1 1179 1170.1 1088.3 921.8 1046.8 1098.5 1085.4 1033.6 967.7 920.1 1018.9 1097.2 1153 1119.1 1104.7 1083.4 1124.5 1188 1286 1381.3 1423.9 1392.5 1352.9 1391.5 1400.5 1388.7 1334.9 1374.7 1529.9 1700.8 1819.7 1887.6 1784.3 1688.5 1611.4 1573.7 1618.7 1624.7 -9999 -9999 -9999 -9999 -9999 -9999
1921.3 1623.9 2596.9 1885.1 2141.8 1281.6 581.9 1514.8 2957.4 3058.8 2562.9 1794 848.8 743.7 1788 3257.6 3608.7 4199.5 2637.4 2093 2189.5 2641.6 3339 2980.6 1954.6 1133.3 886.2 960.7 1036.8 1068.3 1115.6 1167.3 1191.9 1141.6 981.3 839.1 894.1 970 982.3 966.2 976.6 1009.3 1064.9 1104.1 1200.7 1186.5 1177.4 1144 1152.2 1204.1 1295.8 1394.4 1554.4 1605.4 1524 1454.2 1379.4 1438.6 1460.2 1524.9 1664.7 1747.5 1980.2 2165.9 1999.8 1754.3 1714.2 1688.3 1655.7 -9999 -9999 -9999 -9999 -9999 -9999 -9999
1363.7 1893 1418.4 1515.1 2647.9 2590.5 2364.6 4559.8 4435.6 3016.4 2616.6 2387.1 2100.2 1889.7 1890.4 2417.1 2657.6 1869.1 1883.2 2141.1 2278.2 2955.6 3631.9 3694.4 3028 1794.4 1151.2 1147.5 1084.3 1092.8 1112.8 1120.8 1098.7 1049.8 892.9 710.8 877 936.1 959.6 973 1000.6 1007.4 1022.1 1062.2 1138.4 1134.9 1171.3 1134.4 1161.7 1252.5 1334.6 1364.1 1624.1 1986.3 1663.5 1534.9 1501.2 1594.6 1664.5 1741 1850.8 1697 2110.1 2117.4 1894 1813.9 1700 1743.2 1821 -9999 -9999 -9999 -9999 -9999 -9999 -9999
1356.5 1527.1 1926.8 2096.2 2943.9 3238.9 3884.3 4604.6 4096 2851.9 2815.4 2111.4 1571.5 1556.2 1713.9 1663.7 1643.2 1975.6 2116.2 2267.5 2527.3 3315.7 3728.7 3726.9 3342.5 2211.9 1281 1266.5 1133.8 1134.5 1129.9 1150.2 1171.9 1065.7 993.3 922 923.9 980.2 1031.9 1082.6 1023.2 954.9 976.9 1033.6 1083.5 1090.9 1185.1 1232 1263.1 1324.6 1334.3 1386.3 1442.6 1460.9 1563.2 1529.3 1550 1581.2 1636.3 1856.3 2152.4 1987.8 1957.5 1910.1 1743.1 1721.2 1600.7 1760 -9999 -9999 -9999 -9999 -9999 -9999 -9999 -9999
1266.9 1375.2 1597.1 2080.7 2367.7 3030.4 3185.8 3391.2 2592.3 2619.5 2208.6 1710.7 1481.8 1115.1 1451.1 1291.7 2077.3 2179.3 2434.6 2633.2 2645.1 3051.9 3357.2 3312.4 2771.5 2132.7 1436.3 1273.9 1243 1200.5 1110.2 1093 1135 1028.4 961.8 991.2 1055.9 1157 1240.9 1227.8 1085.2 966.9 970.6 995 1034.5 1071.9 1225.9 1371.2 1386.9 1354 1350.3 1398.5 1468.1 1536.2 1566.2 1591 1600.8 1589 1574.4 1798.3 1951.2 1941.6 1917 1875.9 1829.2 1621.7 1342.6 -9999 -9999 -9999 -9999 -9999 -9999 -9999 -9999 -9999
972.5 1211.6 1442.5 1552.7 1736.9 1952.4 2232 2640.1 2855.9 2393 2249.8 2364.2 2180.8 1297.3 955 1253.6 1609.2 1941.3 2241.6 2311.4 2410.9 2723.4 2845.2 2649.7 2318.7 1802.3 1426.1 1313.9 1302.5 1263.9 1104.1 928.9 1020.2 1048.7 1027 1143.4 1232.5 1283.7 1381.2 1288.6 1135.8 1046.3 996.1 991.3 1056.1 1097.4 1356.5 1489 1491.1 1468.3 1401.8 1450.2 1569.4 1595.3 1589.1 1672.8 1704.5 1693.5 1551 1770.8 1966.6 1902 1866 1811 1802.8 1553.6 1349 -9999 -9999 -9999 -9999 -9999 -9999 -9999 -9999 -9999
1083.7 1145.1 1242.4 1533 1533.4 1760 1813.9 2128.7 2717.7 2864 9881.8 10937.3 3805.7 2973.7 2468.9 1969.3 1667 1738.7 2103.5 2183 2358.3 2630.1 2751.9 2425.1 1860.2 1638.7 1393.6 1331.7 1270.2 1272.8 1244.5 1188.9 1130 1146.9 1133.3 1143.4 1234.4 1341.2 1371.4 1316.1 1169.5 1084.2 1109.5 1207.4 1297.1 1374.1 1533.4 1544.9 1431.8 1537.1 1585.5 1646 1820.1 1724.5 1678.5 1759.8 1815.3 1745.5 1657.1 1689.6 1810.7 1803 1678.1 1612.9 1492.9 1303.9 1220.9 -9999 -9999 -9999 -9999 -9999 -9999 -9999 -9999 -9999
1072.9 1124.1 1169.5 1513.8 1350 1421.6 1565.2 1767.7 2114.1 2247 4360.7 3921.7 3448.2 3125.8 3175.6 1458.5 1462.4 1974.2 2159.6 2109.4 2164.1 2315.3 2348.2 2064 1783.6 1678.7 1495.3 1390.9 1357.4 1308.1 1273.8 1239.9 1141.4 1141.6 1106.2 1013.1 1096.2 1306.8 1413 1322.8 1191.2 1142.8 1242.9 1408.9 1493.1 1631.8 1618.9 1703.2 1632.3 1651.2 1664.8 1820.9 2128.8 2004.7 1796.4 1747.6 1960.4 1961.7 1764.2 1626 1643 1701.1 1644.7 1564 1382.8 1266.5 -9999 -9999 -9999 -9999 2529.6 2043.1 -9999 -9999 -9999 -9999
1236.9 1281.6 1471.2 1492.5 1406 1357.6 1444.3 1612.5 1742.7 1918.9 2211.1 2285.8 2584.1 2739.4 2861 1356.8 1529.9 1926.7 2045.2 1956.2 2024.2 2096.4 2118.4 1765.8 1779.5 1784.9 1640.1 1469.5 1386.4 1367.5 1221 1092 1040.9 1032.6 1041.2 1048.1 1143.2 1169.5 1245.1 1243.1 1240.6 1208.7 1310.7 1585.7 1716.9 1778.5 1844.6 1736.7 1600.2 1754.5 1664.4 1831.1 2075.2 2192.5 2218.2 2168.4 2190.9 2161.6 1916.2 1707 1586.4 1643.8 1564.1 1527.3 -9999 -9999 -9999 -9999 -9999 2607.1 3527.1 -9999 -9999 -9999 -9999 -9999
1330.5 1349.3 1421.7 1354.4 1339.4 1359.6 1429.5 -9999 -9999 1839.4 2083.5 1883.2 2271.2 1992.1 2077.3 1835.7 1806 1811.4 1709 1679 1810.7 1861 1847.6 1696.9 1724.8 1773.5 1768.8 1535.2 1387.5 1464.8 1394.3 1031.2 952.5 1002.9 965.9 1354.7 1291.3 1159.9 1250.8 1369.4 1328.2 1255.1 1461.3 1876.1 2063.6 2063.1 1818.8 1747.7 1865.6 1737.2 1601.9 1781.9 2098.9 2383.6 2535.3 2514.5 2384.3 2313.3 2125.4 1893.2 1790.9 1791.3 1516.6 -9999 -9999 -9999 -9999 -9999 1893.2 3267.9 2501.2 -9999 -9999 -9999 -9999 -9999
1529.1 1439.6 1416.6 1535.2 1473.5 1492.1 1414.8 1566 1604.8 2179 2209.1 2008.7 2823.7 3841 2388.6 1866.9 1735.3 1458.4 1161.5 1244.9 1695.4 1451.8 1778.4 1771.8 1731 1740.5 1733.6 1630.2 1607.2 1757 1818.6 1581.5 1386.3 1066.9 969 1269.8 1190.4 1699.6 1724.4 1545.9 1509.3 1522.7 1759.1 2051 2160.9 2163.2 1912.5 1937.9 1987.4 1809.5 1786.2 1888.2 2014.3 2268.3 2659.3 2538.1 2433.2 2371.4 2281.8 2052.1 1894.3 1887.9 -9999 -9999 -9999 -9999 -9999 -9999 2102.7 3704 2510.3 -9999 -9999 -9999 -9999 -9999
1673.1 1582.1 1645.5 1535.2 1764 1778.6 1640.2 1637.1 1861.7 -9999 -9999 2362.8 2533.1 3393.1 2693.4 2045.8 1553.7 1196.2 932.6 978.7 1626.9 1772.3 1523.5 1650.4 1661.5 1525 1541.7 1620.9 1687.6 1882.7 1982.2 2292.7 2057.9 1445.4 1429 1698 1691 2070.6 2034.5 1444.7 1096.5 1646 1797.5 2020.9 2003.5 1985.5 1894.5 1674.2 1768.3 1893.1 1993.9 2142.6 2146.2 2235.8 2451.5 -9999 2637.7 2512.7 -9999 -9999 -9999 -9999 -9999 -9999 -9999 -9999 -9999 -9999 2189.4 4720.2 -9999 -9999 -9999 -9999 -9999 -9999
1782.5 1716.2 1661.5 1544 1587.5 1763.9 1702.2 1993.5 2553.8 2522.8 -9999 -9999 2737.1 3301.9 3011 2208.9 1359.6 1046.9 884.8 855.2 985.6 1355.1 1419.4 1517.4 1553 1505.2 1505.2 1577.7 1647.8 1703.9 1881.6 1808 1917.8 1752.9 1898.1 2431.9 1786.8 2092.4 1873.9 1679.5 1608.8 1658 1722.8 2240.9 2274.5 2274.3 1972.3 1439.1 1730 2021.6 2227.9 2487 2600.4 2610.3 2490.2 -9999 -9999 -9999 -9999 -9999 -9999 -9999 -9999 -9999 -9999 -9999 -9999 -9999 -9999 4038.2 -9999 -9999 -9999 -9999 -9999 -9999
1848.6 1846.4 1705.4 1788.9 1762.8 1751.6 1728.1 -9999 -9999 -9999 -9999 -9999 3417.7 3680.7 3429.9 2371.5 1605.2 1138.2 803.4 765 859.7 1241.8 1690.3 1595.5 1481.9 1331.8 1328.8 1421.6 1624.1 1670.7 1775.8 2097 1816.4 1876.8 1869.2 1734.8 1663.7 2084.2 1857.8 2164.5 1829.1 1397.6 1808.5 3006.2 2923.8 2471.1 2190.2 2068.7 1917.1 2006.6 2311.4 -9999 2790.1 -9999 -9999 -9999 -9999 -9999 -9999 -9999 -9999 -9999 -9999 -9999 -9999 -9999 -9999 -9999 -9999 -9999 -9999 -9999 -9999 -9999 -9999 -9999
1887.1 2074.5 -9999 -9999 -9999 -9999 -9999 -9999 -9999 -9999 -9999 -9999 4379.5 4811 4361.5 3239.9 2028.8 1239.6 998.4 763.1 715.2 2002.8 1779.2 1559.1 1408.4 1193.5 1174.8 1225.9 1497.2 1766.8 1863.9 1669.2 1773.7 1876.1 1760.2 1407.3 1397.4 1611.8 1926.1 2181.4 1867 1830.7 2745.3 -9999 -9999 -9999 -9999 -9999 2043.7 -9999 -9999 -9999 -9999 -9999 -9999 -9999 -9999 -9999 -9999 -9999 -9999 -9999 -9999 -9999 -9999 -9999 -9999 -9999 -9999 -9999 -9999 -9999 -9999 -9999 -9999 -9999
2111.3 2023.1 -9999 -9999 -9999 -9999 -9999 -9999 -9999 -9999 -9999 -9999 -9999 5277.2 4954.4 3698.1 2086 1390.7 1094.2 839.4 801.4 1482.8 1448.8 1288.1 1285.4 1190.2 1260.4 1374.9 1489.4 1603.4 1526.6 1565.3 1670.4 1732 1596.1 1391.3 1423.4 1629 2221.7 2043.9 1956.4 1722.3 -9999 -9999 -9999 -9999 -9999 -9999 2056.6 -9999 -9999 -9999 -9999 -9999 -9999 -9999 -9999 -9999 -9999 -9999 -9999 -9999 -9999 -9999 -9999 -9999 -9999 -9999 -9999 -9999 -9999 -9999 -9999 -9999 -9999 -9999
2322.8 -9999 -9999 -9999 -9999 -9999 -9999 -9999 -9999 -9999 -9999 -9999 -9999 -9999 -9999 4466.8 2344.6 1667.9 1206.7 930.7 741.6 1014.3 1162.6 1145 1118 1261.9 1451.4 1592.1 1474.1 1432.3 1424.1 1523 1576.7 1540.2 1527.4 1438.8 1443.3 1545.9 1944.2 2161.4 2011 -9999 -9999 -9999 -9999 -9999 -9999 -9999 -9999 -9999 -9999 -9999 -9999 -9999 -9999 -9999 -9999 -9999 -9999 -9999 -9999 -9999 -9999 -9999 -9999 -9999 -9999 -9999 -9999 -9999 -9999 -9999 -9999 -9999 -9999 -9999
-9999 -9999 -9999 -9999 -9999 -9999 -9999 -9999 -9999 -9999 -9999 -9999 -9999 -9999 -9999 5046.9 3600.9 1789.6 1279.4 956.8 1086.5 926.1 866.4 938 960.9 1101.9 1357.9 1570.6 1409.2 1262 1251 1422.1 1478.5 1659.6 1670 1532.8 1372.2 1440.3 1804.5 1524.2 -9999 -9999 -9999 -9999 -9999 -9999 -9999 2024.4 2246.7 2234.6 -9999 -9999 -9999 -9999 -9999 -9999 -9999 -9999 -9999 -9999 -9999 -9999 -9999 -9999 -9999 -9999 -9999 -9999 -9999 -9999 -9999 -9999 -9999 -9999 -9999 -9999
-9999 -9999 -9999 -9999 -9999 -9999 -9999 -9999 -9999 -9999 -9999 -9999 -9999 -9999 -9999 -9999 4270 1989.8 1295.5 804.9 1239.5 1329.8 1067.4 921.4 930.2 1004.6 1087.2 957 1021.6 1085.7 1153 1159.8 1892.2 2123.4 1530.5 1424.8 1173.6 1500.1 1569.5 1569.5 -9999 -9999 -9999 -9999 -9999 1412.2 1796.7 2080.2 2262.1 -9999 -9999 -9999 -9999 -9999 -9999 -9999 -9999 -9999 -9999 -9999 -9999 -9999 -9999 -9999 -9999 -9999 -9999 -9999 -9999 -9999 -9999 -9999 -9999 -9999 -9999 -9999
-9999 -9999 -9999 -9999 -9999 -9999 -9999 -9999 -9999 -9999 -9999 -9999 -9999 -9999 -9999 -9999 4140.9 2844.3 1341.4 1247.4 1941.3 2212.9 1860.3 1173.4 913.2 1000.8 991.2 866.8 888.6 860.4 1075.1 1448.3 2250.6 2401.9 2079.9 2657.7 2063.1 1774.4 1659 -9999 -9999 -9999 -9999 -9999 -9999 1492.9 1601.6 1778.6 2025 -9999 -9999 -9999 -9999 -9999 -9999 -9999 -9999 -9999 -9999 -9999 -9999 -9999 -9999 -9999 -9999 -9999 -9999 -9999 -9999 -9999 -9999 -9999 -9999 -9999 -9999 -9999
-9999 -9999 -9999 -9999 -9999 -9999 -9999 -9999 -9999 -9999 -9999 -9999 -9999 -9999 -9999 -9999 -9999 3142.5 1506.2 1539.3 2440 2900.2 2449.1 1138 756.2 785.8 729.8 745.2 851.2 874.8 1080 1298.2 1669.9 1825.8 2174.8 2714.4 2611 2088.8 1762.7 2299.6 -9999 -9999 -9999 -9999 -9999 -9999 -9999 -9999 -9999 -9999 -9999 -9999 -9999 -9999 -9999 -9999 -9999 -9999 -9999 -9999 -9999 -9999 -9999 -9999 -9999 -9999 -9999 -9999 -9999 3309.2 2707.5 1606.4 1739.3 -9999 -9999 -9999
-9999 -9999 -9999 -9999 -9999 -9999 -9999 -9999 -9999 -9999 -9999 -9999 -9999 -9999 -9999 -9999 -9999 3856.1 2136.8 2149.3 2479.7 3209.7 2914.2 1755 1038.9 879.5 775.8 796.3 813.1 832.5 861.2 941.2 1273.2 1327.5 1493.7 1861.7 1853.2 1854.3 2182.3 2477.7 2518.1 -9999 -9999 -9999 -9999 -9999 -9999 -9999 -9999 -9999 -9999 -9999 -9999 -9999 -9999 -9999 -9999 -9999 -9999 -9999 -9999 -9999 -9999 -9999 -9999 -9999 -9999 -9999 -9999 3367.9 2447.2 1762.4 -9999 -9999 -9999 -9999
-9999 -9999 -9999 -9999 -9999 -9999 -9999 -9999 -9999 -9999 -9999 -9999 -9999 -9999 -9999 -9999 -9999 3346.1 2592.4 2491.5 2815.7 3630.8 3933 1450.1 1484.2 999.1 713.8 844.7 867.7 823 746.5 792.8 1062.7 1059.3 1082.2 1059 959.4 1587.1 2249.9 2249.6 1959 1980.2 -9999 -9999 -9999 -9999 -9999 -9999 -9999 -9999 -9999 -9999 -9999 -9999 -9999 -9999 -9999 -9999 -9999 -9999 -9999 -9999 -9999 -9999 -9999 -9999 -9999 -9999 -9999 2780.3 2765.8 2007.7 1970.8 -9999 -9999 -9999
-9999 -9999 -9999 -9999 -9999 -9999 -9999 -9999 -9999 -9999 -9999 -9999 -9999 -9999 -9999 -9999 -9999 2992.3 2624.4 2460.1 2793.1 3199.3 4636.7 3690.1 2569.4 878.2 748 991.6 866.9 835.2 643.5 763 937.8 1036 1009.5 1041 1149.8 1483.5 1510.7 1631.5 1713.5 1683.8 1932.5 -9999 -9999 -9999 -9999 -9999 -9999 -9999 -9999 -9999 -9999 -9999 -9999 -9999 -9999 -9999 -9999 -9999 -9999 -9999 -9999 -9999 -9999 -9999 -9999 -9999 -9999 2054.6 2247.3 1835.5 2565.1 -9999 -9999 -9999
-9999 -9999 -9999 -9999 -9999 -9999 -9999 -9999 -9999 -9999 -9999 -9999 -9999 -9999 -9999 -9999 3282.8 3154.9 2759.9 2604.7 -9999 -9999 -9999 4234.6 3046.7 1410.7 1011.4 1092.4 1035.3 926.3 860.5 771.7 851.9 986.2 882 1211.5 1154.3 1235.4 1299.3 1590.6 1808.9 1988.8 1850.1 2053.2 -9999 -9999 -9999 -9999 -9999 -9999 -9999 -9999 -9999 -9999 -9999 -9999 -9999 -9999 -9999 -9999 -9999 -9999 -9999 -9999 -9999 -9999 -9999 -9999 -9999 2097.7 1717.6 2685.8 -9999 -9999 -9999 -9999
-9999 -9999 -9999 -9999 -9999 -9999 -9999 -9999 -9999 -9999 -9999 -9999 -9999 -9999 -9999 -9999 -9999 -9999 -9999 -9999 -9999 -9999 -9999 4339.4 3066.5 1672.1 1046.3 864.2 1021.7 901.4 898.9 758.9 755.8 865.1 980.3 1106.8 1074.5 1114.3 1494.6 1839.9 1752.7 2471.4 2512.8 2235.4 2297.8 -9999 -9999 -9999 -9999 -9999 -9999 -9999 -9999 -9999 -9999 -9999 -9999 -9999 -9999 -9999 -9999 -9999 -9999 -9999 -9999 -9999 -9999 -9999 1984.4 1490.6 1657.2 -9999 -9999 -9999 -9999 -9999
