datasets/global_precipitation_1950_2017/rasters/precip_2015-total.asc
NCOLS 720 
NROWS 347 
XLLCORNER -180 
YLLCORNER -90 
CELLSIZE 0.5 
NODATA_value -9999 
[rows 204 to 237 of 347, columns 608 to 683 of 720]
565.9 451.8 421.6 414.8 396.5 551.6 546.3 526.1 482.2 418.5 515.1 538 510.1 476.9 463.8 458.7 468.7 529.7 569.8 560.3 567.6 604.1 604.6 617.5 575.4 488.9 547.5 559.4 530.5 541.1 604.8 696 556.7 526.2 538.7 543.5 614.3 645 663.4 626.8 507 477.6 339.8 639.1 1061.3 -9999 -9999 -9999 -9999 -9999 -9999 -9999 -9999 -9999 -9999 -9999 -9999 -9999 -9999 -9999 -9999 -9999 -9999 -9999 -9999 -9999 -9999 -9999 -9999 -9999 -9999 -9999 -9999 -9999 -9999 -9999
527.6 426.6 399.7 390 405.6 464.4 466.6 400 474.2 449.9 480.9 536.6 517.6 472.7 461.3 474.4 499.8 586.5 613.5 625.7 633.4 616.6 612.8 606.3 583.4 532.3 499.1 495.5 482.7 403.5 534.3 628.3 614.7 528.9 456.8 459.5 550.8 596.8 580.6 500 521.5 425.7 279.2 253.8 825.7 364.2 -9999 -9999 -9999 -9999 -9999 -9999 -9999 -9999 -9999 -9999 -9999 -9999 -9999 -9999 -9999 -9999 -9999 -9999 -9999 -9999 -9999 -9999 -9999 -9999 -9999 -9999 -9999 -9999 -9999 -9999
483.1 399.3 383.7 399.2 423.8 425.6 409.7 407 424.2 423.3 446.8 440.4 434.4 431.6 426.6 433.3 495.1 587.1 602.3 634.8 675.1 607.3 599.3 589 567.2 572.7 514 463.6 442 422.6 553.5 574.2 587.6 555.1 445 466.1 486.1 428.3 474.1 550.8 527.9 374.2 304.5 316.8 324.2 448 475.6 365.3 -9999 -9999 -9999 -9999 -9999 -9999 -9999 -9999 -9999 -9999 -9999 -9999 -9999 -9999 -9999 -9999 -9999 -9999 -9999 -9999 -9999 -9999 -9999 -9999 -9999 -9999 -9999 -9999
442.5 372.3 369.8 393.9 399.3 383.4 396 427.3 427.3 418.3 439.6 425.9 393.7 408.6 407.1 397.7 412.4 488.1 514.5 531.4 528.8 517.9 598.2 572.8 561.2 575.4 517.2 481.7 438.9 400.9 501.1 570.3 544.5 519.5 456.1 530.3 435.8 416.1 485.9 405 432.4 342.6 336.8 387.6 415.9 408.6 482 453.8 471.5 908.7 -9999 -9999 -9999 -9999 -9999 -9999 -9999 -9999 -9999 -9999 -9999 -9999 -9999 -9999 -9999 -9999 -9999 -9999 -9999 -9999 -9999 -9999 -9999 -9999 -9999 -9999
287.5 318.3 324.3 361 375.8 383.4 398.6 413.5 417.6 428.1 450.5 481.8 416.9 400.5 388.5 360.4 349.2 385.2 418 440.7 457.3 471.2 540.3 539.5 530.3 517.1 481.6 472 385.8 360.4 465.6 474 445.2 433.6 404.8 386 462.4 415.6 414.4 375.4 327 309.6 307.8 342.4 362.1 339.3 318.7 342.9 564.6 861.8 -9999 -9999 -9999 -9999 -9999 -9999 -9999 -9999 -9999 -9999 -9999 -9999 -9999 -9999 -9999 -9999 -9999 -9999 -9999 -9999 -9999 -9999 -9999 -9999 -9999 -9999
212.9 248.9 324.5 363 387.9 402.4 420.4 418.7 424.7 428.9 437.6 437.4 418 392.7 368.1 340.3 331.3 339.5 361.2 360.6 406 425.5 448.8 476.2 487.4 473.7 403.9 313.3 258.8 291.6 355.6 367 396.5 417.1 504.7 406.7 332.7 359.2 383.5 329.8 310.5 298.3 267.8 328.7 267.7 296.2 301.8 388.3 545 854.1 -9999 -9999 -9999 -9999 -9999 -9999 -9999 -9999 -9999 -9999 -9999 -9999 -9999 -9999 -9999 -9999 -9999 -9999 -9999 -9999 -9999 -9999 -9999 -9999 -9999 -9999
202 212.1 277.3 365.2 402.8 406.1 407.4 401.8 403.9 411.7 413.3 404.9 391.6 380.2 363.7 351.1 333.5 328.4 360.2 388.6 356.9 358.8 369.5 428.8 458.3 454.4 356 278.7 225.6 236.6 318.3 279.5 264.4 246.4 317.5 313.2 337.6 343.7 321.2 299.1 201.6 227 266.7 358.5 335.1 276 299.8 369.6 436.3 475.9 1050.8 -9999 -9999 -9999 -9999 -9999 -9999 -9999 -9999 -9999 -9999 -9999 -9999 -9999 -9999 -9999 -9999 -9999 -9999 -9999 -9999 -9999 -9999 -9999 -9999 -9999
202.1 203.9 237.6 344.3 391 384.7 378.9 375.6 379.2 388.8 378.3 365.1 362.7 390.7 366.8 353.1 340.7 318.4 317.6 359.3 377.6 340.2 329.3 359.6 357.5 335.9 315.5 291.3 249.2 247.2 234.2 227.2 210 230 259.4 226.2 263.9 270.1 278.3 253.3 187.5 187.8 230.9 356.2 353.7 316.4 345 319.8 344.1 426.8 606.9 -9999 -9999 -9999 -9999 -9999 -9999 -9999 -9999 -9999 -9999 -9999 -9999 -9999 -9999 -9999 -9999 -9999 -9999 -9999 -9999 -9999 -9999 -9999 -9999 -9999
211.9 220.4 225.9 258.4 295.4 301 301 297 300.6 321.3 344.2 335 335.1 336.5 321.9 326.1 300 282.6 351 359.5 336.5 317.5 276.5 248.9 223.2 262.1 307.6 291.4 253.4 219.7 153.4 92.3 137 207.8 232.4 176.6 181.3 195 239.1 200.1 180.3 205.1 247.8 330.5 299.9 319 319.8 291.5 381.8 511.9 482.6 559.3 721.5 1310.6 -9999 -9999 -9999 -9999 -9999 -9999 -9999 -9999 -9999 -9999 -9999 -9999 -9999 -9999 -9999 -9999 -9999 -9999 -9999 -9999 -9999 -9999
232 223.2 200.7 206.1 225.1 236.1 240.5 235.9 235.4 255.2 294.3 307.8 304.3 299.5 297.8 313.2 358.5 268.4 281.8 339.9 314.2 325.8 331.8 272.6 207.6 244.8 282.6 279.8 235.6 194.7 133.5 97.9 160.8 185.3 176.8 139.4 148.9 133.3 186.1 173.4 175.8 199.1 247.2 285.3 374.4 407.7 380.7 382.5 329.9 388.6 415.4 573.1 736.5 957.7 -9999 -9999 -9999 -9999 -9999 -9999 -9999 -9999 -9999 -9999 -9999 -9999 -9999 -9999 -9999 -9999 -9999 -9999 -9999 -9999 -9999 -9999
239.6 213.3 196.7 202.1 206.2 212.4 218.7 228.6 231.2 232.4 235.1 246 238.3 236.7 254.1 267.8 253.2 237.7 246.9 290 339.6 346.5 350.4 309.3 252.8 247.7 258.3 244.2 199.9 165.8 142.4 106.1 137.2 158.7 115.6 128.3 161.3 167.1 199.7 192 205.8 241.7 311.8 300.4 366.9 572.2 534.6 461.6 395.3 378.9 444.3 644.9 587.9 800.8 686.4 -9999 -9999 -9999 -9999 -9999 -9999 -9999 -9999 -9999 -9999 -9999 -9999 -9999 -9999 -9999 -9999 -9999 -9999 -9999 -9999 -9999
245.7 216.1 200.2 200.2 200.1 205.4 214.5 222.9 228.6 222.4 210 193.5 176 171.8 162.8 158.7 213.7 193.1 181.2 262.7 337.7 339.8 363.1 336.1 270.9 255.9 247.7 212.6 184.7 172.6 176.9 158.4 145.1 137 115.4 122.9 159.6 162.3 166.3 165.8 211.3 245.5 262.7 338.9 406.9 464.1 427.5 523.7 520.7 476.3 594.2 701.6 594.7 702.5 879.9 974.8 -9999 -9999 -9999 -9999 -9999 -9999 -9999 -9999 -9999 -9999 -9999 -9999 -9999 -9999 -9999 -9999 -9999 -9999 -9999 -9999
243.4 217.9 200.7 195.8 194.8 199.8 211.8 227.2 231.3 223 202.3 174.3 145.3 130.9 130.4 136.7 168.7 170.2 195 217.8 250.1 284.5 291.9 283.8 267.8 256.5 239.5 200.8 184.1 174.8 168.1 166.2 144.6 129.2 131.6 120.2 94.2 125.9 155.2 157.2 213.2 213.8 240.1 306.9 336.1 459.2 415.5 574.3 541 439.8 633.5 707.8 677 660 708.5 876.2 686.7 -9999 933.3 -9999 -9999 -9999 -9999 -9999 -9999 -9999 -9999 -9999 -9999 -9999 -9999 -9999 -9999 -9999 -9999 -9999
238.5 214.2 195.9 187.3 182.2 185.9 202.1 229.6 251.2 230.7 198.3 162 129.7 108.4 119 98.6 135.1 153.1 149.7 168.9 205.1 218.4 225.1 229.3 232.1 221.5 204.7 189 177.2 170.2 165.5 159.5 153.7 145.5 149.4 131.9 129.1 150 155.7 145.5 179.4 269.4 263.1 293.8 300.6 334.6 473.1 553.4 527.9 548.6 646 615.9 637.8 673.5 731.4 834.6 764.7 -9999 -9999 -9999 -9999 -9999 -9999 -9999 -9999 -9999 -9999 -9999 -9999 -9999 -9999 -9999 -9999 -9999 -9999 -9999
237 214.2 195.2 186.1 176.4 166.5 184.8 208.3 224.2 215.5 188.3 156.8 130.3 118.2 121.7 123.7 146 169.4 78.8 119 145.9 183.3 210.5 221.3 224.6 215.5 185.4 173.4 172.5 171.8 170.7 159 143.3 141.9 140.8 147.9 141.8 137.4 142 152.8 222.5 308 349 269.7 248.9 286.8 404.3 459.4 507.1 543.4 629.6 449.5 667.7 674.5 635.9 804.4 854.4 998.8 -9999 -9999 -9999 -9999 -9999 -9999 -9999 -9999 -9999 -9999 -9999 -9999 -9999 -9999 -9999 -9999 -9999 -9999
239.4 215.5 198.9 193.2 194.9 186.1 182.1 191.2 198.2 195.5 177.4 154.2 136.6 130.3 137.8 143.9 162.5 154.9 143.7 126.1 141.9 183.1 204.8 206 204.9 200.1 186.3 174.1 171.2 172.9 172.9 160.2 133.9 114.7 111.2 145.7 142.5 145.4 157.8 174.4 194.9 292 297.9 285.4 245.9 306.8 386.8 492.8 522.3 463.4 428.5 522.5 564.1 727.6 610.1 646.2 735.1 1281.3 -9999 -9999 -9999 -9999 -9999 -9999 -9999 -9999 -9999 -9999 -9999 -9999 -9999 -9999 -9999 -9999 -9999 -9999
233.4 212.4 198.7 194.4 193.6 191.8 185.8 184.9 185.1 183.1 173.3 155.2 142.4 138.7 144.2 149.6 152.2 147.8 142.7 143.3 149.2 177.5 197 187.9 190.8 190.5 171.7 170.6 175.5 183.1 173.4 151 130 93.5 112.4 139.6 152.4 149.7 147.4 179.7 195 281.2 288.5 285.8 280.9 298.7 322.5 514.6 515.6 483.4 442.4 485.5 490.6 584.5 623.2 725.4 793.3 1238.9 -9999 -9999 -9999 -9999 -9999 -9999 -9999 -9999 -9999 -9999 -9999 -9999 -9999 -9999 -9999 -9999 -9999 -9999
212.6 201.2 192.6 185.2 183.7 182.1 179.4 176.7 175.2 174.9 171.3 156.5 146.6 144.7 148.1 149.3 148.6 154.3 172.5 134.8 146.6 153.9 170.8 191.5 179.3 176.3 161.4 161.4 163.4 171.8 155.2 130.7 119.8 112.9 121.4 167 153.6 150.4 172 184.4 208 288.4 281.8 271.6 274.9 315.7 381.5 427.7 498.2 456.1 453.3 438.1 515.3 610.9 601.3 667.6 909.1 1188.9 -9999 -9999 -9999 -9999 -9999 -9999 -9999 -9999 -9999 -9999 -9999 -9999 -9999 -9999 -9999 -9999 -9999 -9999
205.1 194.6 180.7 177.7 176 171.8 164.9 163 162.8 161.6 174.9 162.1 152 153.7 153.4 151.1 154.3 157.5 158.2 142.5 140.1 145.3 148.6 179.9 158.5 158.6 160.8 159.7 153 146.2 129 112.1 115.5 159.9 122.4 140 147.9 166.2 135.6 126.2 169.7 252.6 291.6 253.9 273.5 318.1 364.3 371.9 457.6 432.8 477.8 473.7 464 634.7 768.5 559.4 714.5 905.4 1323.1 -9999 -9999 -9999 -9999 -9999 -9999 -9999 -9999 -9999 -9999 -9999 -9999 -9999 -9999 -9999 -9999 -9999
215.1 212.6 185.4 171.7 170 161.1 152.5 145.3 135.9 118.7 104.8 99.9 110.2 125.8 133.9 142.3 151.3 148.2 140.1 130.3 126.7 130.8 130.4 110.5 135.4 146.8 162.9 171 162.5 150 128.9 111.3 98 144.5 141.3 142.3 165.8 164.8 130.3 114.7 154.4 198.5 240.1 257.8 281 323.3 383.5 361.4 359.9 369.1 478.2 586.4 534.4 569.4 649.6 458.9 638.1 936.5 1945.8 -9999 -9999 -9999 -9999 -9999 -9999 -9999 -9999 -9999 -9999 -9999 -9999 -9999 -9999 -9999 -9999 -9999
232.7 253.5 230.5 196 169.3 147.5 139.9 135.4 130.9 122.6 111.5 103.8 102.7 104.3 108.7 113.2 114.1 111.1 104.7 97 102.9 115.1 121.6 124.1 125.9 150.3 180.2 189.6 183 163.2 147.7 127.8 133 148.4 171.1 191 195.2 199.3 183.1 176.5 206.3 237.9 240.4 237.2 281.1 269.7 267.7 328.9 364.4 412.6 436 502 624.9 642.6 675.4 673.9 976.8 1338.1 1199.7 -9999 -9999 -9999 -9999 -9999 -9999 -9999 -9999 -9999 -9999 -9999 -9999 -9999 -9999 -9999 -9999 -9999
252.9 275.9 270.1 238.7 200.4 168.2 152.1 146 140.1 133.7 124.8 120.3 119 115.6 106.7 98 96.8 92.5 91.5 95.9 99.2 100.5 121.4 124.2 130.5 157.8 190.4 192.9 220.4 201.8 179.5 160.5 159.7 156.3 190.9 224.5 233.3 224.1 228 205 269.1 283.2 262.2 250.1 240.8 307 286.4 289.1 396.3 359.7 462.6 535.1 661.9 806.3 819.2 787.7 771.9 1160.4 1356.3 -9999 -9999 -9999 -9999 -9999 -9999 -9999 -9999 -9999 -9999 -9999 -9999 -9999 -9999 -9999 -9999 -9999
261.8 278.1 277.5 269.9 244.7 211.4 182 163 155.6 148.3 140.9 132.4 125.9 124.6 121.2 112.7 102.1 92.4 70 100.2 122.3 143 133.3 137.1 137.6 165.8 192.1 190.4 200.2 209.1 207.2 167.6 172.9 178 210.5 244.8 230.1 241.7 238.6 270.8 310.6 315.4 294.7 286.9 307.2 309.6 310.2 325.2 315.9 409.5 516.3 599 698.8 779.2 934.5 973.9 851.9 1014.2 1495.5 -9999 -9999 -9999 -9999 -9999 -9999 -9999 -9999 -9999 -9999 -9999 -9999 -9999 -9999 -9999 -9999 -9999
267.9 274.9 279.3 273.3 260.2 237.6 205.4 172.6 160.8 161.5 154.8 142.5 133 125.8 128.7 128.9 122.3 112.2 111.6 117.1 120.4 137 146.9 146.7 148.4 153.9 165.8 197.1 241.9 236.4 264.2 236.1 204.8 187.8 207.5 248.5 255.4 260.4 297.4 283.6 302.7 327.2 319.3 314.8 324.7 306.1 312.8 329 359.6 413.9 460.4 557.3 839.4 663.7 680.2 821.8 867.3 1807.3 -9999 -9999 -9999 -9999 -9999 -9999 -9999 -9999 -9999 -9999 -9999 -9999 -9999 -9999 -9999 -9999 -9999 -9999
270.7 274.8 304 272 263.5 255.5 211.6 163.5 154.6 173 171.7 148.8 141.4 129.6 130.3 131.1 139.5 134.1 138.2 139.6 130.3 139.8 151.7 170.8 156.7 151 150.9 195 251.2 298.8 269.5 262.4 226.7 231.9 234.3 249 247.1 253.9 261.8 305.6 324.6 306.1 301.3 355.8 402.7 376.7 349.3 368.1 364.7 408.2 451.9 486.4 542 634.8 747.1 712.1 888.5 1533.8 -9999 -9999 -9999 -9999 -9999 -9999 -9999 -9999 -9999 -9999 -9999 -9999 -9999 -9999 -9999 -9999 -9999 -9999
272.8 251.9 242.5 275 270.3 269.5 238.2 215.6 213.8 233.9 221.4 184.3 169.6 180.4 170 192.9 210.4 210.3 207 189.4 139.3 145.9 150.7 150.6 157.8 135.7 146.4 191.9 209.2 322.7 261.7 224.3 199.9 207.2 233.2 234.8 230.7 254 293 313 321.7 308.6 334.9 347.9 437.6 451.4 407.6 410.7 448.7 489.1 594.8 560.1 535.7 736.7 827 829.8 1368.9 1547.8 -9999 -9999 -9999 -9999 -9999 -9999 -9999 -9999 -9999 -9999 -9999 -9999 -9999 -9999 -9999 -9999 -9999 -9999
297.3 282.7 289.2 292 301.4 290 270.5 290.9 308.6 296.6 -9999 -9999 -9999 -9999 -9999 -9999 238.4 242.4 244.8 227.5 235.4 216 176.8 202.5 167 162.8 190.5 234.7 240.9 214.9 225.8 216.2 210.9 198.9 216.8 212.7 219 251 298.3 322.3 343.1 335.4 372.5 371.2 409.5 438.8 430.9 519.8 497.6 551.4 521.1 642.4 649.6 732.7 754.3 835.3 1227.1 1431.2 -9999 -9999 -9999 -9999 -9999 -9999 -9999 -9999 -9999 -9999 -9999 -9999 -9999 -9999 -9999 -9999 -9999 -9999
329.3 300 284.5 308.2 -9999 298.9 255.3 -9999 -9999 -9999 -9999 -9999 -9999 -9999 -9999 -9999 -9999 -9999 -9999 -9999 232.1 256.5 241.9 208 181.6 188.4 215.8 256.3 287.9 320.9 236.4 226.8 213.2 227.8 239.9 231.7 240.1 244.8 242 287.7 355.2 310.4 368.6 391.3 419.1 400.8 432 459.9 541.5 584 604.7 705.9 672.3 812.9 987.8 1397.9 1289.9 -9999 -9999 -9999 -9999 -9999 -9999 -9999 -9999 -9999 -9999 -9999 -9999 -9999 -9999 -9999 -9999 -9999 -9999 -9999
352.7 326.9 -9999 -9999 -9999 -9999 -9999 -9999 -9999 -9999 -9999 -9999 -9999 -9999 -9999 -9999 -9999 -9999 -9999 -9999 246.2 280.5 282.9 268 245.8 198.5 185.5 272.7 454.3 325.3 335.4 269 241.2 223.3 221 217.6 257 260.4 237.3 287.7 296.2 322.4 374.7 395.1 428.1 421.5 474.4 487.7 512.5 550.9 600.5 646 784.6 735.1 964.4 1082.9 -9999 -9999 -9999 -9999 -9999 -9999 -9999 -9999 -9999 -9999 -9999 -9999 -9999 -9999 -9999 -9999 -9999 -9999 -9999 -9999
-9999 -9999 -9999 -9999 -9999 -9999 -9999 -9999 -9999 -9999 -9999 -9999 -9999 -9999 -9999 -9999 -9999 -9999 -9999 -9999 -9999 292.8 304.8 310.3 326.1 227.2 268.6 -9999 425.1 381.6 247.3 286.7 282.4 260.9 236.8 204.7 255.4 264 264.7 269.2 301.8 319.6 388.8 405.5 401.1 454.4 467.4 415 501.4 575.3 732.2 698.8 773.1 1076.2 1372.4 -9999 -9999 -9999 -9999 -9999 -9999 -9999 -9999 -9999 -9999 -9999 -9999 -9999 -9999 -9999 -9999 -9999 -9999 -9999 -9999 -9999
-9999 -9999 -9999 -9999 -9999 -9999 -9999 -9999 -9999 -9999 -9999 -9999 -9999 -9999 -9999 -9999 -9999 -9999 -9999 -9999 -9999 -9999 310.8 345 344.3 354.6 -9999 332.2 315.7 446.8 242.4 229.1 326.4 351 222.5 199.6 264.5 246.2 252.9 314.5 323.4 346.8 365.9 389.4 481.3 419.5 466.2 497.2 604.1 574.2 825.3 712.5 1005.1 809.4 1357.4 -9999 -9999 -9999 -9999 -9999 -9999 -9999 -9999 -9999 -9999 -9999 -9999 -9999 -9999 -9999 -9999 -9999 -9999 -9999 -9999 -9999
-9999 -9999 -9999 -9999 -9999 -9999 -9999 -9999 -9999 -9999 -9999 -9999 -9999 -9999 -9999 -9999 -9999 -9999 -9999 -9999 -9999 -9999 -9999 340.5 372.8 -9999 -9999 346.8 308.2 475.3 273.3 234.1 187.3 212.2 216.7 212.4 227.5 223.4 221.2 213.6 306 344.8 374.6 465.7 503.5 546.5 529.1 559.2 584.4 570.3 704.8 778.5 841.6 812.4 -9999 -9999 -9999 -9999 -9999 -9999 -9999 -9999 -9999 -9999 -9999 -9999 -9999 -9999 -9999 -9999 -9999 -9999 -9999 -9999 -9999 -9999
-9999 -9999 -9999 -9999 -9999 -9999 -9999 -9999 -9999 -9999 -9999 -9999 -9999 -9999 -9999 -9999 -9999 -9999 -9999 -9999 -9999 -9999 -9999 362.5 -9999 -9999 -9999 313 -9999 376.2 263.9 272.4 267.8 243.6 231.9 214.8 205.8 190.2 225.3 275.6 306.2 322.6 381.8 392.8 471.6 447.3 538.6 554.5 434 621.4 452.8 523.3 997.3 1757.9 -9999 -9999 -9999 -9999 -9999 -9999 -9999 -9999 -9999 -9999 -9999 -9999 -9999 -9999 -9999 -9999 -9999 -9999 -9999 -9999 -9999 -9999
-9999 -9999 -9999 -9999 -9999 -9999 -9999 -9999 -9999 -9999 -9999 -9999 -9999 -9999 -9999 -9999 -9999 -9999 -9999 -9999 -9999 -9999 -9999 -9999 -9999 -9999 -9999 -9999 -9999 714.5 380.8 285.5 292.4 279.9 265.6 247.6 210.8 203.7 199.8 221.6 274.8 305.1 376.5 371.6 441.3 522.3 619.6 606.8 844.9 807.4 560.3 618.4 1162.3 -9999 -9999 -9999 -9999 -9999 -9999 -9999 -9999 -9999 -9999 -9999 -9999 -9999 -9999 -9999 -9999 -9999 -9999 -9999 -9999 -9999 -9999 -9999
