datasets/global_precipitation_1950_2017/rasters/precip_2010-total.asc
NCOLS 720 
NROWS 347 
XLLCORNER -180 
YLLCORNER -90 
CELLSIZE 0.5 
NODATA_value -9999 
[rows 102 to 135 of 347, columns 532 to 607 of 720]
331.7 358.5 355.2 345.7 333.1 320.1 342.5 363.6 388.3 413.3 431.1 445.4 476.4 528.2 584.6 614 607 584.8 564 551.2 544.2 526.5 519.3 547.1 596.1 624.3 603.5 580 570.4 604 691.1 795.3 846.5 837.6 811.4 822.8 820.5 815.8 824.7 833.8 939.8 981.1 1027.7 1071.8 1061.1 939.3 798.4 770.7 839.9 894.2 877.4 875.5 837.9 730.9 820.1 972 954.9 994.5 1105.8 1113.8 1136.4 1090.8 1125.8 1102.9 1129.1 1181.7 1188.9 1101.1 1069.3 1054.2 1114.6 -9999 -9999 -9999 -9999 -9999
521 520 461.8 370.8 319.5 312.1 326.3 342.5 364 393.3 419.6 438.4 463.1 535.9 605.6 634.1 635.3 637.1 651.1 643.2 596.2 572.6 568.3 585.8 633.6 642 608.8 575.9 592.1 619.3 692.6 799.9 862.8 863 888.7 928.3 914.4 908.2 942.3 1038.4 1059.6 1034.3 1038.4 1070.8 1077.7 1011.5 921.1 930.8 950.2 937.6 934.4 900.7 853.3 784 623.6 954.7 1073.6 1151.2 1232.7 1286.9 1321.9 1306.6 1396 1291.6 1135.4 1279.7 1218.9 1108.7 1087 1071.4 1119.1 1125.2 -9999 -9999 -9999 -9999
1009.1 894.7 641.4 405.7 286.8 277.3 316.8 333.4 345.1 379.1 411.3 437.3 473 574.1 657.1 672.2 676.7 685.4 702.1 697.3 637 599 582.1 588.8 608.6 621.5 604.3 600 621.4 635.9 673.2 743.2 741.1 820.1 1011.7 1094.8 970.4 935.5 972.3 1051.9 1078 1046.9 895.7 1108.3 1139.3 1110.6 1041 1080.9 1126.4 1131 1173.5 1110.2 969.8 970.6 980.1 1145.4 1274 1333.1 1342 1446.2 1619.1 1621.5 1588 1455.7 1389.1 1435.2 1258.5 1172.3 1134.8 1122 1105.3 -9999 -9999 -9999 -9999 -9999
1841.7 1432.9 880.2 485.5 322.2 291.6 335.6 366.4 369.7 379.9 405.3 440.3 503.2 618.4 723.7 722.7 730.1 747 758.1 743.8 697.4 635.9 600.1 578.6 591.1 603 597.7 610.7 648.8 667.3 713.5 798.7 792.7 910.7 1063 1010.2 973.7 978.9 1016.5 1065.6 1167.1 1113.9 1161.4 1286.2 1198.4 1181.1 1179.6 1202.6 1236.2 1217.8 1254.4 1268.6 1177.7 1140.3 1214.2 1293.2 1439.9 1419.7 1493.3 1622.8 1694.7 1819.5 1742.6 1803.4 1801.3 1644.8 1548 1467.8 1388.3 1296.6 1194.4 -9999 -9999 -9999 -9999 -9999
2301.3 1881.4 1128.8 585.9 451.4 436.1 439.4 429.1 399.5 373.4 374.6 407.4 470.4 574.4 681.9 741.2 772.8 816.8 866.6 893.8 825.2 729.2 642.5 605 599.8 607.7 581.2 614.9 685.8 729.8 830.1 956.9 1020.2 1243.1 1318.6 1094.3 1015.8 971.7 982.1 1049.2 1086.4 1118.7 1207.6 1402.1 1352 1323.6 1351.9 1346.9 1396.7 1321 1292.7 1283.9 1367.8 1360.7 1436.3 1473.4 1463.1 1534.8 1598 1733 1832.2 1768.4 1760.1 2064.1 2405.9 2032.4 1925.4 1717.8 1732.1 -9999 1477.8 -9999 -9999 -9999 -9999 -9999
2205 1792.7 1173.5 670.8 611.9 552.4 554.6 511.5 431.6 360.2 354.9 365.7 412.3 496.8 631.9 763.5 768.6 829.1 940.3 1014.7 1000.8 897.8 742.3 672.1 660.4 608.6 570.4 625.2 690.9 766.9 876.1 941.3 989.4 1215.8 1385.8 1209.3 1152.5 1004.9 952.7 1009.4 1013.1 1128.7 1104.8 1196.7 1295.9 1392.6 1467.7 1535.8 1604 1561.2 1484.3 1425.5 1454.3 1584.4 1688.5 1861.3 1872.6 1823.2 1803.5 1928.7 1955.9 1998.3 2060.8 2014.8 2028.4 2030.9 1932.5 1784.4 1724.9 1604.9 1598.9 1598.5 1487.7 -9999 -9999 -9999
1852.5 1188 581.7 655.9 862.4 529.7 620.5 441.7 434.1 379.9 354.3 358.2 372.8 410 566.6 866.8 1140.8 1234.4 1544.6 1627.7 1595.4 1449 1089.6 782.6 724.4 679.7 658.5 670.5 687.8 783.6 917.1 910.1 916.1 819.6 1233.4 1306.4 1139 1037.6 990.7 1012.1 1045.2 1110.4 1201 1231.4 1289.3 1470.3 1552.1 1639.9 1715.4 1734.4 1720.8 1664.5 1634.4 1721.6 1764.3 1887 2146.6 2203.9 2126.4 2133.6 2158.6 2044.2 2250.6 2214.2 2250.1 2322.6 2174 1886.7 1527 1793.9 1922.9 1984.4 -9999 -9999 -9999 -9999
831.6 485.8 396.1 959.8 1423.1 1886.1 1109.8 395.4 435.8 394.8 369.3 355.4 336.6 344.1 484.2 1620.8 2965 3666.2 4028.1 3485.9 3079.8 2890.9 2209.1 1205 905.2 785 753.2 714.4 704.1 807.7 913.3 893.2 928.2 971.4 1006 1005.6 1040.3 1050.2 1074 1034.5 1048.6 1113 1229.8 1230 1366.8 1522.8 1560.8 1684.4 1912.7 1937.1 1854 1796.9 1699.2 1665.2 1715.9 1894.7 2156 2229.6 2177 2182.9 2162 2080.1 2217.8 2338.3 2403.2 2452.6 2300.9 2155.4 2089.3 2287.7 2122.9 -9999 -9999 -9999 -9999 -9999
1014.1 976.4 1321.7 1828.3 1854.5 1485.9 1052.8 792.4 557.5 494.4 614.6 470.1 364.2 378.8 719.1 3801.7 5253.8 5411 4778.3 3654.3 3252.9 3241.7 3246.2 2055.4 1279 869.7 803.7 806.8 816.4 866 940.5 991.4 1035 1000.3 905.5 778.7 951.6 1029.7 1035.5 1017.2 985.9 953.6 1050.9 1085.7 1123.1 1290.8 1430.9 1599.6 1952.3 1934.2 1778.2 1747.5 1697.8 1568.5 1622.4 1904.5 2107.9 2150.5 2086.6 2125.2 2235.6 2341.2 2421.6 2516.9 2519.9 2481.5 2311.1 2224.1 2152.6 2049.9 -9999 -9999 -9999 -9999 -9999 -9999
1869.8 1609.7 2609.6 1918.2 2185.7 1338.1 639.7 1581.9 3059 3229.3 2789.6 2056.3 1135.2 1137.2 2351.1 3964.7 4477.8 5255.1 3756.1 3145.7 3152.3 3440.1 3849.4 3243.7 2084.4 1240.9 935 935 953 946.8 976.6 1031.1 1069.9 1018.1 889.3 795.2 819.7 853.6 846.9 886.9 960.1 1008.4 1061.7 1047.9 1033 1175.9 1269.8 1272.1 1476.4 1577.3 1587.1 1659 1818.7 1866.5 1851.2 1987.2 2162.9 2178.4 2123.5 2148.7 2296.4 2413.6 2472.1 2721.3 2698.2 2514.9 2310.3 2112.5 1988.8 -9999 -9999 -9999 -9999 -9999 -9999 -9999
1274.7 1834.6 1390.9 1515.4 2664.2 2623.2 2410.4 4652.3 4631.1 3316.5 3000.7 2850.1 2697.6 2612.4 2702.3 3296.7 3662.5 2994.9 3044.8 3200.1 3151 3579.8 3956.8 3793.5 3070.4 1802.5 1118.3 1077.9 980.8 952.5 949.7 953.1 932.7 906 819.9 722.2 792 784.5 742.2 869.1 995.3 1042 1069.2 1095.2 1148.2 1158.2 1196.3 1131 1279.3 1421.7 1462.1 1535.8 1897.4 2342.9 2011 1977.1 2069.7 2238.3 2254.7 2190.9 2257 2173.5 2413.9 2516.8 2506 2427.1 2191.5 2015.5 1920.5 -9999 -9999 -9999 -9999 -9999 -9999 -9999
1207.5 1401.3 1839.5 2030.7 2892.4 3209.5 3900.6 4716.8 4363.2 3258.1 3263.6 2644.6 2324.1 2436.6 2652.2 2644.6 2691.1 3023.9 3129.6 3141.5 3181.5 3686.8 3838.9 3705.4 3289 2150.8 1191.4 1170.5 1043.7 968.9 926.9 933.3 942.8 869.1 836 803.3 801.1 850.5 917.7 1051.3 1060.9 1022.4 1121.4 1167.6 1165.5 1141 1241.4 1293 1356 1420 1491.7 1571.2 1629.3 1652.2 1780.8 1787.1 1866.4 1965 1995.3 2108.1 2305.3 2262.7 2335 2480 2449.4 2294.2 2041.5 2069.5 -9999 -9999 -9999 -9999 -9999 -9999 -9999 -9999
1036.1 1159.3 1415.1 1910.3 2218.3 2940.8 3193.1 3513.9 2913.2 3097 2547 2028.8 2240.8 2033.1 2405.8 2249.7 3035.8 3098.5 3242.8 3237.8 3016.1 3157.6 3308.4 3221.8 2699 2070.1 1324.5 1102.7 1033 963.8 839.7 814.6 875 800.2 761.5 804 900.2 1045 1195.2 1274.6 1210.2 1155.9 1242.7 1274.9 1189 1180.5 1308.3 1378 1502.4 1517.1 1556.7 1628.9 1579.7 1539 1555.2 1632 1633.6 1555.8 1548.7 1905.6 2135.8 2165 2117 2299 2393.5 2092.5 1725.1 -9999 -9999 -9999 -9999 -9999 -9999 -9999 -9999 -9999
679 916.6 1127.9 1229.1 1454 1821.1 2249.4 2746.6 3194.1 3040.4 3060.8 3300.5 3167 2250.7 1883.9 2128.9 2449.5 2675.4 2807.8 2618.6 2467.6 2569.3 2596.9 2497.6 2287.9 1764.3 1310.9 1066.9 933.8 930.3 751.2 591.8 711.3 781.6 781.8 862.5 1018.4 1189.1 1360.4 1376.2 1385.9 1424.8 1412 1402.6 1234.2 1224.2 1502.7 1683.5 1772.1 1726.5 1610.8 1584.6 1558.4 1421.4 1422.7 1613.1 1634.4 1532.8 1400.9 1825.2 2169.8 2093 1999.3 2140.5 2290.2 1932.9 1642.3 -9999 -9999 -9999 -9999 -9999 -9999 -9999 -9999 -9999
772.8 805.2 830.4 1087.9 1093.2 1462.6 1627.2 2055.3 2957.5 3515.1 11200.9 13231.2 4731.3 4031.3 3385.4 2662.4 2310.2 2287.6 2426.1 2250 2250.1 2410.5 2445.5 2269.6 1931.5 1674.9 1211.1 1127.7 969.6 896.7 743 714.5 790.8 878.1 894 888.6 1028.3 1237.9 1337 1380.8 1428.3 1521.8 1423.1 1381.4 1369.2 1455.3 1689.7 1933.2 1879.1 1855.4 1771.8 1679.1 1699.1 1580.2 1633 1797.8 1800.2 1682 1678.4 1837.8 1940.5 1960.5 1905.2 1857.9 1759.4 1537.2 1395.1 -9999 -9999 -9999 -9999 -9999 -9999 -9999 -9999 -9999
763.9 742.8 697.8 978.4 802.8 901.5 1129.1 1519.5 2176.6 2605.8 4909.7 3910 3994.6 4459.6 4060 1938.5 1893.7 2349.4 2328.9 2085.9 2038.1 2160.3 2206.1 2010.4 1846.3 1720.2 1389.8 1225.9 1112.3 950 775.1 755.2 813.3 910.7 889.6 826.2 912.3 1153.3 1308.7 1292.9 1268.1 1287 1332.3 1332 1347.9 1573.2 1529.3 1807 1899.7 1888.8 1789 1758.5 1852.4 1831 1947.1 2059.9 1990.9 1940.3 1830.5 1758.6 1650.3 1739.1 1739.5 1624.2 1373.2 1316.2 -9999 -9999 -9999 -9999 2734.2 2208.5 -9999 -9999 -9999 -9999
880.4 862.3 986.4 934.7 785.1 625.4 812.8 1298.3 1675 1988.9 2320.1 2547.6 3155.9 3578.3 3581.2 1862.5 1943.4 2223.1 2164.5 1942.3 1938.3 2007.1 2039.5 1721.6 1750.3 1725.9 1498.7 1292.8 1205.4 1089.6 874.4 774.1 771.8 789.2 819.7 853.3 944 978.7 1063.9 1093 1139.6 1131.5 1210 1401.8 1497 1556.4 1534.2 1584.4 1753 1949.4 1731.9 1741.9 1851.1 1998.7 2179.9 2165.8 2121.8 2073.4 1822.7 1571.2 1402.8 1505.1 1496.8 1509.4 -9999 -9999 -9999 -9999 -9999 2529.9 3515.3 -9999 -9999 -9999 -9999 -9999
874.3 882 961 856.6 807.1 804.4 982.6 -9999 -9999 1771.7 1972.3 2008.8 2651.6 2528.5 2642.9 2329.1 2197.2 2109.2 1872.3 1729.7 1801 1817.6 1785.1 1636.2 1641.4 1601.2 1461.3 1261.2 1195.1 1182.7 1087.1 839.3 767.7 755.5 713.1 1106.7 1055.1 947.3 1037.4 1111.1 1122.8 1089.7 1217.5 1521.9 1660.7 1687.4 1514.3 1550.3 1786.2 1763.7 1610.7 1663.8 1839.8 2097 2285.8 2294.4 2137.6 2087.1 1874.8 1612.6 1433.1 1367.2 1233.5 -9999 -9999 -9999 -9999 -9999 1695.7 3158 2410.4 -9999 -9999 -9999 -9999 -9999
800 849 960.4 1102.4 1026.5 1131.7 1263.7 1369.9 1424.3 2122.5 2379.4 2233.3 3076.9 4154.4 2725.8 2218.3 2050.7 1740 1360.1 1367.1 1755.5 1461.5 1735.8 1689.8 1593.8 1493.2 1389.7 1290.4 1254.1 1309.7 1399.7 1319.9 1156.4 808 697.9 989.9 922 1455.4 1479.1 1169 1237 1308.4 1400.2 1550.2 1596.4 1637.8 1492.2 1634.3 1755 1708.6 1737.3 1726.8 1672.5 1892.7 2324.2 2141.7 1959.3 1930.9 1853.9 1618.8 1394.8 1302 -9999 -9999 -9999 -9999 -9999 -9999 1708.3 3480 2368.5 -9999 -9999 -9999 -9999 -9999
592.6 859.4 1195.7 1236.6 1419.7 1319.4 1364.8 1381.8 1539.8 -9999 -9999 2595.1 2660.4 3464 2772.8 2144.1 1679.3 1362.5 1105.1 1117.6 1727.4 1821.1 1507 1559.9 1472.1 1241.5 1216 1302.3 1303.8 1266.5 1419.3 2017.6 1774.5 1147.7 1135.4 1379.1 1376.5 1814.8 1845.3 1407.1 1457.6 1388 1338.8 1432.5 1380.4 1365.4 1344.4 1285.2 1522.4 1735.5 1861.1 1974.8 1845 1860.7 2012.9 -9999 1882.3 1885.5 -9999 -9999 -9999 -9999 -9999 -9999 -9999 -9999 -9999 -9999 1765.2 4469.5 -9999 -9999 -9999 -9999 -9999 -9999
1057.9 1155.5 1278.7 1338 1536 1491.6 1391.8 1715.5 2283.2 2379.9 -9999 -9999 2668.9 3094.2 2793.2 2021.1 1196.8 1008 969.4 1003.7 1103.3 1431.5 1433.9 1429.8 1331.4 1205.4 1172.5 1238.2 1252.8 1226.9 1431.9 1439.7 1549.4 1419.2 1602.7 2126.4 1478.7 1811.4 1629.7 1551.6 1491.5 1118.1 1240.9 1615.7 1522.2 1439.3 1253.5 950.4 1435 1835.3 2106.9 2441.7 2464.9 2333.6 2098.5 -9999 -9999 -9999 -9999 -9999 -9999 -9999 -9999 -9999 -9999 -9999 -9999 -9999 -9999 3790.1 -9999 -9999 -9999 -9999 -9999 -9999
1345.9 1456 1374.9 1536.2 1574.9 1529.6 1450.4 -9999 -9999 -9999 -9999 -9999 2901 3121.3 2903.5 1755.7 1024.1 740.7 682.1 890.2 1010.5 1371.8 1796.8 1621.2 1384 1151.7 1094.8 1122.3 1245.5 1247.3 1465.1 1596.3 1339.9 1549.8 1632.3 1570.5 1457.4 1774.4 1475.6 1761.1 1535.8 1285.5 1477.3 2427.5 2096.8 1504.7 1303.7 1479.6 1625.3 1834.4 2242.9 -9999 2742.5 -9999 -9999 -9999 -9999 -9999 -9999 -9999 -9999 -9999 -9999 -9999 -9999 -9999 -9999 -9999 -9999 -9999 -9999 -9999 -9999 -9999 -9999 -9999
1400.5 1694.2 -9999 -9999 -9999 -9999 -9999 -9999 -9999 -9999 -9999 -9999 3474.1 3912.7 3510.1 2360.9 1177.5 608.2 711.5 842.1 880.2 2204.5 2005.4 1787 1605 1290.4 1187.6 1151.7 1308.8 1505.6 1642.9 1443.8 1419.9 1596.3 1567 1337 1248.7 1280.8 1409.1 1536 1451.1 1591.8 2435.9 -9999 -9999 -9999 -9999 -9999 1883.7 -9999 -9999 -9999 -9999 -9999 -9999 -9999 -9999 -9999 -9999 -9999 -9999 -9999 -9999 -9999 -9999 -9999 -9999 -9999 -9999 -9999 -9999 -9999 -9999 -9999 -9999 -9999
1574.9 1581.3 -9999 -9999 -9999 -9999 -9999 -9999 -9999 -9999 -9999 -9999 -9999 4151.9 3866.9 2646.1 980.8 584.2 699.3 867.2 1021.4 1766.5 1772 1637.9 1631.5 1476.5 1495 1573.4 1607.4 1586.3 1372.4 1279 1364.2 1465.7 1336.1 1129.1 1152.3 1289.2 1772 1469.7 1581.7 1528.9 -9999 -9999 -9999 -9999 -9999 -9999 1577.6 -9999 -9999 -9999 -9999 -9999 -9999 -9999 -9999 -9999 -9999 -9999 -9999 -9999 -9999 -9999 -9999 -9999 -9999 -9999 -9999 -9999 -9999 -9999 -9999 -9999 -9999 -9999
1819.6 -9999 -9999 -9999 -9999 -9999 -9999 -9999 -9999 -9999 -9999 -9999 -9999 -9999 -9999 3414.5 1157.5 783.9 802.2 979 1036.6 1374.8 1560 1553.8 1508 1603.6 1734 1854.1 1767.7 1691.6 1524.9 1429.7 1357.4 1272.2 1190.4 1031.3 1112.8 1248.8 1698.7 1955 1634.5 -9999 -9999 -9999 -9999 -9999 -9999 -9999 -9999 -9999 -9999 -9999 -9999 -9999 -9999 -9999 -9999 -9999 -9999 -9999 -9999 -9999 -9999 -9999 -9999 -9999 -9999 -9999 -9999 -9999 -9999 -9999 -9999 -9999 -9999 -9999
-9999 -9999 -9999 -9999 -9999 -9999 -9999 -9999 -9999 -9999 -9999 -9999 -9999 -9999 -9999 4025.5 2721.1 919.8 884.5 1042.1 1447.3 1363.6 1305.4 1377.8 1379.1 1451.5 1645.6 1834.1 1758.6 1678.5 1577.9 1532.8 1320.5 1388.5 1236.3 1132 1031.5 1232.8 1823 1987.4 -9999 -9999 -9999 -9999 -9999 -9999 -9999 1335.4 1425.2 1386.7 -9999 -9999 -9999 -9999 -9999 -9999 -9999 -9999 -9999 -9999 -9999 -9999 -9999 -9999 -9999 -9999 -9999 -9999 -9999 -9999 -9999 -9999 -9999 -9999 -9999 -9999
-9999 -9999 -9999 -9999 -9999 -9999 -9999 -9999 -9999 -9999 -9999 -9999 -9999 -9999 -9999 -9999 3547.4 1368.1 1021.1 1019.9 1664.6 1809.9 1550.8 1375.3 1368.4 1272.6 1323.8 1332.1 1452.3 1672.6 1602.8 1531.3 2018.9 1975.1 1175.7 1217 991.3 1385.8 1535.9 1611.8 -9999 -9999 -9999 -9999 -9999 528.2 1123.5 1419.5 1317.5 -9999 -9999 -9999 -9999 -9999 -9999 -9999 -9999 -9999 -9999 -9999 -9999 -9999 -9999 -9999 -9999 -9999 -9999 -9999 -9999 -9999 -9999 -9999 -9999 -9999 -9999 -9999
-9999 -9999 -9999 -9999 -9999 -9999 -9999 -9999 -9999 -9999 -9999 -9999 -9999 -9999 -9999 -9999 3555.7 2536 1299.2 1482.4 2337.7 2705.5 2396.6 1724 1397.9 1244.3 1194.1 1231.2 1286.9 1361.4 1525.9 1805.9 2444.4 2453.6 2135.3 2794.1 2152.4 1743.2 1482.4 -9999 -9999 -9999 -9999 -9999 -9999 734.2 1063 1285.7 1327.8 -9999 -9999 -9999 -9999 -9999 -9999 -9999 -9999 -9999 -9999 -9999 -9999 -9999 -9999 -9999 -9999 -9999 -9999 -9999 -9999 -9999 -9999 -9999 -9999 -9999 -9999 -9999
-9999 -9999 -9999 -9999 -9999 -9999 -9999 -9999 -9999 -9999 -9999 -9999 -9999 -9999 -9999 -9999 -9999 2915.8 1490.6 1692.5 2708.5 3306.1 3016.7 1844.7 1387 1320.1 1317.3 1118.7 1112.3 1279.9 1556.6 1688.1 1851.5 1824.9 2412.6 3043.5 2888.5 2204.8 1678.2 2159.7 -9999 -9999 -9999 -9999 -9999 -9999 -9999 -9999 -9999 -9999 -9999 -9999 -9999 -9999 -9999 -9999 -9999 -9999 -9999 -9999 -9999 -9999 -9999 -9999 -9999 -9999 -9999 -9999 -9999 1875.2 2135 1532.7 1518.8 -9999 -9999 -9999
-9999 -9999 -9999 -9999 -9999 -9999 -9999 -9999 -9999 -9999 -9999 -9999 -9999 -9999 -9999 -9999 -9999 3661.9 2064.4 2164.8 2581.5 3474.7 3382.7 2364.9 1615.1 1408.5 1280.6 1206.1 1196.9 1221.6 1423.6 1559.3 1618 1637.2 1855.7 2270.4 2244.8 2084.2 2260.5 2476 2539.4 -9999 -9999 -9999 -9999 -9999 -9999 -9999 -9999 -9999 -9999 -9999 -9999 -9999 -9999 -9999 -9999 -9999 -9999 -9999 -9999 -9999 -9999 -9999 -9999 -9999 -9999 -9999 -9999 2354.4 1923.8 1359.1 -9999 -9999 -9999 -9999
-9999 -9999 -9999 -9999 -9999 -9999 -9999 -9999 -9999 -9999 -9999 -9999 -9999 -9999 -9999 -9999 -9999 3143.9 2434.9 2345.5 2714.9 3683.9 4232.7 1917.2 1984.9 1526 1227.5 1125.1 1252.6 1221.8 1224.3 1378.3 1480.1 1462.4 1474.6 1602.4 1654.7 1858.1 2378.2 2314.6 2025.6 2181.1 -9999 -9999 -9999 -9999 -9999 -9999 -9999 -9999 -9999 -9999 -9999 -9999 -9999 -9999 -9999 -9999 -9999 -9999 -9999 -9999 -9999 -9999 -9999 -9999 -9999 -9999 -9999 2305.3 2457.9 1753.1 1715.4 -9999 -9999 -9999
-9999 -9999 -9999 -9999 -9999 -9999 -9999 -9999 -9999 -9999 -9999 -9999 -9999 -9999 -9999 -9999 -9999 2746 2357.2 2166.1 2540.6 3104.1 4811.8 4084.5 3024.9 1462 1291 1426.2 1400.4 1202.8 912.9 1180.3 1311.9 1320.6 1288 1405.7 1536.9 1486.6 1627.8 1683.3 1791.9 2026.8 2766.4 -9999 -9999 -9999 -9999 -9999 -9999 -9999 -9999 -9999 -9999 -9999 -9999 -9999 -9999 -9999 -9999 -9999 -9999 -9999 -9999 -9999 -9999 -9999 -9999 -9999 -9999 2323.2 2270.7 1745.1 2328.8 -9999 -9999 -9999
-9999 -9999 -9999 -9999 -9999 -9999 -9999 -9999 -9999 -9999 -9999 -9999 -9999 -9999 -9999 -9999 3000.9 2847.5 2449.8 2324 -9999 -9999 -9999 4623.9 3509.1 1851.8 1426.9 1490.5 1318.1 1330.3 1316.3 1319.1 1304.5 1175.9 1081.8 1300.4 1413.6 1457 1374.6 1526.1 1701.7 2191.1 2641.5 3174.6 -9999 -9999 -9999 -9999 -9999 -9999 -9999 -9999 -9999 -9999 -9999 -9999 -9999 -9999 -9999 -9999 -9999 -9999 -9999 -9999 -9999 -9999 -9999 -9999 -9999 2514.6 1934.8 2650.1 -9999 -9999 -9999 -9999
-9999 -9999 -9999 -9999 -9999 -9999 -9999 -9999 -9999 -9999 -9999 -9999 -9999 -9999 -9999 -9999 -9999 -9999 -9999 -9999 -9999 -9999 -9999 4749 3507.3 2047.2 1458.3 1386.3 1340.8 1489.7 1656.5 1512.7 1459.6 1268.4 1275 1357.6 1360.2 1439.3 1586.9 1573.8 1487.8 2100.5 2545.9 2334.3 2098.8 -9999 -9999 -9999 -9999 -9999 -9999 -9999 -9999 -9999 -9999 -9999 -9999 -9999 -9999 -9999 -9999 -9999 -9999 -9999 -9999 -9999 -9999 -9999 1960 1616.1 1858.1 -9999 -9999 -9999 -9999 -9999
