datasets/global_precipitation_1950_2017/rasters/precip_1972-total.asc
NCOLS 720 
NROWS 347 
XLLCORNER -180 
YLLCORNER -90 
CELLSIZE 0.5 
NODATA_value -9999 
[rows 0 to 33 of 347, columns 532 to 607 of 720]
-9999 -9999 -9999 -9999 -9999 -9999 -9999 -9999 -9999 -9999 -9999 -9999 -9999 -9999 -9999 -9999 -9999 -9999 -9999 -9999 -9999 -9999 -9999 -9999 -9999 -9999 -9999 -9999 -9999 -9999 -9999 -9999 -9999 -9999 -9999 -9999 -9999 -9999 -9999 -9999 -9999 -9999 -9999 -9999 -9999 -9999 -9999 -9999 -9999 -9999 -9999 -9999 -9999 -9999 -9999 -9999 -9999 -9999 -9999 -9999 -9999 -9999 -9999 -9999 -9999 -9999 -9999 -9999 -9999 -9999 -9999 -9999 -9999 -9999 -9999 -9999
-9999 -9999 -9999 -9999 -9999 -9999 -9999 -9999 -9999 -9999 -9999 -9999 -9999 -9999 -9999 -9999 -9999 -9999 -9999 -9999 -9999 -9999 -9999 -9999 -9999 -9999 -9999 -9999 -9999 -9999 -9999 -9999 -9999 -9999 -9999 -9999 -9999 -9999 -9999 -9999 -9999 -9999 -9999 -9999 -9999 -9999 -9999 -9999 -9999 -9999 -9999 -9999 -9999 -9999 -9999 -9999 -9999 -9999 -9999 -9999 -9999 -9999 -9999 -9999 -9999 -9999 -9999 -9999 -9999 -9999 -9999 -9999 -9999 -9999 -9999 -9999
-9999 -9999 -9999 -9999 -9999 -9999 -9999 -9999 -9999 -9999 -9999 -9999 -9999 -9999 -9999 -9999 -9999 -9999 -9999 -9999 -9999 -9999 -9999 -9999 -9999 -9999 -9999 -9999 -9999 -9999 -9999 -9999 -9999 -9999 -9999 -9999 -9999 -9999 -9999 -9999 -9999 -9999 -9999 -9999 -9999 -9999 -9999 -9999 -9999 -9999 -9999 -9999 -9999 -9999 -9999 -9999 -9999 -9999 -9999 -9999 -9999 -9999 -9999 -9999 -9999 -9999 -9999 -9999 -9999 -9999 -9999 -9999 -9999 -9999 -9999 -9999
-9999 -9999 -9999 -9999 -9999 -9999 -9999 -9999 -9999 -9999 -9999 -9999 -9999 -9999 -9999 -9999 -9999 -9999 -9999 -9999 -9999 -9999 -9999 -9999 -9999 -9999 -9999 -9999 -9999 -9999 -9999 -9999 -9999 -9999 -9999 -9999 -9999 -9999 -9999 -9999 -9999 -9999 -9999 -9999 -9999 -9999 -9999 -9999 -9999 -9999 -9999 -9999 -9999 -9999 -9999 -9999 -9999 -9999 -9999 -9999 -9999 -9999 -9999 -9999 -9999 -9999 -9999 -9999 -9999 -9999 -9999 -9999 -9999 -9999 -9999 -9999
-9999 -9999 -9999 -9999 -9999 -9999 -9999 -9999 -9999 -9999 -9999 -9999 -9999 -9999 -9999 -9999 -9999 -9999 -9999 194.2 -9999 -9999 -9999 -9999 -9999 -9999 -9999 -9999 -9999 -9999 -9999 -9999 -9999 -9999 -9999 -9999 -9999 -9999 -9999 -9999 -9999 -9999 -9999 -9999 -9999 -9999 -9999 -9999 -9999 -9999 -9999 -9999 -9999 -9999 -9999 -9999 -9999 -9999 -9999 -9999 -9999 -9999 -9999 -9999 -9999 -9999 -9999 -9999 -9999 -9999 -9999 -9999 -9999 -9999 -9999 -9999
-9999 -9999 -9999 -9999 -9999 -9999 -9999 -9999 -9999 -9999 -9999 -9999 -9999 214.4 -9999 211.5 210.1 210.4 202.5 201.5 199.9 198.8 197.1 195.9 -9999 -9999 -9999 -9999 -9999 -9999 -9999 -9999 -9999 -9999 -9999 -9999 -9999 -9999 -9999 -9999 -9999 -9999 -9999 -9999 -9999 -9999 -9999 -9999 -9999 -9999 -9999 -9999 -9999 -9999 -9999 -9999 -9999 -9999 -9999 -9999 -9999 -9999 -9999 -9999 -9999 -9999 -9999 -9999 -9999 -9999 -9999 -9999 -9999 -9999 -9999 -9999
-9999 -9999 -9999 -9999 -9999 -9999 -9999 -9999 -9999 -9999 -9999 -9999 229.5 226.7 -9999 220.9 217.7 215.7 209.4 206.9 204.5 203.9 201 -9999 -9999 -9999 -9999 -9999 -9999 -9999 -9999 -9999 -9999 -9999 -9999 -9999 -9999 -9999 -9999 -9999 -9999 -9999 -9999 -9999 -9999 -9999 -9999 -9999 -9999 -9999 -9999 -9999 -9999 -9999 -9999 -9999 -9999 -9999 -9999 -9999 -9999 -9999 -9999 -9999 -9999 -9999 -9999 -9999 -9999 -9999 -9999 -9999 -9999 -9999 -9999 -9999
-9999 -9999 -9999 -9999 -9999 -9999 -9999 -9999 -9999 -9999 -9999 -9999 -9999 225 221.6 -9999 214.6 212.9 210.4 207.6 205.6 -9999 200.2 197.1 194.3 190.4 185.7 181 -9999 -9999 -9999 -9999 -9999 -9999 -9999 -9999 -9999 -9999 -9999 -9999 -9999 -9999 -9999 -9999 -9999 -9999 -9999 -9999 -9999 -9999 -9999 -9999 -9999 -9999 -9999 -9999 -9999 -9999 -9999 -9999 -9999 -9999 -9999 -9999 -9999 -9999 -9999 -9999 -9999 -9999 -9999 -9999 -9999 -9999 -9999 -9999
-9999 -9999 -9999 -9999 -9999 -9999 -9999 -9999 -9999 -9999 -9999 -9999 -9999 -9999 -9999 -9999 -9999 208 207.6 206.5 206.2 205.7 204.2 201.9 198.5 193.9 187.9 -9999 -9999 -9999 -9999 149.5 -9999 140.7 -9999 -9999 -9999 -9999 -9999 -9999 -9999 -9999 -9999 -9999 -9999 -9999 -9999 -9999 -9999 -9999 -9999 -9999 -9999 -9999 -9999 -9999 -9999 -9999 -9999 -9999 -9999 -9999 -9999 -9999 -9999 -9999 -9999 -9999 -9999 -9999 -9999 -9999 -9999 -9999 -9999 -9999
-9999 -9999 -9999 -9999 -9999 -9999 -9999 -9999 -9999 -9999 -9999 -9999 -9999 -9999 -9999 -9999 -9999 -9999 -9999 -9999 -9999 -9999 -9999 -9999 -9999 -9999 -9999 -9999 -9999 177.5 166.1 159.2 153.3 149.6 145.1 142.2 139.1 137.6 135.5 -9999 -9999 -9999 -9999 -9999 -9999 -9999 -9999 -9999 -9999 -9999 -9999 -9999 -9999 -9999 -9999 -9999 -9999 -9999 -9999 -9999 -9999 -9999 -9999 -9999 -9999 -9999 -9999 -9999 -9999 -9999 -9999 -9999 -9999 -9999 -9999 -9999
-9999 -9999 -9999 -9999 -9999 -9999 -9999 -9999 -9999 -9999 -9999 -9999 -9999 -9999 -9999 -9999 -9999 -9999 -9999 -9999 -9999 -9999 -9999 -9999 -9999 -9999 -9999 -9999 174.8 167.7 160.5 153.8 147.5 142.6 138.6 134.2 -9999 -9999 -9999 -9999 118 -9999 -9999 -9999 -9999 -9999 -9999 -9999 -9999 -9999 -9999 -9999 -9999 -9999 -9999 -9999 -9999 -9999 -9999 -9999 -9999 -9999 -9999 -9999 -9999 -9999 -9999 -9999 -9999 -9999 -9999 -9999 -9999 -9999 -9999 -9999
-9999 -9999 -9999 -9999 -9999 -9999 -9999 -9999 -9999 -9999 -9999 -9999 -9999 -9999 -9999 -9999 -9999 -9999 -9999 -9999 -9999 -9999 -9999 -9999 -9999 -9999 -9999 -9999 -9999 -9999 -9999 -9999 -9999 -9999 -9999 -9999 -9999 -9999 -9999 -9999 -9999 -9999 -9999 -9999 -9999 -9999 -9999 -9999 -9999 -9999 -9999 -9999 -9999 -9999 -9999 -9999 -9999 -9999 -9999 -9999 -9999 -9999 -9999 -9999 -9999 -9999 -9999 -9999 -9999 -9999 -9999 -9999 -9999 -9999 -9999 -9999
-9999 -9999 -9999 -9999 -9999 -9999 -9999 -9999 -9999 -9999 -9999 -9999 -9999 -9999 -9999 -9999 -9999 -9999 -9999 -9999 -9999 -9999 -9999 -9999 -9999 -9999 -9999 -9999 -9999 -9999 -9999 -9999 142.8 138.4 135.2 130.8 124 114.1 102.9 -9999 -9999 -9999 -9999 -9999 -9999 -9999 -9999 -9999 -9999 -9999 -9999 -9999 -9999 -9999 -9999 -9999 -9999 -9999 -9999 -9999 -9999 -9999 -9999 -9999 -9999 -9999 -9999 -9999 -9999 -9999 -9999 -9999 -9999 -9999 -9999 -9999
-9999 -9999 -9999 -9999 -9999 -9999 -9999 -9999 -9999 -9999 -9999 -9999 -9999 -9999 -9999 -9999 -9999 -9999 -9999 -9999 -9999 -9999 -9999 -9999 -9999 -9999 -9999 -9999 -9999 -9999 146 146.2 143.9 142.5 140.2 136.5 131.5 126.1 121.9 119.2 117.1 117.7 -9999 -9999 -9999 -9999 -9999 -9999 -9999 -9999 168.2 -9999 -9999 -9999 -9999 -9999 -9999 -9999 -9999 -9999 -9999 -9999 -9999 -9999 -9999 -9999 -9999 -9999 -9999 -9999 -9999 -9999 -9999 -9999 -9999 -9999
-9999 -9999 -9999 -9999 -9999 -9999 -9999 -9999 -9999 -9999 -9999 -9999 -9999 -9999 -9999 -9999 -9999 -9999 -9999 181.6 169.4 -9999 -9999 -9999 -9999 -9999 -9999 154.4 153.5 153.6 154.6 156 158 159.4 159.8 159.1 154.6 148.9 144.7 139.9 136.3 136.9 138 136.6 137.1 138.4 140.3 140.7 142.3 142.2 140.9 139.2 136.4 -9999 -9999 -9999 -9999 -9999 -9999 -9999 -9999 -9999 -9999 -9999 -9999 -9999 -9999 -9999 -9999 -9999 -9999 -9999 -9999 -9999 -9999 -9999
-9999 -9999 -9999 -9999 -9999 -9999 -9999 -9999 -9999 -9999 -9999 -9999 -9999 182.5 183.2 183.7 182.9 180.6 178 173.5 170.2 167.7 166 166.2 166.9 168.8 172.2 176 181 186.3 192.1 197.5 203.4 208.4 211.2 211.7 210.3 205.6 196.8 185.9 172.8 158.5 148 141.7 136.8 132.8 130.4 128.9 127.5 125 122.9 120.2 119.4 118.2 119.6 124.6 -9999 -9999 -9999 -9999 -9999 -9999 -9999 -9999 -9999 -9999 -9999 -9999 -9999 -9999 -9999 -9999 -9999 -9999 -9999 -9999
-9999 -9999 -9999 -9999 -9999 194.8 193.4 192 190.6 189.3 189 188.2 188.4 188.7 189.1 190.4 191.1 192.5 194.2 196.9 200.1 205.3 208.9 214.6 220.1 226.1 231.8 237.7 241.9 245.3 249.1 250.7 251.1 249.9 247.8 248.8 244.9 237.6 225 209 192.4 175.2 161.3 149.6 140.6 133.2 127.5 123.7 121.6 120.1 118.5 118.2 119.3 122.1 127 -9999 -9999 -9999 -9999 -9999 -9999 -9999 -9999 -9999 -9999 -9999 -9999 -9999 -9999 -9999 -9999 -9999 -9999 -9999 -9999 -9999
-9999 -9999 219.7 215 213.2 211.5 209.8 207.5 206 205.7 204.5 204.9 205.4 206.5 208.4 211.7 214.7 220.1 225.1 231.7 239.2 246.4 255.1 263.1 273.5 281.6 287.4 295.3 299.8 303 301.1 295.7 287.9 278.7 271.8 265.1 257 243.4 232.5 217.9 201.6 185.1 169.1 155.6 144.1 134.9 127.1 121 114.9 108.9 104.6 99.5 -9999 -9999 -9999 -9999 -9999 -9999 -9999 -9999 -9999 -9999 -9999 -9999 -9999 -9999 -9999 -9999 -9999 -9999 -9999 -9999 -9999 -9999 -9999 -9999
-9999 255 247.8 242.3 237 233.4 229.9 227.3 225.4 224.6 223.9 223.3 223.9 225.3 227.7 231.8 236.9 243.6 251.2 259.1 265.5 275.4 283.7 292.5 297.6 306.1 313.5 321.7 330.4 335.8 333.3 322.6 308.7 294.9 282.9 270.2 256.8 242.2 228 213.4 198.4 185.6 172.5 159.9 149 139.1 130.6 121.5 -9999 -9999 -9999 101.9 100.8 101.4 -9999 -9999 -9999 -9999 -9999 -9999 -9999 -9999 -9999 -9999 -9999 -9999 -9999 -9999 -9999 -9999 -9999 -9999 -9999 -9999 -9999 -9999
285.6 278.4 272.1 261.7 255.8 250 246.1 242.8 241.4 240.8 239.4 239.3 239 240.8 243.4 246.2 250 255.4 260.4 266.2 274 280.4 283 287.7 288.1 291 295.5 299 298.2 299.4 295.9 290.7 282.7 272.7 262 250.6 238.5 227.2 214.7 203.3 192.2 181.1 171.4 163.7 159.8 -9999 -9999 166.2 150.2 -9999 124 -9999 -9999 -9999 130.9 -9999 -9999 -9999 -9999 -9999 -9999 -9999 -9999 -9999 -9999 -9999 -9999 -9999 -9999 -9999 -9999 -9999 -9999 -9999 -9999 -9999
299.6 291.9 282.9 274.2 265.1 257.9 252.3 249.5 250.7 253.7 255.1 256.6 260.4 264 266.6 268.5 269.4 270.3 268.9 270.2 268.1 270.4 270.1 269.3 268.8 268.1 266.3 263.2 259.1 254.5 250.6 245.5 238.8 234.7 228.3 220.7 212.8 205.1 198.6 191.1 -9999 -9999 -9999 -9999 -9999 150.5 147.9 149 151 151.2 151.1 150.4 150.9 152.4 154.8 157.5 160.4 163.6 166.7 169.9 173.8 177.4 180.2 183 185.6 -9999 -9999 -9999 -9999 -9999 -9999 -9999 -9999 -9999 -9999 158.7
312.2 305.6 300.1 294.7 289.8 286.4 285.9 287 289.4 293.4 295.9 296.4 296.4 294.9 293.5 289 285.4 284.9 278.9 274.8 272.7 269.3 266.4 263.4 259.7 255.5 249.9 244 236.6 228.3 222.2 215.3 208.5 202.3 197.5 193.7 191.1 188.6 185.7 183.1 178.9 174.4 170 165.9 161.1 158.8 157.2 159.6 158.9 160.9 163.8 167.2 170.1 173.7 176.9 179.2 181.5 182.6 183.2 183.8 184.6 185.3 187 189.3 193.4 199.3 205.7 212.1 212.9 209.2 204.4 199 194.6 191.1 187.6 185.4
332.5 344.4 347.8 360.5 371.2 381.9 390.2 392.7 388.8 379.7 369.6 356.4 340.8 329.5 318.9 309.3 300 290.3 282 277.2 271.9 266.6 263.4 259.5 256.6 253.9 250.2 246.4 241 235 226.7 210.1 197.3 179.1 172.7 175 178.2 179.6 178.8 178.3 179 177.7 175.7 173.6 170.3 168.7 167.1 166.8 168.5 171.2 175.3 179.7 185.2 190.8 196.9 200.4 201.9 200.9 199.7 196 193.5 191.5 190.4 190.7 192.1 194.3 199.1 201.9 205 207 207.8 208.4 203.3 207.3 205.3 204.3
379.4 412 451 482.3 510.5 533.9 519.9 514.5 502.3 481.2 451.2 417.3 385.2 355.6 328.3 306.1 288.4 277.8 271.3 268.6 264.3 261.4 260.4 261.3 260.1 258.5 256.7 255.1 254.3 253.8 254.5 255.4 248.2 214.8 200.6 193.4 189.8 188.5 186.7 186.1 185 183 180.6 179 175.7 173.3 171.5 171 172.3 175.1 178.1 181 184.7 188 191 191.9 193.8 195.9 195 193.1 191.2 190.5 189.8 189.6 190.1 192.1 196.4 200.5 205.6 206.1 206.9 207.3 206.1 204.9 203.3 202.8
427.4 476.6 526.4 581.7 633.3 684.2 711.5 716.6 685.2 628.4 560.1 493.1 424.7 360.4 307.7 268.7 248.1 247.3 252.1 259 263.3 264.4 263.3 262.9 261.8 261.4 259.9 257.7 255.3 253.9 252 248.6 242.1 218.3 213.5 208.2 204.5 201.1 198.7 195.9 191.9 188.9 186.1 182.6 179 176.7 175.3 173.5 172.9 174.9 176 177.4 178.9 180.2 182.1 184.2 185.4 185.5 185.9 185.1 185 184.1 186.5 187.4 188.7 190.7 194.1 198.8 204.4 207.5 209.3 210 210.1 211.6 214.4 215
423.1 482.1 507 571.7 647.3 722.9 782.4 818.9 790.7 705.2 609.3 519.6 446.9 375.7 330.3 300.6 285.8 282.9 281.3 281.6 281 279 275.7 271.5 267.9 264.4 260.3 256.5 254.8 251.7 247.6 245.1 241.8 224.4 220.8 218.5 215.6 213.1 210.1 206.7 202.9 199.1 195.2 191.4 187.6 184.5 181.7 179.7 178.4 179.4 178.2 178.6 179.6 179.7 181.7 183.1 183.8 184.2 183.8 185.1 186.2 188.5 190 191.3 193.7 196.8 201.5 206.3 211.6 214.5 217.2 218.4 220.4 222.8 226.2 229.5
376.6 405.1 439.7 480 511.4 546 574.2 591.7 589.8 566.6 529 486.2 436.2 404 373.4 350.2 333.5 321.7 311.7 306.3 300.2 293.2 286.5 278.9 272.9 267.1 261.6 256.8 252.2 248.9 246.3 244 242.2 233.6 232.4 230.8 229.3 226.6 224.4 221.4 216.8 213.4 209.7 205.7 201.6 198.4 195.1 192.6 190.1 188.2 187 185.2 184.3 183.5 183.1 183.2 184.3 186.3 188.6 191.4 193.6 197 199.6 202.3 205 207.5 210.2 214.1 217.3 220 222.1 222.9 224.4 225.5 226.7 228.2
348.5 351 372.6 394.9 412 425.8 442.2 451 455.9 449.2 443.3 429.4 412 396.2 379.4 363.7 349.9 337.6 325.5 314.1 303 295 285.2 278.1 271.7 265.3 261.6 258.8 255.6 253 251.5 250.1 247.9 245.3 242.3 240.9 238.5 235.6 232.6 229.9 227.1 222.4 219 215.3 211.3 206.6 201.6 197.5 193.8 191.2 189.5 187.6 187.1 186.3 186.1 186.5 188.2 191.2 195.3 199.2 203 206.8 209.9 212.1 213.6 214.3 214.8 215.8 216.2 217.1 217.4 218.2 217.9 217.9 217.8 218.7
416.3 375.9 380.3 388.1 388.1 385.6 386.8 391.2 391.5 394.9 390.5 388 381.7 374.9 365.9 356.3 344.6 329.9 314.6 306.9 295.6 285 275.1 269.6 267.2 263 263 262.8 262.6 262.6 261.8 259.9 257.3 253.4 250.7 247.6 243.9 241.2 237.6 233.2 230.1 226.3 221.4 216.6 211.7 206.3 200.6 194.4 189.8 186.6 184.6 183.1 182.5 184.5 186.7 189.8 192.7 197.3 202.2 208 213.2 217.8 221.5 224 223.3 221 217.9 214.7 213.1 211.6 210.8 211.6 211.7 212.6 213.5 214.1
422.9 416.5 405.6 396.6 391.3 380.3 380.3 375.6 375.3 371.1 368.3 362.8 358.7 354.7 349.2 343.8 340 324.8 310 295.1 281.2 270.5 265.4 262.4 262 263 263.5 265.4 267.1 269.5 270.9 264.5 262.3 256.7 252.1 248 244.5 242.6 238.5 234.1 229.7 224.7 219.9 214.3 207.9 202.4 195.9 190.6 185 180.8 176.3 172.9 172.2 179.2 185 189.1 193.4 198.2 203.2 209.1 214.8 220.1 224.7 227.4 223.2 217 212.7 209.1 207.3 206 205.8 206.7 208.5 210.7 213.4 215
405.3 408.4 415.3 419.6 410.6 397.9 383.8 375.2 365.1 359.8 355 351.8 348.3 349.2 344.3 345.6 344.1 337.4 325 309.8 294.2 281.5 272.2 267 263.3 262.4 262.4 263.8 265.9 260.4 262.6 263 259.5 253.2 250.1 247.2 244.4 240.3 237.9 233.6 227.9 223.6 217.6 212.7 206 200.2 193.6 188.3 184.9 182 180.2 180.7 184.2 187.3 189.4 191.5 194.1 197.1 200.5 203.9 207.3 209.7 210.4 208.8 206.1 204.2 201.8 200.2 199 198.1 197.2 197.4 198.2 200 200.4 202.1
431.2 426.6 411.5 402.5 395.6 385 375.7 367 359.3 351.4 347.2 343.4 337.2 336.1 334.8 336.4 338.5 335.3 328.2 320.1 311.2 300.2 287.4 274.6 267.1 261 258.7 258.2 259.6 259.1 260.9 260.3 259.6 257.9 255.2 251.5 247.7 244.9 239.2 233.6 227.9 222 216.2 209.4 203.4 197.6 192.5 188.1 184.5 183.6 183.3 184.9 186.1 187.8 189.9 191.3 193.1 194.7 196.7 198.9 200.6 200.3 200.5 199.5 198.4 196.8 194.9 192.8 191 189.4 186.9 184.3 182.7 181.2 178.4 178
370.7 353.7 360.8 365 364.7 362.3 357.7 352.1 345.9 340.2 334.6 331.1 328.3 325.9 324.5 324.5 326 330 328.2 325.8 320.9 312.7 300 286 276 268.6 266.3 266.2 264.9 266.8 266.8 268 266.5 265.4 263.1 260.6 256.7 250.4 244.8 239.5 231.2 223.7 215.3 207.4 201.4 194.6 188.4 185.7 183 182 183.1 184.2 184.7 186.7 187.9 189 190.2 192.2 193.3 195.2 195.8 196.5 196 195 193.4 192 191 189 187.1 184.7 181.4 177.2 172.7 168.3 162.3 160.2
368.2 363.9 359.5 357.2 354.8 351.6 348.6 343.2 336.8 330.5 326.2 323.6 321.4 319.8 319 321 322.6 324.9 326.1 327.9 326.4 318.9 308.9 296.4 288.1 282.5 281.2 281.3 282.1 283 282.5 282.9 280.2 279.5 277.8 272.8 268.5 265.2 259 250.8 240.4 229.8 219.6 210.1 201.8 194.8 190 185.2 183.6 181.8 183.1 183.5 183.7 184 185.2 185.9 187.6 188.8 190.6 192.3 193.8 196.3 195.9 195 194.3 193 191.4 189.6 188.8 186.6 183.7 181.5 179.9 180 188.2 182.7
