datasets/global_precipitation_1950_2017/rasters/precip_2008-total.asc
NCOLS 720 
NROWS 347 
XLLCORNER -180 
YLLCORNER -90 
CELLSIZE 0.5 
NODATA_value -9999 
[rows 34 to 67 of 347, columns 608 to 683 of 720]
373 368.4 361.1 356.7 351.4 346.5 340.8 335.6 329.9 323.2 315.7 302.3 288.1 269.3 251.8 234.8 223 211.7 207.5 205.6 205.5 209.4 213.6 218.7 223.1 226.7 230.4 234.2 237.2 239.9 241.3 242.8 243 243.4 244.1 245 246.4 247.1 248.7 249.9 252.8 256.6 260.7 263.8 266.5 265.2 264.7 263.1 260.4 257.1 252.5 250.1 250.1 252 254.4 255.6 258.2 259.7 260.3 260.9 260.3 260.4 259.9 260.3 260.4 260.3 261.7 262.9 263.5 265.1 268.4 268.7 266.4 265 264 263
350.7 348.9 344.6 339.3 334.1 329.9 329.3 331.9 336.6 340 343.2 344.9 344.6 332.3 321.9 307 291.2 269.5 258.5 247.8 240.8 238 238.3 238.5 239.2 240.7 242.7 244.3 246 247.9 248.7 249.4 249.1 249.5 248.8 249.7 249.9 251.2 252.5 253.3 254 256 257 257.6 261.5 260.9 261.9 262.4 263.5 260.7 259.7 260.2 263 269.7 268 264.9 264.9 266 267 268.3 268.6 268.7 268.7 269.1 269.1 270.2 271.4 272 274 274.6 276 276.5 276.9 277.5 278.6 280.5
323.5 324.7 322.4 319.8 316.7 313.3 315.9 326 338.2 351 361.8 370.2 376.6 371.7 366.2 346.8 325.4 307.2 289.8 275.2 263.9 257.7 251.8 250.1 249 250.3 252.8 255.5 258.8 260.1 261 261.3 260.1 258.3 257.6 258.3 257.6 257.6 256 256.7 257.2 257.4 257.1 257.2 258.3 259.5 261.2 262.7 263.1 262.8 263.5 265.6 268.1 270.6 271.7 271.7 272.6 273.1 274 275.1 275.7 275.8 275.7 275 274.5 273.4 273.3 275.3 278.6 279.9 280.9 279.5 280.1 282.2 286.1 290.3
294.2 297.4 304.6 313.1 320.3 323.6 327.5 334.3 347.4 361.2 376 387.9 394.3 392 376.5 354.6 331.2 309.6 295.2 286.6 277.4 271.1 265.9 265 264.5 266.5 272 277.1 280.8 283.4 280.4 275 269.5 265.6 264.9 266.5 269.4 268.7 259.3 258.9 265.2 265.1 261.7 259.5 258.6 259 260.2 259.8 259.6 260.3 262.5 265.6 269.2 273.8 277.1 279.1 279.4 279.5 278.2 277.6 277.8 278 278.4 278.1 277.8 277.3 277.9 279 281 282.4 284.7 286.2 288.3 291.8 295.8 304
258.6 254.5 269.9 299.6 330.1 331.6 320 323.4 341.4 367.6 399.3 431.9 450.4 421.1 358.3 300 273.5 271.9 280.9 284.8 284.3 284.1 282.8 279.7 281 290.5 301.9 314.1 319.3 319 308.9 293.6 280.1 270.5 262.9 260.1 262.5 267.8 265.5 262.1 263.4 263.4 261.8 260.9 261.8 262.3 261.8 260 257.9 256.6 260.1 268.4 277.1 285.3 291.2 294.6 295.5 294.1 292.3 290.1 287.4 286.2 284.1 280.6 280.3 280.9 281.7 283 285.5 288.6 290.8 293.2 294.3 295 299.8 312.3
248.6 238.2 250.3 275 297.7 306.9 307.6 316.7 338.9 364.8 389 411.2 434.2 409.8 349.9 297.4 277.5 276.3 278.7 284.1 289 294.9 296.3 294.4 303.5 323.8 342.4 358.3 360.2 351.5 330.5 312.9 294.6 274.3 254 232 217.6 231.2 250.8 256.6 259.9 262 263.8 264.5 267.7 269.6 270 269.3 267.3 267.1 274.2 285.6 294.9 304.8 312.3 316.3 316.5 311.8 310.6 308.5 305.7 303.4 299 297.5 298.9 301 298.6 298.8 296.3 298 301.2 305.6 308 310.2 315.9 326.8
265.6 262.8 269.3 281.4 295.5 306.6 311 318.5 330.2 344.5 357 359.5 350.3 339 328.1 324 316 300.2 290.2 289 291.9 304.2 321.2 342.3 365.2 386.7 401.2 417.6 428 390.9 335.4 303.8 300.8 285.5 261.9 239.6 230.1 246.5 252.2 256.3 262.7 268.3 273.7 278.6 283.1 285.7 285.7 283.1 281 285.3 293.9 305.5 317.1 324.3 328.5 325.1 325.7 324.4 324.5 323.8 324.9 324.1 321.9 324.2 332.3 336.6 338.8 343.4 343.2 339.5 339.4 336.1 335.7 336 340.3 350.4
272.4 270.4 270.6 276 280.8 282.5 281 278.9 277.5 277.7 276.2 273.2 273 274.2 276.8 278.5 277.8 277.7 279.9 282.2 280.8 294.9 326.8 367.4 411.1 448.2 442 425.9 417.9 396.9 366.1 339.6 319.5 301.1 283.6 269.6 261.7 261.9 265.6 272.8 277.3 285.1 296.8 303.1 309.4 312.2 305.2 291.1 282.4 291.1 309.5 325.6 335.2 342.4 347.3 346 338.2 337.3 339.2 341.5 342.3 335.6 320.6 306.1 327.8 367 394.2 405.8 402 394.8 385.4 372.5 356.9 345 345.9 349.4
278.9 275.6 275.9 276.4 274.1 269.2 261.1 253.7 247.6 241.1 228.8 208.4 220.6 235.4 244.8 245.6 242.7 244.6 259.5 281.9 302.9 323.1 343.6 363 382.9 399.3 405.6 404.5 399.4 390.8 379.4 364 349.1 334.2 323.4 318.2 313.3 314 318 321 324.8 331.9 334.5 339.4 345 345.5 349 348.7 342.6 343.5 350.4 358.3 363.8 366.4 367.1 371.5 380.9 376.3 367.9 368.4 376.7 377.8 369.4 374.6 412.7 458.3 480.5 471.3 456.7 443.2 427.5 396.7 347.4 308.9 314.8 335.9
301.8 303.6 303.9 300.4 295.1 284.1 271.3 260.2 255.2 253 247.8 238.5 238 243.5 250 251.2 249.7 252.7 269 293.7 319.4 344.5 362.4 369 371.9 376.9 379.8 379.4 379.7 381.5 386.3 389.4 398.3 410.5 426.4 439.6 443.1 446.5 447.1 441.4 436.2 419.5 404.9 398.3 391.5 389.2 396.7 413.3 417.4 418.7 420.3 419.1 413.3 403.2 380.4 348.6 326 341.5 367.7 399 438.9 484 535.6 604.3 683.9 721.7 658 -9999 -9999 -9999 -9999 419.5 -9999 347.6 347.9 374.3
334.9 337 338 337.1 327.5 314.7 297.8 283.8 273.1 271.4 271.1 265.4 264.4 271.2 282.5 293.4 297.9 299.7 308.8 320.8 336 350.1 362.2 368.3 373.9 375 370.1 364.7 365.4 375 392.7 415.3 447.8 483.8 508.5 517.5 539.6 539.9 543.7 543.6 545.2 530.4 513.1 497.2 486.3 484.5 490.2 501 504.6 504.6 504 496.6 486.3 467.7 457.8 445.6 424.9 419.1 412.3 445.4 496.9 547.3 583.4 627.2 682.5 -9999 -9999 -9999 -9999 -9999 -9999 -9999 413.7 410.1 424.8 -9999
356.8 359.1 362.6 362.8 359.7 350.5 337 321.4 303.5 288.8 281.4 281.1 283.6 290.3 302.7 316.1 323.7 330 340.4 356.4 365.7 368.9 371.3 376.2 380.7 384.7 386 387.7 392.9 402.6 421.2 446.7 479.2 507.2 528.9 540.7 545.8 551.6 560 577.3 599.7 619 632.8 632.6 636.6 639.1 650.7 670.4 677.6 668.3 639.9 610.2 585.6 548.4 498.4 437.7 452 451.1 457.5 496.7 522.8 544.1 539.9 528.2 -9999 -9999 -9999 -9999 -9999 -9999 -9999 -9999 -9999 432.2 -9999 -9999
401.2 401.2 400.5 399 398.2 394.2 384.5 366.7 345.4 323.4 305.5 294.2 292.3 298.4 308.4 321.6 334 349.3 365.8 382.9 398.4 392 386.5 390.5 397.9 407.8 418.4 426.4 430.6 441.4 458.8 485.7 514.6 536.1 551.7 557.7 560.3 572.8 592.7 622.4 666.2 707.4 725.9 744.8 774.8 815.7 858.1 888.6 906.4 894.5 837.9 777.3 726.5 669.3 601.8 543.6 516.6 514.3 521 538.1 552.7 559.1 -9999 -9999 -9999 -9999 -9999 -9999 -9999 -9999 -9999 -9999 -9999 -9999 -9999 -9999
463.7 472.7 470.2 457.7 437.9 413.8 401 395.6 380.1 360.3 344.4 332 323.7 322.3 326.2 333.8 345.9 360.6 370.9 375.4 380.6 387.8 393.1 401.6 412.3 429.3 447.7 459.8 465.5 475.9 498.4 527 551.8 573.4 591.6 603.7 614.6 625.9 632.9 653.5 700.2 744.7 762.3 783.1 820 863.8 919.9 975.4 1048.2 1056.9 945.1 877.7 890 757.9 558.3 529.7 541.7 550.2 562.1 578.1 -9999 -9999 -9999 -9999 -9999 -9999 -9999 -9999 -9999 -9999 -9999 -9999 -9999 -9999 612.2 647.7
524.8 544.4 537.7 501.2 462.7 444.9 433.8 422 405.9 387 369.7 354.3 345.1 340 337 337 341.8 348.6 355.4 365.8 378.4 392.6 405.1 413.2 422.5 436 451.2 465.3 485.2 511.3 539.6 568.7 590.8 611.3 632.2 650.1 661.6 -9999 -9999 -9999 -9999 -9999 -9999 -9999 828.1 -9999 -9999 -9999 -9999 897.6 -9999 -9999 -9999 -9999 -9999 -9999 -9999 555.3 564.7 577.6 586 590.7 -9999 -9999 -9999 -9999 -9999 -9999 -9999 -9999 -9999 -9999 766.6 671.8 675.6 703.1
586 632.9 634.3 575.7 500.5 476.4 465.4 443.8 417.2 398.1 380.1 359.9 348.1 343.7 343.2 342.2 344.4 349.2 358.4 369.2 383.5 399.2 407 418.9 429.6 444.8 464.5 491.8 524.7 561.5 595.8 615.5 634.3 643.4 657.1 676.5 -9999 -9999 -9999 -9999 -9999 -9999 -9999 -9999 -9999 -9999 -9999 -9999 -9999 -9999 -9999 -9999 -9999 -9999 -9999 -9999 -9999 -9999 -9999 -9999 -9999 -9999 -9999 -9999 -9999 -9999 -9999 -9999 -9999 -9999 -9999 705.6 765.1 762.2 758.9 764.8
593.7 615.1 618.1 598.8 565.7 535.2 503.1 466.4 432.6 407.1 387 368.3 358.9 355.5 355.5 356.5 358.5 363.3 369.7 378.9 391.4 404.1 413.5 419.9 427.8 449.3 487.5 532.2 575.3 617.2 650.7 673.7 688.6 -9999 -9999 -9999 -9999 -9999 -9999 -9999 -9999 -9999 -9999 -9999 -9999 -9999 -9999 -9999 -9999 -9999 -9999 -9999 -9999 -9999 -9999 -9999 -9999 -9999 -9999 -9999 -9999 -9999 -9999 -9999 -9999 -9999 -9999 -9999 -9999 531.7 539.8 589.7 662.3 747.1 829.7 885.2
581 588.3 583.3 572.3 567.3 557.5 533.2 497 458.8 420.6 395.5 379.1 368.7 362.4 364.3 370.1 376.7 382.1 388.9 395.5 405.5 412.9 415.3 408.5 409.3 447.6 509.3 575.4 628.9 663.3 690.1 711.3 -9999 -9999 -9999 -9999 -9999 -9999 -9999 -9999 -9999 -9999 -9999 -9999 -9999 -9999 -9999 -9999 -9999 -9999 -9999 -9999 -9999 -9999 -9999 -9999 -9999 -9999 -9999 -9999 -9999 -9999 -9999 -9999 -9999 -9999 563.4 537.9 513.4 513 548.7 597.6 666.8 757.2 861.3 966.3
589 589.8 588.1 583.4 579.6 574.4 559.5 528.2 480.7 435.9 411.9 400 393 391.4 392.4 396.5 402.1 410 414.5 424.8 431.6 436.1 441.2 443.9 463.5 506.3 579.2 652.6 704.6 733.5 -9999 -9999 -9999 -9999 -9999 -9999 -9999 -9999 -9999 -9999 -9999 -9999 -9999 -9999 -9999 -9999 -9999 -9999 -9999 -9999 -9999 -9999 -9999 -9999 -9999 -9999 -9999 -9999 -9999 -9999 -9999 -9999 -9999 -9999 -9999 -9999 592.2 566.2 546.7 549.8 580.7 637.2 696.9 773.4 861.3 948.7
602.8 620.6 611.4 603.8 599.1 593.4 587 573 523 472.6 452.8 439.2 431.4 430.1 427.3 427.4 431.3 439.1 448.1 462.3 475.7 481.7 491.8 493.2 487.2 550.3 672.5 800.5 870.9 -9999 -9999 -9999 -9999 -9999 -9999 -9999 -9999 -9999 -9999 -9999 -9999 -9999 -9999 -9999 -9999 -9999 -9999 -9999 -9999 -9999 -9999 -9999 -9999 -9999 -9999 -9999 -9999 -9999 -9999 -9999 -9999 -9999 -9999 -9999 652.3 627.2 603 571.3 549.5 555.9 602.6 673.2 751.1 809.4 856.7 889.6
591.8 598.8 609.5 613.6 605.8 604.3 607.3 609.1 583.3 540.1 513.2 490.6 465.6 446.1 448.9 449.7 455.6 466.7 481.3 494.3 503.5 517.5 534.8 554.1 579.7 635 737.8 859.8 -9999 -9999 -9999 -9999 -9999 -9999 -9999 -9999 -9999 -9999 -9999 -9999 -9999 -9999 -9999 -9999 -9999 -9999 -9999 -9999 -9999 -9999 -9999 -9999 -9999 -9999 -9999 -9999 -9999 -9999 -9999 -9999 -9999 -9999 -9999 -9999 732.7 677 615.5 541.5 471.1 468.2 543.9 670 795.2 904.9 914.3 865.6
573.8 576.5 583.3 590.8 593.4 598.7 608.6 621.4 623.7 611.3 587.2 560 531.7 504 487.8 479.5 480.9 491.8 502.4 504.9 501.3 508.1 547.7 606.5 651.8 685 -9999 -9999 -9999 -9999 -9999 -9999 -9999 -9999 -9999 -9999 -9999 -9999 -9999 -9999 -9999 -9999 -9999 -9999 -9999 -9999 -9999 -9999 -9999 -9999 -9999 -9999 -9999 -9999 -9999 -9999 -9999 -9999 -9999 -9999 -9999 -9999 -9999 847.2 791.1 717.3 628.3 533 438.9 414.2 492 627.4 752.3 844.2 871.1 841.4
534.3 528.3 543.8 562.2 573.4 582 597 617.3 636.8 647.8 649.4 634.4 617.2 592.8 567.7 545.7 532.2 530.8 535.2 514.8 461.6 467 583.3 669.2 -9999 -9999 -9999 -9999 -9999 -9999 -9999 -9999 -9999 -9999 -9999 -9999 -9999 -9999 -9999 -9999 -9999 -9999 -9999 -9999 -9999 -9999 -9999 -9999 -9999 -9999 -9999 -9999 -9999 -9999 -9999 -9999 -9999 -9999 -9999 -9999 -9999 -9999 -9999 762.9 764.5 722.6 639 543.8 494.9 496.6 522.9 643.4 794.6 911 961.4 937.3
539.9 534.6 537.2 547.6 561.2 572.3 579.2 597.3 623.1 678.4 669 668.5 662.9 649.7 632.1 619.5 604.7 599.8 609.3 630.6 663.5 708.6 -9999 -9999 -9999 -9999 -9999 891.5 -9999 -9999 -9999 -9999 -9999 -9999 -9999 -9999 -9999 -9999 -9999 -9999 -9999 -9999 -9999 -9999 -9999 -9999 -9999 -9999 -9999 -9999 -9999 -9999 -9999 -9999 -9999 -9999 -9999 -9999 -9999 -9999 -9999 -9999 -9999 870 857.5 792.2 684.5 566.1 485.9 503.3 647.1 846.1 1039 1174.9 1233.7 1183.9
628.9 507.1 504.2 510.1 515.1 526.4 542.6 554.7 588.1 620.5 641.7 652 652.3 639.3 634.1 629.3 635.9 642 658.9 684 713.2 733.7 764.2 774.4 789.6 816.6 -9999 -9999 -9999 775.4 -9999 730.5 -9999 -9999 -9999 -9999 -9999 601.3 -9999 -9999 -9999 -9999 -9999 -9999 -9999 -9999 -9999 -9999 -9999 -9999 -9999 -9999 -9999 -9999 -9999 -9999 -9999 -9999 -9999 -9999 -9999 -9999 -9999 -9999 926.1 887.3 808.4 735.4 750.2 823.9 1012.8 1215.3 -9999 -9999 -9999 -9999
418.2 445.8 481 512 501.6 484.7 508.2 542.5 574.4 609.8 627.5 631.6 627.8 626.7 637.7 641.8 638.6 614.1 631.8 660.9 675.9 687.8 701.6 709.6 714.6 722 760.1 -9999 -9999 683.7 654.5 631.4 660.7 -9999 -9999 -9999 -9999 -9999 -9999 -9999 -9999 -9999 -9999 -9999 -9999 -9999 -9999 -9999 -9999 -9999 -9999 -9999 -9999 -9999 -9999 -9999 -9999 -9999 -9999 -9999 -9999 -9999 -9999 -9999 927.9 956.9 1023.3 1094.6 1189.1 1237.4 1259.7 1280 -9999 -9999 -9999 -9999
251.8 363.1 437.6 469.9 485.4 456.8 482.3 528.4 592.8 633.6 632.7 627.9 622.3 636 657.5 670.6 665 665.2 666.4 628.8 624 643 651.1 658.7 659.2 641 629.6 626.5 620.3 626.3 625.3 633.6 690.7 740.4 519.7 -9999 513.9 545.2 -9999 -9999 -9999 -9999 -9999 -9999 -9999 -9999 -9999 -9999 -9999 -9999 -9999 -9999 -9999 -9999 -9999 -9999 -9999 -9999 -9999 -9999 -9999 -9999 -9999 -9999 936.4 928.6 1007.6 1110.4 1412.1 1443.1 1251.4 1226.2 -9999 -9999 -9999 -9999
365.6 392.5 408.2 400.2 392.3 413.4 471.1 520.3 578 618.9 618.2 625.8 638.9 660.2 680.7 706.3 683.4 684.3 683.8 669.1 660 649.7 633 613.5 575.2 539.5 527.8 535.5 581.8 620.5 625.9 607.1 599.6 591.2 -9999 -9999 538.2 574.1 604 -9999 -9999 -9999 -9999 -9999 -9999 -9999 -9999 -9999 -9999 -9999 -9999 -9999 -9999 -9999 -9999 -9999 -9999 -9999 -9999 -9999 -9999 -9999 -9999 -9999 904.9 684.9 829.8 1039 1091.3 -9999 -9999 -9999 -9999 -9999 -9999 -9999
424.4 435.1 431.7 438 449 476.1 516.8 535.7 527.3 577.7 595.3 588.6 609.2 646.7 652.9 653.4 674.3 699.2 713.7 707.7 701.1 672.1 646.7 649.8 550.5 507.8 531.9 559.3 614.1 667.1 666.1 586 514.6 499.9 472.8 421.6 536.1 618 -9999 -9999 -9999 -9999 -9999 -9999 -9999 -9999 -9999 -9999 -9999 -9999 -9999 -9999 -9999 -9999 -9999 -9999 -9999 -9999 -9999 -9999 -9999 -9999 -9999 -9999 -9999 843.2 915.1 1059.8 1123.2 -9999 -9999 -9999 -9999 -9999 -9999 -9999
438.9 444.4 459.4 474.9 471 459.1 539.9 574.6 583.8 613.7 590.2 605.6 628.3 630.8 618.7 621.9 650.4 693.6 728.4 716.9 691.2 652.7 636.6 655.1 646.3 620.5 613.8 629.9 664.1 680 659.1 573.6 504.8 503.2 -9999 -9999 625.5 625.1 499 -9999 -9999 -9999 -9999 -9999 -9999 -9999 -9999 -9999 -9999 -9999 -9999 -9999 -9999 -9999 -9999 -9999 -9999 -9999 -9999 -9999 -9999 -9999 -9999 -9999 -9999 807 940 1159.1 -9999 -9999 -9999 -9999 -9999 -9999 -9999 -9999
444.3 460.3 481.4 508.1 529.1 553.1 557.5 564.3 567.9 589.1 600.2 597.4 640.9 624.5 580.9 556 554.4 575.1 614.7 638.1 630.7 600.5 602.4 629.8 647 677.9 652.2 640.1 655.8 703.1 695.4 641 592.7 -9999 -9999 -9999 803.5 907.1 738.8 -9999 -9999 -9999 -9999 -9999 -9999 -9999 -9999 -9999 -9999 -9999 -9999 -9999 -9999 -9999 -9999 -9999 -9999 -9999 -9999 -9999 -9999 -9999 -9999 -9999 -9999 592.2 1014.5 -9999 -9999 -9999 -9999 -9999 -9999 -9999 -9999 -9999
447 462 479.1 509.4 541.8 553 560.5 558.1 537.9 535.6 513 543 579.1 579.7 553.2 525.6 513.5 522.4 542 555.7 556.8 559.7 569 573.4 586.9 581.2 593.1 628.6 660.9 677.2 683.4 665.6 665.8 -9999 -9999 -9999 775.7 794 757.1 -9999 -9999 -9999 -9999 -9999 -9999 -9999 -9999 -9999 -9999 -9999 -9999 -9999 -9999 -9999 -9999 -9999 -9999 -9999 -9999 -9999 -9999 -9999 -9999 -9999 1504.7 -9999 -9999 -9999 -9999 -9999 -9999 -9999 -9999 -9999 -9999 -9999
462.2 465.6 475.6 502.6 534.7 548.3 568.1 580.1 534.4 533.2 563.7 592.5 608.4 572.1 540.6 508.4 504.8 519.6 522.7 511.2 493.1 506.3 531.3 536.9 541.4 543.2 566 618.2 662.9 694.8 683.4 633.7 616.9 -9999 -9999 -9999 728.9 688.8 698.7 654.7 -9999 -9999 -9999 -9999 -9999 -9999 -9999 -9999 -9999 -9999 -9999 -9999 -9999 -9999 -9999 -9999 -9999 -9999 -9999 -9999 -9999 -9999 1280.6 1287.7 -9999 -9999 -9999 -9999 -9999 -9999 -9999 -9999 -9999 -9999 -9999 -9999
496.6 491.4 480.6 495.9 510.6 502.1 480.3 461.3 456.6 439.8 517.5 552 556.7 560.9 550.3 537.9 535.9 546.9 553.1 523.2 500.8 516.3 520.1 513.7 534.8 552.2 614.3 706.3 741.4 703.9 630.2 534.3 499.1 -9999 -9999 -9999 682.2 707.3 783.1 779 -9999 -9999 -9999 -9999 -9999 -9999 -9999 -9999 -9999 -9999 -9999 -9999 -9999 -9999 -9999 -9999 -9999 -9999 -9999 -9999 -9999 -9999 -9999 -9999 -9999 -9999 -9999 -9999 -9999 -9999 -9999 -9999 -9999 -9999 -9999 -9999
