datasets/global_precipitation_1950_2017/rasters/precip_1976-total.asc
NCOLS 720 
NROWS 347 
XLLCORNER -180 
YLLCORNER -90 
CELLSIZE 0.5 
NODATA_value -9999 
[rows 68 to 101 of 347, columns 380 to 455 of 720]
564 538.6 620.7 535.8 581.4 651.9 848.9 625.5 517.7 606.1 594 539.6 448.4 408.3 544 681.9 814 799.8 918.4 942.7 664.8 664.2 629.8 666.8 706.7 673.5 680.1 699.9 701.7 682.3 675.7 691.4 661.8 624 602.4 575.9 569.5 591.4 594.2 518.1 506.6 468 465.7 470.2 467.2 458.4 461.4 489.5 570.2 497.3 434.4 470.2 585.8 648.5 786.8 643.1 555.5 420.5 520.5 597.5 524.2 583.7 598.6 572.8 497.6 401.2 359.9 408.2 425.9 453.1 431.5 360.5 273.6 242.7 240 241.6
628.7 621.2 616 610.5 581.8 495.1 903 945.4 612.7 662.5 643.9 481.5 498.5 507 590.4 652.8 661.5 685.1 801.6 709.9 677 642.9 687.1 623.3 867.2 894.6 1237.3 984.7 882.2 773.7 663.1 646.7 603.7 518.4 629.1 562.9 535.8 510.9 465.6 465.7 468.6 477 487 487.9 439.1 391.2 450.3 465.8 530.8 590.5 490 578.7 672.1 673.6 653.3 610.7 596.1 567 531.3 536.8 549.2 590 540.4 507.1 480.1 456.5 442.1 420.6 381.8 451.1 436.3 355.8 276.8 233.1 199.8 200.3
817.7 824.3 670.8 783.4 775.1 746.6 774.7 763.9 744.1 763.5 673 694.2 662.3 569.1 612.1 582.4 558.1 645.8 678 689.6 701 609.6 606.5 584.5 574.9 645.4 945 1177.1 942.9 1005.4 740.9 746.9 619.1 443.5 540.3 589.8 495.8 528.7 534.6 510.7 508.6 493.4 512.1 481.6 453.2 469.1 469.9 438.5 498.2 608.3 645.1 584 586.3 606.3 608.5 625.6 598.1 567.7 536.2 507.5 459 457.9 457.3 451.9 463.9 488.2 500.4 449.6 422.6 401.6 384.7 329 284.7 258.1 198.5 185.6
1570.7 1077 1088.2 1094 1221.6 1978 1368.3 1562.9 1170.7 1317.4 1255.5 1016.6 621 573 524.2 489.2 551 613.3 648.3 723.8 714.4 596.4 511.2 507.7 489.6 478.9 650.9 675.1 632 597.1 677.3 744.1 602.1 620.9 393.8 488.9 520.4 640 666.4 504.6 543 514.5 508 470.5 436.4 442.1 440.8 435 427.4 472.9 567.6 510.4 422.2 499.1 532 550.3 503 537.5 572.6 542.4 544.3 469.8 431.1 445.2 471.7 471.5 460.7 437.9 388.4 344.2 341.3 315.9 289.2 246.1 203 175.2
1547 638.9 873.7 870 1083.6 1353.4 1334.2 930.3 640.6 614.6 1115.8 748.4 594.6 515.5 593.8 641.6 582.5 589.9 611.2 565.7 481.8 511.4 538.9 528.9 457.8 620.1 534.2 514.3 631.5 614.9 530.5 735.2 627.1 449.1 501.8 582.4 595.4 591.9 546.2 456.2 437.1 396.1 410.4 381.1 389.7 417 412.5 427.5 410 409.3 373.8 442.2 512.8 497.3 565.8 594.8 545.8 547.9 608 653.5 571.5 522.6 495.1 494.1 496.5 491.8 458.9 429.3 405.8 360.6 311.6 275.3 248.8 211.6 176.4 158
572.3 478.5 767.1 691.5 620.6 1029.4 1394.6 1018.3 820.5 685.7 826 726 716.6 641.7 599.5 597.1 585.2 584.8 547.4 517.4 479.3 520 575.8 532.9 506.2 498.2 463.3 496.8 340.8 654.5 538.2 618.4 652.1 531.5 331.6 468.7 620 561.3 513.5 491.4 467 441 404.2 357.8 460.6 476.2 492.8 441.8 442.7 440.9 412.6 530.9 498 -9999 -9999 -9999 -9999 514.6 537.4 555.4 573.2 574.9 575.6 582.1 540.3 500.8 460.1 443.6 380.1 303.2 242.4 215.4 189.3 154.6 142.7 144.8
972.6 1085.1 944.2 1317.7 1330.5 1819.2 2786.2 2164.6 1518.6 1401.7 1010 929.3 944 855.9 707.2 644.4 607.1 567.9 529.3 530.4 449 473.7 483.5 400.6 439.5 490.1 406.5 373.2 362.4 612.2 511.6 519.8 486.7 435 402.7 410.1 473.2 473.7 483.4 474.3 471.4 -9999 -9999 -9999 442.2 412.3 416 370.3 401.1 576.4 -9999 -9999 -9999 -9999 -9999 -9999 -9999 651.6 607.7 558.8 545.5 505 484.3 551.1 562.6 530.8 494.9 427.1 272.3 234.4 153.4 193.8 167.5 137.1 125.8 134.9
1564.4 1251.4 1883 1169.3 1040.2 1194.7 -9999 1254.9 1709.3 1657.8 1084.8 969.1 935.7 854.8 780 762.7 712.3 617.4 545.2 555.1 509.3 539.2 590.5 576.4 541.8 616.3 609 690.3 520.2 509.8 686.1 608.7 425.5 432.4 417.3 410.4 473.7 408 406.2 379 -9999 -9999 -9999 -9999 -9999 -9999 302.5 412.4 355.7 292.3 -9999 -9999 -9999 -9999 -9999 -9999 673.1 641.5 614.7 573 572.7 599.3 554.1 545.2 537.4 517.4 539.5 445.5 329.2 252.4 190.3 172.9 148.3 131.2 135.8 129.5
1034.9 844.6 826.6 749.4 -9999 -9999 -9999 1029.8 1402.6 1815.2 1704.8 1307.2 1128.3 1038.5 950.7 889.3 822 636.3 651.8 589 530.3 530.2 534.5 990.5 911.6 760.2 830.3 620.5 377.7 615.3 773.1 698.3 399.8 454.1 418.1 325.4 378.4 395.8 376.1 -9999 -9999 -9999 -9999 -9999 -9999 -9999 353.7 404.7 393.9 376.3 423.1 409.5 423.1 -9999 455.7 539 551.3 611.7 586.3 521.4 595.3 631.3 577 533.7 496.3 482.3 374.8 333.7 292.5 274.9 243.6 204.4 156 133.9 130.1 132.2
985 923.1 792.4 847.6 -9999 -9999 -9999 -9999 -9999 -9999 1775.5 1417.7 1391.9 1289.2 1224 1017.4 943.8 850.1 760.1 608.9 509.3 596.2 631.1 626.4 933 861.8 764.1 510.3 506.6 560.4 650 519.1 495.2 332 396.8 265.7 208.8 291.7 -9999 -9999 -9999 -9999 -9999 -9999 -9999 -9999 -9999 429.5 604.6 -9999 -9999 -9999 -9999 -9999 -9999 740.5 687.4 755.9 753.7 679.7 685.9 663.7 643 590.3 556.2 501 414 362.5 337.7 266.5 250.9 216.5 185.3 164.6 149.1 141.4
1971.1 998.3 974.1 865.7 701.8 -9999 -9999 -9999 -9999 -9999 1062.6 1375.6 1456.7 1425.3 1067.6 988.9 1068.8 1211.6 915.4 815.9 726.4 678.9 694.1 768.1 827.5 703.1 548.8 634.3 599 575.2 559.5 528.1 501.5 425.2 389.8 296 197.6 -9999 -9999 -9999 -9999 -9999 -9999 -9999 -9999 -9999 -9999 -9999 -9999 -9999 -9999 -9999 -9999 -9999 -9999 -9999 -9999 -9999 1535.2 1160.8 926.2 799.1 714.8 669.2 601 519 475.1 446.2 358.7 305 266.6 211 205 195.5 180.5 162.5
-9999 1235.5 934.8 1546.8 1359.7 1327 -9999 -9999 -9999 -9999 -9999 -9999 1248 1560.9 1508.1 1851.7 1229.8 1006.9 968.8 1004.3 837.4 723.1 728 737.2 774.7 704.4 601.7 552.9 594.6 599 517.9 537.1 540.6 540.1 488.9 366.6 367.3 -9999 -9999 -9999 -9999 -9999 -9999 -9999 -9999 -9999 -9999 -9999 -9999 -9999 -9999 -9999 -9999 -9999 -9999 -9999 -9999 -9999 -9999 1415.9 1678.5 1581.5 1004 774.3 718 606.1 536.4 461.5 445.9 422.9 381.3 338.3 294.2 251.7 253.1 255
-9999 1183 954.5 1009.9 1259 1490 1237.9 1110 -9999 -9999 -9999 -9999 -9999 -9999 1391.8 1606.5 1862.2 1531.3 1228.6 1001.1 867 974.2 727 697.6 772 833.7 926.1 821.6 663.4 677 659.2 585.4 573.4 471.1 424.5 397.1 -9999 -9999 -9999 -9999 -9999 -9999 -9999 -9999 -9999 -9999 -9999 -9999 -9999 -9999 -9999 -9999 -9999 -9999 -9999 -9999 -9999 -9999 -9999 -9999 -9999 1588 1498.8 1564.1 1085.9 802.8 836.7 664.1 783.9 766.5 463.8 452.8 335.5 238.3 303.4 289.5
-9999 -9999 777.6 1020.5 1094.2 1084 1144 1176.1 -9999 -9999 -9999 -9999 -9999 -9999 -9999 -9999 2237 2031.4 2117.1 1604 1097.4 775.3 737.4 860.1 763.3 792.1 950.5 902.4 880.4 1215.5 1043.5 676.9 500.6 503.6 444.7 485.9 -9999 -9999 -9999 -9999 -9999 -9999 -9999 -9999 -9999 -9999 -9999 -9999 -9999 -9999 -9999 -9999 -9999 -9999 -9999 -9999 -9999 -9999 -9999 -9999 -9999 -9999 -9999 1905.7 1932.5 1345.7 1190.8 856.6 991.9 744.9 851.3 582.2 366.9 425.7 378.5 295.6
-9999 -9999 -9999 906 1018.7 1144.4 1069.5 1121.9 1086 -9999 -9999 -9999 -9999 -9999 -9999 -9999 -9999 -9999 1784.6 2889.7 1555.7 776.2 786 757.5 758.6 660.7 727.2 678.6 556 576.8 573.4 522 471.5 460.1 560.1 580.6 -9999 -9999 -9999 -9999 -9999 -9999 -9999 -9999 -9999 -9999 -9999 -9999 -9999 -9999 -9999 -9999 -9999 -9999 -9999 -9999 -9999 -9999 -9999 -9999 -9999 -9999 -9999 1598.4 1502.2 1094.9 1105.3 884.4 906.2 1034.5 971.7 892.3 906.6 658.8 401.2 231.8
-9999 -9999 -9999 -9999 1016.2 1305 1418.1 1450.1 1042.4 738.7 604.5 673.3 -9999 -9999 -9999 -9999 -9999 -9999 -9999 1657.9 1444.9 1046.2 848.3 630.7 572.6 661.3 657.2 660 705.8 867.9 576.2 544.3 391.1 459.6 648 614.7 -9999 -9999 -9999 -9999 -9999 -9999 -9999 -9999 -9999 847.9 751.1 797 819.9 601.6 -9999 -9999 -9999 -9999 -9999 -9999 -9999 -9999 -9999 -9999 -9999 -9999 -9999 2254.5 1726.7 714.3 846 875.9 864.1 609.4 933.5 970.1 1032.9 1205.2 867.5 410.6
-9999 -9999 -9999 -9999 -9999 -9999 -9999 1290.2 1204.8 887 799.8 716.1 741.9 -9999 -9999 -9999 -9999 -9999 -9999 1367.8 1558.1 757 765.1 661.3 622.7 717.8 688.7 660.6 729.5 785.9 702.6 640.4 541.7 595.4 601.1 623.2 618.8 751.8 -9999 -9999 -9999 -9999 -9999 799.4 861.2 520.4 486.5 405.2 461.2 414.6 380.8 475.6 538.4 864.4 -9999 -9999 -9999 -9999 -9999 -9999 -9999 -9999 1737 934.4 827.8 505.8 574.9 660.6 711.7 598.3 475.5 608.6 650.4 576.2 828.9 575.4
-9999 -9999 -9999 -9999 -9999 -9999 -9999 -9999 -9999 1416.1 1284.3 901.3 810.9 871.3 858.5 -9999 -9999 -9999 -9999 1023.8 1017.7 545.7 547.6 665.4 926.2 596.5 534.2 -9999 -9999 632.1 -9999 -9999 606.4 612.7 631.3 -9999 -9999 -9999 -9999 -9999 789.7 715 583.8 547.4 568.6 528.8 452.7 429.4 431.1 373.5 313 353.4 420.1 458.8 725.1 813.9 967.3 872.1 722.8 674.7 1127.3 1312.2 923.2 544.3 500.6 504.1 537.1 592.3 637.6 700.1 582.5 635.5 389.9 349.9 356.3 491.8
-9999 -9999 -9999 -9999 -9999 -9999 -9999 -9999 -9999 -9999 1302.1 1174.4 1159.8 -9999 -9999 -9999 1046.1 -9999 -9999 1300.4 1368.8 945.5 609.6 336.1 532.7 -9999 -9999 -9999 594.5 -9999 -9999 -9999 -9999 561.1 762.3 670.9 562.2 591.9 720.6 444.6 510.7 541.9 527.5 504.6 497.3 531.5 413.4 408 444.1 421.4 380.5 385.1 374.7 409.8 467.1 535.9 613.9 600 475.7 458.2 404.1 514.6 495.6 487.7 518.9 620.6 509.1 409 498.3 521.2 481.6 453 654.8 454.8 331.7 247.1
-9999 -9999 -9999 -9999 -9999 -9999 -9999 -9999 -9999 -9999 -9999 -9999 1037.3 -9999 -9999 -9999 -9999 -9999 -9999 1397.6 1400 1188.1 1367.2 806.3 521 492.6 -9999 -9999 -9999 -9999 -9999 -9999 555.4 624.8 663.7 611.3 577.9 596.6 612 486.2 409.5 407.3 446.2 428.7 403.6 415 410 415.2 469.5 526.6 460.3 379.1 359.7 370.7 437.2 487.6 545.7 644.4 515.8 601.8 637.1 609 551.4 619.4 608.8 651.9 623.6 312.1 257.9 339.2 382.5 784 613 555.1 429.5 217.4
-9999 -9999 -9999 -9999 -9999 -9999 -9999 -9999 -9999 -9999 -9999 -9999 1460.6 1697 -9999 -9999 -9999 -9999 -9999 -9999 -9999 1108.7 1075.2 844.1 605.8 552.8 661.6 -9999 -9999 -9999 -9999 -9999 716.5 699.7 713.5 609.9 586.2 701.2 512.7 522.7 525.6 470.6 468 431.7 395.9 412.4 434.8 367.9 405.2 391.4 345.5 360.1 363.2 398.3 469 506.5 655.8 834.1 989.6 1057 1197.6 1041.1 853.4 826.6 788 650 537.4 490.9 316.2 306.2 337.5 507.4 659.3 482.2 406.7 393.9
-9999 -9999 -9999 -9999 -9999 -9999 -9999 -9999 -9999 -9999 -9999 -9999 1497.6 -9999 -9999 -9999 -9999 -9999 -9999 -9999 -9999 -9999 1034.5 1006.4 699 621.3 -9999 -9999 -9999 -9999 -9999 -9999 -9999 -9999 705.6 534 545.1 622 504.5 498.6 489 479.5 486.4 508.2 454.3 464.6 445.3 405 393 380.6 350.9 374.9 505.5 506.1 525.8 549.3 641.3 565.3 706.6 784.7 946.1 1009.9 971.9 1009.8 910.8 699.3 471.3 417.2 316.9 282 291.9 309.3 304.9 350.1 367.3 541.6
-9999 -9999 -9999 -9999 -9999 -9999 -9999 -9999 -9999 -9999 745.9 1167.4 1403.3 -9999 -9999 -9999 -9999 -9999 -9999 -9999 -9999 -9999 -9999 762.7 -9999 -9999 531.9 597.2 665.8 -9999 -9999 -9999 -9999 718.1 781.7 653.9 555.8 502.6 495.2 517.2 528.8 527.1 652.9 505.8 495.5 439.2 407.7 401 381.4 373.6 380.9 452.2 632.9 666.8 543.1 614.4 629.5 618.9 751.5 1159.7 857.2 789.1 901.4 1079 1157.1 797 449.7 396.1 359.8 344.4 300.2 316.5 247.4 278.1 310.9 415.5
-9999 -9999 -9999 -9999 -9999 817.1 895.9 849 973.6 1087.5 -9999 -9999 -9999 -9999 -9999 -9999 -9999 -9999 -9999 -9999 -9999 1037.9 -9999 937.4 905.5 614.9 -9999 -9999 -9999 -9999 -9999 -9999 -9999 790 -9999 601.6 561.2 530.3 598.8 541.4 462.3 511.8 508.2 496.2 478.1 452.9 414.7 385.4 417.4 471.4 769.4 1113.6 980 967.5 882.5 887.6 1066.1 892.1 877.7 822.6 701.8 716 680.5 817.7 841 819.3 720.6 707 644.4 428.5 344.2 359.6 327.3 300.5 257 326.3
-9999 -9999 -9999 -9999 -9999 -9999 -9999 744.3 571.6 967.6 1011.2 -9999 -9999 -9999 -9999 -9999 -9999 -9999 -9999 -9999 -9999 -9999 -9999 840.4 836.2 718.1 -9999 -9999 -9999 -9999 -9999 -9999 -9999 -9999 -9999 629.8 641.7 866.5 684.9 545.5 478 708.8 831 861.2 721.2 559.1 421 451 544 774.4 1055.4 1088.9 1127.5 1123.9 848.6 747.9 766.3 720.7 751.8 831 855.3 918.4 514.2 621.4 652.4 829.2 851.9 855.4 771.8 597.3 457.1 373.9 332.6 327.4 310.7 347.8
529.7 428.3 -9999 -9999 -9999 -9999 -9999 -9999 -9999 858.2 -9999 -9999 -9999 -9999 -9999 -9999 -9999 -9999 -9999 -9999 -9999 -9999 -9999 -9999 -9999 -9999 -9999 -9999 -9999 -9999 -9999 -9999 -9999 -9999 -9999 -9999 876.4 959.6 911.4 560.2 730.4 -9999 -9999 1260.7 1164.9 791.1 551.7 592.3 741.2 -9999 964.6 -9999 1120 890 720 565.8 575.2 592.8 622.5 761.2 899.2 782.3 549 571.7 503.7 1134.5 722.5 929.6 713.5 748 553 326 342.9 346.6 369.7 388.4
533.2 -9999 -9999 -9999 -9999 -9999 -9999 -9999 -9999 -9999 -9999 -9999 -9999 -9999 -9999 -9999 -9999 -9999 -9999 -9999 -9999 -9999 -9999 -9999 -9999 -9999 -9999 -9999 -9999 -9999 -9999 -9999 -9999 -9999 -9999 -9999 -9999 -9999 -9999 929.9 -9999 -9999 -9999 -9999 -9999 1147.7 811.1 608.1 -9999 -9999 -9999 -9999 1566.8 746.9 423.9 465.5 477 447.2 455.9 543.1 572.1 537.4 561.7 586.4 504.2 469.5 373.7 519.6 735.1 743.3 699.2 584 393.9 474.2 493.1 488.6
454 303.2 -9999 -9999 -9999 -9999 -9999 -9999 -9999 -9999 -9999 -9999 -9999 -9999 -9999 -9999 -9999 -9999 -9999 -9999 -9999 -9999 -9999 -9999 -9999 -9999 -9999 -9999 -9999 -9999 -9999 -9999 -9999 -9999 -9999 -9999 -9999 -9999 -9999 -9999 -9999 -9999 -9999 -9999 -9999 -9999 -9999 -9999 -9999 -9999 -9999 -9999 1023.4 673 428.9 371.8 343.8 264.6 265.6 326.6 349.5 380 455.4 518.5 496.3 444.8 395.7 380.8 369.3 498.7 687.4 883.1 858.6 576.9 513.8 507.7
316.8 323.9 -9999 -9999 -9999 -9999 -9999 -9999 -9999 -9999 -9999 -9999 -9999 -9999 -9999 -9999 -9999 -9999 -9999 -9999 -9999 -9999 -9999 -9999 -9999 -9999 -9999 827.1 1012.4 1324.2 786.5 -9999 570.9 -9999 -9999 -9999 -9999 -9999 -9999 -9999 -9999 -9999 -9999 -9999 -9999 -9999 403.1 359.7 -9999 -9999 -9999 -9999 974.8 475.6 421.2 300.6 186.2 168.5 200.1 246.4 210.3 233.3 282.9 316.3 319.3 300.2 253.9 236.6 237.2 343.5 554.3 739.4 713.1 430.4 375.9 389
278.1 349.8 355.8 -9999 -9999 -9999 -9999 -9999 -9999 -9999 -9999 -9999 -9999 -9999 -9999 -9999 -9999 -9999 -9999 -9999 -9999 -9999 -9999 -9999 -9999 -9999 -9999 -9999 -9999 -9999 -9999 -9999 -9999 -9999 -9999 -9999 -9999 -9999 -9999 -9999 -9999 -9999 -9999 -9999 -9999 554.4 464 -9999 -9999 -9999 -9999 -9999 1047.9 594.2 296 161.5 135.1 137.1 165.2 196.5 212.4 228.3 245.2 230.3 213.9 202.6 194.3 195.4 231.4 258 359.9 471.8 497.6 424.8 365.6 354.9
-9999 -9999 -9999 -9999 -9999 -9999 -9999 -9999 -9999 -9999 -9999 -9999 -9999 -9999 -9999 -9999 -9999 -9999 -9999 -9999 -9999 -9999 -9999 -9999 -9999 -9999 -9999 -9999 -9999 -9999 -9999 -9999 -9999 -9999 -9999 -9999 -9999 -9999 -9999 -9999 -9999 -9999 -9999 -9999 -9999 -9999 -9999 -9999 -9999 -9999 -9999 1180.9 780.1 224.4 199.3 147.6 131.5 136.8 150.3 171.6 189 215.5 257.7 219.6 194 175.5 168.2 166.4 193.4 242.3 271.1 353.7 404.3 422.6 346.1 368.2
324.9 376.6 -9999 -9999 -9999 -9999 -9999 -9999 -9999 -9999 -9999 -9999 -9999 -9999 -9999 -9999 -9999 -9999 -9999 -9999 -9999 -9999 -9999 -9999 -9999 -9999 -9999 -9999 -9999 -9999 -9999 -9999 -9999 -9999 -9999 -9999 -9999 -9999 -9999 -9999 -9999 -9999 -9999 -9999 -9999 -9999 -9999 -9999 -9999 -9999 -9999 1126.2 422.4 176 152.1 140.6 120.9 124.5 137.3 149.7 162.8 179 194.4 192.5 174 149.3 147.6 154.2 168.7 208.3 278.5 312.5 356.1 380.2 381.8 418.3
274.7 297.5 -9999 -9999 -9999 -9999 -9999 -9999 -9999 -9999 -9999 -9999 -9999 -9999 -9999 -9999 -9999 -9999 -9999 -9999 -9999 -9999 -9999 -9999 -9999 -9999 -9999 -9999 -9999 -9999 -9999 -9999 -9999 -9999 -9999 -9999 -9999 -9999 -9999 -9999 -9999 -9999 -9999 -9999 -9999 -9999 -9999 -9999 -9999 -9999 640.1 618.3 183.6 134.7 161.1 87.6 54.7 87 122.6 137.2 142.9 152 161.3 161.6 150.7 141.8 141 147.3 139.9 167.5 208.7 240.5 246.8 302 390.7 414.6
231.4 257.4 312.7 356.7 418.7 440.3 405.4 492.6 -9999 -9999 -9999 -9999 -9999 -9999 -9999 -9999 -9999 -9999 -9999 -9999 -9999 -9999 472.6 569.8 429.2 -9999 -9999 -9999 -9999 -9999 -9999 -9999 -9999 -9999 -9999 -9999 -9999 -9999 -9999 -9999 -9999 -9999 -9999 -9999 -9999 -9999 -9999 -9999 -9999 -9999 425.6 356.3 210.1 234.8 191.3 85.5 53.5 87.5 118.8 133.7 131.3 135.4 136.8 124.4 109.6 120.3 129.7 123.5 142.3 141.7 150 153.8 158.9 172.9 268.5 339.8
