datasets/global_precipitation_1950_2017/rasters/precip_1957-total.asc
NCOLS 720 
NROWS 347 
XLLCORNER -180 
YLLCORNER -90 
CELLSIZE 0.5 
NODATA_value -9999 
[rows 68 to 101 of 347, columns 456 to 531 of 720]
191.2 175.3 174.1 171.6 175.3 177.7 179.4 182.5 184.5 182.9 182.1 184.7 203.2 217.8 198.2 184.5 179.8 172.7 177.4 233.7 212.6 214.2 209.7 205.3 197.2 187.2 178.8 169.2 163.4 166.2 169.4 171.6 178.7 195.5 213.5 227.6 245.5 272.1 267.6 224.5 191.4 187.8 200.5 246.2 359 557.3 678.7 624.7 449.8 328.1 305.8 297.7 292.2 404.7 710.1 932.8 628.7 441.9 298.9 256.6 224.7 213.2 224.3 255.2 296.6 319.9 322 373.7 435 468.5 480.6 474.6 435.9 421.3 447.4 455
190.6 174.4 163.1 159.7 160.8 156.1 153.7 156 169.4 171.3 172 171.8 187.4 195.6 183.9 167.9 151.2 174.7 189.9 208.1 243.3 236.4 224.8 213.2 198 192.8 196.3 168.7 155 161.8 167.9 174.8 181.3 195 212.6 229.9 277.5 354 340.9 231.9 188.2 193.3 206.2 241.3 381.9 712.4 1173.3 1357.1 673 301 252.2 200.5 276.1 377.2 500.5 585.4 521.1 386.8 270.5 215.8 198.6 196.3 195.9 257.4 322.1 365.2 370 395.7 450.8 421.1 409.8 392.6 392.1 396.5 413 421.9
180.6 163.1 157.8 153.2 143.9 133.8 132.7 136.4 148.3 161.8 164.6 163.4 158.7 144.8 148.5 152.2 160 170.6 179.2 201.7 222.4 233 198 173.6 170.5 175.4 178.5 173.3 169 165.3 163.7 164.3 169 182.1 201.9 223.9 239.8 261 250.3 205 191.9 199 204.5 171.5 273 438.8 568.7 596.9 436.9 195.8 194.4 215 223.2 218.9 191.8 267.8 273.2 214.6 168.7 172.5 189.3 206.4 249.3 318.4 384.4 397.6 391.1 380.1 358 322.9 325.7 325.2 298.5 280.5 277.3 325.4
188.6 183.8 179.5 167.3 146.9 126.1 119.4 122.9 122.2 128.8 131.5 129.2 128 126.5 123.7 130.6 147.2 164.2 171.6 170.9 152.7 152.6 142.2 123.2 139.5 149.8 158 162.6 162.7 158.7 155.9 152.7 150.2 157.3 176.1 191.4 193.2 179.6 170.1 138.1 153.2 171.5 188.7 208 250.5 281.1 269 289.7 323 266.5 212.4 191.8 178.9 172.5 175.8 184.6 184.7 173.4 164.7 170.2 187.9 219.3 271.6 341.3 401.4 416 429.3 410 331.9 265.4 297.5 290.2 228.7 254.1 241.5 252.4
194.9 202.9 201.9 187.2 160.8 128.8 100.3 96.4 100.2 102.4 100.6 98.6 99.8 100.1 101.5 107.7 122.4 141 150.7 149.3 141.9 136.5 130.7 129.8 131.9 137.6 148.2 152.6 145.1 142.3 146.5 150.6 151.6 154 157.7 165.7 172.2 169.2 157 141.2 133.8 136.2 151.7 174.3 202.6 218.1 250.7 274.5 264.9 222.1 189.7 178.4 166.7 165.6 165.3 160.3 155.8 158.3 162.1 162.6 176.3 204.9 238.5 281.9 341.6 398.1 506.7 564.3 425.5 356.5 330.7 301.5 269.3 264.1 232.1 220.3
203.2 221.9 230.7 188.9 155.5 134.4 101.2 77.8 86.9 87.6 85.9 85.8 90.7 94.4 101.4 106.2 116.7 133.2 148 143.5 130 117.2 116.2 120.1 127.7 139.9 156.3 160.7 134.2 126.2 135.5 144.4 153.2 153.5 147.8 144.7 146.6 145.3 139.3 127.1 115.8 112.6 120 137 156.6 171.5 194.5 211 200.9 178 166.6 159.9 156.5 153.9 140.9 142.8 138 133.6 145.3 153.1 163.3 177.5 185.7 209.8 263.2 300.6 379.6 425 375 358.6 346.2 309.5 251.4 173.6 117.3 81.1
234 227.7 224.1 194.6 163.5 139.9 116.4 101.2 98.8 96.7 92.2 90.7 90.9 93.2 101 107.1 110.6 121.6 134.4 134.2 126 113.4 112.8 116.9 127.6 140 151.1 153.6 147.1 135.7 125.7 121.5 121.8 118.9 117.1 113.9 118.9 130.2 136 124 110.6 108.4 113.9 124.6 134.2 141.7 146.3 149.5 143.4 138.9 136.1 135 139.8 141.1 139.8 137.1 135 130.8 140.2 160.5 182.9 200 214.2 247.3 273.7 239.6 227.5 243 261.3 272.9 269.6 242.4 198.8 130.1 93.9 93.5
210.9 214.1 201.7 177.9 158.4 142 129.8 126.9 128.6 126.1 117.6 108.7 104.3 104.2 105.2 105.6 107.4 112 115.8 116.6 111.4 103.7 104.7 112 126 142.1 155.4 167.6 170.1 142 115.1 96 86.9 85.9 83.8 86.7 89.3 98.9 105.2 105 105.2 108.8 116.6 123.6 128.6 132.3 133.6 135.8 138.2 136.2 131.9 131.6 135.6 136.7 137.4 135.7 144.4 159.1 166.5 189.5 221.3 228.1 273.5 327.2 398 404.7 246.1 172 147.9 162.1 188.8 188 141.2 87.7 88.1 104.2
186.7 187.6 171.3 159.3 149.3 139.4 137 143.1 152.9 154.4 146 130.4 117.9 111.7 111.7 113.3 116.5 112.7 108.1 102.3 90.3 86 95.7 109.9 124.3 136.3 144.8 148.7 142.4 123.5 102.5 86.8 78.4 72.8 69.2 71.4 75.7 76 81.4 94.6 107.6 116.3 119.3 126 130.9 133 134 136.6 139.4 141.4 142 138.9 136.2 132 127.8 133.1 149.1 175.2 199.4 209.7 249.4 296.3 260.1 312.3 399.7 458.6 277.9 153.4 118 102.3 98.8 109.9 107 97.2 112.1 134.8
170.4 159.2 149.3 143.6 132.7 129.8 135.4 144 155.6 163.2 154.3 138.8 127.2 121.9 121.9 130.6 151.5 117.3 103.4 89.7 76.6 71.8 81.7 96.7 115.8 129.6 130.5 124.8 111.5 95.9 85.5 79.6 72.6 65 59.5 66.8 80.3 89.9 97.5 110.1 124.1 119.2 113.1 135.8 139.3 139 134.2 139.6 136.8 155.3 170.4 165.4 146.9 127.7 133.4 141.5 144.3 165.8 198.2 234.6 296.2 422.3 487.1 276.4 234.3 232.7 197.2 144.3 136.2 79.3 42.5 69.1 87.4 113 147.6 174.9
157 127.4 121 130.3 130.1 129.4 133.7 144.5 149 149.8 147.3 137.8 130 127.1 129 132.4 130.8 118.1 99.5 80.2 69.1 67.1 73.3 85.1 100.2 113.5 113 101.6 85.4 69.2 66.1 69.1 68.9 66.3 66.4 74.4 94.3 111.7 121.9 141.1 136.1 150.6 193.4 202 196.2 193.6 186.7 175.9 171.9 187.1 202.7 223.6 191.8 150.6 151 146.1 164.8 154.2 185.1 196.4 233.9 290.6 228.5 105.7 113.7 172.9 201.6 187 165.4 142.9 89.3 86.7 89.9 101.5 157.9 199.4
238.3 211.3 108.6 109.4 119.4 126.9 132 140.1 144 145.1 141.8 134.1 128.8 126.8 127.5 130.1 125.8 111.3 89.1 74.7 70.1 77.4 71.4 75.9 82.2 88.7 88.9 83.3 72.5 62.6 63.1 68.5 72.7 71.8 70.1 69.7 87.8 113.9 127.4 154.2 206 288.9 195.1 287.5 242.2 249.5 248.4 241.3 229.6 219.8 218.5 224.8 272.3 256.7 203.8 211.8 282.8 371.4 316 247.3 188.4 213.9 182.2 143.9 167.6 214.4 253.2 233 203.9 162.7 142.5 150.5 159.8 165.7 177 191.5
249.9 244.5 200.8 96.2 110.4 126.2 132.6 139.1 142.5 144.8 138.4 127.2 121.2 120.5 120.1 118.7 116 99.5 79.9 74.2 71.6 67.5 67.2 65.5 69.5 78.8 82.5 80.6 73 72.5 77.1 81.2 87.7 85.6 84.3 83.9 96.5 121.7 144.6 175.4 174 298.4 366.4 330.9 270.7 280 281.8 264.1 257.3 261.8 298.5 313.9 322.1 302.6 303.8 339.5 417.9 619.1 718.1 548.8 322.9 325.3 257.1 248.4 260.8 328.6 386.6 323.7 299.5 223.3 201.8 231.7 236 227.2 207.4 193.3
205.6 219.7 222.5 174 115.1 116.1 122.2 128.5 130.3 129.5 125.3 119.9 115.5 113.5 110.9 107.1 98.9 83.4 76.3 74.1 75.8 77.3 79.6 75.1 76.2 81.8 84.5 85.6 88.4 90.6 95.9 93.9 95.5 98.5 100.8 110.5 129 143 142 183.8 213.5 288.2 377.3 504.4 544.2 307 312.9 259.4 290.7 294.7 329.6 421.2 401 398.4 441.2 452.3 401.6 509.4 566.4 494.2 521.2 630.5 406 294.7 251.4 326.4 379.5 338.7 217.6 151.9 161.5 206.2 232.7 202.3 171.7 178.1
208.1 241.7 259.2 257.1 240.1 151.3 110.9 109.4 109.8 109.2 107.8 106.7 105.5 101.1 96 90.8 84.5 80.6 81.3 82.8 84.1 87.8 94.4 88.4 90 94.9 92 86.9 87.7 91.6 98.3 99.4 98.8 99.7 108.7 137.3 168.8 177.9 189.9 221.2 248.2 298.1 446 552.5 711.4 630.5 473 364.3 372.5 508.2 498.1 483.1 415.7 437.3 377.1 250 241.6 243.5 217.5 268.7 374.2 415.9 416.4 368.8 321 315 319.6 178.7 111.8 89.2 88.7 107.1 121.2 121.6 111.7 107.6
362.2 295.3 288.9 288.3 273.4 217.3 119.3 100.1 101.2 99.6 92.7 92 90.4 86.7 81.9 77.2 71.1 72.7 87.9 93.3 91.4 89.2 89.4 83.3 112.5 127.7 102.5 93.1 83.2 79.6 90 102.9 111 96.3 117.7 149.8 180.9 189.1 204.4 227.7 232.4 292.8 367.3 689.9 696.3 611.5 440.1 604.6 486.3 412.6 484.4 433.5 338.8 332.2 323.1 368.6 343.3 282.4 243 286.5 311.7 230.6 308.4 271.4 203.4 177.6 131.7 90.7 71.3 64.2 36.1 49.5 64.6 72.4 70.5 59.4
489.3 399.3 277.2 301.5 250.7 189 123.9 96.3 89.7 78.5 75.2 85.6 86.4 77.3 67.5 66.9 70.5 84.8 99 111.1 108.6 102.5 98.9 99.7 109.7 114.1 100.9 86.4 81.9 81.6 84.4 102.1 121.1 129.9 133 171.5 210 227 232.9 233.9 239.3 281.3 361.6 552.4 831.6 429.8 309 303.9 348.8 852.4 688.7 855.1 570.2 305.2 281.6 296.9 299.3 290.3 270.7 259 245.7 241.2 213.5 137.8 116.1 91.8 84.7 72.7 61.1 49 37.7 39.7 46.5 54.6 56.5 54.2
529.2 454 375.2 305.5 203.4 146.4 116.8 95.8 88.5 85.8 90.1 100.8 101.7 82.3 55.8 71.4 89.4 110.7 121.8 124.2 121.8 118.4 112.5 107 105.7 102.5 96.9 88.6 91.1 87.6 81.4 97.5 124 135.5 161.6 211.5 251.7 298.3 310.1 276.6 226.5 221.6 325.8 357.5 415.3 139.2 161.1 168.8 230.1 323.3 518.3 715 524.4 278.7 245.7 264.3 269.8 268.9 243 199.8 186.8 188 158.9 106.7 72 67.9 66.2 64.4 55.7 46.9 39.3 36.6 38.4 42.6 46.5 45.4
358.8 302.5 227.9 182.4 149.5 86.4 85.2 95.4 103.2 123.9 117.8 118.9 127.7 113 110.9 124.6 145.3 155.7 150.2 137.4 124.3 120.7 120.5 116.5 109.5 100.1 95.6 95.2 100.5 93.4 93.8 108.6 125.6 132 145.9 211.8 304.7 341.5 342 361 314.6 288.8 232.3 166 154 145.6 258.5 226.3 271.8 335.3 443.9 435.5 347.3 289.4 217.2 193.7 190.3 183.3 143.3 106.1 100.4 102.6 100.6 88.5 71.2 63.9 61.4 58.5 51.6 41.7 33.8 28.3 25.6 27.3 33.7 35.4
364.1 422.5 216.3 162.5 157.5 113.2 93.7 95.4 101 108.6 109.5 115.9 124.1 131 170.7 195.7 225.1 218.3 186.3 155.5 132.7 124 120.6 112.9 105.4 95 86.2 84.5 83.5 83.1 89.1 102.8 135.1 125.2 155.2 246.5 335.2 367.8 374.3 379.9 375 356.2 338.9 301.4 241.9 256.3 465.5 422.7 372.4 354.3 433.3 324.9 302.1 231.3 193.3 130.2 198.4 124.5 101.2 72.1 59.9 65.9 73.7 74.7 66.6 63.1 59.9 54 46.4 35.5 26.3 19.9 16.1 14.5 15.5 16.9
529.9 514.9 388.1 348.2 258.9 168.1 104.7 97 101.5 105.7 105.9 111.6 112.8 157.2 224.9 258.7 289 292.3 259.6 203 161 142.8 133.6 113.9 99.2 90.1 82.9 76.3 74.4 64.5 66.7 96.1 109 140 166.3 267.6 370.6 435.1 483.6 489.3 395.9 473.2 488 388.8 560.7 675.1 551.2 479.9 200.6 429.4 270 183.2 200.8 165.7 123.2 84 87.2 98.1 88.1 73.9 65.2 63.8 66.2 67.4 67.2 65.2 61.7 54.6 45.3 34.4 24.7 19.1 15.1 12.2 10.6 9.5
982 1191.7 1050.5 893.8 734.8 480.5 130.7 107 115.3 123.2 126 144.9 171.1 208.1 248.1 285.6 319.4 375.1 305.5 251.5 200.4 177.5 161.4 127.4 104.1 100.3 96.1 84.8 76.8 54.1 65.9 71.8 104.2 155.9 226.7 268.9 389.3 536.9 589 564.4 699 871.1 814.2 943.1 898.7 889.6 700.4 783.1 1335.3 612 230.2 98.4 104.4 102.5 96 87.1 84.9 78.7 71.9 67.2 63.3 61.3 62.4 65.4 69.1 69.6 65 58.1 50.6 39.9 29.1 21.3 15.8 11.1 7.4 6.4
483.9 1134 1156.9 1129.7 1123.8 1131.2 1092 468.3 218.3 200.5 216.4 234.1 249.9 262.1 281.4 316.5 340.4 379.3 297.6 291.9 227.9 222.4 210.1 174.2 132.6 118.4 114.2 103.3 79.9 42.4 46.5 72.6 113.6 178.2 243.4 305.1 348.4 437.2 586.7 378.3 452.8 626.6 775.7 791.9 827.9 640.3 337.6 411.5 367.9 193.9 168.3 90.7 77.6 81.6 86.9 86.3 71 67.1 63.6 62.4 58.4 58.6 62.5 67.2 71.2 70.9 67.4 63.8 55.9 45.2 33 23.7 16.5 10.1 6.3 5
540.3 750.8 1033.1 1044.6 1056.2 1067.8 1082 1092.8 743 447.9 332.8 289.7 301.1 263.5 335.1 367.9 349.9 314.2 281.8 310.5 280 269.6 237.6 190 145.7 130.2 129.8 129.8 118.4 84.2 73.4 102.6 150.8 206.6 230.8 245.7 274.2 272.2 271.6 301.6 334.1 359.4 505.6 576.4 615.1 529.4 356.2 284.8 226.3 158.2 138.2 98.1 84.6 98 91.4 93.1 77.7 65 61.5 62 56.7 64.9 64 68.6 73.2 71.3 68.9 67.3 62.1 52.8 39.1 28.2 20.3 13.6 8.9 7.2
440.1 599.1 877.3 951.5 1079 1068.8 1163.7 1122.7 952.6 725.5 514.9 389 396 390.4 470.8 434 373.4 279 260.3 301.8 346.9 298.2 235.3 189.5 146.2 135.5 154.9 139.3 130.6 139.8 143.1 185.4 225 236.8 233.8 230.9 226.3 213.1 166.9 209.8 211.4 275.2 373.2 479.8 571.4 539.6 376.3 277.2 188.2 161.6 146 117 100 96.8 91.6 97.2 94.5 72.3 70.9 74.7 78.3 67.2 52.2 54.5 70.6 68.8 70.8 72.8 70.4 63.9 51 38.5 28 19.9 13.7 9.9
397.4 482.2 442.3 635.8 839.9 1340.3 1204.2 1163 986.3 902.9 757.1 590.5 490.4 389.9 422.7 485.7 456.6 271.6 246.8 268.6 288.7 275.5 256.3 231 197.6 181.8 186 180.6 183.3 211.8 252.5 298.2 326.1 318.3 280.4 251.5 233.6 221.1 233.4 230 260.4 361.9 380.5 436.8 509.5 427.9 215.5 133.3 215.3 190 177.1 160.5 121.5 75.2 109.9 145.9 162.1 139.2 112.1 98.2 76.2 61 44.4 38.8 49.1 65.6 72.9 78.7 75.2 67.5 57.5 45.9 36.3 27.6 20.7 15.1
455.3 430.8 424.8 397.5 424 698.4 818.5 879.6 846 770.4 792.7 667.1 466.5 351.2 899.3 628.7 486.8 286.9 212.9 229.4 240.3 255.5 256.5 231.4 228.7 216.3 213.3 234.2 267.4 285.7 306.3 328.7 373.1 398.3 346.9 291.1 252.3 235.7 237.6 262.9 323.6 308.3 440.6 529.2 545.6 494.4 439 410.3 401.6 314.1 230.4 218.5 200.1 190.1 221.2 250.4 259.4 239.5 175.8 129.2 98.7 70.5 54.3 46.1 50.2 63.3 71.5 75.6 74.1 68.7 59.5 50.2 42 33.6 25.5 20.2
542.5 423.7 390.9 379.9 368.4 361.1 345.9 401.6 513.1 666.2 761.2 690.2 530 528.4 615.7 596.8 477.7 294.6 205.4 204.5 215.8 229.1 243.8 283.1 263.5 250.3 261.1 310.4 357.7 335.4 332.2 364.1 408.2 440.9 391.9 335 290.8 242.7 218.8 334.3 548.4 695.2 810.7 821.9 762 731.7 796.9 638.9 609.2 549.3 368 327 282 204.4 365.4 356.4 325.5 284.8 239.9 188.4 140.9 103.3 75.6 59.5 58.2 64.1 69.8 73.5 74.3 71.6 65.9 61.3 53.7 48.4 39.2 30.3
536 428 383.1 351.6 335.3 294.8 269.5 259.6 279.1 377.4 591.6 638.6 567.2 563.4 589.6 556.9 449.6 291.8 201.3 195.5 183.9 200.3 239.8 256.5 268.3 282.6 315 380.8 458.1 410.4 391.3 394.2 397.7 389.9 364.3 337 311.4 278.6 218.3 260.9 529.8 891.8 865.1 733.5 647.1 704.7 907.5 1364 901.6 991 1025.6 692.7 490 688.5 524.7 366.7 393.9 321 244.3 195.7 164.8 141.8 117.2 93.4 78.7 73.5 73.8 77.3 83.1 87.5 87.7 86.8 84.4 79.4 72.1 62.9
603.9 439.7 409.9 357.2 307.4 218.6 223.5 231.4 231.8 241.5 326 493.5 575 582.5 589.8 528.9 405.9 262 195.9 191.3 192.4 207.3 232.9 255.6 278.3 311.6 345.6 388.1 420.5 419.1 427.1 413.5 398.7 377.4 363.4 335.2 312.7 322.7 288.5 174.4 401.6 605.9 545.5 543.4 516.5 454.7 702.8 812.7 768 1225.6 1621 1435.5 1317.7 1142.6 1393.5 716.6 367.3 296.5 221.9 183.8 152.7 144.3 140.4 132.4 112.7 93.5 86 90.9 102.8 116.5 124.3 125.8 125.3 124.2 120.2 110.9
574.6 450.3 448.6 376.4 306.8 227.3 207.2 207.8 207.7 216.9 267.7 413.1 596.3 548.5 542.5 494.4 361.4 232.2 196.2 189.8 192.5 198.9 210.5 228.7 265 320.5 355.6 377.8 395.5 401.7 410.6 411.7 411.5 394.1 366.9 351.5 335.5 398.3 432.4 412.8 478.2 537.5 509.2 551.1 485.5 404.1 480.1 574.7 546.9 1092.8 1401.1 1384.4 1424.3 1194.3 3049.7 1059.9 571.2 163.3 127.7 138.3 149 161.1 150.7 142.9 136.9 129.9 113.5 119.9 138.6 153.2 161.5 163.5 161.8 163.7 152 140.3
614.2 609.3 503 388 297.2 247.7 206.7 202.1 221.9 311.8 431.5 484.6 413.6 339.1 310.5 304.2 278.6 247.5 219.7 206.2 194.8 193.2 195.8 210 236.6 287.8 334.4 359 373.7 389.7 409.1 421.6 418 407.6 394.8 405.8 443.5 480.6 465.8 440.4 473.7 506.2 521.7 697.3 803.5 588.9 580.3 697.6 636.7 878.2 1302.4 1313.3 1690.4 1280.2 1421.3 1527.3 883.5 282.9 201.9 230.2 265.2 216.7 171.7 191.8 158.5 212.7 230.4 155.6 159.9 165.5 165.7 169.7 170.6 171.2 160.1 144.9
521.2 529.6 458.3 396.4 248.4 243.3 214.5 209.3 270.7 402.5 515.2 440.4 358.7 309.5 270.7 251.1 248.8 253.8 244.1 235 221.6 208.7 203 211.7 223.8 250.9 285.2 310.9 329.9 347.1 373.3 385.2 388.7 388.7 397.6 429.6 469.1 469.1 446.9 434.6 465 502.5 556.4 691.9 647.4 568.1 632.6 591.8 679.2 767.9 886 1222.1 1346 1903.3 1573.8 1726.5 1649.7 1285 1188.5 1125.6 965.3 550.2 604 913.2 1100 1043.9 808.6 554 394.1 282.4 209.9 184.7 175.6 155.7 128.3 126.3
420.2 414.8 409.3 384.9 325.6 272.1 221.5 186.3 313.7 630.3 599.3 420.5 325.3 297.1 278.8 267.7 264.8 263.9 253.5 252.4 243 229.1 222.1 217 209.9 213.5 223.5 239.9 258.9 273.4 288.9 311.9 329 347.9 367.8 398.1 447.7 465.3 445.3 408.1 418.3 454.5 503.9 541.1 557.8 505.8 494.7 460.9 503.3 550.7 642.7 751.3 1033.9 1350.4 1867.4 2217.9 2946.9 1608 1437.3 1922.2 2259.7 2293.6 2006 1898.2 1472.3 873.9 552.5 416.8 368 318.2 285.8 250.5 224.8 137.4 85.7 115.1
