datasets/global_precipitation_1950_2017/rasters/precip_2000-total.asc
NCOLS 720 
NROWS 347 
XLLCORNER -180 
YLLCORNER -90 
CELLSIZE 0.5 
NODATA_value -9999 
[rows 102 to 135 of 347, columns 532 to 607 of 720]
430.2 456.2 450.1 436.5 419.1 396.4 405 415.6 438 469.8 500.7 526.8 554.4 584.9 610.9 623.1 635.5 648.6 651.3 639.7 621 593.9 581.9 606.8 658.4 704.2 730.3 775.9 849.6 828 796 777.2 756.9 752.1 733.4 754.8 728.2 741.5 834.4 920.7 1078.7 1161.3 1302.7 1541.3 1538.3 1165.9 924.1 909.1 1007.5 1090.7 1028.6 1016.9 1086.9 1115.8 1155.9 1377.7 1359.6 1208.5 1147.8 1059.9 1055.6 896.3 882.5 875.9 915.9 971.5 1032.4 1054.1 1115.4 1183 1345.7 -9999 -9999 -9999 -9999 -9999
615.1 618.4 560.4 468.6 412.6 394.5 390.5 382 400.9 453.6 508.6 552.5 576.6 614.4 637 631.9 658.5 702.7 751.6 751.9 678.2 624.7 606.2 629.4 680.5 702.7 723.5 736 774.5 783.2 780.5 773.7 755.8 763.7 794 839.5 840.2 859.2 973.6 1221.8 1262.8 1241.7 1330.6 1495.7 1528.2 1321.8 1144.5 1116.7 1132.7 1127.5 1089.4 1045.8 1048.3 1033.7 850.1 1198.6 1258.6 1140.4 1103.3 1080.2 1006.8 925.5 984 931.5 837.7 1022.9 1042.2 1039.5 1066.7 1172 1353.8 1385 -9999 -9999 -9999 -9999
1099 992.4 741.6 508.5 387.5 369.3 390 373.4 379.3 444.2 508.2 558.6 595.5 664.9 711.3 706.5 721.2 760.9 811.1 812.6 712.8 628.4 585.2 613.5 658.2 691.9 714.2 739.5 766.2 765.8 773.4 761.6 680.6 724.2 900.1 977.6 872.4 879.2 974.7 1157.6 1198.6 1194.2 1158.8 1388.7 1390.4 1350.3 1247.7 1265.2 1282.9 1254.9 1268.7 1202 1072.6 1080 1049.4 1144 1176.1 1007 979 1083.6 1190.5 1168 1125.3 1038.8 1009.9 1100 1118.6 1082.8 1013.3 1129.2 1313 -9999 -9999 -9999 -9999 -9999
1930.1 1527.1 981.5 590.6 428 394.4 426.8 440.9 442.4 470.1 511.8 555.4 613.3 708.3 790.5 778.5 787.2 818 843.7 828.2 758.7 665.5 615.2 609 642.4 677.1 694.9 726 769.3 778.1 804 811.4 735.9 813.7 942.7 869.7 821.5 882.7 977.7 1084.4 1127.9 1157.1 1267.5 1326.5 1307.9 1368.4 1389.6 1390.5 1352 1294.2 1327.7 1292.4 1182.2 1148.1 1162.1 1164.6 1306.8 1154.7 1140.6 1215.1 1203.1 1186.7 1177 1311.2 1356 1252 1224.2 1143.4 1046.9 1079.9 1165.5 -9999 -9999 -9999 -9999 -9999
2388.7 1975.1 1229.9 696.1 570 558.9 558.6 540.5 511.5 496.2 504.2 529.7 576.8 659.7 743.4 789.6 821.1 868.9 928.3 953.1 876.4 766.2 675.2 643.1 653.4 675.5 659.3 715 811.8 820.9 859 918.5 952.1 1150.1 1219.6 1005.4 912.7 869.4 901.4 996.5 1035.7 1076.3 1206.2 1422 1420.6 1465 1624.9 1553.1 1394.6 1285.1 1275.7 1230.4 1274 1236.4 1259.8 1269.6 1238.6 1236.2 1233.8 1305.1 1347.6 1252.3 1267.3 1555.7 1876.1 1541.7 1477.2 1253.3 1207 -9999 1333.7 -9999 -9999 -9999 -9999 -9999
2288.1 1881.5 1269 787.7 758.2 725.1 719.9 652.1 563.4 504.6 505.9 491.9 508.9 564 672.9 785.2 805.8 866.8 972.3 1035.5 1026.7 921.5 772.9 707.9 707 665.7 636.8 706.9 794.8 831.8 883.2 899 926.8 1143.9 1293 1126.3 1069.7 902.7 841 938.9 959 977.5 1034.2 1174 1288.4 1387.4 1451.5 1349.9 1234.6 1268.9 1266.2 1231.9 1256.1 1301.9 1345.3 1506.9 1449 1346.3 1342.4 1542 1544 1469.2 1464.9 1501.9 1470.4 1436.8 1392.7 1323.6 1398.7 1662.5 1519 1447.8 1388.1 -9999 -9999 -9999
1926 1259.1 658.4 762 1021.1 745.8 816.2 589.1 563.4 513.6 485 460 442.8 440.2 560.2 844.1 1130.9 1219.4 1503 1569.5 1546.8 1425.2 1092.5 802.3 750.5 713 698.9 707.8 708.7 801.4 911.6 884 871.1 749.4 1131.8 1207.7 1028.9 929.3 932.4 975 1021.3 1065.2 1147 1180.7 1198.3 1326.4 1321.2 1196.2 1115.7 1254 1347.7 1334 1346.6 1369.5 1342.7 1425.7 1491 1478.3 1536 1645.2 1670.7 1463.9 1576.8 1545.3 1565.7 1596.8 1515.9 1383.8 1203.2 1651.1 1613.7 1523.4 -9999 -9999 -9999 -9999
899.6 538 446.8 1037.5 1533.2 2016.4 1228.5 493 526.7 485.5 456.9 424.2 389.6 364.8 437 1528.8 2855.5 3540.7 3876.5 3320 2917.5 2764.8 2146.2 1192.5 911 793.7 771.8 737.9 717.1 819 909.1 881.8 909.6 933.1 939.3 914.4 883.5 885.5 1068.3 1049.7 1068.9 1147.2 1256.1 1222.9 1283.5 1362.5 1309.4 1205.7 1182.9 1283.5 1423.6 1473.2 1458.8 1443.5 1428.2 1463.5 1513.4 1499.8 1508 1513 1509.1 1465.8 1584.8 1664.4 1690.6 1700.8 1612.5 1532.3 1579.5 1841.6 1555.1 -9999 -9999 -9999 -9999 -9999
1087.8 1038.5 1373.3 1882.1 1895.3 1492.9 1044.1 795.2 573.7 514.7 636.2 487.7 386.7 365 596.3 3644.1 5060.5 5173.5 4519 3390.7 2985.6 3002.5 3077.8 2006 1285.8 884.3 829.4 842.3 849.5 893.6 958.9 1015.5 1073.2 1011 877.6 727.6 889.4 994.8 1080.4 1110.8 1119.5 1118.2 1195.4 1173 1156.4 1247.4 1278.8 1228.1 1220.5 1292 1407 1525.5 1581.7 1483.6 1453.7 1553.4 1587.4 1532.2 1405 1394.3 1533.9 1687.2 1756.9 1780.7 1771.7 1774.1 1667.9 1605.7 1712.2 1804.5 -9999 -9999 -9999 -9999 -9999 -9999
1951 1696.1 2686.7 1969.8 2192.2 1271.2 536.9 1496 2971.7 3065.8 2660 1909.9 1008.3 976.9 2149.8 3756.2 4248.1 4946.4 3406.4 2807.1 2816.8 3130 3633.3 3168.9 2099.1 1286.1 989.4 992.7 1007.9 995.9 1016.4 1074.2 1133.3 1056.5 891.4 782.1 838.2 964.1 1053.1 1106.9 1199.9 1273.5 1297.3 1206.7 1141.5 1262.3 1335.4 1312.3 1292.6 1323.8 1414 1561.6 1797.8 1879.1 1751.8 1667.2 1655.2 1588 1451.8 1459.3 1618.8 1746.5 1849.2 1925.7 1845.1 1814.3 1730.7 1701.9 1758.2 -9999 -9999 -9999 -9999 -9999 -9999 -9999
1374.5 1951.7 1504.9 1611 2718.9 2602.9 2323.7 4511.9 4400.4 3012.4 2664.8 2531 2404.9 2349.1 2402.3 3006.6 3373.1 2680.2 2692.2 2830.1 2786.7 3260.3 3721.8 3688.6 3054.5 1847.8 1195.4 1157.6 1050.4 1022.8 1007.6 983.5 950.2 927 830.7 702.3 828.9 957.1 1080.9 1165.7 1295.8 1349.1 1347 1324.1 1347.5 1355.7 1374.4 1321.5 1317.1 1377.4 1422.2 1506.6 1951 2524.9 1999.4 1733.9 1601.5 1509.9 1504 1523 1561.6 1518.5 1942 1929.6 1716.8 1727.2 1665.5 1693.2 1710.7 -9999 -9999 -9999 -9999 -9999 -9999 -9999
1362.4 1576.5 2013 2206.1 3047.3 3265.6 3833.9 4500.6 3974.7 2758.2 2788.5 2212.8 1964.3 2297.7 2370.8 2237.8 2280.8 2659.4 2771.9 2766.7 2809.4 3359.6 3576.8 3535.9 3198.5 2147.9 1266.3 1266.4 1109.8 1057.7 1011.8 951.6 883.9 889.9 904.7 846.3 831 949.5 1119.3 1306.5 1401.5 1425.5 1431.8 1417.5 1398.5 1372.2 1446.5 1464.1 1427.3 1422.4 1437.9 1487.9 1631.7 1732 1813.6 1665.7 1566.3 1486.4 1490.3 1570.7 1550.4 1609.7 1719.1 1653.2 1489 1626 1612.2 1785.6 -9999 -9999 -9999 -9999 -9999 -9999 -9999 -9999
1263.1 1416.9 1670.2 2167.7 2436.9 2996.3 3033.1 3168.7 2365.8 2418.7 2126.2 1740.1 1688.4 1616.6 1957.6 1733.8 2563.6 2690 2862.7 2884.1 2662.8 2837.1 3019.3 2994.3 2538.8 2001.3 1381.4 1278.1 1255.5 1152.8 986 898.1 905.3 856.4 870.6 865.3 936.1 1081.7 1258.4 1407.7 1438.3 1447.5 1492.5 1505.8 1416.8 1408.1 1540.9 1655.4 1651.6 1540.8 1409.6 1371.5 1528.6 1669.7 1695.8 1642.7 1578.9 1559.6 1567.3 1693.6 1775.2 1749.1 1683.3 1692.9 1706.3 1639.4 1562.6 -9999 -9999 -9999 -9999 -9999 -9999 -9999 -9999 -9999
961 1234.3 1481.5 1583 1719.9 1802.1 1914.6 2259.5 2482.1 2014.2 1909.3 2225.3 2142.7 1371.3 1189.8 1493.7 1906.4 2229.7 2437.2 2291.6 2149.6 2262.1 2311.2 2226.4 2051.4 1637.2 1357.9 1349.7 1439.4 1247.7 961 734.8 810.5 838.4 827.2 902.2 1029.4 1115.5 1239.4 1333.6 1346.6 1321.6 1530 1620.6 1456 1449.9 1717.9 1886.9 1932.5 1789.3 1521.4 1412.9 1503.3 1682.8 1689.7 1639.3 1628 1613.6 1608.8 1786.7 1967 1844.7 1719.8 1803.1 1924.5 1643.3 1482.8 -9999 -9999 -9999 -9999 -9999 -9999 -9999 -9999 -9999
1044.8 1104.7 1182.9 1490.4 1404.2 1505 1490.5 1760.5 2269 2418.6 9056.3 9482.9 3398.4 2818.3 2435.4 2010.3 1770.8 1803.2 2029 1926.6 1953 2118.7 2163.7 1977.5 1607.9 1451.3 1318.2 1311.3 1283.9 1197.8 1047.1 956.6 892.4 888.1 900.3 921.6 1039.9 1151.5 1170.1 1265.4 1259.2 1213.2 1397.9 1576.8 1618.1 1679.6 1871.2 2071.7 2053.4 1915.9 1657.1 1423.6 1388 1442.6 1538.5 1609.4 1673.9 1665 1708.6 1806.4 1878.3 1847.7 1782.6 1707 1598.9 1399.4 1291.3 -9999 -9999 -9999 -9999 -9999 -9999 -9999 -9999 -9999
1001.7 1008.6 1001.8 1319.1 1122.2 1138.3 1256.7 1437.3 1726.6 1896.5 3734.9 3415 3043.2 2918 3041.2 1352.6 1389.4 1879.6 1929 1765.5 1764.9 1901 1946.3 1746.7 1534.3 1472.8 1398.4 1325.8 1303.3 1197.5 1071.7 1007.1 903.9 885.9 903.9 872.7 967.1 1193.7 1307.8 1217 1120.6 1145.1 1349.4 1607 1698.8 1771.3 1700 1897.2 1871.8 1746.8 1528.6 1346.7 1261.6 1362.4 1503.4 1545.7 1696.8 1765.8 1791.6 1804.5 1807.9 1804 1753.7 1723.4 1527.4 1363.4 -9999 -9999 -9999 -9999 2584.1 2297.8 -9999 -9999 -9999 -9999
1095.6 1083.5 1215.2 1195.5 1101.2 1036.3 1107.8 1222.7 1306.9 1491.5 1835.7 1890.1 2231.3 2477.4 2634.5 1199.2 1318.2 1702.1 1755.5 1623.6 1694.9 1779.1 1827.9 1534 1559.9 1594.6 1497.9 1403.9 1392.5 1285.2 1055 903.7 858.1 866 915.3 952.9 1074.5 1175.9 1257 1083.2 949.1 888.8 1121.5 1515.4 1675 1660.5 1695.5 1592.8 1464.9 1570.3 1272.1 1232.6 1374.3 1591 1855.6 1876.6 1818.3 1836 1814.5 1891.2 1859.5 1716.7 1645.5 1735.9 -9999 -9999 -9999 -9999 -9999 2165.6 3452.8 -9999 -9999 -9999 -9999 -9999
1078.7 1058.7 1123.3 1041.6 1008.6 1059.6 1165.5 -9999 -9999 1460.4 1774.2 1562.7 1926.6 1677.1 1754.7 1513.3 1429.6 1501.7 1421.7 1443.7 1585.2 1633.3 1611.4 1481 1519.4 1581.8 1577.9 1422.5 1389.5 1350 1205.6 883.3 822.9 900.2 912.7 1336.6 1281.8 1168.9 1208.7 1134.6 946.7 785.3 1000.6 1359.7 1515.7 1545.8 1357.6 1209.6 1302.5 1219.5 903.7 1074.4 1438.9 1749.9 2051.6 2176.6 1994 1951.1 1885.6 1820 1684.5 1555.8 1412.4 -9999 -9999 -9999 -9999 -9999 1593.5 3045.5 2433 -9999 -9999 -9999 -9999 -9999
1052.4 1012.9 1110 1248.4 1124.9 1144.7 1152.5 1311.2 1294.2 1853 1929.8 1679.8 2427.5 3425.7 1939.9 1451.9 1361.2 1142.3 931.4 1098.5 1558.6 1316.6 1610.8 1582.3 1539.6 1555.1 1551.5 1482.9 1444.1 1464 1509.9 1374.7 1240.7 998.8 969.8 1309.4 1249.5 1692.6 1593.1 1221.3 1196 1114.5 1136.5 1223.7 1231.7 1298.8 1128.7 1098.5 1114.4 1069.5 998.5 1162.7 1409.4 1622.5 1811.2 1873 2014.7 2015.3 1959.6 1775.7 1569.4 1457.8 -9999 -9999 -9999 -9999 -9999 -9999 1672.6 3390.8 2374.5 -9999 -9999 -9999 -9999 -9999
953.2 1075 1346.2 1360.7 1501.9 1350 1375.6 1431.3 1659.3 -9999 -9999 1924.7 2027.6 2851.8 2127.3 1478.7 1130 894.7 768.4 870.2 1583.4 1720.5 1435.3 1521.1 1502 1364.8 1422.2 1601.5 1552.5 1421.1 1532.2 1989.9 1860 1382.6 1483 1901 1898 2115.4 1940.9 1358.2 1352.5 1228.6 1064.2 1012.7 918.6 978.4 995.3 843.1 979.2 1118.6 1224.8 1413.4 1517.8 1634.9 1880 -9999 2329.1 2172.4 -9999 -9999 -9999 -9999 -9999 -9999 -9999 -9999 -9999 -9999 1463.7 4270.5 -9999 -9999 -9999 -9999 -9999 -9999
1215.3 1280 1364.2 1424.7 1567.2 1589.9 1479.9 1758.4 2282.7 2138.9 -9999 -9999 2057.2 2587 2271 1488.1 920.2 780.5 725.5 790 972 1336.4 1378.5 1444 1429.8 1362 1378.7 1503.6 1446.4 1280.6 1563.9 1603.6 1778 1718.2 1975.6 2652.5 1990.4 2089.9 1703 1480.4 1330.9 956.8 952.9 1236 1230.1 1360.9 1069 681.5 992.3 1270.5 1454.3 1650.6 1815.6 2016.1 2040.2 -9999 -9999 -9999 -9999 -9999 -9999 -9999 -9999 -9999 -9999 -9999 -9999 -9999 -9999 3410.3 -9999 -9999 -9999 -9999 -9999 -9999
1292.2 1504.5 1418.8 1560.5 1615.6 1588.8 1515.6 -9999 -9999 -9999 -9999 -9999 2535.3 2758.8 2509.4 1385.1 887.1 665.5 566.3 685.2 807.6 1183.5 1647.2 1518.4 1347.8 1144 1106.5 1180.3 1317 1296.4 1744 2253 1864.1 1892.1 1890.9 1747.5 1651.3 1940.3 1530.1 1708.5 1296.7 716.2 1093.4 2071.5 1975.7 1592.5 1231.1 1314.8 1351.9 1409.3 1574.5 -9999 1904.8 -9999 -9999 -9999 -9999 -9999 -9999 -9999 -9999 -9999 -9999 -9999 -9999 -9999 -9999 -9999 -9999 -9999 -9999 -9999 -9999 -9999 -9999 -9999
1089.3 1591.5 -9999 -9999 -9999 -9999 -9999 -9999 -9999 -9999 -9999 -9999 3288.8 3652.6 3200.2 1984.8 1033.1 564.4 559 626.8 628.4 1900.7 1692.7 1457.1 1247.5 929.9 845.9 881.7 1196.8 1586.5 1998.6 1957.6 1877.1 1901 1737.6 1315.8 1283.2 1383.6 1485.3 1563.7 1309.2 1268.6 2106.1 -9999 -9999 -9999 -9999 -9999 1754.6 -9999 -9999 -9999 -9999 -9999 -9999 -9999 -9999 -9999 -9999 -9999 -9999 -9999 -9999 -9999 -9999 -9999 -9999 -9999 -9999 -9999 -9999 -9999 -9999 -9999 -9999 -9999
901.5 1184.1 -9999 -9999 -9999 -9999 -9999 -9999 -9999 -9999 -9999 -9999 -9999 3902.7 3578.3 2343.3 866.5 515.1 564.3 643.8 697.8 1427.1 1419.1 1254.5 1181.7 940.8 884.3 950.1 1140.5 1406.1 1498.1 1608.4 1686.9 1710.1 1542.7 1294.9 1260.9 1361.5 1827.1 1577.3 1489.4 1150.3 -9999 -9999 -9999 -9999 -9999 -9999 1567.8 -9999 -9999 -9999 -9999 -9999 -9999 -9999 -9999 -9999 -9999 -9999 -9999 -9999 -9999 -9999 -9999 -9999 -9999 -9999 -9999 -9999 -9999 -9999 -9999 -9999 -9999 -9999
1211.3 -9999 -9999 -9999 -9999 -9999 -9999 -9999 -9999 -9999 -9999 -9999 -9999 -9999 -9999 3141.1 935.4 590.2 560.7 665.1 691.6 1030.3 1218 1183.8 1082.9 1082.7 1066.6 1011.6 1008.2 1175.4 1294.8 1454.2 1512.3 1458.9 1432.5 1299.5 1237.1 1271 1587.3 1795.7 1667.3 -9999 -9999 -9999 -9999 -9999 -9999 -9999 -9999 -9999 -9999 -9999 -9999 -9999 -9999 -9999 -9999 -9999 -9999 -9999 -9999 -9999 -9999 -9999 -9999 -9999 -9999 -9999 -9999 -9999 -9999 -9999 -9999 -9999 -9999 -9999
-9999 -9999 -9999 -9999 -9999 -9999 -9999 -9999 -9999 -9999 -9999 -9999 -9999 -9999 -9999 3732 2406.4 633 559.7 677.6 1097.7 1017.4 977.4 1064.3 1012.4 1001.2 1043.5 944.7 961.1 1003 1087.9 1297.9 1364.4 1543.7 1532.7 1355.6 1135.1 1145.7 1456 1213.1 -9999 -9999 -9999 -9999 -9999 -9999 -9999 1558.2 1595.2 1635.9 -9999 -9999 -9999 -9999 -9999 -9999 -9999 -9999 -9999 -9999 -9999 -9999 -9999 -9999 -9999 -9999 -9999 -9999 -9999 -9999 -9999 -9999 -9999 -9999 -9999 -9999
-9999 -9999 -9999 -9999 -9999 -9999 -9999 -9999 -9999 -9999 -9999 -9999 -9999 -9999 -9999 -9999 3242.5 995.2 636.9 634.9 1285.7 1447.7 1218.1 1105 1036.7 946 932.6 671.6 782.5 858.4 1001 981.5 1745 1972.5 1365.9 1246.4 940.1 1189.8 1214.7 1197.6 -9999 -9999 -9999 -9999 -9999 909.8 1448.5 1763.4 1950.5 -9999 -9999 -9999 -9999 -9999 -9999 -9999 -9999 -9999 -9999 -9999 -9999 -9999 -9999 -9999 -9999 -9999 -9999 -9999 -9999 -9999 -9999 -9999 -9999 -9999 -9999 -9999
-9999 -9999 -9999 -9999 -9999 -9999 -9999 -9999 -9999 -9999 -9999 -9999 -9999 -9999 -9999 -9999 3228.1 2150.2 909.4 1097.1 1945.1 2312.1 2001 1322.3 981.9 843.5 888.4 756.8 798.5 1021.2 1017.9 1318.6 2111.7 2242.3 1938 2518.5 1884.3 1523 1349.3 -9999 -9999 -9999 -9999 -9999 -9999 1106.5 1399.2 1641.5 1823.9 -9999 -9999 -9999 -9999 -9999 -9999 -9999 -9999 -9999 -9999 -9999 -9999 -9999 -9999 -9999 -9999 -9999 -9999 -9999 -9999 -9999 -9999 -9999 -9999 -9999 -9999 -9999
-9999 -9999 -9999 -9999 -9999 -9999 -9999 -9999 -9999 -9999 -9999 -9999 -9999 -9999 -9999 -9999 -9999 2530.2 1110.4 1318 2323.4 2891.6 2577.8 1359.3 914.4 798.4 764.7 759.8 712.7 866.3 1071.1 1240.5 1542.6 1634.7 2040.6 2626.9 2488.7 1903.5 1528.5 2044.4 -9999 -9999 -9999 -9999 -9999 -9999 -9999 -9999 -9999 -9999 -9999 -9999 -9999 -9999 -9999 -9999 -9999 -9999 -9999 -9999 -9999 -9999 -9999 -9999 -9999 -9999 -9999 -9999 -9999 2299.2 2330.1 1591.2 1630.2 -9999 -9999 -9999
-9999 -9999 -9999 -9999 -9999 -9999 -9999 -9999 -9999 -9999 -9999 -9999 -9999 -9999 -9999 -9999 -9999 3283.8 1698.9 1803.3 2203.8 3056.2 2944.3 1913.7 1198.2 1013.9 894.9 840.9 821.1 856.4 934.7 994.6 1226.2 1106.2 1449.3 1835.1 1769.8 1656.2 1960.5 2239.1 2246.1 -9999 -9999 -9999 -9999 -9999 -9999 -9999 -9999 -9999 -9999 -9999 -9999 -9999 -9999 -9999 -9999 -9999 -9999 -9999 -9999 -9999 -9999 -9999 -9999 -9999 -9999 -9999 -9999 2751.3 2175 1490.8 -9999 -9999 -9999 -9999
-9999 -9999 -9999 -9999 -9999 -9999 -9999 -9999 -9999 -9999 -9999 -9999 -9999 -9999 -9999 -9999 -9999 2777.5 2080.8 1985.7 2350.1 3312.8 3820.2 1513.7 1603 1221.7 992.9 991.6 967.7 948.2 899.3 915.7 1214.2 1469.3 1254.8 1134 1033.8 1378 2037.2 2031.6 1710.8 1807.4 -9999 -9999 -9999 -9999 -9999 -9999 -9999 -9999 -9999 -9999 -9999 -9999 -9999 -9999 -9999 -9999 -9999 -9999 -9999 -9999 -9999 -9999 -9999 -9999 -9999 -9999 -9999 2832.1 2891.4 2125.2 2197.4 -9999 -9999 -9999
-9999 -9999 -9999 -9999 -9999 -9999 -9999 -9999 -9999 -9999 -9999 -9999 -9999 -9999 -9999 -9999 -9999 2380.5 2006.1 1818 2188.1 2723.9 4402.4 3665 2556.5 933.9 1047.3 1109.9 1049.5 1008.7 927.5 961.5 1135.7 1225.6 1160.7 1072.1 1046.4 1153.9 1345.7 1449.2 1629.6 1822.6 2568.7 -9999 -9999 -9999 -9999 -9999 -9999 -9999 -9999 -9999 -9999 -9999 -9999 -9999 -9999 -9999 -9999 -9999 -9999 -9999 -9999 -9999 -9999 -9999 -9999 -9999 -9999 3090.1 3011.3 2549.1 3340.9 -9999 -9999 -9999
-9999 -9999 -9999 -9999 -9999 -9999 -9999 -9999 -9999 -9999 -9999 -9999 -9999 -9999 -9999 -9999 2596.6 2439.5 2073.3 1949.5 -9999 -9999 -9999 4151.4 3040.1 1451.6 1097.3 1140.4 1157.4 1013 963.6 943.2 1065.5 1212.6 1075.3 1208.6 1014.7 971.8 1129.7 1504.8 1837.3 2402.4 2667.3 2968.9 -9999 -9999 -9999 -9999 -9999 -9999 -9999 -9999 -9999 -9999 -9999 -9999 -9999 -9999 -9999 -9999 -9999 -9999 -9999 -9999 -9999 -9999 -9999 -9999 -9999 3531.2 2854.4 3830.3 -9999 -9999 -9999 -9999
-9999 -9999 -9999 -9999 -9999 -9999 -9999 -9999 -9999 -9999 -9999 -9999 -9999 -9999 -9999 -9999 -9999 -9999 -9999 -9999 -9999 -9999 -9999 4196.5 3028.9 1675.6 1113.5 981.1 1166.6 877.6 732 925.2 1012.8 1107.9 1103 1125.6 1035.5 1056.2 1490.2 1955 1905.7 2775.4 3084.8 2659.8 2392.3 -9999 -9999 -9999 -9999 -9999 -9999 -9999 -9999 -9999 -9999 -9999 -9999 -9999 -9999 -9999 -9999 -9999 -9999 -9999 -9999 -9999 -9999 -9999 2963 2614.2 2790 -9999 -9999 -9999 -9999 -9999
