datasets/global_precipitation_1950_2017/rasters/precip_1961-total.asc
NCOLS 720 
NROWS 347 
XLLCORNER -180 
YLLCORNER -90 
CELLSIZE 0.5 
NODATA_value -9999 
[rows 306 to 339 of 347, columns 456 to 531 of 720]
931.2 929.4 925.1 919.8 908.6 893.9 877.3 859.2 843.1 827.9 813.9 797 777.8 755.5 730.1 704.9 679.5 653.3 627.6 604 583.8 565.5 548.1 528.2 511.5 499 482.5 467.4 455.6 443.4 436.8 431.2 426.4 420.6 415 408.6 401.2 393.2 384.3 374.8 365.6 358 -9999 -9999 -9999 -9999 -9999 -9999 -9999 -9999 -9999 -9999 212.5 -9999 -9999 173.6 159 154 151.3 149.8 149.9 151.6 157.8 160.9 172.7 190.2 205.6 223.6 241.9 262.7 285.4 308.6 331.4 353.2 371.4 393.7
911.3 906.7 901.3 895.1 886.4 873.5 860.4 850.6 840.2 825 817.8 797.2 780.1 759.4 735.6 711 687.9 664.3 640.3 617.6 596.6 576.3 553 531.6 514.7 501.6 488.4 473 456.5 442 433.2 425.2 416 407.2 399.6 392.2 383.8 374.5 365.1 354.9 344.7 334.4 -9999 -9999 -9999 -9999 -9999 -9999 -9999 242.9 232.2 220.9 203.6 187 190.4 170.1 164.9 161.2 159 158 157.8 158.8 161.5 179.1 174.8 190.9 209.5 223.7 237.4 254.5 274.6 295 315.3 334.9 351.1 365.3
899 893.8 888.3 879.6 873.1 868 861 852.6 843.7 828.7 814.4 790.5 779.3 757.5 736.7 716.6 693.7 672 649.9 627.9 605.9 586.8 559.2 548.3 530 503.9 494 474.6 459.8 442.7 428.9 419.6 406.4 399.9 390.1 375.1 368.3 357.1 347.3 336.3 325.1 316.8 -9999 -9999 -9999 -9999 -9999 -9999 246.8 236.6 225.3 221.6 200.6 208.4 200.6 176 172.7 170.9 170.1 169.9 169.2 169.8 172.8 194.8 203.2 193.8 218.6 223.8 237.5 252 269 286.6 304.1 320.6 334 346.1
877.4 872 865 859.9 862.4 862 855.3 850.8 832.4 819.6 810.1 795.7 777.5 758.7 739.8 720.4 699.5 677.8 655.8 634 611 588.2 566.1 545.4 524.9 508.1 488.9 473.4 459.3 441.4 425.3 410.5 396.4 384.2 372.4 360.7 349.1 339.7 328.1 317.1 303.5 -9999 -9999 -9999 -9999 -9999 -9999 238.3 234.4 225.6 212 202.3 196.2 191.2 184.6 178.3 173.3 169.9 180.1 179.5 168.2 171.7 176.4 182.7 188.7 194.4 201.1 212.6 226.7 233.8 255.4 256 270.7 286.5 293.7 309.8
845.6 845.6 847.2 826.1 849 844.2 839.3 831.2 816.8 805.5 796.7 781.8 766.1 749.3 732.5 715.5 696.9 677.3 655.8 634.5 613.8 592.2 570.1 549.2 528.1 508.3 489.1 470.5 453.2 434.9 416.1 400.3 385.4 371.7 359 346.8 335.3 322.8 310 300.5 287.8 -9999 -9999 -9999 -9999 239.3 230 215.9 224.6 218.6 208.4 203 198.5 194.7 190.2 184.8 180.4 177.3 179 174.9 175.9 196.3 198.9 202.6 208 213.8 206.8 221.2 235.4 245.2 253.6 263.5 275.6 288.2 299.9 312.9
808.3 807.8 808.1 802.7 808.7 803.3 797.4 790 790.2 781 763.9 752.8 740.9 727.6 712.8 697.1 680.1 661.9 646.2 625.7 603.7 583.7 563.5 543.4 523 503.4 483.7 464.7 443.8 425 409 392.3 376.7 361.7 347.9 335.2 323.3 311.8 297.5 287 279.9 266 250.7 237.7 228.5 222.3 216.8 212.1 203.5 202.5 184.3 214.7 210.2 206.3 203 200.7 199.2 198.5 198.9 199.2 200.4 201.6 202.6 167.4 175.6 184.1 196.1 208.8 223.3 237.4 252.6 260.8 269.4 279 289.1 300.7
728.3 736.7 729.7 728.7 727.4 723.8 726.5 729.2 730.2 724.1 710.4 695.4 680 669.5 658.1 645.5 636.2 625.4 612.7 594.8 573.2 552.7 532.7 514.5 496.7 479.3 460.9 441.6 421.9 403 387.1 372.5 359.5 344.5 331 318.6 303.5 289.7 275.6 265.2 257.1 243.8 228.8 215.9 203 192.8 188.4 184.9 179.2 201.1 187.4 182.6 175 168.3 161 185.8 187.8 190.8 195.6 144.3 146.9 150.3 155 160.4 167.8 175.4 182.8 193.3 204.7 218.3 230.6 243.1 254.9 261.6 269 274.8
630.7 628.6 626.2 623 622.7 625.3 627.6 629.4 629.8 625.7 616.3 606.1 594.9 583.6 574.7 568.7 561.3 552.2 541.7 527 509.7 492.4 475.5 459.2 444 429.9 413.2 396.2 378.4 361.5 346.8 334.1 321.9 311.9 298.7 285 271.4 257.7 244.9 234.5 223.2 212.5 200.7 189.8 178.9 170 184.4 182.5 182.2 181.8 155.2 154.2 153.3 152.6 151.8 146.9 142.9 139.8 137 136.7 139 141.9 146.6 150.8 156.1 162.1 168.9 175.5 183 191.5 200.8 210.5 219.9 229 231.5 232
499.1 501.4 503.2 503.7 504.1 503.9 503.5 502.5 501.1 498.6 494 489.2 483.8 476.9 470.3 463.5 455.5 446.7 436.6 426 414.7 403.2 392.4 381.2 369.6 356.6 342.6 327.5 312.3 298.4 287.9 276.6 262.8 249.7 237.5 226.4 227.8 209.4 203.6 196 186.2 176.9 159.9 155.9 149.8 146.3 140.5 157.5 157 157 155.8 150.4 145.5 142.1 127.2 127 127.1 128 127.5 127.3 129.1 131.2 133.6 136.5 140.3 144.6 148.7 153.7 159.2 164.5 170.2 176.9 182.5 188.5 190.3 189.7
374.5 379.3 382.7 385.7 386 383.3 380.2 376.4 372.7 370.6 370.5 368.8 367.2 364.8 359.6 352 343.3 334.1 324.3 316.2 311.1 305.8 299.8 291.3 279.9 268.8 256.4 244.2 233.9 225.1 213.2 202.3 191.8 181.9 173.3 164.7 157.6 150.5 143.5 139.1 136.3 134.3 132.7 130.6 127.5 121.7 119.7 133.2 133.1 133.3 134.1 130.9 127.3 123.5 120.7 112.6 113.2 113.7 114.2 114.4 114.3 117.5 114.9 116 117.5 119 121 123.3 125.9 128.8 132.4 136.4 139.7 143.6 147.6 151.5
273.4 268.7 273.6 278.3 282.4 281.1 276.5 271.8 266.3 264.5 265.7 266.4 266.8 266.6 262.9 255 246.7 237.9 229 224 218.7 209.2 200.4 190.8 181.5 176.4 174.9 172.7 170.7 164.9 135.8 134.8 133.5 132.4 129.3 124.9 120.7 116.8 113.1 111.5 110.6 109.7 109 108.5 106.4 102.6 100.5 109.9 110.6 110.5 111.6 111.9 109.5 108.1 100.6 101.2 101.8 102.8 103.4 103.6 103.5 103.4 103.5 103.8 104.4 105.5 107 108.4 110.1 112 113.9 116 118.4 120.5 123.1 125.7
189 186 188.1 191.7 195.1 198.6 198.7 193.8 189.3 187.5 188.7 190.4 185.8 179.8 173.2 166.5 176.6 157.8 158.5 155 147.6 140.6 124.8 125.3 122.8 117.1 112.2 107.5 103.7 102.2 102.6 102.7 103.1 103.3 101.8 98.9 96.5 94.7 93.1 92.3 92 92 91.7 91.4 90.4 89 88 92.1 95 95.5 96.5 97.5 97.3 96.6 90.9 91.8 92.6 93.5 94.2 94.9 94.8 94.8 95.1 95.2 96.2 97.3 98.4 100 101.6 103.1 104.8 106.5 108.2 110 111.8 113.5
137.2 134 130.8 128.9 131.6 134.7 137.2 136 134.9 130.7 125.7 121 116.5 110.2 108.8 105.5 101.6 98.2 94.5 93.1 93.8 94.5 95.2 96 94.8 90.2 87.3 85 82.5 81.8 82.5 83.1 83.6 84.2 83.6 82.1 81.1 79.9 79.1 79.1 79.8 80.2 80.8 81.2 81.3 80.6 80.3 80 84.1 85.1 86 86.8 87.6 83.1 83.7 84.1 85 86 86.8 87.3 87.4 88 88.2 88.8 89.7 90.8 91.9 93.1 94.4 95.4 96.9 98.2 99.3 100.9 102.3 104
87.8 89 90.1 91.3 92.6 92.7 93.9 95.7 97.4 96.6 82.8 83.7 84.3 85.3 84.4 82 79.3 77 75.2 74.7 75.2 76 76.7 77.5 76.9 73.7 72.7 71.5 70.2 70.3 71 71.5 72.2 72.9 73 71.9 71.5 71.1 70.9 71.1 71.6 72.5 72.9 73.6 73.8 73.5 73.4 73.3 77.3 76.7 75.9 76.3 76.2 76.6 77.1 77.9 78.6 79.6 80.5 81.1 81.3 82 82.5 82.9 83.9 84.8 85.8 86.7 87.7 88.9 90.2 91.2 92.4 93.5 94.7 96
66.5 65.6 64.8 69.5 65.5 67.2 68.3 67.4 66.2 65.9 66.8 67.4 68.2 69.1 68.7 67.4 66.5 65.2 64.5 64.3 64.9 65.3 66.3 67 66.8 64.4 63.7 62.8 62.4 62.6 63.2 63.9 64.7 65.3 65.2 65.2 64.8 64.5 64.6 64.8 65.6 66.1 66.9 67.3 67.5 67.6 67.6 67.7 68.4 69.9 70 70.5 71 71.2 71.8 72.4 73.3 74.3 75 75.5 76 76.6 77 77.6 78.4 79.4 80.1 81 82 83.1 84 84.9 85.9 86.9 87.6 88.6
52.4 52.2 50 50.6 51.5 51.8 52.8 53.8 54.5 54.7 55.1 54.7 54.3 53.9 54.1 54.7 55.2 56 56.4 56.6 55.9 55.9 55.6 55.4 55.4 54.6 55.3 56 56.3 56.5 56.8 56.6 56.2 56.4 56.9 57.2 58 58.5 59.3 59.6 59.9 60.2 60.4 60.9 61.1 61.5 62.8 63.2 63.4 64.2 64.8 65.4 65.8 66 66.7 66.9 67.7 68.1 69.6 70.1 70.2 70.8 71.5 72.3 73.1 73.5 74.1 74.9 76.2 77.1 77.2 78.2 79.1 80 80.9 81.7
42.9 43.5 43.6 43.8 44.2 44.6 45.2 45.4 46.8 47.7 46.5 47 47.7 48.2 48.5 48.6 48.5 48.8 51 51.1 49.5 49.8 50.5 50.8 51.3 49.8 49.9 49.9 51.8 52.3 51 51.4 52 52.3 52.6 53 53.1 53.5 53.8 55.1 55.5 55.7 55.2 55.9 56.4 57.3 57.5 58 58.7 59.4 59.7 60.4 60.6 61.3 61.6 62.4 62.7 63.3 63.8 64.3 65.1 65.8 66 66.8 67.5 68 68.8 69.6 70.3 70.8 71.8 72.5 73 73.8 74.3 75
39 39.4 39.7 39.9 40.2 40.6 41 41.5 41.9 42.5 42.9 43.3 43.7 44.1 44.4 44.6 44.8 45.1 46.3 46.5 46.1 46.3 46.7 47.2 47.3 46.1 46.5 46.6 47.8 48.2 47.5 47.9 48.5 48.8 49.3 49.3 49.6 49.9 50.2 50.7 50.9 51.3 51.6 52.3 52.5 53.1 53.4 53.9 54.8 54.6 55.5 55.9 56.2 56.7 57.3 57.4 58.2 58.4 59.1 59.5 60.1 60.6 61.1 62 62.5 62.8 63.7 64.1 64.7 65.3 65.9 66.5 67.4 68 68.5 69
35.9 36.2 36.5 36.8 37.1 37.4 37.8 38 38.6 39.1 39.6 40 40.2 40.6 41.1 41.4 41.6 41.9 42.8 43 42.7 43.2 43.5 43.9 44.1 42.8 43.2 43.5 44.4 44.7 44.6 44.9 45.2 45.4 45.9 45.9 46.5 46.5 46.8 47.1 47.5 47.8 48 48.5 48.7 49.1 49.4 49.6 50.3 50.7 51.1 51.4 51.8 52.3 52.6 53.4 53.4 53.9 54.6 54.9 55.3 55.7 56.3 56.9 57.4 58 58.4 58.9 59.5 60 60.6 60.9 61.5 62.2 62.5 63.2
33.1 33.6 33.9 34.2 34.4 34.8 35.1 35.4 35.7 36.1 36.6 36.8 37.2 37.5 38.2 38.5 38.8 39 39.4 39.7 40.1 40.4 40.5 40.9 41.2 39.9 40.2 40.4 41.2 41.5 41.5 41.7 41.9 42.4 42.7 42.9 43.1 43.4 43.6 43.9 44 44.3 44.6 44.8 45.3 45.4 45.8 45.9 46.5 46.6 47.1 47.4 47.7 48.2 48.5 48.8 49.1 49.5 50.1 50.4 50.7 51.3 51.8 52.2 52.7 52.9 53.6 54.3 54.4 54.9 55.3 55.9 56.4 56.8 57.4 57.5
30.5 31.1 31.4 31.7 32.1 32.3 32.7 32.9 33.3 33.6 34 34.3 34.6 34.9 35.2 35.6 35.9 36 36.4 36.6 37.1 37.5 37.8 38.1 38.5 37.2 37.3 37.5 38.1 38.3 38.4 38.8 39 39.2 39.6 40 39.9 40.2 40.5 40.8 41 41.3 41.4 41.7 41.9 42.2 42.3 42.7 42.8 43 43.1 43.4 43.7 44 44.4 44.6 45.2 45.7 45.8 46.2 46.5 47 47.6 47.8 48.2 48.6 49.2 49.7 50 50.2 50.8 51.3 51.6 51.8 52.2 52.5
28.2 28.7 29 29.4 29.7 30 30.3 30.6 31 31.3 31.6 31.8 32.1 32.4 32.7 32.9 33.1 33.4 33.8 34.1 34.3 34.5 34.9 35.2 35.3 34.2 34.4 34.7 35.2 35.6 35.4 35.7 36 36.4 36.5 36.8 37 37.3 37.7 37.9 38.2 38.2 38.3 38.5 38.7 38.8 39 39.2 39.5 39.8 40 40.1 40.4 40.6 41 41.1 41.3 41.6 41.8 42 42.7 43.3 43.4 43.6 44.2 44.8 45 45.3 45.7 46.2 46.6 46.8 47.1 47.3 47.6 47.9
26.2 26.5 26.8 27.1 27.3 27.8 28 28.4 28.5 28.8 29.2 29.4 29.6 30 30.3 30.5 30.7 31 31.3 31.5 31.7 32 32.4 32.5 32.7 31.6 31.8 32 32.3 32.5 32.7 33 33.3 33.6 33.8 34 34.3 34.4 34.7 34.8 35.2 35.3 35.2 35.5 35.8 35.9 36.1 36.3 36.6 36.9 37 37.2 37.3 37.5 37.8 38 38.1 38.5 38.6 38.8 39 39.4 39.7 40 40.2 40.6 41.3 41.4 41.8 41.9 42.3 42.8 42.8 43.2 43.4 43.5
24.2 24.4 24.9 25.1 25.2 25.5 25.8 26 26.3 26.5 26.8 27 27.4 27.6 27.7 28.1 28.3 28.4 28.8 29.1 29.2 29.5 29.7 29.8 30.2 29.1 29.3 29.5 29.7 30 30.1 30.3 30.5 30.7 31.2 31.3 31.5 31.7 32 32.2 32.3 32.4 32.7 32.8 33 32.9 33.1 33.3 33.5 33.8 34 34.1 34.3 34.5 34.7 34.8 35 35.1 35.4 35.9 36.2 36.4 36.6 36.7 36.9 37 37.8 37.7 38 38.2 38.3 38.6 38.8 39 39.1 39.6
22.4 22.6 22.6 22.8 23.1 23.3 23.5 23.9 24 24.3 24.6 24.7 25 25.2 25.5 25.7 25.8 26.1 26.3 26.5 26.7 27.1 27.2 27.4 27.7 26.6 26.8 27 27.3 27.4 27.7 27.8 28.1 28.2 28.3 28.4 29.4 29.8 30 30 30.2 30.5 30.7 30.8 31.1 31.3 31.6 30.8 31 31.2 31.2 32.8 32.9 33.1 32 32.2 32.3 32.5 32.8 32.9 33 33.3 33.4 33.8 33.9 34.1 34.2 34.8 34.8 34.9 35.3 35.4 35.7 35.6 36 36.3
20.5 20.8 21.1 21.2 21.2 21.4 21.7 21.9 22.2 22.3 22.3 22.6 22.6 23 23.2 23.4 23.6 23.8 24 24.2 24.5 24.7 24.9 25.1 25.3 24.3 24.4 24.5 24.7 24.9 25.1 25.9 26.2 26.4 26.5 26.6 26.9 27 27.3 27.4 27.7 27.7 28 28.2 28.4 29.1 29.3 29.4 29.8 29.9 30.1 30.3 30.6 30.5 30.7 30.9 31.3 31.4 31.6 32 31.8 32.4 31 31.2 31.3 31.6 31.6 31.8 32 31.8 32.1 32.2 32.3 32.6 32.8 33
18.7 18.8 19.1 19.2 19.3 19.6 19.8 19.9 20 20.3 20.4 20.5 20.8 21 21.1 21.5 21.6 21.7 21.9 22.2 22.3 22.5 22.5 22.9 23 22.6 22.8 22.9 23.1 23.2 23.5 23.6 23.8 23.8 24.1 24.3 24.5 24.5 24.8 25.4 25.6 25.7 25.9 26 26.4 26.4 26.6 26.5 26.7 27 27.3 27.4 27.6 27.9 28.2 28.3 28.7 28.8 28.9 29.1 29.3 29.3 29.6 29.7 30 30.6 30.6 28.9 28.9 28.8 29.2 29.4 29.4 29.8 30 30
16.9 17 17.3 17.5 17.5 17.7 17.8 18 18 18.3 18.5 18.7 18.7 18.9 19.1 19.2 19.4 19.8 19.9 20 20.2 20.2 20.3 20.6 20.6 20.4 20.6 20.7 21 21 21.2 21.4 21.8 22.1 22.4 22.4 22.8 22.9 23.1 23.2 23.2 23.3 23.4 23.5 23.6 23.8 24 24 24.4 24.5 24.9 24.9 25.2 25.4 25.5 25.6 25.6 25.6 25.7 26.3 26.3 26.5 26.5 26.8 27.2 27.3 27.5 27.7 27.9 28 28.4 28.7 28.7 28.5 28.8 27.3
15.3 15.5 15.6 15.7 15.8 15.8 15.9 16.3 16.3 16.5 16.5 16.7 16.9 17.1 17.3 17.4 17.6 17.8 17.8 18 18 18.2 18.8 18.7 19 18.5 18.6 19 19 19.3 19.3 19.5 19.6 19.6 19.9 20 20.1 20.2 20.2 20.4 20.6 20.6 20.7 20.9 21.2 21.2 21.4 21.7 22 22.4 22.4 22.6 22.6 22.7 22.7 22.8 23 23.1 23.3 23.6 23.6 23.7 24 24 24 24.3 24.3 24.5 24.8 25 25.1 25.1 25.3 25.6 25.7 25.8
13.8 13.9 14 14.2 14.2 14.3 14.4 14.6 14.6 14.7 14.9 15.1 15.4 15.6 15.6 15.7 15.7 15.9 15.9 16.2 16.3 16.4 16.4 16.5 16.5 16.3 16.4 16.5 16.6 16.7 16.8 17.1 17.2 17.3 17.4 17.6 17.7 17.8 18 18 18.1 18.2 18.2 18.3 18.5 18.6 18.6 18.7 19 19.3 19.5 19.6 19.6 19.8 20.1 20.1 20.4 20.5 20.6 20.6 20.8 20.8 21 21.2 21.2 21.3 21.4 21.4 21.5 21.5 21.5 21.8 22.2 22.3 22.6 22.8
12.4 12.4 12.4 12.6 12.9 12.9 12.9 13 13.1 13.1 13.3 13.4 13.5 13.4 13.6 13.7 13.8 13.9 14 14 14.1 14.2 14.3 14.3 14.5 14.3 14.3 14.4 14.5 14.7 14.7 14.8 14.8 15 15 15 15.2 15.5 15.5 15.6 15.6 15.6 15.8 15.8 15.8 15.9 16 16.1 16.2 16.3 16.3 16.6 16.6 16.6 16.8 17 17.2 17.3 17.3 17.7 17.8 17.9 17.9 18.1 18.2 18.2 18.3 18.3 18.4 18.5 18.5 18.6 18.7 18.7 19 19.2
11.1 11.1 11.2 11.2 11.4 11.4 11.6 11.7 11.8 11.7 11.7 11.8 11.9 11.9 12 12.1 12.1 12.1 12.2 12.3 12.4 12.5 12.6 12.6 12.8 12.5 12.6 12.6 12.6 12.8 12.8 12.9 13 13 12.9 13 13.1 13.2 13.2 13.3 13.3 13.4 13.6 13.6 13.6 13.6 13.8 13.8 14 14 14.1 14.1 14.2 14.2 14.3 14.3 14.3 14.3 14.4 14.6 14.6 14.7 15.1 14.7 15 15.1 15.2 15.3 15.4 15.4 15.4 15.8 15.8 15.9 15.9 15.9
9.7 9.8 9.7 9.8 10 10 10.1 10 10 10.1 10.1 10.2 10.2 10.1 10.2 10.3 10.3 10.3 10.4 10.4 10.4 10.6 10.7 10.8 10.8 10.7 10.7 10.8 10.8 10.8 10.8 11.1 11.1 11.1 11.2 11.3 11.3 11.4 11.4 11.3 11.3 11.3 11.3 11.3 11.6 11.6 11.7 11.7 11.7 11.9 11.9 12 12 12 12 12.1 12.1 12.1 12.2 12.2 12.2 12.5 12.4 12.5 12.5 12.5 12.6 12.7 12.7 12.8 12.9 12.9 12.9 12.9 13 13.1
8.2 8.2 8.3 8.2 8.2 8.3 8.3 8.3 8.3 8.3 8.3 8.5 8.5 8.5 8.5 8.6 8.7 8.7 8.7 8.7 8.7 8.9 8.9 8.9 8.9 8.9 8.9 9 9 9 9.1 9.2 9.3 9.3 9.3 9.3 9.3 9.3 9.5 9.5 9.5 9.5 9.5 9.6 9.6 9.6 9.7 9.7 9.7 9.7 9.9 9.9 9.9 10 10 10.1 10.1 10.2 10.2 10.2 10.2 10.2 10.1 10.1 10.1 10.2 10.2 10.3 10.3 10.3 10.3 10.3 10.4 10.5 10.5 10.8
