datasets/global_precipitation_1950_2017/rasters/precip_1962-total.asc
NCOLS 720 
NROWS 347 
XLLCORNER -180 
YLLCORNER -90 
CELLSIZE 0.5 
NODATA_value -9999 
[rows 34 to 67 of 347, columns 608 to 683 of 720]
343.3 394 443.8 486.9 513.2 528.8 524.1 518.2 502.8 472 442.3 406.1 369.9 333.8 306.7 276.7 253.2 231.2 214.2 198.8 186.9 178.4 172 168 165.5 171.6 186.2 201.5 234.9 267.2 298.4 326.3 342.8 346.2 339.1 315.9 312.9 299.6 294.4 293.5 299.4 305.7 310.6 316 321.5 324.3 329.9 333 335.2 337.3 338.5 339.3 342.1 344.1 348.6 357.9 367.7 378.5 385.1 393.1 397.5 402.7 403.3 401.7 398.5 392.1 386.1 383.3 381.8 383.3 386.1 381.3 372.7 361 350.1 342.2
335.4 355.9 370.9 380.3 385 386 387.4 385.9 387.1 383.7 377.4 373 362.4 343.3 325.4 301.9 277 245.7 224.3 203.2 184.1 169.9 160.2 155.3 159.2 173.6 194.3 227.9 265.1 304.2 335 367.5 388.5 389.5 390.5 389.3 391.8 396.5 396.1 389.6 376.4 362 350.9 345.1 345 347.5 353.5 357.4 362.4 365.9 367.9 368.5 367.4 369.7 374.7 384 403.1 423.3 439.4 455.1 464.2 471.4 472.6 470.6 461.1 445.2 425.6 403.5 384.9 369.5 358.5 347.9 339.7 335.2 332.9 335.6
305.6 315.4 320.2 323.6 323.9 322.7 322 323.3 324.8 329.7 337.8 350.1 363.8 371.6 356.1 324.9 289.8 255.9 227.5 202 181.3 167.4 155.6 151 159.4 182.7 221.5 265.9 319.1 361.6 399.5 426.3 442.7 443.7 432.1 428.9 440.7 472.3 493.5 444 396.1 371.1 356.3 349.1 348 353.2 358 362.9 370 374 381.7 391.5 398.9 410.7 422.2 440.7 456.5 467.3 473.9 480.9 493.1 511.1 530.5 535.2 523.2 497 463.3 426.8 395.3 362.3 337.5 320.2 308.8 306.5 313.6 325
276.1 281.5 285.4 290.1 293 295 294.3 294.4 297.2 302.1 313.6 328.9 344.4 347.3 333.2 303.5 270.9 244.4 222.2 209.9 201.8 200.6 199.5 206.8 221.6 253 296.9 351.8 402.7 449.9 493 535.2 568.6 562.6 502.8 426.4 358.1 303.3 259.8 272.3 301.4 319.8 329.6 335.2 338.3 341.2 343.9 349.2 355.6 369 385.9 408.6 438.3 469.4 490.6 503.4 498.1 478.9 456 445 472.6 546.1 600.2 618 600.3 558.1 507.4 450.3 407.9 377.8 352.1 333.4 320.5 314.5 315.9 324.6
267.6 271.1 270.3 270.6 276.8 275.6 260 255.9 266.7 279.7 287.2 291.7 293.2 275.8 241.4 204 196.9 206.2 215 224.4 233.6 244.4 248.4 249.3 274.8 331.8 401.2 461.6 501.9 526.4 546.2 565.6 587.6 578.4 513.1 424.7 352.1 305.1 274.1 270.9 295.1 322.5 341.7 349 347.2 344.7 335.8 329.7 332.7 357.4 387.6 434.3 483.9 528.1 560.9 581.7 594.6 591.7 593.9 741.5 979.9 969.6 885.3 799.3 703.4 633.2 544.5 464.8 411.1 381.7 366.1 348.7 326.6 304.6 298.7 317.2
262.3 270.1 269 265.5 261.7 254.5 242.6 244.4 262.3 276.9 283.2 281.1 282.2 268.8 244 224.5 226.5 232 239 255.7 270.3 285.6 286.6 292.2 349 450.8 540.3 591.5 589.1 556 509 487.8 492.9 492 467.3 414.2 354.9 327.2 321.2 319.6 331.4 348.3 369.7 381.1 377.2 371.5 370 371.2 386.1 409.5 451.2 497.4 533.7 574.6 609.1 646.1 691.2 773.7 929.4 1160.1 1286 1176.1 1007.2 875.6 750.6 662.8 566.9 481.3 423.9 395.4 383.9 371.3 353.8 340.7 336.4 341
245.9 252 257.3 260.1 261.3 261.2 256.9 255.5 261 267.1 273.6 274.3 271.3 275.6 289.3 309.1 308.9 287.5 269.8 272.5 277 312.7 384.8 483.8 598.3 736.4 881 938.3 582.6 520.5 368.8 259 449.8 584.9 606.7 529.6 431.2 354.7 306.1 320 339.4 351.4 366.5 369.3 378.4 387.1 398.3 412.2 429.8 469.4 527.5 576.5 606.6 606.2 587.1 564.1 560.4 597.2 672.1 746.1 789.4 786.8 753.9 721 673.4 616.4 564.8 534 501.9 468.4 450.4 429.6 409.8 396.6 383.6 385.4
230.7 237.8 240.1 244 245.8 245.6 241.6 239.6 235.9 237.6 237.8 238.2 242.5 251 261.4 269.8 274.9 272.3 269.3 258.8 242.9 278.5 389.6 539.1 694.6 850.8 967.9 1023.1 912.6 762 709.2 791.2 994 1128 1030.3 841.7 672.3 553.6 475.4 426.9 397 382.1 369.4 366.3 372.7 382.8 385.9 389.2 400.4 469.4 581.7 707.3 725.8 640.4 556.4 491.5 448.2 448.9 486.4 522.8 548.1 537.3 480.3 434.3 481.3 562.9 608.7 626.2 603 573.6 541.3 496.2 452.6 416.9 405.4 403.7
217.1 221.1 229.4 237.5 242.9 244.9 244 241.2 237.7 232 221.9 207.8 217.5 228.5 243.5 257.6 272.3 278.7 284.4 302.4 330.3 381.6 456.6 542 628.5 710.1 779.2 816.2 828.9 836.3 870 953.5 1063.5 1116.9 1050.8 926.7 795.6 704.1 618.6 533 467 421.3 388.6 366.8 360.3 356 350.4 354.5 380.1 430.8 499.4 559.7 574.4 537.7 484.1 446.1 439.9 435.8 438.9 466.8 516 552.6 551.9 573.2 661.6 767.9 808.5 775.4 728.3 688 635.5 528.3 397.7 325.3 346.9 390.2
208.8 218.2 226.5 238.2 250.4 258.6 262.6 269.4 281.5 290.7 277.6 240.7 228.5 229.8 237.6 247.4 260.3 270.5 288.3 312.9 354.6 407.9 464.4 504.3 542.8 595.2 644.7 688.1 738.1 776.6 813.9 849.1 880.2 902.3 874.1 846 783.3 739 685.5 611.6 544.8 479.5 422.1 386.8 360.9 336.2 343.8 333.2 352.9 380.7 410 432.7 443.1 436.6 400.6 332.9 288.3 332.3 408 501.8 622.9 766.9 923.9 1119.4 1342.3 1446.8 1269.5 -9999 -9999 -9999 -9999 586.7 -9999 375.8 408.1 472.7
218.7 220.5 228.4 242.8 259.5 274.8 286.8 294.8 310.9 329.5 328.1 292.4 255.9 234.2 220.3 211.7 216.3 235.9 260.6 283.4 310.6 342.5 380.1 406.3 442 480.4 514.6 546.3 580.5 619.9 652.3 679.1 711.2 724.5 733.2 719.3 726.1 708.9 681.9 645.6 595.8 539.7 486.1 438 385.3 360.9 352 354.4 354.9 357.6 363.8 368.6 385.5 404.4 448.8 470.8 452.5 446 467.5 565.2 707.3 851 972.9 1097.9 1274.3 -9999 -9999 -9999 -9999 -9999 -9999 -9999 701.4 672.8 657.6 -9999
247.8 239.2 239 256.8 283.4 310 323.8 323.2 311.2 286.3 258.2 236.6 225.3 220 209.7 194.1 200.7 228.7 252.1 264.3 267.9 278.6 307.6 341.8 370.4 391.8 409.2 426.2 446.2 463.1 487.6 515.1 540 559.3 572.5 590.1 626.1 664.4 652.7 617.5 591.8 570.5 555.3 516.1 472.9 432.2 412.7 409.4 404.6 396.8 381 369 367 382 417.8 336.7 429.6 432.7 471 572.2 672.8 756.4 771.9 753.6 -9999 -9999 -9999 -9999 -9999 -9999 -9999 -9999 -9999 883.8 -9999 -9999
320.6 316.5 319.2 336.3 366.4 398.4 408.7 391 355.9 310.2 262.4 229 218.3 222.9 228.7 237.2 254.9 277 290.1 288.9 284.1 288.5 316.5 346.4 359.7 358.3 354.6 359 366 381.9 409.1 440.2 456.3 456.8 447.6 419.8 410.4 450.4 494.8 520 546.2 566.9 559.2 544.5 521.8 511.4 514.2 512.5 503.4 495.1 463.8 429 387.6 373.3 377.8 377.2 382.8 415.3 467.6 536.1 605.3 665.9 -9999 -9999 -9999 -9999 -9999 -9999 -9999 -9999 -9999 -9999 -9999 -9999 -9999 -9999
404.4 410.7 418 431.1 461.4 506.7 521.9 481 430.4 383.6 340.2 301.3 276.6 266.5 266.6 280.3 304.3 338.6 362.1 380.9 405.5 433.2 450.8 441.4 408 368 332.4 310.9 332.8 369.7 413.4 447.7 459.2 446.8 433.5 401 384.9 394.4 407.2 431.5 481 517.7 518.1 503.9 501.4 505.4 527.1 542.5 569.8 575.6 523.1 505.2 533.6 423.4 345.8 357.5 385 423.1 480.2 536.8 -9999 -9999 -9999 -9999 -9999 -9999 -9999 -9999 -9999 -9999 -9999 -9999 -9999 -9999 499.6 578
459.6 467.6 464.7 434.2 410.7 448.6 490.7 501.5 486 455.6 407.4 353.6 317.3 293.5 292.9 307.8 338.4 369.3 406.2 460.2 523.8 589.8 613.9 557.6 483.5 424.7 390.5 385.7 413.3 459.1 502.6 532.3 542.8 535.1 514.6 484.7 447.5 -9999 -9999 -9999 -9999 -9999 -9999 -9999 498.1 -9999 -9999 -9999 -9999 521.4 -9999 -9999 -9999 -9999 -9999 -9999 -9999 421.5 465.9 514.5 547.9 568.8 -9999 -9999 -9999 -9999 -9999 -9999 -9999 -9999 -9999 -9999 592.2 457.4 484.4 557.4
488 509.8 530.4 491.4 413.5 441.2 507.6 550.5 555.1 527.9 468.2 389.3 323.3 292.7 307.6 332 363.5 391.9 421.5 457.4 499.5 531.4 533.5 505.2 469 449.7 453.3 483.5 533.7 596.9 655.9 686.5 697.8 678.2 644.3 606.8 -9999 -9999 -9999 -9999 -9999 -9999 -9999 -9999 -9999 -9999 -9999 -9999 -9999 -9999 -9999 -9999 -9999 -9999 -9999 -9999 -9999 -9999 -9999 -9999 -9999 -9999 -9999 -9999 -9999 -9999 -9999 -9999 -9999 -9999 -9999 737.3 733.1 684.9 666.3 676
482.9 498.4 513.2 512.8 521.1 586.6 695 776.6 762.3 679.2 579.9 484.4 418.1 385.6 381.8 390.4 406.2 414.7 419.9 424.1 427.3 422.3 405.1 385.8 375.6 399 458.7 537.6 631.4 736.5 843.8 922.3 948.1 -9999 -9999 -9999 -9999 -9999 -9999 -9999 -9999 -9999 -9999 -9999 -9999 -9999 -9999 -9999 -9999 -9999 -9999 -9999 -9999 -9999 -9999 -9999 -9999 -9999 -9999 -9999 -9999 -9999 -9999 -9999 -9999 -9999 -9999 -9999 -9999 643.4 652.3 666.2 693 736.3 793.2 841.8
445.9 450.6 438.6 400.6 438.3 611.6 845.4 1029.1 994.2 821.7 684.6 596.8 535 495.3 480.5 475.3 462.6 449.6 433.2 412.8 389.3 359 326.6 289.4 276.4 333.2 434 551.5 675.7 806.5 940.6 1058.9 -9999 -9999 -9999 -9999 -9999 -9999 -9999 -9999 -9999 -9999 -9999 -9999 -9999 -9999 -9999 -9999 -9999 -9999 -9999 -9999 -9999 -9999 -9999 -9999 -9999 -9999 -9999 -9999 -9999 -9999 -9999 -9999 -9999 -9999 587.6 574.5 562.3 568.5 602.4 634.3 681.5 755.5 848.8 948.9
406.7 395.5 403.8 426.8 474.6 588 728.2 820.9 825.4 765.2 692.4 653.6 610 577.8 557.5 543.9 527.7 502.5 470.4 434.8 403.6 370.2 340.5 319.7 327 370.8 453.4 553.9 656.5 765.8 -9999 -9999 -9999 -9999 -9999 -9999 -9999 -9999 -9999 -9999 -9999 -9999 -9999 -9999 -9999 -9999 -9999 -9999 -9999 -9999 -9999 -9999 -9999 -9999 -9999 -9999 -9999 -9999 -9999 -9999 -9999 -9999 -9999 -9999 -9999 -9999 591.6 580.5 571.8 578 601.2 641.6 684.5 746.6 832.6 925.9
395.3 376.2 388.3 437.8 497.2 565 654.6 758 781.3 711.7 685.5 651.7 629.9 617.7 603 590.6 570.2 541.7 509.1 479 447 419.7 400.5 374.3 356 400.1 490.7 579.5 653.9 -9999 -9999 -9999 -9999 -9999 -9999 -9999 -9999 -9999 -9999 -9999 -9999 -9999 -9999 -9999 -9999 -9999 -9999 -9999 -9999 -9999 -9999 -9999 -9999 -9999 -9999 -9999 -9999 -9999 -9999 -9999 -9999 -9999 -9999 -9999 650.4 627.7 609.5 589.6 579.1 586.3 617.8 657.9 699.7 731.9 778.4 829.2
450.5 435.3 451.5 486.1 501 532.3 574.9 613.3 614.7 591.8 581.6 581.9 586.6 591.2 608.3 596.8 579 557.1 542.8 518.4 494.1 480.3 469.6 465.6 468.9 498 550.4 619.2 -9999 -9999 -9999 -9999 -9999 -9999 -9999 -9999 -9999 -9999 -9999 -9999 -9999 -9999 -9999 -9999 -9999 -9999 -9999 -9999 -9999 -9999 -9999 -9999 -9999 -9999 -9999 -9999 -9999 -9999 -9999 -9999 -9999 -9999 -9999 -9999 720.5 682.8 638.9 583.9 529.5 528.4 580.4 661.4 732.6 797.9 799.8 781.8
541 516.8 518.4 543.1 555.7 558.3 552.3 536.2 525.8 518.1 522.5 536.3 556.6 570.9 583.8 579.9 563.2 549.9 540.5 527.5 518.9 512.5 529.1 565.2 596.4 619.7 -9999 -9999 -9999 -9999 -9999 -9999 -9999 -9999 -9999 -9999 -9999 -9999 -9999 -9999 -9999 -9999 -9999 -9999 -9999 -9999 -9999 -9999 -9999 -9999 -9999 -9999 -9999 -9999 -9999 -9999 -9999 -9999 -9999 -9999 -9999 -9999 -9999 764 796.1 746.9 685.6 598.3 515.5 492.1 560 670.9 761.4 826.5 845.2 829.2
713.5 734.7 677.9 627.2 606.9 602.6 568.1 513.5 475.3 465.2 487.4 523.1 565 588.1 593.1 580.3 559.6 546.4 533.5 514.5 477.4 477.7 562.2 637.3 -9999 -9999 -9999 -9999 -9999 -9999 -9999 -9999 -9999 -9999 -9999 -9999 -9999 -9999 -9999 -9999 -9999 -9999 -9999 -9999 -9999 -9999 -9999 -9999 -9999 -9999 -9999 -9999 -9999 -9999 -9999 -9999 -9999 -9999 -9999 -9999 -9999 -9999 -9999 902.6 867.8 811.4 728.4 640.1 606.4 625.1 660 768.8 893.8 986 1030.6 1019
678.2 682.5 652.7 615 592.2 578 535.7 476.1 421.7 428.7 449.9 527 617.4 649.9 628.8 617.1 597.7 576.1 562.6 564.1 581.7 620.7 -9999 -9999 -9999 -9999 -9999 1078.1 -9999 -9999 -9999 -9999 -9999 -9999 -9999 -9999 -9999 -9999 -9999 -9999 -9999 -9999 -9999 -9999 -9999 -9999 -9999 -9999 -9999 -9999 -9999 -9999 -9999 -9999 -9999 -9999 -9999 -9999 -9999 -9999 -9999 -9999 -9999 948.9 942.8 911.5 839.9 740.8 665.7 691.7 830.6 1015.2 1186.2 1309.5 1362.7 1321.6
690.4 574.6 557.5 536.1 510.5 490.9 475 451.7 448.6 460.5 478.6 513.7 556.2 581.1 592.3 605.3 613.1 606.3 597.8 598.5 607.1 622.6 657.5 686.3 747.5 838.5 -9999 -9999 -9999 954.3 -9999 1032.4 -9999 -9999 -9999 -9999 -9999 901.8 -9999 -9999 -9999 -9999 -9999 -9999 -9999 -9999 -9999 -9999 -9999 -9999 -9999 -9999 -9999 -9999 -9999 -9999 -9999 -9999 -9999 -9999 -9999 -9999 -9999 -9999 988.1 1045.9 1027.3 982.8 999.1 1054.3 1201.7 1359.7 -9999 -9999 -9999 -9999
483.5 493.4 494.3 491.3 472.1 447.8 463.4 484.9 500.5 515.9 520.2 524.8 532.1 550.8 588 624.2 629.8 597.2 586.2 584.6 581.9 588.7 603.7 619.8 648.3 706 772.1 -9999 -9999 768.7 711.7 616.4 528.7 -9999 -9999 -9999 -9999 -9999 -9999 -9999 -9999 -9999 -9999 -9999 -9999 -9999 -9999 -9999 -9999 -9999 -9999 -9999 -9999 -9999 -9999 -9999 -9999 -9999 -9999 -9999 -9999 -9999 -9999 -9999 1336.8 1287.8 1301.5 1379.5 1496.8 1534.4 1493.6 1463.2 -9999 -9999 -9999 -9999
325.7 416.6 457.6 460.1 464.4 432.6 460.6 517.2 611.4 660.3 598.6 555.9 547.5 563.6 591.6 632.4 700.7 745.9 631.4 519.6 488.7 542.6 565.7 587.9 598.1 610.9 656.1 689 681.9 660.9 628.4 593.5 589 589.7 459.3 -9999 666.9 750.8 -9999 -9999 -9999 -9999 -9999 -9999 -9999 -9999 -9999 -9999 -9999 -9999 -9999 -9999 -9999 -9999 -9999 -9999 -9999 -9999 -9999 -9999 -9999 -9999 -9999 -9999 1348.5 1223.4 1197.8 1236 1899.5 1833.6 1484.7 1433.3 -9999 -9999 -9999 -9999
447.7 463.9 485.8 517 495.2 451.1 482.1 531.3 611.9 640.4 574.5 557.7 564.2 576.3 565.7 541.7 662 760.3 708.4 627.2 588.9 571.4 547.1 537.6 523.6 548.7 663.3 728.1 721.4 718.6 692.7 643.5 603.5 543.5 -9999 -9999 623.4 650.4 652 -9999 -9999 -9999 -9999 -9999 -9999 -9999 -9999 -9999 -9999 -9999 -9999 -9999 -9999 -9999 -9999 -9999 -9999 -9999 -9999 -9999 -9999 -9999 -9999 -9999 938.4 930.8 1044.9 1218.6 1253.8 -9999 -9999 -9999 -9999 -9999 -9999 -9999
503.5 507 501.5 507.1 506.3 507.8 511.2 503.9 486.8 513.5 528.8 547.3 562.1 591.1 567.3 603.8 685.4 747.3 749.6 707.5 677.5 610.4 527.9 444.5 455 474 593.5 694.4 790.6 870.8 862.9 746 631.5 631.2 804.3 983.1 754.5 603.5 -9999 -9999 -9999 -9999 -9999 -9999 -9999 -9999 -9999 -9999 -9999 -9999 -9999 -9999 -9999 -9999 -9999 -9999 -9999 -9999 -9999 -9999 -9999 -9999 -9999 -9999 -9999 1171.2 1185.6 1285.4 1314.7 -9999 -9999 -9999 -9999 -9999 -9999 -9999
506.9 510.4 518.6 528.3 526.6 502.8 541.9 533.5 494.8 449.1 464.3 525.5 571.1 599.4 613.9 659.9 741.9 862.4 920.1 768.3 698.3 626.6 585.3 571.5 585.6 629.7 674.3 748.2 883.1 1035.9 1065.1 916.2 772.6 742.4 -9999 -9999 761.5 602.8 438.5 -9999 -9999 -9999 -9999 -9999 -9999 -9999 -9999 -9999 -9999 -9999 -9999 -9999 -9999 -9999 -9999 -9999 -9999 -9999 -9999 -9999 -9999 -9999 -9999 -9999 -9999 1138.4 1240.5 1420.3 -9999 -9999 -9999 -9999 -9999 -9999 -9999 -9999
503.5 516.1 530.6 551 569.3 583.4 554.8 506.4 492.3 503.6 523.4 541.3 617.2 639.4 641.9 660.6 677.1 625.5 695.4 734.7 697.6 631.3 604.8 631.6 703.4 849.3 752.6 693.7 767 1081.5 1241 1088.9 939.4 -9999 -9999 -9999 946.3 1184.3 831.8 -9999 -9999 -9999 -9999 -9999 -9999 -9999 -9999 -9999 -9999 -9999 -9999 -9999 -9999 -9999 -9999 -9999 -9999 -9999 -9999 -9999 -9999 -9999 -9999 -9999 -9999 885.6 1279.4 -9999 -9999 -9999 -9999 -9999 -9999 -9999 -9999 -9999
493.8 504.5 526.1 560.7 593.6 599.2 597.7 573.2 516.2 503.3 507 535.2 591.1 640.5 663.2 657.2 633.7 665.9 700.7 755 783.8 779.9 742.8 698.6 663.9 621.2 590.7 603 588.7 768.7 940.9 997.5 992.8 -9999 -9999 -9999 735.6 649.4 764.9 -9999 -9999 -9999 -9999 -9999 -9999 -9999 -9999 -9999 -9999 -9999 -9999 -9999 -9999 -9999 -9999 -9999 -9999 -9999 -9999 -9999 -9999 -9999 -9999 -9999 1768.8 -9999 -9999 -9999 -9999 -9999 -9999 -9999 -9999 -9999 -9999 -9999
478.9 483.4 514.4 563.9 607.5 621.6 633.1 644.1 588.3 552.3 504.3 536.8 623.7 653.1 692 741.5 776.2 781.5 803.1 858.8 945.3 987.3 900.5 783 694.7 623.8 605.1 641.7 695.7 775.3 839.5 865.8 915.3 -9999 -9999 -9999 1001.6 639.4 767.8 716.1 -9999 -9999 -9999 -9999 -9999 -9999 -9999 -9999 -9999 -9999 -9999 -9999 -9999 -9999 -9999 -9999 -9999 -9999 -9999 -9999 -9999 -9999 1875.3 1840.5 -9999 -9999 -9999 -9999 -9999 -9999 -9999 -9999 -9999 -9999 -9999 -9999
494.8 492.6 497.6 545 597.1 620.9 618.1 578.8 590.5 629.8 571.8 558.9 581.6 662.3 739.1 803.6 849.3 856.6 879.6 878.7 847.2 812.9 868.5 795.4 744.3 699.6 709 752.4 770.3 756.5 719.3 671.2 696.2 -9999 -9999 -9999 1102.7 975.8 988.8 955.8 -9999 -9999 -9999 -9999 -9999 -9999 -9999 -9999 -9999 -9999 -9999 -9999 -9999 -9999 -9999 -9999 -9999 -9999 -9999 -9999 -9999 -9999 -9999 -9999 -9999 -9999 -9999 -9999 -9999 -9999 -9999 -9999 -9999 -9999 -9999 -9999
