datasets/global_precipitation_1950_2017/rasters/precip_1959-total.asc
NCOLS 720 
NROWS 347 
XLLCORNER -180 
YLLCORNER -90 
CELLSIZE 0.5 
NODATA_value -9999 
[rows 34 to 67 of 347, columns 152 to 227 of 720]
147.3 143.3 139.5 138 138.4 140.6 140.9 143.7 146.3 149.4 151.7 154.4 157.5 161.7 164.4 166.7 170.6 173.7 178.6 183.4 188.2 193.6 200.7 209.2 215.6 222.1 230 237.5 242.4 249.2 252.3 254.5 261.1 265.2 268.6 270.3 -9999 -9999 258.8 -9999 247.5 -9999 -9999 -9999 -9999 -9999 -9999 -9999 -9999 -9999 -9999 -9999 -9999 -9999 -9999 -9999 -9999 -9999 -9999 -9999 278.1 283 288.8 295.7 302.7 309.3 314.5 319.2 320.6 319.9 316.8 311.8 -9999 -9999 -9999 336.6
131.5 128.5 128.1 131.3 136.5 142.7 151.2 159.1 163.3 171.1 175.4 180.1 189 193.8 197.5 199.2 204 208.2 213.9 217.6 222.5 229.4 236.4 242.6 244.3 245.9 249.8 254.6 -9999 -9999 262 264.8 264.7 265.3 265.3 -9999 264.2 262.5 259.2 -9999 -9999 -9999 -9999 -9999 -9999 -9999 -9999 -9999 -9999 -9999 -9999 -9999 -9999 -9999 -9999 -9999 -9999 -9999 -9999 -9999 -9999 336.2 337.8 343.7 346.5 347.6 348.8 348.7 349.3 349.2 347 342.7 -9999 -9999 -9999 -9999
127.8 125.5 126.1 127.3 134.8 145.6 156.8 167.5 177.1 184.6 191.4 200 206 213 219.7 226 229.1 231.8 235.7 243.9 248.7 253.8 257.9 261.5 265.6 268 268.9 270 272.5 271.2 271.2 270.2 267.7 267.4 -9999 -9999 264.9 263.3 -9999 260.3 -9999 -9999 -9999 -9999 -9999 -9999 -9999 -9999 -9999 -9999 -9999 -9999 -9999 345.3 358.3 365.6 367.5 -9999 366.7 365 367.7 368.3 369.7 373.6 376.5 378.4 379.2 378.4 377.3 375.5 374.1 372.1 368.7 364.7 -9999 -9999
143.9 139.9 138.6 140.2 146.6 153.7 162.2 172 183.7 192.1 200.2 209.3 217.5 223.8 229.5 233.7 238.3 242.9 247.9 253.2 259 264.3 268.5 274 276.7 279.5 281.4 281 281.1 279 279.2 277.5 274.2 -9999 -9999 269.1 266.4 264.8 262.8 261 257.8 251.9 247.6 -9999 -9999 -9999 -9999 -9999 -9999 -9999 -9999 -9999 354.9 371 382.4 390 388.1 390.8 385.4 389.8 390.3 391 394 396 401.5 404.4 403.5 405.2 404.2 402.9 400.5 398.7 396 393.6 390.6 387.5
172.7 166.5 163.1 160.8 162.3 165.3 170.9 177.9 185.4 196.3 206.6 215.9 223.7 230.5 234.4 238 242.5 247.6 253.5 259.9 266.6 273.1 279 282.7 285.7 287.3 288.5 288.8 288 286.2 284.7 282.6 -9999 -9999 -9999 270 266.7 264.1 262.1 260.8 262.3 241.5 225 231 241.4 -9999 -9999 -9999 -9999 -9999 -9999 -9999 -9999 -9999 392.6 -9999 -9999 -9999 -9999 -9999 -9999 -9999 416.2 418.3 421.4 422.9 426.1 427.4 426.8 424.9 423.3 421.2 421.7 422.8 426.3 431.5
191.5 185.1 179.3 177 177.2 178.2 182.2 188.2 195.2 203.8 214.1 221.4 229.1 235.5 240.9 246.2 251.8 257.6 264 271.1 278.3 284.7 289.8 -9999 293.7 293.3 292.4 291.3 -9999 -9999 -9999 -9999 -9999 -9999 275.1 270.9 265.8 261.5 256.2 249 -9999 -9999 -9999 229 239.6 253.7 269.2 284 -9999 -9999 -9999 -9999 -9999 -9999 -9999 -9999 -9999 -9999 -9999 -9999 -9999 -9999 418.1 -9999 -9999 434.3 436.9 439 439.3 437.2 434 432 433.4 437 444.8 455.5
199.4 194.2 189.1 186.2 186.8 187.8 192.3 198.3 205.8 213.5 221.4 229.9 237.1 244.5 251.1 258.2 264.7 271.6 279 286.1 292.7 297.7 301.5 303.6 302.5 300 297.2 -9999 -9999 -9999 -9999 -9999 -9999 -9999 -9999 -9999 -9999 262.8 257.4 -9999 -9999 -9999 -9999 -9999 -9999 -9999 -9999 -9999 -9999 -9999 -9999 -9999 331.7 -9999 -9999 -9999 -9999 -9999 -9999 -9999 -9999 -9999 -9999 -9999 -9999 433 436 440 443.9 445.3 441.4 438.2 -9999 -9999 440.8 450.1
205.5 199.8 196.4 194.6 194.4 197.3 201.3 207.2 214.2 221.9 229.5 237.4 246.5 254.2 263 271.4 279.1 287 294.7 301.9 307.4 312.3 313.9 -9999 -9999 -9999 -9999 -9999 -9999 -9999 -9999 -9999 -9999 -9999 -9999 -9999 -9999 -9999 -9999 -9999 -9999 257.9 259.1 263 -9999 -9999 -9999 -9999 -9999 -9999 -9999 -9999 -9999 -9999 -9999 -9999 -9999 -9999 -9999 -9999 -9999 -9999 -9999 -9999 -9999 -9999 -9999 -9999 -9999 455.1 447.5 440.2 433.6 427.5 -9999 -9999
208.3 202.2 198.1 196.3 197.6 201.7 206.8 213.6 221.2 228.7 237.7 248.3 258.5 269.5 279.5 288.8 298.4 306.4 313.9 321.3 328 333.2 -9999 -9999 -9999 -9999 -9999 -9999 -9999 -9999 -9999 -9999 -9999 -9999 -9999 -9999 -9999 -9999 -9999 -9999 -9999 270.8 -9999 -9999 -9999 -9999 -9999 -9999 312.3 -9999 -9999 -9999 336.8 343.6 352.2 362.4 373.4 384.4 -9999 406.3 415.8 424.5 -9999 -9999 -9999 -9999 -9999 -9999 -9999 -9999 -9999 436 424.8 413.7 401.5 389.9
209.3 200.7 192.6 190.1 192 198.4 207.4 216.2 224.1 232.9 244.1 258 272.7 286.9 299.9 310.9 321.4 329.7 336.9 342.8 347.5 -9999 -9999 -9999 -9999 -9999 -9999 -9999 -9999 -9999 -9999 -9999 -9999 -9999 -9999 -9999 -9999 -9999 -9999 -9999 -9999 -9999 -9999 -9999 -9999 -9999 -9999 -9999 330.5 -9999 -9999 -9999 353.7 360.2 365.4 372.2 379.8 391.1 397.9 408.1 419.6 429.8 438 449.2 -9999 -9999 -9999 -9999 -9999 -9999 -9999 -9999 -9999 -9999 -9999 -9999
212.8 199.4 186.3 176 171 177 210.6 216 222.8 234.8 252 271 292.7 310.2 328 340.3 350.1 356.4 361.4 365.3 -9999 -9999 -9999 -9999 -9999 -9999 -9999 -9999 -9999 -9999 -9999 -9999 -9999 -9999 -9999 -9999 -9999 -9999 -9999 -9999 -9999 -9999 -9999 -9999 -9999 -9999 -9999 -9999 -9999 -9999 -9999 -9999 -9999 377.9 381.5 385.8 391.1 395.4 403 413.1 421.8 431 440.8 451.3 462.5 -9999 -9999 -9999 -9999 -9999 -9999 -9999 -9999 -9999 -9999 -9999
229.6 215.7 197.3 180.7 173.9 170.7 184.7 205.8 228.9 252.7 276.5 302.8 328.4 349.7 367.2 381 389.5 395.2 398.4 -9999 -9999 -9999 -9999 -9999 -9999 -9999 -9999 -9999 -9999 -9999 -9999 -9999 -9999 -9999 -9999 -9999 -9999 -9999 -9999 -9999 -9999 -9999 -9999 -9999 -9999 -9999 -9999 -9999 -9999 -9999 -9999 -9999 -9999 391.9 395.5 399.8 403.5 407.9 412.7 417.8 424 431.1 438.6 447.2 457 467.2 482.5 491.8 493.7 -9999 -9999 -9999 -9999 -9999 -9999 -9999
276.4 255.1 243.5 229.1 220.2 219.2 231.1 253.6 280.1 311.1 340.9 370.5 394.8 416.9 431 440.2 446.8 450.2 453.7 -9999 -9999 -9999 -9999 -9999 -9999 -9999 -9999 -9999 -9999 -9999 -9999 -9999 -9999 -9999 -9999 -9999 -9999 -9999 -9999 -9999 -9999 -9999 -9999 -9999 -9999 -9999 -9999 -9999 -9999 -9999 -9999 -9999 -9999 400.5 403.1 406.3 409.6 413.4 416.1 420.5 425.2 428 432.9 437.9 445.6 453 458.1 462.3 462.7 -9999 -9999 452.6 -9999 -9999 -9999 -9999
352.8 337.5 320.9 305.6 299.2 306.1 318.8 343.9 372.5 403.5 439.3 472.7 497.2 510.8 516.5 511.8 507.2 504.5 -9999 -9999 -9999 -9999 -9999 -9999 -9999 -9999 -9999 -9999 -9999 -9999 -9999 -9999 -9999 -9999 -9999 -9999 -9999 -9999 -9999 -9999 -9999 -9999 -9999 -9999 -9999 -9999 -9999 -9999 -9999 -9999 -9999 -9999 -9999 405.8 407.7 409.8 412.3 414.8 417.5 420 424.1 426.4 430.1 436.8 442.7 447.5 449.3 448.8 449 -9999 -9999 -9999 -9999 -9999 -9999 -9999
422.6 430.9 425.3 418.8 408.8 417.2 430.7 456 489.3 525.6 563.5 588.4 599.5 591.1 583.8 566.2 550.7 539.7 -9999 -9999 -9999 -9999 -9999 -9999 -9999 -9999 -9999 -9999 -9999 -9999 -9999 -9999 -9999 -9999 -9999 -9999 -9999 -9999 -9999 -9999 -9999 -9999 -9999 -9999 -9999 -9999 -9999 -9999 -9999 -9999 -9999 -9999 406.1 409.5 412.4 415.7 416.9 421 419.4 422.9 425.6 429.8 436.2 442.9 447.8 451.6 452 450.7 449.9 451.9 -9999 -9999 -9999 -9999 -9999 -9999
462.9 472.4 471.6 466.4 464.1 471 485.8 514.1 548.4 581 612 634 637.6 631.1 613.9 592.9 570.4 553.5 545.7 538.9 566 562.2 -9999 -9999 -9999 -9999 -9999 -9999 -9999 -9999 -9999 -9999 -9999 -9999 -9999 -9999 -9999 -9999 -9999 -9999 -9999 -9999 -9999 -9999 -9999 -9999 -9999 -9999 -9999 -9999 -9999 403.1 406.7 411.1 413.8 416.1 418.3 420.5 423.9 427.3 432.9 438.1 450 458.4 467.3 471.2 469.5 462 -9999 449.3 448.1 -9999 -9999 -9999 -9999 602.8
501.1 496 479.4 462.5 451.6 455 472.3 501.2 532.4 568.6 602.3 627 642.8 634 619.4 598.5 578.5 568.3 563 563 563.1 561.3 -9999 -9999 -9999 -9999 -9999 -9999 -9999 -9999 -9999 -9999 -9999 -9999 -9999 -9999 -9999 -9999 -9999 -9999 -9999 -9999 -9999 -9999 -9999 -9999 -9999 -9999 -9999 -9999 -9999 -9999 413.4 418 421.5 426.3 428.3 430.8 432.4 435.1 444 451.5 465 477.9 485.2 483.8 478.9 466.6 449.3 432.5 418.5 -9999 451.4 497.5 552.3 612.8
502.6 489.5 474 454.7 440.1 443.3 458 479.2 504.4 533.1 571.1 603 631.6 636.5 621.8 602.6 588.1 579.1 572.5 566.2 559.5 551.8 546 -9999 -9999 -9999 -9999 -9999 -9999 -9999 -9999 -9999 -9999 -9999 -9999 -9999 -9999 -9999 -9999 -9999 -9999 -9999 -9999 -9999 -9999 -9999 -9999 -9999 -9999 -9999 -9999 -9999 -9999 -9999 446.6 449.1 453.9 453.1 455.2 456.6 460.9 469.1 480.6 486.5 493.7 491.9 487.4 475.8 460.6 446 436.5 444.9 473.1 516.4 567.6 620.8
478.4 476.2 471.2 464.5 458.4 455.5 460 468.3 488.9 524.1 554.3 584.9 610.8 619.3 617 611.2 606.4 601.3 591.7 577.7 555.4 534.6 517.5 -9999 -9999 -9999 530.8 -9999 -9999 -9999 -9999 -9999 -9999 -9999 -9999 -9999 -9999 -9999 -9999 -9999 -9999 -9999 -9999 -9999 -9999 -9999 -9999 -9999 -9999 -9999 -9999 -9999 -9999 -9999 489.9 492.5 493.1 498 492.4 492.1 492.6 499.1 507.5 512.4 513.4 510 507.3 500.7 494.1 490.1 494.2 507.4 532.8 567.1 607.6 650.8
466 470 468.5 465.3 461.3 457.3 456.2 455.9 466 517.6 564.7 578.5 595.7 605.6 607.6 619.6 630.2 635.1 628.3 604.4 569.7 536.5 515.9 514.1 521.3 530.1 541.2 552.5 557.5 570.8 586 -9999 -9999 -9999 -9999 -9999 -9999 -9999 -9999 -9999 -9999 -9999 -9999 -9999 -9999 -9999 -9999 -9999 -9999 -9999 -9999 -9999 -9999 -9999 -9999 548.9 549.3 553.8 553.5 552.7 553.8 558.4 558.3 553.5 548.5 541.2 535.7 533.9 532.5 534.8 545.7 566 597 630.9 657.6 687.6
459.1 453.9 456.8 461.9 461.1 455.7 449.2 442.6 439.3 467.4 509.5 545.5 580 588.6 582.5 604.4 638.9 657.4 668.7 638.7 606.9 578.5 556.3 546.9 545 550.9 562.3 575 584.2 598.7 604.1 618.3 625.8 -9999 -9999 -9999 -9999 -9999 -9999 -9999 -9999 -9999 -9999 -9999 -9999 -9999 -9999 -9999 -9999 605.4 612.1 -9999 -9999 -9999 -9999 619.2 619.1 621.2 625.7 631.3 633.9 633.9 628.1 617.6 605.7 589.7 587.5 583.8 587.1 595.4 613.5 638 664.9 690.2 711.4 727.5
456.5 459.1 464 467.4 460.6 450.6 440.8 439.1 450.3 469.1 490.3 531.6 579.9 585.6 575.9 589.9 622.3 648.7 659.6 652.1 634.4 614.1 595.3 580.4 579.1 586.8 596.4 610.9 623.2 636 642.4 646.2 647.8 647.5 644.4 -9999 -9999 -9999 -9999 -9999 -9999 -9999 -9999 -9999 -9999 -9999 -9999 -9999 -9999 -9999 -9999 -9999 -9999 -9999 695.2 690.1 690.3 693.4 702.8 708.2 712.1 712.9 704.4 686.2 674.5 663.9 656.9 661.8 666.5 676.9 696.6 721 746.2 764.9 771.7 766
451.1 452.7 456.2 453.7 445.1 437.7 433.9 435.1 442.6 452.1 460.4 468.8 491.3 524.4 555.6 586.1 624.9 656.9 670 671.5 663.2 648.4 632.8 625.5 627.6 632.8 638.6 648.8 659.1 669 674.1 667.3 662.8 658.4 652.2 643.5 636.5 631.3 -9999 634.1 641.7 -9999 -9999 -9999 -9999 -9999 -9999 -9999 -9999 -9999 -9999 -9999 738.3 736.2 731.9 731.5 734.9 743.6 756.9 762.3 767.3 769.3 762.2 752.2 743.6 738.3 732.1 735.2 740.6 750.1 766.9 792.3 823.7 848.6 849.2 816.2
432.1 428 427.8 425 409.5 428.9 434.8 437.4 439.2 442.6 442.8 424.2 389.2 433.5 490.3 549.8 603.5 641.2 665 674.9 675.9 667.6 662.6 660.9 663.5 663.3 664.5 664.4 666.5 675.2 680 680.1 677.2 672.2 664.2 655.5 649.3 643.8 640.2 639.3 641.5 640.4 639.9 647 -9999 -9999 -9999 -9999 -9999 679.6 694.5 712.2 725.8 734 740.1 746.8 756.2 766.3 776.8 786.9 793.8 798.2 799.2 797.8 794.7 794.6 793.7 792.9 795.1 799 805.5 816.5 833.3 862.4 862.6 778.8
405.8 395.2 400.5 404.2 416 420.7 449.3 452.2 452.6 447.4 436.9 427.4 424.2 425.6 447.7 500.6 559.3 608.6 636.4 656.1 663.3 664 666.7 669.9 671.7 669.7 660.2 650.5 653 672.9 693.1 705 708.7 703.9 692.7 683.1 673.1 667.3 659.5 647 642.3 635.6 643 -9999 -9999 -9999 -9999 -9999 -9999 639 657 691.4 726 744.6 751.5 757.9 767.2 776.9 786.8 795.9 803 809 815.8 819.3 823.4 826.9 830 829 825.6 820.8 814.4 804.6 785.5 749.5 691.2 697.8
413.1 409.8 407.2 400.3 429.5 466.5 476.5 476.2 472.8 463.9 450.9 435.9 431.8 433.1 441.6 468.7 510 553.3 596.8 621.7 633.8 642.4 651.9 661.2 671.2 678.1 677.8 671.8 680.7 705.8 728.3 746.1 751.3 748.7 738.2 724.6 713.8 697.2 687 664.4 644.2 636.3 643.9 656.1 -9999 -9999 -9999 -9999 -9999 -9999 642.7 711.6 780.2 785.5 771.2 766.3 770.2 781.1 790.9 795.5 799.4 806.9 818.2 831.4 843.9 852.9 855.6 852.4 845.2 836.4 823.7 808.7 795.3 783.3 773.1 766.8
428.8 452.1 480.9 506.3 522.8 543.1 548.7 532.7 508.6 472.5 459.5 443.5 439.6 432.8 429.6 440 458.6 484.6 511.5 546.7 591.4 622.7 645.6 672.9 696 708.4 717.3 728.8 745.6 757.7 773.7 794.6 805.4 811.2 794.8 775 751.4 729.5 705.4 666.3 631.2 638.2 660.3 665.1 -9999 -9999 -9999 -9999 -9999 -9999 668 712 753.5 764 759.6 760.8 765.8 773.7 781.5 786.3 792.1 802.4 816.7 835.7 854.2 867.5 870.1 867.5 863.4 854.7 839 820.9 803.9 807.9 811.1 794.1
465.6 476.9 567.1 534.4 632.5 700.7 641.2 582.7 525 479 435.7 412.2 397.4 387.8 389.1 399.8 426.3 462.3 499.5 549.4 592.8 624.7 670.9 724.8 746.7 750.3 752.9 757.9 767.9 785.4 818.5 861.3 885.2 869.6 829.6 795.6 761.6 730.4 690.9 627.8 586.6 629.9 687.4 685 -9999 -9999 659 -9999 -9999 -9999 674.7 689.5 706.2 719 730 737.4 746.9 756.2 763.6 768.4 782.9 796.7 813.5 832.2 852.9 866.6 875.5 882.5 886.8 885.3 873.9 844.3 794.1 735.2 767.3 773.3
428.3 446.5 482.7 524.2 501.5 482.1 543.3 545.8 487.4 438.7 405.1 400.6 410.5 405.9 410.9 430.8 441.2 472.6 532.5 598.8 646.2 680.3 728.3 766.6 780.6 783.8 777.7 787.6 787.2 803.3 831.5 885.3 962.5 877.6 784.2 715.9 687.4 662.2 595.3 518.9 523.1 602.1 675.8 687.9 690.5 -9999 -9999 -9999 -9999 -9999 -9999 673.1 682.4 693.3 699 709.9 737.4 757.2 762.8 772 778.2 797.8 817.7 838.8 855.1 871.3 886.7 901.5 917.7 937.3 947.9 934.6 882 812.2 774.7 745.7
408.7 339 441.1 512.4 547.4 529.8 534 564 433.9 446.2 408.2 421.2 469.9 524.6 570.8 537.5 527.7 557 618.1 682.6 724.1 736.9 734.6 751.6 766.5 776.8 781.4 787.8 781.9 772 745.4 689.4 728.8 740.5 668.1 594.2 579.1 564.8 534.1 491.2 516 644.1 672.7 668.3 675.4 686.3 694 -9999 -9999 -9999 647.7 653.2 663.7 673.2 689.1 735.3 800.2 823.5 821 799.7 791.2 799.5 816.6 835.2 854.2 867.9 882.8 901.4 929.1 959.7 983.5 982.3 939.5 880 823.3 751.9
422.3 445.7 492.7 530.6 488.6 451.9 395 453.8 491.7 484.8 454.6 459.7 506.6 545.9 562.7 589 617 637.8 682.3 756.2 785.8 746.2 713.4 710.3 744 773.6 785.5 778.9 735.9 744.3 705.6 650.3 651 643.9 599.3 577.9 562.3 569.4 595.7 628.1 679.7 700.6 675.6 664.2 661.3 667.4 684.2 590.6 -9999 624.3 630.9 649.3 674.5 722.2 799.7 887.8 910.7 893.3 855.1 803.8 770.1 770 784.8 823.3 843.5 847.5 850.6 856.9 880.5 918.6 957.2 997 1000.4 985.8 953.3 897
328.5 415.9 460.6 434.8 420.8 338.9 559.1 483.7 480.7 464.8 467.6 463.7 499.4 538 559.7 596.7 620.7 618.5 651.5 724 721.4 669.8 663.5 669.6 701.6 738.7 754.2 749.8 750.6 766.3 762.8 750.4 724.7 700.2 702.6 711.5 731.7 743.3 738.6 717.7 703.1 697.6 690.6 677.5 654.8 635.4 613 586 581.7 605.5 666.6 717.5 763.4 842.7 939.9 999.4 999.1 967.1 893.4 778.2 716.3 757.9 809.5 865.6 888.8 851.6 840.2 843.6 852.4 851.3 901.7 1002.2 1035.4 1059.4 1070.3 1054.3
393.5 459 511.1 433.8 427.8 467.7 424.3 447.8 488.7 507.7 496.4 547.8 561.6 543.7 593.3 606.2 589.1 613.2 626.1 648.9 669.1 672.9 674.8 617 797.2 763.9 754 772.4 795.4 824.8 789.7 747.9 712.5 715.1 736 739.4 768.8 773.3 728.9 714.6 706.9 698.4 692.7 708.2 661.3 630.8 630.1 612.9 616.7 704.7 748.9 755 773.7 848.2 959.6 1061.5 1092.2 1085.1 1055.3 926.5 788.4 808.2 849.5 997.2 1044.8 1035.2 949.3 907.2 884.6 874.7 897.9 938.7 995.9 1044.4 1050.3 1124.9
396.3 391.6 376.3 337.8 399.7 468.8 499.6 499.3 566.4 550.3 568.7 640 604.9 589.5 633.3 680.1 661.2 609.7 589.8 611.4 652.3 693.4 730.9 715.6 748.6 766.3 765.7 785.7 782.8 755.6 722.3 706.9 714.5 674.3 715.2 730.4 750.1 722 695.1 714.8 721.8 746.7 697.8 718.5 663.6 626.3 644.6 654.1 699.5 748.5 768.7 782.6 772.2 838.7 934.6 1054.1 1131.1 1168.4 1210.6 1206.7 995.4 812 767.5 979.8 1092.8 1045 1002.4 959.7 904.6 867.3 853.3 850.7 919.4 1072.3 -9999 -9999
