datasets/global_precipitation_1950_2017/rasters/precip_1985-total.asc
NCOLS 720 
NROWS 347 
XLLCORNER -180 
YLLCORNER -90 
CELLSIZE 0.5 
NODATA_value -9999 
[rows 102 to 135 of 347, columns 304 to 379 of 720]
-9999 -9999 -9999 -9999 -9999 -9999 -9999 -9999 -9999 -9999 -9999 -9999 -9999 -9999 -9999 -9999 -9999 -9999 -9999 -9999 -9999 -9999 -9999 -9999 -9999 -9999 -9999 -9999 -9999 -9999 -9999 -9999 -9999 -9999 -9999 -9999 -9999 307.1 284.1 239.5 218.1 291.1 434.3 456.3 413.8 224.4 155.5 177.6 249.6 403.5 254.8 148.4 134.3 127.3 140.3 135.2 124.9 111.3 103.9 82.1 63.3 47.1 46.8 49 45.5 38 30.4 28.2 29.8 30.7 33.5 36.3 36.6 47.7 58 73.9
-9999 -9999 -9999 -9999 -9999 -9999 -9999 -9999 -9999 -9999 -9999 -9999 -9999 -9999 -9999 -9999 -9999 -9999 -9999 -9999 -9999 -9999 -9999 -9999 -9999 -9999 -9999 -9999 -9999 -9999 -9999 -9999 -9999 -9999 -9999 -9999 -9999 259.5 252.5 243 279.6 427.6 500.4 422.5 284 172 164.4 166.9 180.3 187.7 133.6 90.3 114.5 134.5 135.8 136.8 130.7 120.7 89.7 57.5 39.9 31.8 37 44 44.7 40.3 39.6 33.2 23.9 26.5 24.7 26 33.1 42.5 47.3 69.2
-9999 -9999 -9999 -9999 -9999 -9999 -9999 -9999 -9999 -9999 -9999 -9999 -9999 -9999 -9999 -9999 -9999 -9999 -9999 -9999 -9999 -9999 -9999 -9999 -9999 -9999 -9999 -9999 -9999 -9999 -9999 -9999 -9999 -9999 -9999 -9999 228.8 268.1 282.6 435.3 291.5 277.4 255.6 200.3 143.4 147.2 131.8 115.4 132.1 121.4 107.5 103.4 104.8 115 131.3 141 140.6 109.3 63.7 47.8 42.2 40.8 41.4 43.3 43.9 41.7 37 32.7 28.5 25.6 25 27.5 33.6 40.4 46.4 63.3
-9999 -9999 -9999 -9999 -9999 -9999 -9999 -9999 -9999 -9999 -9999 -9999 -9999 -9999 -9999 -9999 -9999 -9999 -9999 -9999 -9999 -9999 -9999 -9999 -9999 -9999 -9999 -9999 -9999 -9999 -9999 -9999 -9999 -9999 -9999 -9999 255.6 383 290.2 310.6 288.6 270.9 160.1 150.6 121.9 120.1 114.7 107 93.1 87.5 71.5 65.6 65.4 75.9 89.6 82 54.9 45.1 46.4 47.7 48.9 51.1 47.8 45.1 44.5 43 39.1 34 30.5 27.6 26.7 27.7 30.2 33.9 37.8 42.7
-9999 -9999 -9999 -9999 -9999 -9999 -9999 -9999 -9999 -9999 -9999 -9999 -9999 -9999 -9999 -9999 -9999 -9999 -9999 -9999 -9999 -9999 -9999 -9999 -9999 -9999 -9999 -9999 -9999 -9999 -9999 -9999 -9999 -9999 -9999 -9999 -9999 312.9 227.9 241.4 260.4 323.8 194.4 111.7 91 108.6 105.2 97.1 81.7 68.2 54.8 41.4 36.9 45.3 41.1 36.1 37.6 41.1 45 46.7 46.9 44.7 45.4 44.5 43.1 43 40.3 34.6 29.9 26.4 25.3 25.9 27.7 30.2 29.4 27.1
-9999 -9999 -9999 -9999 -9999 -9999 -9999 -9999 -9999 -9999 -9999 -9999 -9999 -9999 -9999 -9999 -9999 -9999 -9999 -9999 -9999 -9999 -9999 -9999 -9999 -9999 -9999 -9999 -9999 -9999 -9999 -9999 -9999 -9999 -9999 -9999 188.6 238.6 212.8 166.5 204.9 241.8 164.1 113 90.8 102 98 85.3 68.9 60.1 50.8 38.8 34.7 36.1 35.9 37.8 44.9 46.4 45.1 45.8 45.8 45.5 43.9 43.1 42 41 37.2 29 24.5 23 22.6 24.3 25.5 27.4 27.5 26.7
-9999 -9999 -9999 -9999 -9999 -9999 -9999 -9999 -9999 -9999 -9999 -9999 -9999 -9999 -9999 -9999 -9999 -9999 -9999 -9999 -9999 -9999 -9999 -9999 -9999 -9999 -9999 -9999 -9999 -9999 -9999 -9999 -9999 -9999 -9999 164.3 188.3 181.2 142.8 105.1 126.1 169.2 125.2 97.1 84 84.9 89.2 72.4 60.2 52.3 45.6 38.7 34.9 32.6 33.4 40.5 50.5 49.3 44 42.9 42.9 43.6 42.5 41.8 40 38.4 34.3 29.5 22.8 21.8 22.8 23.5 23.6 24.5 24 24.1
-9999 -9999 -9999 -9999 -9999 -9999 -9999 -9999 -9999 -9999 -9999 -9999 -9999 -9999 -9999 -9999 -9999 -9999 -9999 -9999 368.6 -9999 -9999 -9999 -9999 -9999 -9999 -9999 -9999 -9999 -9999 -9999 -9999 -9999 138.4 136.8 127.3 106.6 70.8 40.2 29.9 35.5 53.3 61.2 63.5 65.8 72 61.5 51.6 45.5 39.5 34.6 30.9 28.3 29.6 34.7 39.7 41.2 39.9 39.5 39.4 39.4 39.8 38.2 38.5 36.9 34.4 28.2 23.6 22.5 23.6 23.5 21.6 22.2 22.9 20.7
-9999 -9999 -9999 -9999 -9999 -9999 -9999 -9999 -9999 -9999 -9999 -9999 -9999 -9999 -9999 -9999 -9999 -9999 -9999 -9999 -9999 -9999 252.1 -9999 -9999 -9999 -9999 -9999 -9999 -9999 -9999 -9999 -9999 112.2 120.3 118.2 102.6 82.8 58 42.9 32.9 25.9 31.8 38.6 44.7 46.2 55.2 50.4 43.3 37.2 32.4 28.7 26.4 24.2 23.3 24.1 27.5 31.9 34.8 37.4 38.1 37.9 37.7 37.2 37 37 35.4 30 22.7 23.9 22 20.3 18.9 19.5 20.5 14.5
-9999 -9999 -9999 -9999 -9999 -9999 -9999 -9999 -9999 -9999 -9999 -9999 -9999 -9999 -9999 -9999 -9999 -9999 -9999 -9999 -9999 -9999 -9999 -9999 -9999 -9999 -9999 -9999 -9999 -9999 78 87.3 85.2 85 90.9 95.3 83.1 68.9 55 48.8 27.8 24.3 24.5 29 35.6 34.8 41.1 39.1 35.5 29.8 27.2 25 22.9 22.1 19.9 17.6 24 28.3 34 38.6 40.9 40.4 39 38.7 39.6 40.6 38.3 31.1 21.4 16.5 17.5 16.4 14.9 13.2 11.1 6.4
-9999 -9999 -9999 -9999 -9999 -9999 -9999 -9999 -9999 -9999 -9999 -9999 -9999 -9999 -9999 -9999 -9999 -9999 -9999 -9999 -9999 -9999 -9999 -9999 -9999 -9999 -9999 -9999 -9999 81.4 69.4 64.4 58.3 58.3 62.2 64.5 59.7 52.1 46 38.7 29.2 21.1 20.2 25.6 28 26.6 32.4 33 26.8 24.6 23.4 23 22.5 21.3 20.1 20.5 24.8 28.9 34.5 41.1 44.9 44.3 42.6 41.3 41.2 44.4 44.2 33.4 21.8 15.4 13.9 12.3 11.5 10.2 8.4 6.5
-9999 -9999 -9999 -9999 -9999 -9999 -9999 -9999 -9999 -9999 -9999 -9999 -9999 -9999 -9999 -9999 -9999 -9999 -9999 -9999 -9999 -9999 -9999 -9999 -9999 -9999 -9999 -9999 -9999 59.9 53.8 48 42.6 44.5 45.6 45.3 41.7 37.4 34 31.4 26.7 21.3 19.4 21.5 25 22.7 25.9 28.9 21.2 21.8 22.7 21.7 22.2 22.3 22.6 24 27.1 32.3 37.7 41.9 45.8 46.2 44.1 41.2 40.4 40.6 39.1 27.7 18.8 13.3 10.7 10 9.7 9.5 7.7 6.4
-9999 -9999 -9999 -9999 -9999 -9999 -9999 -9999 -9999 -9999 -9999 -9999 -9999 -9999 -9999 -9999 -9999 -9999 -9999 -9999 -9999 -9999 -9999 -9999 -9999 -9999 -9999 163.3 82 53.1 38.9 34.3 32.7 32.4 33.8 34.4 31.9 28.9 25.4 26.8 23.4 20.4 15.7 17.2 21.2 19.3 21.3 26 19.7 19.7 21.7 22.2 22.4 23.7 24.8 26.6 29.6 33.1 36.9 40.2 42 42.9 40.3 36.8 34.4 33.5 29.3 22.3 15.6 11.7 9.5 8.9 9 7.7 7 6.3
-9999 -9999 -9999 -9999 -9999 -9999 -9999 -9999 -9999 -9999 -9999 -9999 -9999 -9999 -9999 -9999 -9999 -9999 -9999 -9999 -9999 -9999 -9999 -9999 -9999 -9999 -9999 107.9 51 33 29 26.6 25.8 24.6 25.1 26.5 27.2 24.9 22.6 23.2 21.1 18.3 14.1 13.8 16 15.7 19.5 27 19.1 19.3 20.4 22.7 23.5 24.9 26.4 27.9 30.4 32.8 35.6 37.7 38.5 36.7 34.3 30.9 29.1 26.2 23.6 18.1 13.2 10.2 8.2 7.5 6.9 6.6 6.4 6.6
-9999 -9999 -9999 -9999 -9999 -9999 -9999 -9999 -9999 -9999 -9999 -9999 -9999 -9999 -9999 -9999 -9999 -9999 -9999 -9999 -9999 -9999 -9999 -9999 -9999 -9999 39.6 37.7 34.6 28.7 25.2 22.2 20.5 19.3 21.1 23.1 24.2 22.4 20.9 19.6 18.5 17.5 14.9 13.2 13.8 13.4 23.9 27.4 20.6 18.9 20.7 22.8 23.6 25.6 26.7 28.6 30 31.2 33.4 34.5 32.4 30.7 28 25.6 26.4 26.6 30.5 23.6 15 10.2 7.5 6.9 6.2 6.1 6 7.5
-9999 -9999 -9999 -9999 -9999 -9999 -9999 -9999 -9999 -9999 -9999 -9999 -9999 -9999 -9999 -9999 -9999 -9999 -9999 -9999 -9999 -9999 -9999 -9999 -9999 -9999 33.6 32.7 31.7 30.2 27.5 24.3 21.7 21.5 21.5 22.3 22.4 21.8 21.2 19.4 18.5 18.1 15.5 14.1 13 13.5 26.2 28.5 21.4 19.3 20.3 21.4 22.5 23.2 24.6 25.5 25.7 26.3 30.5 27.4 27.4 24.4 24.1 23.9 25.6 27.1 28 22.4 18.1 11.1 8.1 6.6 5.8 5.8 5.6 6.6
-9999 -9999 -9999 -9999 -9999 -9999 -9999 -9999 -9999 -9999 -9999 -9999 -9999 -9999 -9999 -9999 -9999 -9999 -9999 -9999 -9999 -9999 -9999 -9999 -9999 40 40.7 38.8 37.1 35.7 33.5 30.5 25.9 23.1 22.4 22.5 22.1 22.2 21.8 20.5 19.3 18.1 17.6 17 16.3 19.9 28.6 29 23.1 18.1 17.8 18.6 19.7 20.5 21.4 21.4 20.8 20 20.1 20.5 19.9 19.8 19.9 21 24.6 24 23.6 19.9 17.9 12.9 8.9 7.8 6.2 6.5 6.5 6.4
-9999 -9999 -9999 -9999 -9999 -9999 -9999 -9999 -9999 -9999 -9999 -9999 -9999 -9999 -9999 -9999 -9999 -9999 -9999 -9999 -9999 -9999 -9999 -9999 25.6 36 40.6 41.3 42.2 43 42.1 39.2 34.8 31.4 29.3 27.8 25.4 24.1 23.1 21.7 21 20.7 20.4 20.6 21.4 29.8 41.1 40.8 28.6 20.2 18.5 17.5 17 17.3 17.4 17.2 16.8 15.8 15.4 15.6 15.5 16.4 17.2 18.3 19.8 20.3 19.8 18.6 17.6 14.6 10.9 8.5 6.5 5.7 5.9 6.1
-9999 -9999 -9999 -9999 -9999 -9999 -9999 -9999 -9999 -9999 -9999 -9999 -9999 -9999 -9999 -9999 -9999 -9999 -9999 -9999 -9999 -9999 -9999 -9999 18.5 26.7 33.9 40.6 47 52.1 52.1 48.7 45 40.6 36.5 34.1 32 29.7 27.2 23.3 22.7 21.6 21.3 23.4 29.4 35.9 45 39.6 30 26 20 19.2 17.8 17.5 15.3 16.9 15.1 15.1 14.7 14.5 15.1 14.1 13.6 14.9 17.3 19.4 18.9 19.2 18.1 15.9 11.9 9.6 7.7 6 5.3 5.4
-9999 -9999 -9999 -9999 -9999 -9999 -9999 -9999 -9999 -9999 -9999 -9999 -9999 -9999 -9999 -9999 -9999 -9999 -9999 -9999 -9999 -9999 -9999 10.5 12.2 20.8 31.5 40.9 49.5 56.1 63.1 53.1 52.4 48.8 45.3 44 41.8 37.5 33.3 29.1 30.5 32.8 28.7 24.4 25.5 28.1 24.2 16.8 19.2 20.1 21.8 22.2 21.8 20.7 19.2 17.2 17.9 17.2 16.1 15.8 16.2 15.5 15.2 13.7 17.6 16.6 14.7 18.6 18.3 15.9 12.8 9.9 7.8 6.1 5.3 4.6
-9999 -9999 -9999 -9999 -9999 -9999 -9999 -9999 -9999 -9999 -9999 -9999 -9999 -9999 -9999 -9999 -9999 -9999 -9999 -9999 -9999 -9999 -9999 9.5 9.5 18 33.3 45.4 51.9 56.2 57.8 57.7 57.2 54.5 52.6 53.4 52.7 49.4 46.6 45.5 46 42.4 26.2 15.1 8.4 7.2 11.7 9.5 8.7 14.2 19.3 27.6 27.4 25.3 29 28.4 27.5 27.4 25.5 24.7 23.5 21.6 19.3 15.4 14.9 14.1 14 17.4 18.6 17.4 13.3 9.5 8.8 6.4 4.7 4.1
-9999 -9999 -9999 -9999 -9999 -9999 -9999 -9999 -9999 -9999 -9999 -9999 -9999 -9999 -9999 -9999 -9999 -9999 -9999 -9999 -9999 -9999 8.2 7 6.6 17.3 35 47.3 54.6 56.4 58.4 60.2 59.2 58.3 57.8 61 57.4 54.4 51.4 47.6 41.7 35.5 23.5 12.5 4.7 10.2 15.2 15.1 10.7 7.3 13.9 25.2 32.3 35.2 38.7 39.9 38.7 39.5 38.9 37.9 35.2 31.5 25.9 20.7 16 13.1 13.8 16.6 20 15.8 15.1 11.6 8.6 5.8 4.2 3.5
-9999 -9999 -9999 -9999 -9999 -9999 -9999 -9999 -9999 -9999 -9999 -9999 -9999 -9999 -9999 -9999 -9999 -9999 -9999 -9999 -9999 -9999 5.5 5.9 5.4 19.2 39.9 48.8 55.9 59.1 59.8 61.3 61.4 60.7 60.2 60.8 58.1 51.9 44.4 38.6 36.9 32.8 19.3 6 5.9 12.5 17.9 20.4 15.3 9.7 9.3 14.8 26.8 40.9 48.3 50.7 50.4 50.3 51.1 52.3 48.9 44 36.5 28.2 20.8 15 13.9 16 16.8 18.3 17.9 16.7 12.7 10.1 8.7 8.2
-9999 -9999 -9999 -9999 -9999 -9999 -9999 -9999 -9999 -9999 -9999 -9999 -9999 -9999 -9999 -9999 -9999 -9999 -9999 -9999 -9999 -9999 -9999 6.6 7 20.9 34.6 44.7 57.2 63.9 61 69.7 66.5 63.1 60.9 59.4 54.2 44.4 38.2 37.9 35.7 30.1 19.5 4.2 7.2 14.3 20.3 23.6 20.2 14.4 10.5 9.4 22.4 40.2 51.8 55.8 55.8 52.8 54.6 60.4 63.3 57.9 48.8 37.6 28.3 19.8 17.8 20.7 19.5 24.1 23.5 20.6 18.2 16.3 15.3 13.9
-9999 -9999 -9999 -9999 -9999 -9999 -9999 -9999 -9999 -9999 -9999 -9999 -9999 -9999 -9999 -9999 -9999 -9999 -9999 -9999 -9999 -9999 -9999 -9999 11.6 19.2 26.5 30.3 49.3 66.6 63.6 74.3 70.1 67 63.9 60.3 46.8 39.2 37.4 36.6 32.4 29.2 19.6 5.1 8.9 16.5 23.3 26.2 23 17.5 12.7 9.6 15.1 37.7 55.4 60.8 60.8 56.3 58.9 66.9 73.2 73.6 67.3 53.2 39 29.6 27.1 27.9 29.1 31.1 28.4 22.9 19 16.9 22.2 20.2
-9999 -9999 -9999 -9999 -9999 -9999 -9999 -9999 -9999 -9999 -9999 -9999 -9999 -9999 -9999 -9999 -9999 -9999 -9999 -9999 -9999 -9999 -9999 17.7 21.2 24.6 22.6 22.9 37.1 55.5 67.9 75.3 78.1 81.3 72.7 56.7 43 38 37 35.9 31.7 27.7 20.3 7 8.7 17.9 25.6 28.1 26.1 20.6 15.1 11.6 12.8 33.9 59.7 68.6 70 69.3 71.5 77.6 83.4 85.8 84.9 77.3 65 50.5 45.2 46.4 48.2 44.3 37.7 25.8 18.7 17.2 19.1 19.8
-9999 -9999 -9999 -9999 -9999 -9999 -9999 -9999 -9999 -9999 -9999 -9999 -9999 -9999 -9999 -9999 -9999 -9999 -9999 -9999 -9999 -9999 -9999 30 33.4 33.3 31.8 31.2 32.7 60.2 86.9 98 97.5 92.3 76.9 53.3 37.2 35.2 39.3 44.9 39.4 28.2 14.9 9.1 10.2 19.8 28.6 29.9 27.5 22.2 18.1 14.3 14.5 43.6 73.3 79.2 84 86.5 90.7 93 94.6 95.9 97.3 101.1 101.2 97.8 95 80.5 70.8 62.9 49.8 30.7 15.5 15.6 23.2 26.2
-9999 -9999 -9999 -9999 -9999 -9999 -9999 -9999 -9999 -9999 -9999 -9999 -9999 -9999 -9999 -9999 -9999 -9999 -9999 -9999 -9999 -9999 -9999 -9999 42.2 54.2 59.7 56.8 59.3 112.2 123.2 123.9 114.3 100.7 81.6 48.8 27.1 35.2 46.5 52.4 37.9 22.9 13.5 12 13.6 21.6 30.1 32.4 29.9 23.6 20.5 24.5 37.5 83.2 94.8 93.3 97.7 104.1 106.5 103 105.5 109.4 110.6 117.2 123.4 127.9 117.9 99.7 88.4 77.2 63.4 44 28.8 27 33.6 38.1
-9999 -9999 -9999 -9999 -9999 -9999 -9999 -9999 -9999 -9999 -9999 -9999 -9999 -9999 -9999 -9999 -9999 -9999 -9999 -9999 -9999 -9999 -9999 -9999 45.9 70 101.6 121.5 134 131.6 124 122.6 126 121.5 106.2 70.3 29.2 58.5 60.9 54.6 38 17.1 13.2 13.3 17.9 25.2 31.8 35 33.6 31 37.6 49.6 75.6 89.3 96.5 104.2 108.8 111.3 107 106 115.6 126.7 128.7 139.6 141.4 137.8 125.2 113.6 104.5 95.4 83.2 66.2 52.2 47.4 49.6 50.5
-9999 -9999 -9999 -9999 -9999 -9999 -9999 -9999 -9999 -9999 -9999 -9999 -9999 -9999 -9999 -9999 -9999 -9999 -9999 -9999 -9999 -9999 -9999 -9999 65.4 98.1 139.9 142.2 145.3 136.3 126.2 134.3 134.1 141.7 162.2 128.3 97.1 84.5 88.3 72.5 35.5 14.4 13.9 13.4 20.1 36 86 75.3 72.2 83.6 93.4 89.2 85.4 84.9 94.6 108.9 120 119.5 118.3 125.2 136.2 149 160.9 171 174.4 146.9 130.4 125 119.4 115.2 103.5 82.5 68.1 64.4 69.2 69.4
-9999 -9999 -9999 -9999 -9999 -9999 -9999 -9999 -9999 -9999 -9999 -9999 -9999 -9999 -9999 -9999 -9999 -9999 -9999 -9999 -9999 -9999 -9999 -9999 146.8 153 152 147 147.5 154.5 136.1 137.2 153.4 171.8 206.8 164.6 159.8 157.3 157 124.8 58.2 13.8 13 16.4 24.2 98 186 167.6 145.5 128.3 113.3 92 79.7 77.9 92.7 108.1 135.9 143 150.1 161.4 173.5 187.9 200.4 207.5 208.3 168.8 147.6 135.5 128.7 132.4 127.3 78.5 67.8 78.3 90.9 100
-9999 -9999 -9999 -9999 -9999 -9999 226.5 -9999 -9999 -9999 -9999 -9999 -9999 -9999 -9999 -9999 -9999 -9999 -9999 -9999 -9999 -9999 -9999 198.3 182.3 172.9 162.6 160.5 175.6 205.9 220 189.7 170 175.3 170.6 158.2 173.8 189 201.1 191.6 99.5 77.7 50.9 47.8 37.9 184.2 211.7 192.8 164.4 130.2 114.4 87 71.4 81 113.2 134.8 160.5 172 194.8 204.5 212.7 217.2 221.6 223 233.3 222.3 181.2 163.8 135.7 126.9 157.5 87.5 76.1 103.2 126.9 146.5
-9999 -9999 -9999 -9999 -9999 -9999 -9999 -9999 -9999 -9999 -9999 -9999 -9999 -9999 -9999 -9999 -9999 -9999 -9999 -9999 -9999 -9999 -9999 211.3 210.5 220.2 194.1 172.2 199.2 242.3 269 260.9 205.7 185.3 210.8 209.6 196.2 227.2 236 260.2 181.3 144.2 159.5 139.6 158.1 230.6 238.5 233.6 185.7 185.5 143.4 113.3 121.1 136.4 162.4 201.9 174.9 196.9 221.3 216.8 212.9 218.2 229.9 243.3 251.6 258.6 238 208.9 174.1 153.5 151 128.9 131 155.2 177.8 205.5
-9999 -9999 -9999 -9999 -9999 -9999 -9999 -9999 -9999 -9999 -9999 -9999 -9999 -9999 -9999 -9999 -9999 -9999 -9999 -9999 -9999 -9999 -9999 245.3 322.1 415.5 330.6 257.8 260.7 292.4 355.8 405.9 372.8 348.7 391.5 406 389.4 389.4 350.3 278.9 298.5 320.1 307.3 324 339.2 267.1 258.2 253.3 269.2 226.8 223.7 225.4 240.8 266.6 214.1 205.7 227.1 230.6 216.8 195.2 216.8 233.6 257.6 274.7 263.7 253.4 265.2 269.8 254.4 215.3 175.7 177.6 200.5 229.7 248.3 265.5
