datasets/global_precipitation_1950_2017/rasters/precip_1989-total.asc
NCOLS 720 
NROWS 347 
XLLCORNER -180 
YLLCORNER -90 
CELLSIZE 0.5 
NODATA_value -9999 
[rows 68 to 101 of 347, columns 532 to 607 of 720]
362.7 364.7 330.4 234.8 117.7 85.3 85.4 88.2 94.9 109.7 120.1 125.5 120.3 127 143.3 162.3 176.1 190.9 210 220.9 223.8 224.9 227.4 229.1 236.7 249.6 267.5 285.7 297.6 298.3 304.2 317.5 274.8 191.1 250.3 282.1 276.9 247.7 205.3 173.2 167.2 182.9 218 276.7 336.8 354.4 291 296.5 306.4 307.6 316.7 327.1 316.2 301.2 289.5 279.5 274.1 276.9 291.5 319.9 343.9 362.4 369 368 373.9 392.6 422.3 426.8 465.5 467.6 487.2 559.4 552.2 541.5 538.2 530.8
297.1 287.1 241.9 179.3 111 88 83.2 80.5 88.4 104.5 112.8 112.4 117.2 123.7 135.1 157.6 180.4 200.8 216 222.2 226.7 228.1 227.4 223.2 227.7 241.4 252.2 266.6 273.8 273.2 268.8 270.4 270.4 271 287.7 311.3 297.4 252.2 200.3 159.8 152.1 162 185.5 228.4 282.5 306.7 296.5 285.3 276.8 290.2 328.6 338.7 330.8 305.4 257 212.6 203.5 222.2 244.7 272.1 282.9 277.5 295.6 322.3 347.1 382 417.4 448.5 478 527.8 603.5 636.6 566.2 551.4 556.1 590.6
172.6 146.2 149.2 127.8 112.2 109.6 99.4 95.7 104 117.1 128.3 132.6 129.2 127.4 135.1 153.9 187.8 208.2 215.5 221.7 226 228.7 226.6 225.7 231.1 241.3 253.3 257.7 262.5 268.5 267.6 271.7 277 278.2 282.9 286.5 273.9 239.5 196.7 170.6 162.9 159.6 160.8 172.2 191.6 219.9 247.3 270.8 288 300.4 311.6 311.3 301.5 272.3 218.7 181.9 165.8 224.7 237.5 242.1 251 256.5 257.1 259.8 272.7 298 342.2 396.2 453.3 512.7 552.6 554.2 534.2 512.3 517.2 547.6
146.5 123.2 129.5 136.1 137.6 133.8 131.7 125.3 124.2 128.8 135.6 136.7 133.8 131 133 151.6 180.6 196.8 199.9 205.4 216.2 221.4 213.5 213.2 218.1 231.5 248.7 255.4 263.2 271.7 277.3 277.7 276.2 260 251.3 250.2 243.8 217.8 189.4 174.3 172.4 179.5 166.5 160.5 178.8 197 223 255.6 274.8 275 273.3 275.6 273 250.9 212.9 192.1 200.5 226.7 215.9 207.6 214.4 221.3 221.7 216.7 207.5 213.6 289.8 350.1 382.2 415.1 449.1 458 450.8 446.6 462.3 465.7
165.4 136.7 114.6 118.9 136.8 146.4 153.5 152.6 142.8 137.1 133.3 128.8 126.4 121.7 120.5 138 156.5 165.5 167.8 173 181.5 189.8 192.1 185.5 185.8 204.7 233.2 253.2 262.8 266.5 272.7 271.3 249.2 222.5 214.5 219.8 238.6 220.1 193.8 172.9 163.6 156.4 130.9 131.7 164.4 185.8 213.8 246.4 264 247.6 243.5 244.3 236.5 216.8 196.4 188.2 190.5 190 176.4 168.3 186.9 203.8 203 202.8 216.5 250.2 323.7 381.8 368.8 376.6 386.2 385.9 374.1 374.1 368.9 322.5
170.7 142.8 121.6 120.2 135.4 148 157 155.2 148.2 140.6 127.7 120 118.1 113.5 114.5 122.7 131.9 137.1 132.8 130 137.1 156.7 167.3 162.6 163 187 216.5 253.2 262.3 241.4 239.7 241.6 228.4 212.9 213 208.1 213.5 198.6 168.7 139.7 136.2 138.7 142 157.7 176 181.8 191.6 215.9 230.5 225.7 212.5 198.7 189.4 181.8 179 179.2 182.6 185.2 183.6 183.8 195.1 205.9 209.3 219.2 248.6 295.7 348.9 392.5 389.5 380.1 384.4 361.2 332.3 328.1 327.8 313.3
144.6 142 134.5 131.1 139.2 151.5 156.8 154.8 149.2 134.4 108 99.3 106.6 106.9 104.8 110.8 114.5 116.2 111.1 106.2 116.6 141.9 151.2 156.8 166.9 185.6 205.3 216.3 199.4 170.3 198.6 226.5 240.7 260.1 235.3 207.2 182.5 153.8 122.2 99.9 104.3 113.9 131.2 159.6 179.8 176.1 170.4 169.8 173.4 169.5 159.9 143.4 130.7 135.9 151.5 164.6 177.8 193 204.1 208.3 214.9 222.1 226 229.1 251.5 296.6 341 370.3 366.4 363.1 354.3 311.5 277 294.9 318 314.9
130.2 137.6 137.3 128.8 148.8 163.1 165.9 170.3 175.4 163 132.7 116.9 115.6 111.9 109.6 109.4 107.1 99.3 94.9 95.2 100.7 108.4 115.7 128 145.2 169.8 189.7 196.3 190 185.7 201 221.8 244 261.9 205.1 124.4 106.8 103.7 87.6 84.9 85 95.1 112.9 129.5 140.2 134.8 120.5 110 102.3 102.7 102.7 94.4 81.3 92.6 115.4 138.9 161.8 181.5 195.8 209.3 227.3 238.5 239.7 240.7 236.5 256.7 304 328.7 320.9 310.8 301.3 284.9 279.2 282 296.2 311.4
136.3 158.1 181.5 191.5 173.9 162.4 162.9 175.4 196.5 195.4 162.7 138.7 129.3 126.8 124 110.5 94.8 82.5 72.6 70.7 63.4 61 71 91.8 112.9 139.6 172.9 190.5 197.8 200.6 204.9 207.2 204.1 187.4 135.6 70.7 67.5 75.7 70.3 71.4 75.9 84.9 96 105.3 107 96.1 76.6 59.8 55.6 58.7 65.8 70.7 76.4 88.9 110.2 130.8 148.5 164.5 181.7 200.3 222.2 237.7 242.5 253.9 254.1 252.6 252.7 249.5 243 249 259.5 278.8 300 338.4 326.6 338.8
159.1 187.4 207.2 207.4 175.9 150.2 139.9 149.2 158.5 160.8 144.6 131 131.7 134.3 126.6 106.5 85.6 65.7 53.8 49.8 42.5 37.9 43.6 62 85.8 109.7 143.9 175 191 193.9 188.4 174.9 153.8 127.1 101.9 80.8 70 57.8 46.9 50.7 59.8 69.6 78.2 81.5 77.9 67.3 54.8 44.2 41.6 43.2 44.4 47.5 59.7 79.9 111.8 132.4 137.8 154.1 174.4 195.8 218.8 242.8 281.2 299.7 282.7 265.6 247.9 232.5 221 215 229.5 266.1 310.5 354.1 273.4 423.3
182 209.4 229.9 226.2 178.9 128.8 102.9 127.4 129.5 120.8 106.4 102.7 115.1 136.1 134.7 107.4 79.4 57.6 45.3 39.7 37.5 35.9 35 40 56.8 78.1 104.8 136.4 152.5 156.8 144.5 125.8 107.9 85.5 69.9 59.8 55.3 46.8 36.3 38.8 47.9 54.5 58.8 61.2 59.3 55.2 50.5 48.6 45.1 40.9 31.6 29.1 44.4 68.9 101.3 134.4 145.1 151.2 178.5 192 215.4 243.9 281.5 294.5 282.9 259.3 236.8 232.5 229.7 229.7 251.8 293.6 332.2 356.3 373.5 387.9
207 214.3 238.3 272.4 185.8 113.9 99.4 116.2 99.7 83.6 63.3 59.3 101.2 176.1 179.4 112.8 72.9 42.8 25.2 28.6 28.8 27.4 26.2 24.3 27.3 33.6 48.2 59.2 69 76.1 76.2 76.5 71.2 67.1 59.3 55 55 52.4 47.5 45.7 44.8 46.8 51.1 60.2 61.3 62.9 62.9 64.5 61.5 51.4 35 22.5 59.7 73.7 100.1 132.2 139.3 148.1 176.8 187.9 215.4 252.5 289.4 294.7 269.6 253.1 240.4 244 275.3 301.4 318.4 343.7 365.7 389.7 433.4 432.8
227.7 217.7 208 185.3 125.2 63.6 31.9 40.2 55.2 58.3 51.2 53.2 74 113.5 101 68.6 66.9 74.3 37.5 28.8 26.8 24.9 23.7 24.6 24 23 21.1 22.1 24.8 27.5 31.9 39.9 46.4 51.9 55.3 55.8 57.7 57.5 54.8 53.6 53.1 61.5 78 89.6 89 80.9 72.6 88.6 96.9 86.2 70.7 73.7 88.5 99.1 112.5 133.3 139.2 148.8 182 209.6 240.7 282.1 334.6 286.7 252.1 246.9 258.7 314.9 390.6 401 367.7 386.9 407.3 435.2 478.7 532.2
272.9 231.1 178.4 137.3 86.9 38.3 19.1 23.6 36.6 45 50.8 55.6 58.7 53 33.2 35.5 45.9 50.1 41.9 34.8 31.2 29.7 30.3 32.4 31.2 30.1 24.5 19.3 15.2 15 19 25.2 34 41 48 54.3 59.8 61.8 64.5 68.4 71.6 86.3 104.6 117.3 122.8 122.5 119.8 140.3 151.8 140.9 121.5 113.9 120.3 134.2 135.3 149.9 169.1 204.6 266.1 295.2 295 293.6 297.2 287.8 266.3 248.3 255.6 336.5 444.9 429.8 340.6 440.3 500.8 500.7 510.1 595.5
157.7 151.3 134.7 109.3 76.1 47.3 30.2 24.9 29.4 37.8 45.5 49.1 49.2 46.9 41.8 40.3 40.1 37.7 35.5 33.6 33.1 33 34.3 37.4 40 38.5 32.2 25.3 18.5 13.5 13.7 18.7 25.2 33.1 42.6 52.9 62.1 68 72.5 73.8 81.1 93.2 114.2 132.8 152.7 163.3 170.1 179.4 191.2 198.5 190 164.6 144.4 141.2 145.6 173.6 200.7 245.4 299 317.3 299.4 287.5 319.5 326.4 289.7 247.9 231.4 338.5 413.7 397.2 469.9 524.9 522 496.9 504.4 566.3
89.6 106.7 100.2 81.3 57.3 42.1 30.4 20.7 24.5 33.8 38.5 43.2 43.2 41 38.4 36.2 34.5 34.6 33.4 30.9 31.6 32.6 34.5 40.8 47.3 48.7 43.5 34.8 24.6 16.8 15.5 19.3 23.5 29.7 40 53.4 65.3 73.3 76.6 75.5 79.1 90.6 112.3 143.1 173.5 182.1 200.3 231.1 254.5 259.1 273 261.2 207.9 171 166.1 195.5 230.3 256.5 300 312.8 324.7 359.2 371.3 305.2 322.6 322.6 380.2 457.8 510.3 503.5 528.1 597.3 563.9 512.5 440.1 511.3
86.8 78.8 63.3 47.3 38.1 28.2 22.2 17.8 19.8 25.7 33.4 37.7 35.3 35.4 32.3 31.3 30.4 30.3 30 30.4 33.6 37.9 42.2 50.6 57.5 60.6 57.7 49.2 37.6 29.5 24.2 24.8 26.4 33.7 48.2 62.7 75.5 80.3 78.9 80.7 80.8 91.9 112.6 136.7 169 194.9 239.3 280.4 299 307.9 329 327.8 297.6 239.4 188.9 87.3 177.8 274.7 308.6 310.3 378.8 440.3 554 364.3 330.5 352.2 505.8 526.4 472.7 461.9 421.1 595.2 557.7 529.8 548.5 532.1
69.6 52.8 28.7 13.2 17.4 20.9 19.2 17.7 18.7 26.7 32.7 31.7 31.8 30.5 29.6 29.1 28.3 27.4 27.5 31.1 40.1 44.2 52.5 62.7 69.4 72.5 69.6 62.6 54 47.6 39.9 40.7 45.1 52.2 61.7 70.8 78.3 75.7 76.1 82.4 91.1 105.8 118.4 133.2 173.6 238.8 296.8 290.2 334.4 326.8 354 345.5 316.1 282.9 250.7 199.8 242.6 259.6 330.6 293.1 304.8 406.3 421.1 349.6 345.1 385.8 470.7 626.2 520.6 494.3 -9999 -9999 522.5 601.8 581.1 609.1
51.2 36.9 21.6 14.3 16.2 20 20.7 21.8 24.7 29.6 34.2 30 27.3 25.6 25.5 25.7 25.7 24.7 26 36.3 46.2 42.1 65 74.5 80.7 81.1 79.6 70 67 69.2 73.3 77.6 83.7 86.1 82.6 74.2 64.1 62.4 70.1 75.2 91.1 109.4 128.3 154.3 202 292.9 360 381.7 377.6 361.5 351.8 321 341.6 366.3 386.3 320.9 322.7 348.8 435.5 351.7 413.2 367.6 376.3 402.3 419.9 483.4 510.2 521.2 516.2 -9999 -9999 -9999 462.9 558.6 765.9 709
34.8 27.5 22.2 19.8 22.1 22.4 21.4 24.3 29.2 33.5 34.9 32.2 26.6 24.2 23.1 23.4 24.7 25 30 38.5 50.5 60.4 80.2 98.6 102.2 84.6 90.7 87 83.2 86.8 93.9 102.4 114 118.9 106.4 89.3 76.8 75.8 74.6 62.1 92.2 130.3 167.9 205.6 241.1 306.9 374.5 428.9 425.2 397.2 397.8 389.7 396.4 417.5 429.4 369.2 346.7 381.7 464.1 539.8 496.1 388.1 354.4 383.3 422.2 447.1 483.8 -9999 -9999 -9999 -9999 451.8 499.7 563.2 589.2 690.9
29.6 24.2 19.5 17.1 25.3 21.1 23.2 27.8 32.8 37.3 38 35.1 28.7 22.4 18.6 20.9 26.6 31.9 39.7 51.6 70.5 103.5 143.6 173.9 194 168.1 127.5 104.9 98.1 90.5 97.5 95.9 122.3 125.8 101.3 80.2 92.5 108.2 125.2 132 147.4 175.9 214.2 229.6 231.5 265 323.6 359.2 378.8 399.9 424.4 424.6 425.3 398.9 501.7 568.9 477.6 365.1 415.4 396 370.8 326.8 302.9 335.6 402.9 438.5 -9999 -9999 -9999 -9999 -9999 432.2 -9999 -9999 -9999 -9999
32.8 25.8 21.1 18.6 18.1 19.6 24.9 32 40.7 47.1 46 39.5 31.7 22.8 15.4 20.8 34 50.3 66.5 83.8 117.1 190.1 237.9 286.9 354.5 310.3 202.5 139.3 113.6 105.7 125.7 157.3 172.5 124.6 84.6 96.3 112.1 142.1 172.4 191.8 201.5 214.3 232.4 233.8 237.8 267.8 289.6 291.6 314.9 377.2 422 421 417.4 396.4 527.8 627.5 497.1 325.1 320.1 377.3 345.4 315.5 314.9 -9999 -9999 -9999 -9999 -9999 -9999 -9999 -9999 -9999 -9999 -9999 -9999 -9999
35.4 30.6 26.8 26.9 25.4 24 29.1 36.4 46.1 54.5 51.5 45.1 38.2 31.5 28.5 34.4 51.7 73.4 90.7 110 150.8 217.4 281.7 327.3 362.7 360.1 313.3 246.8 213.9 219.4 258.6 271.1 235.3 259.4 231.5 192.4 172.3 178.7 194.3 206.9 216.6 239.2 269.1 278.9 292.1 301.7 306.3 257 278.7 350.9 409.5 419.8 414.5 402.6 409.4 452.2 439 401.4 305.4 290.8 266.3 342.6 359.5 312.7 -9999 -9999 -9999 -9999 -9999 -9999 -9999 -9999 -9999 -9999 -9999 -9999
36.8 32.4 29.3 27.1 26.4 28.6 31.8 38.6 46.8 53.3 53.5 51.7 46.9 44.9 44.7 50.7 62.6 83.2 96.4 114 158.6 224.3 280.3 338.9 437.6 503.9 490.3 434.9 421.7 478 555.1 519.2 336.2 239 309.1 293.6 236.1 197.8 197.9 211.3 228.2 269.7 302.2 326.8 353.6 348.6 329.4 308.7 322 386.1 425.4 437.1 439.5 436.6 394.8 471.7 503.9 488.7 361.6 301.6 335.2 339.4 444.5 255.5 288.9 334.8 -9999 -9999 -9999 407 -9999 -9999 -9999 -9999 -9999 -9999
37.6 33.8 30.4 29.4 29.1 31.4 36.3 45.5 53.9 65 68.9 66.7 61.5 54.5 58.2 64.2 68.2 76 87.8 112.8 156.9 221.4 270.1 336.2 500.2 663.1 558.1 480.5 459.8 520.6 624 659.5 484.5 439.7 398.1 311.5 224.8 194.1 176.7 181.7 229.6 306.3 365.6 391.3 422.7 407.2 398.1 388.4 392.1 424.8 440.2 448.4 483.4 545.1 516.1 509.8 619.1 615.9 438.8 370.9 309 244.9 287.4 308.2 294.9 364.5 -9999 -9999 407.6 239 362.8 412.4 548.8 -9999 -9999 -9999
38.5 35 32.4 31.5 32.3 36.2 46.1 63 81.4 100.6 112.8 113.5 103.5 92 90 89.3 72 60.4 70.7 99 127.8 179.9 255.6 329.7 448.8 551 433.2 480.3 480.7 494.5 499.4 479 462.3 429.3 370.3 282.7 198.9 231.1 182.9 168.8 263.9 368.1 399.2 423.8 435.2 442 457.8 441.1 449.6 454.8 464.6 468.1 516.1 558.4 520.6 518.9 622.9 652.7 435.1 320.2 455 357.8 326.6 431.5 354.6 426.5 446 415.8 424 461 618 -9999 -9999 -9999 -9999 -9999
39.4 36.3 34 34.2 38 53.2 76.9 109.1 139.7 162.8 178.1 185.3 187.5 185 169.1 130 80 56.6 65 100.3 125.1 175.3 217.7 283.6 335 413.3 462.1 483.2 489.8 484 473.2 457.3 438.1 414.4 354.1 290.8 271.6 271.6 279.2 317.1 373.6 425.1 449 462.7 468.7 476.9 469.8 461.4 475.5 483.1 478.1 480.7 493.5 477.8 484.2 520.6 553.3 559.6 470.7 417 1211.7 500.6 574.3 458.8 424.5 479.4 443.1 471.9 508.2 -9999 -9999 -9999 -9999 -9999 -9999 -9999
42.6 38.7 35.6 39 57.3 96.8 141.7 185.9 218.7 234.4 249.8 261.5 282 305.7 289.7 214.2 127.5 97.9 112.7 140 180.5 232.4 275.1 325 373.9 412.6 479 536.4 555.8 580.1 511.3 472 472 465.4 448.9 349.9 355.3 361.1 389.4 427.1 445.5 489.8 485.5 471 505.7 550.6 558.8 548 533.9 524.1 514 509.8 499.6 474.7 475 505.7 510.2 506.6 478.2 452.2 426.7 414.1 443.9 458 521.1 612 423.6 447.6 -9999 -9999 -9999 -9999 -9999 -9999 -9999 -9999
63.1 52.3 46 47.9 126.1 195.7 248.9 277.3 286.3 295.8 300.2 309.9 336.7 386.4 391 308.1 234.1 205.7 227.1 273.8 316.1 349.1 380.3 423.4 453.3 478.1 523.9 565.7 587.2 575.7 536.7 521.5 526.2 498.5 474.5 430.9 427.2 424.2 447.3 484.9 527.3 563.7 559.8 550.9 553.1 603.5 620.8 599.4 595.1 577.3 548.1 557.2 545.1 525.8 518.1 529.1 497 517.3 515.2 517.4 521.3 489.8 519.3 595.7 616.9 645.5 627.4 -9999 -9999 -9999 -9999 -9999 -9999 -9999 -9999 -9999
108.5 117.5 133.7 203.6 307.4 337.6 337.9 336.7 334.8 332.4 327.1 323.3 331.4 350.7 364.4 346.2 328.7 345.5 395.8 451.1 491.8 517 519.2 509.4 506.7 525.4 549.7 573 577.8 563.5 547.8 547.2 537.4 516.6 518.9 540.1 541.5 589.2 535.4 504.8 543.2 634.5 685.6 663.5 589.8 547.5 524.4 601.4 614.7 604.8 578.1 622.3 635.3 606.3 557.1 534.4 562.1 575.1 563.2 573.5 581.1 645.1 677.5 641.7 612 762 854 -9999 -9999 -9999 -9999 -9999 -9999 -9999 -9999 -9999
149.1 174.2 218.1 286.5 336.3 362.7 365.7 364.6 360.9 354.8 342.1 323.3 306.9 319.3 345.9 375.3 412.1 460.7 504.4 512.9 549.5 595 611.6 584.2 560.1 557.9 579.9 608.1 616.8 627.3 626.5 616.1 592.7 564.2 558.9 561.3 557.1 553.7 558.1 554.9 595.6 719.2 754.7 776.1 639.9 596.7 566.7 678 686.5 767.4 800.5 740.4 721.5 666.3 646.2 597.8 667.5 743.6 624.2 640.9 661.3 713.7 782.7 692.7 658.5 745.6 757.6 709.3 820.8 -9999 -9999 -9999 -9999 -9999 -9999 -9999
186.1 214 250.1 293.3 335.8 360.6 371.5 376.1 376.9 374.1 364.6 348.1 334 341.1 376 425.1 487.5 528.7 544.3 544.5 573.7 628.8 673.8 626.7 595.9 585.9 614.3 647 676.7 735.8 777.7 751.8 672.6 595.5 581.3 559.5 509.3 497.5 591.5 873.4 589.6 724.2 839.8 854.1 820.5 704.3 700.5 784.7 817 816.7 847 893.5 955.3 900.7 845.7 846.2 872 875.3 789.3 780.7 714.9 775.9 695.2 728.3 720.4 798.2 772 801 873 -9999 -9999 -9999 -9999 -9999 -9999 -9999
213.2 243.7 281.1 313.7 333.4 352.7 366.2 378.2 390.6 396.1 394.6 391.6 393.4 411.5 449.4 500.6 548 569.8 576.6 576.8 582.7 604.3 639 631.9 615.4 617.5 637.8 664.8 713 776.8 826.4 808.6 732 643.4 632.3 616.8 526.3 461 574.2 698.3 564.9 901.7 1044.5 995.7 930.8 816.8 798.9 791.3 867.8 948 989.5 1031.1 1073 1041.2 1001.9 1081.5 1007.3 896.7 908 926.2 885.2 883.4 932.9 890.1 828.1 811.7 901.4 1056.2 1123.1 -9999 -9999 -9999 -9999 -9999 -9999 -9999
248 280.8 308.5 338.6 340.5 357.3 357.9 375.3 395.3 415 422.5 428.3 444.5 476 519.6 561.1 584 584.2 583.8 579.8 576.6 580.1 618.3 618.7 629.4 656.9 670.5 689.8 725.5 763.3 798.8 810.1 780.5 722.2 679.9 670.7 632.3 629.8 796.9 1060.1 1072 1074.6 1118 1104.2 979 786.1 696.5 775.1 941.2 1046.3 1069.5 1028.8 1049.2 1021.9 971.6 1130.7 1045.9 988.5 1044.5 1048.8 1046.5 981.8 971.1 989.9 997.2 1028.2 1163 1161.2 1178.7 1124.9 -9999 -9999 -9999 -9999 -9999 -9999
