datasets/global_precipitation_1950_2017/rasters/precip_1954-total.asc
NCOLS 720 
NROWS 347 
XLLCORNER -180 
YLLCORNER -90 
CELLSIZE 0.5 
NODATA_value -9999 
[rows 306 to 339 of 347, columns 304 to 379 of 720]
-9999 -9999 -9999 -9999 -9999 -9999 -9999 -9999 -9999 -9999 -9999 -9999 -9999 -9999 -9999 -9999 -9999 -9999 -9999 -9999 -9999 -9999 -9999 -9999 -9999 -9999 -9999 -9999 -9999 -9999 -9999 -9999 -9999 -9999 -9999 -9999 -9999 -9999 -9999 -9999 -9999 -9999 -9999 -9999 -9999 -9999 -9999 -9999 -9999 -9999 -9999 -9999 -9999 -9999 -9999 -9999 -9999 -9999 -9999 -9999 -9999 -9999 -9999 -9999 -9999 -9999 -9999 -9999 -9999 -9999 -9999 -9999 -9999 -9999 -9999 -9999
-9999 -9999 -9999 -9999 -9999 -9999 -9999 -9999 -9999 -9999 -9999 -9999 -9999 -9999 -9999 -9999 -9999 -9999 -9999 -9999 -9999 -9999 -9999 -9999 -9999 -9999 -9999 -9999 -9999 -9999 -9999 -9999 -9999 -9999 -9999 -9999 -9999 -9999 -9999 -9999 -9999 -9999 -9999 -9999 -9999 -9999 -9999 -9999 -9999 -9999 -9999 -9999 -9999 -9999 -9999 -9999 -9999 -9999 -9999 -9999 -9999 -9999 -9999 -9999 -9999 -9999 -9999 -9999 -9999 -9999 -9999 -9999 -9999 -9999 -9999 -9999
-9999 -9999 -9999 -9999 -9999 -9999 -9999 -9999 -9999 -9999 -9999 -9999 -9999 -9999 -9999 -9999 -9999 -9999 -9999 -9999 -9999 -9999 -9999 -9999 -9999 -9999 -9999 -9999 -9999 -9999 -9999 -9999 -9999 -9999 -9999 -9999 -9999 -9999 -9999 -9999 -9999 -9999 -9999 444.3 -9999 -9999 -9999 -9999 -9999 -9999 -9999 -9999 -9999 -9999 -9999 -9999 -9999 -9999 -9999 -9999 -9999 -9999 -9999 -9999 -9999 342.8 341.2 342.3 344.7 347.9 351.9 356.4 360.4 365.5 371.2 377.3
-9999 -9999 -9999 -9999 -9999 -9999 -9999 -9999 -9999 -9999 -9999 -9999 -9999 -9999 -9999 -9999 -9999 -9999 -9999 -9999 -9999 -9999 -9999 -9999 -9999 -9999 -9999 -9999 -9999 -9999 -9999 -9999 -9999 -9999 -9999 441.1 441.5 441.6 -9999 -9999 -9999 443.5 443.6 443.6 -9999 -9999 -9999 -9999 -9999 -9999 -9999 -9999 -9999 -9999 -9999 -9999 -9999 377.9 371.8 366.6 362 358 353.7 349.6 346.6 346.1 346.3 350.6 355.7 360.5 367.2 373.8 381.3 388.2 399.1 411.2
-9999 -9999 -9999 -9999 -9999 -9999 -9999 -9999 -9999 -9999 -9999 -9999 -9999 -9999 -9999 -9999 -9999 -9999 -9999 -9999 -9999 -9999 -9999 -9999 -9999 -9999 -9999 -9999 -9999 -9999 -9999 -9999 -9999 -9999 442.1 442.3 442.3 442.8 443.3 443.5 444 443.7 443.3 442 440.5 439.4 437.3 433 427.8 421.2 414.3 406.9 400.5 394.5 389 383.3 378.3 372.8 366.8 361.5 357.6 355.5 353.7 351.9 351.6 351.5 352.9 357.4 363 368.8 376.7 386.7 391.7 400.9 410.9 422.1
-9999 -9999 -9999 -9999 -9999 -9999 -9999 -9999 -9999 -9999 -9999 -9999 -9999 -9999 -9999 -9999 -9999 -9999 -9999 -9999 -9999 -9999 -9999 -9999 -9999 -9999 -9999 -9999 -9999 -9999 -9999 -9999 -9999 -9999 441.7 442.9 443.3 443.3 443.4 443.7 444.1 443.8 439.8 437.8 437.9 434.2 430.6 425.9 419.8 412.9 406.2 400.9 395.4 389.5 384.4 378.5 373.1 368.3 364 359.6 357.5 356 354.6 355.5 356.5 356.9 359.4 364.6 369.8 376 382.5 389.3 396.3 403.8 412.8 421.3
-9999 -9999 -9999 -9999 -9999 -9999 -9999 -9999 -9999 -9999 -9999 -9999 -9999 -9999 -9999 -9999 -9999 -9999 -9999 -9999 -9999 -9999 -9999 -9999 -9999 -9999 -9999 -9999 -9999 -9999 438 438.3 439.6 440.6 441.5 442.1 442.7 443 443.3 443.2 442.5 441.4 440.3 437.2 433.9 429.7 424.3 419.4 412.8 406.6 400.2 395.4 391.5 387.2 382 376.7 371.3 366.2 362.1 359.4 357 356.4 356.9 358.2 359.9 361.8 364.4 369 374.2 379.8 385.5 391.4 397.3 403.9 419.2 426.1
-9999 -9999 -9999 -9999 -9999 -9999 -9999 -9999 -9999 -9999 -9999 -9999 -9999 -9999 -9999 -9999 -9999 -9999 -9999 -9999 -9999 -9999 -9999 -9999 428.2 429.1 430.6 431.6 432.7 433.9 435.5 436.8 437.5 438.5 439.3 440.1 440.9 441.8 440.8 442.2 441.8 440.4 438.2 436.4 431.4 427 421.4 416.1 409.7 403.7 397.7 393 388.1 383.8 379.6 375.4 369.9 365.3 362.1 359.7 357.5 356.5 357.1 358.3 360.5 363.6 367.7 371.9 375.9 380.4 385.4 390.5 402.8 408.8 415.5 421.6
-9999 -9999 -9999 -9999 -9999 -9999 -9999 -9999 -9999 -9999 -9999 -9999 -9999 -9999 -9999 -9999 -9999 -9999 -9999 -9999 -9999 -9999 -9999 -9999 423.5 425 426 427.7 428.9 430.5 431.7 433 433.9 435.3 436.4 437.1 437.3 438.1 438.6 439.2 439.3 438.7 437 434.2 428.5 425.7 421.1 414.9 406.5 401 396.4 392.1 387.6 382.4 378 374 369.1 365.1 363 361 359.5 359.4 359.5 360.4 361.6 363.9 374.7 380 384.5 389.3 393.7 397.3 401.8 406.5 412 417.1
-9999 -9999 -9999 -9999 -9999 -9999 -9999 -9999 -9999 -9999 -9999 -9999 -9999 -9999 -9999 -9999 -9999 -9999 -9999 -9999 -9999 -9999 -9999 -9999 -9999 418.6 420.1 421.6 423.2 424.8 426.1 427.8 428.8 430.4 431.4 432.7 434 434.2 434.5 434.1 432.5 431.2 430.1 427 423.3 418.9 414.3 408.9 403.4 397.5 392.2 388.3 384.8 381 376.8 373 368.9 365.2 363 361 360.5 361.1 361.3 368 369.1 372 374.8 378.2 381.9 386.3 392.5 396 399.8 403.5 407.7 411.3
-9999 -9999 -9999 -9999 -9999 -9999 -9999 -9999 -9999 -9999 -9999 -9999 -9999 -9999 -9999 -9999 -9999 -9999 -9999 -9999 402.7 403.4 404.5 405.7 407.5 408.5 410.7 412.4 414 416.5 417.9 419.2 420.5 422.1 423.9 424.3 425.2 426.3 427 425.3 424.3 423.3 424.6 421 418.7 411.3 410.3 404.9 400 394.3 389.2 385.1 381.3 378.3 374.5 371.2 368.1 365.5 363.6 368 367.2 367.2 368.4 368.8 370.6 372.8 375.5 378.4 382.3 385.2 388.2 390.7 394.3 397.6 401.3 404.1
-9999 -9999 -9999 -9999 -9999 -9999 -9999 -9999 -9999 -9999 -9999 -9999 -9999 -9999 -9999 -9999 -9999 -9999 388.6 388.8 389.7 390.4 391.3 392.3 393.2 394.7 396.7 398 399.6 401.3 406.9 408.4 409.6 411 411.8 412.3 412.9 414.2 414.1 412.7 411.1 410.5 409.9 410.7 408.1 404.8 401.5 397.9 393.9 389.8 385.1 383.3 379.9 376.6 373.5 372.3 369.7 367.6 367.5 368.8 368.9 369 369.4 369.5 370.6 373.1 374.6 376.2 378.6 380.8 383.1 385.1 386.4 387.8 387.4 390
-9999 -9999 -9999 -9999 -9999 -9999 -9999 -9999 -9999 362 363.6 365 365.9 366.2 366.9 367.2 367.8 368.5 369.1 370.4 371.4 372.2 373.3 374.7 375.9 377.5 379.3 380.9 382.3 383.9 390 391.6 393.3 395.1 396.5 397.6 398.8 395.6 396.3 396.7 396.5 396 393.8 394 392.4 390.3 388.5 386.9 384.8 381.7 380.4 378.4 375.5 373.4 371.2 369 366.8 365.4 365.3 365.7 366.1 367.3 367.2 366.7 366.5 367.5 368.3 367.7 367.9 368.6 369.3 369.6 368.3 367.1 365.7 364.5
-9999 316 318.8 321.4 323.7 325.7 327.6 329.3 331 333.1 335.4 337.1 338.3 339.5 340.6 341.8 343.1 344.4 345.4 347.1 348.3 349.8 350.9 352.8 354.3 356 357.9 360.4 362 363.8 367.6 369.3 371.3 373.1 374.8 376.1 377.7 378.7 379.1 379.4 379 378.1 376.6 377.1 376.7 375 373.7 372.7 371.5 369.4 367.9 366.8 365.5 364.6 362.8 360.8 358.9 358.3 357.2 357.2 356.8 356.4 356.2 355.7 353.9 353.8 352 350.4 347.7 347.2 343.8 341.2 338 336.5 332.6 328.5
283.5 286.5 289.2 292.5 296.1 298.7 301.3 303.7 305.5 307.8 309.3 311.3 312.9 314.5 316.2 317.4 318.9 320.5 322 323.5 325.1 326.3 328.1 329.8 331.2 333 334.2 337.4 338.8 340.4 342.2 344.3 345.9 348 349.7 351.6 353.2 354.7 355.9 356.6 357.3 358.7 357.3 360.3 360.1 359.1 358 357 355.7 353.6 351.1 350.1 349.1 348 346.3 344.3 342.6 341 339.2 337.1 335.7 335.2 332.6 330.6 328.4 323.9 320.8 317.8 315 311.1 306 301.9 298.1 293.4 289.5 285.8
258.6 262.4 265.1 268 270.7 273 275.8 278.5 281 283.2 285.6 287.9 290.5 292.6 294.5 296.1 297.9 299.4 301.2 302.6 304.2 305.8 307.6 308.9 310.7 311.5 312.8 314 318.9 317.8 319.2 320.7 322.6 324.3 325.9 327.8 329.5 330.8 332.1 333.3 334.7 336.5 337.5 337.8 338.2 338.3 338 337.4 336.2 334.5 332.3 330.5 328.1 326.2 322.6 319 316.9 314 311.2 308.8 305.7 301.8 298.6 294.3 290.3 285.9 282.6 276.8 272 266.8 261.9 259 250.6 245.2 239.9 235
239.7 242.8 246 249.4 251.7 253.9 255.5 258.2 260.5 263.4 265.7 267.5 269.1 272.1 272.7 274.8 276.9 278.7 281.1 283.1 284.7 286.4 288.1 289.8 291.3 292 292.9 293.2 295.5 296.7 297.7 299.3 300.9 302.4 304.1 304.4 305.2 306.1 311.6 308.9 310.3 311.7 313 313.9 314.3 313.3 312.1 310.6 309.1 306.7 304.1 304.6 301.8 298.1 294.8 291.1 287 283.1 279.2 274 269.4 264.8 262.2 256.3 249.8 244.6 239.5 233.9 229.5 224.2 219 211.9 207.5 203.7 197.8 193.5
230.4 232.6 231.8 235.7 237.7 238.9 240.8 243.3 245.6 247.8 250 251.6 253 254 255 259.7 257.8 259.8 262 264.1 265.7 267.5 269.2 270.9 272.2 274.1 274.5 274.9 279.4 278.7 280.1 278.6 280 280.7 280.8 282.5 283.9 285.2 286.3 287.4 288.5 289.2 290.1 290.6 290.3 289.4 287.7 285.7 283.1 279.7 276.3 271.9 268.6 264.7 260.9 256.5 251.9 247.4 242.2 237.4 232.2 226.2 221.2 216.4 212.1 207.3 191.4 184.5 177.9 183.5 177.7 162.4 159.5 156.4 152.6 150.6
222 223.6 222.3 224 226.1 228 229.1 231.5 232.3 234.3 236.6 238.5 239.6 240.4 241.2 241.7 242.8 244.9 246.3 247.6 248.8 255.9 256.6 256.7 254.7 256.4 259.1 259.3 259.9 260.1 260 260.7 267.8 263.4 264.6 265.7 266.4 267.1 267.8 268.4 268.7 268.3 268.3 267.4 266 264.3 261.6 258.4 254.4 250.7 246.3 241.6 236.2 230.5 224.4 218.1 217.3 206.4 201 196 190.8 185.5 167.9 162.3 157 152 147.2 143 139 135.7 132.6 125 126.3 114.4 112.8 111.3
215.1 216.5 214.7 215.9 217.6 219.2 220.5 221.1 222 222.6 227.1 225.2 227.3 229.3 229.7 233.2 234.5 232.7 234.3 235.8 237 238.1 238.7 238.6 240.8 242.3 243.6 245.3 246.2 246.1 246.3 248.1 248.3 249.1 248.2 249 249.4 249.8 250.1 249.9 249.2 248.1 246.3 244 241.3 238.3 234.9 231.1 226.6 221.9 215.8 214.7 202.9 196.1 189.1 182.6 175.8 168.8 162.2 155.8 149.7 144 138.6 133.5 129.4 124.8 120.7 113.4 104.7 96.5 107.9 87.5 86.5 85.5 85 84.4
209.5 210.8 207.4 208.5 209.4 210.6 211.4 212.6 213.2 214.1 219.8 221 216.8 219.7 221.1 221.7 222.8 223.6 223.9 227.4 228 228.8 225.7 227.3 228.1 228.6 230.2 230.9 231.7 231.8 232.2 232.3 232.3 232.3 232.2 234.9 234.6 234.2 233.3 232.3 231 228.9 226.9 224.3 220.4 216.4 212.3 207.5 201.9 195.6 189.4 183.2 176.4 170.2 163.7 157 150.6 144.3 138.3 132.9 127.6 122.4 117.8 111.1 103.2 95 87 98.8 77.8 75.3 73.1 71.4 69.7 68.2 83.8 82.8
201.1 201.8 200.6 201.7 202.7 203.8 204.8 205.5 205.6 206.4 209.1 210.2 209 209.9 210.8 211.5 212.5 212.8 213.7 214 216.5 217.3 215.6 216.6 217.3 220.5 219 218.7 219.3 219.8 219.9 220 220 219.8 219.1 218.2 217 219.4 217.8 216.1 214.1 211.7 208.5 204.9 201.1 196.6 191.5 186.1 180.5 174.3 168.5 161.9 155.2 153.8 148.3 142.4 130.1 124.1 118.4 113.1 108 100.9 98.7 89.8 85.4 81.6 78.3 75.3 72.7 70.6 68.6 66.8 65 63.5 62.2 60.9
193.8 194.6 195.1 195.7 197.4 198.1 199.4 199.8 199.3 200.1 201.1 201.8 202.1 202.5 204.1 204.8 205.6 206 206.5 206.5 207.4 207.9 207.4 207.7 207.9 208.3 208.2 208 207.9 207.7 207 206.8 205.9 204.7 203.6 202.3 200.9 201.1 200.2 197.8 195.5 191.9 188 183.8 179.5 174.8 170 164.9 159.9 154.5 148.7 143.3 137.6 131.9 126.3 120.6 114.9 108.6 104.7 98.2 93.9 89.4 85.5 82.2 79 76 72.9 70.4 68.2 66.2 64.3 62.5 60.9 59.3 57.8 56.4
188.3 188.9 188.3 188.5 188.8 189.3 189.7 190.6 190.8 191.6 192.1 192.4 192.6 193.1 193 193.6 194 194 194.3 194.2 194.3 194.4 194 193.7 193.2 192.9 191.9 191.4 191 189.9 188.9 187.7 186.2 184.5 182.4 180.7 181 178.9 175.8 172.9 169.6 167.5 164.2 160.4 155 151.6 147.1 142.4 137.7 133 128.1 123.4 119.1 114.8 109 104.1 99.6 94.7 90.3 86 84.9 81.2 77.7 72.1 69.2 66.9 65 63.2 61.1 59.2 57.2 55.4 53.4 51.8 50.2 48.9
175.3 176 176.3 176.5 176.7 176.9 177 177.3 176.6 176.6 176.7 176.9 176.6 176.7 176.6 176.4 176.5 175.8 175.6 175.3 174.6 174 173.3 172.7 171.7 170.9 169.9 168.6 167.2 165.9 164.6 162.9 161.2 159.6 157.3 155 152.7 150.6 148.8 146.6 143.5 140.4 137 134 130.5 127.4 123.8 120 116.5 112.7 108.6 104.8 100.8 96.8 92.9 88.9 85.2 81.4 77.8 74.4 71.1 70.6 67.8 63.3 61.2 59.6 58 56.3 54.6 53.4 52.2 50.7 50 48.7 47.5 46.6
156.1 156.4 156.8 156.9 156.9 157 157.2 157.1 156.9 156.8 156.6 156.3 155.9 155.4 154.4 153.8 153.4 152.5 151.7 151.1 150.5 149.2 148.3 147.4 146.2 144.9 143.6 142.5 140.9 139.3 137.7 135.9 134.1 132.2 130.4 128.2 126.1 125.3 123 120.3 117.8 115.6 113 110.4 107.5 105 102.2 99.2 96.3 93.3 90.2 87.1 84.6 81.5 78.6 76.1 73.6 71.1 68.4 65.9 63.7 61.9 59.8 58 56.3 54.8 53.4 52.7 51.6 50.3 51.1 50.1 49.2 46.5 45.7 45
133.1 132.8 133 133 132.9 132.5 132.4 131.9 132.1 131.6 131.2 130.9 130.5 130.2 129.6 129.1 128.5 127.2 126.5 124.7 124.2 123.1 122 121.1 119.7 118.9 117.6 116.3 114.8 113.7 112.2 111 109.3 107.9 106.2 104.7 103 101.7 100 98.2 96.3 94.1 92.1 90.1 87.8 85 83.1 80.9 79.4 77.2 75.2 72.9 71 69.1 67.1 65.1 63.5 61.9 60.7 60.3 59 57.2 56.4 55.2 54.1 53 52.1 50.9 50 49.1 48.1 47.2 46.3 45.5 44.8 44
109.7 109.2 109.1 108.7 108.5 108.2 108.1 107.5 107.3 106.9 106.5 106 105.9 105.5 104.5 104.4 103 102.3 101.8 101.1 100 99.5 98.6 98.1 97 96.4 95.3 94.5 93.6 92.8 91.8 90.6 89.4 88.1 86.8 85.3 83.9 82.3 80.8 79.4 78 77.5 75.3 74.1 73.1 72.3 70.7 69.5 68.2 65.3 64.2 63.7 62.7 61.4 60.8 60.6 59.8 58.7 57.7 56.8 55.8 54.8 53.8 53 51.9 51.1 49.6 49.7 48.9 48.2 46.8 46.2 45.6 45.2 44.6 44.1
86.1 85.8 85.6 85.7 85.2 85 84.6 84.4 84 83.5 83.3 83.5 82.8 82.6 81.9 82.1 81.6 81.4 81 80.6 80.1 79.8 79.1 78.8 78.1 77.8 77.1 76.5 76.1 75.4 74.8 74.1 73.4 72.9 72 71.4 70.6 69.9 69.2 68.2 67.4 66.3 65.5 64.7 63.3 64.6 62.9 62.2 61.8 61.2 60.6 60.2 59.5 56.5 55.9 55.3 54.7 54.3 53.6 53.1 52.5 52 51.4 50.9 50.4 49.7 49.2 48.5 47.9 47.2 46.7 46.2 45.4 45 44.4 44.2
70.3 70.1 69.9 69.6 69.5 69.3 69.2 69.1 68.8 69.1 68.8 68.6 68.3 68.1 67.7 67.5 67.2 66.9 66.6 66.3 66.1 65.6 65.4 65 64.8 64.4 64.1 63.7 63.5 63.1 62.8 61.9 61.5 61.8 61.4 60.9 60.7 60.3 62.3 62 61.6 61.2 58.5 58 57.5 57.3 56.6 56.3 55.8 55.5 54.9 54.2 53.8 53.1 52.6 52.1 51.5 51 50.6 49.8 49.3 49 48.7 48.4 47.9 47.4 46.9 46.5 46 45.8 45.4 44.9 44.7 44.7 44.6 44.3
60.7 60.7 60.4 60.5 60.2 60 59.7 59.4 59.9 60 59.9 59.6 59.9 59.1 58.9 58.7 59.1 59 58.6 58.5 58.3 58.3 57.9 58 57.8 57.5 57.4 57.1 56.9 56.6 56.3 56.1 55.9 55.6 55.4 55.1 54.8 53.6 53.3 53 52.7 52.5 52.3 51.9 51.8 51.3 51.2 51 50.8 50.4 50.2 49.9 49.8 49.3 49.2 48.9 48.6 48.5 48.2 48.1 47.9 47.6 47.4 46.6 46.9 47 46.8 46.5 46.1 45.6 45.2 45.2 45 44.6 44.4 44.2
54.5 54.4 54.3 54.3 54.2 53.9 53.9 54 54.2 54.1 54 54.5 54.4 54.3 54.3 54.1 53.9 53.8 53.6 53.5 53.3 53.2 53 52.9 52.8 52.7 52.4 52.3 52.1 52 51.7 51.7 51.5 51.3 51.2 51 50.8 50.7 50.4 50.3 50 49.9 49.9 49.6 49.5 49.5 49.2 49.3 49.2 49.1 49.1 48.8 48.1 48 48.5 48 47.7 47.5 47.3 47.8 46.7 46.7 46.4 46.1 46.2 46 45.3 45.2 44.8 44.8 44.7 44.6 44.2 44.2 44.1 43.9
50.7 50.6 50.6 50.4 50.6 50.8 50.9 51 51 51.5 51.4 51.2 51.1 51.2 51.1 51 50.9 50.7 50.7 50.5 50.5 50.5 50.6 50.6 50.3 50.4 50.4 50.2 50.2 50.2 50.2 50.1 50 50.1 49.9 50 49 48.9 48.8 49.5 49.5 49.4 49.2 49.1 48.9 48.8 48.6 48.5 48.1 47.9 47.8 47.8 47.5 47.2 47.1 46.8 46.5 46.9 46.3 46.1 46 45.9 45.8 45.6 45.5 45.4 45.2 45.2 45.1 44.9 44.8 44.7 44.6 44.5 44.4 44.2
49.1 49.1 49.1 49 48.9 48.9 49 49.1 49.2 49.3 49.5 49.6 49.7 49.7 49.8 49.8 49.1 49.1 50.1 50 49.9 49.8 49.7 49.6 49.6 49.4 49.4 49.4 49.4 49.4 49.2 49.2 49.1 49.1 49 48.9 48.7 48.7 48.4 48.3 48.3 48 47.9 47.7 47.7 47.4 47.6 47.4 47.1 47 46.9 46.8 46.8 46.5 46.5 46.4 46.4 46.3 46.2 46 46 45.9 45.7 45.6 45.6 45.6 45.4 45.3 45.2 45.3 45.1 45 44.9 44.9 44.9 44.7
