datasets/global_precipitation_1950_2017/rasters/precip_1977-total.asc
NCOLS 720 
NROWS 347 
XLLCORNER -180 
YLLCORNER -90 
CELLSIZE 0.5 
NODATA_value -9999 
[rows 34 to 67 of 347, columns 152 to 227 of 720]
263.3 254.1 244.8 238.9 234.4 233.1 230.3 230.5 233.2 235.6 238.3 241.3 244 249 251.9 252.8 255.9 256.9 258.4 260.2 261.5 263.6 266.3 270.1 272.8 273.9 277.3 278.9 276 273.5 266 255.5 248.1 238.2 229.7 225.6 -9999 -9999 235.6 -9999 247.4 -9999 -9999 -9999 -9999 -9999 -9999 -9999 -9999 -9999 -9999 -9999 -9999 -9999 -9999 -9999 -9999 -9999 -9999 -9999 418.2 430.6 438.9 452.5 467.8 484.7 500.7 517.7 534.5 549.3 569.1 592.9 -9999 -9999 -9999 768
256.5 248.9 245.1 241.7 243.7 244.7 248.1 250.8 258.4 264.7 270.8 276.3 286.9 290.4 294 294.7 300 300.9 301.6 301.5 299.4 301.3 301.4 301.5 298.1 294.5 291.4 289.7 -9999 -9999 275.1 268.9 262 255.8 250.6 -9999 248.3 251.3 255 -9999 -9999 -9999 -9999 -9999 -9999 -9999 -9999 -9999 -9999 -9999 -9999 -9999 -9999 -9999 -9999 -9999 -9999 -9999 -9999 -9999 -9999 477.1 486.3 498.3 509.6 519.7 525.7 537.7 551.4 567.4 587.3 608.9 -9999 -9999 -9999 -9999
248.8 244.2 242.9 242.9 248 252.8 259.8 266.8 274.2 283.5 292.2 301.9 310.6 320.5 328.8 335.3 336.6 339.4 337.8 336.6 332.8 329 323.7 317.9 313.4 307.9 301.8 297.9 294.7 289.1 285.2 280.2 275 272.3 -9999 -9999 272.2 273.8 -9999 280 -9999 -9999 -9999 -9999 -9999 -9999 -9999 -9999 -9999 -9999 -9999 -9999 -9999 434.6 453.2 464.9 474.3 -9999 485.7 491.3 492.5 499.3 505 513.7 521 527.1 532.5 537.6 545.2 554.9 568 584.4 600 619.5 -9999 -9999
255.2 253.2 253 254.6 258 263.9 268.6 275.6 284.4 291.5 300.9 313.4 323.1 333.4 343.3 352.1 360 361.8 358.8 353.2 346.1 337.4 328.3 320.8 313.7 308 303.4 299.2 295.7 292.9 290.4 287.8 285.1 -9999 -9999 284.1 284.6 287.9 289.6 291.3 290.6 287.9 285.2 -9999 -9999 -9999 -9999 -9999 -9999 -9999 -9999 -9999 432.6 453.3 470.7 483.3 485 489.8 491.2 494 497.2 499.8 504.7 509.8 514.6 517.9 520.2 522.3 524 527.8 534.2 544.1 555.1 568.9 585.6 602.5
273.7 273.2 273.4 270.4 273.6 274.9 279.3 282.5 292.7 300.3 308.6 317.3 325.3 334.5 340.2 344.6 367 366.5 361.3 353.9 344.8 335.3 325.3 315.4 308.2 301.1 296.9 294.1 292.4 291.4 291.3 289.6 -9999 -9999 -9999 288.1 289.8 291.8 295.1 297.9 303 284.6 268.6 274.9 284.9 -9999 -9999 -9999 -9999 -9999 -9999 -9999 -9999 -9999 476.8 -9999 -9999 -9999 -9999 -9999 -9999 -9999 494.8 497.8 499.9 501.4 502.2 501.4 500.4 500 503 509.9 521.6 538.3 560.8 582.3
289.7 289.9 289.7 290.1 292.7 292 295.7 298.7 302.2 306.9 313.7 318 324.5 333.2 338.2 342.6 347.6 349.9 348 342.4 333.8 324.8 315.6 -9999 299.7 293.3 288.5 285.8 -9999 -9999 -9999 -9999 -9999 -9999 288.3 288.3 288 288.2 287.3 284.7 -9999 -9999 -9999 270.9 281.5 296.1 311.7 327.7 -9999 -9999 -9999 -9999 -9999 -9999 -9999 -9999 -9999 -9999 -9999 -9999 -9999 -9999 480.7 -9999 -9999 484.4 485 484.3 482.2 478.8 476.8 482.7 495.7 513.5 538.5 566.3
302 303.3 303.2 303.6 306.5 307.1 309.5 312.1 315.4 318.8 322 326.1 328.8 331.9 333.7 336.1 336.2 335.4 332.1 326.6 319.1 309.7 302.5 297.6 292.9 288.1 283.7 -9999 -9999 -9999 -9999 -9999 -9999 -9999 -9999 -9999 -9999 284.4 283.4 -9999 -9999 -9999 -9999 -9999 -9999 -9999 -9999 -9999 -9999 -9999 -9999 -9999 390 -9999 -9999 -9999 -9999 -9999 -9999 -9999 -9999 -9999 -9999 -9999 -9999 467.3 468.4 471.4 475.7 477.5 475.1 477 -9999 -9999 510.4 533.4
315.6 316.6 317.5 320.6 321.6 323.1 325.4 328.6 330 331.2 332.1 332.9 334.4 334 333.1 331.4 327.7 322.8 316.5 309.3 300.5 292.1 284.6 -9999 -9999 -9999 -9999 -9999 -9999 -9999 -9999 -9999 -9999 -9999 -9999 -9999 -9999 -9999 -9999 -9999 -9999 289.1 292.7 298.8 -9999 -9999 -9999 -9999 -9999 -9999 -9999 -9999 -9999 -9999 -9999 -9999 -9999 -9999 -9999 -9999 -9999 -9999 -9999 -9999 -9999 -9999 -9999 -9999 -9999 472.4 469.3 467.4 468.6 470.9 -9999 -9999
323.7 324.7 325.6 328.9 333.5 338.2 342 345.7 344.8 343.6 342.5 341.3 339.8 337.4 334 328.4 322.5 314.4 305.8 296.2 287.5 279.3 -9999 -9999 -9999 -9999 -9999 -9999 -9999 -9999 -9999 -9999 -9999 -9999 -9999 -9999 -9999 -9999 -9999 -9999 -9999 302.8 -9999 -9999 -9999 -9999 -9999 -9999 366 -9999 -9999 -9999 396.4 403.9 409.3 416.3 422.5 427.7 -9999 436 438.6 442.3 -9999 -9999 -9999 -9999 -9999 -9999 -9999 -9999 -9999 439.2 439.3 440.5 441.5 442.5
327.5 325.4 324.5 326.9 333.3 342.3 351.3 356.5 357.5 354.9 353.2 350.7 346.8 341.3 336.9 328.9 320.7 311 300.9 291.4 282.1 -9999 -9999 -9999 -9999 -9999 -9999 -9999 -9999 -9999 -9999 -9999 -9999 -9999 -9999 -9999 -9999 -9999 -9999 -9999 -9999 -9999 -9999 -9999 -9999 -9999 -9999 -9999 393.9 -9999 -9999 -9999 419.2 422.8 424.6 425.9 426.7 431.7 432.8 432.7 435.4 435.4 433 429.8 -9999 -9999 -9999 -9999 -9999 -9999 -9999 -9999 -9999 -9999 -9999 -9999
334.2 328 322.1 317.1 316 324.7 358.5 359.7 358.9 358.8 359.4 356.6 354.1 346.4 340.1 331.4 320.9 308.6 295.2 286.3 -9999 -9999 -9999 -9999 -9999 -9999 -9999 -9999 -9999 -9999 -9999 -9999 -9999 -9999 -9999 -9999 -9999 -9999 -9999 -9999 -9999 -9999 -9999 -9999 -9999 -9999 -9999 -9999 -9999 -9999 -9999 -9999 -9999 446.4 445.6 443.5 441.2 438.3 437.2 437.9 435 432 427.6 423.1 418.5 -9999 -9999 -9999 -9999 -9999 -9999 -9999 -9999 -9999 -9999 -9999
356.2 348.5 335.5 322.8 318.9 317.3 330.3 346.2 359.8 368.3 371.3 372 367.7 360.6 350.2 338.3 324.4 312.4 300.8 -9999 -9999 -9999 -9999 -9999 -9999 -9999 -9999 -9999 -9999 -9999 -9999 -9999 -9999 -9999 -9999 -9999 -9999 -9999 -9999 -9999 -9999 -9999 -9999 -9999 -9999 -9999 -9999 -9999 -9999 -9999 -9999 -9999 -9999 467.7 465.6 463.8 460 455.6 451.7 446.5 440.7 434.8 428.2 422.3 417.2 412.2 413 409.9 403 -9999 -9999 -9999 -9999 -9999 -9999 -9999
403.6 388.9 381.3 369.8 362.6 362 371.6 387.8 402.2 414.5 418 417.3 407.5 395.4 377.4 358.5 340.3 323.6 311.2 -9999 -9999 -9999 -9999 -9999 -9999 -9999 -9999 -9999 -9999 -9999 -9999 -9999 -9999 -9999 -9999 -9999 -9999 -9999 -9999 -9999 -9999 -9999 -9999 -9999 -9999 -9999 -9999 -9999 -9999 -9999 -9999 -9999 -9999 487.8 485.1 480.3 474.9 469.3 463.1 456.6 450.5 442.5 434.6 427 423.1 419.7 414.6 411.8 408.6 -9999 -9999 406.5 -9999 -9999 -9999 -9999
480.3 470.5 458.6 444.8 438.6 444 451.7 468.8 482.1 492.3 495.6 492.3 478.2 456.7 423.3 389.1 359.2 336 -9999 -9999 -9999 -9999 -9999 -9999 -9999 -9999 -9999 -9999 -9999 -9999 -9999 -9999 -9999 -9999 -9999 -9999 -9999 -9999 -9999 -9999 -9999 -9999 -9999 -9999 -9999 -9999 -9999 -9999 -9999 -9999 -9999 -9999 -9999 508 503.4 497.5 491 483.3 474.3 465.6 460 454.2 446.7 443.2 440.5 436.5 433.7 432 431 -9999 -9999 -9999 -9999 -9999 -9999 -9999
553.2 567.5 564.1 557 544.4 553.3 558 569.7 584.1 590.9 591.9 577.5 547.3 501.1 461.2 411.3 372.1 341.7 -9999 -9999 -9999 -9999 -9999 -9999 -9999 -9999 -9999 -9999 -9999 -9999 -9999 -9999 -9999 -9999 -9999 -9999 -9999 -9999 -9999 -9999 -9999 -9999 -9999 -9999 -9999 -9999 -9999 -9999 -9999 -9999 -9999 -9999 526.9 525.1 520 514 505.9 498.1 487.4 479.5 472.7 469.2 467.5 466 464.5 463.2 461.2 460.1 460.6 461.9 -9999 -9999 -9999 -9999 -9999 -9999
603.3 616.9 613.9 604.5 595.5 597.2 598.2 609.2 621.8 624.9 619.1 600 564.3 520.3 471.4 422.8 379.1 345.4 327.1 314.9 340.2 337.3 -9999 -9999 -9999 -9999 -9999 -9999 -9999 -9999 -9999 -9999 -9999 -9999 -9999 -9999 -9999 -9999 -9999 -9999 -9999 -9999 -9999 -9999 -9999 -9999 -9999 -9999 -9999 -9999 -9999 536.4 537.3 536 530.5 523.1 515.2 507.3 500.1 493.9 489 488 490 493.4 496.9 496.6 495.4 490.5 -9999 488.4 490.3 -9999 -9999 -9999 -9999 539.5
659.9 651.6 623.9 596.3 574.9 567.7 572.1 582.6 591.8 599.6 600 589.1 564.9 520.3 476.6 428.2 387.2 362.8 348.8 344.4 343.3 341.5 -9999 -9999 -9999 -9999 -9999 -9999 -9999 -9999 -9999 -9999 -9999 -9999 -9999 -9999 -9999 -9999 -9999 -9999 -9999 -9999 -9999 -9999 -9999 -9999 -9999 -9999 -9999 -9999 -9999 -9999 534.8 535.4 532.5 528.9 523 516.3 509.9 505.2 505.2 506.4 512 519.1 522.3 520.2 516.4 512.7 507.3 503.5 501.3 -9999 510 522.9 541.4 560.4
637.6 623.9 602.2 574.6 552.2 544.3 545.6 552.1 559 566.8 572.5 566 555.3 525.8 478.7 434.1 401.1 382.5 367.9 357.1 349.1 342.3 336.7 -9999 -9999 -9999 -9999 -9999 -9999 -9999 -9999 -9999 -9999 -9999 -9999 -9999 -9999 -9999 -9999 -9999 -9999 -9999 -9999 -9999 -9999 -9999 -9999 -9999 -9999 -9999 -9999 -9999 -9999 -9999 535.1 532.8 532.5 526.8 523.4 520.4 520.5 525 531.3 535 537.7 537.5 534.4 529.2 523.3 519 517.3 520.4 529.7 544.8 560.9 578.4
583 588.8 586.5 578.7 563.6 548.8 542.3 537.1 539 544.4 547.2 543.7 532.2 505.9 471.5 438.4 416.7 401.6 390.2 376.6 355.9 335.9 322.6 -9999 -9999 -9999 335.5 -9999 -9999 -9999 -9999 -9999 -9999 -9999 -9999 -9999 -9999 -9999 -9999 -9999 -9999 -9999 -9999 -9999 -9999 -9999 -9999 -9999 -9999 -9999 -9999 -9999 -9999 -9999 547.7 548.2 547 549.8 543.4 543 544.5 549.4 555.6 559.5 560.4 559 554.7 553.3 549.6 548.3 550.4 558.2 569.7 582.7 597.9 614
554.2 574.4 578.1 573.1 559.8 546.9 537.5 522.1 510 530.7 543.7 528.2 511 487.5 456 435.6 422.2 419 416.7 409.6 384 350.1 328.8 329.2 336.9 345.4 357.6 367.9 371.2 382.5 393.9 -9999 -9999 -9999 -9999 -9999 -9999 -9999 -9999 -9999 -9999 -9999 -9999 -9999 -9999 -9999 -9999 -9999 -9999 -9999 -9999 -9999 -9999 -9999 -9999 572.6 573.7 580 582.5 584.6 589.3 595.9 601.1 594.9 593.4 586.9 584 583.6 581.9 584.5 589.1 603.1 620.6 639.6 648 659.4
549.3 574.9 570 560.9 551.7 540.9 533.2 515.5 492.5 500.3 515.7 516.7 507.2 476 431.5 418.5 422.5 420.7 427.1 416.6 407.9 390 373 365.6 370.5 377.8 390.4 403.1 409.5 422.1 426.3 436.7 441.3 -9999 -9999 -9999 -9999 -9999 -9999 -9999 -9999 -9999 -9999 -9999 -9999 -9999 -9999 -9999 -9999 592 598.1 -9999 -9999 -9999 -9999 611.2 614.2 621.1 629.9 640.5 650.4 657.9 657.9 656.9 651.2 639.9 640.3 637.8 637.7 642.4 657.3 673.2 694.1 709.7 719.1 720.3
484.5 528.8 545.2 548.4 544.9 536.4 524 513.2 509.7 512.7 516.6 532.6 545.3 502.3 448.4 424.4 428.1 433.6 435.4 433 426 417.1 409 403.9 410.5 423 437.5 454.1 465.2 476.8 480.1 480.3 478 478.2 476.6 -9999 -9999 -9999 -9999 -9999 -9999 -9999 -9999 -9999 -9999 -9999 -9999 -9999 -9999 -9999 -9999 -9999 -9999 -9999 652.1 652.4 658.1 668.4 682.6 697.5 713.7 725.6 728.9 722 723.9 720.7 715.6 720.7 725 730.6 745.7 764.9 786.7 803.5 808.4 797.4
456 503.1 530.2 538.8 537.9 530.2 519.9 510.9 502 495.2 490.9 486.5 481.6 470.3 454.1 447.8 458.2 466 469.3 466.8 460 455.6 450.9 456.4 469.5 483.5 496.9 513.3 525.4 533.3 534.6 521.8 511 501.1 490.2 477 467.9 465.6 -9999 490.6 516.4 -9999 -9999 -9999 -9999 -9999 -9999 -9999 -9999 -9999 -9999 -9999 670.8 671.9 674 681.2 691.1 706.4 726.7 745.2 762 777.4 787.7 793.5 798.5 797.6 798.9 801.8 807.5 815.8 830.1 853.1 880.1 899.5 900.5 880
500.3 511.6 529.3 537.1 521.1 515.7 525.6 517.7 501.5 487 471.4 440.4 388.3 403.9 421.8 446.6 469.3 480.9 483.3 483.4 483.4 482.6 489.3 503 520.2 534.6 548.7 558.2 563.1 568.1 563.6 552.8 537.5 522 504.7 489.1 479.6 479.1 489.5 506 528.3 549.1 565.9 591.5 -9999 -9999 -9999 -9999 -9999 642.5 649.7 660.9 671.1 679.5 688.4 698.9 711.6 728.1 746.4 767.1 787.7 808.6 828.7 841.5 857.9 860.3 867.1 867.2 870.4 875.6 884 897.6 917.2 938.7 935.4 906.4
527.7 522.8 528.4 531.3 542.1 555.9 534.3 524.5 507.2 488.9 466.6 442.5 416.2 410.5 422.4 453.1 480.4 496.6 496.7 492.3 487.8 490.3 506 525.6 544.6 560.5 567.7 569.1 574.8 586.7 591.9 585.5 572.7 554.7 533.3 516.4 504.2 502.3 510.7 527.9 558.8 579.9 609.2 -9999 -9999 -9999 -9999 -9999 -9999 624.2 631.4 659.2 689.5 704.6 710.9 718.4 730.8 745.6 763.7 782.8 803.2 825.1 846.3 865.7 885.4 900.7 905.6 906.5 905.2 903.4 902.6 901.5 897.5 888.4 871.8 866
520.6 517.8 523.3 540.3 572.1 543.9 530.1 526.2 507.9 488.2 481.9 477.1 465.5 450.2 452.2 470.4 491.9 509.7 519.3 500.9 483.9 484.3 500.7 528.4 559.1 583.6 596.9 598.5 604.8 618 622.9 621.1 609.7 594.7 571.2 551.8 537 526.5 534.8 554.3 594.3 634.4 671.1 702 -9999 -9999 -9999 -9999 -9999 -9999 625.7 684.2 758.4 747.2 735.8 736.2 744.5 759.1 777.7 795 812.8 834.6 858.7 884.2 905.6 920.7 926.6 925 921.1 915 907.5 898.1 887.2 867.6 837.7 834.4
529.2 503.3 505.7 516.5 541.2 579.7 587.9 562.6 531.5 475.3 498.2 492.2 488.6 483.5 477.5 477.3 480.8 483 478.8 471.1 462.7 468.2 498.5 551.1 598.9 625.7 642.6 652.3 659.7 654.9 647.6 645.6 639 634.3 610.9 587.6 564.5 551.3 549 572.6 631.6 711.4 777.3 804.7 -9999 -9999 -9999 -9999 -9999 -9999 676.4 693.7 719.5 735.5 739.9 745.6 754.8 768.2 785.9 806.1 828 851.8 877.1 903 921.1 933.2 935.6 934.1 931.3 923.1 913.3 908.1 905.1 916.6 927.7 913.5
511.5 451.7 530.8 462.6 535.3 682 665.8 621.3 581.8 564.1 538.3 516.4 504 489.4 468.8 452 452.6 451.3 452.5 460.6 467.5 483.6 548.6 637 676.1 686.2 688.2 682.5 674 664.3 657.2 662.6 666.2 648.5 613.5 584.5 561.4 551 551.6 580.8 654.4 790.1 898.9 916 -9999 -9999 863.2 -9999 -9999 -9999 742.5 734.1 738.9 748.8 754.5 759.8 767.3 782.6 802 821.6 852.4 880.1 902.4 919.7 934.2 940.7 942.3 944 944.5 938.3 926.5 911.4 895 877.7 935.1 931.2
388.8 406.5 433.6 500 517.7 529.1 602.8 612.1 568.3 522.8 498.9 498.1 490.5 460.8 439.4 432.4 451.2 470.4 496.7 523.5 549.6 586.4 660.5 727.1 758.5 760.5 743.6 739.7 710.3 684.3 653.7 647.9 698.2 633.6 565.8 524.1 515.2 518.1 515.5 548.9 654.7 813.2 921.1 951.9 968 -9999 -9999 -9999 -9999 -9999 -9999 777.5 781.8 784.7 778.1 779.1 802.6 828.8 843.1 858.2 879.5 911 933.7 948.7 953.9 958.8 961.7 962.4 965.2 966.4 959.9 951.7 931.8 903.5 898.7 893.2
360.6 313.5 405.3 446.2 513.9 505.7 575.6 599.6 547.7 515.9 453.3 504.6 553.3 529.8 470.4 502.2 539.5 571.1 594 617.1 639.1 667.8 696.6 740.7 772.8 789.7 787 777.1 750.7 701.6 626.7 526 543.8 564.3 523.4 485.8 496.3 512.9 529.7 557.5 649.2 824.5 885.1 902.7 927.5 963.1 995.2 -9999 -9999 -9999 833.9 812.2 801.3 784.2 776.3 803.5 863.1 889.9 891.1 898 915 943.3 969.1 980.9 989.5 988.3 984 980.2 983.1 981.3 976.7 970.8 953 927.2 899.9 870
386.2 429.6 455.6 510.3 505.1 502.2 517.8 513.1 600.9 646 607.4 605 628.6 664.5 623.3 645.7 698.3 692.3 667.7 669.8 670.3 694 704.9 715 756.1 795.3 814.1 810.9 749.4 752.2 703.8 640.4 640.2 640.4 610.9 608 611.9 621.5 635.9 674.8 759.4 817.9 826.7 839.2 852.2 868.3 808.1 914.5 -9999 877.5 838.9 802.1 776 762.8 799.2 866.7 891.3 893.9 890.9 891 903.7 932.9 960.9 987 999.4 1001.8 996 980.6 968.1 964 965.3 976.3 976.3 966.6 944.9 903.6
374.2 437.5 478.5 507.4 464.6 584.5 541.2 573.1 735.4 572.3 574.5 648 618.5 658.5 698.5 673.5 667.3 675.4 676.1 709.9 717.3 736.5 716.9 684.8 701.1 740.9 769.7 783.4 808.1 861 883.4 896.6 885.3 853.4 841.4 833.2 835 828.9 797.4 748.3 728.7 743.7 765.2 780.1 790.7 801.4 807 812.6 816.9 808.1 805.6 795 777.9 763 812 867 888 892.5 886.8 868.1 870.9 898.8 937.9 986.8 1013.8 989 995.2 991.1 974.7 949.2 969.1 1031.5 1023.9 1014.1 1004.8 972.9
451.4 466.7 463.8 474.3 424.1 431 444.4 483.5 518.3 591.8 549.1 531.9 566.6 610.3 654 643.3 652.9 684.5 744.4 780.5 780.8 757.8 715.9 603.3 748.7 729.3 734 801 888.9 978 965.1 941.3 914.1 896.2 899.8 867.7 868.4 857 796.7 763.3 745 736.3 719.7 714.9 731 758.7 776.6 776.9 779.9 824.4 812.8 768.1 743.3 739.2 772.1 858.4 899.9 897.5 902.8 901.9 869.4 860.1 876.9 1024.3 1090 1091.1 1040.8 996.8 974.8 1004.8 1096.2 1129.6 1081.6 1024.1 990.3 1048.8
451.9 404.2 368.5 402.1 410.2 450.3 479.2 503.1 549.4 596.5 658.8 610 629.4 692.3 641.8 638.1 680.2 662.3 754.9 809.1 824.6 796.2 768.7 761.1 788.7 759.8 747.5 836.9 886.4 916 932.1 923.4 917.6 867.3 847.1 817.1 826.4 810.9 794.3 787.2 768.1 788 734.1 754.1 777.8 757.4 746.7 745.4 778.9 820.8 812.3 755 732.6 730.9 766.1 862.7 932.9 886.5 862 928.2 846.5 714.1 672.5 857.2 967.6 937.1 966.2 934.9 898.9 963.7 1083.1 1118.6 1084.5 1087.1 -9999 -9999
