datasets/global_precipitation_1950_2017/rasters/precip_1981-total.asc
NCOLS 720 
NROWS 347 
XLLCORNER -180 
YLLCORNER -90 
CELLSIZE 0.5 
NODATA_value -9999 
[rows 34 to 67 of 347, columns 152 to 227 of 720]
197.1 190.4 182.6 177.8 173.6 172.7 169.4 170.5 170.3 171.6 174.4 176.8 180.3 184.5 188.3 190.7 195.5 199.9 206.3 214.3 223 232.7 243.2 255.3 266 276.5 290 301.2 311.3 320.5 327.7 332.5 341.5 347 351.1 352.4 -9999 -9999 340.6 -9999 329.2 -9999 -9999 -9999 -9999 -9999 -9999 -9999 -9999 -9999 -9999 -9999 -9999 -9999 -9999 -9999 -9999 -9999 -9999 -9999 406.9 415.7 425.5 435.8 446.2 456.5 466.1 476.1 483.8 486.9 491.6 496.9 -9999 -9999 -9999 586.2
178.8 172 165.5 163.6 163.9 166.1 168.5 173.6 176 181 184.9 188.2 197.4 200 202.1 204.8 210.1 216.4 221.5 229.3 238 249 259.4 268.9 275.7 281.5 288.7 297.1 -9999 -9999 315.5 320.7 324 325.8 327 -9999 325.1 323.3 319.9 -9999 -9999 -9999 -9999 -9999 -9999 -9999 -9999 -9999 -9999 -9999 -9999 -9999 -9999 -9999 -9999 -9999 -9999 -9999 -9999 -9999 -9999 437.1 446.9 457.3 465.4 471.8 479.5 486.4 492.4 498.2 505.4 512.6 -9999 -9999 -9999 -9999
159.9 154.9 148 147.8 150.5 156.9 163.9 171.8 177.2 184.4 189 194.9 201.1 206 210.8 215.6 217.6 223.5 229.1 237.8 245.9 255.1 262.9 270.3 277.4 282.3 286.8 292 298.1 300.6 304.2 306.1 307.4 308.5 -9999 -9999 306.5 304.1 -9999 300.3 -9999 -9999 -9999 -9999 -9999 -9999 -9999 -9999 -9999 -9999 -9999 -9999 -9999 366.7 378.5 389.1 392 -9999 405.5 415.4 425.2 438.8 448.1 459.5 469.5 477.5 484.1 490.8 495.2 499.2 504.2 510.1 513.8 519.3 -9999 -9999
158.5 151.8 149.3 147.6 149.8 154.2 161.7 168.4 176.4 182.1 188.2 193.7 198.9 204.2 208.7 212.5 216.3 221.8 228 235.5 244.6 253.6 260.6 269.7 273.8 279.2 284.2 287.1 289.8 292.3 294.5 295.7 295.3 -9999 -9999 294.5 291.5 290.4 288.6 286.8 282.8 276.2 270.5 -9999 -9999 -9999 -9999 -9999 -9999 -9999 -9999 -9999 348.4 360.3 368.7 377.8 379.4 386.3 392.4 402.7 414 426.5 440 455 467 478 486.5 492.3 497 498.6 502.6 505.4 507.6 510.7 512.9 515
171.6 166.6 162.2 159.5 159.7 161.4 164.9 169.5 176.8 184.1 190.5 197.2 203.1 207.2 210 212.5 216.8 222.6 229.3 237.5 246.9 256.7 265.2 270.2 278 278.7 281.7 284.2 285.5 287 288.8 287.8 -9999 -9999 -9999 282.9 281.4 280.2 279.2 278.7 280.8 259.5 240.7 244.7 252.2 -9999 -9999 -9999 -9999 -9999 -9999 -9999 -9999 -9999 364.5 -9999 -9999 -9999 -9999 -9999 -9999 -9999 436.7 451.8 464.4 476.9 487.1 493.8 498 499.5 500.9 502.8 507 514 524 534
183.9 180.4 176.1 173.7 173.6 173.7 175.8 179.7 185.1 191.5 198.9 204 209.5 213.7 217.6 221.9 226.6 232.6 239.9 248.8 258.7 267.3 273.6 -9999 281.7 281.5 281.3 280.1 -9999 -9999 -9999 -9999 -9999 -9999 277.8 276 274.1 271.2 267.5 261.9 -9999 -9999 -9999 237.6 244.9 255.3 265.8 276.5 -9999 -9999 -9999 -9999 -9999 -9999 -9999 -9999 -9999 -9999 -9999 -9999 -9999 -9999 443 -9999 -9999 480.3 489.1 495 498.1 498.1 496.9 499.4 506.5 517.2 532.2 549.9
193.2 191.8 187.7 185.4 186.2 185.6 187.9 191.8 196.6 202.1 208.1 214.1 219.2 225 229.4 234.1 239 244.6 251.9 260.5 269.8 280.3 290 296.9 297.4 291.7 285.1 -9999 -9999 -9999 -9999 -9999 -9999 -9999 -9999 -9999 -9999 265.8 262.5 -9999 -9999 -9999 -9999 -9999 -9999 -9999 -9999 -9999 -9999 -9999 -9999 -9999 306.2 -9999 -9999 -9999 -9999 -9999 -9999 -9999 -9999 -9999 -9999 -9999 -9999 486.8 495.4 503.7 512.3 517 516.2 517.5 -9999 -9999 536.6 551.1
205.7 203.7 199.2 198 196.8 197.2 198.8 201.8 205.7 210.5 215.5 221.5 228 233.3 239 243.2 247.2 251.6 255.7 261 266.6 275.3 287.7 -9999 -9999 -9999 -9999 -9999 -9999 -9999 -9999 -9999 -9999 -9999 -9999 -9999 -9999 -9999 -9999 -9999 -9999 258.3 258 260.6 -9999 -9999 -9999 -9999 -9999 -9999 -9999 -9999 -9999 -9999 -9999 -9999 -9999 -9999 -9999 -9999 -9999 -9999 -9999 -9999 -9999 -9999 -9999 -9999 -9999 540.3 537.9 535.4 533.8 534.5 -9999 -9999
213.4 208.5 204.8 202.6 201.9 202.9 205.5 208.6 211.9 215.9 221.2 227.8 234.1 240.2 245 248.8 251.2 253 253.5 253.3 251.5 247.3 -9999 -9999 -9999 -9999 -9999 -9999 -9999 -9999 -9999 -9999 -9999 -9999 -9999 -9999 -9999 -9999 -9999 -9999 -9999 266.7 -9999 -9999 -9999 -9999 -9999 -9999 301.4 -9999 -9999 -9999 332 341.4 353.8 369 384.8 402.4 -9999 437.3 454.2 470.6 -9999 -9999 -9999 -9999 -9999 -9999 -9999 -9999 -9999 545.2 544.3 542.9 540.8 538
211.5 202.2 192.2 188.6 188.8 193.1 200.2 206.7 211.6 216.5 222.9 230.3 238.1 244.5 251.2 253.4 256 256.3 254.2 251.7 248.2 -9999 -9999 -9999 -9999 -9999 -9999 -9999 -9999 -9999 -9999 -9999 -9999 -9999 -9999 -9999 -9999 -9999 -9999 -9999 -9999 -9999 -9999 -9999 -9999 -9999 -9999 -9999 326.2 -9999 -9999 -9999 359.5 368.1 377.8 389.2 402.1 419.8 434.6 450.4 468.6 484.4 502.2 517.4 -9999 -9999 -9999 -9999 -9999 -9999 -9999 -9999 -9999 -9999 -9999 -9999
201.5 187.3 176.5 165.6 161.2 163.2 188.8 191.7 197.5 207.7 219.4 230.6 243.2 251.3 260.1 263.7 264.5 263.3 259.5 256.7 -9999 -9999 -9999 -9999 -9999 -9999 -9999 -9999 -9999 -9999 -9999 -9999 -9999 -9999 -9999 -9999 -9999 -9999 -9999 -9999 -9999 -9999 -9999 -9999 -9999 -9999 -9999 -9999 -9999 -9999 -9999 -9999 -9999 391.1 399.9 409.4 420 430.9 445.1 462.8 478.6 494.4 510.3 526.2 540.7 -9999 -9999 -9999 -9999 -9999 -9999 -9999 -9999 -9999 -9999 -9999
200.9 188.3 172.1 159.5 151.1 147.7 153.5 165.6 183.6 203.3 223.9 242.9 258.9 271.2 278.5 282.9 282.1 280.7 276.9 -9999 -9999 -9999 -9999 -9999 -9999 -9999 -9999 -9999 -9999 -9999 -9999 -9999 -9999 -9999 -9999 -9999 -9999 -9999 -9999 -9999 -9999 -9999 -9999 -9999 -9999 -9999 -9999 -9999 -9999 -9999 -9999 -9999 -9999 407.8 415.8 426 435.4 445.2 456.8 469.5 483.3 497 511.7 526.1 540.1 551.8 568.5 577.2 579.3 -9999 -9999 -9999 -9999 -9999 -9999 -9999
227.6 207.8 195.1 181.3 171.7 167.6 174.5 188.1 206.5 233.5 262.5 285.9 301.6 314.8 318.5 317.9 314.3 311.6 307.9 -9999 -9999 -9999 -9999 -9999 -9999 -9999 -9999 -9999 -9999 -9999 -9999 -9999 -9999 -9999 -9999 -9999 -9999 -9999 -9999 -9999 -9999 -9999 -9999 -9999 -9999 -9999 -9999 -9999 -9999 -9999 -9999 -9999 -9999 418.2 425.3 432.7 440.4 448.9 458.8 469.5 480.8 492.9 504.1 516 529.9 541.7 549.4 555.3 557.3 -9999 -9999 559.8 -9999 -9999 -9999 -9999
286.9 265.2 244.7 228 219.1 219.8 226.6 244.1 269.9 299.7 332.6 360 379.3 382.1 378.7 369.7 355.2 345.7 -9999 -9999 -9999 -9999 -9999 -9999 -9999 -9999 -9999 -9999 -9999 -9999 -9999 -9999 -9999 -9999 -9999 -9999 -9999 -9999 -9999 -9999 -9999 -9999 -9999 -9999 -9999 -9999 -9999 -9999 -9999 -9999 -9999 -9999 -9999 425 429.9 434.7 441.5 448.2 456.1 463.9 474.4 486.8 497.1 511.4 524.4 533.2 540.7 544.5 547.2 -9999 -9999 -9999 -9999 -9999 -9999 -9999
340.2 344.2 334.9 322.7 309 311.4 319.1 337.4 364.2 393.9 424.9 446.2 450.2 435.3 420.2 398.2 379.9 367 -9999 -9999 -9999 -9999 -9999 -9999 -9999 -9999 -9999 -9999 -9999 -9999 -9999 -9999 -9999 -9999 -9999 -9999 -9999 -9999 -9999 -9999 -9999 -9999 -9999 -9999 -9999 -9999 -9999 -9999 -9999 -9999 -9999 -9999 426.5 430.8 433.3 436.7 440.7 446.1 450.7 460.4 471.5 483.6 498.5 512.6 524.7 534.1 540.1 543.2 545.6 548.1 -9999 -9999 -9999 -9999 -9999 -9999
364.3 372.7 368.2 361.1 353.7 355.1 359.9 376.9 398.4 420.7 443.4 458.5 456.5 444.7 424.3 402 380.5 368.9 363.6 360.3 388.6 383.4 -9999 -9999 -9999 -9999 -9999 -9999 -9999 -9999 -9999 -9999 -9999 -9999 -9999 -9999 -9999 -9999 -9999 -9999 -9999 -9999 -9999 -9999 -9999 -9999 -9999 -9999 -9999 -9999 -9999 424.8 428.4 430.6 429.7 429.6 431.9 436.9 445 455.1 468.3 483.7 501.8 520.1 535.4 545.1 549.6 547.4 -9999 544.1 546.7 -9999 -9999 -9999 -9999 620.2
397.2 390.7 371.8 351.7 333.4 330.5 339.5 355.6 372.8 389.3 408 421.4 431.4 419.7 407.8 390.8 375.5 371.9 373.1 377.9 380.9 380.2 -9999 -9999 -9999 -9999 -9999 -9999 -9999 -9999 -9999 -9999 -9999 -9999 -9999 -9999 -9999 -9999 -9999 -9999 -9999 -9999 -9999 -9999 -9999 -9999 -9999 -9999 -9999 -9999 -9999 -9999 413.3 416.2 417.3 419.5 421.9 427.4 435.3 446.6 464.1 482.3 505.9 528 545.4 552.9 553.8 550 541.1 533.5 529 -9999 542.1 559.6 582.2 605.5
410.1 393.9 373.4 346 321.7 317.6 323.6 333.3 340.5 348.7 362 374.7 395.1 394.5 383.6 371.6 366.7 370.9 374.1 374.7 373.1 369.6 365.8 -9999 -9999 -9999 -9999 -9999 -9999 -9999 -9999 -9999 -9999 -9999 -9999 -9999 -9999 -9999 -9999 -9999 -9999 -9999 -9999 -9999 -9999 -9999 -9999 -9999 -9999 -9999 -9999 -9999 -9999 -9999 406.2 408.1 417.5 422.1 434.4 446.5 464.2 487.9 511.9 532.4 550.2 560.1 563.4 557.8 550.9 543.2 537.6 538.3 546.2 561.1 578.8 594.9
413.8 408.7 393.5 370.9 343.1 325.6 323.8 325.8 326.8 327.5 327.6 337.2 350.2 352.8 354.9 357.2 369.9 384.4 394.7 393 379.1 361.1 349 -9999 -9999 -9999 369.8 -9999 -9999 -9999 -9999 -9999 -9999 -9999 -9999 -9999 -9999 -9999 -9999 -9999 -9999 -9999 -9999 -9999 -9999 -9999 -9999 -9999 -9999 -9999 -9999 -9999 -9999 -9999 406.7 412.2 418 431.1 438.6 456.8 476.1 502.3 530.5 554.2 570.8 583.6 585.4 582.2 578.4 574 571.9 573 579.5 588.2 597.9 608
452.2 460.4 441.7 402.9 359.6 329 326.7 335.9 336.5 326 321.8 324.9 328.2 330.1 332.6 354.2 386.8 422.8 449.2 453.9 424 383.2 360.5 361 370 380.1 392.4 403.9 406.7 418.2 429.4 -9999 -9999 -9999 -9999 -9999 -9999 -9999 -9999 -9999 -9999 -9999 -9999 -9999 -9999 -9999 -9999 -9999 -9999 -9999 -9999 -9999 -9999 -9999 -9999 419.5 429.4 449.1 464.3 485.6 513.1 546.7 573.7 592.4 609.3 617.4 614 615.5 612.2 608.3 606.4 611.8 623.5 633.7 632.3 632.4
483.7 519.1 487.3 431.6 390.1 366.5 356.7 354.3 352 347.1 343.4 340.3 327.5 307.1 298.7 332.5 389.1 429 464.7 477.5 456.4 426.4 407 400.9 403 412 424.8 437.5 444 452 451.7 457.4 453.8 -9999 -9999 -9999 -9999 -9999 -9999 -9999 -9999 -9999 -9999 -9999 -9999 -9999 -9999 -9999 -9999 405 406.5 -9999 -9999 -9999 -9999 434.5 452.9 474.9 500.6 531.9 568.5 607.2 637.8 655.9 665.5 669.7 679 678 673.5 671.2 672.7 676.6 683.6 686.2 682.1 671.5
418 428.6 403 376.1 379.8 380.7 372.4 366.3 369.4 374.5 374.2 382.1 384.5 331.5 314.5 334.2 377.4 417.1 442.8 451 449 443.3 437.1 434.9 443.3 458.4 468.6 486.1 492.7 499.4 498 488.8 476.4 462.5 444.6 -9999 -9999 -9999 -9999 -9999 -9999 -9999 -9999 -9999 -9999 -9999 -9999 -9999 -9999 -9999 -9999 -9999 -9999 -9999 443.7 461 484.5 513.3 548.5 584.9 627.9 671.2 702.6 719.7 741.2 757.1 764.5 771.3 769.9 767.8 762.8 761.5 762.2 760.8 751.5 731.6
385.7 389.1 376.8 369.2 380.3 396.5 404.6 407.2 409.9 414 409.1 400.6 389.5 380.8 374 382.8 409.7 432.2 448.9 458.6 464.4 468.4 473.8 483.8 499.2 513.2 523.9 538.5 544.6 546.2 539.5 515.4 491.4 467 440.6 414.4 389.4 359.4 -9999 318.2 317 -9999 -9999 -9999 -9999 -9999 -9999 -9999 -9999 -9999 -9999 -9999 426.8 442.1 463.9 492.1 522 556.4 597.2 637.7 679.1 723.7 760.9 789.8 817.3 840.9 858.9 875.6 877.9 866.8 850.7 841.3 837.3 833.4 822.1 799.6
387.1 387.6 385 368.6 407.1 451.6 451.4 451.2 456.5 470.7 467.1 450.7 399.7 394.5 395.4 412.6 433.5 447.2 456.6 466.1 478.9 490.6 507.8 525.2 544.5 557 570.7 578.4 580.5 576.4 559.2 530.2 499.4 469.3 436.7 404.7 377.7 349.7 327.3 310.6 304.6 309.3 327 357.8 -9999 -9999 -9999 -9999 -9999 448.8 453.7 463.8 475.7 490.6 511.6 536.9 565.4 597.4 632 670.5 711.2 753.5 794.8 831.9 868.7 899.2 925.7 945.7 952.4 932.3 904.5 880.4 866.3 862.3 847.7 829.4
405.8 414.6 424.9 435.7 459.9 486.3 480 473.3 473.8 476.5 474.2 464.4 438.2 419.3 414.3 432.7 449.6 458.1 454.1 459.9 476.8 498.4 523.9 546.7 565.4 579.4 587.5 592.4 598.8 595.9 578.7 549 515.9 481 443 405.5 369.4 340.1 315.3 295.9 297 305.8 339.1 -9999 -9999 -9999 -9999 -9999 -9999 454 479.2 517.3 549.8 570.1 582.2 596.3 616.5 640.1 669.5 702.1 733 770.8 812 854.9 890.2 918.4 937 944.3 943.7 926.9 903.5 880.2 860.8 848.5 841.3 843.1
426.9 447 459.8 452.9 417.1 435.1 470.4 465.9 463.6 464.6 469.7 480.3 474.2 445.9 434.9 444.2 460.3 469 473.3 477 491.3 511.9 535.8 557.8 578.1 596 608.7 617 619.3 611 587.2 558.2 523.6 490.7 451 409.5 368.2 326.6 298.9 279.1 285.4 311.4 359.2 407.9 -9999 -9999 -9999 -9999 -9999 -9999 508.5 589.9 660.7 668.8 649.4 647.2 658.6 678 704.2 732 756.7 789.2 832.3 872.7 900 917.4 925.3 923.6 915.1 901.6 883.6 863.9 845.6 829.6 821.6 826.9
437.2 449.5 464.8 457.8 453 473.3 485.1 468.4 452.9 433.2 446 443.3 435.5 431.4 431.7 438.1 449.4 465.3 478 495.1 516 537.2 556.1 582 603.6 609.9 617 621 618.6 593.4 559.8 532 506.6 487.9 451.5 408.5 362.2 318.8 285.8 268.2 286.3 343 409.4 453.6 -9999 -9999 -9999 -9999 -9999 -9999 559.4 613.6 663.9 671.7 661.3 662.1 675 698.7 729.7 761 795.3 826.3 857.6 885.7 904.8 918.1 919.4 911.9 901.6 887.9 872.1 858 841.5 813.5 782.8 791.3
434.9 418.6 508 458.4 477 575.2 540.9 512 482 467.6 443 415.6 387 389.1 406.3 413.8 425.4 439.8 459.8 486 509 526 568.4 618.3 628.7 615.6 599 581.3 558.5 530.3 500 486.9 478.5 452.8 410.4 370.7 333.8 300.3 269.3 273.7 315.5 423.4 501.4 504.4 -9999 -9999 530.6 -9999 -9999 -9999 592.5 606.4 624 638 647.8 660.4 679 709.5 748.4 785.1 826.1 853.5 871.4 885 900.2 906.7 905.7 899.4 890 877.1 862.7 854.9 863.3 912.1 814.8 778.4
496.2 486.3 471.8 443.5 409.6 418 498.4 544.4 542.6 519.4 474.1 419.3 395.1 394.6 413.6 437.9 431.9 423.3 435 463.5 493.6 526.1 580.6 616.8 613.4 592.9 567 557.8 524.6 485.6 438.3 426.4 477.2 409.6 338.3 292.1 273.8 268.2 250.4 267.5 361.4 485.4 551 531.3 499.5 -9999 -9999 -9999 -9999 -9999 -9999 620.6 633.1 642.2 642.5 656.5 695 737.4 772.4 808.8 838.2 865.3 880.7 891.7 894.8 895.1 891.3 882.5 877.6 868.7 850.9 840 836.3 829 797.7 735.1
510.4 510.8 509 465.7 456.2 441.4 508.5 596.9 549.3 548.9 491.2 483.4 514.3 562.3 602.9 540.3 475.8 438.6 436.1 464.9 504.5 534.1 542.9 549.8 540 529 525.3 548.9 531.6 464.3 375.2 269.4 291.9 313.1 271.8 232.9 249.4 271.4 296.1 331.6 422 579.6 610.5 598.7 605.1 661.5 746.8 -9999 -9999 -9999 688.5 666.7 644 621.9 617.7 660 740 778.5 790.5 794.6 815.7 847.9 881.7 893.7 896.7 892 882.2 868.6 864.9 859.4 849.4 843.7 836.6 822.3 778.1 691.5
530.9 488 536.6 575.1 419 383.1 439.7 433 491.1 488.4 493.5 515.3 521.5 539.3 560.3 520.7 476.2 458.4 470.6 506 521.8 530.9 520 499.4 500.8 497.7 488.8 477.7 452.8 440.6 376.4 310.2 319.4 334.3 319 326.5 340 381 459.6 544.7 642 690.8 679.7 679.4 684.5 708.4 688.9 764.2 -9999 723.7 690.8 654.7 621.3 597.6 649 730.8 765.4 769.8 757.4 747.5 764.2 806.9 846.2 878.3 887.7 882.9 874.5 858.8 847.6 849.9 862.6 894.1 921.7 935 926.2 881.3
443.2 446.5 414.2 437.3 432.9 512.1 428.6 470 448.5 464.4 454.9 476.8 485.6 562 523.1 459.3 446.4 451.1 479.2 543.7 554.2 550 520.9 467.8 451.3 457.1 452.5 434.8 428.5 432.4 431.5 471.3 497.1 496 511.7 523.6 544.5 572.1 611.8 656.7 699.9 732.2 744.1 740.2 731.9 716.1 694.5 680.7 665 643.6 647.8 647.7 654 651.9 698.4 738.2 746.9 748.2 747 739.8 753.9 789.5 836.9 893.4 908.1 873.1 882 891.9 887.2 868.3 899.1 1003.9 1078 1135.9 1153.5 1130
470.2 434.6 393.2 439.3 432.2 414.9 438.3 432.4 453.1 431.5 465.6 476.7 458.8 451.4 405.7 439.4 451 490.7 554.4 617.5 647.2 613.9 542.2 366.8 470.2 452 435.6 451.9 467.3 461 422.9 489.3 534.4 555.7 581.2 565.3 579 589.4 581.9 634.4 703.1 747.9 737.6 715.3 763.6 790 762.3 703.4 628.9 633.7 645.9 660.6 672.2 668.7 671.1 717.3 741.9 757.6 785.5 801.9 783.1 798.7 842 994.1 1026.4 1010.7 962.5 951.5 960.1 992 1036.7 1067.7 1132.3 1192.6 1202.4 1253.2
414.8 370.5 435.9 389.8 411.1 440 470.1 474 482.7 496.9 486.3 516.3 533.8 515.7 531.5 483.9 479.8 513.5 557 625.2 706 667.4 606.8 541.1 511.8 476.6 463.1 508.9 515.9 536.2 559.8 581.5 589.1 546.4 529.9 527.8 553 521.2 514.9 600.7 717.3 837 776.8 796.2 892.5 841.1 793.7 736.9 677.6 646.7 635.3 684.3 707.6 699.6 671.3 655.4 707.9 757.3 752.7 846.2 789.7 713.2 745.8 958.4 1043.9 973.9 1010.5 1026.6 1036.8 1043.6 1056.6 1037.8 1052.7 1244.4 -9999 -9999
