datasets/global_precipitation_1950_2017/rasters/precip_1998-total.asc
NCOLS 720 
NROWS 347 
XLLCORNER -180 
YLLCORNER -90 
CELLSIZE 0.5 
NODATA_value -9999 
[rows 306 to 339 of 347, columns 304 to 379 of 720]
-9999 -9999 -9999 -9999 -9999 -9999 -9999 -9999 -9999 -9999 -9999 -9999 -9999 -9999 -9999 -9999 -9999 -9999 -9999 -9999 -9999 -9999 -9999 -9999 -9999 -9999 -9999 -9999 -9999 -9999 -9999 -9999 -9999 -9999 -9999 -9999 -9999 -9999 -9999 -9999 -9999 -9999 -9999 -9999 -9999 -9999 -9999 -9999 -9999 -9999 -9999 -9999 -9999 -9999 -9999 -9999 -9999 -9999 -9999 -9999 -9999 -9999 -9999 -9999 -9999 -9999 -9999 -9999 -9999 -9999 -9999 -9999 -9999 -9999 -9999 -9999
-9999 -9999 -9999 -9999 -9999 -9999 -9999 -9999 -9999 -9999 -9999 -9999 -9999 -9999 -9999 -9999 -9999 -9999 -9999 -9999 -9999 -9999 -9999 -9999 -9999 -9999 -9999 -9999 -9999 -9999 -9999 -9999 -9999 -9999 -9999 -9999 -9999 -9999 -9999 -9999 -9999 -9999 -9999 -9999 -9999 -9999 -9999 -9999 -9999 -9999 -9999 -9999 -9999 -9999 -9999 -9999 -9999 -9999 -9999 -9999 -9999 -9999 -9999 -9999 -9999 -9999 -9999 -9999 -9999 -9999 -9999 -9999 -9999 -9999 -9999 -9999
-9999 -9999 -9999 -9999 -9999 -9999 -9999 -9999 -9999 -9999 -9999 -9999 -9999 -9999 -9999 -9999 -9999 -9999 -9999 -9999 -9999 -9999 -9999 -9999 -9999 -9999 -9999 -9999 -9999 -9999 -9999 -9999 -9999 -9999 -9999 -9999 -9999 -9999 -9999 -9999 -9999 -9999 -9999 398.1 -9999 -9999 -9999 -9999 -9999 -9999 -9999 -9999 -9999 -9999 -9999 -9999 -9999 -9999 -9999 -9999 -9999 -9999 -9999 -9999 -9999 273.1 265.5 257.6 250.1 243.5 237.4 231.2 224.8 218.2 212.6 207.7
-9999 -9999 -9999 -9999 -9999 -9999 -9999 -9999 -9999 -9999 -9999 -9999 -9999 -9999 -9999 -9999 -9999 -9999 -9999 -9999 -9999 -9999 -9999 -9999 -9999 -9999 -9999 -9999 -9999 -9999 -9999 -9999 -9999 -9999 -9999 403.5 402.5 401.5 -9999 -9999 -9999 398.6 397.3 395.7 -9999 -9999 -9999 -9999 -9999 -9999 -9999 -9999 -9999 -9999 -9999 -9999 -9999 319.6 313.8 308.5 304 299.4 294.2 288.7 281.8 276.6 271.6 266.5 263 258.7 256.1 253.4 250.7 248.3 249.4 251.8
-9999 -9999 -9999 -9999 -9999 -9999 -9999 -9999 -9999 -9999 -9999 -9999 -9999 -9999 -9999 -9999 -9999 -9999 -9999 -9999 -9999 -9999 -9999 -9999 -9999 -9999 -9999 -9999 -9999 -9999 -9999 -9999 -9999 -9999 404 402.9 401.7 400.9 399.7 399.1 398.1 396.9 395.4 392.7 389.3 386.8 382.6 376.4 370 362.8 355.6 349.4 344 338.7 333.3 328.2 326 317.5 311.2 306.6 302.1 298.8 295.7 292.2 286.9 284 279.2 276.3 274 272.1 270.9 272.4 268.7 269.2 270 272.6
-9999 -9999 -9999 -9999 -9999 -9999 -9999 -9999 -9999 -9999 -9999 -9999 -9999 -9999 -9999 -9999 -9999 -9999 -9999 -9999 -9999 -9999 -9999 -9999 -9999 -9999 -9999 -9999 -9999 -9999 -9999 -9999 -9999 -9999 402.1 402.2 401.2 400.1 398.9 397.8 397 395.6 390.5 387.4 385.8 381 376.1 369.8 362.8 357.1 351.4 346.7 341.5 336.3 331 326.2 321.1 319.2 312.5 307.2 303.9 303.2 300.3 297.6 295.1 290.6 287.4 286 284.4 283.7 283 282 281 280.7 281.3 281.6
-9999 -9999 -9999 -9999 -9999 -9999 -9999 -9999 -9999 -9999 -9999 -9999 -9999 -9999 -9999 -9999 -9999 -9999 -9999 -9999 -9999 -9999 -9999 -9999 -9999 -9999 -9999 -9999 -9999 -9999 401.9 401.5 401.5 401.2 401 400.7 400.2 399.2 398.2 396.8 394.7 392.7 390.2 386.1 382.1 376.9 370.4 365.5 360.2 355.3 350.2 345.8 341.6 336.5 331.7 326.6 322.1 317.8 317 313.1 309.5 306.8 304 301.8 300 298.4 295 294.1 293.2 292.2 290.9 289.7 288.6 288.1 296.3 296
-9999 -9999 -9999 -9999 -9999 -9999 -9999 -9999 -9999 -9999 -9999 -9999 -9999 -9999 -9999 -9999 -9999 -9999 -9999 -9999 -9999 -9999 -9999 -9999 397.2 397.6 398.2 398.5 398.5 398.7 398.9 400.2 398.9 399 398.8 398.2 397.9 397.5 395.2 395.5 393.7 391.8 388.5 385.6 379.9 374.7 369.4 365.5 361 356.2 351.2 346.7 342.3 337.9 333.6 329.3 324.4 322.8 320 316.5 313.3 310.1 307.8 305.8 304.1 302.7 301.2 300 298 296.1 294.4 293.1 299.5 299.5 299.5 299.5
-9999 -9999 -9999 -9999 -9999 -9999 -9999 -9999 -9999 -9999 -9999 -9999 -9999 -9999 -9999 -9999 -9999 -9999 -9999 -9999 -9999 -9999 -9999 -9999 393.4 394 394.3 395.2 397.6 395.1 395.5 395.4 396.3 396.3 396.1 395.6 394.7 395 393.8 392.9 391.9 390.4 387.4 384.1 378.2 375.2 370.9 366.1 361.6 357.6 354.6 349.7 344.9 340.5 336.5 332.4 327.9 326.5 323.2 319.9 317.5 314.8 311.9 310 308.5 306.5 312.7 310.6 309.8 309.1 307.7 305.7 305.4 304.8 304.6 304
-9999 -9999 -9999 -9999 -9999 -9999 -9999 -9999 -9999 -9999 -9999 -9999 -9999 -9999 -9999 -9999 -9999 -9999 -9999 -9999 -9999 -9999 -9999 -9999 -9999 389.4 389.9 389.9 389.9 389.9 390.1 390.6 392.2 390.8 391.6 391.2 391.3 390.5 390 388.7 385.5 383.8 382.4 379 375.6 372.5 369.6 366.2 363.2 358.9 354.6 350.7 347.2 343.5 339.4 335.7 334.3 330.8 327.5 323.9 321 318.7 316.4 320.3 319.1 317.1 315.4 314.2 313.3 312.5 313.2 311.1 309.9 309.1 307.9 306.6
-9999 -9999 -9999 -9999 -9999 -9999 -9999 -9999 -9999 -9999 -9999 -9999 -9999 -9999 -9999 -9999 -9999 -9999 -9999 -9999 379.4 380 380.5 381.2 382 381.7 382 382.1 382.2 383.2 382.8 383.4 383.2 381.6 382.2 382.2 384 382.8 382.8 380.9 379.6 378.5 378.6 373.6 373.7 369.8 369.7 366.3 363.2 359.6 355.6 352.1 348.5 345.5 342.2 340.9 337.8 334.9 331.9 334 330.5 328.4 326.5 324.8 323.3 321.7 320.2 318.6 318.1 316.9 315.3 313.6 312.5 310.3 308.5 306.3
-9999 -9999 -9999 -9999 -9999 -9999 -9999 -9999 -9999 -9999 -9999 -9999 -9999 -9999 -9999 -9999 -9999 -9999 370.4 370.3 370.5 370.9 371.2 371.2 371.1 366.8 367.6 367.8 368.8 368.5 371.6 372.3 372.7 372.9 373.2 373.1 373 373.6 372.8 371.7 371.7 369.5 369 371.2 369.3 367.5 366 363.8 361.4 359 356.1 354.2 351.4 348.2 347.5 346.6 344.1 341.3 339.6 337.4 335.4 333.5 331.4 329.1 327.4 325.5 323.1 320.9 319.2 317.2 315.6 313.4 310.7 308 303.7 302.7
-9999 -9999 -9999 -9999 -9999 -9999 -9999 -9999 -9999 355.4 356.5 357.1 357.3 357 357 357.1 357.3 357.4 357.5 357.4 357.4 357.8 357.4 358.1 354.3 355.4 355.2 355.7 356.1 356.4 359.8 360.3 361.1 361.9 362.2 362.9 363.1 360.4 360.4 360.3 360.7 360.1 360.9 360.8 360.4 359.4 358.4 357.6 356.6 355.8 354.8 353.2 350.9 351.2 349.3 347.1 345.2 343.6 341.5 339.5 337.1 335.2 333 330.5 328.1 324.9 322.3 318.1 314.2 310.8 308 304.4 299.1 294.3 289.2 285
-9999 325.5 327.4 329.5 331.1 332.4 333.5 334.3 335.2 336.3 337.8 338.8 339.3 339.6 339.7 340 340.4 340.6 340.4 340.9 341.2 342.1 341.6 339.1 339.6 340.4 341.2 342.5 342.8 343.4 345.5 345.8 346.5 347.3 347.6 347.9 348.3 349.2 349 349.2 349.1 350.1 349.4 349.6 349.6 349.2 348.5 348.6 348.3 347.3 346.6 345.8 346.6 346 344.6 343.2 341 340.1 337.9 335.2 332.4 329.1 326.7 323.5 318.1 316.2 311.1 305.4 299.2 295.2 288.6 281.7 275.6 270.2 264.3 256.6
304.9 306.7 308.5 310.5 312.3 314.1 315.1 316.7 318 319.1 320 321.1 321.8 322.9 322.5 323.3 323.7 325 324.7 325 325.3 325.6 323.3 324.2 324.4 325.6 325.9 327.8 328.6 328.8 329.2 330.1 330.4 331.3 332.1 332.7 333.3 333.9 334.5 335 336.4 337 336.6 337.9 337.9 337.6 337.1 337 336.5 335.5 334.4 334.8 333.8 332.8 331.4 329.7 327.8 325.3 322.8 319 315.3 312.4 307.1 302.5 297.3 289.9 284.1 278 272.3 265 257.2 249.3 241.6 235.5 227.9 220.6
289.6 291.6 292.7 294.1 295.7 297.4 298.9 300.5 301.9 302.9 304 305.4 306 307.2 307.7 308.5 308.9 309.4 310 310.4 310.7 308.8 309.5 310.1 310.8 310.9 311.2 311.7 314.9 314 315.1 315.3 315.8 316.5 317.2 317.9 318.3 318.6 319.2 320.4 321 322 322.3 322.2 322.4 322.5 322.8 322.3 321.8 321 320.8 319 316.5 314 310.8 307.1 303.9 300.2 296.2 292.3 287.7 281.8 276.1 269.6 262.5 255.5 249.4 240.8 233.1 224.9 216.9 211.8 201.7 193.7 185.6 177.5
277.3 278.9 281.1 282.7 283.7 284.4 285.8 286.9 287.9 289.2 290.3 291.4 292.1 293.5 293.4 294 294.7 295.7 296.1 295 295.5 296.3 296.9 297.4 297.9 298.1 299.1 298.1 300.7 301.1 301.5 301.9 302.5 303.4 303.8 303.7 303.7 304.1 308.2 305.6 306 306.5 306.8 306.9 306.7 305.2 303.8 302.1 301.6 298.9 296.7 297 293.9 290.4 285.9 281.3 276.1 270.9 264.8 258.8 252.4 246.4 241.4 234.1 225.6 217.7 209.8 201.3 194.5 186.7 178.4 169.6 162.2 156 146.8 140.2
272 272.9 272 273.8 274.5 274.6 274.8 276.7 277.8 278.6 279.7 280.3 280.7 280.8 281.4 283.9 282.5 283.1 282.3 282.9 283.5 284.4 285.2 285.4 286 286.8 286.9 287 291.1 290.6 291.3 290.1 290.7 290.6 290.1 291.3 292.5 292.6 292.9 292.9 293.1 292.8 292.6 292.1 291 289.3 286.8 284.9 281.6 277.9 273.9 269.5 264.9 260 254.4 248.5 242.6 236.3 229.9 223.2 216.5 208.5 201.8 195.3 188.5 182.4 163.5 154.5 145.6 150.1 141.9 124.2 118.6 113.2 106.7 102.7
265.1 266.2 264.6 265.5 266.3 267.4 267.7 268.6 268.4 269.5 270.4 271.3 271.4 271.4 272.1 272.1 271.4 272.1 272.5 273.1 273.5 277.3 277.5 277.3 276 276.7 278.5 278.5 278.6 278.5 278.4 278.4 284.2 281.5 281.7 282.3 282.4 282.3 282 281.4 280.8 279.8 278.6 276.7 274.4 271.8 267.9 263.8 259.1 254.3 248.2 242.1 235.5 228.4 220.8 212.5 210.1 197.1 190.1 183.1 176.4 169.2 148 140.3 133.4 126.3 119.8 113.7 108 102.5 98.6 89.4 90.2 77.1 74 71.3
259.3 260.2 258.4 259.1 260.1 261 261.2 261.2 261.8 261.6 264.3 262.8 263.6 264.8 264 265.7 266.8 265.6 265.6 266.4 266.8 267 267.6 267.1 268.8 269.5 270.1 270.9 271.3 271.1 271.1 274.4 274.3 274.4 273.5 273.7 273.1 272.4 271.5 270.1 268.4 266.4 264.4 261.2 257.8 254 249.4 244.3 238.5 231.9 223.9 219 206.9 198.1 188.9 180 170.7 161.7 153 144.7 136.6 128.8 121.7 114.5 108.4 102.2 96.3 87.7 79.5 69.3 78.4 56.5 53.7 50.9 49.1 47.3
254.9 255.6 252.3 253 253.5 254.2 254.8 255.2 255.3 255.8 259.9 260.4 256.3 259.1 259.5 259.8 260.3 260.5 260.2 262.4 262.9 263.1 261.1 262.2 262.6 262.8 263.5 263.7 263.7 263.5 263.6 263.3 263 262.7 262 265.6 264.9 263.9 262.4 260.9 258.8 256.3 253.6 250.1 242.7 237.3 231.4 227.2 219.3 210.8 202.1 193.5 184.3 175.4 166.4 157.1 148.4 139.8 132.1 124.4 117 109.9 103.4 94.7 85.3 76.3 67.2 79 54.3 50 45.9 42.5 39.3 36.9 52.9 50.1
247.5 247.9 246.8 247.8 248.8 249.3 250 250.2 250.5 250.8 252.4 253.5 252.6 253.1 253.6 254.1 254.6 254.4 254.7 254.9 256.3 257 256.2 256.6 256.8 258.4 257.2 257.1 257.3 257.1 256.7 256.2 255.7 254.8 253.6 252.7 251.1 252.9 251.7 248.8 246.9 243.3 239 233.9 228.7 222.6 215.7 208.7 201 192.5 184.3 175.3 166.3 161 153.2 145.2 131.2 122.8 115.2 107.5 100.4 91.3 87.7 77 71 65.8 61.3 55.8 51.3 47.1 43.1 39.5 35.9 33.2 31 29.2
241.1 241.9 242.5 242.8 245.1 244.9 245.8 246.2 246 246.5 247.3 247.6 248 248.2 249.3 249.6 249 250.1 250.7 250.1 250.6 250.7 250.6 250.5 250.4 250.2 249.9 249.5 248.9 247.7 247.1 246.1 244.2 242.3 240.8 239.1 237.3 236.4 236.4 232.7 230.1 225.1 219.5 213.9 208.2 201.7 195.1 188.2 181 173.7 165.5 158.1 150.2 142.3 134.2 126.5 118.6 109.7 103.4 94.3 88.2 82.1 76.8 71.4 66.8 62 57.5 53.2 48.7 44.9 40.9 37.6 33.8 30.9 28.2 26.2
235.7 236.5 235.4 235.9 236.5 236.2 237 237.8 238.2 238.7 238.8 238.9 238.2 238.3 238 238.5 239.5 239.5 239.1 238.8 238.5 238.2 237.6 237.3 235.8 234.8 233.8 233 232.6 231.2 229.4 227.8 225.8 223.3 218.9 217.2 218.1 215.2 211 207.2 202.7 201 196.2 190.8 182.1 178.9 171.9 165.1 158.7 151.9 145.2 138.7 131.6 125 117.8 110.1 103.6 96.2 89.8 83.1 80.3 74.9 69.8 62.3 57.7 53.6 49.8 46 42.3 38.2 34.4 30.6 27.7 25.1 22.8 20.6
221.5 221.9 221.4 222.5 222.5 222.7 222.7 222.7 221.8 221.6 221.3 221.3 220.9 220.8 220.3 219.6 219.7 218.4 217.5 216.9 215.9 215.1 214.2 213.3 212.2 211 209.5 207 205.5 203.7 201.6 199.3 197.1 194.6 191.1 188 185 182.4 180.1 178.1 174 169.6 164.9 159.9 155.5 151.5 146.2 140.7 135.2 129.5 123.5 117.7 111.7 105.8 99.9 93.8 88.1 82.5 77.2 71.6 66.7 64.5 59.9 53.6 49.6 46.1 42.6 39.4 36.2 33 30.4 27.7 25.7 23.3 21.3 19.6
200.2 200 200 199.3 199 198.9 198.7 198.4 197.5 197.2 196.8 196.1 195.7 194.7 193 192.2 191.5 190.3 188.9 188.1 186.5 185.5 184.2 183 181.4 179.4 177.7 175.8 172.8 171.6 169.4 167 164.5 162.1 159.6 156.8 153.7 152.9 149.4 145.5 142 138.5 134.5 130.8 126.8 122.9 118.7 114.5 110.3 105.9 101.4 96.6 92.6 88.4 83.4 78.5 74.9 70.3 65.9 62.1 58.1 54.4 50.7 47.4 44 40.9 37.7 34.7 31.9 29 29.9 27.3 25 21 19.5 17.9
172.5 172.1 171.9 171.5 170.9 170.1 169.5 168.6 168.3 167.5 166.6 165.9 164.9 163.9 163 161.7 160.7 159.5 158.2 156.6 155.2 153.4 151.8 150.6 148.7 147.3 145.5 143.3 141.5 139.6 137.2 135.6 133.3 131.1 128.8 126.2 123.6 122.4 119.8 116.9 114.1 111 108 105.1 102 98.1 94.9 91.8 88.9 85.3 82.2 78.6 74.9 71.7 68.3 64.6 61.3 58.1 54.8 53 49.8 46.7 44 41.9 39.4 36.8 34.7 32 29.8 27.2 25.4 23.6 21.9 20.1 18.4 16.6
141 140.3 140.1 139.4 138.9 138.2 137.5 136.9 136.4 135.6 134.8 133.9 133.1 132 131 129.9 128.8 127.6 126.4 125.3 124 123 121.6 120.3 118.9 117.6 116 114.7 113.1 111.6 109.7 108.4 106.6 104.4 102.7 100.4 98.2 95.7 93.5 91.2 89.8 88.8 85.6 83.6 81.5 79.4 76.3 74.1 71.5 67 64.6 62.7 60 57.7 55.5 53.5 51 48.5 45.8 43.5 41.3 39 37.1 35.1 33 31.5 29.3 29 27.4 25.6 23.3 21.6 20.5 18.9 17.8 16.3
108.4 108.1 107.7 107.6 106.9 106.7 105.9 105.1 104.4 103.8 103.3 102.7 101.7 101.1 100.2 99.7 98.5 97.8 97.2 96.3 95.3 94.3 93.2 92.2 91.1 90.3 88.9 87.8 86.6 85.3 84 83.2 81.6 80.5 79.1 77.6 76.1 74.8 73.6 71.7 69.9 68.1 66 64.1 63 63.2 59.6 57.9 56.4 54.8 53.1 51.8 49.6 44 42.7 41.2 39.5 38.2 36.8 35.2 34 32.7 31.5 30.2 28.8 27.5 26.3 25 23.8 22.6 20.6 19.4 17.6 16.4 15 14.1
79 78.7 78.4 77.9 77.7 77.5 77.3 76.6 76.3 75.8 75 74.1 73.7 73.3 72.6 72 71.1 70.6 70 69.3 68.6 67.7 67.1 66.2 65.6 64.4 63.6 62.9 61.9 61.1 60.1 59.5 58.5 57.6 56.7 55.8 54.7 53.7 56.5 55.4 54.6 53.5 48.4 47.4 46.3 45.4 44.3 43.2 42.1 41.2 40.1 38.5 37.3 35.4 34.1 32.9 31.7 30.5 29.6 27.5 26.4 25.7 24.8 23.9 23.1 21.5 20.1 19.2 17.6 16.7 15.6 15 14.1 13.4 12.8 12.4
54.3 54.2 53.9 53.7 53.4 52.9 52.6 51.8 52.6 52.5 52.1 51.6 51.6 50.7 50.1 49.7 49.6 49.3 48.8 48.3 47.8 47.5 46.7 46.5 46.1 45.4 44.7 44.4 43.5 43.5 42.6 42.2 41.7 41.1 40.5 39.8 39.2 35.8 35 34.3 33.7 33.1 32.2 31.5 30.7 29.9 29.4 28.8 28.1 27.3 26.7 25.8 25.3 24.6 24.2 23.2 22.5 22.1 21.2 20.6 19.6 18.6 17.6 17.1 17.7 16.7 15.9 15.1 14.4 12.8 12.3 11.8 11.5 10.7 10.1 9.6
34.7 34.5 34.4 34.3 34.1 34 34 33.6 33.4 33.3 33.2 33.2 33.2 32.8 32.5 32.3 32.1 31.8 31.3 31.1 30.9 30.7 30.3 29.9 29.7 29.4 29 28.7 28.1 28.1 27.8 27.1 26.8 26.7 26.2 25.6 25.1 24.9 24.6 24.1 23.6 23.2 22.9 22.3 21.8 21.6 21.2 20.8 20.1 19.8 19.4 18.8 18.4 18 16.8 16.3 15.3 14.7 14.4 15.4 13.2 12.9 12.5 12 11.8 11.3 9.3 9.1 8.7 8.4 8.1 7.7 7.4 7.2 6.9 6.8
21.1 21.3 21.4 21.4 21.5 21.4 21.5 21.5 21.5 21.4 21.4 21.3 21.1 21 20.7 20.9 20.7 20.6 20.7 20.7 20.4 20.1 20 19.7 19.5 19.5 19.5 19.2 19 18.7 18.6 18.4 18.1 17.9 17.6 17.5 17.6 17.1 16.8 16.5 16.2 16 15.7 15.4 15.2 14.8 14.4 14 13.4 12.8 12.2 12.1 11.8 10.9 10.2 9.9 9.1 10.2 8.5 8.4 8.3 8 7.8 7.3 7.3 7.1 7 6.7 6.3 6 6 6.1 5.8 5.8 5.7 5.2
12.6 12.7 12.7 12.7 12.7 12.7 12.7 12.7 12.7 12.7 13.3 13.3 13.3 13.3 13.2 13.2 13.3 13.2 12.3 12.2 12.1 12.2 12.1 12 12 11.8 11.8 11.8 11.8 11.7 11.5 11.3 11.4 11.5 11.3 11.3 11.1 10.9 10.3 10.1 9.9 9.3 9.1 9 8.6 8.2 8.8 8.6 7.7 7.3 7.1 7.1 7.1 6.9 6.8 6.7 6.8 6.7 6.6 6.3 5.9 5.8 5.5 5.5 5.3 5.3 5.3 5.2 5.1 4.9 4.7 4.6 4.3 4.2 4.2 4.1
