datasets/global_precipitation_1950_2017/rasters/precip_1973-total.asc
NCOLS 720 
NROWS 347 
XLLCORNER -180 
YLLCORNER -90 
CELLSIZE 0.5 
NODATA_value -9999 
[rows 306 to 339 of 347, columns 456 to 531 of 720]
672.9 673.4 671.8 669.1 660.3 647.6 633.8 618.7 605.6 593.9 583 569.3 553.7 534.7 513.1 491.5 469.7 447.5 425.4 405.8 389.2 374.5 360.7 344.5 331.4 322.8 310 301.1 294.4 286 282.5 279.8 276.8 273.5 269.4 265.8 261.6 256.5 250.5 243.8 237.3 232.4 -9999 -9999 -9999 -9999 -9999 -9999 -9999 -9999 -9999 -9999 130.1 -9999 -9999 103.1 93.7 90.8 89.6 89.2 90.5 92.2 99.3 103.1 113.4 126.9 141.3 156.3 171.4 188.9 211.2 234.7 257.9 279.9 298.3 320.3
672.5 670 666.4 662.3 655.7 645.5 634.6 627.5 619.9 607.4 603.2 585.1 571.1 553.8 532.9 511.3 491.5 471.2 450.5 431.1 413.8 396.7 376.8 358.2 344.7 334.8 324.7 312.5 299.5 289.4 283 276.9 271 265.2 259.8 254.8 249.4 242.8 235.8 228.2 221 212.7 -9999 -9999 -9999 -9999 -9999 -9999 -9999 150 143.2 135.7 124 112.9 116 102.2 99.8 98.4 97.7 97.4 98 99.7 102.5 116.4 114.3 126.9 143.1 155 166.8 181.2 200.2 220.8 241.2 260.9 277.6 291.6
679.8 676.1 671.2 664.5 660 656.6 651.6 645.5 639.1 626.8 614.8 593.6 584.8 565.7 547.5 530.1 510.1 491.1 471.8 453 433.6 417.1 392.7 384.9 369.3 346.1 338.8 322.2 310 295.5 284.3 277.6 267.2 263.2 255.8 243.4 239.1 230.3 222.8 214.2 205.3 199 -9999 -9999 -9999 -9999 -9999 -9999 153.8 146.6 139.4 137.1 122.5 129.2 124.2 107 106.2 105.9 106.5 106.7 106.7 107.7 110.1 127.7 135.3 128.5 148.9 153.9 165.8 178.1 194.4 212.2 229.8 247.6 259.5 272
675.4 671.4 665.6 662.2 665 666.8 661.9 659.1 642.5 631.6 624.4 612.3 596.6 579.8 563.5 546.2 527.8 508.4 488.9 469.9 449.4 429 409.3 390.7 372.9 358.9 341.6 328.3 316.4 301.6 287.8 275 263.4 253.5 244.3 234.5 225.2 217.7 208.5 199.7 189.3 -9999 -9999 -9999 -9999 -9999 -9999 147.7 145.6 140 130.3 123.3 119.8 116.8 112.9 109.2 106.4 104.2 112.6 111.9 106 108.4 111.9 117.6 123.1 128.6 134.6 143.9 156.1 161.9 180.9 182.1 196.5 213.4 222.3 238.2
658.7 661 663.8 643.9 668 664.7 660 653.9 641 631.6 624.1 611.4 597.7 582.7 568 553.2 536.8 519.2 499.8 480.8 462.2 442.4 422.8 403.3 384.3 366.9 350 333.4 318.2 302 285.7 271.6 259 247.5 236.5 226.6 217 206.3 195.8 189 179.8 -9999 -9999 -9999 -9999 148.9 142.6 130.9 139.2 135 127.9 124.5 121.9 119.7 117.1 113.7 111.3 109.5 112.2 109.8 111 129.2 131.8 133.7 138.8 144 139.1 152 165.5 174.6 182.5 192.2 202.8 213.9 226.2 239.1
636.5 637.1 637.9 634.6 641.6 638 633 626.9 627.4 619.9 604.1 594.8 584.6 572.6 559.5 545.8 530.7 514.6 500.3 481.7 461.2 442.9 424.4 406.2 387.7 369.8 351.9 334.7 316.1 299.1 285.1 270.2 256.3 243.2 231.5 220.4 210.3 200.5 190 182.2 176.5 166.6 156.9 148.3 141.8 137.7 134 130.9 125.4 125.1 109.1 136.3 133.6 131.3 129.2 128.1 127.7 127.9 129 129.9 131 132.8 134.9 101 109.6 119.4 129.8 139.8 153.3 165.9 179.2 187.4 196.8 206.4 216.5 226.5
570.7 579.8 573.8 573.4 572.8 571 575.1 578.4 580.9 576 562.5 549 534.9 525.8 516 504.7 497.1 487.6 476.1 459.5 439.7 420.5 402.2 385.6 369.3 353 336.3 318.7 300.7 283.6 269.4 256.5 245.4 232.1 220.2 209.4 196 185.2 175.1 167.6 161.7 152 141.9 133.2 123.3 115.4 113 111.2 107.3 125.1 113.8 110.7 104 98.2 93.6 117.3 119.8 122.2 125.7 81.3 83.2 85.5 89 93.4 100.4 109.1 117.8 127.4 137 147.7 158.5 169 182 188.2 195.7 201.2
486.3 484.9 482.8 480.4 480.7 484.1 487.3 489.8 491.8 489 480.7 471.3 461.5 450.6 442.8 437.8 431.5 423.9 414.3 401.3 384.7 368.8 353.4 338.4 324.8 311.1 295.9 280.5 264.4 248.7 235.5 224.2 213.8 204.7 193.5 182.3 172.7 163.1 153.5 145.9 137.5 129.1 120.9 113.6 105.9 99.5 111.6 110 109 108.8 91.1 89.7 87.9 87.1 86.4 83.4 80.7 78.4 76.4 76.3 77.6 79.5 81.8 84.7 88.9 94.9 102.3 109.6 117.4 125 133.1 141.4 149.8 157.7 159.9 161.1
366.9 369.7 371.8 373.1 373.8 374.3 374.4 374.2 373.5 371.8 368.7 364.5 359.4 353.8 347.9 342.2 335.2 327.3 318.4 308.5 298.3 287.9 278.4 268.6 258 245.6 232.1 218.7 204.5 193 184.5 176.1 166.8 157.7 149.1 141 141 127.9 123.1 117.3 110.4 103.2 92.3 88.6 83.9 80.3 75.9 91.1 89.9 89.4 88.7 84.5 81.4 78.6 69.1 68.6 68.6 69 68 67.5 68.7 69.9 71.6 73.5 75.6 78.4 82.5 88.3 94.4 100.1 106.2 112.3 117.3 122.8 124.4 124.2
256.7 260.6 263 266.1 266.8 264.6 262.2 259.4 256 254.3 254.3 253.4 252.3 250.6 246.1 239.3 232.2 224.7 216.5 210.4 205.9 201.3 196.2 189.6 180.8 171.8 162.6 154.8 147.7 141.2 133.3 125.7 118.6 112 105.8 99.8 94.9 90.1 85.4 81 77.8 74.5 72.1 69.5 66.7 62.8 61 73.6 72.9 72.5 72.5 70.4 68 65.6 63.5 56 56.3 56.4 56.6 56.4 56 58.7 55.8 56.4 57.6 58.8 60.3 62 63.9 66 68.2 70.8 73.7 78 82.7 87.2
178.7 175.2 178.6 182 185.4 184.4 181.4 178.1 174.1 172.6 173.2 173.5 173.6 173.1 170.3 164.4 158.1 151.7 145 141 137.4 131.3 125.2 118.9 112.3 108.7 107.1 105.3 103.4 99.4 79.7 78.5 77 75.6 73.1 69.2 65.7 62 59.3 56.7 56 55.4 54.6 53.8 52 49.5 47.5 56.3 56.5 56.6 57 56.9 55 53.2 44.8 45 45.4 45.9 46.2 46 45.5 45 44.6 44.5 44.8 45.7 46.4 47.5 48.9 50.3 51.9 53.6 55.6 57.2 59.6 61.6
116.1 113.8 115.1 117.6 120 122.4 122.6 119.2 116 115 115.7 116.7 113.4 109.2 104.8 100.1 106.8 94.1 94.8 92.3 87.3 82.3 69.6 69.8 67.7 63.3 59.2 55.4 52.1 50.7 50.9 51.2 51.1 51.3 49.9 47.6 45.1 43.3 41.1 40.4 40.4 40.5 41 41.1 40.3 38.9 37.2 41.5 42.9 43.3 44 44.7 43.9 42.7 36.1 36.5 36.8 37.6 38 37.9 37.7 37.3 37.2 37 37.2 38.1 39 39.9 41.2 42.5 43.6 45 46.2 47.6 48.9 50.2
83.3 81.1 78.7 77.2 78.8 80.3 81.6 80.8 79.8 76.9 73.4 70.1 66.9 61 59.5 56.1 52.3 48.6 45.5 44.2 44.7 45 45.1 45.8 44.6 42.3 39.8 37.6 35.4 34.8 35.3 35.7 36 36.3 35.5 34.4 32.8 31.7 31 30.5 30.8 30.8 31.1 31.3 31.1 31.1 30.1 29.5 33 33.6 34.2 34.9 35.4 29.4 29.8 30.2 30.6 31.3 31.9 31.7 31.8 31.6 31.4 31.6 32.2 32.8 33.6 34.4 35.2 35.8 36.7 37.8 38.6 39.7 40.6 41.7
50.8 51.4 52.1 52.5 53.1 52.3 53 54.3 55.5 54.4 41.3 41.6 42 42.4 41.4 38.7 36.4 34.5 32.3 31.7 31.7 32.2 32.9 33.3 32.5 31.1 29.8 27.9 26.7 26.6 27.1 27.2 27.8 28.3 27.8 26.7 25.9 25.2 24.4 24.5 24.8 25.2 25.5 25.7 25.7 25 24.9 24.8 28.4 27 25.8 25.5 25.3 25.2 25.1 25.6 25.9 26.6 27.3 27.4 27.4 27.7 27.8 27.9 28.5 28.9 29.6 30.2 30.7 31.3 32.1 32.7 33.5 34.1 34.9 35.9
35.3 34.1 32.3 36.5 31.4 32.2 33.1 31.4 29.9 29.2 29.8 30.1 30.5 31.1 30.4 28.7 27.4 25.9 24.8 24.3 24.4 24.8 25.3 25.7 25.1 24.3 23.4 22.4 21.8 21.6 21.7 22.2 22.7 23.1 22.8 22.3 21.5 21 20.8 20.8 21.5 21.4 22 22.2 22.1 21.7 21.7 21.4 21.6 21.8 22.3 22.5 22.4 22.4 22.6 23 23.1 23.7 24 24.2 24.5 24.7 24.7 25 25.4 26 26.4 26.8 27.3 28 28.5 28.9 29.4 29.9 30.4 30.8
24.2 23.4 21.1 21.2 21.6 21.4 22 22 22.5 22.1 21.4 20.6 19.8 18.8 18.8 18.7 19 19.2 19.4 19.3 18.4 17.9 17.2 16.9 16.7 17.4 17.7 17.9 18.2 18.1 17.8 17.4 17.1 17.1 17.2 17.5 17.7 18.1 18.3 18.5 18.4 18.2 18.4 18.3 18.3 18.5 19.2 19.3 19.4 19.5 19.9 20.1 20.6 20.8 20.9 21 21.3 21.3 22 22.3 22.1 22.3 22.6 23 23.3 23.2 23.5 23.9 24.5 25 24.7 25.2 25.3 25.7 26 26.5
17.2 17.5 16.5 16.6 16.3 16.3 16.6 16.5 17.5 17.8 15.9 16.2 16.4 16.4 16.5 16 15.6 15.3 17 16.9 14.8 14.8 15 15.2 15.3 15.5 15.2 15.3 16.5 16.8 15.3 15.8 15.9 15.9 16.1 16.2 16.1 16.3 16.4 17 17.1 17.2 17.1 17.2 17.3 17.6 17.8 18 18.1 18.4 18.5 18.6 18.8 18.8 19 19.8 19.7 19.9 19.9 20.2 20.3 20.6 20.5 20.7 21 21.1 21.2 21.6 21.8 22 22.2 22.4 22.6 22.9 22.9 23.1
15.5 15.4 15 14.9 14.8 14.6 14.9 15.1 14.9 15.1 15.2 15.1 15.1 15.2 15.3 15.1 14.8 14.6 16 15.9 14.7 14.8 15 15 14.9 15.5 15.3 15.3 15.9 15.9 15.3 15.6 15.6 15.7 15.7 15.7 15.8 15.8 16 16.1 16.1 16.4 16.5 16.6 16.7 16.8 16.9 17 17.2 17.3 17.4 17.5 17.4 17.7 17.8 17.7 17.9 17.9 18.1 18.6 18.7 18.7 18.9 19 19.1 19.1 19.2 19.5 19.6 19.6 19.8 19.9 20.2 20.4 20.5 20.5
15 14.9 14.8 14.8 14.7 14.7 14.6 14.6 15.2 15 14.8 15 14.8 14.9 15.2 14.9 14.8 14.8 15.5 15.3 14.8 14.9 15.1 15 15.1 15.5 15.3 15.3 15.8 16 15.5 15.5 15.6 15.5 15.5 15.6 15.6 15.7 15.6 15.8 15.8 15.8 15.9 16 15.9 16.1 16.1 16.1 16.2 16.4 16.3 16.4 16.4 16.5 16.6 16.6 16.5 16.7 16.7 16.8 17 17 17 17.5 17.4 17.5 17.6 17.6 17.7 17.9 17.8 17.9 17.9 18.2 18.2 18.3
15.3 15.3 15.4 15.1 15.2 15.2 15 15 15.1 15 14.9 14.9 14.9 14.9 15.2 15.1 15 15.1 15.1 15.3 15.2 15.2 15.2 15.2 15.2 15.5 15.4 15.5 15.7 15.6 15.4 15.4 15.3 15.3 15.2 15.3 15.2 15.3 15.2 15.3 15.3 15.4 15.4 15.3 15.4 15.4 15.4 15.4 15.5 15.5 15.4 15.5 15.6 15.6 15.6 15.6 15.5 15.6 15.7 15.6 15.5 15.9 15.8 15.8 15.9 15.9 15.8 16.3 16.2 16.4 16.4 16.3 16.4 16.6 16.5 16.4
15.3 15.3 15.5 15.3 15.5 15.5 15.4 15.3 15.3 15.3 15.3 15.2 15.2 15.2 15.2 15.2 15.2 15.3 15.2 15.2 15.3 15.2 15.4 15.3 15.3 15.7 15.4 15.4 15.5 15.4 15.2 15.3 15.1 15.1 15 15.1 15 14.9 15 15 15 15 14.9 15 15 15 14.9 14.7 14.9 14.8 14.7 14.7 14.8 14.7 14.8 14.7 14.9 14.8 14.7 14.8 14.8 14.8 14.9 15 14.9 14.8 15 15 15 15.1 15 15 15.3 15.3 15.3 15.1
15.7 15.9 15.5 15.6 15.5 15.5 15.6 15.6 15.4 15.6 15.5 15.5 15.4 15.5 15.4 15.4 15.4 15.3 15.3 15.4 15.2 15.3 15.1 15.1 15.2 15.6 15.5 15.4 15.3 15.3 15.2 15 15 15 14.9 14.8 14.8 14.8 14.8 14.7 14.7 14.5 14.5 14.6 14.5 14.3 14.4 14.3 14.3 14.4 14.3 14.2 14.3 14.2 14.2 14.2 14.1 14.1 14.1 14 14.2 14.1 14.2 14.3 14.2 14.2 14.3 14.2 14.3 14.4 14.4 14.3 14.2 14.2 14.2 14
15.7 15.8 15.6 15.7 15.6 15.8 15.7 15.6 15.6 15.4 15.4 15.4 15.3 15.3 15.3 15.3 15.2 15.1 15.1 15.1 15 15.1 14.9 14.9 15 15.3 15.5 15.2 15.2 15.1 15 15 14.9 14.8 14.7 14.6 14.6 14.6 14.5 14.5 14.3 14.3 14.3 14.1 14.1 14.1 14 14 14.1 14 13.9 13.9 13.8 13.9 13.9 13.8 13.7 13.6 13.7 13.6 13.6 13.8 13.8 13.8 13.8 13.9 13.9 13.9 13.7 13.7 13.8 13.7 13.6 13.6 14 14
15.4 15.4 15.3 15.5 15.4 15.3 15.3 15.4 15.3 15.2 15.1 15 15.2 15.1 15 15 15 15 14.8 14.8 14.8 14.7 14.7 14.6 14.7 15.2 15.2 15 14.9 14.9 14.9 14.7 14.7 14.6 14.5 14.4 14.3 14.4 14.3 14.3 14.2 14.1 14.1 14 13.9 13.9 13.9 13.9 13.7 13.7 13.7 13.6 13.6 13.5 13.5 13.5 13.4 13.5 13.5 13.5 13.6 13.5 13.5 13.4 13.4 13.3 13.5 13.4 13.5 13.7 13.6 13.6 13.6 13.5 13.4 13.4
15.3 15.2 15 14.9 14.9 14.9 14.9 14.9 14.7 14.7 14.7 14.6 14.7 14.7 14.5 14.5 14.6 14.6 14.6 14.5 14.5 14.5 14.5 14.6 14.5 15 14.9 14.9 14.9 14.7 14.8 14.7 14.6 14.3 14.3 14.2 14.1 14 14.1 14 13.9 13.9 13.8 13.8 13.7 13.8 13.7 13.6 13.7 13.6 13.6 13.6 13.5 13.4 13.5 13.4 13.3 13.3 13.3 13.4 13.3 13.2 13.1 13.5 13.5 13.6 13.5 13.6 13.5 13.5 13.6 13.6 13.5 13.4 13.5 13.4
14.7 14.7 14.6 14.5 14.7 14.6 14.6 14.6 14.5 14.3 14.3 14.4 14.3 14.2 14.1 14.1 14.1 14.1 14 14.1 13.9 13.9 13.9 14.1 14 14.5 14.4 14.3 14.3 14.4 14.4 14.2 14.3 14.2 14.2 14 14 13.9 13.9 13.9 13.9 13.8 13.9 13.7 13.7 13.5 13.6 13.6 13.6 13.5 13.5 13.5 13.4 13.5 13.4 13.4 13.4 13.4 13.4 13.4 13.3 13.5 13.4 13.3 13.4 13.4 13.4 13.3 13.5 13.3 13.2 13.2 13.3 13.2 13.2 13.1
14.2 14.1 14 13.9 14 14 13.9 13.9 13.8 13.7 13.7 13.7 13.7 13.7 13.7 13.8 13.8 13.7 13.7 13.8 13.7 13.6 13.6 13.5 13.5 14 14 13.9 13.8 13.8 13.7 13.7 13.9 13.6 13.6 13.6 13.5 13.5 13.4 13.4 13.3 13.3 13.4 13.3 13.3 13.2 13.2 13.3 13.3 13.2 13.3 13.2 13.3 13.2 13.2 13.1 13.4 13.3 13.3 13.2 13 13.1 13 13 13 13 13 13.1 13.1 13 13.1 13 12.9 13 13 13
13.5 13.5 13.3 13.3 13.3 13.4 13.2 13.2 13.2 13 13.1 13.1 13.1 13 13 13.2 13.1 13.2 13.1 13.1 13.1 13.1 12.9 12.9 13 13.4 13.4 13.4 13.3 13.3 13.4 13.2 13.2 13.2 13.2 13.1 13 13.1 13 12.9 12.9 13 12.9 13 12.9 12.9 12.9 12.8 12.9 12.8 12.9 12.8 12.8 12.9 12.8 12.8 12.7 12.7 12.7 12.7 12.6 12.7 12.7 12.8 13 13 13 12.9 13 12.9 13 12.9 13 13 13 13
12.8 12.6 12.6 12.7 12.7 12.5 12.5 12.6 12.6 12.4 12.5 12.5 12.6 12.5 12.4 12.5 12.4 12.5 12.4 12.4 12.3 12.3 12.3 12.1 12.1 12.7 12.7 12.7 12.6 12.6 12.5 12.6 12.6 12.7 12.6 12.6 12.6 12.4 12.5 12.5 12.4 12.4 12.4 12.3 12.4 12.4 12.3 12.4 12.4 12.4 12.5 12.5 12.4 12.4 12.4 12.4 12.4 12.3 12.4 12.4 12.3 12.4 12.5 12.4 12.5 12.4 12.5 12.5 12.6 12.7 12.8 12.8 12.8 12.8 12.9 13.1
11.9 11.9 11.9 12 11.8 11.9 11.9 11.9 11.8 11.7 11.7 11.8 11.7 11.8 11.7 11.7 11.8 11.7 11.7 11.5 11.6 11.5 11.6 11.6 11.5 11.9 11.9 11.9 12 11.9 11.9 11.9 12 11.9 11.9 11.9 11.9 11.8 11.8 11.8 11.8 11.7 11.8 11.8 11.7 11.7 11.8 11.9 11.9 11.9 11.9 12 11.9 11.9 12.1 12 12 12.1 12 12 12.1 12.1 12.1 12.1 12.1 12.1 12.3 12.3 12.3 12.3 12.5 12.6 12.6 12.8 12.9 13
11.2 11.3 11.2 11.1 11.1 11.1 11 11 11 11.1 11.2 11.1 11.1 11.1 11 11 10.9 10.8 10.9 10.9 10.9 10.9 10.8 10.8 10.8 11.2 11.3 11.2 11.2 11.2 11.2 11.1 11 11 11.1 11.3 11.3 11.2 11.2 11.2 11.2 11.2 11.2 11.2 11.2 11.2 11.2 11.2 11.3 11.3 11.2 11.2 11.2 11.3 11.3 11.3 11.3 11.4 11.5 11.6 11.7 11.9 11.9 11.8 11.8 11.8 11.9 11.9 11.9 11.9 12.1 12.2 12.2 12.3 12.5 12.6
10.5 10.5 10.4 10.4 10.4 10.4 10.4 10.4 10.2 10.3 10.2 10.2 10.2 10.2 10.1 10.1 10.1 10.1 10.2 10.2 10.1 10.1 10.1 10 10 10.4 10.6 10.5 10.5 10.4 10.4 10.4 10.4 10.4 10.4 10.4 10.4 10.4 10.5 10.5 10.5 10.4 10.4 10.5 10.6 10.6 10.6 10.5 10.6 10.6 10.7 10.8 10.8 10.8 10.8 10.8 10.9 10.9 10.9 10.9 10.9 11.1 11.3 11.1 11.1 11.2 11.3 11.4 11.6 11.5 11.5 11.7 11.9 11.9 11.9 11.8
9.5 9.4 9.3 9.5 9.5 9.5 9.5 9.5 9.4 9.4 9.3 9.3 9.3 9.3 9.2 9.2 9.1 9.1 9.2 9.2 9.3 9.3 9.3 9.3 9.2 9.6 9.7 9.7 9.7 9.7 9.8 9.8 9.7 9.7 9.8 9.9 9.9 9.9 9.9 10 9.9 9.9 9.9 10 10 10 10 10 10 10 10.2 10.2 10.2 10.2 10.2 10.1 10.2 10.3 10.3 10.3 10.3 10.5 10.3 10.5 10.6 10.7 10.7 10.7 10.7 10.8 10.7 10.7 10.9 10.9 10.9 11
8.6 8.5 8.5 8.4 8.5 8.6 8.6 8.6 8.4 8.4 8.5 8.4 8.4 8.4 8.4 8.4 8.4 8.3 8.3 8.3 8.3 8.3 8.3 8.3 8.4 8.7 8.7 8.8 8.7 8.7 8.7 8.7 8.7 8.7 8.8 8.9 8.9 9.1 9.1 9 9 9 9 9 9 9 9.1 9.2 9.3 9.2 9.2 9.2 9.4 9.5 9.6 9.6 9.6 9.7 9.7 9.6 9.6 9.7 9.7 9.7 9.7 9.7 9.8 9.8 9.8 9.9 9.9 9.9 9.9 9.9 10 10.1
