datasets/global_precipitation_1950_2017/rasters/precip_1990-total.asc
NCOLS 720 
NROWS 347 
XLLCORNER -180 
YLLCORNER -90 
CELLSIZE 0.5 
NODATA_value -9999 
[rows 34 to 67 of 347, columns 76 to 151 of 720]
266.2 282 305.3 327.5 349.9 367.3 384.2 402 423.4 447.4 463.2 446.6 415.6 388.7 370 355.5 345.6 339.1 338.4 340.1 342.6 344.4 349.9 353.1 357.8 361 362.4 358.7 353.9 347.5 341.5 334.8 326.7 316.7 308.4 299.9 289.7 281.4 273 263.6 254.4 245.7 235.5 228.2 220.2 218.2 215.7 215.2 214.8 215 215.1 215.3 216.4 217.9 219.2 220.1 223 224.4 226.8 229 231.7 234.8 241.4 249.5 262.1 274.5 287.1 296.6 300.4 298 289.8 277.7 268.8 259.7 246.2 232.8
309.5 324.6 345.4 365.3 381.5 392.1 398.1 403.9 413.9 425.3 431.5 431.3 426.4 419.1 412.6 402.4 395.6 389 382.1 371.7 363.9 363.2 358.3 360.7 361 357 352.5 349 345.9 343 335.9 326.6 313.6 301 289.8 278.7 269.1 261.5 259.7 258.5 257.5 255.5 252.2 248.1 244.2 241.1 239.4 238.7 238.9 240.1 240.6 241.8 242.9 244.1 244.6 244.3 241.9 240.1 236.7 232.9 229 225.5 223.7 225.8 233.6 246 257.2 263.4 265.2 263.6 259.1 252.9 247.8 239.6 228.6 219.3
326 331.4 350 374.6 394.2 402.3 399 398.7 410.2 428.1 438.6 442.1 442.4 441.7 444.4 448.2 444.8 453.1 449.8 440.9 425.3 412.2 397.9 385.3 372.7 360.9 349.7 340.3 331.4 323.9 314.1 301.6 289.2 284.1 277 262.3 245.9 238.7 248.1 260.2 268 272.3 272.2 268.6 265.2 264.4 265.3 266.6 270.7 271 271.4 274 274.3 273.8 273.4 270.5 266.4 259.8 252.8 245.1 238.2 231.8 226.9 225.3 228.6 235.3 241.2 243.8 243.9 242.3 236.6 232.3 224.9 217.6 209.5 202.2
329.5 311.1 338.3 382.5 422 453.6 486.3 508.4 499.5 478.4 462.2 454.8 452.3 451.3 461.8 467.2 476.3 494.3 527.3 558.9 558 548.3 506.7 471.2 442.7 408.4 380.8 354.7 331.9 313.4 299.3 287.6 281.1 286.8 289.4 285.1 278.4 277.7 280.5 287.1 292.8 295.3 295.3 293.9 291.1 288.8 289.3 292.2 294.8 298.3 299.9 300 300.9 299.8 298.4 294.6 289.3 282.5 274.6 267.4 259.1 252.5 247.4 243.3 239.8 237.1 234.5 231.9 227.9 224.2 218.9 212.4 205.8 202.7 198.8 194
407.2 448.4 465.1 450.7 440.8 441.4 478.4 526.6 511 474.3 452.3 447.9 456.9 461.3 467.3 465 470.1 496.4 546.7 611.2 662.1 709.1 661 629 602.3 537.9 487.1 433.3 388.5 356.9 332.3 317.9 313.6 313.9 315.9 319.5 321.2 324 325.3 326.8 328 328.6 328.7 327.1 324.5 319.9 316.2 314.1 314.4 316 316.6 315.4 316.7 315.4 314.8 313.1 309.8 303.4 296.1 288.7 280.4 272.5 264.2 257.3 249.7 242.3 235.8 227.9 220.1 212.7 207.4 201.8 197.1 194.6 193.6 194.4
340.2 382.5 410.1 418.9 425.3 428.9 429.4 428.8 422.8 416.6 407.8 386.1 390.1 429 439.2 443.8 455.8 486.3 536.1 594.9 672.6 734.7 759 766 741 695.2 643.9 581.8 504.8 437.6 391 360.6 348 345.7 350.5 357.1 362.8 365.2 363.8 360.4 357.9 358.9 360.5 358.5 352.8 344 335.4 328.7 326.9 325.2 325.9 325.7 325.7 325 325.1 324.9 323.2 319.4 314 306.2 297.2 287.5 277.4 267.8 257.9 248.9 238.8 229.5 220 211.2 203.9 198.4 194.5 191.6 191.2 193.4
212.9 248.3 292.4 339.9 387.4 412 405.5 398.3 394.9 398.4 409.6 394.7 377.6 388.8 408.2 431.1 454.1 480.2 515.4 575.5 623.8 697.2 754.1 784.6 781.5 751.5 705.7 659.9 603.3 539.1 479.9 423.4 383.4 371.4 372.2 380.5 386.3 387.6 381.2 374.6 369.8 369.7 369.5 369.3 362.1 352.1 341.6 334.2 329 328.1 329.3 330.9 332.5 332.6 335.4 336.4 336.3 333 326.4 317.6 308.3 298 287.9 278.6 268.8 258 246.6 236.9 226.2 216.2 206.4 200.1 194.8 192.7 193 194.9
244.2 227.5 248 306.1 341 360.4 364.4 358.1 344.1 340.3 360.6 378.2 392 408.3 426.4 440.1 462.1 466.4 465.1 483.8 530.6 589.3 646.9 687.5 699 692.3 684.2 663 643.2 600.3 540.2 473.8 413.9 380.1 361.7 362 364.1 366 365.5 363.4 360.9 363.7 365.6 365.9 364.4 358 345.5 336.2 332.8 330.1 329.1 329.5 328.2 327.3 330.6 349.3 343.7 338.3 331.3 322.1 312 302.1 294.6 288.5 284 275.6 258.2 250 238.2 225.4 211.5 201 197.2 194.6 195.2 199.3
323.7 338.7 357.3 353.7 348 342.8 338 335 339.5 353.8 373.4 386.9 392.8 414.1 449.2 458.2 415.9 372.2 364.2 345.6 392.7 469.4 537.5 576.1 594.9 617.7 635 641.9 629.4 600.9 541.3 486 417 357.1 328.9 322.2 325.3 333.1 341 344.6 346.7 357.3 363.4 366.1 368.8 365.2 351.5 345.5 339 336.7 335.8 333.8 332.4 328.9 329.5 336.1 333.8 330.8 327.7 321.5 313.9 305.1 297.4 291.1 285.3 279.3 268.3 254.8 240.7 225.8 216 208.3 204.1 202.4 203.5 207.6
457.9 410.6 369.7 338.2 322.3 311.4 306.9 303.5 304.2 319.9 346.2 357.3 359.6 370.8 390.4 402.5 405 410.9 420.6 456.2 472.7 497 522.6 529.8 527.1 542.8 579.1 604 601.4 573.8 530.5 457.2 385.1 325.6 277 251.6 255.6 287.1 324.4 345.2 359.1 390.4 388.2 379.1 367.6 363 352.6 341.3 335.9 337.4 343.4 344.9 345.5 340.6 335.4 329.3 324.3 324.5 323.3 320.7 316.1 310.3 302.4 292.5 285.8 275.4 263.8 252.1 240 233.1 228.2 224.8 223.1 222.5 221.5 221.1
564.3 532.2 438.7 375.4 322.4 303.6 301.4 307.8 311.2 317.7 324.6 327.3 328.1 337 347.3 362.9 395.1 441.2 518.5 598.7 591.6 570.1 545.4 512 461.2 462.6 522.9 534 534.9 522.8 487.1 422.5 347.2 280.5 229.2 168.9 136.5 266.9 378.3 381.1 377.4 382.3 383.1 368 354.6 340.1 325.9 319 318.8 336 357.2 370.7 372.9 364.9 352.3 337.5 325.3 327.2 332 334.8 333.7 331.1 321 309.2 295.1 281.4 271.9 262.2 258 258.8 262.5 265.3 265.6 261.5 256.1 249.4
1531.6 1543.8 1441.7 1196.9 873.9 592.3 465.3 375.8 301.2 336.4 349.4 331.3 297.9 318.2 293.2 311.2 356.9 399 434.7 480 526.1 557.7 553.9 536.2 528.2 528.5 516.1 506.2 497.7 484.4 456.7 414.8 365.3 325 301.7 294.8 307.8 345.2 375.6 382.1 378.3 375 365.7 348.6 327.3 310.8 305.7 316.1 331.2 356.5 386.1 415.7 405.6 389 370.8 354.3 346.7 345.3 349.7 353.6 352.9 350.7 339.2 326.7 309.5 290.9 276.5 276.1 280.1 290.2 300.7 315.4 322 319.2 308.9 294.9
2925.1 3038 3176.1 3074.4 2733.4 2196.5 1552.5 929.4 660.2 658.6 693.6 634.8 486.5 382.8 324.3 315.4 351.3 368.4 359.4 415.5 510.4 580 582.4 550.4 508 451.9 419 439.6 455 455 442.2 429.1 411.9 397.9 392.6 402.2 415.9 418.5 408.6 401.1 396.8 391 379.5 356 324.5 307.3 301.8 321.5 337.8 352 362.9 377 388.8 383.3 368 358.6 360.1 360.8 364.8 369.1 367.5 357.5 344.3 326.7 309.2 291.7 279.8 279.2 290 304.5 321.9 342.3 362.2 374.4 372.3 359.9
-9999 -9999 3812.7 4084.8 -9999 3781.2 3091.4 2066.9 1391 1120.4 876.5 873.7 854.3 963.1 813.2 422 346.9 334.7 364.8 431.6 525.9 604.2 618.1 608.7 569.9 505.2 467.8 459.9 457 448.9 442 440.6 441.3 442.2 447.7 451.3 450.7 446.5 441.9 436.7 433.4 430.1 426.5 424.9 400.2 366.6 358.7 368.4 376 379.4 380.6 375.5 405 449.3 406.8 375.4 364.6 354.6 357 362.8 361.3 353.5 344.6 327.8 305.9 281.5 263 261 276.8 299.1 336 377 410.2 426.4 432.7 433.4
-9999 -9999 -9999 -9999 -9999 -9999 3474.2 2503.1 1676.8 1304.9 1103.8 899.9 934.7 993.3 890.3 584.5 450.6 416.9 453 503.5 579.5 623.9 673.6 730.2 725 487.3 492.9 491.3 480.3 473.6 472.3 475.2 469.6 459.5 484.7 518.2 513.9 481.3 449.8 437.3 437.6 438.6 435.2 427.2 414.1 398.7 398.3 395.7 419.8 425.4 439.1 441.3 431.7 411.5 401.2 445.8 447.8 396 374.8 361.5 352.4 354 355.1 341.3 323.1 299.1 280.8 273.2 275.3 288.3 344 415.7 453.4 462.2 468.9 480.6
-9999 -9999 -9999 -9999 -9999 -9999 -9999 -9999 2232.1 2092.4 1943.7 -9999 1534.2 1383.1 1568.4 1817.3 1733.7 1866.5 1991.2 1608.8 956.1 583.1 542.1 550 551.2 542.5 523.4 513.4 500 490 486.9 484.2 469.1 429.9 565.9 690.3 622.2 512.4 438.7 409.7 427.4 434.9 431.4 423.3 408.4 390.1 411.9 445.1 474.1 505.3 502.6 479.8 439.5 403.4 390 401.2 399.5 393.2 386.4 371.3 349.2 324.4 337.2 352.4 357 349.7 334.5 324.7 327.9 348.1 387.2 427.7 456.7 474.9 490 505.6
-9999 -9999 -9999 -9999 -9999 -9999 -9999 -9999 -9999 -9999 -9999 -9999 1915.8 1621.8 1730.7 2690.6 3708.2 3197.8 2690.1 1607.1 744.1 474.3 462.1 494.2 507.5 527.9 531.4 518.5 501 485.5 470 463.3 466.8 494.9 553.2 600.5 582.9 526.4 481 458.3 448.4 447.2 446 443.6 438.3 423.3 440.3 491 468.4 463.5 454.8 431.9 427.6 429.6 411.6 392.1 396.2 402.2 424.3 468 459 424.4 386.8 379.4 385.5 385.3 381.5 380.3 387.2 405.3 432.5 461.9 486.8 501.5 507.2 514.6
-9999 -9999 -9999 -9999 -9999 -9999 -9999 -9999 -9999 -9999 -9999 -9999 2866 -9999 -9999 2477.9 -9999 2890.2 2365 1156.4 572.5 414.8 481.4 545.2 563 579.2 586.7 548.9 514.7 476.8 440.2 420.8 422.2 442.9 479.1 510 519.3 504.5 490.8 486.7 478 475.6 484.6 478.8 454.9 430.2 420.9 415.2 341.8 403.9 416.9 437.6 477.9 485.4 426.1 414.9 433.2 435.9 452 485.4 489.5 435.5 420.7 430.9 421 415.5 420.8 423.5 429 438 458.2 488.2 512.4 525.4 537.8 574.1
-9999 -9999 -9999 -9999 -9999 -9999 -9999 -9999 -9999 -9999 -9999 -9999 3035.9 3495.1 -9999 2126.3 -9999 1630.7 1900.5 1691 1208.7 952.4 811 723.2 753.4 801.2 809.9 751.5 601.9 515.3 470.2 443.9 446.5 460.4 479 503.9 533.2 565.6 585.4 568.8 529.5 516.1 523.5 508.1 475.7 438.2 404.5 371.4 356.4 371.1 417.3 451.4 506.4 459.6 411.4 426.5 441.4 439.1 429.1 403 430.5 434.5 447.8 451.6 447.9 443.5 439.8 436.9 432.4 430.9 455.1 492.9 519.3 531.9 542.7 556.5
-9999 -9999 -9999 -9999 -9999 -9999 -9999 -9999 -9999 -9999 -9999 -9999 -9999 3090.4 3185.2 2276.5 1759.5 -9999 -9999 2249.4 2190 1999.2 1838.8 1549.5 1413.9 1480.6 1475.4 1387.6 967.5 584.4 547.5 536.3 533.1 533 536.4 540.6 555 571.7 580.8 590.7 629.1 562.4 535.5 513.3 476.8 436.4 425 404.8 381.1 380 392.2 398.5 373 376.1 432.5 478.9 442.4 437 438.4 448 475.4 467.1 438.4 424.2 436.3 434.9 430.8 430.7 435.2 446 465.1 491.4 517.9 530.6 530.6 537.6
-9999 -9999 -9999 -9999 -9999 -9999 -9999 -9999 -9999 -9999 -9999 -9999 -9999 -9999 4275.8 3272.5 -9999 2418.4 -9999 2549.5 2541.7 2549.4 2325.7 2211.1 2131.4 1983.7 1770.4 1347.5 862.7 694.6 646.1 601.3 576.7 571.9 574.6 563.8 552.7 573.8 577.4 551.6 524.1 528.2 521.8 548.1 454 471.2 434.8 412.3 356.1 311.4 403.9 442.6 413.2 416 422.3 433.4 433 438.7 432.3 433.5 469 474.6 478.1 441.1 421.7 414.5 411.1 407.7 410.2 421.9 438.8 457.1 473.3 485.1 496 510.7
-9999 -9999 -9999 -9999 -9999 -9999 -9999 -9999 -9999 -9999 -9999 -9999 -9999 -9999 -9999 -9999 -9999 2317.7 2337.5 2292.4 -9999 2888.1 -9999 2164.9 2040.7 2018.8 1541.8 936.1 716.5 688.7 655.6 606.2 588.7 601 614.2 601.8 583.4 646.2 728.4 674.9 491.6 531.2 607.3 557.3 534.3 584.9 533.2 484.8 410.9 452.7 450.1 436.3 441.9 449.8 444.1 438.5 482.7 424.5 397.5 409.6 438.9 452 416.9 387.7 384.4 385.6 392.1 375.5 394.6 398.9 411.2 423.9 433 441.9 453.2 465.4
-9999 -9999 -9999 -9999 -9999 -9999 -9999 -9999 -9999 -9999 -9999 -9999 -9999 -9999 -9999 -9999 -9999 2778.2 1642.2 -9999 -9999 2835.6 2596.8 1940.3 1965.4 1408.1 1218.6 848.7 664.8 760.8 648.5 563.3 563.4 609.9 682.5 725.8 724.3 749.9 796.8 803 781.8 755.6 661.6 581.4 581 539.5 527.4 517 500.2 491 512.4 467.2 491.4 488.1 490.2 464.5 384.4 276.8 333.6 361 381.3 381.1 355.1 326 341 354.3 361.9 380.4 395.9 398.5 406.4 413.3 413.7 424.2 428.4 435.2
-9999 -9999 -9999 -9999 -9999 -9999 -9999 -9999 -9999 -9999 -9999 -9999 -9999 -9999 -9999 -9999 -9999 -9999 -9999 2161.5 -9999 -9999 -9999 2146.3 2111.8 1368.7 814 1087.3 719.5 532.9 470.6 546.3 532.6 553.6 603.2 653.1 644.7 701.7 787.2 834.5 818.4 750.3 691 636.1 620.4 654.3 643.2 577.9 592 546.6 478.4 518.4 515.7 594.6 529 428.5 380.5 299 375.5 401.1 420.7 408 392.6 356.4 339.6 331 332.3 337.1 348.6 365.8 390.9 407.8 413.4 418.9 425.1 426
-9999 -9999 -9999 -9999 -9999 -9999 -9999 -9999 -9999 -9999 -9999 -9999 -9999 -9999 -9999 -9999 -9999 -9999 -9999 -9999 -9999 -9999 -9999 2686.5 2842.6 2394.8 2037.7 1969.1 1556.7 550.4 489.3 650.2 444.4 539.4 566.7 566.2 604.4 707 794.1 917.4 962.7 961.1 966.3 873 751 695 705.2 728.1 636.3 627.4 582.7 550.8 534.3 525.1 497.8 479.1 385.4 372.7 373.9 410.1 430.5 448.2 445.6 384.9 306.4 328.1 340.7 314.3 323.8 360.5 384 388.4 395.9 409.2 416.8 415.2
-9999 -9999 -9999 -9999 -9999 -9999 -9999 -9999 -9999 -9999 -9999 -9999 -9999 -9999 -9999 -9999 -9999 -9999 1483.5 -9999 -9999 -9999 -9999 2259.5 3277.2 3300.8 2730.6 2305.9 2166.8 1603.4 674.9 502 553.7 563.6 584.5 608.8 644.9 690.7 673.1 771.9 899 968.9 1022.4 885.1 753.6 671.6 742.7 726.9 692.3 691.9 688.2 594.8 549.2 517.6 493.9 489.3 448.3 487.8 408.8 366.2 365.8 359.6 347.3 358.4 346.3 359.2 348.3 347.7 365 403.6 404.4 380.2 382.5 410.8 427.9 418.6
-9999 -9999 -9999 -9999 -9999 -9999 -9999 -9999 -9999 -9999 -9999 -9999 -9999 -9999 -9999 -9999 -9999 -9999 -9999 1878 -9999 -9999 -9999 -9999 -9999 4028.3 4161.5 3836.5 2911.9 2163.8 1151 734.8 626.9 588.4 591.8 635.5 690.2 724.1 724.4 761 1000.8 990 877.9 699.3 684.7 701.2 698.2 688.7 883.7 767 748.4 693.6 613.5 560.5 546.9 543.3 531.4 524.5 483.6 418.6 477 410.4 361.1 374.9 392.3 362.7 365 373.4 387 408.8 392.6 420.5 421.3 419.1 405.7 339.4
-9999 -9999 -9999 -9999 -9999 -9999 -9999 -9999 -9999 -9999 -9999 -9999 -9999 -9999 -9999 -9999 -9999 -9999 -9999 -9999 3709.2 -9999 -9999 -9999 -9999 3744.7 4885.2 4824.5 3882.9 2926.2 1961.6 1412.3 1162.8 904.7 580.6 532.1 606.5 644.4 633.4 668.4 810.6 921.9 875.6 780.8 875.1 712.7 691.2 585.1 654.2 758.4 799 760.3 728.3 689 646.2 629.3 564.8 542.5 461.6 461.3 339.9 357.6 376 384.4 352.7 359.7 336.2 304.6 348.5 316.3 382.4 378.5 369.8 330.5 311.2 363.3
-9999 -9999 -9999 -9999 -9999 -9999 -9999 -9999 -9999 -9999 -9999 -9999 -9999 -9999 -9999 -9999 -9999 -9999 -9999 -9999 -9999 2321.2 -9999 -9999 -9999 -9999 -9999 -9999 -9999 2442.7 2146.3 1192.4 1035.3 715.5 523.1 460.3 465.3 429.4 493.5 503.9 561.7 755.4 1041.1 1045.1 940.3 962.3 1178.1 1121.9 883.9 943.4 734.9 564.2 666.6 725 635.8 605.2 601.2 533.5 444.4 423.3 435.6 399.9 327.3 304.1 331.8 340.2 344.7 375.9 347.3 295.2 289.9 304.2 285.7 273 294.3 337.7
-9999 -9999 -9999 -9999 -9999 -9999 -9999 -9999 -9999 -9999 -9999 -9999 -9999 -9999 -9999 -9999 -9999 -9999 -9999 -9999 -9999 -9999 -9999 -9999 -9999 -9999 -9999 -9999 3175.3 2923.4 2462.4 1595.7 855.1 560.2 527.4 532.1 484.8 449.9 418.4 455.3 495.5 542.9 632.4 721.3 644 840.3 1154 1202.4 1549.5 1267.3 952.7 847.2 812.6 723.2 551.8 486 562.8 478.8 416.4 387.1 471.5 340.7 243.8 230.8 248.8 287.8 293.4 274.6 276.9 284.2 311.7 299.3 270.9 240.2 290.3 324.3
-9999 -9999 -9999 -9999 -9999 -9999 -9999 -9999 -9999 -9999 -9999 -9999 -9999 -9999 -9999 -9999 -9999 -9999 -9999 -9999 -9999 -9999 -9999 -9999 -9999 -9999 -9999 -9999 2675.9 2396.3 2446.8 2672.7 1914.6 1038.7 641.7 564 577.4 666.8 709 597.5 503.8 519.3 644 693.7 848.8 1034.2 1156.2 1530.4 2801.7 1407.9 722.4 823.7 627.8 700.6 637.7 479.5 420.8 401.4 388.8 336.1 238.4 227.1 255.2 225.3 247.7 249 274 336.2 316.9 352.7 407.2 372.2 291.2 275.5 336.8 377.8
-9999 -9999 -9999 -9999 -9999 -9999 -9999 -9999 -9999 -9999 -9999 -9999 -9999 -9999 -9999 -9999 -9999 -9999 -9999 -9999 -9999 -9999 -9999 -9999 -9999 -9999 -9999 2563.8 2353.6 -9999 -9999 2321.9 2311.1 2161.1 2033 2347.6 1409.9 973.3 786.4 651.8 438.5 332.9 449.8 389.1 533.9 619.2 874.5 1109.8 1516.6 1415.2 979.9 571.1 642.5 713 724.5 599.9 449.6 335.5 338.9 302.6 249.4 174.6 198.9 203.1 229.6 233 228.2 272.1 323.1 371.2 403.1 365.6 340.8 317.2 361.7 404.3
-9999 -9999 -9999 -9999 -9999 -9999 -9999 -9999 -9999 -9999 -9999 -9999 -9999 -9999 -9999 -9999 -9999 -9999 -9999 -9999 -9999 -9999 -9999 -9999 -9999 -9999 -9999 -9999 -9999 3624.7 4063.4 2794.9 2087.2 1867.1 1497.9 2113.5 2538.6 1774.2 1243.4 852.6 546.1 479.4 426.4 429.9 464.8 456.1 689.4 887.6 1126.1 1050.9 962.6 547.3 511.8 747.7 767.2 715.6 475.6 412.3 511.6 329.8 286.1 308 286.9 332.4 347 251.8 328.7 310.7 266.1 341.3 321.7 366.5 360.5 319.9 323.9 384
-9999 -9999 -9999 -9999 -9999 -9999 -9999 -9999 -9999 -9999 -9999 -9999 -9999 -9999 -9999 -9999 -9999 -9999 -9999 -9999 -9999 -9999 -9999 -9999 -9999 -9999 -9999 -9999 -9999 -9999 4068.1 3703.5 2499.3 1561.2 -9999 -9999 1755.9 2594.2 2702 4143.2 1834 1761.2 680.9 726.9 426 750.5 978.5 817.7 861.7 1018.4 969.5 596.2 474.4 736.2 920.9 656.1 493.7 374.7 339.4 266 290.7 296.1 317.4 393.5 469 447.4 334.1 349.1 310.9 316 360.6 325 304.6 333.7 399.4 364.6
