datasets/global_precipitation_1950_2017/rasters/precip_1954-total.asc
NCOLS 720 
NROWS 347 
XLLCORNER -180 
YLLCORNER -90 
CELLSIZE 0.5 
NODATA_value -9999 
[rows 306 to 339 of 347, columns 76 to 151 of 720]
-9999 -9999 -9999 -9999 -9999 -9999 -9999 -9999 -9999 -9999 -9999 -9999 -9999 -9999 -9999 -9999 -9999 -9999 -9999 -9999 -9999 -9999 -9999 -9999 -9999 -9999 -9999 -9999 -9999 -9999 -9999 -9999 -9999 -9999 -9999 -9999 -9999 -9999 -9999 -9999 -9999 -9999 -9999 -9999 -9999 -9999 -9999 -9999 -9999 -9999 -9999 -9999 -9999 -9999 -9999 -9999 -9999 -9999 -9999 -9999 -9999 -9999 -9999 -9999 -9999 -9999 -9999 -9999 -9999 -9999 -9999 -9999 -9999 -9999 -9999 -9999
-9999 -9999 -9999 -9999 -9999 -9999 -9999 -9999 -9999 -9999 -9999 -9999 -9999 -9999 -9999 -9999 -9999 -9999 -9999 -9999 -9999 -9999 -9999 -9999 -9999 -9999 -9999 -9999 -9999 -9999 -9999 -9999 -9999 -9999 -9999 -9999 -9999 -9999 -9999 -9999 -9999 -9999 -9999 -9999 -9999 -9999 -9999 -9999 -9999 -9999 -9999 -9999 -9999 -9999 -9999 -9999 -9999 -9999 -9999 -9999 -9999 -9999 -9999 -9999 -9999 -9999 -9999 -9999 -9999 -9999 -9999 -9999 -9999 -9999 -9999 -9999
-9999 -9999 -9999 -9999 -9999 -9999 -9999 -9999 -9999 -9999 -9999 -9999 -9999 -9999 -9999 -9999 -9999 -9999 -9999 -9999 -9999 -9999 -9999 -9999 -9999 -9999 -9999 -9999 -9999 -9999 -9999 -9999 -9999 -9999 -9999 -9999 -9999 -9999 -9999 -9999 -9999 -9999 -9999 -9999 -9999 -9999 -9999 -9999 -9999 -9999 -9999 -9999 -9999 -9999 -9999 -9999 -9999 -9999 -9999 -9999 -9999 -9999 -9999 -9999 -9999 -9999 -9999 -9999 -9999 -9999 -9999 -9999 -9999 -9999 -9999 -9999
-9999 -9999 -9999 -9999 -9999 -9999 -9999 -9999 -9999 -9999 -9999 -9999 -9999 -9999 -9999 -9999 -9999 -9999 -9999 -9999 -9999 -9999 -9999 -9999 -9999 -9999 -9999 -9999 -9999 -9999 -9999 -9999 -9999 -9999 -9999 -9999 -9999 -9999 -9999 -9999 -9999 -9999 -9999 -9999 -9999 -9999 -9999 -9999 -9999 -9999 -9999 -9999 -9999 -9999 -9999 -9999 -9999 -9999 -9999 -9999 -9999 -9999 -9999 -9999 -9999 -9999 -9999 -9999 -9999 -9999 -9999 -9999 -9999 -9999 -9999 -9999
-9999 -9999 -9999 -9999 -9999 -9999 -9999 -9999 -9999 -9999 -9999 -9999 -9999 -9999 -9999 -9999 -9999 -9999 -9999 -9999 -9999 -9999 -9999 -9999 -9999 -9999 -9999 -9999 -9999 -9999 -9999 -9999 -9999 -9999 -9999 -9999 -9999 -9999 -9999 -9999 -9999 -9999 -9999 -9999 -9999 -9999 -9999 -9999 -9999 -9999 -9999 -9999 -9999 -9999 -9999 -9999 -9999 -9999 -9999 -9999 -9999 -9999 -9999 -9999 -9999 -9999 -9999 -9999 -9999 -9999 -9999 -9999 -9999 -9999 -9999 -9999
-9999 -9999 -9999 -9999 -9999 -9999 -9999 -9999 -9999 -9999 -9999 -9999 -9999 -9999 -9999 -9999 -9999 -9999 -9999 -9999 -9999 -9999 -9999 -9999 -9999 -9999 -9999 -9999 -9999 -9999 -9999 -9999 -9999 -9999 -9999 -9999 -9999 -9999 -9999 -9999 -9999 -9999 -9999 -9999 -9999 -9999 -9999 -9999 -9999 -9999 -9999 -9999 -9999 -9999 -9999 -9999 -9999 -9999 -9999 -9999 -9999 -9999 -9999 -9999 -9999 -9999 -9999 -9999 -9999 -9999 -9999 -9999 -9999 -9999 -9999 -9999
-9999 -9999 -9999 -9999 -9999 -9999 -9999 -9999 -9999 -9999 -9999 -9999 -9999 -9999 -9999 -9999 -9999 -9999 -9999 -9999 -9999 -9999 -9999 -9999 -9999 -9999 -9999 -9999 -9999 -9999 -9999 -9999 -9999 -9999 -9999 -9999 -9999 -9999 -9999 -9999 -9999 -9999 -9999 -9999 -9999 -9999 -9999 -9999 -9999 -9999 -9999 -9999 -9999 -9999 -9999 -9999 -9999 -9999 -9999 -9999 -9999 -9999 -9999 -9999 -9999 -9999 -9999 -9999 -9999 -9999 -9999 -9999 -9999 -9999 -9999 -9999
-9999 -9999 -9999 -9999 -9999 -9999 -9999 -9999 -9999 -9999 -9999 -9999 -9999 -9999 -9999 -9999 -9999 -9999 -9999 -9999 -9999 -9999 -9999 -9999 -9999 -9999 -9999 -9999 -9999 -9999 -9999 -9999 -9999 -9999 -9999 -9999 -9999 -9999 -9999 -9999 -9999 -9999 -9999 -9999 -9999 -9999 -9999 -9999 -9999 -9999 -9999 -9999 -9999 -9999 -9999 -9999 -9999 -9999 -9999 -9999 -9999 -9999 -9999 -9999 -9999 -9999 -9999 -9999 -9999 -9999 -9999 -9999 -9999 -9999 -9999 -9999
-9999 -9999 -9999 -9999 -9999 -9999 -9999 -9999 -9999 -9999 -9999 -9999 -9999 -9999 -9999 -9999 -9999 -9999 -9999 -9999 -9999 -9999 -9999 -9999 -9999 -9999 -9999 -9999 -9999 -9999 -9999 518.8 520.9 -9999 -9999 -9999 -9999 -9999 537.5 543.1 -9999 -9999 -9999 -9999 -9999 -9999 -9999 -9999 -9999 -9999 -9999 -9999 -9999 -9999 -9999 -9999 -9999 -9999 -9999 -9999 -9999 -9999 -9999 -9999 -9999 -9999 -9999 -9999 -9999 -9999 -9999 -9999 -9999 -9999 -9999 -9999
-9999 -9999 -9999 -9999 -9999 -9999 -9999 -9999 -9999 -9999 -9999 -9999 -9999 -9999 -9999 -9999 -9999 -9999 -9999 -9999 -9999 -9999 -9999 -9999 -9999 -9999 -9999 -9999 -9999 -9999 -9999 -9999 -9999 -9999 -9999 523.2 526.9 -9999 536.4 542.2 548.2 558 561.3 -9999 -9999 -9999 -9999 -9999 -9999 -9999 -9999 -9999 -9999 -9999 634 636.5 -9999 -9999 -9999 -9999 647.1 648.6 -9999 -9999 -9999 -9999 -9999 -9999 -9999 -9999 -9999 -9999 -9999 -9999 -9999 -9999
-9999 -9999 -9999 -9999 -9999 -9999 -9999 -9999 -9999 -9999 -9999 517 512 506.6 505.9 501.9 -9999 -9999 -9999 -9999 -9999 -9999 -9999 -9999 -9999 -9999 -9999 -9999 503.8 504.7 506 -9999 -9999 510.9 512.7 514.8 517.6 520.8 525.9 531 535.7 540.3 544.8 550.6 558.5 569.2 577.8 586.6 591.7 595.9 599.8 603 606.7 614.2 619.2 624.8 630.4 635.5 -9999 -9999 -9999 644 646.5 649.7 -9999 -9999 -9999 -9999 -9999 -9999 -9999 -9999 -9999 -9999 -9999 -9999
-9999 -9999 -9999 -9999 542.3 537.5 534.9 530.2 525.5 521 515.9 510.9 505.6 500.7 500.9 505.7 504 503.2 502.5 501.8 500.2 502.2 501.1 500.3 497.6 494.6 490.9 489 488.1 487.5 488.1 489.3 490.1 491.3 492 492.5 493.6 495.4 496.3 500.6 503.7 506.9 510.4 513.9 520 529.8 539.8 549.7 559 547.6 557.1 566.4 576 580.9 586.1 594.5 602.3 609.8 616.7 602.3 608.8 -9999 625.9 628.5 632.1 634.6 640.6 -9999 -9999 -9999 -9999 -9999 -9999 662.5 662.3 660
555.5 550.6 545.1 540.4 535.8 532.4 527.9 523.2 518 512.9 507 502 496.2 494.8 493.3 495.4 493 492 490.3 487.7 485 484.7 480.1 475.4 471.3 468.2 459.2 461.6 457.9 453.8 450.4 449.3 447.8 446.7 445.4 444 443.3 443.5 444.6 447.2 447.9 454.2 456.4 459.3 462.4 470.2 475.7 485.9 493.9 500.2 505.6 513.7 520.8 524.2 527.3 533.1 541.9 551 560 566.1 569.3 573 576.2 579.7 585.8 590.3 600.6 608 615.5 619.3 619.8 620 619.5 617.7 618.1 617.3
546.1 541.1 535.3 530.5 526 521.1 514.5 508.3 501.8 495.5 489.6 484.2 478.9 481.1 474.5 473.7 468.7 463.5 458.5 454.8 451.7 443.4 443.2 435.7 427.8 419.3 414.6 411.8 405.6 402.3 395.6 390.2 385.6 382.8 379.5 377.4 375.8 374.8 374.9 375.6 376.8 378.5 381.4 384.3 388 392 395.9 408.9 410.6 420.3 427.9 433.8 442.7 447.3 452.3 456.7 460.7 469.1 478.1 484.8 489.4 493.7 500.1 509.4 508 521.7 524.3 532.6 541.1 546.1 547.1 547.6 547.3 546.3 547.5 551.2
525.2 520.4 515.8 507.1 501.1 496.4 492.1 484.6 473.9 468.8 459.8 452 450 440.4 431.3 430 424.9 418.8 410.6 404.3 399.1 391.1 383.8 376.9 368.4 360.4 354.4 349.9 342.9 336 328.6 323.5 318.8 315.6 311.7 307.3 304 301.8 299.7 298.4 298.1 298.1 301.8 302.3 304.8 308.4 312.3 317.4 323.8 327.3 334.5 341.9 349.4 357 364.7 370.7 376.3 382.2 387.3 394.2 401.6 409.8 418.2 426.7 433.4 438.2 442.7 446.3 449.9 455.3 462.6 470.1 476.8 457.8 459.8 483.1
486.2 481.8 475.6 463.1 459.9 453.4 444.2 434.7 425.1 415.7 405.9 405 395.2 382.5 374 369.5 362 354.9 348.3 341.6 334.3 327.2 318.8 309.8 303.3 298.7 288.5 283.5 277.8 272.6 265.2 255.9 251.9 249.3 246.7 239.9 238.5 237.5 233.8 231.6 231.4 231.9 232.9 234.5 233.5 233.1 234.7 242.4 238.4 243.8 250.2 256.8 263.7 274.8 276.9 283.7 288.5 294.8 300.6 305.9 311.2 316.9 322.6 328.6 334.6 341.1 346.6 351 355 358.4 363.5 369 374.4 379.8 382.8 384.1
434.8 427.4 421.5 415.2 408.3 400.4 390.7 381.1 372 362.1 352.2 332.6 325.4 318.3 311.5 302.6 296.1 290 283.8 281.9 275.1 267 258.8 254.5 249.2 237.6 232.2 227.1 222.2 216.8 211.2 206.6 204 201.4 198 194.2 192 189.3 187.3 184.7 181.4 181.9 178.2 174.4 180.9 181.4 180.9 178.9 180.5 183.2 188.1 193.3 199 204.2 209.2 213.8 218.1 223 226.5 230.8 232.5 236.7 240.9 245 248.5 251.5 254.7 258.3 262.6 267.3 271.6 275.3 278.9 282.4 285.6 289.6
377.5 370.6 363.5 357.2 350.3 340.2 329.2 317.6 305.5 298 278.7 273.3 268.7 264.4 260.3 252.5 247.6 242.6 238 231.2 224.5 219.1 213.9 208.8 205.5 200.1 197.5 193 188.6 183.5 178.1 172.6 167.4 166.9 162.5 157.6 151.4 148.3 147 142.6 140.9 136 133.9 132.3 130.5 128.5 130.2 128.3 129.6 130.7 140.8 135 139.8 143.3 145.8 150.9 153.9 156.1 161.7 165.5 169.9 172.9 177.3 180.8 184.1 186.4 189.1 191.4 198.8 201.5 201.1 206.9 208.7 210.4 212.2 215.1
316.1 309.3 303.2 296.4 288.8 281.2 273.4 261.6 249.8 233.7 227.6 224.3 221.1 218.1 212.1 203.3 209.4 195.5 192.6 191.2 189.6 187.8 186.8 180.9 176.6 172.6 169 164.5 162.3 156.9 152.7 147.9 142.1 141 134.7 129.9 125.8 122 118.1 113.2 110.2 106.9 104 103.4 99.9 98.3 96.6 94.9 95.7 95 94.1 93.7 98.6 94.4 96.6 98.9 101.5 107.1 108.7 111.8 115.7 117.4 123.8 123.2 128.1 132.6 135.6 138 145.5 149.3 146.9 150.1 153.2 156.1 158.4 162
255.2 247.6 239.2 231.8 224.9 218.4 212 205.6 208.1 193.4 190.5 187.7 185.6 183.2 178.3 170 164.9 159.6 159.3 158.5 157.8 157.6 155 152.8 151.2 148.9 146.8 143.9 140.7 137.8 134 129.9 126.7 123 118.4 115.1 111.5 107.8 104.8 102 98.4 94.8 91.3 87.5 84.3 80.9 78.2 75.6 73.6 72 70.6 69.7 69.1 70.3 70.1 71.8 73.5 75.4 79.6 82.1 84.3 86.9 89.9 92.9 95.6 95.5 99.4 101.1 102.9 105.6 106.6 109.1 111.5 114.5 116.9 118.3
220.5 211.1 202.8 195.7 188.4 182.1 176.2 177.8 167.2 162.6 162.6 161 157.9 156.4 153.9 149 145.1 140.9 137.2 139.1 139.5 137.4 135.8 134.3 132.8 131.4 129.3 126.9 124.7 122.5 120.2 118.1 115.5 113.5 111.3 109.3 107.3 105.3 103 100.8 97.6 93.7 88.9 82.6 75.8 69 63.7 61.1 59.5 58.4 58 57.7 57.4 57.5 57.9 58.1 59 65.1 66.2 67.5 67.9 68.9 70.1 74.4 75.3 77.3 78.2 81.2 82.2 84.5 86.1 88 89.7 91 92.4 93.6
194.2 185.9 178.9 172.3 166.4 164.4 156.1 151.3 148.8 143.5 139.3 134.6 136 134.5 132.8 129.9 128.8 126.4 124 125.8 126.2 123.9 122.8 121.5 120.1 119 117.4 115.3 113.4 111.7 109.6 107.5 105.4 103.9 102.4 101 99.4 97.6 95.5 93.1 90.4 87.1 82.8 77.1 70.2 63.6 59.6 57.5 55.7 54.8 54.3 54 54 54 54 54.3 54.4 54.8 55.2 61.4 57.5 59 60.6 62 63.5 65.8 67 68.2 70.1 71.2 72.1 74.1 74.7 76.5 77.7 79.4
177.5 170.3 163.7 157.9 149.8 147.3 140.6 137.8 134.9 131.8 127.6 123.5 120.1 115.9 123 119.8 117.2 114.8 113.2 114.1 114.1 112.2 110.4 109.2 107.6 106 104.2 102.4 100.4 98.7 97 95.2 93.7 91.8 90.2 88.9 87.1 85.4 83.5 81.4 79 76.5 73.7 71.1 68.1 65.3 62.8 60.3 58.8 57.6 56.3 55.3 54.8 54.4 54 53.7 53.4 53.7 53.5 53.6 53.8 60.2 55.4 56.7 58.2 59.7 60.7 62 63.3 64.4 66.1 65.6 67.4 68.3 69 71
157.3 153.8 145.5 139.6 134.6 129.7 125.9 122.5 119.1 115.9 113.3 113.4 110.5 105 101.4 103.9 103.2 102.8 102.3 100.1 99.7 97.6 95.4 93.8 93.5 92.5 91.4 90 88.6 87.3 86.1 85 83.8 82.3 80.9 79.7 78.1 76.8 75.2 73.7 72.1 70.2 68.6 66.8 65 63.4 62.3 60.8 58.7 57.7 56.6 55.9 55.5 54.8 54.6 54.1 53.7 53.3 53.2 53.1 52.9 52.7 53 52.9 59.5 54.5 55.6 57.1 58 59.3 60.4 61.9 63.5 63.6 63.3 64.1
135.1 130.4 125.4 120.2 117.3 114.3 111.8 109.3 106.7 104.7 102.5 99.8 97.1 94.7 91 90.3 89.8 89.4 90.6 89.8 88.7 87.7 86.4 85.2 83.9 82.5 82.6 81.5 79.4 78.3 77.4 77.3 76 74.8 73.3 72.1 71.7 69.7 68.7 67.5 66.4 65.3 64.1 63.1 61.9 60.8 59.9 58.7 57.9 56.8 56 55.3 55.1 54.3 54 53.6 53.2 53.1 52.7 52.5 52.2 52.2 52.1 51.9 51.9 51.8 51.7 51.9 52.4 53.2 54.2 55.2 56 57.1 58.1 58.5
115.4 117.7 107.1 104.5 101.8 99.2 97.1 94.8 92.9 90.8 89.4 87.8 86.1 85.5 83.1 82.7 82.3 82.1 81.6 81.3 79.9 78.6 76.8 77.7 75.5 75.1 74.3 73.5 73.1 72.2 71 70 69 68 67.2 66.1 65.1 64.5 63.3 62.3 61.4 60.6 59.8 59.2 58.3 57.6 57.2 56.5 55.9 55.3 54.8 54.5 54.1 53.3 52.8 52.6 52.3 52 51.9 51.5 51.3 51.3 51.1 50.8 50.7 50.7 50.4 50.4 50.4 50.3 56.3 51.2 51.1 51.2 54.1 52.6
102.1 99.4 96.9 94.4 92.2 90.3 88.7 87.1 85.4 84.2 82.8 81.7 79.8 79.8 77.2 76.9 76.5 75.9 75.5 75.2 73.5 72.1 71.1 71.9 70.9 69.2 68.4 67.8 66.9 66.1 65.6 64.4 63.4 62.8 62 61.2 60.2 59.9 58.7 58.1 57.5 56.7 56.3 55.8 55.5 55 54.8 54.4 54 53.4 52.9 52.8 52.4 52.1 51.7 51.5 51.1 50.9 50.6 50.4 50.3 50.2 50 49.7 49.7 49.7 49.6 49.7 49.6 49.6 49.9 49.8 49.7 49.6 54.1 49.8
92.2 89.9 88.2 86.3 84.8 83.1 81.7 80.4 79 77.9 77.1 75.3 73.8 74.1 71.6 71.2 71 70.2 69.8 69.7 68.3 67 66.3 66.7 65.8 64.2 63.5 63 62.2 61.4 60.5 59.7 58.7 58.3 57.4 56.8 56.1 55.4 55 54.5 54.2 53.8 53.7 53.2 53 52.6 52.4 52 51.8 51.6 51.2 51 50.8 50.5 50.4 50.1 49.9 50 49.8 49.8 49.8 49.7 49.7 49.8 49.5 49.5 49.6 49.5 49.6 49.7 49.5 49.4 49.4 49.8 49.4 49.4
83.4 80.3 78.8 77.3 75.6 76 72.8 72.3 71.9 71.4 69.9 68.9 68.8 67 66.6 66.3 66.1 65.7 65.1 64.6 63.6 62.6 61.8 61.8 61.2 59.8 59.1 58.4 57.9 57.2 56.5 55.8 55.1 54.4 53.8 53.3 52.6 52.2 52.1 51.8 51.6 51.2 50.9 50.7 50.6 50.2 50.1 49.9 49.7 49.5 49.3 49.1 49.2 49.3 49.1 49.2 49.3 49.1 49.2 49.2 49.2 49.2 49.3 49.1 49.2 49.2 49.2 49.2 49.4 49.3 49.3 49.3 49.3 49.3 49.3 49.4
75.8 73.6 72.4 71 69.6 68.7 68 67.4 66.8 66.1 65.4 63.8 63.3 62.2 61.8 61.3 60.6 60.6 60.4 59.6 59.1 58.7 58 57.5 56.9 56.1 55.3 55 54.6 54 53 52.5 52 51.3 50.8 50.4 50.1 49.8 49.8 49.3 49.1 48.9 48.6 48.3 48.2 48 47.9 47.9 48 47.7 47.7 47.8 47.7 47.7 47.7 47.7 47.8 47.7 47.8 47.8 47.9 48.1 48.1 48.1 48.2 48.2 48.3 48.3 48.4 48.4 48.4 49 49 49 49 49.1
69.9 68.7 67.3 66.6 66 65.3 64.9 64.4 63.8 63.2 62.5 61.7 60.6 58.8 58.4 58.1 58.1 57.9 57.3 57 56.3 55.4 54.8 54.3 53.5 53.1 52.7 52.2 51.6 51.2 50.6 50.3 49.7 49.2 49 48.7 48.4 47.9 47.9 47.7 47.3 47.1 47 46.9 46.7 46.7 46.8 46.6 46.7 46.7 46.8 46.7 46.8 46.9 46.9 46.8 46.9 47 46.9 47 47 47 47.4 47.5 47.6 47.7 47.7 47.8 47.9 48 48 48.1 48.1 48.2 48.2 48.2
65.5 65 64.3 63.8 63.2 62.7 62.6 62 61.3 60.8 60.3 59.6 57.4 57.1 56.9 56.8 56.9 55.8 56.2 55.5 55.1 54.4 53.8 53.1 52.2 51.8 51.1 50.8 50.2 49.8 49.5 49 48.9 48.5 48.2 48.2 47.8 47.5 47.3 47.1 46.9 47 46.9 46.9 47 46.8 46.7 46.7 46.8 46.9 46.9 46.9 47 47.1 46.9 47 47.1 47.2 47 47.1 47.3 47.3 47.4 47.3 47.3 47.5 47.5 47.5 47.5 47.6 47.8 47.8 47.8 47.9 48 48
62.8 62.5 62.2 61.8 61.4 61 60.6 60.1 59.7 59.3 58.6 57.1 56.8 56.4 56.2 56.2 55.3 54.9 55.5 54.8 54.1 53.7 53.1 52.6 52.1 51.7 51.2 50.8 50.2 49.6 49.3 48.6 48.6 48.5 48.2 47.9 47.9 47.8 47.7 47.6 47.5 47.5 47.4 47.5 47.5 47.5 47.4 47.4 47.4 47.4 47.3 47.4 47.2 47.3 47.3 47.2 47.3 47.4 47.5 47.3 47.4 47.4 47.5 47.7 47.5 47.6 47.6 47.7 47.7 47.7 47.8 47.9 47.9 48 47.9 48
60.9 60.8 60.4 60.1 59.6 59.3 59.2 58.7 58.6 57.9 57.6 56.4 56.3 55.9 55.9 55.8 54.4 55.2 54.9 54.4 54 53.7 53.1 52.7 52 51.7 51.4 50.9 50.5 50.1 49.9 49.3 49 48.7 48.6 48.4 48.3 48.1 48.1 48.1 48 47.9 48 47.8 47.8 47.7 47.8 47.8 47.9 47.6 47.7 47.8 47.7 47.8 47.8 47.6 47.6 47.6 47.6 47.7 47.7 47.6 47.7 47.7 47.8 47.8 47.7 47.7 47.8 47.8 47.9 47.8 47.9 47.8 47.9 48
