datasets/global_precipitation_1950_2017/rasters/precip_1982-total.asc
NCOLS 720 
NROWS 347 
XLLCORNER -180 
YLLCORNER -90 
CELLSIZE 0.5 
NODATA_value -9999 
[rows 0 to 33 of 347, columns 532 to 607 of 720]
-9999 -9999 -9999 -9999 -9999 -9999 -9999 -9999 -9999 -9999 -9999 -9999 -9999 -9999 -9999 -9999 -9999 -9999 -9999 -9999 -9999 -9999 -9999 -9999 -9999 -9999 -9999 -9999 -9999 -9999 -9999 -9999 -9999 -9999 -9999 -9999 -9999 -9999 -9999 -9999 -9999 -9999 -9999 -9999 -9999 -9999 -9999 -9999 -9999 -9999 -9999 -9999 -9999 -9999 -9999 -9999 -9999 -9999 -9999 -9999 -9999 -9999 -9999 -9999 -9999 -9999 -9999 -9999 -9999 -9999 -9999 -9999 -9999 -9999 -9999 -9999
-9999 -9999 -9999 -9999 -9999 -9999 -9999 -9999 -9999 -9999 -9999 -9999 -9999 -9999 -9999 -9999 -9999 -9999 -9999 -9999 -9999 -9999 -9999 -9999 -9999 -9999 -9999 -9999 -9999 -9999 -9999 -9999 -9999 -9999 -9999 -9999 -9999 -9999 -9999 -9999 -9999 -9999 -9999 -9999 -9999 -9999 -9999 -9999 -9999 -9999 -9999 -9999 -9999 -9999 -9999 -9999 -9999 -9999 -9999 -9999 -9999 -9999 -9999 -9999 -9999 -9999 -9999 -9999 -9999 -9999 -9999 -9999 -9999 -9999 -9999 -9999
-9999 -9999 -9999 -9999 -9999 -9999 -9999 -9999 -9999 -9999 -9999 -9999 -9999 -9999 -9999 -9999 -9999 -9999 -9999 -9999 -9999 -9999 -9999 -9999 -9999 -9999 -9999 -9999 -9999 -9999 -9999 -9999 -9999 -9999 -9999 -9999 -9999 -9999 -9999 -9999 -9999 -9999 -9999 -9999 -9999 -9999 -9999 -9999 -9999 -9999 -9999 -9999 -9999 -9999 -9999 -9999 -9999 -9999 -9999 -9999 -9999 -9999 -9999 -9999 -9999 -9999 -9999 -9999 -9999 -9999 -9999 -9999 -9999 -9999 -9999 -9999
-9999 -9999 -9999 -9999 -9999 -9999 -9999 -9999 -9999 -9999 -9999 -9999 -9999 -9999 -9999 -9999 -9999 -9999 -9999 -9999 -9999 -9999 -9999 -9999 -9999 -9999 -9999 -9999 -9999 -9999 -9999 -9999 -9999 -9999 -9999 -9999 -9999 -9999 -9999 -9999 -9999 -9999 -9999 -9999 -9999 -9999 -9999 -9999 -9999 -9999 -9999 -9999 -9999 -9999 -9999 -9999 -9999 -9999 -9999 -9999 -9999 -9999 -9999 -9999 -9999 -9999 -9999 -9999 -9999 -9999 -9999 -9999 -9999 -9999 -9999 -9999
-9999 -9999 -9999 -9999 -9999 -9999 -9999 -9999 -9999 -9999 -9999 -9999 -9999 -9999 -9999 -9999 -9999 -9999 -9999 119.3 -9999 -9999 -9999 -9999 -9999 -9999 -9999 -9999 -9999 -9999 -9999 -9999 -9999 -9999 -9999 -9999 -9999 -9999 -9999 -9999 -9999 -9999 -9999 -9999 -9999 -9999 -9999 -9999 -9999 -9999 -9999 -9999 -9999 -9999 -9999 -9999 -9999 -9999 -9999 -9999 -9999 -9999 -9999 -9999 -9999 -9999 -9999 -9999 -9999 -9999 -9999 -9999 -9999 -9999 -9999 -9999
-9999 -9999 -9999 -9999 -9999 -9999 -9999 -9999 -9999 -9999 -9999 -9999 -9999 127.5 -9999 126.1 125.8 126.8 124 123.4 122.8 121.5 120.4 119.3 -9999 -9999 -9999 -9999 -9999 -9999 -9999 -9999 -9999 -9999 -9999 -9999 -9999 -9999 -9999 -9999 -9999 -9999 -9999 -9999 -9999 -9999 -9999 -9999 -9999 -9999 -9999 -9999 -9999 -9999 -9999 -9999 -9999 -9999 -9999 -9999 -9999 -9999 -9999 -9999 -9999 -9999 -9999 -9999 -9999 -9999 -9999 -9999 -9999 -9999 -9999 -9999
-9999 -9999 -9999 -9999 -9999 -9999 -9999 -9999 -9999 -9999 -9999 -9999 140 137.8 -9999 135.9 134.2 133.2 129.1 127.6 125.9 124.5 124 -9999 -9999 -9999 -9999 -9999 -9999 -9999 -9999 -9999 -9999 -9999 -9999 -9999 -9999 -9999 -9999 -9999 -9999 -9999 -9999 -9999 -9999 -9999 -9999 -9999 -9999 -9999 -9999 -9999 -9999 -9999 -9999 -9999 -9999 -9999 -9999 -9999 -9999 -9999 -9999 -9999 -9999 -9999 -9999 -9999 -9999 -9999 -9999 -9999 -9999 -9999 -9999 -9999
-9999 -9999 -9999 -9999 -9999 -9999 -9999 -9999 -9999 -9999 -9999 -9999 -9999 147.3 145.1 -9999 138.8 136.2 133.8 132.1 129.9 -9999 124.5 121.5 117.6 114.4 111 107.9 -9999 -9999 -9999 -9999 -9999 -9999 -9999 -9999 -9999 -9999 -9999 -9999 -9999 -9999 -9999 -9999 -9999 -9999 -9999 -9999 -9999 -9999 -9999 -9999 -9999 -9999 -9999 -9999 -9999 -9999 -9999 -9999 -9999 -9999 -9999 -9999 -9999 -9999 -9999 -9999 -9999 -9999 -9999 -9999 -9999 -9999 -9999 -9999
-9999 -9999 -9999 -9999 -9999 -9999 -9999 -9999 -9999 -9999 -9999 -9999 -9999 -9999 -9999 -9999 -9999 134.7 133.1 130 127.5 125 121.9 119.4 116.9 113.8 110.3 -9999 -9999 -9999 -9999 90.3 -9999 85.2 -9999 -9999 -9999 -9999 -9999 -9999 -9999 -9999 -9999 -9999 -9999 -9999 -9999 -9999 -9999 -9999 -9999 -9999 -9999 -9999 -9999 -9999 -9999 -9999 -9999 -9999 -9999 -9999 -9999 -9999 -9999 -9999 -9999 -9999 -9999 -9999 -9999 -9999 -9999 -9999 -9999 -9999
-9999 -9999 -9999 -9999 -9999 -9999 -9999 -9999 -9999 -9999 -9999 -9999 -9999 -9999 -9999 -9999 -9999 -9999 -9999 -9999 -9999 -9999 -9999 -9999 -9999 -9999 -9999 -9999 -9999 105.7 98.9 95.7 92.8 91.4 89 87.3 85.8 84.4 82.5 -9999 -9999 -9999 -9999 -9999 -9999 -9999 -9999 -9999 -9999 -9999 -9999 -9999 -9999 -9999 -9999 -9999 -9999 -9999 -9999 -9999 -9999 -9999 -9999 -9999 -9999 -9999 -9999 -9999 -9999 -9999 -9999 -9999 -9999 -9999 -9999 -9999
-9999 -9999 -9999 -9999 -9999 -9999 -9999 -9999 -9999 -9999 -9999 -9999 -9999 -9999 -9999 -9999 -9999 -9999 -9999 -9999 -9999 -9999 -9999 -9999 -9999 -9999 -9999 -9999 108.9 105.4 100.6 94.2 88.2 82.9 80.7 83.2 -9999 -9999 -9999 -9999 70.9 -9999 -9999 -9999 -9999 -9999 -9999 -9999 -9999 -9999 -9999 -9999 -9999 -9999 -9999 -9999 -9999 -9999 -9999 -9999 -9999 -9999 -9999 -9999 -9999 -9999 -9999 -9999 -9999 -9999 -9999 -9999 -9999 -9999 -9999 -9999
-9999 -9999 -9999 -9999 -9999 -9999 -9999 -9999 -9999 -9999 -9999 -9999 -9999 -9999 -9999 -9999 -9999 -9999 -9999 -9999 -9999 -9999 -9999 -9999 -9999 -9999 -9999 -9999 -9999 -9999 -9999 -9999 -9999 -9999 -9999 -9999 -9999 -9999 -9999 -9999 -9999 -9999 -9999 -9999 -9999 -9999 -9999 -9999 -9999 -9999 -9999 -9999 -9999 -9999 -9999 -9999 -9999 -9999 -9999 -9999 -9999 -9999 -9999 -9999 -9999 -9999 -9999 -9999 -9999 -9999 -9999 -9999 -9999 -9999 -9999 -9999
-9999 -9999 -9999 -9999 -9999 -9999 -9999 -9999 -9999 -9999 -9999 -9999 -9999 -9999 -9999 -9999 -9999 -9999 -9999 -9999 -9999 -9999 -9999 -9999 -9999 -9999 -9999 -9999 -9999 -9999 -9999 -9999 116.1 116 115.9 113.4 107.2 96 83 -9999 -9999 -9999 -9999 -9999 -9999 -9999 -9999 -9999 -9999 -9999 -9999 -9999 -9999 -9999 -9999 -9999 -9999 -9999 -9999 -9999 -9999 -9999 -9999 -9999 -9999 -9999 -9999 -9999 -9999 -9999 -9999 -9999 -9999 -9999 -9999 -9999
-9999 -9999 -9999 -9999 -9999 -9999 -9999 -9999 -9999 -9999 -9999 -9999 -9999 -9999 -9999 -9999 -9999 -9999 -9999 -9999 -9999 -9999 -9999 -9999 -9999 -9999 -9999 -9999 -9999 -9999 150.3 146.3 139.1 133.3 126.8 118.5 109.1 99.2 91.2 81.5 74.2 72.1 -9999 -9999 -9999 -9999 -9999 -9999 -9999 -9999 85.5 -9999 -9999 -9999 -9999 -9999 -9999 -9999 -9999 -9999 -9999 -9999 -9999 -9999 -9999 -9999 -9999 -9999 -9999 -9999 -9999 -9999 -9999 -9999 -9999 -9999
-9999 -9999 -9999 -9999 -9999 -9999 -9999 -9999 -9999 -9999 -9999 -9999 -9999 -9999 -9999 -9999 -9999 -9999 -9999 138.2 146.5 -9999 -9999 -9999 -9999 -9999 -9999 242 228.6 213.2 199.9 188.4 174.8 168.1 158.8 149.6 135.7 123.6 112.5 101.5 92.3 88.2 83.9 79.7 77 75.7 76 74.6 76.5 77.2 77.4 77.6 77 -9999 -9999 -9999 -9999 -9999 -9999 -9999 -9999 -9999 -9999 -9999 -9999 -9999 -9999 -9999 -9999 -9999 -9999 -9999 -9999 -9999 -9999 -9999
-9999 -9999 -9999 -9999 -9999 -9999 -9999 -9999 -9999 -9999 -9999 -9999 -9999 133.6 134.4 136.2 138 141.5 147.1 152.9 162.2 173.1 185.4 197.6 207.5 216.4 220.7 222.6 221.1 219 216 212 208.4 203.4 198.8 192.2 183.9 173.4 159.4 144 127.7 111.2 98.8 89.4 84 80.6 78.5 77.6 77 76.7 76.6 77.1 78.6 79.1 81.3 86.9 -9999 -9999 -9999 -9999 -9999 -9999 -9999 -9999 -9999 -9999 -9999 -9999 -9999 -9999 -9999 -9999 -9999 -9999 -9999 -9999
-9999 -9999 -9999 -9999 -9999 155 154.9 153 151.1 149.1 147 146.4 146.3 146.5 148.3 150.6 154.7 159.6 165 171.5 179.7 188.8 195.3 203.2 209.6 214.9 219.3 222.3 222.2 221.8 217.7 215.4 210.7 205.9 200.1 199.4 194.5 186.5 173.3 156.5 139.6 122.6 109 98.2 90.4 84.1 79.4 77.3 77.4 78 79.4 81.5 84.4 88.3 93.1 -9999 -9999 -9999 -9999 -9999 -9999 -9999 -9999 -9999 -9999 -9999 -9999 -9999 -9999 -9999 -9999 -9999 -9999 -9999 -9999 -9999
-9999 -9999 157.1 155.3 156.1 156.6 156.6 155.7 155.4 154.7 154.4 155.7 156.4 158.3 161.8 166.3 171.4 178.6 186 193.4 202 209.4 217.1 223.3 231.5 236.6 238.8 242.2 241.4 237.1 227.5 212.3 196.6 185 181.1 180.3 178.5 170.5 163.6 152.6 139.2 126.1 112 100.9 91.6 84.2 78.2 74.4 71.5 68.8 67.9 66.4 -9999 -9999 -9999 -9999 -9999 -9999 -9999 -9999 -9999 -9999 -9999 -9999 -9999 -9999 -9999 -9999 -9999 -9999 -9999 -9999 -9999 -9999 -9999 -9999
-9999 179.2 174.6 170.5 167 165.6 163.9 163.3 162.1 162.7 162.5 163.7 165.8 168.9 173.7 179.2 186.2 194.6 203.4 212.3 219.4 229.2 236.8 242.2 244.4 249.9 254.3 259.8 265.7 269.9 263.4 241.3 216.9 198.6 188.7 181.5 174.8 166.4 157.1 146.7 135.6 125.6 114.5 104.2 94.9 86.5 79.7 72.9 -9999 -9999 -9999 63.4 62.6 62.3 -9999 -9999 -9999 -9999 -9999 -9999 -9999 -9999 -9999 -9999 -9999 -9999 -9999 -9999 -9999 -9999 -9999 -9999 -9999 -9999 -9999 -9999
200.8 194.9 189.5 181.1 175.4 171.4 169 167.3 166.8 167.6 167.2 169.3 171 174.9 179.7 185.1 193.1 201.3 209.1 216.8 224.6 231.9 236.1 240.9 240.3 240.9 243.6 244.2 239.5 238.5 232.6 224.9 215.4 205 194.5 184.4 174 164.5 154 144.6 134.8 124.9 116.5 109.6 106.4 -9999 -9999 114.9 98.5 -9999 73.3 -9999 -9999 -9999 71.2 -9999 -9999 -9999 -9999 -9999 -9999 -9999 -9999 -9999 -9999 -9999 -9999 -9999 -9999 -9999 -9999 -9999 -9999 -9999 -9999 -9999
207.4 201.1 193.2 185.7 178.5 172.5 167.6 165.8 167.9 171.9 174.8 177.9 183.9 190.7 196.6 202.7 207.7 213.1 216 220.1 223 225.7 228.2 228.6 229.4 229 227.4 223.8 219.7 214.8 210.3 203.9 196.7 192.1 185.2 176.7 167.7 159.3 151.4 142.7 -9999 -9999 -9999 -9999 -9999 99.4 96.7 96.6 96.7 95 92 88.5 85.8 84.3 83.2 82.6 82 81.6 81.4 81.1 80.5 80.6 79.7 79.9 80.3 -9999 -9999 -9999 -9999 -9999 -9999 -9999 -9999 -9999 -9999 61.9
211.2 205.3 200.5 196.2 192.2 189.6 188.8 190 193.2 198.8 202.9 206.3 210.5 213.5 217.8 218.7 221.6 227.2 226.4 228.2 230.6 231.5 232.5 232.3 231.4 229.2 226 221.9 215.3 209.1 203.9 198 191.8 185.6 179 173.1 166.9 160.8 153.8 147.4 140.2 132.9 126.2 119.4 112.4 108 104.3 104.3 101 100.3 99.4 98.5 97.1 96.3 95.4 94.8 93.8 93.4 92.8 92 91.7 90.8 91.8 93 95.7 101.3 107.7 114.5 115.7 112.5 107.4 101.7 96.8 92.3 88.2 84.7
224.3 233.3 234.8 243.6 251.2 258.3 265.4 268.6 268.4 262.2 257.2 252.4 245.3 243.3 242.4 243.6 242 241.1 239.8 240.4 239 237.3 238 238 238.7 239.2 238.6 237.3 235.4 232.3 226.8 212 200.1 184.7 176.9 174.5 172 167.8 162.8 157.1 152.5 147.3 141.2 135.4 128.8 123.6 119.5 115.3 112.8 111 109 106.3 103.9 101.5 100.5 99.4 99.5 100.1 102.4 102.8 103.6 103.9 104.4 105.1 106.1 108.2 111.5 113 115.4 116.2 115.8 114.7 108.6 110.7 108 105.2
268.6 294 322.7 344.1 362.7 379 362.7 357 349.4 339.1 321.5 304.1 289.7 279.2 268.4 260.5 255 252.5 251.8 252.6 251.9 249.8 248.8 250 251.1 251.7 252.8 254.2 256.3 259.1 262.3 265.1 259 224.9 208.3 197.7 190.6 184.7 179.3 174.5 169.3 164.4 159.2 154.7 150.1 144.8 140.5 137 134.2 131 127.4 122.6 117.5 112.6 109 106.4 105.7 107.6 110.9 114.9 118 121 122 122.7 123.2 124.5 125.7 127.2 128.5 128 124.8 121.4 116.8 113.4 110.3 109.5
325.9 361 392.8 427.9 459.6 490.2 502.7 504.2 482.4 444.9 403.7 365.4 331.9 298.5 273.1 256.9 251.5 259.6 267.3 271.3 270.6 267.7 263.8 260.8 259.7 259.5 259.3 258.1 258.1 258.7 258 254.7 249.5 225.7 220.1 213.8 208.6 203.2 199.8 195.4 189.9 186.1 183.2 178.2 175 173.1 171.4 168.9 166.8 166.8 165.8 164.3 163.9 161.4 160.6 159.2 158.8 158.6 159.2 157.5 156.9 156.5 155.5 154.2 151.8 149.8 149.2 148.3 148.8 146.2 142.5 137.1 131.3 129.3 129.3 128.6
357.4 400.4 406.9 445 488 535.2 571.5 593.7 571.6 510.6 447.7 393.3 357.7 319.2 302.4 294.1 296.3 303.7 303.3 299.5 294.1 286.5 279 272.4 267.8 264.7 261.2 258.9 258.7 257.1 254.1 252 249.8 232.4 229.8 228.2 225.3 224.4 221.8 219.2 216.9 214.9 212.9 208.6 207.8 207.3 209 209.9 210.3 216 218.4 223.3 229 233.2 237.3 239.8 238.5 234.7 227.7 221.3 213.2 205.8 199.9 194.5 190.7 186.6 190.9 187.6 184.3 178.8 172.6 167.1 162 159.1 156.4 153.1
385.1 399.1 412 428.2 432.8 444.9 454 460.8 455.9 438.4 414.7 390.9 361 349.1 335.8 327.3 320.5 315.8 310.3 306.8 301.3 294.7 286.8 280.6 275.6 272 268.1 264 261.1 258.2 256.4 254.4 254 246 246.1 245.8 245.8 245.7 245.6 245.3 243.6 244 243.4 244.2 242.9 245.4 246.8 249.6 252.5 255.9 261.9 268.8 278.7 289.6 299.3 304.7 303.5 295.1 282.3 267.9 254.5 242.4 233.6 228.6 221.7 221.8 214.1 210.7 207.2 203.4 197.7 192.5 186 179 172.3 172.3
456.8 435.4 420.7 407.5 395.7 388.4 392.1 392.2 392.8 384.7 381.3 371.7 361.7 354.5 345.9 337.7 330.1 323.5 316.1 309.2 301.7 296.6 289 283.8 279.3 275.6 273.8 271.7 269.8 267.6 265.8 264.4 262.8 261.1 259.7 259.7 259.7 260.1 261.1 263 264.8 264.8 264.8 264.9 266.5 267.7 269.1 266.7 269.2 272.9 276.8 281.6 287.6 293.6 298.3 299.7 297.1 290 279.7 267.6 254.7 244.2 236.5 230.3 226.9 223.7 221.3 218.9 216 212.7 208.7 204 197.9 190.9 182.9 176.3
557.9 482.6 437 400.2 369.9 358.9 358.7 360.1 362 363.6 362.9 361 358.2 355.7 351.1 346.7 340.6 330.6 319.1 313.2 304.8 296.7 288.4 285.1 283.1 280.1 279.7 279 278.9 277.9 276.6 274.4 272.1 269 267.9 267.4 266.4 267.6 268.7 269.8 271.8 272.8 274.4 275.3 275.5 274.6 273.5 273.3 273.8 273.9 274.3 275.8 276.8 278.5 279.1 278 274.2 268.9 260.6 251.4 240.6 230 221.2 216.3 216 219.2 221.7 222.7 221.8 218.7 213.5 208.4 202.2 195.8 190.1 184.8
470.2 448.8 420.8 396.8 380.4 370.6 364.8 363 368.2 370.7 371.5 371.6 370.2 369.7 368.4 367.3 363.5 353.8 339.9 326.4 313.5 303.1 296.1 292.7 290.6 288.3 286.9 285.8 285.9 285.8 285.8 278.3 275.5 270.9 268 266.8 266.9 269.2 270.2 271.4 272.6 273.4 274.3 274.7 274.8 274.6 274.1 273.6 272.2 271.2 269.8 268.2 267.7 272.4 273.6 271.5 268.1 262.2 253.9 245.4 235 225.1 216 209.2 224.7 237 237.5 235.1 231 226.1 219.9 213 205.8 198.7 192.8 188
413.8 396.1 379.1 370 368.2 371.5 375.7 380.1 384.6 388 391.5 395.6 398.6 404.6 404.7 405.5 407.4 401.2 388.4 370.8 353.9 336.4 320.6 310.1 301.3 295.8 290.2 288.9 287 279.1 278.5 277 271.7 265.8 264.9 265 265.6 265.9 268.9 270.1 270.9 272.1 273.4 273.8 273.6 273.6 273.6 273.3 273.5 273.9 274.5 276 279 280.1 278.4 275 270.7 265.6 259.6 253.2 247.7 243.3 242.2 244.2 248.1 249.4 246.7 242.7 238.7 234.3 229 223.4 217.7 212.1 205.9 203.2
481 462.7 427.6 403.4 395.2 396 399.9 405.3 409.3 411.9 418.9 422.3 424.4 427.7 429.5 432.2 431.9 428 418.4 405.7 385.8 364 342.1 320.2 305.4 292.8 285.2 279.2 276.7 272.7 271.4 268.3 267.2 265.6 264.5 263.8 264.3 267.2 267.2 268.8 269.7 271.3 271.5 272.5 272.5 272 273.3 274.2 275.2 276.4 277.7 279.2 279.7 279.8 279.2 277 274.6 271.1 267.7 264 260.6 257.1 254.3 252.5 251 249.3 247.8 244.6 242.7 241.9 240.3 238.5 236.8 235 231.7 228.8
451.4 435.6 435.3 432 427.9 427.4 427.2 427 428.3 430 431.6 434.3 436.8 438.7 440.8 443.3 443.7 442.3 432.4 416.9 398 377.1 351.3 326.9 306.7 291.4 282.4 276.4 269.6 267.3 265.6 264.9 263.1 262.9 262.5 262.6 262.4 263.5 264.3 267.6 268.2 269.3 270 269.9 270.5 271.7 273.3 274.9 276.9 278.9 280.4 282 282.8 284.1 284.2 283.3 282.1 280.6 277.8 275.2 271.4 267.8 264.3 261.2 258.1 255.4 253.3 251.2 250.3 250.2 249.9 250.8 251.3 252.1 248.2 245
442.2 446.8 449.7 452.4 454.7 454.3 451.3 446.8 443 439.3 437.9 438.3 438.8 439.9 441.2 441.9 439.4 434.3 423.9 410.8 392.6 370.4 343.6 318.7 300 286.6 278.2 272.4 269.3 267.5 265.3 265 262 262.4 263.4 262 261.1 264 265.4 267 268.5 269.2 271 272.1 273 274.2 276.2 278 279.9 281.9 284.5 286.1 288.4 289.6 291.4 292.7 293.7 292.6 290.5 288 284.1 281.8 276.7 271.4 268.6 266 263.5 261.5 259.9 258.3 257.5 257.4 258 259.6 271 263
