datasets/global_precipitation_1950_2017/rasters/precip_1979-total.asc
NCOLS 720 
NROWS 347 
XLLCORNER -180 
YLLCORNER -90 
CELLSIZE 0.5 
NODATA_value -9999 
[rows 170 to 203 of 347, columns 380 to 455 of 720]
1739.5 1946.7 1947.6 1944.6 1962.7 2020 2121.3 2145.8 2224.3 2278.7 2038.1 1928 1805.1 1682.5 1706.5 1965.3 2154.2 2241.1 2245.1 2277.9 2268 2239.1 2224.9 2160.5 2078.8 1976.8 1863.5 1753 1683.3 1577.3 1445.4 1456.7 1627.6 1922.7 2138.5 1980.1 1821.9 1709.3 1330.9 1417 1055.8 951.2 1185.4 1364.5 1488.3 1275.1 1165.8 1003.4 1068.1 1132.9 1006.3 854.6 503.7 1377.5 1037 1210.3 963.5 908.2 818.1 807.3 1023.3 1190.9 1220.9 -9999 -9999 -9999 -9999 -9999 -9999 -9999 -9999 -9999 -9999 -9999 -9999 -9999
1698.3 1712 1726.8 1722.2 1679.9 1784.2 1961.4 2027.1 2227.5 2480.5 2166.1 1955.1 1754.4 1700.6 1742.4 1957.1 2137 2167.7 2179.3 2253.5 2259 2184 2171.3 2171.1 2095.1 1948.8 1785.6 1649.8 1600.9 1428.8 1418.1 1441.2 1722.9 2025.7 2129.7 2159.1 1797.5 1610.5 1354.5 1309.6 1095.3 850.5 1068.2 1154.3 1009 1013.5 1158.8 984.7 897.6 775 767.6 868 609.3 730.8 843.7 723.3 769.2 851 859.8 1061.1 1252 1328.1 -9999 -9999 -9999 -9999 -9999 -9999 -9999 -9999 -9999 -9999 -9999 -9999 -9999 -9999
1511.6 1326.8 1295.2 1386.2 1355.4 1467 1665 1900.9 1927.7 2316.3 2175.2 1915.4 1536 1610.7 1686.8 1872.8 1995.8 2022.8 1951.3 1986.1 1961.8 1923.6 1966.4 2058.7 2007.5 1786.4 1620.9 1523.5 1460.4 1392.8 1454.1 1542 1730 1956.6 2124.4 2377.7 2531.6 1389.3 1277 1367.2 1180.1 1009.6 1074 1065.5 895.4 884.7 844.7 934.4 968.5 629.6 446.3 545.5 825.4 730 1265.7 1063.6 895.7 913.4 1032.5 1191 -9999 -9999 -9999 -9999 -9999 -9999 -9999 -9999 -9999 -9999 -9999 -9999 -9999 -9999 -9999 -9999
-9999 1673.4 1353.6 1216.6 1093.1 1254.7 1401.7 1598.2 1804.5 2014.3 1980.8 1869.9 1569.4 1552.4 1615.8 1722.3 1824.8 1810.9 1779.4 1769.1 1721.6 1668.8 1579.8 1695.5 1661.5 1554.2 1490.9 1406.3 1356 1322.4 1437.5 1586 1681.7 1870.5 2301.9 2646.7 2742.7 1395.4 1066 1392.5 1318.8 1157.3 1065.2 968.9 883 857.2 822.6 1080 1003.2 834.9 674.8 789.2 1114.8 1430.4 1831 1680.7 1316.9 891.6 1115.8 1220.8 -9999 -9999 -9999 -9999 -9999 -9999 -9999 -9999 -9999 -9999 -9999 -9999 -9999 -9999 -9999 -9999
-9999 -9999 1370.9 1148.1 1066.9 1100.3 1332.7 1291.1 1424.8 1688.3 1518.2 1484.5 1466.8 1491.3 1565.2 1657.2 1657.2 1689.8 1698.7 1697.9 1632.8 1533.4 1406.6 1386.1 1402.7 1363.5 1391.6 1352.9 1307 1312.8 1357.2 1459.8 1513.2 1643.5 2016.6 2328.2 2233.2 1203.7 1219.6 1494.3 1367.7 1329.7 1124.4 902.1 869.6 907.3 716.8 889 1033.5 1021.9 1129.2 1083 1197.7 1249.1 1041.1 940.6 956.9 954 1234.8 1219.5 -9999 -9999 -9999 -9999 -9999 -9999 -9999 -9999 -9999 -9999 -9999 -9999 -9999 -9999 -9999 -9999
-9999 -9999 -9999 1088 1183.7 1166.2 1107.2 1183.5 1324.5 1365.1 1311.2 1352.3 1383.2 1492.9 1575.5 1659.9 1549.9 1599.6 1638 1624.8 1549.3 1484.4 1383.7 1288 1259.2 1235.3 1279.9 1314.8 1304.2 1313.6 1290.4 1274.4 1339 1389.3 1488.4 1588 1423.4 1306.5 1267.5 1324.2 1390.5 1303.8 1120.2 950.6 933.6 876.6 803 891.2 1135.7 945.1 908.8 967.4 932.3 776.9 758.8 725.8 1040.3 1374.2 1382.8 -9999 -9999 -9999 -9999 -9999 -9999 -9999 -9999 -9999 -9999 -9999 -9999 -9999 -9999 -9999 -9999 -9999
-9999 -9999 -9999 -9999 1030.5 1204.1 1131.7 1191.5 1350.6 1336.2 1382.1 1402 1440 1516.9 1608.9 1637.9 1615.4 1610.8 1623.2 1578.7 1499.5 1431.3 1334.2 1234.8 1202.9 1226.2 1263.5 1303.6 1321.6 1311.1 1265.5 1262.9 1271.1 1323 1399.5 1524.1 1407.2 1262.3 1154 1127.8 1312.4 1120.6 1046 1016.7 1007.6 949.6 819.7 899.3 988.8 1093.3 896.5 790.3 714.2 680 775.7 1056 1138.4 1548 -9999 -9999 -9999 -9999 -9999 -9999 -9999 -9999 -9999 -9999 -9999 -9999 -9999 -9999 -9999 -9999 -9999 -9999
-9999 -9999 -9999 -9999 888.3 992 971.9 1029.2 1342.8 1521.3 1703.7 1566.7 1588.5 1556.8 1595.7 1652.4 1638.4 1660.6 1649.1 1575.6 1452.3 1354.3 1263 1198.1 1177.9 1202.2 1255.4 1301.8 1324.4 1359.9 1229.1 1277.6 1225.5 1231.3 1280.2 1340 1305.6 1189.8 1118.4 1101.3 1104.5 1003.4 1031.9 1059.6 1115.6 929 908 899.6 866.1 845.2 717.3 659.4 701.4 778.2 766.1 1107.4 1659.5 1724.5 -9999 2242.3 -9999 -9999 -9999 -9999 -9999 -9999 -9999 -9999 -9999 -9999 -9999 -9999 -9999 -9999 -9999 -9999
-9999 -9999 -9999 -9999 764.6 751.1 841.5 941.6 1321.3 1538.6 1519.9 1670.8 1668.2 1583.7 1634.7 1689.3 1671.3 1680.4 1631 1548 1314.5 1220 1207.6 1201.5 1119.5 1161.4 1207 1224.1 1335.8 1391.3 1386.7 1338.5 1213 1217.3 1270.2 1275.4 1243.4 1176.7 1153.8 1127.4 1078.3 1060.5 1076.3 1070.7 1043.4 962 918.5 834.4 741.1 642.5 717.3 668.8 759 859 988.9 1090.5 1320.2 1537.8 -9999 -9999 -9999 -9999 -9999 -9999 -9999 -9999 -9999 -9999 -9999 -9999 -9999 -9999 -9999 -9999 -9999 -9999
-9999 -9999 -9999 -9999 -9999 687 790.2 989.5 1280.6 1402.1 1471.2 1550.7 1681.5 1673.1 1665.8 1700.7 1706.5 1641.1 1593.3 1475.6 1264.9 1170.9 1185.7 1243.4 1221.4 1234.3 1219 1134.5 1344.3 1506.8 1492.3 1381.6 1188.6 1241.7 1321.6 1343 1276 1195.2 1144.7 1123.8 1027.5 1014.9 1082.5 1092.2 1073.1 951.2 890.7 839.5 752.7 743.9 681.4 422.6 659.8 929.1 1178.7 959.4 1167.1 1350.1 1769.3 -9999 -9999 -9999 -9999 -9999 -9999 -9999 -9999 -9999 -9999 -9999 -9999 -9999 -9999 -9999 -9999 -9999
-9999 -9999 -9999 -9999 -9999 534.1 798.6 944 1263.9 1394.5 1399.9 1535.3 1663 1690.5 1620.3 1636 1649.1 1599.7 1545.8 1443.6 1288.6 1239.5 1243.7 1272.8 1320.2 1372.6 1332.7 1181.4 1289.1 1508.2 1511.6 1466.5 1343.7 1320.8 1477.2 1527.5 1446.8 1289.9 1175.2 1126.3 935.6 969.6 1121.2 1256.7 1273.9 1166.3 1016.6 967.2 865.8 687.3 596.3 577.8 699 871.2 1179.4 874.4 1214.3 1167.2 1259.1 -9999 -9999 -9999 -9999 -9999 -9999 -9999 -9999 -9999 -9999 -9999 -9999 -9999 -9999 -9999 -9999 -9999
-9999 -9999 -9999 -9999 -9999 -9999 553 703.9 1254.3 1536.1 1574 1586 1551.8 1558.4 1507.6 1489.1 1538.6 1532.9 1476.7 1394.3 1343.9 1381.5 1318.1 1287.2 1357.6 1448 1499.9 1610.4 1807.8 1717.4 1608.7 1575.1 1471.5 1442.6 1661.2 1674.5 1638.4 1557.4 1271.7 1318.6 1095.9 1109.4 1290.5 1446.7 1535.5 1479.2 1247.3 1118.3 959.1 803.5 559.6 524.6 854.4 1484.1 1538.9 2114.5 1537.7 1250.7 1371.7 -9999 -9999 -9999 -9999 -9999 -9999 -9999 -9999 -9999 -9999 -9999 -9999 -9999 -9999 -9999 -9999 -9999
-9999 -9999 -9999 -9999 -9999 -9999 380.6 529.4 1140.9 1481.9 1615.5 1486.4 1310.4 1279 1235 1261.9 1453.7 1473.2 1424.2 1343.9 1325.8 1323.7 1284.2 1307.8 1378.3 1508.9 1614.3 1801.6 1985.5 1855.3 1680.4 1619.6 1511 1441.8 1615.5 1645.5 1672.8 1686 1587.3 1449.5 1358 1419.7 1459.5 1743.1 1661.4 1477.2 1282.3 1192 1039.5 954.7 823.7 649.9 1257.5 2065.4 1966.9 1869.2 1440.7 1286.5 1529.3 -9999 -9999 -9999 -9999 -9999 -9999 -9999 -9999 -9999 -9999 -9999 -9999 -9999 -9999 -9999 -9999 -9999
-9999 -9999 -9999 -9999 -9999 -9999 -9999 574 958.9 1145.1 1210.5 1238.1 1256 1209.8 1159.4 1254.8 1438.9 1477.3 1425.8 1340.8 1305.8 1296.9 1294.8 1339.6 1396.5 1469.5 1600.8 1732.5 1783.3 1743.2 1684.8 1638.5 1575.9 1536.2 1602.9 1619.1 1685.4 1747.6 1696 1647.1 1578.4 1646 1708.2 1737.2 1461.7 1323.9 1290.2 1307.9 1175.7 1157.9 1230.7 1202.2 1983.5 2464.3 2452.9 1995 1310.4 1229.4 1491 -9999 -9999 -9999 -9999 -9999 -9999 -9999 -9999 -9999 -9999 -9999 -9999 -9999 -9999 -9999 -9999 -9999
-9999 -9999 -9999 -9999 -9999 -9999 -9999 542.7 907.1 985.6 897 1049.3 1176.7 1234.1 1231.7 1296.5 1454.6 1484.8 1416.6 1304.8 1251.3 1265.3 1312 1362.7 1351 1374.1 1473.4 1599.7 1653.5 1729.2 1653.3 1619.3 1643.6 1615.4 1598.3 1597 1678.2 1956.8 1741.1 1768 1688 1524.9 1465.2 1468 1312.3 1392.8 1317.8 1620.6 1612.3 1336.5 1650.4 1928.2 2592.4 3105.8 2605.5 1972.3 1349.2 1303 1347.3 -9999 -9999 -9999 -9999 -9999 -9999 -9999 -9999 -9999 -9999 -9999 -9999 -9999 -9999 -9999 -9999 -9999
-9999 -9999 -9999 -9999 -9999 -9999 480.4 527.4 728.6 1018.8 1063.4 1040.4 1098.6 1228.1 1416.1 1341.2 1403.2 1419.5 1338.5 1236.7 1172.2 1206 1266.3 1334.2 1337.6 1419.1 1496 1531.3 1529.2 1475.4 1525.7 1480.3 1543.5 1530.2 1525.4 1536 1582.3 1645.8 1652.2 1739.2 1753.2 1567.1 1508.2 1516.3 1265.4 1425.2 1871.7 2972 2011.8 1554.2 1837.4 2193.8 2467.9 2334.6 2086.9 1521.7 1317.8 1349.8 1439.2 -9999 -9999 -9999 -9999 -9999 -9999 -9999 -9999 -9999 -9999 -9999 -9999 -9999 -9999 -9999 -9999 -9999
-9999 -9999 -9999 -9999 -9999 -9999 655.5 810 659.7 827.2 973.9 1011.2 1090.9 1146.7 1262.8 1268.8 1320.1 1367.6 1330.4 1261.1 1148.5 1188.4 1341.6 1409.7 1414.5 1448.6 1503.1 1514.1 1462.2 1421.3 1391.6 1354 1329.3 1304.1 1307.9 1408.5 1483.4 1527.2 1579.3 1688.6 1673.6 1527.5 1542.9 1392.7 1219.2 1188.7 1250.5 2331.1 2029.1 1787.1 1805.3 1925.4 1967.2 1907.9 1532.8 1263 1265.6 1330.5 1461.1 -9999 -9999 -9999 -9999 -9999 -9999 -9999 -9999 -9999 -9999 -9999 -9999 -9999 -9999 -9999 -9999 -9999
-9999 -9999 -9999 -9999 -9999 -9999 -9999 534.5 653.6 929.3 1041.7 1064.7 1105.4 1168.5 1252 1303.4 1426.5 1434.6 1419.6 1344.2 1272.3 1342.3 1471.2 1506.8 1500.4 1504.3 1531.2 1536.4 1529.6 1431.6 1362.8 1299.4 1281.8 1080.9 1143 1316 1403.9 1390.7 1584.3 1763.8 1710 1548.5 1470.8 1227.3 1126.3 1231.3 1260.4 1704.7 1790.3 1579 1592.7 1504.9 1460.8 1356.9 1168.7 1152.2 1183 1233.2 1390.8 1478.1 1212.5 -9999 -9999 -9999 -9999 -9999 -9999 -9999 -9999 -9999 -9999 -9999 -9999 -9999 -9999 -9999
-9999 -9999 -9999 -9999 -9999 -9999 -9999 295.9 583.4 1005.3 1072.2 1159.5 1252.9 1344.1 1357.5 1425.7 1523.3 1519.7 1534.3 1475.6 1407 1480.2 1582.2 1560.5 1498.9 1525.3 1547.8 1579.7 1613.8 1514 1410.8 1349.9 1265 1143.2 1204.8 1281.7 1415.8 1525.8 1697.7 1810 1745.6 1583.3 1490.6 1434.7 1150.7 1165.6 1013.4 1145.8 1673 1574.8 1526.8 1395.5 1320.2 1147.8 1005.6 1025.3 1074.1 1078.3 1240.4 1294.8 1260.8 -9999 -9999 -9999 -9999 -9999 -9999 -9999 -9999 -9999 -9999 -9999 -9999 -9999 -9999 -9999
-9999 -9999 -9999 -9999 -9999 -9999 -9999 -9999 735.7 849.6 998 1146 1299.9 1453.3 1422.1 1424.3 1495.5 1536.4 1522.3 1499.7 1398.7 1474.1 1562 1554.4 1525.6 1549.2 1568.3 1605 1643.9 1582.3 1467.4 1404.1 1381.9 1293 1186.1 1212.2 1431.8 1644.4 1859.2 1868.9 1764.2 1558.1 1371 1072.6 1206.6 1090.7 1028.5 967.4 1659.2 1761.1 1792.3 1502.3 1272 1108.1 964.9 1057.4 1132.6 1144.8 1273.5 1322.1 1251.3 -9999 -9999 -9999 -9999 -9999 -9999 -9999 -9999 -9999 -9999 -9999 -9999 -9999 -9999 -9999
-9999 -9999 -9999 -9999 -9999 -9999 -9999 -9999 1014.7 948.3 1077.2 1223.8 1408.6 1515.5 1455.6 1450 1519.2 1541.6 1489.3 1399.6 1324 1377.4 1494.6 1483.5 1476 1511.2 1543.1 1536.7 1605.7 1621 1554.1 1496.6 1504.9 1418.4 1226.7 1182.5 1356.6 1579 1861.3 1884.9 1716.2 1436.8 1375 1322.8 1201.5 1093.8 1149.7 1360.4 2552.2 1936.7 1850.6 1644.8 1310.1 1217.7 1260.4 1365.2 1376.2 1268.4 1327.2 1351.5 1305.8 -9999 -9999 -9999 -9999 -9999 1844.8 -9999 -9999 -9999 -9999 -9999 -9999 -9999 -9999 -9999
-9999 -9999 -9999 -9999 -9999 -9999 -9999 431.4 1007.3 1177.1 1245.8 1311.2 1401 1542.3 1583.5 1522.2 1554.5 1533.4 1430.1 1327.3 1252.5 1250.3 1288.5 1259.6 1269.2 1309.7 1397 1471.3 1510.5 1579.5 1532.7 1471.1 1466.7 1520.9 1356.7 1308 1309.2 1371.2 1415.9 1358.6 1203.5 1168.3 1266.6 1288.2 1109.3 989.9 908 1673.1 2239.2 1831.5 1694.4 1534.9 1435.6 1378 1410 1543.8 1469.2 1272.8 1258.8 1282.6 1283 -9999 -9999 -9999 -9999 -9999 -9999 -9999 -9999 -9999 -9999 -9999 -9999 -9999 -9999 -9999
-9999 -9999 -9999 -9999 -9999 -9999 396.1 682.6 1186 1368.9 1271.4 1341.5 1344.4 1484.8 1517.2 1474.7 1485 1461.8 1266.8 1192 1164.7 1150 1181.2 1202.5 1211.2 1146.6 1232.9 1359 1436.7 1442.7 1368 1361.9 1411.8 1450.7 1418.6 1377.9 1364.2 1329 1236.5 1081.3 1031.8 1001.7 1027 935.5 871.8 860.4 833.2 1197.2 1893.9 1743.6 1492.8 1399.6 1396.5 1323.9 1315.7 1332 1290.7 1156.7 1156.5 1122.4 1089.6 -9999 -9999 -9999 -9999 -9999 -9999 -9999 -9999 -9999 -9999 -9999 -9999 -9999 -9999 -9999
-9999 -9999 -9999 -9999 -9999 347.4 490.3 892.8 1189.3 1270.1 1216.2 1168.4 1251.5 1255.6 1292.4 1306.9 1358.5 1178.7 1075 1073.3 1102.1 1126 1142.8 1178.3 1197 1166.2 1275.6 1266.1 1266 1259.6 1277 1271.1 1289.8 1326.5 1365.9 1376.8 1520.2 1378.3 1202.2 1045.3 1057.5 987.9 843.5 687.4 795.4 876.5 753.5 926.8 1552.1 1425.9 951.5 1482.9 1381.1 1310.6 1240.8 1191.5 1184.1 1159.4 1134.7 957 934.9 -9999 -9999 -9999 -9999 -9999 -9999 -9999 -9999 -9999 -9999 -9999 -9999 -9999 -9999 -9999
-9999 -9999 -9999 -9999 -9999 375.1 736.6 960.6 1047.4 1145.9 1209.1 1132.7 1104.3 1131.9 1092 1008.5 961.2 957 943.2 986 1067.5 1114.5 1123.2 1144.4 1188.6 1260.7 1283.1 1235.3 1233 1206.2 1230.6 1249 1241.4 1206.2 1227.7 1271.5 1276.5 1217.8 1038.1 947.3 961.3 867.6 714.9 678.9 818.9 986.5 884.2 755.4 914 1225.9 1189.8 1333.1 1311.3 1274.8 1263.6 1120.3 1120.2 1120.6 1047.8 848.9 820.4 -9999 -9999 -9999 -9999 -9999 -9999 -9999 -9999 -9999 -9999 -9999 -9999 -9999 -9999 -9999
-9999 -9999 -9999 -9999 -9999 517.6 795.2 886.5 913 991.6 1059.4 991.2 969.4 968.5 912.8 873.2 856.2 832.1 822.5 870.2 998.2 1095.6 1113.3 1109.4 1087.9 1097.4 1037.6 1091.8 1084.6 1051.2 1119 1169.5 1129.3 980 885 910.5 842.2 874 1032.9 819.2 754.4 711 646 734.1 919 921.5 854 834.2 1025.3 956.4 960.8 1018.4 996 1070 1119.5 1039.5 1020.6 1058.6 1084.8 989.1 810.5 -9999 -9999 -9999 -9999 -9999 -9999 -9999 -9999 -9999 -9999 -9999 -9999 -9999 -9999 -9999
-9999 -9999 -9999 -9999 -9999 520.3 743.1 742.1 753.4 755.2 751.3 834.3 828.5 845.7 834.3 820.8 799 764.4 755.1 782.2 886.1 1006.3 1049.7 1018.4 971.4 946.9 952.4 974.2 956.4 915.9 958.8 982.7 920.8 884.8 848.7 720 782.4 833.3 854.7 726.6 639.1 636.2 687.2 798.9 1096.6 1056.2 968.6 951.5 807.4 812.3 963.6 955.4 832.8 888.6 930.9 910.6 902.3 1039.5 1205.3 1192.3 947.7 882.5 -9999 -9999 -9999 -9999 -9999 -9999 -9999 -9999 -9999 -9999 -9999 -9999 -9999 1457.3
-9999 -9999 -9999 -9999 86.6 532.5 760.4 589.3 625.4 607.7 570.6 637.1 708.4 766.1 816.2 809.8 782.3 743.8 725 744.9 820.9 892.1 924.2 915.6 894.7 902.7 941.3 895.4 892.4 892.3 876.2 844.8 843.1 874.2 852.7 741.4 754.8 769 717.3 582 504 628.3 661.2 700.3 574.1 758.3 882.3 979.4 942.7 876.9 1094.3 1225.8 1046.9 1280.1 1126.5 993 918.8 1042.4 1205.9 1153 1070.7 -9999 -9999 -9999 -9999 -9999 -9999 -9999 -9999 -9999 -9999 -9999 -9999 -9999 1335.6 1312.1
-9999 -9999 -9999 -9999 101.8 414.8 701.5 630.7 620 606.4 630.8 645.8 619.6 616 764 817.4 773.9 757.9 759.5 749.3 744.7 809.6 842.1 863.7 851.4 808.3 735.8 756.7 790.7 787.1 771.5 785.5 804.6 766.3 794.1 680.6 810.4 755.6 656.1 555.1 517.4 560.2 636.9 605.2 459.8 634 794.4 787.3 855.9 850.8 1147.7 1870.9 2032.3 1622 1322.2 1055.8 1101.7 1030.6 983.4 1058.1 1077.4 -9999 -9999 -9999 -9999 -9999 -9999 -9999 -9999 -9999 -9999 -9999 -9999 1237.8 1298.3 1304.3
-9999 -9999 -9999 -9999 80.6 194.9 635.7 612 535.2 647.1 692.7 681.1 659.7 632.5 636.1 656.9 664.2 725.3 767.4 743.4 682.6 660.5 730.3 784.8 761.6 677.8 510.4 648.2 698.5 690.6 685.5 748.1 829.1 872.5 876.2 831.7 785.2 782.2 722 661.8 630.2 630 668.6 665.2 619 650.3 560.8 451.2 696.3 922 1259.1 2056 2002.2 1555.8 1372.6 1345.3 1335.7 1176.4 1139.8 1097.4 -9999 -9999 -9999 -9999 -9999 -9999 -9999 -9999 -9999 991.4 1035.3 1179.4 1284.2 1280.2 1381.7 1400.3
-9999 -9999 -9999 70.7 71.1 90.9 517.4 607.3 604.7 631.2 656.3 629.6 610.2 592.2 591.5 594.5 599.8 590.4 546 529 531.5 499.2 470.7 485 600.1 636.9 678.6 730.3 721.9 678.2 653.4 731.8 872.6 990.3 972.8 926.7 838.7 798.4 778.4 700.7 683.2 656.5 675.4 743.8 770.8 620 504.4 443.7 590.8 774 823.6 948.6 1129.5 1173.2 1322.7 1589.4 1554.9 1380.5 1275.5 -9999 -9999 -9999 -9999 -9999 -9999 -9999 -9999 -9999 -9999 1016.2 1170.9 1249.6 1354.5 1416.6 1504.9 1647.6
-9999 -9999 -9999 -9999 65.3 194 422.2 471.2 491.3 494.1 506.9 550 521.9 515.1 555 600.6 593.4 589.2 529.6 464 420 389.9 394.8 402.5 429.8 593.5 777.2 851.8 866.3 665.6 588.7 688.9 855.6 915.3 951.5 937.4 890.3 818.1 790.9 753.5 741.9 613.3 646 668 775.8 714.2 561.2 432.1 640.8 704.6 743.8 493 783.4 1613.4 1881.6 1865.9 -9999 -9999 -9999 -9999 -9999 -9999 -9999 -9999 -9999 -9999 -9999 -9999 836.2 1071.3 1238.7 1325.2 1390.2 1441.2 1484.8 1430.2
-9999 -9999 -9999 61.8 106.4 239.7 358.1 416.8 471.7 518.8 463.3 417.5 502.1 500.4 509.9 592.2 589.8 663 511.9 440.1 402.3 368.4 397.9 402.5 399.7 521.4 750.8 857.5 832.3 586.7 395.5 595.3 678.9 778.8 837.3 850.1 826.8 816.2 777.9 707.4 687.8 738.2 743.3 627.3 679 1012.4 1057.6 767.1 765.7 761.8 784.4 766.5 1192.3 1927.1 -9999 -9999 -9999 -9999 -9999 -9999 -9999 -9999 -9999 -9999 -9999 -9999 -9999 -9999 807.9 1226.1 1319.1 1326.7 1387.4 1409.7 1378.5 1220.7
-9999 -9999 -9999 -9999 132.1 201.5 252.4 328.6 435.7 520.9 510.1 484.5 498.6 495.2 479.7 542 544.7 555.3 488.4 426.3 393.7 370.5 402.9 392 379.5 447.3 643.7 741.8 668.9 565.8 542.2 663.8 741.5 723.1 776.3 744 701.4 796.5 772.7 774.8 598.2 698.5 738.9 624.9 824.5 808.2 1210.8 1024.6 944.7 833.1 834.1 883.5 1274.9 1795 -9999 -9999 -9999 -9999 -9999 -9999 -9999 -9999 -9999 -9999 -9999 -9999 -9999 -9999 686.5 1052.8 1244.8 1349.3 1429.8 1408.5 1399.7 1252.9
