datasets/global_precipitation_1950_2017/rasters/precip_1993-total.asc
NCOLS 720 
NROWS 347 
XLLCORNER -180 
YLLCORNER -90 
CELLSIZE 0.5 
NODATA_value -9999 
[rows 306 to 339 of 347, columns 304 to 379 of 720]
-9999 -9999 -9999 -9999 -9999 -9999 -9999 -9999 -9999 -9999 -9999 -9999 -9999 -9999 -9999 -9999 -9999 -9999 -9999 -9999 -9999 -9999 -9999 -9999 -9999 -9999 -9999 -9999 -9999 -9999 -9999 -9999 -9999 -9999 -9999 -9999 -9999 -9999 -9999 -9999 -9999 -9999 -9999 -9999 -9999 -9999 -9999 -9999 -9999 -9999 -9999 -9999 -9999 -9999 -9999 -9999 -9999 -9999 -9999 -9999 -9999 -9999 -9999 -9999 -9999 -9999 -9999 -9999 -9999 -9999 -9999 -9999 -9999 -9999 -9999 -9999
-9999 -9999 -9999 -9999 -9999 -9999 -9999 -9999 -9999 -9999 -9999 -9999 -9999 -9999 -9999 -9999 -9999 -9999 -9999 -9999 -9999 -9999 -9999 -9999 -9999 -9999 -9999 -9999 -9999 -9999 -9999 -9999 -9999 -9999 -9999 -9999 -9999 -9999 -9999 -9999 -9999 -9999 -9999 -9999 -9999 -9999 -9999 -9999 -9999 -9999 -9999 -9999 -9999 -9999 -9999 -9999 -9999 -9999 -9999 -9999 -9999 -9999 -9999 -9999 -9999 -9999 -9999 -9999 -9999 -9999 -9999 -9999 -9999 -9999 -9999 -9999
-9999 -9999 -9999 -9999 -9999 -9999 -9999 -9999 -9999 -9999 -9999 -9999 -9999 -9999 -9999 -9999 -9999 -9999 -9999 -9999 -9999 -9999 -9999 -9999 -9999 -9999 -9999 -9999 -9999 -9999 -9999 -9999 -9999 -9999 -9999 -9999 -9999 -9999 -9999 -9999 -9999 -9999 -9999 375.4 -9999 -9999 -9999 -9999 -9999 -9999 -9999 -9999 -9999 -9999 -9999 -9999 -9999 -9999 -9999 -9999 -9999 -9999 -9999 -9999 -9999 313.9 309.5 304.9 300.1 296.5 293.2 290.2 285.7 282.3 279.3 276.5
-9999 -9999 -9999 -9999 -9999 -9999 -9999 -9999 -9999 -9999 -9999 -9999 -9999 -9999 -9999 -9999 -9999 -9999 -9999 -9999 -9999 -9999 -9999 -9999 -9999 -9999 -9999 -9999 -9999 -9999 -9999 -9999 -9999 -9999 -9999 367.4 368.3 369 -9999 -9999 -9999 372.7 373.3 373.5 -9999 -9999 -9999 -9999 -9999 -9999 -9999 -9999 -9999 -9999 -9999 -9999 -9999 341.9 337.6 333.5 330.6 327.9 324.2 320.4 316.9 314.8 312.6 310.3 309.6 307.8 308.1 308.2 308.3 308.3 311.5 316.4
-9999 -9999 -9999 -9999 -9999 -9999 -9999 -9999 -9999 -9999 -9999 -9999 -9999 -9999 -9999 -9999 -9999 -9999 -9999 -9999 -9999 -9999 -9999 -9999 -9999 -9999 -9999 -9999 -9999 -9999 -9999 -9999 -9999 -9999 365.9 366.5 367.5 368.3 369.2 370 371.1 371.1 371.2 370.6 369.2 368.6 367.9 366.9 365 362.1 359.5 356.6 353.5 349.5 346.1 342.2 338.8 334.4 329.5 326.5 323.6 321.4 320.7 320.2 318 316.1 314.8 315 315.4 316.4 317.9 322.2 321.1 323.9 327.1 332.1
-9999 -9999 -9999 -9999 -9999 -9999 -9999 -9999 -9999 -9999 -9999 -9999 -9999 -9999 -9999 -9999 -9999 -9999 -9999 -9999 -9999 -9999 -9999 -9999 -9999 -9999 -9999 -9999 -9999 -9999 -9999 -9999 -9999 -9999 363.4 365.3 366.1 366.9 367.6 368.2 369.1 369.3 366 364.3 364.7 361.8 360.8 359.1 356.8 354.4 351.1 348.3 345.3 341.1 338.1 334.3 330.6 327.7 324.6 321.2 318.7 318.5 318.6 319.1 319.6 318.5 318 319.3 320.4 322.5 324.3 325.7 327.2 329 331.8 334.5
-9999 -9999 -9999 -9999 -9999 -9999 -9999 -9999 -9999 -9999 -9999 -9999 -9999 -9999 -9999 -9999 -9999 -9999 -9999 -9999 -9999 -9999 -9999 -9999 -9999 -9999 -9999 -9999 -9999 -9999 355 356.3 358.2 359.7 361.2 362.5 363.7 364.7 365.5 365.9 365.8 365.4 364.4 362 358.9 356 353.4 352.1 349.2 346.5 343.4 340.8 338.3 335.1 332.2 328.8 325.2 321.7 318.9 317.5 316 316.1 316.5 317.3 318.2 319.5 319.1 320.7 322.5 324.2 325.2 326.4 327.5 329 339.2 341.1
-9999 -9999 -9999 -9999 -9999 -9999 -9999 -9999 -9999 -9999 -9999 -9999 -9999 -9999 -9999 -9999 -9999 -9999 -9999 -9999 -9999 -9999 -9999 -9999 340.8 342.3 344.3 344.6 346.5 348.7 350.8 352.5 354.1 355.9 357.2 358.5 360 361.5 361.1 363.1 363.2 362.7 360.9 359.4 354.9 351.1 348.3 346.7 344.3 341.1 337.7 335.2 332.2 329.2 326.4 323.5 320.1 317.3 314.6 313.6 313.2 313 313.4 314.2 315.3 316.5 317.9 319.1 319.5 320.1 321.1 321.9 330.2 332.1 334.1 335.8
-9999 -9999 -9999 -9999 -9999 -9999 -9999 -9999 -9999 -9999 -9999 -9999 -9999 -9999 -9999 -9999 -9999 -9999 -9999 -9999 -9999 -9999 -9999 -9999 333 334.8 336.8 338.9 341.1 342.9 345.1 347.2 349.8 351.6 353.3 354.6 355.5 356.6 357.7 358.8 359 359.1 358 355.5 350.3 347.9 344.7 342.4 337.9 335.8 334.3 331 327.6 324.3 321.5 318.8 315.4 313 311.2 310.9 310.9 310.8 310.5 311.5 313.4 312.9 321.1 321.6 323.2 324.6 325.4 325.5 326.9 328.3 329.7 330.7
-9999 -9999 -9999 -9999 -9999 -9999 -9999 -9999 -9999 -9999 -9999 -9999 -9999 -9999 -9999 -9999 -9999 -9999 -9999 -9999 -9999 -9999 -9999 -9999 -9999 327.1 329.4 331.1 333.5 335.9 338.1 340.3 342.2 344.2 346.1 348 349.5 350.4 351.5 351.7 350.6 349.7 349.4 346.7 343.3 339.6 336.8 334.6 332.5 329.9 327.2 324.6 322.3 319.6 316.8 313.9 311.5 309.5 307.9 307.4 306.7 307.1 307.3 313.5 314.7 315.3 316.9 316.5 317.7 318.9 321.6 321.2 322 322.8 323.4 323.5
-9999 -9999 -9999 -9999 -9999 -9999 -9999 -9999 -9999 -9999 -9999 -9999 -9999 -9999 -9999 -9999 -9999 -9999 -9999 -9999 306.4 307.7 309.3 311.3 313.7 315.7 318.4 320.9 323.2 326.3 328.2 330.2 332.1 334.5 336.7 337.9 339.6 341.1 342.4 341.3 340.9 340.7 342.1 339.2 337.2 330.6 331 327.8 326.2 323.6 320.7 318.2 315.9 313.9 311.5 308.9 307.6 305.5 304.9 309.5 308.6 308.7 308.9 309.4 310.3 310.8 311.1 311.6 313.5 315.6 314.1 314.1 314.4 313.9 313.5 312.5
-9999 -9999 -9999 -9999 -9999 -9999 -9999 -9999 -9999 -9999 -9999 -9999 -9999 -9999 -9999 -9999 -9999 -9999 289.8 290.8 292.2 293.3 295 296.6 298.4 300.7 303.3 305.3 307.5 309.7 316.1 318.1 320.1 322 323.6 324.9 325.8 327.5 328.1 327.5 326.4 326.3 326.2 327.5 325.4 322.3 320.1 317.8 316.8 315.6 313.4 313 311.2 309.2 307.5 307.6 305.7 304.6 304.7 305.1 305.4 305.5 305.8 305.6 305.6 305.6 305.3 304.6 305 304.6 304.1 306.9 304.5 301.3 298.3 297
-9999 -9999 -9999 -9999 -9999 -9999 -9999 -9999 -9999 255 257.6 259.6 261 262.2 263.7 265 266.4 267.8 269.2 271 272.7 274.5 276.4 278.1 280.1 282.2 284.8 286.9 289.1 291.3 298.2 300.5 302.6 305.1 307.1 309 310.6 307.9 309.3 310.2 310.7 310.3 308.8 309.7 308.5 306.8 305.3 305 305.2 305.2 305.7 305.2 304.2 303.1 302.3 300.8 299.6 299.4 299.1 299.2 298.9 299.2 299.1 298.2 297.4 296.1 294.9 292.5 289.9 288.5 286.9 284.3 280.8 277.3 276.1 271.5
-9999 201.7 205.3 208.8 212 214.7 217.3 219.9 222.3 224.9 228.3 230.9 232.9 234.7 236.8 238.7 240.9 242.9 244.7 246.8 249.2 251.2 253.1 255.8 257.9 260 262.4 265.6 268 270.5 274.9 277.4 279.6 282.4 284.6 286.6 288.6 290.3 291.2 292.1 292.2 291.6 290.8 291.7 291 289.5 288.7 289.3 290 290.7 291 291 291 291.5 291 289.9 288.9 288.1 287.9 287.3 286.3 285.2 284.2 282.9 279.4 278.6 274.8 270.8 266 263.4 258 252.6 247.2 243.2 240.7 234.9
165.3 169.1 173.2 177.1 180.7 184.4 188 191 194.2 197.5 200 202.8 205.3 208.1 210.5 213 215.2 217.6 220 222.3 224.9 227.1 229.5 232.1 234.4 236.9 239 242.1 244.2 246.6 248.7 251.7 253.9 256.6 259 261.6 263.8 265.8 267.4 268.8 270.2 271.9 270.4 273.6 273 272.4 272 272.1 272.1 272 271.9 272.2 272.2 272 271.4 270.5 269.5 267.3 265.5 263.6 261.5 260.4 256.8 253.7 250 244.1 239.3 234.7 230.4 224.4 218.6 212.7 207 204.2 197.9 192.3
137.3 141.9 145.8 149.8 153.7 156.8 161 164.7 168.3 171.8 175 178.2 180.8 183.9 186.7 189.2 192 194.4 196.8 199.2 201.6 204.1 207 209.2 211.8 213.4 215.4 217.3 223 222.4 223.6 226.1 228.6 231.1 233.7 236.1 238.3 240.4 242 243.9 245.6 248 249.6 249.9 250.4 250.6 251.1 251.5 251.9 251.3 251.3 250.3 249.3 247.4 245.2 242.7 240.3 237.4 234 231.1 227.3 222.3 218.1 212.9 207.3 202 197.7 191.3 185.5 179.3 173 169.3 163.3 157 150.3 144.3
115.2 120.1 124.3 129.2 132.8 136 139.5 143.1 146.6 150.3 153.6 156.6 159 163.2 164.1 167.1 169.7 172.5 175.2 178 180.5 183.2 185.9 188.4 190.5 192.2 193.7 194.8 197.1 199.1 200.8 203.3 205.5 207.5 209.6 210.7 212 213.4 219.8 217.3 219.5 221.2 222.9 224.3 225.8 225.7 225.4 224.9 224 223 221.7 223 221 218.3 215 211.9 207.7 203 198.4 193.2 187.9 182.7 179.6 174 167.3 161.2 154.8 148.3 142.9 136.8 130.7 125.7 119.8 115.1 107.8 103.9
106.4 110.2 110.1 116 118.8 121.3 124 127.7 131 134.2 137.4 139.9 141.8 143.7 145.6 151.9 150 152.6 155.5 157.9 160.7 163.3 165.7 168.4 170.7 173.5 174.6 175.6 180.2 180 182.1 180.7 183.1 184.2 185.1 187.3 189 190.9 192.8 194.6 196.8 198.9 200.4 201.7 202.4 202.5 201.6 200.4 198.5 196.3 193.3 190 186.8 183.3 179 174.1 169.5 164.5 159.2 154.4 149.4 143.3 138.7 133.9 129.1 124.5 108.4 101.5 96.2 100.7 95.7 85 82.1 79.2 75.5 73.3
100.4 103.3 102.3 105.3 108.3 111.5 114.1 117.2 118.3 121.7 124.8 127.8 129.4 130.9 132.2 133.6 135.4 137.8 139.9 142 144.1 152.9 154.5 155 153.4 155.6 159.4 160 161.3 161.8 162.4 163.2 171.1 166.5 168.3 170.2 172.1 173.9 175.8 177.2 178.2 179 179.7 179.7 179.3 178.3 176.2 173.9 170.6 167.2 162.6 158.1 152.8 146.9 140.4 134.1 133.8 123.1 118.3 113.4 108.7 104.1 88.4 83.4 79.4 75.7 72.2 69.2 66.3 63.3 61.8 55.5 57 47.8 46.3 44.7
97.7 99.9 97.9 100.4 103 105.5 107.2 108.9 110.3 111.5 117.5 116.1 118.8 121.6 122.6 127 129.6 127.3 129.6 131.8 133.5 135.3 137.1 137.4 140.1 142.2 144.4 146.7 148.4 148.6 149.3 151.1 152 153.8 154.2 156 157.5 159 159.8 160.6 161 160.5 159.8 158.2 156.6 154.2 151.4 147.7 143.5 138.8 132.6 130.5 119.2 113 107.4 101.6 96 90.2 84.7 79.3 74.4 69.3 65.4 61.9 58.5 55.5 52.7 47.5 41.8 37.1 44.6 29.3 28.1 26.6 25.7 24.5
96.9 98.7 95.1 96.8 98.3 100.3 101.6 103.3 104.7 106.3 113.3 115.4 110.7 114.4 116.6 118 119.6 120.6 121 125.7 126.9 128.1 125.1 127.3 129 130.2 132.1 133.7 134.7 135.4 136.7 137.8 138.9 140.1 141 143.8 144.3 144.9 144.9 144.7 144.2 143.6 142.1 140.3 136.3 132.9 128.8 124.6 119.1 112.8 106.3 100.9 95.3 90.3 85.1 79.5 74.1 69 64.1 59.6 56 52.8 49.8 45.2 39.3 33.6 28.1 37.5 22.4 20.2 18.5 17 15.8 14.8 24.9 23.3
92.3 93.5 92.2 93.8 95.5 97.1 98.7 99.8 100.7 101.5 105.8 107.2 105.8 107.3 108.5 110 111.4 112.1 113 113.9 117.4 118.6 116.9 118.3 119.7 124.2 123 123.9 125.5 126.7 128 128.9 129.8 130.5 130.9 131.1 130.7 132.4 131.8 130.8 129.6 128 125.1 121.9 118.7 114 109.1 104.1 98.2 92.6 87.8 82.8 77.3 75.7 71.2 66.8 56.8 51.8 48 44.5 41.5 36.9 35.6 29.1 25.9 22.8 21.4 19.6 17.6 16 14.6 13.2 11.8 10.8 9.8 8.7
89.3 90.4 91.5 92.6 94.9 96 97.8 98.7 98.5 99.6 101.3 102.2 102.9 103.7 106.3 107.2 108.4 108.8 109.8 109.9 111.6 113 112.6 113.8 114.9 115.9 116.7 117.6 118.1 118.7 119.1 119.5 119.1 118.7 118.2 117.7 117 116.5 116.2 114.4 112.6 109.7 105.6 101.9 98 93.4 88.6 84.2 79.8 75.6 71.2 66.6 62.2 57.7 53.1 48.6 44.7 40.1 38 33.1 30.5 27.8 25.3 23 21.2 19.9 18 16.4 14.6 13.3 12 10.7 9.4 8.4 7.4 6.6
89.5 90.7 90.5 91.2 91.6 92.3 93 94.5 95.3 96.2 97 98 98.5 99.1 99.3 100 100.7 101.5 101.9 102.4 103.1 103.6 104 104.5 104.5 104.8 104.8 104.9 105 104.7 104.1 103.6 102.8 101.5 99.3 98.3 98.6 96.8 94.6 91.7 88.6 87.3 84 80.3 75.2 72.6 69.1 65.5 61.6 57.9 54.3 50.2 47.2 43.8 39.1 35.7 33 30 27.3 24.6 24.7 22 19.5 16.9 15.3 13.9 12.6 11.4 10.3 9.1 8.2 7.1 6.2 5.4 4.5 3.6
82.7 83.5 84.4 84.7 85 85.7 86.4 86.9 86.9 87.1 87.2 88 87.9 88.3 88.4 88.3 88.8 88.3 88.6 88.7 88.2 88.2 87.8 87.5 86.8 86.3 85.9 84.8 84.3 83.2 82.4 80.7 79.5 78 75.9 73.9 72.1 70.8 68.4 67.3 64.9 62.3 60.1 57.4 54.9 52.5 49.2 46.3 43.6 40.6 37.8 35.5 33.1 30.7 28.2 25.8 23.5 21.2 19.2 17 14.9 15.8 14.4 12.3 11.1 10.2 9.2 8.4 7.6 6.9 6.2 5.5 4.8 4.1 3.4 2.8
68.7 69.3 69.9 70.5 71 71.4 71.8 72.4 72.4 72.5 72.5 72.6 72.4 72.5 71.5 71.3 71 70.4 69.8 69.6 69.3 68.4 67.8 67.1 66.3 65.1 64 63.2 62.3 61.1 60 58.7 57.4 55.8 54.7 53.2 51.8 50.4 48.8 46.3 44.6 42.8 40.9 39.2 37.4 35.8 34 32.2 30.5 28.7 26.9 24.9 23.8 21.9 20 18.3 16.6 15.3 13.7 13.6 12.5 11.6 10.7 9.7 8.9 7.9 7.2 6.4 5.7 5 5.2 4.6 4 2.5 2.1 1.6
52 52.3 52.5 52.9 52.8 53 53.1 52.9 53.2 53.3 53.4 53.3 53.1 53 52.9 52.6 52.5 51.7 51.3 49.9 49.4 48.7 48.2 47.5 46.8 46.3 45.4 44.3 43.5 42.9 41.7 40.8 39.9 39 38 36.9 35.9 34.7 33.9 32.7 31.5 30.5 29.2 27.8 26.6 24.2 23.2 22.1 20.9 19.8 18.4 16.8 15.6 14.4 13.7 12.8 12.6 11.7 10.9 10.5 9.8 9.1 8.3 7.9 7.1 6.3 5.7 5.1 4.6 4.1 3.7 3.2 2.8 2.3 1.9 1.5
35.4 35.5 35.6 35.7 35.7 35.7 35.7 35.7 35.9 35.8 35.9 35.8 35.6 35.5 35.1 35.5 34.4 34.2 34 33.8 33.7 33.4 33.1 33 32.6 32.3 31.9 31.7 31.3 30.7 30.1 29.4 28.6 27.7 27 25.8 24.9 23.7 22.7 21.7 20.8 20.9 19.2 18.6 17.7 17 15.9 15 14.1 12.8 12.3 11.7 11.3 10.9 10.7 10.3 9.6 9 8.4 7.7 7.2 6.7 6.3 5.9 5.3 4.9 4.5 4.4 4 3.7 3.1 2.8 2.5 2.2 2 1.5
22.9 22.9 23 23 23 22.9 22.8 23 22.8 22.6 22.5 22.4 21.9 22 21.7 21.6 21.3 21.3 21.2 21.1 20.9 20.6 20.4 20.2 20 19.8 19.4 19 18.6 18.3 17.8 17.7 17.3 16.9 16.4 16.2 15.7 15.3 14.8 14.2 13.6 13.1 12.4 12 11.6 11.8 10.8 10.4 10.2 9.8 9.4 9.1 8.8 7.6 7.3 7.1 6.8 6.5 6 5.7 5.4 5.1 4.9 4.6 4.4 4.1 3.9 3.6 3.3 3 2.2 2.4 1.9 1.6 1.2 1.1
15.2 15.2 15.1 15 14.9 14.8 14.8 14.8 14.6 14.5 14.4 14.2 14.1 14 13.8 13.7 13.5 13.4 13.4 13.2 13.1 12.9 12.7 12.5 12.4 12.2 12 11.8 11.7 11.4 11.2 11 10.8 10.7 10.4 10.3 10 9.8 10.2 10 9.8 9.6 8.4 8.4 8.2 8 7.7 7.6 7.3 7 6.7 6.4 6.1 5.8 5.5 5.3 5.1 4.9 4.6 4.2 4 3.8 3.5 3.3 3.1 2.8 2.5 2.2 1.9 1.7 1.4 1.3 1.2 1.1 1 0.9
10.2 10.2 10 10 9.9 9.9 9.7 9.6 9.8 9.8 9.7 9.6 9.6 9.5 9.4 9.3 9.2 9.2 9 8.9 8.8 8.8 8.6 8.5 8.4 8.3 8.2 8.1 7.9 7.8 7.7 7.5 7.4 7.3 7.2 6.8 6.8 6.1 6 5.8 5.7 5.6 5.4 5.3 5 4.9 4.7 4.6 4.5 4.3 4.2 4 3.9 3.7 3.5 3.4 3.2 3.1 2.9 2.8 2.6 2.3 2.1 2 2.1 1.8 1.7 1.5 1.4 1.1 1 1 0.9 0.8 0.7 0.6
6.1 6.1 6.1 6.1 6.1 6 6 6 6 5.8 5.8 5.8 5.8 5.7 5.7 5.6 5.6 5.5 5.4 5.4 5.3 5.3 5.2 5.1 5 4.8 4.7 4.9 4.7 4.7 4.6 4.5 4.3 4.2 4.2 4.1 4 3.9 3.8 3.8 3.6 3.5 3.5 3.4 3.3 3.2 3.1 3.1 2.9 2.7 2.7 2.6 2.4 2.4 2.2 2 1.8 1.7 1.6 1.8 1.3 1.3 1.2 1.2 1.1 1.1 0.7 0.7 0.6 0.6 0.5 0.5 0.4 0.4 0.3 0.3
3.4 3.4 3.4 3.4 3.5 3.5 3.5 3.5 3.5 3.5 3.4 3.4 3.4 3.3 3.3 3.4 3.3 3.3 3.3 3.3 3.2 3.1 3.1 3.1 3 2.9 2.9 2.9 2.8 2.8 2.7 2.6 2.6 2.6 2.5 2.5 2.5 2.3 2.3 2.2 2.2 2.2 2.1 2 1.9 1.9 1.8 1.8 1.6 1.5 1.3 1.4 1.3 1.2 1.1 1 0.9 1.1 0.8 0.8 0.8 0.7 0.6 0.5 0.5 0.5 0.4 0.4 0.4 0.3 0.3 0.3 0.2 0.2 0.2 0.1
1.7 1.7 1.7 1.7 1.7 1.7 1.7 1.7 1.6 1.6 1.8 1.8 1.8 1.8 1.7 1.7 1.7 1.7 1.6 1.6 1.5 1.5 1.5 1.5 1.5 1.5 1.5 1.5 1.5 1.5 1.4 1.4 1.4 1.4 1.4 1.4 1.3 1.3 1.2 1.2 1.2 1 1 1 1 0.9 1 0.9 0.8 0.7 0.7 0.7 0.7 0.6 0.6 0.6 0.6 0.5 0.4 0.4 0.4 0.4 0.3 0.3 0.3 0.3 0.2 0.2 0.2 0.2 0.1 0.1 0.1 0.1 0.1 0
