datasets/global_precipitation_1950_2017/rasters/precip_1988-total.asc
NCOLS 720 
NROWS 347 
XLLCORNER -180 
YLLCORNER -90 
CELLSIZE 0.5 
NODATA_value -9999 
[rows 204 to 237 of 347, columns 608 to 683 of 720]
300.6 245.8 346.1 330.3 242.4 276.5 374.9 417 406.4 377.5 472.4 474.4 423.9 374.6 389.4 386.7 347.6 312.2 302.8 299.1 292.9 289.6 235.5 212.2 203 239.8 392.8 268 272.1 308.1 297.4 359.3 393.6 428.3 479.1 484.8 502.7 475.3 547.5 544.5 602.8 534.9 514.9 904.8 1298.4 -9999 -9999 -9999 -9999 -9999 -9999 -9999 -9999 -9999 -9999 -9999 -9999 -9999 -9999 -9999 -9999 -9999 -9999 -9999 -9999 -9999 -9999 -9999 -9999 -9999 -9999 -9999 -9999 -9999 -9999 -9999
285.4 285 328.6 331.5 285.4 307.4 371.7 415.4 328.7 345.8 361.7 401.6 395.9 376.3 373.3 379 312.6 289.8 285.5 280.4 354.2 277.9 234.7 201.2 188.3 192.3 187.8 187.3 304.7 308.3 308.1 292.6 332.3 398.5 364.8 372.7 461 477.2 479.2 467.8 437.6 484.6 462.6 512.4 1012.5 780.6 -9999 -9999 -9999 -9999 -9999 -9999 -9999 -9999 -9999 -9999 -9999 -9999 -9999 -9999 -9999 -9999 -9999 -9999 -9999 -9999 -9999 -9999 -9999 -9999 -9999 -9999 -9999 -9999 -9999 -9999
274.5 281.5 313.1 319.1 307.9 310.1 314.1 308.4 285.8 278.8 279 258.5 323.1 334.9 339.3 339.9 287.1 272.1 266 263.7 278 233.8 212.6 199.1 165.7 184.4 173.5 190.2 235.7 343.1 294.6 271.2 301.8 297.2 337.8 347.3 390.4 386.2 448 489.1 486.2 420.3 462.4 492.8 585.2 781.2 832 1087 -9999 -9999 -9999 -9999 -9999 -9999 -9999 -9999 -9999 -9999 -9999 -9999 -9999 -9999 -9999 -9999 -9999 -9999 -9999 -9999 -9999 -9999 -9999 -9999 -9999 -9999 -9999 -9999
278.6 293.7 316.5 323.3 304.1 276.4 264.3 245 239.6 247.2 264.1 271.6 326.9 341.6 340.1 337.5 268.4 244.7 234 222.5 199.8 210.1 132.8 143.1 149.6 176.5 158.2 174.4 251.3 305.9 272.9 218.4 274.9 285.7 262.5 401.9 319.9 384.1 438.4 335.5 377.9 440.9 442.2 468 631.5 789.4 925.3 1102 1506.4 2325.2 -9999 -9999 -9999 -9999 -9999 -9999 -9999 -9999 -9999 -9999 -9999 -9999 -9999 -9999 -9999 -9999 -9999 -9999 -9999 -9999 -9999 -9999 -9999 -9999 -9999 -9999
301.2 325.5 332.5 323.4 284.4 265.9 249.6 241.3 235.9 244.5 269.9 286.6 347.7 351.7 338.9 313.8 265.8 244.6 223.4 212.6 213.8 186.3 134.3 135.6 128 136.4 162 205.5 240.5 237 250.9 263.5 259.6 267.6 268.8 349.4 314.7 290.8 289.2 329.7 270 285.2 343 471.5 650.7 794.6 841.7 930.5 1424.3 1992.9 -9999 -9999 -9999 -9999 -9999 -9999 -9999 -9999 -9999 -9999 -9999 -9999 -9999 -9999 -9999 -9999 -9999 -9999 -9999 -9999 -9999 -9999 -9999 -9999 -9999 -9999
343.2 342.8 338.5 299.9 271 252.1 242.5 237.3 239.7 255 276.3 296.8 322.4 336.2 323.4 292.4 275.3 264.3 246.6 227.1 204.9 163.9 156.3 158.4 126.3 131.5 162.5 180.4 255 258 296.1 312.3 206.3 219.4 210.7 211.2 205.8 278.5 314.7 286.1 287 263.7 298.2 444.3 505.3 675.5 812.9 838 1021.2 1707.7 -9999 -9999 -9999 -9999 -9999 -9999 -9999 -9999 -9999 -9999 -9999 -9999 -9999 -9999 -9999 -9999 -9999 -9999 -9999 -9999 -9999 -9999 -9999 -9999 -9999 -9999
360.2 354.2 326.3 280.5 262.3 246.7 239.4 236.1 245.2 265.1 288.8 311.5 324.7 331.9 327 303.1 274.9 267.9 268.6 304.8 223.7 202.7 216 224.4 233 189.2 191.8 200.4 191.1 242 270.6 313.3 305.5 295.9 292.5 289.4 326.8 328 261.9 285.5 255 242.8 268.2 415.2 437.2 553.5 669.9 719.3 940.2 1110 1864.5 -9999 -9999 -9999 -9999 -9999 -9999 -9999 -9999 -9999 -9999 -9999 -9999 -9999 -9999 -9999 -9999 -9999 -9999 -9999 -9999 -9999 -9999 -9999 -9999 -9999
357.5 364.4 333 275.7 248.3 237.9 231.9 233.9 250.9 282.2 310.5 325.6 333.3 344.4 339.4 359.8 296.3 248.3 206.3 221.9 220.5 222.3 222.6 229.8 237.2 228 223.2 212.5 236.3 336.1 304.9 368.4 336.6 371 352.2 342.3 317.2 311.8 317.2 305 214.9 226.3 224.4 366.5 410.7 505.8 623.2 654.1 842.3 926.9 1324.6 -9999 -9999 -9999 -9999 -9999 -9999 -9999 -9999 -9999 -9999 -9999 -9999 -9999 -9999 -9999 -9999 -9999 -9999 -9999 -9999 -9999 -9999 -9999 -9999 -9999
358.1 361.9 321.1 243.6 219.6 216.1 211.6 213.9 227.8 275.6 325.4 332.1 337.2 337.2 335.5 326.5 322.3 264.2 294.3 259.9 233.3 208.9 210.7 214.5 196.5 248.3 236.1 229 215.6 195.7 206.9 211.7 310.9 316.7 320 200.5 254.9 320.2 260.6 259.4 262.2 225 197.5 311.1 346.8 530 654.9 704.3 701.6 735.3 797.2 858.9 987.6 1627.5 -9999 -9999 -9999 -9999 -9999 -9999 -9999 -9999 -9999 -9999 -9999 -9999 -9999 -9999 -9999 -9999 -9999 -9999 -9999 -9999 -9999 -9999
329.6 301.3 246.4 213.5 207.2 212.3 209.3 211.4 216.3 242.8 293.9 328.5 334.4 331 328.9 347.2 336.8 349.5 373.3 334.7 264.9 235.1 213 204 208 214.7 220.6 217.3 191 176.9 169 161.9 230.4 226 244.3 206.4 222.5 242.9 246.6 243 241 234.4 244.5 243.7 304.4 474 680.5 813.2 678 663.7 696.1 790.1 858.6 1132.6 -9999 -9999 -9999 -9999 -9999 -9999 -9999 -9999 -9999 -9999 -9999 -9999 -9999 -9999 -9999 -9999 -9999 -9999 -9999 -9999 -9999 -9999
256.9 226.4 201.4 200.2 205.8 206.8 212.1 221.7 226.3 234.2 255.4 306.7 333 327.4 329.4 337.8 339.7 314.2 321.8 308.3 332.3 347 291.1 225.2 201.7 202 204.6 195.7 178.8 172.1 169.9 151.5 202 227.4 204 241.9 325.2 340.8 292.5 251.8 256.6 305.8 243 261.9 244.6 319.2 545.2 689.2 618.6 666.1 686 679.5 746.5 761.4 858.2 -9999 -9999 -9999 -9999 -9999 -9999 -9999 -9999 -9999 -9999 -9999 -9999 -9999 -9999 -9999 -9999 -9999 -9999 -9999 -9999 -9999
219.7 201.6 189.1 190.9 193.7 200.1 208.2 218.2 230 239.9 257.5 294.3 346.4 339.3 311.4 259.5 362 326.2 315.9 280.9 285.8 301.2 201.3 225.8 199.2 188.9 193 182.8 182 177.8 178.7 192.9 198.6 197.7 195.8 272 356.4 375.3 308 317.9 280.3 262.1 269.9 298.8 312.8 265.9 437 547.4 620.7 726.9 717.6 663.5 574.7 630 898.6 1176.2 -9999 -9999 -9999 -9999 -9999 -9999 -9999 -9999 -9999 -9999 -9999 -9999 -9999 -9999 -9999 -9999 -9999 -9999 -9999 -9999
210.9 197 184.7 183.3 186.3 193.1 204.6 218.9 229.6 246.2 268.5 306.7 374.9 392.1 364.8 326.7 368.4 323.1 257.1 281.9 256 265.9 227 208.2 192 173.6 180.2 187 189.1 192.4 212.2 241.1 208.8 200.8 216 249.2 256.1 282.4 296.4 354.2 351.3 316.8 352.3 288.1 275.6 343 441.6 568 566.2 577.3 808.9 806.1 669.2 651.3 629.8 996.3 980.9 -9999 1283.7 -9999 -9999 -9999 -9999 -9999 -9999 -9999 -9999 -9999 -9999 -9999 -9999 -9999 -9999 -9999 -9999 -9999
204.7 193 180.3 176.1 173.2 178.4 196.7 222.1 253.6 261.2 280.7 318.9 398.1 435.5 431.4 378.4 342.9 294.7 271.4 294.3 315.5 310.1 267.6 224.8 195.4 168 161.5 186.7 187.4 187.8 191.7 195.3 193.7 169.2 194 199.3 186.3 192.9 203.9 282.4 261.4 317.7 325.9 325.1 328 295.6 408.6 543.9 567.1 630.7 641.8 664.6 580.6 679.1 641 740.2 982.4 -9999 -9999 -9999 -9999 -9999 -9999 -9999 -9999 -9999 -9999 -9999 -9999 -9999 -9999 -9999 -9999 -9999 -9999 -9999
199.9 191.7 182.6 176.6 168.8 159.3 179.2 205.4 235.9 259.2 285.6 324 391.5 407.2 383.9 353.7 324.5 308.7 308.4 291.7 295.6 334.8 307 268.6 237 223.7 197.8 189.1 186.1 183.2 178 156.8 178.4 209.1 191.6 182.6 168.2 166.8 177.7 239.6 257.9 268.1 332.2 298 315.9 405.9 442.7 466.6 535.9 602.4 485.6 485 525 583.4 661.2 645.9 1120.1 1245.8 -9999 -9999 -9999 -9999 -9999 -9999 -9999 -9999 -9999 -9999 -9999 -9999 -9999 -9999 -9999 -9999 -9999 -9999
196.8 188.9 188.3 189.5 189.5 179 178 195.9 221.8 251.3 284.5 322.2 368 369.6 346.1 313.8 319.6 309.2 306 277.2 278.8 302.2 283.4 260.8 241.7 231.6 222.5 209.7 200.8 194.2 185.6 169.2 163.6 165.1 175.4 192 171.8 181.6 191.2 179 250.6 291.7 347.7 403.1 360.4 354.2 420.7 509.1 600.8 573.4 552.7 694.9 575.2 708.8 690.8 653.2 1171.5 1598.2 -9999 -9999 -9999 -9999 -9999 -9999 -9999 -9999 -9999 -9999 -9999 -9999 -9999 -9999 -9999 -9999 -9999 -9999
184.9 185.7 193.9 201.3 197.9 191.8 186.1 195.3 216.2 245.4 280.4 317.5 341.1 333.6 311.4 291.6 285.6 269.1 245.4 241.7 255.6 284.5 280 237.2 229.3 229.2 217.2 217.7 219.2 221.9 206.9 181.8 170.5 148.2 188.6 229.1 201.9 192.4 219.1 192.9 243.4 309 333.8 385.9 400.2 371.7 385.1 413 588.2 650.3 689.5 758.3 748.7 656.5 744 866.6 950 1366.7 -9999 -9999 -9999 -9999 -9999 -9999 -9999 -9999 -9999 -9999 -9999 -9999 -9999 -9999 -9999 -9999 -9999 -9999
166.2 174.3 194.3 208 205.7 196.8 190.2 192.1 209.1 241.6 282.5 309.1 321.1 306.9 292.5 278.9 267.3 252.1 254.1 229.5 234.5 233.4 232.3 215.2 217.9 221.5 208.2 210.3 218.8 225.6 207.3 188 193 222.1 250 269.9 256.1 241.3 239 242.9 263.5 323.1 307.3 377.9 405.2 390 444.4 468.4 680.5 722.6 713 711.3 743.7 764.3 858.9 837 1200.8 1707.1 -9999 -9999 -9999 -9999 -9999 -9999 -9999 -9999 -9999 -9999 -9999 -9999 -9999 -9999 -9999 -9999 -9999 -9999
159.3 165.6 183 206 218.1 213.1 196.3 190.1 199.5 223.5 276.2 294.2 297.6 291.4 282.1 269.3 256.7 250 247.5 235.5 235.2 241.2 223 246.6 214.4 205.4 196.6 196.9 200.9 194.7 185.5 180.6 197.6 300.3 289.3 270.9 271.2 321 302.2 272.1 340 393.9 413.3 391.5 426.5 374.4 423.2 448 562 566.5 667.9 747.1 656.9 719.6 766.8 910.3 1015.3 1109.4 1492.7 -9999 -9999 -9999 -9999 -9999 -9999 -9999 -9999 -9999 -9999 -9999 -9999 -9999 -9999 -9999 -9999 -9999
160 162.5 169.9 186.7 208.9 218.5 208.8 188.4 173.8 165 168.6 187.3 209.5 220.2 231.6 237.3 238 236.4 229.9 220.9 217.3 213.5 198.6 184.1 197.3 184.1 174.8 177.5 176.4 170.9 181.3 202 219 244.2 265.1 274.5 295.1 309.6 318.3 343.2 442.5 491.4 491.7 417.2 451 469.7 356.8 451.3 514.5 545.3 603.5 716 738.2 813.8 839.3 895 870.5 1051.9 3050.8 -9999 -9999 -9999 -9999 -9999 -9999 -9999 -9999 -9999 -9999 -9999 -9999 -9999 -9999 -9999 -9999 -9999
166.1 163.4 166.9 171.2 170.3 162.2 152.7 150.6 151.6 158.2 163.2 166.4 169.1 173.6 173.1 169 168.9 174.2 176.5 174 183.1 194.2 190.9 196.6 195.6 173.2 163.4 160.9 160.4 163 173.1 211.8 254.1 280.6 295 296 294.1 306.3 307.5 329.6 411.2 437.9 387.6 378.6 534.4 557.2 536.1 481.6 499.9 559.1 604 602.4 746.2 811.5 868.1 830 1246.9 1414.9 1942.1 -9999 -9999 -9999 -9999 -9999 -9999 -9999 -9999 -9999 -9999 -9999 -9999 -9999 -9999 -9999 -9999 -9999
173.6 172.4 170.9 171.6 166.6 154.5 142.5 142.6 148.3 159.4 162.7 164.1 165.8 168.8 162.4 151.2 141.7 142.5 151 159.6 162.9 165.5 168.8 170.7 172.5 158.1 153.6 151.6 158.6 158.8 173.6 223.2 274.4 296.8 301.9 306.2 299.7 275.5 270.9 289.6 340.3 346.2 372.1 419.6 424.4 479.7 522.9 452.3 538.7 558.4 624.7 677.4 746.9 889.7 866.7 1011.1 1092.6 1746.3 2014.9 -9999 -9999 -9999 -9999 -9999 -9999 -9999 -9999 -9999 -9999 -9999 -9999 -9999 -9999 -9999 -9999 -9999
174.1 175.4 173.2 174 166.3 153.8 143.7 140.2 148 159.9 164.6 165.4 165.1 165.4 160.4 152.3 141.6 140.4 134.9 158.4 175.8 149.4 149.2 147.3 140.6 145.8 147 139.9 150.2 165 198.8 228.5 257.2 274.6 292.7 296.7 281.8 271.1 262 295.1 332.8 345.6 379.8 451.2 475.1 473 517.3 519.1 521.9 539.4 522.8 717.2 649.8 753.3 889.6 991.6 815.3 1320.6 1686.4 -9999 -9999 -9999 -9999 -9999 -9999 -9999 -9999 -9999 -9999 -9999 -9999 -9999 -9999 -9999 -9999 -9999
173.9 171.1 172.9 171.6 164.9 155.3 146.5 144 148.6 162.2 166.5 170.2 178.2 167.2 153.7 146.8 146 143.7 149.1 148.5 156.5 172.3 154.3 129.7 137.5 133.1 150.5 149.3 163.3 190.9 248.7 234.7 232.7 239.8 254.1 308.6 317.4 287.8 275.5 257.4 311.2 417 465.8 476.4 498.6 469.9 501.1 499.1 504.1 499.8 624.4 749.8 1128 788.3 782.1 907.2 1184.7 2247.2 -9999 -9999 -9999 -9999 -9999 -9999 -9999 -9999 -9999 -9999 -9999 -9999 -9999 -9999 -9999 -9999 -9999 -9999
171.7 173.3 189.6 175.1 162.2 155 148.8 141 149 166 173 168.3 186.3 168.5 147.8 137.9 147.6 151.1 151.1 161.4 159.7 163.5 158.2 148.2 150.7 158.1 163.2 186.9 229.7 280.7 233.3 214.2 229.8 269.5 271 292.6 296.4 300.8 304.5 296.2 294.4 388.1 502.7 521.9 505.6 536.1 490.8 556 515.6 530.5 712.4 775.1 714.4 716.2 963.2 789.5 1184.3 1599.8 -9999 -9999 -9999 -9999 -9999 -9999 -9999 -9999 -9999 -9999 -9999 -9999 -9999 -9999 -9999 -9999 -9999 -9999
176.7 130.3 136.8 188.5 173.7 173.8 175 180.6 193.1 208.5 198 180.2 176.4 181.6 162.8 176.1 187 184 176.3 157 135.1 128.8 111.2 137.2 163 196.6 184.5 202.3 235.3 322.8 237.1 195.2 206.2 222.6 252.8 263.8 266.5 289.3 342.6 376.6 315.8 373.6 475.2 479.7 534.5 564.5 563.4 523.5 504 583 873.3 824.9 703.7 924.6 904 1002.5 1433.7 1678 -9999 -9999 -9999 -9999 -9999 -9999 -9999 -9999 -9999 -9999 -9999 -9999 -9999 -9999 -9999 -9999 -9999 -9999
223.6 184.9 215.6 198.1 212.8 207.2 226.9 232.2 266.7 267.2 -9999 -9999 -9999 -9999 -9999 -9999 204.1 192.9 203 188.3 191.3 154.7 126.6 117.6 121.1 155.7 180.9 214.4 247.8 300.1 245.5 241.3 220.9 202.4 201.2 266.2 251.5 297.9 344 387 390.3 411.7 456.9 509.4 536.7 540.7 539.3 558.8 803.3 615.8 705.7 743.5 808.2 823.2 836.7 1159.7 1292.1 1661.7 -9999 -9999 -9999 -9999 -9999 -9999 -9999 -9999 -9999 -9999 -9999 -9999 -9999 -9999 -9999 -9999 -9999 -9999
292.2 243 240.6 251.2 -9999 256.1 274.4 -9999 -9999 -9999 -9999 -9999 -9999 -9999 -9999 -9999 -9999 -9999 -9999 -9999 205.2 193.2 170.6 163.2 146 145.8 147.8 201.1 212 209.6 225.5 252.2 244.5 216 233.8 269 303.8 334.2 348.4 399 461.2 410.8 445.7 493.6 541.7 546.8 500.1 595.5 505.9 632.2 673.6 674.2 732.5 980.5 1078.4 1523.3 1352.8 -9999 -9999 -9999 -9999 -9999 -9999 -9999 -9999 -9999 -9999 -9999 -9999 -9999 -9999 -9999 -9999 -9999 -9999 -9999
345.3 293.6 -9999 -9999 -9999 -9999 -9999 -9999 -9999 -9999 -9999 -9999 -9999 -9999 -9999 -9999 -9999 -9999 -9999 -9999 249.8 214.6 200.4 192.6 200.1 170.3 159 206.2 314.5 263.5 260.7 212.7 235.6 224.1 253.2 280.3 322.9 329.4 334.5 434.7 524 512.2 489 484.2 534.4 538.7 529.5 578 694.5 617.7 700.7 658.5 1015 817.3 951.4 1115.4 -9999 -9999 -9999 -9999 -9999 -9999 -9999 -9999 -9999 -9999 -9999 -9999 -9999 -9999 -9999 -9999 -9999 -9999 -9999 -9999
-9999 -9999 -9999 -9999 -9999 -9999 -9999 -9999 -9999 -9999 -9999 -9999 -9999 -9999 -9999 -9999 -9999 -9999 -9999 -9999 -9999 244.2 222.8 203.6 254.4 196.2 170.3 -9999 422.6 384.4 224.4 200.6 243.1 265.4 263.1 330.9 299.9 348.4 396 413.4 457 486.1 517.9 542.8 529.1 560.5 546 590.7 667.7 812.3 848.1 793.8 926.7 1194.5 1612.3 -9999 -9999 -9999 -9999 -9999 -9999 -9999 -9999 -9999 -9999 -9999 -9999 -9999 -9999 -9999 -9999 -9999 -9999 -9999 -9999 -9999
-9999 -9999 -9999 -9999 -9999 -9999 -9999 -9999 -9999 -9999 -9999 -9999 -9999 -9999 -9999 -9999 -9999 -9999 -9999 -9999 -9999 -9999 283.6 269.3 247.9 210.7 -9999 251.4 365.6 455.3 263.7 248.4 335.7 389.4 239.5 261.4 249.9 360.3 413.5 391.5 373.7 484.3 498.9 456.5 544 563.1 527.1 542.8 644.6 644.9 875.6 920.4 1195.2 1216.9 1879.2 -9999 -9999 -9999 -9999 -9999 -9999 -9999 -9999 -9999 -9999 -9999 -9999 -9999 -9999 -9999 -9999 -9999 -9999 -9999 -9999 -9999
-9999 -9999 -9999 -9999 -9999 -9999 -9999 -9999 -9999 -9999 -9999 -9999 -9999 -9999 -9999 -9999 -9999 -9999 -9999 -9999 -9999 -9999 -9999 306.5 213.8 -9999 -9999 365.1 294 490.8 295.8 279.2 221.7 249.1 318.6 314.1 334.9 378.7 395.7 380.6 425.7 450.6 543.3 563.5 432.3 562.1 535.3 641.3 696 721.7 1008.5 952.7 975.4 1300.8 -9999 -9999 -9999 -9999 -9999 -9999 -9999 -9999 -9999 -9999 -9999 -9999 -9999 -9999 -9999 -9999 -9999 -9999 -9999 -9999 -9999 -9999
-9999 -9999 -9999 -9999 -9999 -9999 -9999 -9999 -9999 -9999 -9999 -9999 -9999 -9999 -9999 -9999 -9999 -9999 -9999 -9999 -9999 -9999 -9999 508.8 -9999 -9999 -9999 353.6 -9999 596.1 331.9 311.4 255.1 321.8 312 316.6 327 381.9 423.5 403.9 424.5 477.6 491.3 559.3 524.9 518.3 549.7 628.7 556.4 786.9 738.4 892.7 1111.2 1469.9 -9999 -9999 -9999 -9999 -9999 -9999 -9999 -9999 -9999 -9999 -9999 -9999 -9999 -9999 -9999 -9999 -9999 -9999 -9999 -9999 -9999 -9999
-9999 -9999 -9999 -9999 -9999 -9999 -9999 -9999 -9999 -9999 -9999 -9999 -9999 -9999 -9999 -9999 -9999 -9999 -9999 -9999 -9999 -9999 -9999 -9999 -9999 -9999 -9999 -9999 -9999 848.3 314.5 338.9 363.9 329.5 364.5 355.8 328.5 301.8 391.9 394.3 462 468.9 495.1 492.4 595.4 604.9 638.3 800.6 960.4 1087.7 876.6 947.7 1119.1 -9999 -9999 -9999 -9999 -9999 -9999 -9999 -9999 -9999 -9999 -9999 -9999 -9999 -9999 -9999 -9999 -9999 -9999 -9999 -9999 -9999 -9999 -9999
