datasets/global_precipitation_1950_2017/rasters/precip_1987-total.asc
NCOLS 720 
NROWS 347 
XLLCORNER -180 
YLLCORNER -90 
CELLSIZE 0.5 
NODATA_value -9999 
[rows 34 to 67 of 347, columns 608 to 683 of 720]
263.6 259.5 252.4 247.1 241.9 237.6 232.8 227.9 223.4 220.1 216.3 209.8 204.9 195.3 190.1 185.1 183.5 183.3 186 189 192.1 195.3 197.5 198.3 198.4 197.9 198.3 198.6 198.7 199.2 198.9 198.9 197.8 199.6 199.8 200 199.9 199.2 199.4 198.6 198 198 196 195.2 194.1 192 191.9 190.8 189.6 187.9 185.7 183.6 181.2 177.9 177.5 183.1 190.5 198.2 204.4 209.7 213.2 216.2 218.8 220.4 221.4 220.9 220.6 221.6 221.4 222.1 224.5 222.7 218.9 215.7 213.6 209.3
258.9 255.8 249.5 242.2 233.4 226.1 222.4 223.4 226.5 228.4 230.7 232 231 221.9 220.4 221.3 220.8 213.8 215.4 217.7 220.6 223.5 222.7 216.9 210.3 208.1 205.1 203.8 204.4 204.7 206 207.7 209.2 210.3 209.8 209.9 209.7 209.8 209.7 209.7 210.3 210.2 209.3 208.1 206.7 203.5 200.1 198.8 192.1 187.6 183.1 179.2 175.4 174.8 171.9 175.9 184.7 194.4 203 210.1 214.6 217.7 219.7 221.4 222.3 222.3 222.8 221.6 221.2 219.8 218.4 215.3 213.1 211.6 212.3 213.9
255.5 253.4 247.6 239.2 228.8 218.2 214.1 220.8 228.7 233.9 235.1 233 230.6 229.2 227.8 225.1 223.3 223.4 223.8 227.3 232.4 236.8 239.1 221.9 206.2 205.9 207.7 207.8 208.6 210 212.3 214.6 216 217.1 217.5 219 219.2 219.1 219.1 221.5 223.8 225.5 224 222 218.8 213.6 207.7 199.6 193.1 187 183 181.7 181.1 182.5 185.7 192.2 200.6 208.3 215.4 221.2 224.2 226.2 226.4 224.8 223.4 221.6 219.9 219.1 219 216.6 212.8 208.3 204.3 204.4 208.4 213.3
255.9 259.3 263.1 266.3 265.5 258.6 250.5 245.5 246.1 246.6 248 245.7 240.9 234.1 225.7 217.1 210.5 208.7 211.7 218.4 223.4 225.5 224.4 223 219.8 216.9 218.9 217.2 217.8 219.9 219 217.2 215.7 215.8 218.6 222.4 226.4 226.5 218.2 225.6 243.3 247.2 240.7 233.9 226 219.3 212.5 203 195.8 190 186.7 187.4 193.9 201.9 209.1 215.9 222.4 226.4 230 232.1 233.4 232.9 232 229.6 227.2 224.7 222.7 220.5 219.5 218.6 217.8 217.5 218.3 219.9 222.4 224.4
255.3 258.4 267.4 284 304.4 290.5 256.1 241.4 245.1 255.5 272.9 297.1 312.3 281.7 224.2 176.3 162.5 175.1 192.1 207.1 213.5 219.9 224 225.6 226.2 227.5 228.9 232.2 231.7 232.9 225.5 217.7 211.3 208.8 208.3 209.9 216 223 223.2 226.4 236.9 241 238.3 233.3 228.7 220.3 210.9 200.6 193.9 194.5 198.8 210.3 221.9 233.6 243.9 251.6 255.8 256.5 255.3 252.9 250 247.2 244.2 238.3 235.2 231.9 227.9 224.6 221.3 219.1 221.2 226.1 231.1 234.7 236.5 235.8
253.4 253.2 256.7 262 261.6 248.9 230.6 227.4 236.2 239.9 243.3 264.8 297.2 281.4 232 192.4 183.9 190.2 197.7 206.7 214.1 221.5 226.9 229.5 232.6 236.4 238 238.6 237.3 236.6 232.4 227.5 217.9 203.9 191.2 175.9 168.6 185.2 207.7 216.4 223.6 229.3 233.3 235.2 237.7 235.3 232.2 227.1 223 223.9 232.7 248.8 265.4 278.1 289.8 297.9 300.3 295 292.5 288.3 282.6 276.9 270.3 265.6 263.8 261.4 255 247.2 236.8 231.8 232.6 237.6 239 241.6 241.2 239
254.8 255 254.9 254.3 251 246.6 236.2 230.4 227.1 222.4 218.7 221.7 228.4 232.6 237 246.8 245.9 230.1 218.8 217.9 220.3 226.1 232.6 239.9 247.6 252.7 249.7 239.9 230.5 236.1 246 247.1 234.8 214.6 194.9 179.2 177.2 198.9 206.9 214.2 225.7 238 249.7 259.2 267.4 271.7 270.9 265.7 262.3 267.1 276.1 290.6 303.7 315.4 325.8 328.6 332 329.8 322.6 316.3 311.5 306.8 301.5 300.8 307.3 309.8 309.1 310 305.4 298 293 285 278.4 270.2 261.7 256.5
259 260.4 256.5 251.2 242 230.5 219.1 210.8 206.5 206.4 206.5 205.5 205.6 205.8 207 207.9 206.5 205 207.6 215.2 222.4 226.6 232.9 245.1 262.9 279 271.3 253.4 243.2 240.2 239.4 234.8 225.1 212.8 203.1 199.7 200.1 205.6 215.6 230.2 243.2 261 282.1 298.6 313.4 319.6 309.4 289.3 272.6 285.5 304.8 320 328.5 332.8 336.6 337.8 332.4 332.4 332.2 329.5 326.4 315.6 297.5 279.8 304 346 374.8 385.5 381.9 372.2 358.2 336.3 308.1 283.4 268 253.9
272.5 272.2 269.4 263.8 248.8 231.6 214.3 201.9 197.4 198.7 200.9 194.4 195.8 191.1 184.2 172.6 162 161 172.9 190.3 204.2 211.7 217.3 224.4 234.4 244.7 249.7 246.6 244.6 242.2 237.9 232.6 228.7 225.6 225.8 225.9 226.8 235.4 248.6 263.8 282.1 302.1 317.4 334 352.4 368 382.3 383.7 368.9 358 353.5 352 350.8 350.1 352.2 358.7 367.6 360.4 351 347.7 352.8 350.8 339.5 342.6 383 434.8 463.4 461.9 449.4 431.5 414.8 368.8 295.8 237.7 232 233
282.8 287.6 287.7 281.2 265.5 248.2 227.6 211.8 203.7 200.6 199.2 195.4 192.8 186.6 178.9 166.5 157.4 155 164.7 178.9 191.5 201.9 206.3 209.3 216 223.8 230.3 232.4 234.4 235.3 240.2 246.7 259.8 277.9 299.1 316.9 325.9 334.5 343.6 350.5 359.9 357.8 355 354.7 355.3 355.3 371.7 409.7 415.4 404.8 387.9 374 363.7 356.1 350.7 343.5 337 342.1 352.1 370.1 399.8 437.6 486.2 556.3 639 685.2 638 -9999 -9999 -9999 -9999 405.7 -9999 269.1 254.2 257.4
295.8 305.6 312.4 308.2 293.8 270.6 248.4 229.9 219.5 219.4 215.7 205.4 197.4 188.6 177.3 167.2 163.9 166.9 173.3 177.7 183.9 190.5 197.4 204.4 213.1 220.7 223.6 223.2 224.9 231.2 245.4 265.8 298.5 336.8 364.2 376.8 401.6 405.1 417.6 427.5 435.1 426 413.4 401.6 394.5 390.4 398.4 413.5 418.4 412.5 399.6 382.2 368.9 353.6 351.1 351.5 348.4 353.6 350.8 384 433.1 473 502.3 544.6 604.6 -9999 -9999 -9999 -9999 -9999 -9999 -9999 351 326.1 314.4 -9999
301.9 318.9 339.4 335.9 316.7 292.8 270.7 252.6 237.5 227.4 222.7 222.5 218 203.4 184.1 166.6 164.8 176.4 184.5 189.4 189.8 188.7 194.9 206.3 218.5 229.2 237.2 240.9 244.2 250.3 265 288 320.3 348.3 371.8 388.1 396.9 400.6 414 435.1 460.5 480.3 489.2 488.1 489.4 483.9 486.3 495.1 492.9 474.9 441.2 413.6 400 378.3 349.3 317.6 339.2 353 374.8 424.9 452.8 465.2 445.7 420.7 -9999 -9999 -9999 -9999 -9999 -9999 -9999 -9999 -9999 317.2 -9999 -9999
352 353.2 350.3 338 318.9 301.1 285.8 273.6 262.8 250.1 240 235.1 230.7 222 211.9 206.3 205.7 209.2 210.6 210.6 212.1 204.4 206.2 217.8 235.1 255.5 272.8 281.4 281.6 285.8 296.6 316.5 343.1 361.1 370.9 370 365.9 382.4 413.4 456.9 514.6 560.8 561.3 554.1 562.8 585.2 609 624.7 626.3 610.5 557 509 478.3 451.8 413.8 386 383.9 406.7 445.2 492.8 521.9 526.9 -9999 -9999 -9999 -9999 -9999 -9999 -9999 -9999 -9999 -9999 -9999 -9999 -9999 -9999
423.8 427.8 415.2 384.7 335.7 277.5 259 282 290.5 285.2 276.9 268.3 259.8 252.5 246.1 241.4 241.6 246.9 243.8 229.9 219 215 217.7 229.2 250.1 277.1 302.8 316.8 313.3 311.9 322.8 341.9 359.6 374.1 381.7 382.7 386.4 404.6 424.8 452.8 510.5 560.9 550.4 529.9 534 559.4 605.3 655.4 729.8 747 634.6 569.4 575.2 481.7 359.1 362.6 396.2 441.9 510.8 592 -9999 -9999 -9999 -9999 -9999 -9999 -9999 -9999 -9999 -9999 -9999 -9999 -9999 -9999 450.1 488.3
494.2 508.2 496.9 458.8 415.1 377 351.4 345.6 343.8 335.8 323 310.1 298.5 289.8 280.6 270.3 260.2 253.3 244.7 234.7 224.7 213.7 211.1 229.6 252.8 275.1 292.5 302.5 311.4 322 336.5 353.7 370.4 385.9 400.2 410.2 416.7 -9999 -9999 -9999 -9999 -9999 -9999 -9999 454.7 -9999 -9999 -9999 -9999 594 -9999 -9999 -9999 -9999 -9999 -9999 -9999 436 493.2 557.2 603.5 617.1 -9999 -9999 -9999 -9999 -9999 -9999 -9999 -9999 -9999 -9999 543.6 482.7 497.5 549.9
561 607.1 598.5 542.8 476.9 449 425.8 400.3 382.1 371.9 352.6 329.4 312.6 303.4 300.2 291.9 281.7 270 261.5 253.3 246.4 245.2 251.4 264.9 281.1 293.5 304 318.1 332.8 347.1 356.5 359.4 372.5 387.4 408.3 426.3 -9999 -9999 -9999 -9999 -9999 -9999 -9999 -9999 -9999 -9999 -9999 -9999 -9999 -9999 -9999 -9999 -9999 -9999 -9999 -9999 -9999 -9999 -9999 -9999 -9999 -9999 -9999 -9999 -9999 -9999 -9999 -9999 -9999 -9999 -9999 519.9 551.7 554.3 567.3 597.8
563.6 583.2 582.2 561.3 529.3 499 463.1 427.6 398.7 378.2 359.1 338.5 324.5 318.6 317.2 313.5 307.3 299.9 294 293.2 300.1 312.2 325.4 339.1 345.4 350.2 361.3 374.2 384.2 382 365 344.5 341 -9999 -9999 -9999 -9999 -9999 -9999 -9999 -9999 -9999 -9999 -9999 -9999 -9999 -9999 -9999 -9999 -9999 -9999 -9999 -9999 -9999 -9999 -9999 -9999 -9999 -9999 -9999 -9999 -9999 -9999 -9999 -9999 -9999 -9999 -9999 -9999 426.7 425.2 443.8 484 552.1 634 698.2
537.7 544.9 545 542 536.8 521.4 494.4 458.6 422.3 385.3 361.2 345.4 333.9 326.7 328.1 333.2 335.9 337.5 340.3 348.9 359.9 374.2 393.4 404.1 407.7 418.3 437.5 456.7 461 435.9 384.2 332.3 -9999 -9999 -9999 -9999 -9999 -9999 -9999 -9999 -9999 -9999 -9999 -9999 -9999 -9999 -9999 -9999 -9999 -9999 -9999 -9999 -9999 -9999 -9999 -9999 -9999 -9999 -9999 -9999 -9999 -9999 -9999 -9999 -9999 -9999 486.1 446.4 404.8 387.7 404.6 427.4 472.1 546.6 645.5 751.8
520.2 514.5 523.2 534.7 538.7 535.5 522.8 493.5 443.7 395.9 373.6 367.1 363.2 362.6 364.1 368.1 372.6 377.9 385.9 394.6 405.6 414.8 423.2 428.6 441.7 470.1 518.5 570.2 592.2 569 -9999 -9999 -9999 -9999 -9999 -9999 -9999 -9999 -9999 -9999 -9999 -9999 -9999 -9999 -9999 -9999 -9999 -9999 -9999 -9999 -9999 -9999 -9999 -9999 -9999 -9999 -9999 -9999 -9999 -9999 -9999 -9999 -9999 -9999 -9999 -9999 532.6 488.1 445.5 424.8 423 440.9 467.4 520.8 605.6 700.2
528.1 521.4 525.1 548.5 561 561.7 559.2 542.7 485.7 430.9 414.3 408.2 408.2 411 409.6 408.6 407.3 408.5 411.3 420.5 429.3 434.7 441.9 437.7 423.4 480.7 616 777.1 855.5 -9999 -9999 -9999 -9999 -9999 -9999 -9999 -9999 -9999 -9999 -9999 -9999 -9999 -9999 -9999 -9999 -9999 -9999 -9999 -9999 -9999 -9999 -9999 -9999 -9999 -9999 -9999 -9999 -9999 -9999 -9999 -9999 -9999 -9999 -9999 560.2 553.3 528.7 489.4 458.4 443.2 443.7 446.6 453.4 466.9 523.6 597
599.6 613.3 622 617.9 602.3 592.3 584.5 570.7 531.4 483.8 462.4 450.5 439 431.8 440.3 434.5 427.2 424.2 426.4 429 432.4 447.1 455.9 462.9 469.1 513.7 641.4 815.6 -9999 -9999 -9999 -9999 -9999 -9999 -9999 -9999 -9999 -9999 -9999 -9999 -9999 -9999 -9999 -9999 -9999 -9999 -9999 -9999 -9999 -9999 -9999 -9999 -9999 -9999 -9999 -9999 -9999 -9999 -9999 -9999 -9999 -9999 -9999 -9999 553.6 531.8 502.4 464.7 431.5 429.8 437.4 457.3 474.1 506.4 531 578.9
633.6 644.7 644.5 632.7 614.3 598.5 579.1 559.1 543.3 527.2 508.9 492.3 477 462.9 455.7 445.3 435.9 431.7 431.5 423.4 419.2 436.4 462.8 477 458.2 430.2 -9999 -9999 -9999 -9999 -9999 -9999 -9999 -9999 -9999 -9999 -9999 -9999 -9999 -9999 -9999 -9999 -9999 -9999 -9999 -9999 -9999 -9999 -9999 -9999 -9999 -9999 -9999 -9999 -9999 -9999 -9999 -9999 -9999 -9999 -9999 -9999 -9999 575.9 559.2 526.7 484 443.5 408 398 416.6 460.5 510.5 558.8 588.1 597.2
624 624.6 621.4 612.3 598.5 589.8 568.9 541 525.9 533.8 542.8 534 526.3 515 498.5 478.5 462.1 455.8 457 448.7 435.3 456.4 523.7 547.6 -9999 -9999 -9999 -9999 -9999 -9999 -9999 -9999 -9999 -9999 -9999 -9999 -9999 -9999 -9999 -9999 -9999 -9999 -9999 -9999 -9999 -9999 -9999 -9999 -9999 -9999 -9999 -9999 -9999 -9999 -9999 -9999 -9999 -9999 -9999 -9999 -9999 -9999 -9999 558.7 553.9 520.4 455.7 383.8 351 357.3 371.1 458.9 576.6 677.3 728.3 719.7
607.1 607.2 596 579.2 566.1 553.8 524.3 497.1 485.3 517.3 570.8 551.5 550.5 552.1 544.6 533.2 515.5 503.5 502.3 503.2 512.9 599.4 -9999 -9999 -9999 -9999 -9999 557 -9999 -9999 -9999 -9999 -9999 -9999 -9999 -9999 -9999 -9999 -9999 -9999 -9999 -9999 -9999 -9999 -9999 -9999 -9999 -9999 -9999 -9999 -9999 -9999 -9999 -9999 -9999 -9999 -9999 -9999 -9999 -9999 -9999 -9999 -9999 650.3 638.7 571.1 460 341.2 256.5 282.7 425.2 600.7 774.4 907.8 981.4 954.9
679 544.1 527.9 517.8 498.5 475.5 444.5 424.2 470.9 498.8 515 537.3 548.9 550.5 549.5 548.7 545.2 541.2 544.3 547.3 538.4 578.6 655.9 662.7 634 607.1 -9999 -9999 -9999 524.3 -9999 507.6 -9999 -9999 -9999 -9999 -9999 625.2 -9999 -9999 -9999 -9999 -9999 -9999 -9999 -9999 -9999 -9999 -9999 -9999 -9999 -9999 -9999 -9999 -9999 -9999 -9999 -9999 -9999 -9999 -9999 -9999 -9999 -9999 711.7 651.2 542.6 441.5 436.7 502.2 686.9 881 -9999 -9999 -9999 -9999
414.9 438.6 479.6 515 499.4 467 484.5 489 487.7 502 518.4 559.1 575.7 571 581.8 582.4 557.6 500.7 531.3 601 628 634.1 640.2 633.6 618.4 610.3 592.7 -9999 -9999 508.7 503.7 506.6 513.3 -9999 -9999 -9999 -9999 -9999 -9999 -9999 -9999 -9999 -9999 -9999 -9999 -9999 -9999 -9999 -9999 -9999 -9999 -9999 -9999 -9999 -9999 -9999 -9999 -9999 -9999 -9999 -9999 -9999 -9999 -9999 687.8 697.1 734.1 760.8 797.1 830.4 882.8 926 -9999 -9999 -9999 -9999
144.5 308.7 430.1 489.5 520.9 477.2 468.5 476.3 502.9 528.1 544.4 588.6 598 587.2 609.2 625.3 612.6 617.9 666.8 709.3 714.4 669.7 646.8 636.6 621.2 574.9 525.9 491.8 478.4 485.6 492.6 493.7 504 518.4 386.6 -9999 534.5 639 -9999 -9999 -9999 -9999 -9999 -9999 -9999 -9999 -9999 -9999 -9999 -9999 -9999 -9999 -9999 -9999 -9999 -9999 -9999 -9999 -9999 -9999 -9999 -9999 -9999 -9999 670.5 660.6 739 838.7 900.3 916.4 907.7 906.7 -9999 -9999 -9999 -9999
294.7 354.6 415.1 462.4 465.4 443.3 449 455 477.4 499.4 497.3 505.4 517.2 559.5 639.8 675.9 650.2 651.5 685 703.6 699.4 675 647.8 626 588.8 521.4 422.8 390.3 464 514.6 515 475.2 447.8 440.6 -9999 -9999 529.7 581.1 613.9 -9999 -9999 -9999 -9999 -9999 -9999 -9999 -9999 -9999 -9999 -9999 -9999 -9999 -9999 -9999 -9999 -9999 -9999 -9999 -9999 -9999 -9999 -9999 -9999 -9999 643.6 420.5 571.5 776.5 850.4 -9999 -9999 -9999 -9999 -9999 -9999 -9999
378.6 408.5 429.1 458.6 476.4 480.1 459.6 438.9 439.1 481.1 490 474.4 486.6 493.4 562.3 606.4 655 692.3 713.8 702.9 697.3 687.9 662.4 648.3 583.4 533.6 497.3 487.5 544.1 635 639.9 494.4 380 406.2 543.8 619.4 595.8 610.6 -9999 -9999 -9999 -9999 -9999 -9999 -9999 -9999 -9999 -9999 -9999 -9999 -9999 -9999 -9999 -9999 -9999 -9999 -9999 -9999 -9999 -9999 -9999 -9999 -9999 -9999 -9999 647.4 682.3 789.2 848.1 -9999 -9999 -9999 -9999 -9999 -9999 -9999
395.3 424.5 454.9 484.3 496.9 476.7 514.9 537.2 528.1 572.4 527.6 550.4 599.3 620.6 627.3 658.6 696.4 716.5 748.9 786 750.9 723.5 700.9 678.1 662.6 630.2 597.4 574.8 570.4 554.1 519.2 454.3 425.7 467.1 -9999 -9999 645.6 647.9 546.7 -9999 -9999 -9999 -9999 -9999 -9999 -9999 -9999 -9999 -9999 -9999 -9999 -9999 -9999 -9999 -9999 -9999 -9999 -9999 -9999 -9999 -9999 -9999 -9999 -9999 -9999 717.8 779.7 871 -9999 -9999 -9999 -9999 -9999 -9999 -9999 -9999
372.7 406.3 447.4 494.1 528.1 551.3 550.1 586.6 550 526.9 536.3 608.5 719.1 733.4 711.4 730.7 744.6 753.1 757.7 773 761.1 743.7 735.4 700.3 682.5 689.8 643.2 584 550.6 489.9 424.2 471.2 490 -9999 -9999 -9999 728.4 800.3 667.4 -9999 -9999 -9999 -9999 -9999 -9999 -9999 -9999 -9999 -9999 -9999 -9999 -9999 -9999 -9999 -9999 -9999 -9999 -9999 -9999 -9999 -9999 -9999 -9999 -9999 -9999 643 1007.3 -9999 -9999 -9999 -9999 -9999 -9999 -9999 -9999 -9999
325.9 360.9 414.3 475 523.1 532 530.3 524.1 478.6 514.7 611.6 637.2 670.9 681.4 696 738.3 778.3 752.2 754.9 760.4 751.7 736.7 722 698.6 667.5 625.5 620.6 596.4 592.2 572.2 547 547.2 571.9 -9999 -9999 -9999 708.1 799.4 719.5 -9999 -9999 -9999 -9999 -9999 -9999 -9999 -9999 -9999 -9999 -9999 -9999 -9999 -9999 -9999 -9999 -9999 -9999 -9999 -9999 -9999 -9999 -9999 -9999 -9999 1560.1 -9999 -9999 -9999 -9999 -9999 -9999 -9999 -9999 -9999 -9999 -9999
356.1 377.4 421.6 476.9 521.2 521.3 504.2 533.4 551.5 595.3 681.9 714.3 712.9 667.9 671.6 705.2 709.3 724.3 754.8 766.6 743.9 722.4 739.7 722.2 711.6 810.7 719.4 658.6 638.3 596.8 585.3 576.7 573.5 -9999 -9999 -9999 637.3 676.4 722 721.7 -9999 -9999 -9999 -9999 -9999 -9999 -9999 -9999 -9999 -9999 -9999 -9999 -9999 -9999 -9999 -9999 -9999 -9999 -9999 -9999 -9999 -9999 1212 1256 -9999 -9999 -9999 -9999 -9999 -9999 -9999 -9999 -9999 -9999 -9999 -9999
412.5 446.5 474.3 513.8 543.1 550.2 551.4 576.8 582.2 539.1 630.2 663.1 669.7 675.8 688.5 704.7 715.6 748.8 773.7 807.1 852.9 875.8 801.3 732.2 690.3 668.2 730.1 774.5 769.5 705.6 639 588.4 573.1 -9999 -9999 -9999 632.8 709 807 815.9 -9999 -9999 -9999 -9999 -9999 -9999 -9999 -9999 -9999 -9999 -9999 -9999 -9999 -9999 -9999 -9999 -9999 -9999 -9999 -9999 -9999 -9999 -9999 -9999 -9999 -9999 -9999 -9999 -9999 -9999 -9999 -9999 -9999 -9999 -9999 -9999
