datasets/global_precipitation_1950_2017/rasters/precip_2004-total.asc
NCOLS 720 
NROWS 347 
XLLCORNER -180 
YLLCORNER -90 
CELLSIZE 0.5 
NODATA_value -9999 
[rows 34 to 67 of 347, columns 152 to 227 of 720]
204.8 184.1 165.2 149.2 134.8 124 113.2 106.6 102.6 100.7 100.7 103.1 106.6 113.5 115.8 118.9 122.4 125.8 131 137.7 144.2 152.8 161.2 169.6 176.2 182 188.9 199.1 210.3 225.5 241.6 257.8 277.4 292.6 304.1 309.7 -9999 -9999 295.9 -9999 283 -9999 -9999 -9999 -9999 -9999 -9999 -9999 -9999 -9999 -9999 -9999 -9999 -9999 -9999 -9999 -9999 -9999 -9999 -9999 359.4 356.2 353.7 353.2 352.6 353.3 353.1 352.1 348.6 342 334.6 327.8 -9999 -9999 -9999 347.8
177.1 159.6 145.3 132.4 123.6 117.3 114.2 113.9 112.9 115.8 121.5 123.3 135.2 137.4 140.6 146.4 151.5 159.5 160.8 166.5 173.9 182 189.5 195.6 197.6 197.9 199.8 205.3 -9999 -9999 232.7 249.7 262.1 272.7 282.8 -9999 287.8 285.2 283.2 -9999 -9999 -9999 -9999 -9999 -9999 -9999 -9999 -9999 -9999 -9999 -9999 -9999 -9999 -9999 -9999 -9999 -9999 -9999 -9999 -9999 -9999 409.3 403.5 401.1 396.8 392.8 387.8 382.1 376.8 372.1 366.9 359.9 -9999 -9999 -9999 -9999
146.3 132.3 120.5 112 109.3 109 111.5 116.2 120.3 126.4 132.7 142.1 148.9 157 164 171.6 174.7 182.8 188.5 196.5 204.2 211.1 217.2 223.5 227.6 228.1 228.4 230.3 235.2 239.2 246.2 251.3 257.7 264.3 -9999 -9999 273.1 272.8 -9999 270.3 -9999 -9999 -9999 -9999 -9999 -9999 -9999 -9999 -9999 -9999 -9999 -9999 -9999 453.9 469.5 477.4 475.8 -9999 464.5 456.8 446 442.1 433.9 429.2 424.2 418.3 411.9 407.3 400.8 395.4 391 386.8 382.4 379.8 -9999 -9999
134.1 124.1 115.9 110.3 107.6 108 112.4 119.2 126.8 134.3 141.9 150.9 158.9 166.8 173.3 179.3 184.7 193.1 202.4 212.8 223.7 233.3 241.2 248 253.7 257.5 260.1 261.5 262.4 263.2 265.2 266.5 267.2 -9999 -9999 268.7 266.4 264.9 262.1 259.9 256.1 251.8 251 -9999 -9999 -9999 -9999 -9999 -9999 -9999 -9999 -9999 457.7 479.8 495.1 503.2 498.7 493 483 473.3 464.7 457.1 450.4 444.3 439.4 434.6 429.1 423.9 417.9 411.5 407.2 403.9 401.8 402.3 403.2 405.5
137.5 131.4 126.2 120.7 119.5 119 122.8 129.2 136.9 145.4 154.3 162.4 169.6 175 177.5 181.7 191.1 201.9 214.2 227.8 241.5 254.5 266 275 281.2 285.4 287.9 288.4 287.9 286.1 284.3 282 -9999 -9999 -9999 268.2 264 259.8 256.1 253.4 254 233.5 221.3 234.9 253.9 -9999 -9999 -9999 -9999 -9999 -9999 -9999 -9999 -9999 505.8 -9999 -9999 -9999 -9999 -9999 -9999 -9999 458.6 453.2 450 446 441.8 435.6 428.4 420 413.5 410.9 413.5 420.4 430 442
143 142.2 141.1 141.1 142.3 142.8 145.9 150 156.2 163.6 172.5 179.7 185.7 191 196.9 204.4 213.2 224.8 237.7 251.7 265.9 279.5 291.2 -9999 307.5 313.5 315.9 314 -9999 -9999 -9999 -9999 -9999 -9999 276.6 270.8 264.6 258 251 242.3 -9999 -9999 -9999 232.4 251.1 274.4 298.8 322.4 -9999 -9999 -9999 -9999 -9999 -9999 -9999 -9999 -9999 -9999 -9999 -9999 -9999 -9999 463 -9999 -9999 458 456 450.7 441.8 428.1 415.8 412.3 420 431.6 446.3 463.2
160 163.8 165.3 167 171.2 172.9 175.9 179.6 183.1 187.1 193.2 200.1 207.3 217 225.3 235.5 245.6 256.1 267 277.6 288.7 300 310.2 318.9 322.9 327.4 331.1 -9999 -9999 -9999 -9999 -9999 -9999 -9999 -9999 -9999 -9999 262.5 255.9 -9999 -9999 -9999 -9999 -9999 -9999 -9999 -9999 -9999 -9999 -9999 -9999 -9999 408 -9999 -9999 -9999 -9999 -9999 -9999 -9999 -9999 -9999 -9999 -9999 -9999 471.7 475.9 479.4 478.6 469.6 455.4 446.6 -9999 -9999 452.5 465.2
189.1 193.2 200.1 204.6 208.4 213.2 215.9 218.5 218.8 218.3 217.9 221.2 231.1 242.8 255.2 266.7 276.2 284.1 288.8 292.5 294.6 298.9 308.7 -9999 -9999 -9999 -9999 -9999 -9999 -9999 -9999 -9999 -9999 -9999 -9999 -9999 -9999 -9999 -9999 -9999 -9999 263.6 268.2 276.9 -9999 -9999 -9999 -9999 -9999 -9999 -9999 -9999 -9999 -9999 -9999 -9999 -9999 -9999 -9999 -9999 -9999 -9999 -9999 -9999 -9999 -9999 -9999 -9999 -9999 499.8 483.8 469.2 459.4 452.8 -9999 -9999
217 222.1 228.8 237.8 247.7 257.6 264.9 266.6 267.8 265.2 262.8 264.5 270.5 280.7 291.6 301.7 310.5 316 316.8 310.6 296.4 274.5 -9999 -9999 -9999 -9999 -9999 -9999 -9999 -9999 -9999 -9999 -9999 -9999 -9999 -9999 -9999 -9999 -9999 -9999 -9999 282.8 -9999 -9999 -9999 -9999 -9999 -9999 361.3 -9999 -9999 -9999 404.9 414.3 423.8 433 441.9 448.6 -9999 459.1 463.9 467.9 -9999 -9999 -9999 -9999 -9999 -9999 -9999 -9999 -9999 461.5 453.9 448.3 441.3 434.8
238.6 247.8 253.2 266.4 280.9 295.9 307.4 313.5 315.1 311.5 310.9 312.5 317.7 325 335.2 345.1 357.3 367 372.4 370.2 356.5 -9999 -9999 -9999 -9999 -9999 -9999 -9999 -9999 -9999 -9999 -9999 -9999 -9999 -9999 -9999 -9999 -9999 -9999 -9999 -9999 -9999 -9999 -9999 -9999 -9999 -9999 -9999 389.4 -9999 -9999 -9999 427 433.5 438.9 444.3 449.3 455.9 460.7 463.3 468 471.4 475.3 477.1 -9999 -9999 -9999 -9999 -9999 -9999 -9999 -9999 -9999 -9999 -9999 -9999
250.1 259.9 267.8 274.9 286.4 303.6 340.1 341.6 340.7 341.2 343.9 348.9 359.2 366.5 378 388.2 402 417.5 434.8 443.9 -9999 -9999 -9999 -9999 -9999 -9999 -9999 -9999 -9999 -9999 -9999 -9999 -9999 -9999 -9999 -9999 -9999 -9999 -9999 -9999 -9999 -9999 -9999 -9999 -9999 -9999 -9999 -9999 -9999 -9999 -9999 -9999 -9999 456.7 460.5 463 464.9 466.5 469.5 473.4 476.3 477.2 477.8 476.6 474.6 -9999 -9999 -9999 -9999 -9999 -9999 -9999 -9999 -9999 -9999 -9999
259.9 269.6 273.5 276.7 285.8 293.7 313.3 332.7 349.9 363.5 373.8 386.3 399.6 408.9 414.8 420.4 427.3 437.4 447.5 -9999 -9999 -9999 -9999 -9999 -9999 -9999 -9999 -9999 -9999 -9999 -9999 -9999 -9999 -9999 -9999 -9999 -9999 -9999 -9999 -9999 -9999 -9999 -9999 -9999 -9999 -9999 -9999 -9999 -9999 -9999 -9999 -9999 -9999 476.7 479.9 482.8 483.6 484.2 485.9 486.3 486.2 486 484.3 482.7 480.2 477.2 477.7 475.4 469.9 -9999 -9999 -9999 -9999 -9999 -9999 -9999
279.9 283.1 293.9 299.6 308.3 320.2 340.3 366.2 389.8 412.6 430.6 445.6 454.6 460.9 458.6 454.9 449.2 444 440.5 -9999 -9999 -9999 -9999 -9999 -9999 -9999 -9999 -9999 -9999 -9999 -9999 -9999 -9999 -9999 -9999 -9999 -9999 -9999 -9999 -9999 -9999 -9999 -9999 -9999 -9999 -9999 -9999 -9999 -9999 -9999 -9999 -9999 -9999 493.6 495.8 496.6 497.4 497.5 497.3 498.1 498.3 496.4 494.1 491.7 492.2 492.2 489.6 488.3 486.4 -9999 -9999 479 -9999 -9999 -9999 -9999
327.8 334.8 341.1 347.3 361.3 385.1 408 440.3 468.1 492.2 514.6 530.1 534.1 526.9 508.9 486.2 465 447.6 -9999 -9999 -9999 -9999 -9999 -9999 -9999 -9999 -9999 -9999 -9999 -9999 -9999 -9999 -9999 -9999 -9999 -9999 -9999 -9999 -9999 -9999 -9999 -9999 -9999 -9999 -9999 -9999 -9999 -9999 -9999 -9999 -9999 -9999 -9999 506.9 507.2 507.5 508 508.2 506.6 506.1 507.1 508.5 508.6 513.1 516.7 519 521 520.6 520.9 -9999 -9999 -9999 -9999 -9999 -9999 -9999
375.4 405.5 421.9 440.5 454.9 485.4 513.8 546.5 577.8 608 629.8 634.3 614.9 573.8 537.4 495.8 462.1 438.3 -9999 -9999 -9999 -9999 -9999 -9999 -9999 -9999 -9999 -9999 -9999 -9999 -9999 -9999 -9999 -9999 -9999 -9999 -9999 -9999 -9999 -9999 -9999 -9999 -9999 -9999 -9999 -9999 -9999 -9999 -9999 -9999 -9999 -9999 515 517.7 518.1 518.6 518.4 518.5 516.3 518 520.7 524.9 532.6 540.8 547.2 552.9 558.7 564.3 568.3 571.3 -9999 -9999 -9999 -9999 -9999 -9999
392 421.3 452.8 484.4 513.8 541.4 567.9 596.5 626.5 650.5 672 668.7 632.5 582.8 530.5 483.3 444.8 421.6 411.2 404.3 430.5 425 -9999 -9999 -9999 -9999 -9999 -9999 -9999 -9999 -9999 -9999 -9999 -9999 -9999 -9999 -9999 -9999 -9999 -9999 -9999 -9999 -9999 -9999 -9999 -9999 -9999 -9999 -9999 -9999 -9999 516.4 520 522.8 522.5 522.3 522.8 523.5 526.1 529.9 535.8 543.6 556.8 571 584.6 595.6 603.7 607.7 -9999 618.7 622.7 -9999 -9999 -9999 -9999 596
400.4 424.2 469.7 521.9 561.4 571.9 570.5 574.8 584.3 596 601.8 595.5 574.8 529.4 486.8 445.8 417.7 405.5 402.7 405.4 407 404.9 -9999 -9999 -9999 -9999 -9999 -9999 -9999 -9999 -9999 -9999 -9999 -9999 -9999 -9999 -9999 -9999 -9999 -9999 -9999 -9999 -9999 -9999 -9999 -9999 -9999 -9999 -9999 -9999 -9999 -9999 517.9 521.5 522.8 525.1 526.7 529.7 533 537.9 548.8 560.8 577.8 596.6 612 623 628.6 637.7 641.1 645.9 647.7 -9999 637.3 627.9 618.4 607.9
438.3 455 497 551.6 590.5 577.2 548.2 527.3 512.1 495.4 475.1 456.1 450 439.7 415.9 392.7 377.3 374.8 374.4 375.6 374.7 372.8 370.4 -9999 -9999 -9999 -9999 -9999 -9999 -9999 -9999 -9999 -9999 -9999 -9999 -9999 -9999 -9999 -9999 -9999 -9999 -9999 -9999 -9999 -9999 -9999 -9999 -9999 -9999 -9999 -9999 -9999 -9999 -9999 528 530.1 536 538.2 544.9 550.7 560.6 575.5 591.7 606.8 623.2 634.9 643.7 643.8 650.1 650.9 649.1 644.9 638.2 629.6 617.6 602
469.9 483.1 498.1 511.2 512.2 502.5 492.5 476.9 459.2 431.1 387.2 348.7 351.6 360.6 355.5 346.6 346.6 345.9 351.9 353.5 347.3 339.7 334.6 -9999 -9999 -9999 352.1 -9999 -9999 -9999 -9999 -9999 -9999 -9999 -9999 -9999 -9999 -9999 -9999 -9999 -9999 -9999 -9999 -9999 -9999 -9999 -9999 -9999 -9999 -9999 -9999 -9999 -9999 -9999 545 549.2 552.9 562.5 563.8 571.7 582.2 596.3 611.5 623.1 633.7 640.7 643.7 647.6 646.5 646 644.8 643.1 639.7 631.4 618.6 602.5
503.9 517.2 511.5 499 485.5 475.9 468.3 450.5 427.5 434.8 428 390.6 372.5 357.6 339.9 332.1 332.7 339.6 351.9 363.5 353.3 328.5 317.9 325.4 331.4 336.1 346.9 366.8 391.1 428.4 466.5 -9999 -9999 -9999 -9999 -9999 -9999 -9999 -9999 -9999 -9999 -9999 -9999 -9999 -9999 -9999 -9999 -9999 -9999 -9999 -9999 -9999 -9999 -9999 -9999 577 581.9 594 602 611.1 623.7 634.7 644.7 646.9 648.7 647.9 645.4 645.5 643.3 640 641 643.9 647.5 646 628.8 609.2
525.1 519.4 504.3 491.5 480.1 468 451.9 425.2 397 396.5 408.7 409.9 403.2 374.8 326.9 315.7 331.3 336.9 346.8 363.2 362.4 354.8 348.6 343.4 340.5 339.1 349.7 372.8 409.1 441.7 471.1 500.3 524.8 -9999 -9999 -9999 -9999 -9999 -9999 -9999 -9999 -9999 -9999 -9999 -9999 -9999 -9999 -9999 -9999 599.2 603.4 -9999 -9999 -9999 -9999 619.6 626.3 638 652.3 668.2 682.5 693.1 693.8 689.1 684 672.4 670.1 669.5 665.5 664.1 670.2 676.4 682.4 679.4 665.8 638.3
504.7 491.9 476.4 469.1 467.9 455.9 434 415.1 401.8 385.8 373.5 462.8 554.9 455 373.6 340.8 350.6 365.2 377 386.4 393.7 395.5 398.3 381.2 368.1 364.2 370.1 394.5 429.1 466.4 495.1 518.1 537.7 553.5 573.3 -9999 -9999 -9999 -9999 -9999 -9999 -9999 -9999 -9999 -9999 -9999 -9999 -9999 -9999 -9999 -9999 -9999 -9999 -9999 663.2 666.3 676.9 691.5 708.2 725.1 742.4 750.9 747.4 733 728.9 717.6 712.5 718 718.8 721 727.3 736.2 743.7 744 731.5 701.1
508.6 485.3 468.8 461.5 457.7 452.4 438.9 424.3 414.1 404.3 398.8 430.3 460.4 439.9 407.5 401.6 420.9 441.4 461.5 478.4 490.6 492.8 480.4 458.6 435.8 419 410.1 421.7 447.8 477.6 507.1 526 546 562 574.3 589.8 601.8 611.1 -9999 622.2 630.6 -9999 -9999 -9999 -9999 -9999 -9999 -9999 -9999 -9999 -9999 -9999 678.1 681.3 686.6 698.4 715.8 735.3 756.6 775.6 790.3 796.9 791.1 782.2 775 767.4 761.7 762.5 768.9 775.5 785.2 798.1 811.8 817.4 808.4 779.7
523.9 490.9 464.1 446.3 452.4 469.4 469.8 457.1 445.2 447.7 451.7 422.8 398.2 348.5 339.7 414.6 477.3 524.1 559.6 589.5 608.6 612.8 592 554.5 513 473.3 438.5 420.5 421.5 451.6 487.5 520.9 544.6 562.6 579.8 587.2 598.6 607.4 612.3 613.4 619.2 619 616.2 622.5 -9999 -9999 -9999 -9999 -9999 631 642.3 656.8 669.9 681.5 695.3 713.3 736.4 762.2 787 810.5 826.3 834.4 826.3 817.1 805 799.5 795.9 794.2 801.1 813.2 824 834.1 844.8 852.3 842.7 821.3
535.9 510 494.3 487.2 500.6 522.9 513.6 496.5 481.2 472.7 468.9 480.1 505 473.9 453.5 492.8 555.7 614.6 646.8 674.4 705.6 722.4 700.1 642 577.7 506.1 433.7 374.7 361.2 404.6 466.7 517.2 552.1 576.4 583.9 591.1 595.9 601.1 601.9 597.3 599.5 601.7 614.3 -9999 -9999 -9999 -9999 -9999 -9999 594.1 611 643.5 677 697.1 711.2 729.2 753.9 782.3 812.8 837.6 858.5 865.2 850 825.5 800.4 788.6 785.1 787.3 800 815.8 832.8 849.7 856.4 858.1 854.3 853.9
556 558.6 547.3 527.1 518.3 517.8 524.3 512.4 503.4 499.5 514 564.5 602.3 554.4 528 556.7 616.3 669.2 704.7 743.2 791.1 819.2 795.3 726.8 648 557.3 468.8 394 372.7 424.1 487.4 542.6 579.7 599.4 604.9 605.1 607.1 602.8 599.7 583.5 576.4 588.2 607.7 627.3 -9999 -9999 -9999 -9999 -9999 -9999 594.9 663.6 732.5 741.3 734.4 741.2 761.4 793.3 825.6 855 876.6 861.7 828.8 788.5 753.6 730.2 725.6 731.4 751 783.3 820.6 850 872.8 883.7 887.3 884.3
585.7 579.6 581.3 555.3 545 563.3 568 548.6 528.4 460.8 510 512.6 515.5 524.2 540.1 576.7 631.7 692.4 750.8 824.7 896.9 941.4 917 842.5 757.2 665.9 589.6 538.4 529.2 541.6 567.5 602.1 626.1 644 642.6 633.6 624.3 608.1 590.4 569.3 568 597.8 636.5 647.4 -9999 -9999 -9999 -9999 -9999 -9999 626.5 669.1 710.5 725.5 730.7 742.4 759.9 783.6 809.7 826.7 817.8 786.4 741.5 693.7 649.4 616.4 599.4 612.4 657.8 719.4 783.1 841.5 877.6 910 936.9 913.4
538.1 573.7 635.7 487.9 575.2 720.3 669.6 610 572.6 556.6 521.4 507.7 511.7 535.8 549.8 567 612.2 680.3 757.5 843.2 909 940.7 956.4 937.9 867.8 791.8 729.9 685.5 659.8 648.6 652.6 672.6 690.8 683.1 657.1 638.4 614.3 594.3 565.2 540.4 552.4 628.6 694.9 689.1 -9999 -9999 641.9 -9999 -9999 -9999 649.1 664 680.8 698.8 716.9 738.1 756.2 771.8 775.4 758 722.1 672.4 616.7 560.5 511.5 463.7 441.7 475.2 547.8 641.5 742.1 817.1 840.8 807.9 892.1 885.6
485.7 536.4 565.7 593.4 560.4 496.4 588.8 596.1 540.5 496.3 473.4 502 539 553.5 558.8 563.2 566.8 625.2 718.2 796.6 843.6 879.9 927.4 954.2 932.6 891.5 848.3 826.7 783.5 742.7 706.9 707.3 763.6 692.4 620.6 579.9 563.8 555.3 519.2 493.8 534.1 630.1 699.6 699.8 691.2 -9999 -9999 -9999 -9999 -9999 -9999 667.3 678.3 694.5 711.3 739.1 778.5 800.5 779.6 718.4 639.6 561.1 483.7 409.7 344.2 302.6 304.8 367.2 467.9 592.3 736.5 845.9 879.6 855.2 828 788.7
433.6 508.6 555.2 572.3 541.8 538.4 628.4 653 446.2 496.2 462.3 479.3 546.6 614 661.5 611.5 582 613.7 687.1 755.6 797.7 828 845.3 875.5 893 899.9 904.1 923.9 891.3 801.2 694.1 575.7 588.5 605.9 564.7 535.2 547.6 559.1 554.6 528.2 564.2 688.1 701.7 685.3 676.5 683.7 697.2 -9999 -9999 -9999 667.7 670.7 683.5 696.7 721.5 786.5 867.5 879.5 819.4 719.6 598.5 473.8 378.3 295.8 238.9 210.1 246.5 326.5 427.3 546.7 683.6 800.6 845.9 824.6 768.6 690.4
626.3 546 526.4 594.9 510.1 475.8 558.2 537.1 552.5 564.6 542.1 512.4 522.4 615.5 611.5 623.6 647.2 684 731.3 784.1 799.9 777.8 768.9 795.8 848.9 879.5 883.3 871.9 835.4 802.2 714.7 629.8 626.5 635.2 618 628.6 643.6 667.6 687.9 710.2 760.4 773.6 728.1 693.2 663.3 643.5 641.9 602.3 -9999 657.8 676.2 700.5 729.5 756.7 825.1 927.1 971.2 958.7 895.3 791.8 653.6 515.1 405.2 333.5 275.4 248.7 297.2 385.1 454.1 531.3 633.1 740.6 797.3 802.8 770.7 718.6
481.4 480.8 420.3 449.1 508.1 500.2 622.4 540.7 547.5 600.9 607.8 573.2 620.6 601 621.1 655.1 699.8 728.7 733.9 777 755.2 690.9 717.8 773.3 840.1 879 875.5 840.9 807.5 784.4 761.1 779.6 793 790.1 809.5 828.6 853.6 864.1 851.6 826.2 814.8 808.5 783.7 746.1 701.3 654.1 619.4 604.7 621 661.7 737.1 800.7 842.1 858.4 927.2 988.2 1006.5 998.5 960.8 877.9 772.8 659.5 546.6 457.5 348.2 189 420.7 629.1 564.1 560.1 651.7 788.4 832.9 836.1 824.7 810.1
481.8 455.5 429.5 418.2 534.2 569 564 589.2 594 623.7 595.4 555.1 622.4 697.7 714.7 746.9 738.8 792 826 826 793.5 759.4 774.5 783.3 1013.1 960.1 901.7 854 807.7 766.6 715.3 758.6 802.3 839.4 876.7 863.3 881.6 889.2 854.9 859.8 856.3 838.2 809.4 802.2 767.1 734.7 711.8 689.9 698.1 799.7 860.1 884.6 895.2 894.4 917.5 985.3 1017.4 1018.2 1019.8 989.5 892.8 797.4 699.9 696.5 623.5 569.5 595 646.4 638.8 679.7 771.7 837.8 863.2 852.4 800.3 794.1
438.2 432.8 463.4 508.3 560.6 609.3 628.1 613.1 561.2 557.7 560 602 667.2 740 756.9 781.9 830.1 812.7 842.3 901.2 904.1 846 809.7 862.7 933.2 908 863.5 822.1 780.2 758.1 762 795.5 834.3 839 845 813.4 833 817.5 828 890.1 882.8 868.3 780.5 817 834.9 789.4 768.9 762.4 805.6 857.1 887.6 919.4 916.7 910.9 921.1 973.7 1010.4 1012.4 1029.7 1081.2 954.6 788.7 694.9 794.7 779.2 606 623.2 659.8 687 753.8 827 853 874 919.4 -9999 -9999
