datasets/global_precipitation_1950_2017/rasters/precip_2011-total.asc
NCOLS 720 
NROWS 347 
XLLCORNER -180 
YLLCORNER -90 
CELLSIZE 0.5 
NODATA_value -9999 
[rows 170 to 203 of 347, columns 380 to 455 of 720]
1881.1 2142.6 2164.7 2037.5 1838.5 1682.1 1624.1 1583.6 1757.9 1842.2 1677.6 1592 1515.5 1533.2 1606.4 1752.7 1804.9 1911 2010.2 2106.7 2136.6 2114.4 2118.1 2074.5 2021.7 1973.9 1905.5 1851 1843.4 1789.1 1667.4 1667 1800.2 1976.8 2129.6 1954.5 1764.6 1583.8 1095 1127.8 863.1 865.9 1162.1 1440.6 1554.7 1233.2 1058.8 1125.8 1277.5 1275.7 1020.9 792.3 446.5 1307.2 682.7 854.2 666.5 627.7 509.8 475.6 562.6 586.1 599.8 -9999 -9999 -9999 -9999 -9999 -9999 -9999 -9999 -9999 -9999 -9999 -9999 -9999
1864.7 1938.1 1966.3 1876.4 1676 1586.4 1627.6 1645.8 1816.1 1945.5 1772.6 1676.6 1602 1592.8 1620.7 1724.7 1787.5 1823.3 1916.4 2076.6 2119.7 2071.6 2080.4 2113.3 2110.3 2019.9 1907.2 1827.5 1834.1 1669.1 1655.2 1632.1 1841 2085.4 2178.3 2196.3 1856.4 1796.7 1276.8 1087.4 983.2 876.8 1037.5 1175 1131.6 1083.8 1061.9 1080.8 1081.9 941.7 905.8 843.1 569.9 709.8 671.7 615.7 620.4 641.8 589.8 695.8 786.4 653.2 -9999 -9999 -9999 -9999 -9999 -9999 -9999 -9999 -9999 -9999 -9999 -9999 -9999 -9999
1654.3 1544.2 1545.4 1576 1483.5 1524 1581.4 1733.3 1666.9 1850.1 1855 1788.2 1588.4 1591.3 1598.4 1673.9 1726.5 1739.1 1727.3 1824.2 1836.8 1854.3 1941.7 2082 2107.4 1965 1863.2 1820.6 1794.5 1708.1 1710.6 1720.7 1848.5 2045.8 2205.8 2456.4 2615.1 1454.4 1223.3 1192.5 1104 1036.5 1007.7 1042.8 1037.8 1011.2 942.8 932.1 918.8 907.4 859.8 740.5 685.5 581.2 998.4 816.6 753.2 769.9 778.5 858.5 -9999 -9999 -9999 -9999 -9999 -9999 -9999 -9999 -9999 -9999 -9999 -9999 -9999 -9999 -9999 -9999
-9999 1715.7 1541 1409.3 1266.3 1386.4 1461.6 1592.7 1717.8 1865.3 1917.1 1870.8 1615.8 1598 1594.1 1600.2 1652.2 1642.4 1638.3 1655.8 1672.7 1689.5 1667.2 1859.2 1907.3 1864.7 1859.4 1835.8 1798.3 1748.6 1735.8 1743 1798.2 1977.3 2401.6 2735 2812.3 1415.4 1039.6 1256.6 1227.7 1134.5 1049.3 1043.8 989.9 941 858.6 863 771.8 885.1 959.6 914.8 844.8 938.2 1660.5 1150.2 1217.4 826.1 862.3 868.8 -9999 -9999 -9999 -9999 -9999 -9999 -9999 -9999 -9999 -9999 -9999 -9999 -9999 -9999 -9999 -9999
-9999 -9999 1553.9 1372.2 1241.4 1208.6 1438.1 1367.9 1509.4 1828 1726.9 1668.6 1615.5 1622.6 1631.5 1633.8 1598 1625 1638.3 1672.4 1679.3 1665.8 1617.4 1684.5 1768 1758.1 1829.1 1829.3 1779.7 1752 1715.5 1671.6 1646.5 1752.4 2111.3 2409.5 2293.1 1230.8 1233.5 1459.1 1317.1 1298.2 1132 959.9 932.4 951.4 801.5 784.4 744.4 840.4 965 864.8 853.2 826.5 758.3 740.9 855.7 813.9 898.4 800.1 -9999 -9999 -9999 -9999 -9999 -9999 -9999 -9999 -9999 -9999 -9999 -9999 -9999 -9999 -9999 -9999
-9999 -9999 -9999 1492.5 1424 1179.6 1216.6 1297.5 1470.8 1600.6 1706 1576.7 1568.6 1636.4 1681.9 1709.6 1553 1593.8 1641.1 1671.8 1682 1698.5 1669.2 1648.7 1679.8 1676.3 1757.7 1792 1761.4 1737 1650.7 1550.4 1502.2 1490.7 1573 1668.6 1504.9 1397.7 1373.4 1406.1 1410.6 1311.3 1124.9 963.9 923.7 847.9 753.7 765.6 802 714.4 791.4 771.6 723.2 463 564.1 620.1 907.4 1106.9 1001.9 -9999 -9999 -9999 -9999 -9999 -9999 -9999 -9999 -9999 -9999 -9999 -9999 -9999 -9999 -9999 -9999 -9999
-9999 -9999 -9999 -9999 1516.5 1451.2 1335.5 1355.2 1484.3 1513.4 1638.1 1603.1 1594 1641.4 1704.8 1709.8 1661.1 1639.6 1675.6 1690.1 1692.2 1699.4 1670.1 1638 1671.8 1716.7 1746.8 1771.1 1746.8 1698.6 1613.7 1540 1473.5 1434.3 1487.4 1618.9 1522.9 1408.6 1353.8 1330.1 1392 1198.6 1062.5 969.2 926.1 898.6 823.1 782.8 690.4 651.8 674.6 702.4 681.8 604.1 621.5 889.4 1064.3 1221.9 -9999 -9999 -9999 -9999 -9999 -9999 -9999 -9999 -9999 -9999 -9999 -9999 -9999 -9999 -9999 -9999 -9999 -9999
-9999 -9999 -9999 -9999 1370.1 1401.6 1302.1 1238.9 1415.3 1518.8 1761.6 1680.2 1693.5 1649.1 1679.6 1723.9 1694.2 1710.8 1734.6 1722.4 1672.9 1644.6 1628 1651.1 1713.5 1748.2 1760.4 1759.5 1738.7 1727.2 1554.9 1534.7 1428.5 1359.4 1380.6 1445.6 1434.1 1354.1 1329.4 1304.8 1249.8 1140 1065.2 999.4 987.4 805.6 811.7 777.6 662.4 633.6 601.2 605.3 655.6 672.8 585.3 852 1319.8 1489.9 -9999 1864.5 -9999 -9999 -9999 -9999 -9999 -9999 -9999 -9999 -9999 -9999 -9999 -9999 -9999 -9999 -9999 -9999
-9999 -9999 -9999 -9999 1064.3 1160.7 1189.6 1192.8 1393.6 1492.7 1518.6 1708.6 1713.9 1640.5 1703.1 1757.5 1744.8 1771.5 1757 1732 1557.8 1522.6 1583 1686.2 1735 1764.8 1724.4 1694.5 1751.5 1747.9 1663.2 1551.3 1362.7 1310.3 1328.1 1351.3 1353.6 1322.3 1320.5 1291 1225.6 1177.7 1128.2 1047.3 958.3 861 826.8 743.5 636.4 632 606.3 595.2 627.9 668.6 714.1 837.5 1027.1 1271.9 -9999 -9999 -9999 -9999 -9999 -9999 -9999 -9999 -9999 -9999 -9999 -9999 -9999 -9999 -9999 -9999 -9999 -9999
-9999 -9999 -9999 -9999 -9999 1040.5 1123.3 1235.3 1384.2 1413.1 1461.7 1554.3 1692.3 1706.9 1711 1772.8 1808.9 1779.6 1775.2 1698.6 1528.4 1474.6 1547.2 1694.4 1783.5 1786.5 1708 1627.4 1772.9 1807.8 1707.4 1525.8 1259.5 1245.2 1269.3 1305 1310.3 1291.1 1284.4 1282.9 1193.7 1138.2 1147 1049 972.3 857.7 825.8 768 665.2 622.8 605.9 588.7 616.2 690.8 762.7 892.8 994.1 1272.8 1504.7 -9999 -9999 -9999 -9999 -9999 -9999 -9999 -9999 -9999 -9999 -9999 -9999 -9999 -9999 -9999 -9999 -9999
-9999 -9999 -9999 -9999 -9999 820.3 1099.6 1183.4 1378.3 1416.2 1372.7 1499.7 1678 1706.7 1674.5 1742.1 1803.3 1794.2 1768.7 1704.6 1580.1 1552.3 1578.2 1653.6 1759.7 1801.8 1738.1 1661.5 1635.8 1685.1 1618.9 1516.5 1325.5 1207.4 1242.5 1284.2 1271.3 1224.6 1257.1 1290.1 1124.2 1055.1 1032.8 1019.2 959.4 873.2 847.4 827.9 744.5 611.4 585.2 616.8 643.9 591.3 831.1 663.7 1025.9 1154.7 1229.7 -9999 -9999 -9999 -9999 -9999 -9999 -9999 -9999 -9999 -9999 -9999 -9999 -9999 -9999 -9999 -9999 -9999
-9999 -9999 -9999 -9999 -9999 -9999 801 927.1 1404.5 1604.8 1624.4 1601 1601.1 1613.2 1593.6 1625.3 1724.9 1761.1 1733.1 1679.8 1656.2 1701.8 1643.2 1626.7 1705.8 1769.4 1736.6 1694.3 1691.5 1658.4 1580.8 1528 1365.5 1245.6 1308.4 1259.8 1205.5 1139.1 1040.6 1309.7 1085.2 961.1 1009.1 983.4 984.8 948.9 909.2 862.8 766.6 685.9 558.2 583.6 811.7 1179.1 1123.3 1312.9 1262 1178.5 1335.3 -9999 -9999 -9999 -9999 -9999 -9999 -9999 -9999 -9999 -9999 -9999 -9999 -9999 -9999 -9999 -9999 -9999
-9999 -9999 -9999 -9999 -9999 -9999 580.5 724.1 1318 1616.6 1698.1 1552.6 1382.3 1367.7 1354.4 1413.9 1649.9 1712.1 1694.9 1642.8 1647.4 1641.8 1606.2 1629.6 1678.8 1748.2 1718.2 1681.2 1698.8 1648.5 1548.3 1486.6 1336.8 1187.2 1233.9 1209.9 1157.1 1135.7 1141.4 1167.3 1086.3 1047.3 1012.6 935.7 1014.3 1039.5 997.6 915.7 800.7 778.8 780.3 786.3 1114 1609.4 1457.8 1345.2 1111.1 1125 1352.3 -9999 -9999 -9999 -9999 -9999 -9999 -9999 -9999 -9999 -9999 -9999 -9999 -9999 -9999 -9999 -9999 -9999
-9999 -9999 -9999 -9999 -9999 -9999 -9999 746 1133.9 1289.4 1315 1321.7 1338.8 1323 1300.5 1425.6 1654.3 1723.6 1698 1634.7 1620.7 1620.9 1610 1641.2 1640.9 1636.9 1621.5 1610.9 1563.4 1517.1 1471.7 1425.2 1334.8 1211.2 1235.3 1194.3 1148.3 1134.3 1168.4 1214 1168.1 1164.2 1056.3 944.8 1011 1073.9 1074.7 1049.1 877.6 783.4 1008.9 1032.5 1419.7 1558.4 1660.7 1423.5 1001.3 1105.1 1300.6 -9999 -9999 -9999 -9999 -9999 -9999 -9999 -9999 -9999 -9999 -9999 -9999 -9999 -9999 -9999 -9999 -9999
-9999 -9999 -9999 -9999 -9999 -9999 -9999 722.6 1081.9 1130.3 998.5 1133.3 1273.6 1369 1392.8 1477.4 1668.5 1729.4 1687.6 1602.3 1568 1584.4 1622.1 1618.9 1519.8 1420.2 1371.6 1433.6 1434.3 1487.7 1398.3 1343.6 1327.8 1258.3 1238.9 1173.3 1120.1 1291.8 1232.2 1320.9 1274.6 1159.3 1171.6 1074.5 1060.3 1234.7 1186.3 1359 1283.3 985.4 1319.1 1436.1 1677.4 1873.3 1651.5 1372.9 1025 1095.8 1107.7 -9999 -9999 -9999 -9999 -9999 -9999 -9999 -9999 -9999 -9999 -9999 -9999 -9999 -9999 -9999 -9999 -9999
-9999 -9999 -9999 -9999 -9999 -9999 646.6 719.7 916 1179.2 1170.8 1120.9 1189 1384.8 1591.5 1527.5 1607.6 1653.8 1595.6 1523 1488.8 1498.6 1544.2 1519.9 1393.7 1333.8 1296.4 1303.6 1284.6 1232.7 1296.9 1257.9 1247.2 1188 1141.9 1118.8 1133.8 1209.4 1256.6 1297.8 1309.3 1262.4 1214.2 1145.1 964.1 1336.6 1788.3 2391.8 1616.3 1195 1431.8 1591.7 1560.4 1311 1335.2 1085.4 994.5 1041.4 1092.6 -9999 -9999 -9999 -9999 -9999 -9999 -9999 -9999 -9999 -9999 -9999 -9999 -9999 -9999 -9999 -9999 -9999
-9999 -9999 -9999 -9999 -9999 -9999 845.3 1016.1 864.1 1007.5 1112.4 1109.6 1219 1318.5 1435 1435.9 1500.2 1559.7 1555.6 1522.7 1454 1477 1528.8 1468 1336.3 1256.2 1247.8 1256.1 1215.9 1189.9 1167.9 1141.2 1132 1047.9 975.2 1031.8 1104.2 1205.4 1146.6 1272.8 1301.6 1297.4 1277.1 1172.4 1133.9 1232.9 1881.6 1928.7 1472.5 1337.5 1394.5 1470.1 1366.4 1298.2 1094.2 965.4 971.2 1008 1040.6 -9999 -9999 -9999 -9999 -9999 -9999 -9999 -9999 -9999 -9999 -9999 -9999 -9999 -9999 -9999 -9999 -9999
-9999 -9999 -9999 -9999 -9999 -9999 -9999 750.3 874 1127.9 1220.7 1216.1 1247.5 1319.4 1394.7 1440.7 1557.8 1567.9 1575 1538.6 1502.3 1517.2 1531.1 1433 1319.6 1266.2 1263.8 1265.8 1264.9 1158.8 1087.3 1032 1075.3 914.8 909.7 981 1021.8 1008.5 1154.2 1349.3 1343.2 1282.2 1302.1 1165.7 1137.8 1144.3 1232.3 1333.2 1301.9 1120.3 1176.9 1164.6 1169.2 1109 991.9 959.2 962.3 995.8 1016.1 1029.2 1254 -9999 -9999 -9999 -9999 -9999 -9999 -9999 -9999 -9999 -9999 -9999 -9999 -9999 -9999 -9999
-9999 -9999 -9999 -9999 -9999 -9999 -9999 485.1 814.5 1247.3 1302.5 1342.5 1393 1460.9 1458.7 1514.5 1597.4 1571 1542.5 1507.3 1500 1518.8 1515.6 1405.3 1285.4 1276.6 1269.9 1295.7 1313.4 1192.9 1075.3 1013.3 995.5 941.5 1004.5 996.4 993.8 1027.3 1182.3 1364.4 1341 1228.7 1205.1 1156.6 1112.6 1092.1 941.1 1023.8 1341.1 1187.8 1093.8 1079.7 1108.6 1028.8 1006.5 1033.4 977.7 969.9 1005.2 1005.1 1039.9 -9999 -9999 -9999 -9999 -9999 -9999 -9999 -9999 -9999 -9999 -9999 -9999 -9999 -9999 -9999
-9999 -9999 -9999 -9999 -9999 -9999 -9999 -9999 977.2 1149 1309.8 1359.4 1425.1 1516.4 1456.3 1448.1 1511.9 1519.9 1442.8 1389.7 1392.5 1447.1 1464.3 1398 1317.4 1299.8 1289.1 1305.7 1336.8 1219.8 1084.3 1028.2 1056.6 1034.8 1017.4 1012.6 989.4 959.8 1204.3 1344.3 1314.2 1198.6 1158.2 1105.2 1098.4 947.8 872.8 787.5 1363.3 1287.9 1327.9 1134.8 1069.5 1018.6 1010.1 1134.8 1105.8 1023.9 1065.7 1080.7 1075.4 -9999 -9999 -9999 -9999 -9999 -9999 -9999 -9999 -9999 -9999 -9999 -9999 -9999 -9999 -9999
-9999 -9999 -9999 -9999 -9999 -9999 -9999 -9999 1229.1 1212.4 1344.1 1412.3 1495.8 1497.2 1398.6 1411.9 1504.5 1500.9 1408.6 1327.4 1315.8 1354 1416.7 1348.1 1296.7 1286.5 1274.6 1239 1222.1 1213.1 1160.8 1107.2 1118.6 1086.4 1073.2 1034.2 1038.9 1013.2 1150.8 1227.2 1246.1 1074.4 990 1025.5 981.6 832 870.2 1059.9 1657.2 1285.9 1235.1 1215.1 1096.5 1132.3 1223.7 1320.7 1338.4 1174.9 1160.8 1180.1 1209 -9999 -9999 -9999 -9999 -9999 4134.4 -9999 -9999 -9999 -9999 -9999 -9999 -9999 -9999 -9999
-9999 -9999 -9999 -9999 -9999 -9999 -9999 536.3 1182.1 1371.8 1437.8 1477.2 1465.6 1425.6 1409.6 1440 1535.2 1526.4 1397 1293.5 1256.4 1253.9 1229.2 1159.1 1130.3 1124.7 1152.4 1194.8 1207.2 1209.2 1158.5 1098 1091.1 1125.6 1078.5 1074.1 1063.2 1005.8 941.9 975.5 967 937.7 946.3 935.5 832.2 741.2 710.5 1260.5 1479.3 1066.4 1109.1 1157.5 1220.4 1255.2 1304 1434.7 1360.9 1146.9 1131.8 1203.2 1278.7 -9999 -9999 -9999 -9999 -9999 -9999 -9999 -9999 -9999 -9999 -9999 -9999 -9999 -9999 -9999
-9999 -9999 -9999 -9999 -9999 -9999 473.1 810.4 1354.7 1555.3 1453.5 1516.4 1447.5 1432.2 1417.4 1442.6 1510.6 1499.4 1293.6 1221.6 1189.7 1153.4 1136.9 1122.5 1116.9 1025.4 1009.4 1074.5 1124.1 1106.6 1032.6 1015.2 1048.1 1089.6 1094.5 1070.1 1078.9 983.2 915.9 916.5 906.2 889.2 863 752.9 732.2 701.1 634.8 822.2 1219.4 1159.8 1101.5 1112.1 1166 1124.8 1147.2 1178.5 1126.6 974.9 1032.4 1116.7 1130.1 -9999 -9999 -9999 -9999 -9999 -9999 -9999 -9999 -9999 -9999 -9999 -9999 -9999 -9999 -9999
-9999 -9999 -9999 -9999 -9999 451.4 643.8 1060.1 1373.7 1459.5 1398.5 1353 1398 1332.6 1347.3 1396.1 1465 1299.8 1198.5 1173.8 1151.6 1122 1099.9 1100.6 1093.9 1022 999.3 977.5 958.3 954.7 974.1 964.8 971.7 987.5 998.3 970.7 952.1 985.3 893.8 910.8 951 901.9 819.6 703.8 756.4 765.1 580.6 636 986.1 978 663 1202 1131.7 1072.8 1039.6 1026.4 1016.1 975.3 1034.6 1066.8 1038.7 -9999 -9999 -9999 -9999 -9999 -9999 -9999 -9999 -9999 -9999 -9999 -9999 -9999 -9999 -9999
-9999 -9999 -9999 -9999 -9999 533.8 942.1 1179.3 1270.2 1362.6 1413 1319 1282 1304.8 1280.7 1209.5 1166.9 1173.4 1172.1 1169.5 1143.6 1123.7 1092.5 1077.7 1071 1041.5 1017.4 983.9 953.4 947.2 964.4 955.5 946.1 913.3 887.2 889.2 903.4 872.8 781.1 827.1 891.7 873.7 816.7 805 820.5 844.9 708.1 566.1 632.3 949.9 888.4 1069.2 1090.2 1047 1083.4 1023.5 1043.1 1056.8 1093.8 1100.8 1057.1 -9999 -9999 -9999 -9999 -9999 -9999 -9999 -9999 -9999 -9999 -9999 -9999 -9999 -9999 -9999
-9999 -9999 -9999 -9999 -9999 726.7 1043 1158.6 1190.1 1256.4 1295.6 1211.3 1204.7 1221.7 1189.4 1166 1142.7 1109.7 1115.4 1124.2 1129 1137.1 1124 1086.3 1034.9 1014 1006.1 975 932.9 899.2 925.1 930.6 883.7 778.9 724.4 744.4 717.3 722.8 762.2 747.6 753.8 816.2 861.5 921.2 999.8 868.4 754.8 697.7 774.6 763.5 632.8 781.1 882.1 957.6 1034.5 1047.1 1071.3 1100.1 1145.8 1145.7 1023.1 -9999 -9999 -9999 -9999 -9999 -9999 -9999 -9999 -9999 -9999 -9999 -9999 -9999 -9999 -9999
-9999 -9999 -9999 -9999 -9999 730.3 1017 1057.3 1070.1 1069.5 1044.8 1120.2 1134.6 1165.4 1159.8 1153.5 1121.6 1070.3 1050.1 1058.6 1077 1103.8 1119.9 1067.4 996.4 970.1 972.6 949 911.9 868.6 861.7 835.7 761.9 724.8 694.7 683.2 659.5 639.9 683.6 688.3 684.3 806.9 925.1 1071.7 1311.4 1137.1 964.6 943.2 846.6 892 797.2 838.6 836.8 901.5 985.7 1040.4 1090.4 1110.4 1166.1 1274.8 1098.4 1084.7 -9999 -9999 -9999 -9999 -9999 -9999 -9999 -9999 -9999 -9999 -9999 -9999 -9999 1682
-9999 -9999 -9999 -9999 253.3 731 1040.6 900.6 953 923.6 861.9 953.4 1029.9 1092.1 1144.4 1132.2 1092.8 1038.3 1002.7 1005.3 998.5 1010.9 1041.8 1021.1 978.9 984.6 979.5 935.5 913.9 879.2 828.3 750.2 714.8 729.5 692.1 576.3 493.3 503.1 613.7 625.7 571.9 853.3 941.4 1046.3 904.6 993.5 1007.7 1097.9 1091.2 1051.2 1329 1318.8 1057.7 1343.6 1276.9 1207.6 1122.6 1083.7 1070.7 1154.6 1153.3 -9999 -9999 -9999 -9999 -9999 -9999 -9999 -9999 -9999 -9999 -9999 -9999 -9999 1564.7 1533.7
-9999 -9999 -9999 -9999 269.3 612.9 959 934.8 906.4 873.9 864.2 875.1 889.1 921.3 1077.6 1122.5 1059.4 1020.3 1003.7 988.5 972.7 965.4 976.1 1003.3 991.8 972.1 930.4 904.2 873 828.9 772.6 724.8 690.3 651.9 613.4 520.5 534.8 484.3 531.7 593.5 633.8 747.1 892.5 914.4 773.5 888.2 975.6 952.8 1030.7 1048.7 1301.9 1788.5 1750.4 1670.2 1476.6 1333.1 1240.7 1066.3 1064.2 1086.3 1104.7 -9999 -9999 -9999 -9999 -9999 -9999 -9999 -9999 -9999 -9999 -9999 -9999 1486.9 1516.3 1488
-9999 -9999 -9999 -9999 234 371.3 865.4 852.3 749.6 840.6 881.1 875.4 865.9 866 900.7 907 887 927.7 971.3 978.4 949.9 927.6 938.2 974.2 969.3 934.4 861.6 859.9 807.4 771.9 747.4 734.3 717.7 674.7 623.7 582.9 549.2 511.7 574.7 686.8 733.3 785.9 849.1 854.3 796.2 816.9 732.2 620.4 812.7 996.1 1305.1 1709.3 1665.6 1587.7 1466.3 1390.6 1269.1 1077.5 1059 1037.4 -9999 -9999 -9999 -9999 -9999 -9999 -9999 -9999 -9999 1117.4 1144.5 1302.7 1426.5 1444.6 1544.9 1521.2
-9999 -9999 -9999 233.8 234.2 247.3 694.5 756.3 751.8 791.7 834.3 815.4 801.2 787.4 777.8 767 766.6 766.3 746.1 770.7 814.5 806.5 768.3 761.6 868.8 885.7 859.4 824.9 795.1 798 773.6 762.5 717.3 691.6 675.7 655.7 603.2 565.9 635.4 747.5 820.9 888.4 946.8 909.7 852.6 692.7 635.3 561.7 589 696.3 682.2 812.3 1027.9 1191.6 1219.7 1246.2 1171.6 1109.5 1102.5 -9999 -9999 -9999 -9999 -9999 -9999 -9999 -9999 -9999 -9999 1097.7 1257.5 1338.5 1455.2 1537 1604 1704
-9999 -9999 -9999 -9999 256.4 352.3 565.4 599.3 622.4 626.8 696.3 757.7 711.6 696.9 723.8 763.5 763.2 762 727.3 718.4 715.5 709.4 707.9 707.7 717.5 786 814.6 801.2 807.7 807.7 796.9 799.5 779.7 692.8 703.3 690.5 664.7 649.5 707.6 773.7 888.4 1014.5 1077.1 1001.7 825 773.8 691.7 547.5 501.3 499.9 541.3 511.8 630.1 1082.2 1205.3 1213.3 -9999 -9999 -9999 -9999 -9999 -9999 -9999 -9999 -9999 -9999 -9999 -9999 849.1 1124.8 1299 1399.2 1478.5 1536.3 1562.9 1452.5
-9999 -9999 -9999 243.7 306.2 466.6 542.5 559.8 589.7 607.7 612.8 680.8 654 660.3 662.2 747.3 750.6 740.9 681.9 724 725.8 715 716 710.5 699.5 720 772.5 784.1 784 809.6 763.9 730.6 649.8 604 604.9 635.7 669.9 710.4 751.5 813.1 907.6 1048.6 1106.2 1081.3 947.3 1211.1 1238.4 902.6 648.6 548 606.5 661.9 806.9 1079.9 -9999 -9999 -9999 -9999 -9999 -9999 -9999 -9999 -9999 -9999 -9999 -9999 -9999 -9999 768 1236.4 1366.5 1414 1497 1531.8 1499.6 1275.8
-9999 -9999 -9999 -9999 348.7 436.7 479 535.6 571.5 614.5 639.2 667 666 650.9 633.8 673.6 693.8 704.1 692.2 700.1 722.8 724.8 726.7 730.7 697.6 698.5 740.8 766.8 757 755 702.8 650.1 548.3 503.8 561.4 590.3 646.4 733.8 753.7 793.1 879 953.5 995.8 1016.6 1074.8 997.7 1307.6 1054.7 861.3 660.9 647.8 677 819.2 1025.8 -9999 -9999 -9999 -9999 -9999 -9999 -9999 -9999 -9999 -9999 -9999 -9999 -9999 -9999 649.2 1062.6 1306.1 1466.8 1584.6 1602.2 1622.7 1413.4
