datasets/global_precipitation_1950_2017/rasters/precip_2012-total.asc
NCOLS 720 
NROWS 347 
XLLCORNER -180 
YLLCORNER -90 
CELLSIZE 0.5 
NODATA_value -9999 
[rows 306 to 339 of 347, columns 152 to 227 of 720]
-9999 -9999 -9999 -9999 -9999 -9999 -9999 -9999 -9999 -9999 -9999 -9999 -9999 -9999 -9999 -9999 -9999 -9999 -9999 -9999 -9999 -9999 -9999 -9999 -9999 -9999 -9999 -9999 -9999 -9999 -9999 -9999 -9999 -9999 -9999 -9999 -9999 -9999 -9999 -9999 -9999 -9999 -9999 -9999 -9999 -9999 -9999 -9999 -9999 -9999 -9999 -9999 -9999 -9999 -9999 -9999 -9999 653.5 -9999 -9999 -9999 -9999 -9999 -9999 -9999 506.6 487.6 467.4 454.7 -9999 -9999 415.8 417.1 420 425 423
-9999 -9999 -9999 -9999 -9999 -9999 -9999 -9999 -9999 -9999 -9999 -9999 -9999 -9999 -9999 -9999 -9999 -9999 -9999 -9999 -9999 -9999 -9999 -9999 -9999 -9999 -9999 -9999 -9999 -9999 -9999 -9999 -9999 -9999 -9999 -9999 -9999 -9999 -9999 -9999 -9999 -9999 -9999 -9999 -9999 -9999 -9999 -9999 -9999 -9999 -9999 -9999 -9999 -9999 -9999 -9999 -9999 -9999 -9999 -9999 -9999 -9999 -9999 -9999 -9999 -9999 492.9 -9999 463.6 450.5 -9999 -9999 434.3 435.5 441.7 448
-9999 -9999 -9999 -9999 -9999 -9999 -9999 -9999 -9999 -9999 -9999 -9999 -9999 -9999 -9999 -9999 -9999 -9999 -9999 -9999 -9999 -9999 -9999 -9999 -9999 -9999 -9999 -9999 -9999 -9999 -9999 -9999 -9999 -9999 -9999 -9999 -9999 -9999 -9999 -9999 -9999 -9999 -9999 -9999 -9999 -9999 -9999 -9999 -9999 -9999 -9999 -9999 -9999 -9999 -9999 -9999 -9999 -9999 -9999 -9999 -9999 -9999 -9999 -9999 -9999 -9999 498.2 483.4 470.5 457.6 451.9 -9999 -9999 448.9 454.4 462.5
-9999 -9999 -9999 -9999 -9999 -9999 -9999 -9999 -9999 -9999 -9999 -9999 -9999 -9999 -9999 -9999 -9999 -9999 -9999 -9999 -9999 -9999 -9999 -9999 -9999 -9999 -9999 -9999 -9999 -9999 -9999 -9999 -9999 -9999 -9999 -9999 -9999 -9999 -9999 -9999 -9999 -9999 -9999 -9999 -9999 -9999 -9999 -9999 -9999 -9999 -9999 -9999 -9999 -9999 -9999 -9999 -9999 -9999 -9999 -9999 -9999 -9999 564.1 545.4 531.9 518.6 505.9 495.2 485.1 476.7 473.4 471.2 -9999 471.9 477.6 484
-9999 -9999 -9999 -9999 -9999 -9999 -9999 -9999 -9999 -9999 673.6 -9999 -9999 -9999 -9999 -9999 -9999 -9999 -9999 -9999 -9999 -9999 -9999 -9999 -9999 -9999 -9999 -9999 -9999 -9999 -9999 -9999 -9999 -9999 -9999 -9999 -9999 -9999 -9999 -9999 -9999 -9999 -9999 -9999 -9999 -9999 -9999 -9999 -9999 -9999 -9999 -9999 -9999 -9999 -9999 -9999 -9999 -9999 579.8 581.5 567.2 554.2 545 -9999 525.8 516.7 508.3 501.5 497.6 494.2 493.5 493.7 -9999 -9999 505.4 513.2
-9999 -9999 -9999 -9999 -9999 -9999 -9999 660.7 662.6 665.2 668.4 669.8 671.6 673.4 674.3 -9999 -9999 -9999 -9999 -9999 -9999 -9999 -9999 -9999 -9999 -9999 -9999 -9999 -9999 -9999 -9999 -9999 -9999 -9999 -9999 -9999 -9999 -9999 -9999 -9999 -9999 -9999 -9999 -9999 -9999 -9999 -9999 -9999 -9999 -9999 -9999 -9999 -9999 -9999 -9999 -9999 -9999 -9999 -9999 -9999 -9999 -9999 -9999 -9999 -9999 502.6 -9999 498.4 497.8 495.3 -9999 -9999 -9999 -9999 517.5 523.4
-9999 649.6 -9999 -9999 -9999 -9999 -9999 -9999 656.3 659 -9999 -9999 -9999 -9999 -9999 -9999 -9999 -9999 -9999 -9999 -9999 -9999 -9999 -9999 -9999 607.1 -9999 -9999 -9999 -9999 581.4 564.3 -9999 -9999 -9999 -9999 -9999 -9999 -9999 -9999 -9999 -9999 -9999 -9999 -9999 -9999 -9999 -9999 -9999 -9999 -9999 512.5 509.7 -9999 -9999 -9999 -9999 -9999 -9999 -9999 -9999 -9999 -9999 -9999 -9999 -9999 -9999 -9999 -9999 -9999 -9999 -9999 -9999 506.3 517 522.8
-9999 658.1 658.1 657.5 657.6 656.9 656.1 650.6 648 650.1 646.6 642.4 637.2 632.4 -9999 -9999 613.4 606.1 599.2 592.1 585.6 576.1 567.5 559 548.5 -9999 -9999 524.2 516.6 510.8 503.2 495.4 487.3 482.4 -9999 477.6 474.4 -9999 -9999 -9999 -9999 -9999 -9999 -9999 -9999 -9999 -9999 -9999 455.8 449.9 -9999 447.2 446.6 -9999 -9999 -9999 446.4 449.9 450.9 -9999 447.2 -9999 -9999 -9999 -9999 -9999 461 -9999 465.2 473.5 479.4 487 494.4 506.7 511.6 519.2
-9999 -9999 664.5 662.4 659.8 -9999 -9999 648.7 643.6 636.1 630.2 622.7 614.2 604.9 595.3 585.1 574.6 564 558.4 543.6 532.9 522 510.9 500.4 491.3 482.7 472.9 465.5 457.2 448.2 439.8 431.7 424.3 419.1 415.7 413 410.2 406.7 402.1 396.5 393.7 391.2 392.9 -9999 -9999 -9999 394.6 396.9 397.1 401.6 400.6 399.5 400.4 400.4 -9999 -9999 401.4 404.2 406.3 407 409 421.4 426.3 431.1 435.1 440.8 438.8 446 453.1 460.1 467.9 479.2 486.4 497.7 503.6 512.1
-9999 -9999 -9999 -9999 -9999 650 642.3 633.6 624.4 614.8 604.7 594.3 583.2 571.3 559 546.2 533.7 520.7 508.6 495.8 482.9 470.2 462.7 451.4 443.8 425.3 416.1 406.3 398.4 391.5 385.1 376.2 372.3 364.8 357 349.1 351.8 346.1 340.7 336 336.1 341.6 342.2 344.7 347.7 351 353.9 356.2 359.4 362.9 365.8 368.3 370.7 372.6 374.6 378.6 379.7 380.9 383.2 386 390.4 394.9 399.9 404.9 412.1 419.1 426.1 432.9 439.9 446.8 459.7 467.7 475.4 487.4 491.4 501
-9999 -9999 -9999 -9999 -9999 -9999 -9999 -9999 601.9 589 575.7 562.2 548.5 534.6 522.2 509.4 496.2 484.2 471.7 459 445.8 433.2 418.6 405.1 392 378.9 366.5 357.7 346.5 335.7 325.5 317.8 307.8 300.9 296.2 292.4 289.5 288.3 287.8 286.9 289 291.5 296.5 300.5 305.8 312.7 320.1 327.4 333.7 339.1 344.6 351.4 357.5 362.4 366.4 369.1 370.8 372.2 373.6 376.2 371.5 383.9 388.1 393.5 399.4 405.6 411.6 418.3 424.9 433.6 439.6 447.6 455.9 463.8 472.2 480.4
623 618.8 612.9 608.5 -9999 -9999 -9999 -9999 -9999 556.6 542.5 528 513.9 500.4 486.9 474 461.8 449.6 437.1 424.5 411.9 398.3 385.2 371.5 358.3 344.8 331.9 319.1 305.4 294.6 285.2 275.3 266.7 258.6 251.5 245.6 240.5 237.8 237.8 239 240.5 245.3 251.2 261.5 268.4 278.5 288.6 298.5 307.5 315.6 322.7 327.7 335.4 342.8 352.9 355.9 357.5 359.1 359.6 361.6 364.9 369.7 375.3 381.4 387.2 393.5 399.9 403.5 414.7 421.4 429 436.8 444.5 452 460.6 468.5
581.7 576.2 569.4 561.6 557.9 553.7 548.3 541.2 530.8 517.4 503.9 490.4 477.5 464.5 451.9 439.5 427.6 415.6 403.6 391.5 379.5 366.6 354.1 341.7 329.4 315.2 300.6 286.6 275.4 265.6 256.2 247.3 238.6 229.1 224.3 217.2 211.9 208.4 207.4 209.7 215.1 221.5 229.6 238.1 247.8 257.5 267.8 278.4 287.8 291.2 297.1 304.5 310.9 317.3 322.6 327.5 332 336.6 340.9 345.7 350.7 356.1 361.9 367.3 373.5 377.7 384.2 390.9 398 405.2 412.5 419.4 426.6 437.1 443.8 453.7
514.8 521.3 515.1 508.3 503.2 497.7 492.9 487.9 480.6 469.5 458.4 448 437.2 426.6 416.4 404.5 394.3 383.1 371.4 360.4 346.7 334.9 322.9 311.3 304.9 289.5 279.8 270.1 257.1 249.8 240.8 232.4 224.8 217.9 211.8 206.3 202.5 199.6 199.2 201.4 205.5 211.6 218.3 225.4 234 241.9 249.4 258.2 265.7 273.8 281.5 -9999 -9999 -9999 306.6 312.4 317.5 324.8 327.7 333.6 339.3 344.7 349.4 355.9 353.5 363.6 370.4 377.3 384.2 391.2 398.2 -9999 -9999 -9999 -9999 -9999
455.1 451.6 451.7 450.9 445.9 440.5 433.1 427.7 422.4 418.4 413.3 406.7 398.1 387.5 377.7 366.5 358.3 349 339.9 331 320.3 311.1 302.1 294 285.8 276.9 267.4 257.6 248.3 249.7 233.5 228.2 223.6 219.8 216.6 213.5 210.8 209.2 211.3 211.2 213.9 217.7 222.1 227 231.8 237 242.1 247.4 253.1 259.4 264.8 270.5 276.6 -9999 -9999 -9999 -9999 -9999 -9999 -9999 -9999 -9999 -9999 -9999 -9999 -9999 -9999 -9999 -9999 -9999 -9999 -9999 -9999 -9999 -9999 -9999
364.1 365.1 365.1 364 364.7 362.1 357.8 355.9 353.2 351.8 349.4 346.1 342.3 336.7 330.5 324.1 317.4 311.7 305.7 299.6 293.2 287.4 281.7 276.1 269.8 262.8 256.3 249.3 243.3 239.5 235.6 232.5 229.6 227.4 224.9 222.1 220.1 219.2 219.4 220.5 221.6 223.2 225.3 232.2 235 238.3 240 244.7 248.7 253.1 256.9 260.8 265.3 269.7 275.1 -9999 -9999 -9999 -9999 -9999 -9999 -9999 -9999 -9999 -9999 -9999 -9999 -9999 -9999 -9999 -9999 -9999 -9999 -9999 -9999 -9999
273.4 276.1 278.4 280.7 283 281.3 285 284.7 284.1 283.3 283.3 282.3 280.8 278.8 276.6 274.3 272 269.4 266.6 264 261.7 259.1 256.5 252.4 249.4 245.7 247.6 239.5 237.7 235.9 234 232.7 230.5 228.5 226.9 225.2 225.1 225.7 226.5 228.1 229.9 227.1 229.8 232.1 235.1 238.1 241.1 243.7 246.4 248.9 253.2 255.8 259.2 262.3 267.6 271.2 275.8 279.3 283.9 288.6 293.6 298.1 -9999 -9999 -9999 -9999 -9999 -9999 -9999 -9999 -9999 -9999 -9999 -9999 -9999 -9999
196.9 200.7 204.2 207 209.4 211.5 212.5 218.4 217.4 219.3 221.4 222.9 223.5 223.9 224.9 224.8 224.4 223.8 224.3 224.8 225.2 225.7 225.7 225.2 226.2 224.1 224 224.2 223.8 223.3 222.5 222.1 223 221.6 222.3 222.3 222.7 223.4 227.1 225.5 227.5 229 231.7 234 235.9 237.7 239.8 241.7 244.4 247.2 250.5 -9999 -9999 -9999 -9999 -9999 -9999 -9999 -9999 -9999 -9999 -9999 -9999 -9999 -9999 -9999 -9999 -9999 -9999 -9999 -9999 -9999 -9999 -9999 -9999 -9999
135 139.9 144.4 149.1 151 152.9 155.3 157.3 160 163.5 166.7 170.1 173.3 175.6 177.2 178.3 179.8 181.6 183.1 185.3 187.6 189.7 191.9 193.6 195.5 197.2 198.5 199.1 200.7 202.1 203.7 205.5 207.2 207.8 209.8 211.5 214.3 214.9 217 218.8 221.4 -9999 -9999 -9999 -9999 -9999 234.9 237.5 239.2 243.1 244.7 247.7 -9999 -9999 -9999 -9999 -9999 -9999 -9999 -9999 -9999 -9999 -9999 -9999 -9999 -9999 -9999 -9999 -9999 302.4 305.5 308 311.6 -9999 -9999 -9999
87.3 90.1 101.4 99.1 104.3 109.3 111.7 118.5 121.6 120.8 124.4 125.7 127.3 130.5 134.3 139.6 142.1 147 149.7 149.7 152.8 154.7 156.4 159.3 161.6 164.4 167.6 170.7 173.6 176.6 179.5 181.4 184.1 187 189.4 191.6 194.9 197.3 200.4 202 205.8 208.4 211.1 213.8 216.9 -9999 -9999 226.1 228.7 231.7 -9999 -9999 -9999 -9999 -9999 -9999 -9999 -9999 -9999 -9999 -9999 -9999 -9999 -9999 -9999 278.2 280.2 283.4 285.7 -9999 -9999 -9999 -9999 -9999 -9999 -9999
53.5 57 68.6 72.3 67.6 72.9 76.8 80.5 83.3 85.8 88.2 89.8 100 103 99 103.7 107.6 110.5 114.1 114.6 118 121 124.5 127.8 130.2 133.4 137 140.1 143.5 146.4 149.7 152.5 155.5 159.1 162.4 165.2 169 171.9 175.2 178.4 181.8 185.1 188.4 191.4 195.3 198.6 201.6 205.1 208.3 211.7 214.9 217.9 221.6 224.3 228.9 231.6 -9999 -9999 -9999 -9999 -9999 -9999 -9999 -9999 -9999 -9999 -9999 -9999 -9999 -9999 -9999 -9999 -9999 -9999 -9999 -9999
30.3 34.8 38.6 41.7 44.5 46.8 49.1 52.4 55 58 61.1 64.6 67.6 68.6 73.4 72.9 76.5 80.9 84.1 85.5 88 91 97.6 100.5 100.8 104.3 107 110.1 113 115.6 119.2 121.6 125 127.9 131.4 134.9 139 142.2 145.9 148.8 152 155.5 158.9 162.2 166 169.5 172.8 176.3 179.9 183.5 187.2 190.4 194.1 197.5 200.8 204.6 -9999 -9999 -9999 -9999 -9999 -9999 -9999 -9999 -9999 -9999 -9999 -9999 -9999 -9999 -9999 -9999 -9999 -9999 -9999 -9999
16.9 19.4 22.2 24.5 26.6 28.6 31.9 34.9 38.8 40.9 41.1 43.6 46.3 48.6 50.6 52.9 57.5 57 59.5 63.8 65.2 68.3 71.1 73.8 76.1 78.6 81.2 83.4 86.4 89.8 92.5 94.6 98.6 101.4 104 106.3 109.6 112.4 114.7 117.9 121.1 124.5 127.4 130.5 133.8 137.1 140.4 143.3 146.4 150.3 153.5 157 160.5 164.3 168.1 170.9 174.5 -9999 -9999 -9999 -9999 -9999 -9999 -9999 -9999 -9999 -9999 -9999 -9999 -9999 -9999 -9999 -9999 -9999 -9999 -9999
14.9 16.5 18.1 19.7 20.8 23.7 25.8 27.4 29.1 31 32.9 34.5 35.9 37.5 39.2 41 42.9 44.7 46.8 48.4 50.7 52.5 54.2 56.2 58.9 60.8 62.8 64.6 66.9 69 71.2 73.5 75.4 77.9 80.7 82.8 85.3 87.7 90 91.8 95.4 97.8 100.1 102 104.1 106.5 108.7 110.8 113.7 116 118.7 121.3 124.1 127.1 130.1 133 135.8 138.6 141.7 145.3 148.8 152.2 155.7 158.6 161.1 163.1 165.4 167.3 169.7 172.7 175.4 177.9 180.7 -9999 -9999 -9999
10.1 8.6 10.3 11.2 11.2 11.6 12.8 15 17.4 18.6 18.8 22.4 21.4 23 23.3 28.7 26.8 29.3 31.6 34 35.8 36.5 36.9 38.3 41 43.3 46.3 48.4 50.1 50.5 51.6 52.1 53.2 55.5 58.1 60.7 63.8 66.6 68.7 69.6 70.6 72.2 73.7 75.1 76.3 78.2 79.7 81.3 82.7 84.7 87 88.9 90.9 92.9 94.8 96.8 99.1 101.5 104 107.1 110.6 114.2 117.8 120.2 122.3 124.4 126.1 127.9 130.4 133.6 136.8 140.1 143.1 145 146.2 147.2
4.5 5.4 6.4 7.2 7 7.5 7.6 7.7 8.9 9.2 10.1 11.7 13.1 14.5 14.6 14.8 14.9 21.6 22.6 18.5 20.3 22.1 24.1 25.5 27 29.2 31.5 33.2 34.2 34.7 35.2 35.6 36.4 37.3 39.8 42.1 44.4 46.6 48 48.9 49.3 50.3 51.4 52.3 53.1 54.3 55.5 56.5 57.8 58.6 60.2 61.5 62.6 64.3 65.6 67.1 68.4 69.8 72 75.2 78.1 81.3 84.4 86.8 88.2 89.5 91.1 92.5 95.1 98.5 101.6 104.9 107.7 109.9 111.3 112.1
2.2 2.5 2.7 3.5 3.6 3.6 4.3 4.2 4.5 4.3 4.4 5.4 6.1 6.9 7.6 8.7 9 9.1 9.5 10.6 11.7 13 14.3 14.9 15.5 18.4 17.3 18.5 20.3 21.3 22.7 23.1 23.4 24.4 26.2 27.7 29.5 31.5 32.8 33.2 33.5 34.2 34.6 35.1 35.6 36.3 36.9 37.7 38 38.8 39.8 40.6 41.2 42 43.1 44 44.8 45.7 47.4 49.9 52.3 55.1 57.8 59.4 60.6 61.9 63 64.2 65.9 69.1 71.6 74.1 77 79 80.3 81.3
1.1 1.3 1.4 1.7 1.8 1.7 2 2.2 2.7 2.6 2.7 2.7 4.3 4.9 3.6 4 4.5 4.8 5.6 5.6 6.4 7.2 8 8.5 8.7 9 8.9 8.9 9.5 13.8 13.8 14.1 14 14.5 16.1 17.1 18.5 19.8 21 21.2 21.3 21.5 22 22.2 22.5 23.2 23.2 23.8 24.1 24.5 25.2 25.6 26.2 26.3 27.1 27.5 28.1 35.2 35.9 31.8 33.7 35.9 37.8 39.3 40 40.5 41.6 48.9 50.4 45.9 48.2 50.5 52.6 54.2 55.3 56.2
0.7 0.8 0.9 0.8 1.5 1.4 1.4 1.6 1.7 1.7 1.7 1.7 1.8 2 2 2.1 2.4 2.6 2.8 2.9 2.9 3 4.7 3.3 4 4.3 4.7 5.1 5.6 5.9 6.6 7.1 7.9 8.4 8.3 8.5 11.2 9.4 10.3 11.1 12 13 13.3 13.5 13.9 13.8 14.2 14.6 14.8 15.1 15.3 15.8 16 16.3 16.7 16.9 17.3 22.1 22.7 19.8 21.3 22.3 24 24.8 25.7 25.8 26.3 31.6 32.7 29.2 31 32.6 34.4 35.5 36.3 37.2
0.4 0.4 0.5 0.4 0.5 0.7 0.8 0.8 0.9 0.9 0.9 0.9 1 1.1 1.1 1 1.4 1.3 1.4 1.4 1.6 1.7 2.3 2.4 2.4 2.6 2.8 3.1 3.4 3.4 3.4 4.5 3.8 3.9 4.3 4.7 5.1 5.3 5.4 5.4 5.4 8 6.5 7 7.4 7.9 8.5 8.9 9.1 9 9.6 9.7 9.9 10 10.5 10.8 11.1 14 14 12.5 13.4 14.3 15.1 15.8 16 16.4 16.9 20.4 21 18.8 20.1 21 21.9 23 23.3 23.7
0.4 0.4 0.4 0.4 0.4 0.4 0.4 0.4 0.5 0.6 0.6 0.6 0.6 0.7 0.7 0.8 1 1.1 1.2 1.1 1.2 1.3 1.3 1.3 1.3 1.4 1.8 1.8 1.9 1.9 2.2 2.4 2.5 2.5 2.8 2.9 3.6 2.9 3.2 3.5 3.7 3.8 4 4.4 4.4 4.7 5.8 5 5.4 5.8 6.4 6.6 6.8 7.1 7.4 7.5 7.6 9.4 9.6 8.6 9.3 9.8 10.4 10.6 10.9 11.3 11.5 13.3 13.7 12.5 13.2 13.6 14.2 15 15.5 15.7
0.3 0.3 0.3 0.3 0.3 0.5 0.5 0.5 0.5 0.5 0.5 0.5 0.5 0.5 0.5 0.7 0.7 0.7 0.7 0.7 0.7 0.7 1 1 1 1.1 1.2 1.1 1.2 1.2 1.2 1.2 1.5 1.3 1.5 1.6 1.9 2 2 2.1 2.1 2.4 3 2.4 2.7 2.9 3.2 3.2 3.5 3.7 4 4 4.7 5 5.1 5.2 5.3 6.5 5.9 6.1 6.7 6.8 7.3 7.5 7.6 7.9 8.1 9.2 9.4 8.9 9.1 9.6 10.1 10.4 10.5 10.9
0.3 0.3 0.4 0.5 0.3 0.3 0.3 0.4 0.5 0.5 0.5 0.5 0.5 0.5 0.5 0.5 0.5 0.5 0.6 0.6 0.6 0.7 0.7 0.7 0.8 0.8 0.8 0.8 0.9 1 1 0.9 0.9 1 1 1.1 1.1 1.2 1.2 1.6 1.7 1.6 1.6 2 2 2 2.1 2.7 2.8 2.5 2.6 3 3 3.1 3.5 3.4 3.7 3.8 4.1 4.3 4.4 4.5 5.1 5.3 5 5.2 5.5 5.6 5.9 6.4 6.4 6.6 6.7 6.9 7 7.2
0.4 0.4 0.4 0.4 0.4 0.4 0.4 0.4 0.4 0.4 0.4 0.4 0.4 0.4 0.5 0.5 0.5 0.5 0.5 0.5 0.5 0.5 0.5 0.5 0.7 0.8 0.8 0.8 0.9 0.9 0.8 0.9 0.9 0.9 0.9 1 1 1.3 1.4 1.3 1.3 1.4 1.4 1.5 1.6 1.7 1.8 1.8 2 2 2.1 2.3 2.3 2.3 2.2 2.5 2.5 2.9 3 3 3 3.2 3.3 3.5 3.6 3.3 3.4 3.6 3.6 3.7 3.7 3.8 4.1 4.2 4.2 4.5
