datasets/global_precipitation_1950_2017/rasters/precip_1956-total.asc
NCOLS 720 
NROWS 347 
XLLCORNER -180 
YLLCORNER -90 
CELLSIZE 0.5 
NODATA_value -9999 
[rows 68 to 101 of 347, columns 456 to 531 of 720]
319 296.5 274.9 259.9 260.6 258.1 250.7 247.6 248 246.4 250.6 261.3 287.5 306.9 297.7 291.3 289.3 294.7 292.9 277.5 274.7 282.6 281.3 277.5 260.6 228.4 194.2 159.1 140.2 140.9 143.3 146.2 155.9 176 194.5 206.9 218.8 241 237.6 204.6 177.9 175.1 186.6 224.7 319 487.1 592.7 537.9 368.8 250.7 230.1 236.2 244.9 389.6 794.7 1043.1 675.6 459.4 299.5 225.6 179.1 163.6 173.9 197.6 231.3 251.5 250.5 301 364.1 397.1 405.4 423 448.8 452.2 462.2 474
292.3 272 246.5 235 237 227.3 214.5 208.9 214.8 203.7 207.7 224.3 255 274.8 269.7 255.5 240.1 270 277.4 269.8 301.9 284.7 277.1 260.2 229.9 206.5 196.1 148.8 119.7 130.2 139.6 147.3 154.4 171.3 189.3 205.6 242.4 303.6 297.4 216.3 185 192 201.8 222.7 332 605.3 1007.1 1146.4 553.3 205.7 177.6 141.5 237.7 369.7 527.6 629.7 557.9 395.6 252.7 174.3 144.2 142.3 145.1 192.4 246.5 296.9 300.5 330.2 411.2 362.4 325.5 309.6 354.2 389.7 414 421.4
259.8 236.7 226.8 220.7 211.1 200.3 195.8 192 192.2 187.9 192.7 208.3 218.5 216.8 230.1 238.2 245.5 251.8 252.7 265.7 276.9 280.5 246.4 218.2 199.5 186.2 177.5 153 137.9 134.5 134.5 137.7 145.1 161.3 184.8 208.8 222.7 242.6 250.9 233.6 220.4 211.4 212.8 166 231.8 360.5 462 487.9 356.5 176.3 164.2 171.8 193.8 212.1 187 263.4 268.2 196.1 135 116.2 122.8 136.9 168.5 213.1 252.8 270.1 281.6 284.5 273.6 240.9 241.9 246.7 248.5 258 265.6 315
224.1 208.4 202.3 198.9 196 192.4 195.2 198.9 193.1 192.1 190.4 190.1 193 200.9 206.3 216.7 232.6 243.3 244.4 241.9 231.7 224.8 198.3 176.8 173.6 159.9 149.7 141.9 136.5 131.5 129.2 127 128.1 146.1 171.4 189.6 193.9 188.6 209.5 218.5 210 198.9 195 194.2 208.5 214.2 194.8 213.8 252.7 209.2 161.8 147.2 147.2 152.7 155.6 160.2 158.2 140.7 119.5 113.2 121.7 140.8 173.1 211.3 237 251.1 277.7 273.8 221.2 173.3 213.3 222 182.5 223.4 219.6 231.8
188.1 187.7 188.1 193.6 195.2 190.5 188.7 197.1 196.2 189.3 180.3 176.6 179.1 185.5 193.1 198.1 208.3 219.2 220.2 213.7 202.8 188.5 174.3 166.3 152.7 141.7 136.8 126.3 121.2 121.6 125.1 131.2 139.9 151.4 166.7 177.6 186.2 188.2 188.2 181 169.1 160.3 160 165.6 170.8 163.8 185.2 205.7 198.7 159.5 126.3 120.5 118 119.8 113.6 113.7 116.6 122.4 124.1 119.3 126.2 141.7 159 181.1 217.8 249.7 310.3 349.2 279.3 248 237.6 230.6 222.5 229.7 204.2 183.6
171.6 181.9 182.9 182.9 182.7 186.2 187 185.2 195.5 189.1 179.8 171.7 178.5 185.5 194.3 197.5 203.1 210.1 214.5 198.5 172 145.9 139.1 138.5 131.5 127.1 120.8 110.3 112.7 112.1 120.8 133 150.7 163.7 166.6 169.7 172.4 171 162.6 147.8 133.7 127.7 127.5 132 137.8 140.9 153.6 163.9 150.1 123.9 110.2 104 96.9 87 79.2 92.6 101.5 106 120.1 131.6 144.5 158.2 157.8 168.7 209.4 228.5 260.4 279.9 260.5 260.7 248.5 243.2 219.3 168.4 135.3 117
171.3 178.6 181.9 178.1 177.3 179.4 183.5 188.2 190.1 187.2 180 176.5 173.9 175.7 183 187.9 190.3 196.5 200.3 188.3 166.1 141.5 129.7 123.5 119.4 116.8 113.9 117.1 118.5 115.2 114.3 119.1 127.5 135.2 142.5 146.7 154.2 162.7 161.7 144.5 127.7 120.3 116.3 114.5 120.7 127.3 128.2 125.8 113.3 103.8 96.7 92 96 93.7 93.1 98.2 106.4 109.5 123.9 151 179.4 198.6 218.3 254 282.5 267.3 229.3 192.2 191.3 200 219.1 223.6 200.1 153 130.8 127.5
173.7 176.6 174.6 167.7 169.1 173 177.7 186.2 193.8 192.9 186.3 179.5 176 176.8 177.4 175.7 176.9 179.6 178.8 171 153 128.5 117.8 110.6 112.6 117.3 120.4 129.4 134.3 119.5 108.6 100.6 98.5 108.5 116 123.4 132.6 140.2 140.4 130.4 122.1 118.4 116.4 113.5 117.7 124.2 124.6 123.7 123 118.4 110 107.8 108.9 108.6 106.7 109.3 126.2 148.5 160.6 187.5 224.5 228.9 290.9 360.7 424.3 421.3 250.6 163.4 133.9 149.4 195.1 215.2 179.6 140.4 139.4 148.2
164.1 165.7 157.3 159.5 163.8 164.7 170.2 180.3 193 197 194.5 186 180.1 180 179.8 174.4 174.5 173.3 168.2 155.9 133 112.9 107.1 108.5 110.9 115.1 117.4 119.8 118.1 111.2 104.2 97.5 97.3 104.8 109.8 116.2 122.6 120 113.6 115.1 123.5 130.7 129.6 130.4 131.5 131.8 130.2 127 126.2 128.6 130.5 130.2 120.9 113.5 106.2 116.9 138.3 171.3 201.4 208.9 256.9 320.1 301.7 360.1 437 483.3 306.8 182.2 143 131.2 140.7 163.9 170.5 162.3 172 184.5
171.5 159.9 153.5 157.4 157 158.6 162.8 170.3 183.9 193.4 191.6 184.5 179.3 178 180.6 187.8 208.2 174.4 158.9 141.2 117.7 100.9 98.5 102.1 107.2 111.8 111.1 108.6 102.5 97.9 96.2 99 104.1 110.7 118.5 130.5 128.8 124 121.9 128.3 142.2 136.6 129 143.1 143.4 141.2 134.9 129 115.6 138.8 161.3 161.4 147 133 141.6 144.6 131.1 169.3 213.2 262.4 332.3 473 536.5 324 282.3 286.8 257 199.8 163 116.6 111.2 146.3 182.1 207.2 218.7 224.4
209.5 170.5 152.9 155.4 158.9 157.9 157.6 163.3 169.5 176.4 181.2 178.7 176.5 176.5 178.1 182.1 181.3 169.2 148.3 124.4 108.6 98.2 93.3 94.5 98.5 103.7 102.3 96.4 88.9 81.7 84.1 95.2 105.9 115.2 124.1 125.7 125.2 127.3 139 159.5 161.9 177.1 208.8 212.7 201 188 177.9 166 157.3 172.5 190.9 226.9 203.3 179.1 195.2 186.8 190.6 165.6 230.6 257.8 299.7 360 290.7 158.4 159.3 240.9 288.1 262.3 205.6 160.3 135.4 165.3 199.7 223.1 239.9 241.9
344.4 301.1 173.8 157.5 154.5 153 151.5 156.6 162.6 169.9 171.6 167.4 164.8 164.7 167.2 171.7 169.2 154.5 129.1 110.9 110 123.9 98.6 86.5 86 87.9 87.8 86.3 84.7 81.8 86.7 99.3 111.3 117.7 116.2 107.1 113.5 133.4 144.3 168.1 216.6 291.4 215.2 303.2 251.1 222.8 229.7 245.7 238.7 227.7 223 225.7 283.7 286 254.4 255.7 312.3 391.4 345.5 282.7 221.6 271.9 259.9 220.4 235.7 276.7 295.9 300.1 264 213 199.1 226 251.7 260.3 253.1 245.4
368 353 289.8 159.8 148.8 150.5 152 154.9 160.5 166.6 162.4 151.6 144.5 145.3 148.3 151.1 148.9 128.7 106.2 95.7 92 84.5 77.3 73.2 72.8 77.2 80.3 83 87.5 92.4 99.4 109.7 122.3 125 122.5 115.6 124.7 149.6 170.6 188.4 175.4 284.6 326.7 315.9 288.9 313 313.9 290.2 280.3 300.1 335.3 337.9 340.4 334 340 364.9 440 595.4 768.3 575.9 365.8 406.6 364.9 359.6 361 416.2 470 397.4 361.5 276.9 252.5 292 308.8 299.5 270.6 242.2
314.2 317.4 307.7 245.5 157.7 139.7 140.5 141.2 143.8 145 142.9 136.5 130.5 130.1 130.2 129.2 121 101.2 87.3 80.1 76.4 72.3 71.1 70.4 68.4 71.1 73.3 77.6 87.9 99.6 111.2 117.3 127.2 132.9 137.7 148 165.7 181 183.6 206.1 217.6 279.2 349.4 503.1 592.3 419 370.3 309.4 339.5 344.4 384.9 432.3 418.5 398.1 428.3 455.6 406.8 540.4 614.9 567.7 634.1 739.2 529.3 444.3 370.3 423 464.4 407.4 264.1 184.9 190.1 242.5 277.9 251.5 219 218.8
296.8 318.2 323.2 312.7 286.7 178.3 129.9 123.6 121.1 120.7 120.9 120.2 120.1 119.3 118.5 118.1 112.5 98.3 83.1 75 71.5 70.1 68.7 60.6 65.8 69.9 70.9 70.9 80.2 98.3 117.4 126.8 128.5 133.4 148.5 181.5 214.6 221.8 223.6 234.9 247.7 301.7 448.2 551.4 710.5 682.7 527 408 413 546.9 539.8 556.5 481.7 473.2 396.9 287.2 282.9 286.2 283.1 346.3 452.1 494.2 495.3 456.8 393.6 372.3 364.1 207.4 130.3 103.1 107 130.6 149.8 153.5 145.9 140.2
373.5 343.7 337.3 335.1 318.8 259.3 149.1 120 113.5 109 106.1 107.4 109 110 111.5 112.8 110.3 102 90.2 80.6 72.3 67.2 64.6 59.2 64.9 75.3 79.6 77.4 78 92.8 117.3 137.4 143.7 128.7 160.3 200.2 234.9 244.1 247.1 256.6 252.3 306 402.8 666.9 656.8 613 475.3 586.4 484.8 432.3 472.5 444.5 378.7 356 321.7 341.1 333.5 297 286.7 335.7 339.3 283.1 355.4 284.7 186.4 160.3 121.6 86.9 74.5 60.8 58.3 70.9 86.3 97.3 96 84.9
548.1 442.7 320.3 341 297.2 244.4 170.7 127.9 107.8 95.8 94.6 103.2 107 105.8 104.9 108.2 109.6 108.7 105.7 96.7 86.5 77.6 71.5 67.5 66.3 78.7 88.3 79.8 86.5 102.5 119.6 146.1 167.7 178.1 188 230.6 267 278.7 277.3 278 280.2 299.9 361.4 529.6 793.5 418.5 332.5 332.6 357.7 771.9 571.7 746.8 484.1 259.8 252.4 274 265.8 264.4 280.9 301.1 303.6 291.4 228.3 106.7 38.9 36.9 51.2 57.6 60.8 59.2 55.1 58.5 65.6 73.5 77.8 74.9
624.6 530.7 436.8 316.5 255.7 218.1 178.6 139.4 116.2 104.7 105.3 113.3 116.2 107.5 97.5 110 114.5 118.1 111.9 106.8 100 94.4 87.3 79.4 77.3 80.7 88.7 93.1 105.8 113.6 123.3 151.3 184.9 198.6 228.2 286 310.7 338.7 338.4 303.7 269.7 281.6 344.3 351.5 395.4 136.5 174.3 183.3 253 293.6 362.6 579.7 399.7 174.6 166.8 197.3 188.1 206.9 224.2 214.5 224.4 216.2 157.3 80 33.6 26.2 37.9 49.1 53.3 53.8 53.2 51.7 54.4 58.5 63.4 60.5
419.2 390.9 306.6 232.3 224.4 168.4 145.3 140.9 128 132.8 122.8 121.7 129.1 117.6 118.7 127 136 135.6 126.5 112.4 98.7 98.7 98.9 93.6 89.9 90.5 97.6 109.9 121.2 123.7 140.3 166 187.3 193.5 206.5 274.6 344.7 348.8 337.5 369.9 313.4 275.5 216.1 157 130.7 114.2 193.7 181.2 215.7 262 304.6 310.5 234.6 171.4 111.9 109.2 120.5 128.8 105.8 81.7 83.7 84.4 76.1 59.9 37.6 28.3 34.7 42.2 46.6 47.7 46.2 44.4 41.3 40.7 44.3 42.5
414.3 517.2 308.4 225.6 230.5 184.8 153.9 134.2 120.3 115 113.5 113.2 117.1 118.9 135.5 150 181.1 176.2 143.4 117.3 102.3 99.4 97.9 94.2 91.6 92.3 97.1 105.1 115.5 128.3 147.4 166.7 198.7 187.1 207.5 285.5 341.5 332 330.9 339.7 327.5 297.9 284.3 254.3 187.1 182.1 321.5 280 206.6 206.2 252.3 174.7 167.6 110.6 67.4 54 127.7 79.6 55.5 31 26.7 31.2 40.1 40.9 31.6 28.7 30.8 34.8 38 38.9 37.1 34.1 30 25.7 21.7 18.4
586.6 611 477.8 426.3 335.1 237.4 157.5 124.5 111.2 105.7 104.2 105.5 108 132.5 152.3 180.4 239.9 237.7 197.7 145.2 110.4 100.5 102.5 95.6 90.1 88.9 91.3 98.4 113.2 119.8 135.6 167.9 170.5 189.4 207.1 284.1 348.8 387.5 433.6 440.3 369.1 398.2 362.9 296.9 436.3 516.6 386.4 306.9 143.2 268.6 154.4 102.3 104.5 76.2 49.3 47.2 50.7 52.7 41.1 29.4 25.7 27.3 30.6 32.3 30.6 28.4 26.5 25.1 26 28 28.2 27.1 23.1 17.7 13.6 9.9
850.5 1291 1064.6 934 795.2 556.2 166.2 115.8 103.8 100.3 99.5 112.1 134.2 162.4 188 224.5 265.4 305.9 209.1 162.4 134.9 128.2 128.1 111.2 98.6 93.5 90.1 99.8 114.3 107.9 126.1 137.3 156.3 187.1 238.9 249.9 332.3 486.5 527.9 510 611.7 713.6 623.6 673 709.9 661.4 519.6 520 867.6 403.3 149.1 72.7 69.6 58.2 54 48.8 42.5 31.2 22.4 18.6 18.3 20.4 22.5 23.9 24.7 23.3 20.2 18.1 17.3 18.7 19.9 19.9 17.2 12.9 9.9 7.8
406.1 1039.5 1115.3 1183.1 1215.2 1241 1175 460.5 162 131.7 143.2 158 179 196.5 215.8 248.8 270.3 299.4 189.4 202.7 165.2 179.5 193.4 180.4 149 133.5 129.2 130.5 124.9 88.6 99.5 121.7 145.1 184.8 232 277.2 326 390.6 442.7 393 407.5 510.2 731.6 673 680.1 527.6 247.5 271.8 233.5 111 109.8 109.2 108.8 90 86.2 68.9 34.8 20.7 13.9 13.4 11.9 15.3 18.8 21 22.6 21.6 18.7 17.9 16.4 14.1 12.2 11.3 10.9 9.1 6.9 7.4
506.3 759.3 1160.7 1187.9 1170.7 1175.4 1170 1065.3 654.5 341.5 217.8 167.2 198.8 204.3 272.1 298.2 278 241.9 213.4 260.8 255.7 254.1 246.9 220.4 187.1 173.8 172.9 175.8 168.1 139.7 127.2 139.6 163.3 197.5 211.9 197.4 216 228.5 232.4 267.1 278.4 278.5 414.2 468.5 425.8 395.2 247.1 193.2 144.1 93.5 89.4 98 114.9 142.4 139.2 115.9 67.2 31.7 16.5 14.7 12.4 23.1 22 22.4 23.6 22.3 20.5 19.6 18.6 16 11.1 8.4 9 8.1 7.4 6.8
455.9 607 987.3 1083.9 1153.1 1100.9 1149.4 1051.8 845.9 606.8 387.8 256.6 281.2 313.2 401.5 364.4 306.6 219.7 213.9 270.2 337 304.6 263.6 234 195.9 190.7 213.8 192.1 181 182.9 180.4 203.8 218.5 212.3 198 173.3 167.5 178.8 150.1 181.3 160.8 221.1 286 371.3 444.9 427 275.9 189.6 128.6 109.1 106.6 110.4 128.7 150.1 150.5 139.8 104.7 51.4 26.9 25.1 35.4 30.7 19.4 16 22.4 21.1 22.8 24 23.1 22.8 18.4 13.8 11.2 9.7 8 6.6
404.2 531.5 466.2 608.2 826.6 1280.7 1122.9 1054.7 862.9 777.3 635 474.2 391.9 311.2 353.5 418.7 396.6 223.9 215.3 255.3 293.6 298.3 296.8 281.2 253.3 247.8 260.8 236.9 218.6 233.7 264.3 297.9 309.4 285.6 235.8 210.1 195.4 189.4 208 201.1 221 302.3 296.5 339.5 422.7 364.5 181.8 108.1 183 156.7 148 156.9 151.7 130.3 151.8 162.7 153.5 103.5 56.8 44.3 35.1 26.5 16.1 12.2 15.6 20.7 25 27.5 24.5 24.4 21.8 18.1 15.1 12.6 10.9 8.3
502.3 446.4 393.4 337.9 320.7 590.1 688.4 737.5 706.8 637.3 669.8 556.6 372.8 275.5 831.1 564.1 432.7 251.9 202.4 240.3 262.6 292.9 309.4 295.9 288.9 283.3 282.8 277.9 280.3 288.1 304.3 319.1 354 368.2 303.7 246.1 214 202.4 206.7 235.2 291.1 265.7 380 470.5 510.3 485.6 445.8 427.6 424.4 322.1 208.8 197.4 192 194.2 209 205.8 188 153.2 99.2 75.8 53.4 34.7 24.2 18.2 18.9 22.2 24.9 25.7 24.8 23.7 22.1 19.8 18.1 15.6 12.8 11.4
434.8 367.4 332.8 310.8 265.5 241.1 206.7 237.9 365.3 529.7 635.7 576.7 431 443.6 542.8 534.7 431.9 274.2 214.6 232 251.9 273.6 295.8 339 319.6 311.8 316.6 315.4 319.1 307.1 311.8 339.3 379.8 409.5 353.8 294.4 252 208.2 190.3 306.3 523.7 667.9 781.8 795.9 764.8 750.8 823.8 739.2 710.8 593.7 321.9 247.8 222.1 200.9 301.4 230 168.4 143.1 152.2 127.4 94.5 62.3 41.9 30.7 26.3 25.9 25.6 26.1 26.3 26.7 26.9 28.2 27.3 28 24.3 19.9
326 283 279.6 258.8 231.5 171.6 133.3 111.9 138.3 245.3 470.4 523.6 463.5 471.4 513.4 499.5 414.2 286.8 221.5 237 232.7 252.7 291.2 303 311.4 316.9 324.7 334.8 348.7 330.8 338.6 348.3 354.6 350.4 325.9 297.7 274.7 246.9 191.7 237.9 505.3 864.4 842.6 719 651.5 746.5 960 1471.8 995.9 1044.9 1058 655.8 392.7 644.8 392.1 151.9 144.4 149.6 150.5 135.7 119.9 98.1 75.1 56.2 43.1 36.4 32.2 32 35.2 40.4 44.7 50.5 54.8 56.9 56.3 53.3
358.4 260.7 276.1 243.2 196.2 98 96.9 103.7 109.1 123.4 212.8 384.6 474.1 493.2 516.5 480.2 388.4 272.7 232.7 241.4 244.6 257.8 277.6 293.9 306.9 326.1 336.2 344.2 345.6 344 364.5 355.4 342.2 325.4 321.6 292.6 273.8 289.5 260.1 156.3 368 584.9 549.1 561 541.5 494.4 759.2 861.6 801.1 1219.6 1660.6 1487 1344.3 1353.7 995.6 286.2 105.4 152.9 154 131.9 111.3 111.4 111.4 97.9 78.6 60 49 48.3 55.2 67.4 78.6 86.4 93.8 100.3 104.8 106.3
331.8 275 311.5 264.5 197.5 117.1 93.7 95.4 98.5 112.8 165.9 315.7 504 465.3 473.7 451.5 360.3 265.6 238.7 239.2 242.9 245.5 250.9 260.1 284.3 327.4 344.8 346.7 347.3 343.5 346.1 345.6 345.6 329.7 308.9 302.4 293.1 359.3 394.1 372.5 454.4 531.6 521.4 604.6 555.4 475 536.5 634 636.6 1050 1200.9 1360.2 1285.5 926.1 1104.3 484.4 270.1 149.7 118.8 141.1 126 133 127.4 124 118.4 111.1 87.7 84.5 96.9 109 120.3 127 130.8 139.9 142.3 146.8
408.6 443.7 372.4 279.5 196.8 151 110.5 106.7 130.8 221 340.4 395 327.9 259.6 240.1 246.3 241.8 233 223.5 225.5 225.8 224.4 224.3 232.6 250 289.2 319.8 326.9 328.5 330.4 337.7 342.2 342 332.4 324.1 321.9 350 411.8 424.1 423.3 471.7 514.5 543 741.1 862.1 668.1 673 896.4 789.9 906.3 1284.3 1227.4 1502.5 866.5 877.1 935.5 653 218.5 160.8 198.7 225.7 181.7 137.3 133.8 123 143.8 159.9 179.1 273.9 293.2 273.8 242.3 184.8 168 163.8 163.7
352 386.3 339.2 293.4 154.9 155.2 131 131.2 197.1 323.6 431.1 354.7 274.4 226.5 193.2 177.4 181.8 198.5 204.6 206.8 208.3 206.8 214 223.4 233.2 249.9 268.1 276.3 278.3 283.1 295.5 301.4 298.3 294.2 291.5 310.2 348.8 376.5 381.4 396.7 445.1 507.4 579.7 718.4 691.4 670.6 758.6 721.6 798.8 828.5 930.6 1316.5 1435.3 1882.7 1244.7 1095.4 1103.5 966.7 845 769.9 658.5 322.2 199.1 237.3 253.7 272.8 453.9 517.3 514 488 462.1 444.2 452.1 245.8 165.8 147.7
278.9 288.9 297.2 284.2 232.2 185.8 142.6 114.2 243 550.3 512.1 328.2 232.7 207.5 194.2 185.2 185.6 195.1 197.4 201.5 200.8 197.4 203.2 214 212.7 212.1 210.7 212.2 212.8 215.4 220.4 234.8 241.6 248.5 262.5 295.5 353.5 377.3 368.4 348 390.9 462.4 528.2 564.8 593 604.1 625.4 580.2 577.6 631.9 717.8 831.6 1122.5 1192.1 2395.1 2100.5 2313 1233.7 1012.2 1290.4 1381.4 766 400 360.7 344.5 376.3 458 495.9 497.6 490.1 482.1 503 536.2 428.1 135.1 143.6
