datasets/global_precipitation_1950_2017/rasters/precip_1984-total.asc
NCOLS 720 
NROWS 347 
XLLCORNER -180 
YLLCORNER -90 
CELLSIZE 0.5 
NODATA_value -9999 
[rows 34 to 67 of 347, columns 532 to 607 of 720]
338.5 336.6 337.2 348.1 353.5 345 328.1 310.4 301.2 302 310.5 316.9 323.2 331.6 337.4 338.3 335.2 324.4 311.7 293.8 274.8 251.9 230.3 211.2 197.3 187 181.6 177.5 174.8 173.2 171.5 170.4 168.7 167.1 164.9 160.7 157.4 151.3 146.9 141.1 135.3 129.2 122.5 118.3 117.6 120 125.4 131.5 137.9 145.4 154.2 162.6 171.7 180.1 187.3 192.2 190.5 196.2 194.8 192.8 190.6 188.5 185.8 184.1 182.4 181.2 180.2 181.4 180.5 180.3 179.7 180.1 181.8 185.2 184.6 188.4
381.7 400 423 456.1 429.4 377.6 309.4 245.6 219.8 244.7 274.9 296.5 306.8 316.1 318.9 317.9 311.6 299.9 284.9 265.7 244 221.5 203 187.9 177.1 170 169.4 170.7 175.2 179.7 183.3 185.8 187 188 187.6 186.7 184 180.5 174.3 166.8 160.4 154.7 146.4 139 135.4 136.6 142.4 148.2 153 158.9 163.3 169.8 175.4 180.2 185.1 186.2 186.7 185.5 183.6 181 177.8 174.8 172.2 170.1 167.4 166 167.2 170.6 173.9 175.7 176.8 178.2 179.7 183.4 186.3 189.3
421.9 441.5 456.6 468.4 457.6 418 361.9 310.2 285 284.7 295.8 304.2 310.4 314.1 315.4 314.1 307.1 290.1 273.1 251.7 229.9 209.4 188 168.2 153.3 145.3 152.1 165.4 177.8 187.3 193.7 199.3 203.1 205.1 207.9 208.2 210 209.7 207.2 202.5 195.9 191 182.4 175.5 169.1 167.3 170.1 172.9 175.3 177.9 179.3 181.6 182.5 182.4 181.5 179.1 176.9 173.5 169.9 165.6 162.1 158.4 155.7 153.6 151.1 150.2 151.5 154.4 157.8 162.2 165 169.1 171.7 175.6 179.8 184.2
443.9 448.5 452.6 453.7 445.6 427.4 403.4 377.4 354.6 339 331.6 325.5 322.8 326.6 330.2 329.6 320 302.5 281.7 256.4 234.9 215.4 198 179.9 163 155.7 166.3 183.9 195.5 202 206.4 208.7 211.8 214.9 218.1 222.1 225.6 225.5 227.5 226.7 224.5 217.7 213.4 208.4 206 204.2 202.1 202.6 202.4 203.3 200.7 198.2 193.5 189 184.4 178.2 171.7 164.2 157.5 150.9 143 137.8 137 138.7 142.5 145.7 148.6 150.6 151.6 152.9 156.4 157.4 160.8 163.4 167.7 172.9
435.5 438.8 448.9 450.6 434.4 414.8 393.5 380.1 363 347.3 335.5 330.9 333 338.1 343.3 343.5 333.5 312.4 284 255.4 232.8 219.9 213.3 209.1 206 207.1 211.6 217.4 214.6 214.3 214.6 216 219.4 223.9 229 233.2 235.7 235.7 234.7 230.4 227.5 224.2 221.9 218.9 218.5 217.1 216.4 215.9 217.6 219.1 215.7 212.4 204.5 197.2 190.7 183.8 173.5 163.1 153.2 142.9 132.2 125.2 128.8 137.6 145.6 152.4 156 157 155.8 154.4 153.2 153.9 155.4 157.5 161.2 165.4
412.3 412.4 412.6 409.1 396.8 382.2 369.4 357 345.4 335.7 329.5 328.6 330.1 331.1 331.1 328.3 318.1 300.6 274.7 247.7 226.3 217.4 220.5 222.3 221.4 220.9 219.8 219.4 217.9 215.9 214.6 216.3 221.9 229.9 238.4 245.3 247.6 243.1 236.5 229.9 224.6 220.4 216.6 214.7 214.7 215.3 216.6 217.9 220.2 222.1 223.5 221.1 215.3 204.1 191.2 178.9 172.3 166.3 158.7 151.1 145.2 144.7 152.1 163.5 174 177.1 174.2 168.9 163 156 150.2 149.8 151.6 156.2 160.3 164.7
379.6 385.1 397.9 404.6 359.1 351.4 340.1 329.9 326.5 323.4 329.8 334.2 336.2 332.6 328.9 321.7 314.1 303.9 292.3 279.5 266.7 257.5 250.2 243.8 233.6 226.5 218.3 210.3 202.9 197.6 196.6 202.1 211.6 222.7 232.1 238.2 240.3 236.7 230.2 224 217.4 212.8 210.5 210.1 210.5 211.4 213.3 216.3 221.2 227 230.7 235.2 235.8 219.5 177.8 146.9 160.4 167 165.5 158.7 153.7 157.3 171.1 189.9 206.9 203.1 193.1 184.3 177 171.2 167 165 165.8 170 172.7 176.3
330.9 339.5 354.6 358.6 335.4 296.2 278.9 295.4 316.2 331.8 340.7 346.5 349 348.3 338.6 338.2 333.2 330.8 327.9 328.7 327.6 321.1 307.2 290.3 266 243.1 223.8 206.3 188.8 175.1 172.7 183.9 199.5 211.5 220.1 224.4 225.5 223.7 219.1 213.3 206.8 201.9 199.8 201.1 204 205.1 206.9 212.1 220 229.9 236.6 238.2 238.8 229.2 211.5 198.3 192.7 187.4 178.2 163.1 144.7 136.4 149.9 173.8 190.2 197.1 200 200.9 197.8 193.6 191.5 191.7 193.1 195.9 199.7 207.5
318.6 321.3 331.6 329.1 306.5 274.6 283 326.9 360.7 367.6 361.5 349.9 339.8 341.3 342.6 343.9 341.8 347.7 365.8 382.7 394 391.4 378.2 347.5 312.9 277.3 248.9 224 208.1 198.2 197.2 203.5 212.7 221.3 225.4 225.2 222.5 218.9 212.8 208.2 198.9 191.6 183.9 173.2 166.6 174.9 188.4 201.7 213.5 223.2 230 230.7 226.3 221.9 214.8 209.1 208.1 206.3 200.5 191.4 184 185.1 194.8 203.5 205.1 207.7 211.6 215.2 214.9 214.4 215.5 217.5 219.5 223.3 230.6 239.7
356 353.7 358.9 366.1 372.6 387.2 422.2 471.4 468 429.4 387.4 364.2 349.4 345.2 349.9 349.4 349.5 359.3 384.1 417.4 445.8 438.9 401.9 362.6 323 293.6 268.1 248.4 234.9 227 225 227.8 233 237.7 237.8 234.3 228.4 222 215.3 209.1 203.6 198.1 195.1 191.6 187.7 187 191.7 197.3 204.9 214.5 222.2 227.5 230.9 228.6 229.1 230.1 233.6 234.7 228.4 219.1 213.6 211.5 214.1 217.6 222.5 227.6 232.3 235.3 237.9 240.3 241.3 240.9 241.2 240.6 242.3 243.7
418.9 407 405.7 411.6 417.1 415.4 402.4 390.9 413.4 393.5 349.6 310 302.3 338.6 383.7 388.7 371.7 367.2 372.3 381.4 380.2 356.6 325.7 300.7 285.8 277.6 267.2 258.6 250.2 244.9 243.3 242.8 243.6 242.6 239.9 236.4 231.2 226.6 221.2 215.8 211.9 206.9 201.2 193.5 186.5 193.7 197.3 200.7 204.4 212.5 226.3 238.6 242.9 244.1 243.4 243.3 244.1 244.2 243.8 243.9 239.8 240.2 241.9 246.8 252.8 258.9 263.2 266.9 269.8 269.7 268.5 264.4 257.1 248.2 242 237.8
478.1 457 443.5 438.6 438.8 441.8 451.8 441.2 409.1 356.3 277.8 214.6 181.3 235.8 325.5 346.2 344.8 341.1 331.3 315.3 289.8 258.9 230 225.6 241.9 257.6 262.6 260.3 257.7 256.8 259.1 262.8 263.1 255.8 245.1 238.3 231.8 229 227.8 227.7 227.9 227.4 226 220.8 219.8 223.4 228.2 232.9 244.2 261.1 285.3 300.3 298.1 287.5 276 264.8 257.1 254.3 254.9 256.7 259.6 263 266.3 270 273.8 276.4 280.1 288.5 299.3 302.9 296.6 282.2 274.1 264.3 261.3 258.8
496.8 472.9 453.3 442.6 440.2 440.9 446.8 453 464.7 407.7 322.8 239.5 179.2 256.9 306.9 292.3 289.6 297.1 291.1 270.4 243.8 232.9 232.9 242.2 254.9 269.3 271.8 265.9 262.4 263.8 266.2 273.4 274.2 251.3 226.3 215.5 217.2 224.1 232.6 242.5 249.6 256 264.5 275.5 286.1 283.6 282.7 292.9 314.1 343.5 364.9 371.4 362.1 344.8 329.8 313.9 293.3 279.7 270.5 271.2 274.7 280 282.7 284.6 287 289.9 295.8 307.3 319 318.4 309 304.9 296.5 295.8 298.3 304.3
501.1 487 474.8 462.2 450.4 445.1 450.7 457.5 452.8 448 437.9 385 329.4 291.1 208.5 197.5 231.9 247.6 250.8 242.1 229.5 232.6 237.6 241.6 245 251.6 256.8 258.6 257.9 259.8 255.2 249 231.1 198.8 169 178.6 202.1 219.2 235 245.7 256.8 265.2 275.2 286.9 298.7 306.1 323.6 347.9 376.6 399.4 409.9 400.9 379 368.9 376.9 372.4 356.7 332.4 309.7 291.2 288.9 289.6 289.5 289.5 292 294.6 297.5 299.5 300.3 299.2 298.1 299.4 307 319 335 349.8
508.5 510.4 518.6 516.4 471.9 419.6 405.7 424.8 445.1 459.7 464.9 433.2 379.1 321 274.2 253.5 248.6 250.2 250.4 251.3 247.5 242.8 233.9 227 224.8 226.6 233.3 244.3 253.7 257.7 257 253.4 245.4 231.7 220.9 218.6 222.6 227.5 236.2 246.5 250.6 245.9 245.6 252.8 268.2 305.9 349.6 386.8 418.7 444.6 449.4 437.3 415 417.8 437.5 430.1 402.6 364.3 328.4 310.8 304.3 309.6 309 304.3 301.9 299.2 296.8 291.6 286.5 280.5 280.5 289.6 305.6 328.7 359.7 389.9
502.1 505 526 550.2 415.4 265.1 364.8 394.4 408.2 420.9 419.5 401.1 378.5 354.3 332.5 317.9 307.1 296.3 289.2 283.5 267.6 248.4 232.5 218.4 207.6 201.1 210.4 225 244.1 257.3 265.4 272.4 280 283.7 277.8 265.4 250.9 233.4 225.8 227.4 222.8 209.2 207.9 248 290.4 329.5 372.1 417.9 438.1 456.2 468.8 466.6 483.7 538.1 507.2 438.5 391.5 355.4 318.1 286.4 283.7 299.8 308.7 309 309.1 309.2 303.9 294.2 280.9 277 277.4 288.7 310.6 341.7 381.4 425.8
488.9 484.2 469.9 440.9 392.2 383.8 441.1 417.9 409.7 405.9 392.9 380.7 368.4 345.9 332.4 342.8 365.8 323.9 316.7 301.6 279 254.4 228 213.4 210 203 198.8 204.9 222.4 245.6 269.9 289.8 306.6 315.6 310.3 295 274.5 251.6 219.9 211.4 219.5 234 253.3 281.1 320 362.4 326.9 359.9 394.8 421.2 437.2 439.1 429.2 412 402.3 375.2 320.4 339.1 317 271.8 263.3 288.9 310.9 322.7 326.7 326.8 327.3 318.1 305.1 295.5 294.5 305.4 330.2 364.2 403.5 439.5
461.5 473 467.7 456.7 458.3 462.8 464.3 460.6 453.3 436.7 415.9 396.5 382.5 358.2 322.6 333.8 342.2 338.9 316.8 290.3 277.5 276.6 244.5 218.4 213.1 195.1 172.7 167.8 191.2 226.9 262.1 285 297.9 300.9 302.4 306 307.3 302 292.1 280.4 276.1 269.5 278.9 298.8 306.8 279.6 295.5 324.7 360.3 398.7 429 439.9 424.5 404.5 384.8 369.3 360 373.5 356.4 339.3 319.1 321.7 337.3 349.6 350 349.8 351.7 346.7 343.5 338 334.6 338.6 351.1 386.9 418.6 438.2
506.5 497.5 486 479.1 482.8 492.5 496.6 491 482.5 472 454.4 432.2 415.2 391.5 365.3 331.8 306.5 286 237.8 259.9 262 257.8 254.5 249.7 238.8 217.7 196.7 188.1 200.5 224.7 246.6 269.7 313.5 310 305.2 314.6 336.1 357.8 361.4 358.3 329.5 286.3 271.8 285.6 288.7 288.4 294.6 313.3 343.2 376 396 413.1 409.1 394.4 378 365.1 361.1 366.1 368.6 364.7 347 338.6 340 347.6 353.1 357.2 364.3 368.6 372.1 374.4 376.9 380.5 386.4 402.7 419.4 429.1
495.8 475.1 467.3 478.9 498.4 510.9 512.2 505.2 492.3 487.9 487.1 477.2 438.4 386.9 352.3 329.9 311.7 302.5 315.3 300.5 278.6 249.1 271.6 294.8 301.5 287.3 260.8 237 227.9 238.3 250.1 253.5 271.4 280.3 289.5 297.3 312.3 337.3 343.4 330.7 303.8 305.7 318.9 324.8 319.9 308.1 289.8 279.5 286.2 308.4 349.6 378.6 397.6 392 379.9 370.2 362.1 360.5 359.4 357.7 359.9 356.9 341.4 337.1 357.2 361.4 374.8 385.5 390.4 391.1 386.7 387.3 396.1 408 419.4 425.5
380.3 426.8 414.2 474.9 523.3 560.9 571.7 588.8 446.4 432.3 516.5 569.9 560 389.6 390.1 363.6 350.5 348.7 379.6 299 342 326.4 334.1 324.8 326.8 298.4 244.3 226.3 228.5 245.1 262 284 261.7 231.9 251.5 280.6 297.2 302 296.3 282.7 268.7 301.9 349.8 370.7 334.2 301.9 271.9 244.4 230 239.9 270.3 321.6 373.5 389.4 385.7 375.2 360.8 351.8 351.9 363.1 381.2 398 404.4 397.2 391.9 393.6 397.9 406.4 418.4 421.4 414.4 408.7 408 415.5 423.5 430.6
517.7 500.1 514.8 524.2 457.7 509.4 500.2 473.7 438.6 439.7 462 492.4 497.4 475.3 440.3 378.5 397.3 295.8 375.8 379.1 360.4 347.2 330.5 320.4 314.7 298.7 264.2 236 240.8 259.3 257.4 255.5 261.5 260 266.9 290.4 307.6 284.7 267.2 291.1 286.1 295.7 305.9 310.7 310 316.1 294.1 176.5 171.9 222.4 270.7 333.6 389.6 414.6 404.2 388.2 384.3 377.1 375.9 384.9 408.7 434.3 452.4 443.9 429.7 423 423.9 445.6 484 498.8 483.9 461.2 441.6 436.3 441.6 444.2
451.4 578.8 753.8 918.4 860.2 824.1 652.2 452.5 420.6 387.9 350.1 414.1 451.8 480.1 521.4 384 391.7 487.9 454.9 413 393.2 378.7 360.7 340.3 326.5 314.8 300.4 280 250.4 178.2 291.2 291.4 290.1 289.5 287.8 288 285.2 280.4 285.6 289.7 284.4 291.4 305.3 302.5 307.5 297 276.6 260.9 251.5 261.5 290.7 349.3 411.7 458.7 464.9 409 403 394.6 391.4 407 443.1 476.7 461.9 450.5 455.1 471.2 491.5 512 535.8 541.8 527.4 501.7 470.8 453.8 455.1 472.1
524.5 579.2 688.6 900.1 1215.3 1545.2 1067.1 585.2 433.8 360 334.2 364.4 416.1 479.6 489.9 423.6 414.7 439.6 441.8 439.9 439 432.4 413.7 384.6 357.5 333.7 336.5 347.3 352.6 375.8 346.7 328.4 321.3 328 324.8 312.7 284.6 271.8 306.1 276 256.9 248.6 265.5 293.9 299.1 305.5 315 301.9 277.4 278.3 288.2 353.2 418.8 461.8 469 425.2 402.6 381.6 382.3 398.2 406.2 417.5 436.5 455.1 487.2 517.2 536 540.8 535.2 524.9 515.4 494 470.2 470.1 495.1 522.7
517.5 557.7 611.9 738.8 921.8 968.9 946.9 750 475.8 376.7 328.5 361.3 401.8 412.7 460.9 478.5 490.4 505.5 493.3 460.8 448.5 453 450.6 430.9 406.6 389.5 390.8 415 447.6 432.5 375.5 318.8 322.6 336.5 335 351.6 348.9 294.3 255 232.1 221 217.3 218.6 227.2 234 277.5 382.3 373.2 193.3 257.4 348.1 430.8 447.8 453 452.4 414.8 367.8 296.3 299.2 385.6 450.3 456.1 449 472.6 502.2 531.5 543.5 544.4 524.6 483.5 484.3 513.5 507.5 483.8 506.8 574.6
639.7 653.7 603.7 678.1 733.6 832.9 807.1 611.4 295.8 323.3 311.7 351.6 361.1 323.7 420 496.4 548.7 547.1 540.3 494.2 455.5 447.4 454.1 449.3 435.5 424.3 419.1 421.6 420.8 410.9 385.7 374.6 380.4 366.2 337 373.4 412.6 345.5 258.2 218.3 205.9 194.1 192.4 210.8 219.4 237.7 336.1 355.9 350.4 345.9 364.7 397.9 421 442.8 492 474.7 395.4 336.1 354.2 467.2 447.7 452.7 473.8 491.3 509.5 524 550.3 587.7 532.6 416.2 444.5 505.6 503.9 483.5 496.7 520.3
729.6 779.7 932.8 843.6 831.8 946.9 727.5 596.1 442.2 348 354.1 422.9 585.7 507.9 552.7 570.1 548.1 542.5 519.8 455.2 414.3 414.2 447.3 490 540.6 495.4 443.8 408.3 391.9 400 406.9 395.3 380.8 366.5 368.7 385 354.4 312.2 281.1 201.8 188.3 133.4 162.1 160.6 323.8 310.4 397.2 428.7 442.1 417.7 373.1 349.4 372.7 399.9 407.5 429.6 421.7 419.8 411.3 403.9 440.7 472.8 519.2 524.5 502.5 492.1 481.8 512.6 514.3 496.7 498.8 498.9 508.6 511.7 472.1 382.3
814.7 990.3 1198.4 977 717.6 683.3 665 493.3 434.6 377.1 367.1 409 456.1 595.7 1002.1 645 521.7 476.9 408.1 347.5 322.4 355.1 399.5 445.5 465.1 435.7 382.2 334.8 348.9 381.9 399.2 403.3 386 344 311.1 289.7 344.4 306.5 296 271.7 234 214.9 244.2 304.1 380.7 406.5 454.8 546.9 519.7 443 378.5 350.5 338.1 321.3 272.9 347.9 418.7 504.7 553.2 505.3 498.7 464.8 472.8 487.9 462.7 422.2 455.3 490.7 500.5 498.5 513.8 536 573.2 572.5 498.6 435.4
688.1 789.5 940.1 973.3 993.5 873.9 730.9 562.9 436.1 362.4 330 325.5 360.3 256.9 260.6 239.8 245.7 271.9 286.9 288.4 297.2 311.9 347.4 375.3 385.4 369.3 339.5 332.7 365.5 404.2 419.5 387.5 395 419.9 373.9 381.6 452.6 388.2 305.8 302.9 249.9 299.5 291.9 296.4 320 354.4 353.2 299.7 370.7 391.7 365.3 348 322.3 292.9 338.6 367 397.1 440.6 468.1 463.9 461 453.7 456.9 468.3 463 457.1 466.1 481.7 489.5 498.6 520.4 553.4 570.6 552.1 516 485.3
702.5 744.7 856.3 886 857.9 824.1 694.7 474 329.5 283.4 268.2 245.5 233.5 238.2 239 217.4 181.2 191.4 274.3 309 307.3 305 305.5 304.2 305.1 302.4 304.8 313.4 334.8 350 359.7 351.5 305.4 358.8 400.7 287.9 392.4 565.4 606.8 585.5 491.9 364.7 304 292.2 304.8 320.6 333 342.5 365.4 370 368.7 382.9 360.5 340.4 362.9 393.1 392.7 390.9 424.5 414.7 403.5 396.4 477.9 506.3 476.6 480.1 495.2 502.9 510.6 529.7 556.7 574.2 573.3 553.6 525.2 499.1
530.8 605.5 671.4 657 661.5 606.7 470.3 363.8 315.3 285.3 281.5 282.1 266.9 254.4 240.2 248.9 316.7 333.5 314.8 322.6 307.6 297.4 291.9 285 279.6 278.3 264.9 258.6 287.4 312.9 325.6 326 321.2 365.3 470.9 521.9 507.3 577.7 616.4 552.1 415.8 284.2 298.6 291.8 307.5 318 336.7 380.9 425.5 403 351.7 316.3 355.3 381.7 422.7 476.5 472.4 476.5 469.6 460.7 398.1 405.6 483.8 536.3 529.4 518.8 519.4 525.1 536.5 564.2 585.1 592.9 585.2 561.8 529.5 494
384.6 493 515.7 482.5 451.5 372.8 309.7 282.4 266.4 254.4 262.8 264.2 252.5 247.8 244.9 244.5 268.4 267.7 254.4 261.7 266.4 275.1 286.9 293 295.1 295.5 293.2 296.6 309.1 301.2 292.8 289.8 267 216.9 301.5 359.9 342.9 305 278.6 310.5 316.1 293.6 285.6 286.6 302.8 326 358.5 393.9 429.2 399 354.9 316.3 339.7 386.2 426.4 444.4 427 391 428.4 459.4 385.3 382.3 450.9 519.9 530.2 512.7 486.6 495.2 529.2 569.7 594.1 606.2 601.2 573.8 537.1 495.5
581.4 547.6 500.8 400.8 283.5 211.7 200.7 196.9 175.7 181.3 199.8 196.2 184.7 172.1 179.9 194.8 199.1 199.6 248.4 234.1 231.6 244.1 271.9 296.3 307.5 311.1 315.1 323.6 319.3 300.5 282.5 283.1 268.9 257.4 290.6 312.2 288.7 265 264.2 281.8 307.3 302.8 287.2 290.8 312.5 324.4 370.9 446.2 468.3 378.5 327.7 331.6 339.7 382 459.6 434.5 369.6 321.6 309.2 298.2 308.4 326.8 373.1 426.1 453 443.6 422.6 455.5 503.5 567.1 613.6 637.5 615.5 584.4 551.7 520.7
575.8 573 512.6 382.3 243.8 195.9 175 172.7 173.6 174.8 174.5 170.1 168.9 162.8 161.6 161.3 153.1 169.4 196.7 203.2 195.1 215.3 252.8 279.5 293.4 301.5 303.6 300.9 291.3 284.7 278.2 290.6 272.6 223.7 246.7 279.3 294.3 289.1 261.3 249.2 252.9 261.5 279.3 290.7 360.2 396.7 389.8 425.3 438.1 375.3 335.5 345.3 345.1 330.3 359.1 339.8 280.7 261.2 254.2 242.4 289.2 332.6 371.4 399.7 434.1 449.8 463.4 480.2 501.2 538.9 573.9 589.3 586.8 568.2 549.1 539.1
