datasets/global_precipitation_1950_2017/rasters/precip_1989-total.asc
NCOLS 720 
NROWS 347 
XLLCORNER -180 
YLLCORNER -90 
CELLSIZE 0.5 
NODATA_value -9999 
[rows 170 to 203 of 347, columns 228 to 303 of 720]
2941.4 2675.6 3341.7 3369.2 2719 2706.2 2860.7 2786 2282.1 2308.2 2093.1 2937.7 3184.2 2737.4 2291.5 2242.4 2515.8 2619.6 2812.1 3033 2688.4 2451.1 2464.4 2484.3 2429.7 2352.3 2459.6 2529.1 2720.2 2712.4 2853.3 2964.8 3256.8 -9999 3144.9 2869.9 2479.2 2729.2 2776.2 2543.1 2743.4 2400.7 2379.6 -9999 -9999 -9999 -9999 -9999 -9999 -9999 -9999 -9999 -9999 -9999 -9999 -9999 -9999 -9999 -9999 -9999 -9999 -9999 -9999 -9999 -9999 -9999 -9999 -9999 -9999 -9999 -9999 -9999 -9999 -9999 -9999 -9999
3218.3 4066.5 3993.2 3705.5 3103.4 2886.2 2929.1 2837.8 2919.4 2888.2 2866.8 3249.7 3215 2723.4 2571.5 2418.5 2555.7 2901.4 3055.9 3053.5 2844.6 2336.7 2179.7 2440.4 2650.4 2602.3 2377.1 2488.6 2690.7 2814.4 3074.6 3160.7 3128.2 3037.8 2823.9 2945.7 2698.7 2720.3 2681.8 2531.5 2302.3 1113.7 2287.7 -9999 -9999 -9999 -9999 -9999 -9999 -9999 -9999 -9999 -9999 -9999 -9999 -9999 -9999 -9999 -9999 -9999 -9999 -9999 -9999 -9999 -9999 -9999 -9999 -9999 -9999 -9999 -9999 -9999 -9999 -9999 -9999 -9999
3262.9 3679.5 3555.1 3161.6 2598.3 2528 2690.3 2775.7 2737.3 2872.4 3304.5 3046.6 2782.8 2811.9 2869.6 2802.4 2669.5 3005.6 3251.6 3005.1 2776.8 2394.5 2531.1 2228.9 3161.7 2886.6 2383.5 2291.8 2480.2 2743.8 2952.6 2985.7 2814.5 2725.6 2741 2773.2 2714 2647.8 2702.5 2458.9 2387.8 2427.1 2668.7 -9999 2129.8 2001.8 1853 -9999 -9999 -9999 -9999 -9999 -9999 -9999 -9999 -9999 -9999 -9999 -9999 -9999 -9999 -9999 -9999 -9999 -9999 -9999 -9999 -9999 -9999 -9999 -9999 -9999 -9999 -9999 -9999 -9999
3095.3 3138.1 3012.6 2592 2144.3 2239.4 2507.5 2501.1 2482.3 2813.9 2721 2705.8 2329 2690.4 2860.6 2906 2590.8 2802.8 2499.4 2366.1 2489.5 2519.5 2472.2 2412.3 2347.2 2256.7 2230.8 2097.2 2301.3 2510.8 2814.4 2918 2813.6 2625 2497.8 2264.5 2483 2499.7 2540.7 2443 2400 2383.4 1931.5 2189.2 2098.9 2151.9 2387 1913.5 1347.3 1004 1764.2 1240.7 986.9 1575.8 -9999 -9999 -9999 -9999 -9999 -9999 -9999 -9999 -9999 -9999 -9999 -9999 -9999 -9999 -9999 -9999 -9999 -9999 -9999 -9999 -9999 -9999
3001.8 2881.4 2663.1 2137.8 1508.5 2189.7 2328.8 2236.8 1958.7 1705.3 2377.7 2399.9 2331 2578.2 2609.5 2539.5 2612 2794 2573.7 2454.5 2603.5 2631.9 2431.1 2680.4 1987 1914.2 2091.9 2289.6 2484.8 2740.5 2879.9 2948 3005 2340.5 2251.7 2354 2395.5 2332.2 2124.6 2093.2 2351.1 2230.6 1930.1 2145.1 2007.8 1957.9 2427.4 1990.5 1549.3 1519.9 1489.4 1179.3 902 1016.4 1520.5 -9999 -9999 -9999 -9999 -9999 -9999 -9999 -9999 -9999 -9999 -9999 -9999 -9999 -9999 -9999 -9999 -9999 -9999 -9999 -9999 -9999
2912.5 2770.2 2397.8 2080.3 1843.2 2306.6 2141.6 2171.3 2053.7 1972.3 2172 2146.7 1879 2234.2 2511.2 2548.3 2713.7 2696.9 2598.1 2557.7 2648.6 2701.8 2426.3 2509.2 2228.6 1956.3 1928.6 2103.1 2408 2695 2858.2 2925.7 2764.8 2338.6 2297.8 2527.2 2570.8 2258.5 1754.6 1809.7 2059.9 2121.6 2169.7 2125.7 1983.6 1972.8 2181.3 2360.4 1865.9 1319.5 1270.6 1104.4 1195.1 1285.6 1434.8 1433.1 -9999 -9999 -9999 -9999 -9999 -9999 -9999 -9999 -9999 -9999 -9999 -9999 -9999 -9999 -9999 -9999 -9999 -9999 -9999 -9999
2808.8 2791.3 2567.2 2385.9 2263.3 1892.9 1509.5 2105.7 2273.3 2433.6 2284.2 2177.2 2010.8 2127 2456.7 2668.7 2962.9 2653.4 2454.8 2730.4 2826.2 2683.2 2290.4 2338.7 2189 1971.5 1849.2 1946.4 2171.2 2543.9 2783.8 2748.2 2486.3 2142.8 2190.4 2740.6 2499.1 2100.8 1459.9 1668.4 1830.2 1945.9 2090.6 1913.4 1833.9 1566.6 1855.2 1907.8 1674.9 1212.3 1274.9 1186.5 857.5 1110.1 1106.2 1002.7 1108.2 -9999 -9999 -9999 -9999 -9999 -9999 -9999 -9999 -9999 -9999 -9999 -9999 -9999 -9999 -9999 -9999 -9999 -9999 -9999
2967.6 3068.2 2810.9 2530.5 2525.7 2331.3 2084.7 2224.7 2291.2 2453.5 2374.7 2326.2 2374.4 2383.9 2507.4 2636.4 2686.2 2945 2247 2782.1 2830.6 2792.3 2395.1 2228 2199.6 2181.9 2223.5 2009.2 2008.6 2196.3 2530.3 2547.7 2390.3 2124.6 1973.8 1949.9 1918.8 1678.9 1410.8 1081.2 1511.9 1439.9 1607.8 1673.7 1685.9 1485.8 1733.3 1841.3 1620.4 1209.3 1277 1099.5 1132.5 1155.5 983.7 1058.8 1240.7 1189.8 989.4 512.1 772.8 -9999 -9999 -9999 -9999 -9999 -9999 -9999 -9999 -9999 -9999 -9999 -9999 -9999 -9999 -9999
3355.2 3630.3 3228.3 2538.2 2738.8 2954.2 2516.3 2592.6 2265.3 2917.4 2556.5 2468.7 2613.5 2535.3 2438.9 2413.1 2279.9 2755.5 2849.2 2933.1 3981.9 2775.7 2425.6 2215 2183.7 2153.8 2120.8 2050.4 2074 2180.3 2440.4 2542.9 2653.2 2289.9 1972.8 1758.4 1656.5 1535.2 1419.5 1335.7 1368.2 865.2 1307.8 1345.1 1666.9 1677 1985.8 1717.8 1743.6 1149.9 982.5 970 1094.7 1138.6 1018.2 1028.4 1054.3 1060.3 891.5 589.9 840.8 1504.5 -9999 -9999 -9999 -9999 -9999 -9999 -9999 -9999 -9999 -9999 -9999 -9999 -9999 -9999
3606.3 4221.3 4393.2 2736.3 2719.3 2653 2432 2275.7 2307.5 2687.3 2575.6 2478.5 2477 2360.8 2328.6 2340.3 2147.8 2494.5 2588.2 2554.9 2400.3 2546.8 2470.8 2320.3 2189.2 2089.2 2028.5 2058 2090.6 2274.3 2438.2 2431.4 2114.3 1718.6 1998.3 1975.5 1751.6 1435.4 1217.4 1167.7 1379.1 1028.4 1216.3 1554.3 1962 1695.2 1825.7 1788.1 1626.6 1215.8 1545.2 878 1007.4 1255.5 1200.4 1226.3 1457.4 1108.9 795.7 944.8 549.2 1111.6 -9999 -9999 -9999 -9999 -9999 -9999 -9999 -9999 -9999 -9999 -9999 -9999 -9999 -9999
2729.8 3112.6 3061.8 2588.8 2584.4 2491.5 2427.6 2558.6 3056.1 2794 2609.9 2521.8 2454.7 2213.1 2250 2582.9 2633.8 2633.2 2418.5 2290.4 2423 2598.7 2517.1 2432.2 2246.8 2106.6 2072.1 2062.9 1981.9 2676.9 2549 2476.2 2134.3 1527.1 1950.9 2280.9 2061.3 1437.5 1035.2 1372 1473.8 1041.5 1434 1377.5 1421.9 1287.7 1357.9 1264.9 1173.4 1052 1144 901.4 1402.9 1362.8 1143.4 1147 1286.5 1097.7 768 771.4 1055.8 1120.5 -9999 -9999 -9999 -9999 -9999 -9999 -9999 -9999 -9999 -9999 -9999 -9999 -9999 -9999
2199.4 1836 2549.5 2312.4 2375.5 2313.8 2347.9 2381.2 2643 2794.3 2625 2505.9 2515.3 2628.2 2893.8 2961.4 3108 2865.6 2481.1 2310.1 2340.8 2347.3 2627 2503.8 2341.6 2148.7 2060 2033.8 2029.7 2136.7 2122 2227.9 2104.9 2112.7 1974.8 2061.5 2054.7 1742.9 1492.4 1505.4 1475.3 1385.3 1494 1521.4 1356.9 1355.9 1408.3 1428.4 1332.7 1072.5 1024.2 970.6 1177.5 1396.6 1504.8 1222.4 1855.1 1180.8 676.6 515.5 938.2 954.8 -9999 -9999 -9999 -9999 -9999 -9999 -9999 -9999 -9999 -9999 -9999 -9999 -9999 -9999
2321.7 1240 2039.1 2225.1 2232.5 2273.1 2267.4 2055.6 2526.6 2982.8 2947.2 3060.7 2622.8 2600.4 2776.5 2973.6 3105.1 2957.2 2675.1 2486.7 2383.9 2339.2 2502.3 2544.1 2473.2 2208.8 2017.5 1969.9 1922.3 1717.1 1914.3 2199.1 2219.8 2084.4 2262.6 2032.6 1729.5 1912.6 1624.7 1594.4 1594.2 1353.4 1466.5 1250.6 1356.2 1537.5 1150.1 968.7 1138.5 654.2 878.9 838.5 1020.4 1113.2 997.1 1127.4 1158.7 682.6 630.6 545.9 828.8 684 -9999 -9999 -9999 -9999 -9999 -9999 -9999 -9999 -9999 -9999 -9999 -9999 -9999 -9999
2083.5 1812.5 1911.7 2086.1 2236.7 2275.1 2302 2331.8 2676.5 2945.4 2937.2 2738.6 2337 2430.3 2675 2907.8 3000.4 2957.1 2794.3 2608.9 2532.3 2530.2 2567.7 2627.9 2610.8 2368.4 1969.8 1887.7 1869.4 1820.4 1921.9 2206.7 2277 2048.9 2153.2 2155 2416.8 2006.2 1675.3 1412.3 1617.3 1374.4 1255 1283.1 1251.7 1531.9 1036.2 895 777.1 761.9 805.5 762.4 787.5 844.7 821 797 876 697.2 905.2 676.3 831.6 1912.2 -9999 -9999 -9999 -9999 -9999 -9999 -9999 -9999 -9999 -9999 -9999 -9999 -9999 -9999
2134.3 1886.4 1989.8 2208 2346 2374.7 2391.8 2645.3 2748.9 2803.2 2754.7 2466.6 2160.3 2175.3 2408.6 2712.8 2906.2 2892.5 2771.4 2620.2 2558.4 2612.1 2655.2 2675 2664.8 2519.2 2056.6 1897 1867.3 1829.1 1845.1 1957.1 2452 2346.2 2171 2095 2237.7 1833.3 1487.9 1729.7 1616.2 1352.3 1075.7 1195.1 1110.6 1040.4 852.5 819.7 773.5 819.7 790.2 770.8 682.9 639.4 675.4 545 946.3 1213.1 827.6 940 1549.9 2711.8 -9999 -9999 -9999 -9999 -9999 -9999 -9999 -9999 -9999 -9999 -9999 -9999 -9999 -9999
1919.4 1877.4 1882.4 2178.3 2327.9 2286.9 2329.9 2585.6 2730.4 2603.1 2453.3 2172.1 2012.5 1998 2133.3 2367.9 2636.6 2747 2650.5 2527.1 2478.1 2616.1 2717.2 2692.4 2673.7 2569.9 2444.9 2136.4 1889.1 1790.8 1805.5 1595 1979.2 2334.3 2226 1998.7 1958.4 2034.2 2591.7 1448.2 1652.9 1073.4 1059.3 1091.5 1134.9 880.1 895.5 804.8 707.5 667.1 629.8 591 662.5 735.6 683.5 702.6 1458.5 941.2 1071.2 1956.5 2768.8 -9999 -9999 -9999 -9999 -9999 -9999 -9999 -9999 -9999 -9999 -9999 -9999 -9999 -9999 -9999
1855.7 1946.9 1828.9 2093.3 2269.4 2214.1 2243.8 2422.4 2381.5 2306 2133.5 2007 2007 1979.2 2025.8 2083.8 2296.7 2580.1 2557.7 2573 2336.1 2507.1 2678.5 2673.3 2644.3 2587.3 2452.3 2056.6 1918.6 1911.6 1981 1989.9 2120.9 2591.7 2347.4 2065.3 1997.3 2178.1 2068 1443.7 1281.3 1206.1 1179.6 1099.6 966.9 776.9 861.4 773.1 775.3 689.8 579.5 613.8 738.1 599.6 662.5 677.2 728.4 972.5 1028.3 1809.2 -9999 -9999 -9999 -9999 -9999 -9999 -9999 -9999 -9999 -9999 -9999 -9999 -9999 -9999 -9999 -9999
1886.4 1796.6 1863.1 2208.6 2399 2203.4 2245.1 2438.6 2104.1 2055.7 2035.2 2019 2033.6 1933 1990.8 2065.9 2016.4 2354.4 2471.9 2345.1 2185.2 2364.8 2570.8 2598.9 2544.2 2391.6 2179.3 1959.8 1915.6 1890.1 2016.4 2170 2147.5 2347.9 2343.6 1867.8 1961.7 2103 1972.4 1470.7 1225.6 1163.5 1110.9 1139.7 1035.1 871.5 770.6 722.8 837.2 663.6 555.7 718.9 651.1 723.4 815.5 841.1 877.8 1412.9 1627.1 -9999 -9999 -9999 -9999 -9999 -9999 -9999 -9999 -9999 -9999 -9999 -9999 -9999 -9999 -9999 -9999 -9999
1865.9 1633 1905.8 2228 2497.7 2334.2 2231.6 2050.6 1903.5 1991.2 2003.2 2022 2005.1 1959.4 1754.9 1921.5 1698.8 1850.9 2182.8 2200.5 2254.8 2481 2559.4 2556.1 2423 2210.8 2007 1942 1899 1884.2 1904.3 1961.5 2086.2 2146.1 2085.3 2008.1 1964.5 1720.6 1677.9 1180.5 1124.2 1412.9 1264.8 1477.3 1059.4 703 719.4 661.8 733.1 544.8 640.8 770.6 708.6 690.7 910.5 960.7 1800.8 2009.2 -9999 -9999 -9999 -9999 -9999 -9999 -9999 -9999 -9999 -9999 -9999 -9999 -9999 -9999 -9999 -9999 -9999 -9999
1892.1 1861.9 2032.4 2154.3 2352.7 2315.7 2242.3 2060 1927.6 1883.6 1958.7 2047.7 2081.2 2104 2205.2 1968.4 1911.4 1962.1 2152.1 2194.4 1957 2260.6 2417.1 2349.2 2182.7 2004.9 1953.2 1884.1 1892.5 1771.9 1872.9 1859.9 2008.7 2053.9 1928.7 1732.2 1616.6 1645.7 1655.1 1545.7 1122.5 1216.5 1277.2 773.7 894.7 746.4 673.6 666 640.4 679.5 814.4 826.8 694.4 880.8 828.5 1084.8 1633 2208.8 -9999 -9999 -9999 -9999 -9999 -9999 -9999 -9999 -9999 -9999 -9999 -9999 -9999 -9999 -9999 -9999 -9999 -9999
1789.9 1759.3 1715.9 1660.9 1781.6 1971.5 2032.4 2024.4 2006.6 1895.5 2086.2 2069.9 2132.3 2124.3 2121.1 1952.7 1987.2 2054.5 2128.3 2203.6 1424.9 2184.3 2216.4 2013.5 1870.4 1827.7 1899.1 1982.4 2013 1581.4 1417.4 1811 2080.8 1893 1816.7 1670.2 1895.6 1739.3 1764.1 2037.3 1642.8 1386.4 1298.6 932.1 972.9 899.6 792.5 708.3 879.3 948.8 1067.4 938.5 706.4 712.9 972.5 1465.1 1792.1 -9999 -9999 -9999 -9999 -9999 -9999 -9999 -9999 -9999 -9999 -9999 -9999 -9999 -9999 -9999 -9999 -9999 -9999 -9999
1555.2 1479.6 1335.4 1211.3 1301.6 1394 1662 1913.1 2071.6 2111 2080.6 2043.2 2124.7 2134.4 2097.4 1960.5 1946.3 2001.9 1985 1817.2 1758.3 2176.1 1774.9 1793.8 1821.5 1709.1 1770.1 1858.8 1870.3 1810.1 1748.7 1928.9 1835.1 1959.1 1902.1 1935.7 1882.5 1940.7 2094.1 1920.1 1538.2 1330.7 1151.6 837.5 1136.2 828.2 788.5 745.5 754.3 900.2 906.7 1023.8 967.4 962 1622.3 2068.8 -9999 -9999 -9999 -9999 -9999 -9999 -9999 -9999 -9999 -9999 -9999 -9999 -9999 -9999 -9999 -9999 -9999 -9999 -9999 -9999
1443.3 1385.8 1344.9 1222.6 1226.1 1266.2 1520.3 2072.7 2413.2 2496.9 2313.4 1907.3 1969.2 2241.2 2321.1 2077.8 1927.8 1873.3 1747.1 1472.9 1205.6 1819.1 1738.5 1843.2 1828.2 1603 1547.8 1662.1 1739.5 1815.6 1809.8 1760.2 1976.7 2043.5 2076.7 2045.2 1829.7 1843.6 1630.2 1422.2 1302.8 1386.5 1213.4 1135.1 959 990.9 944.5 769.3 898.5 1156.5 909.8 1005.4 801.4 1374.1 -9999 2178.8 -9999 -9999 -9999 -9999 -9999 -9999 -9999 -9999 -9999 -9999 -9999 -9999 -9999 -9999 -9999 -9999 -9999 -9999 -9999 -9999
1375.7 1310.3 1298 1230.9 1228.3 1318.9 1662.6 2373.8 2824 3087.1 2836.8 2116.3 1840.6 2410.8 2481.3 2139 1985 1874.6 1806.4 1644.8 1581 1869.5 1895.9 1944.6 1803.1 1563.7 1441.5 1518.5 1619.1 1772.5 1849 2027.1 2164 2088.2 2087.5 1874.6 1603.7 1544.2 1427.6 1376.1 1428 1296.3 1449.3 1631.7 1072.3 1057 1073.8 984.3 1019.6 1091.2 985.6 977.5 934 1950.8 -9999 -9999 -9999 -9999 -9999 -9999 -9999 -9999 -9999 -9999 -9999 -9999 -9999 -9999 -9999 -9999 -9999 -9999 -9999 -9999 -9999 -9999
1368.4 1223.9 1233.6 1184.7 1191.2 1343.6 1787.9 2426.1 3048 3175 2904.8 2175.8 2030.5 2233.1 2300.4 1995.3 2027.8 1917.4 1905.4 2076.5 2008.5 2049.5 2057.4 1902.6 1740.7 1562.2 1425.7 1418.4 1564.4 1785.4 1894.3 1724 1922.6 2163.9 2535.7 1855.6 1694.8 1674.8 1177.4 1307.5 1364.8 1146.9 1203.4 1253.3 714.3 939.4 889 946.4 604.4 1051.8 802.3 926.2 1778.8 1944.8 -9999 -9999 -9999 -9999 -9999 -9999 -9999 -9999 -9999 -9999 -9999 -9999 -9999 -9999 -9999 -9999 -9999 -9999 -9999 -9999 -9999 -9999
1461.3 1377.7 1310.5 1298.6 1275.9 1223.6 1562 1948.7 2202.9 2383.2 2125.1 1790.5 1706.8 1774.9 1883.8 1819.6 2042.9 1998.2 1849.4 1887.2 1886.8 1926.1 2085.3 2011.2 1874.3 1615.5 1442.1 1402.2 1659.7 1848 2059.2 1789.2 1680.3 1936.2 1971.8 1717.2 1682.3 1510.4 1393.7 1409.5 1359.9 1121.7 1000.3 1019.2 921.5 953.1 899.5 934.4 628.4 833.4 673.1 808.2 1465.8 1395.4 -9999 -9999 -9999 -9999 -9999 -9999 -9999 -9999 -9999 -9999 -9999 -9999 -9999 -9999 -9999 -9999 -9999 -9999 -9999 -9999 -9999 -9999
1707.3 1561.3 1509 1384.6 1202.7 984.1 1135.2 1426.6 1574.5 1696.3 1593.5 1398.7 1349.8 1451.8 1558.8 1675.6 1801.9 1817.5 1820.8 1562.9 1897.4 1920 2057.6 2161 2249.1 1815.7 1592.7 1666.2 1734.4 1830.3 1711.1 1665.7 1802.3 1782.9 1614.3 1541 1651.3 1601.3 1512.7 1385.5 1375.1 1400.5 1100 1006.5 913.1 780.3 632.3 836.6 628 828.8 952.2 1327.1 1348.1 1742.9 -9999 -9999 -9999 -9999 -9999 -9999 -9999 -9999 -9999 -9999 -9999 -9999 -9999 -9999 -9999 -9999 -9999 -9999 -9999 -9999 -9999 -9999
1611.2 1653.8 1511.8 1321.8 1024.2 950.2 942.5 1048.3 1161.3 1266.9 1347.9 1386.7 1348.7 1402.9 1513.7 1720 1476.2 1236.9 1515.5 1619.7 1968.1 2125.8 2103.3 1983.6 2029.5 1734.9 1731 1833.2 1804.6 1670 1797.7 1886.5 1879.2 1524 1442.7 1486.7 1579.6 1726.8 1647.5 1435.1 1320.7 1394.6 1196.1 1126.9 890.2 976.8 966.5 669.5 790.8 1034.9 969.6 1175.1 1126.3 1637.2 -9999 -9999 -9999 -9999 -9999 -9999 -9999 -9999 -9999 -9999 -9999 -9999 -9999 -9999 -9999 -9999 -9999 -9999 -9999 -9999 -9999 -9999
2129.3 2276.5 2269.2 1718.8 905.9 912 849.7 936.7 1006.4 1109.6 1203.3 1361.3 1441.9 1452.6 1498.4 1461.6 1416.3 1390.4 1526.4 1505.5 1917.8 2151.2 2038.8 2114.6 1984.6 1824.9 1692.8 1854.8 1939.9 1714.1 1712.2 1990.3 1986.5 1993.4 1261.8 1965.1 1606.2 1688.2 1729.2 1463.3 1245.7 1246.2 1223.8 1142.2 1045.8 876.5 977.9 975.1 923.9 1040.5 1356.2 1186.7 1247.2 1407.7 -9999 -9999 -9999 -9999 -9999 -9999 -9999 -9999 -9999 -9999 -9999 -9999 -9999 -9999 -9999 -9999 -9999 -9999 -9999 -9999 -9999 -9999
2959.6 3370.7 3372.8 2835.6 1259.6 862 848.5 951.3 989.5 1084.5 1116.6 1211.7 1369.2 1467.5 1493.1 1486.7 1380.9 1467.7 1565.7 1635.6 1771.3 1908.7 1850.5 1747.1 1985.7 1982.2 1591.9 1538.9 1561.9 1904.1 1653.6 1756.7 1702.9 1640.7 1515.7 1901.8 1891.2 1457.9 1583 1359.3 1206.9 1100 1264.4 1490.4 1205 1039.6 1064.1 1034.7 1041.7 1095.5 934.7 1006.4 1263.1 1426.3 -9999 -9999 -9999 -9999 -9999 -9999 -9999 -9999 -9999 -9999 -9999 -9999 -9999 -9999 -9999 -9999 -9999 -9999 -9999 -9999 -9999 -9999
2405.7 3233.7 3428.6 2482.8 1598.1 1130.7 1000.6 1008.5 1044.2 1061.7 1048.3 1070.7 1193.7 1401.4 1492.8 1486.6 1355.6 1480.3 1556.1 1551.3 1499.4 1706.6 1824.6 2038.4 1933.7 2239.8 1793.7 1752.6 1832.7 1878.2 1796.6 1551.4 1305.8 1635 1734.4 1958.9 1944.5 1645.1 1529.2 1403.2 1307.1 1303.9 1925.7 1426.7 1245.1 952.9 962 869.7 785.6 744.4 906.7 1054.5 1218.1 1321.3 -9999 -9999 -9999 -9999 -9999 -9999 -9999 -9999 -9999 -9999 -9999 -9999 -9999 -9999 -9999 -9999 -9999 -9999 -9999 -9999 -9999 -9999
1214.2 2636.7 2293.1 1840.9 1622.9 1213.8 1122.8 1099.2 1039.3 939.8 874.8 883.7 999.1 1210.9 1397.3 1475 1500.9 1466.5 1490.2 1565.3 1573 1646.6 1932 2285.7 2062.1 2131.9 2022.3 1948.7 2037 2062.4 1704 1421.1 1453.5 1664.7 1290.7 1790.9 1804.3 1619.1 1591.2 1564.5 1388.6 1321 1201.6 1259.9 1125.7 1062.7 993.3 911.2 945.4 818.1 891.4 1037.6 1138.2 1409.6 -9999 -9999 -9999 -9999 -9999 -9999 -9999 -9999 -9999 -9999 -9999 -9999 -9999 -9999 -9999 -9999 -9999 -9999 -9999 -9999 -9999 -9999
647.8 605.6 949.3 1007.3 1226.6 1571 1309.8 1216.7 1003.4 850.3 723.4 766.5 914.7 1079.9 1208.8 1280.2 1306.3 1298.7 1359.5 1460.7 1544.7 1646.2 1889.5 2105.7 2016.2 1950.5 1864.2 1972.4 1956 2040.4 1614.5 1527.8 1478.9 1716.6 1674.3 1611.4 1707.5 1711.6 1553 1429 1366.7 1329.1 1364.3 1365 1288.1 1132.1 1092.3 1132.6 1185.2 1109.2 1083.7 910.8 1095.3 1234.5 -9999 -9999 -9999 -9999 -9999 -9999 -9999 -9999 -9999 -9999 -9999 -9999 -9999 -9999 -9999 -9999 -9999 -9999 -9999 -9999 -9999 -9999
491.8 581.9 628.2 760.2 944.8 1318 1368.7 1256 1017.9 868.4 764.2 800.3 910.4 978.8 1028.7 1070.2 1114.5 1127.1 1180.2 1300.9 1405.9 1526.7 1773.6 1868.2 1898.5 1925.1 2030.5 1933.1 1938.2 2072.3 1540.7 1435.7 1435.3 1498.3 1453.6 1793.2 1846.5 1625.4 1658.1 1462.1 1462.7 1295.4 1172.2 955.4 1396.3 1265.9 1076.5 1073.2 960.5 1255.5 1020.4 1007.5 995 -9999 -9999 -9999 -9999 -9999 -9999 -9999 -9999 -9999 -9999 -9999 -9999 -9999 -9999 -9999 -9999 -9999 -9999 -9999 -9999 -9999 -9999 -9999
