datasets/global_precipitation_1950_2017/rasters/precip_1954-total.asc
NCOLS 720 
NROWS 347 
XLLCORNER -180 
YLLCORNER -90 
CELLSIZE 0.5 
NODATA_value -9999 
[rows 306 to 339 of 347, columns 456 to 531 of 720]
1200 1200.1 1197.4 1193.6 1183.2 1169 1153.3 1136.1 1120.8 1106.8 1093.2 1076.7 1057.6 1035.5 1010.5 985.3 959.6 933.2 907 885.8 868.5 852.8 837.7 820.6 805.2 792.6 777 762.2 749.4 735 725.8 717.3 709.6 700.3 691.1 680.5 669.7 657.7 644.7 632 620.1 610.3 -9999 -9999 -9999 -9999 -9999 -9999 -9999 -9999 -9999 -9999 452 -9999 -9999 403 384.2 373.6 364.5 356.4 350.7 347.2 350.9 348.8 355 364.3 370.7 377.6 384.6 393.2 403.8 413.2 422.6 432.3 439 448.9
1191.7 1188.1 1183.2 1178 1170.2 1158.1 1146 1136.6 1127.1 1112.3 1105.3 1084.9 1067.7 1047.5 1023.1 998.2 974.9 950.6 925.9 902.4 882.4 864.9 845.1 826.8 811.6 798.3 784.7 769.6 752.9 737.3 726.5 715.7 704 692.8 681.6 670.5 658.6 645.6 633.7 620.9 608.7 595.2 -9999 -9999 -9999 -9999 -9999 -9999 -9999 495.2 483.6 471.3 454.2 437.2 436.4 411.8 402.6 394.5 388 381.4 375.7 371.6 368.6 381.1 370.6 378.8 388.2 392.5 396.2 402.4 410.6 418.7 425.9 434.4 440.3 443.9
1189.6 1185.3 1179.4 1171.9 1165.7 1161.1 1154.9 1146.6 1138.1 1123.3 1108.9 1085.1 1073.9 1051.5 1030.7 1009.9 986.5 964 940.8 917.8 894.3 875.7 852.6 841.3 824.5 802.5 791.1 773.2 758.2 740.2 725.3 713.7 699.6 688.9 676.3 659.3 649.2 635.8 623.8 610.6 597 586.3 -9999 -9999 -9999 -9999 -9999 -9999 509.1 497.8 486.2 479.9 460 462.8 452.9 428.9 421.9 416.2 411.5 406.3 400.3 395.8 392.7 406.8 407.8 393.4 407.8 405.4 409.7 413.9 419.8 425.6 431.4 438.4 440.9 443.9
1173.1 1169.3 1163.1 1159.1 1161.3 1161.6 1155.5 1151 1132.9 1120.3 1110.5 1096.3 1077.8 1058.4 1039 1019.2 997.2 974.6 951.7 928.7 904.2 880 860.1 841.6 823 807 789.2 773.7 759 741.6 724.8 708.8 693.5 678.6 664.4 650.2 637.1 626.1 612.8 599.6 584.2 -9999 -9999 -9999 -9999 -9999 -9999 511.5 506.1 496.5 482.8 472.2 464.4 457.2 449.1 440 431.9 425.3 429.2 424.9 409.7 407.8 406.6 406.7 406.3 405.2 404.5 406.6 411.3 409.9 419.8 412.2 416 421 421.4 427.7
1144 1145.9 1148.8 1128.7 1152.3 1148.3 1143 1135.3 1121.3 1110.2 1101.1 1086.3 1070.1 1052.9 1035.5 1018 998.5 977.9 955.1 932.8 910.8 887.4 864.9 845.9 826.9 808.5 790.6 773 755.4 737.3 719.2 702.4 686.3 670.8 655.6 642.7 630 616 601.8 590.7 576.9 -9999 -9999 -9999 -9999 525.1 516 504.5 503.1 495.9 484.9 477.8 471.7 465.8 459.4 451.6 444.6 438.2 435.7 428.2 424 433.6 431 428.7 427.1 426.2 414.1 420 426.3 426.9 427.4 427.7 428.5 430.5 434.2 439.5
1108.7 1109.2 1110.1 1106.6 1113.4 1109.2 1103.6 1096.7 1096.3 1087.2 1070 1059 1046.8 1033.1 1017.8 1001.3 983.7 964.6 947.8 926.1 902.5 881.1 859.2 840.1 821.8 803.1 784.7 767 747.9 729.9 712.9 696 678.9 662.6 648.7 635.3 622.3 609.5 594.3 582.7 572.7 557.5 543 530.9 522.3 516.3 509 503.8 495.4 492.6 478.5 489.8 483.3 477.4 471.7 466.4 462 457.7 454.3 450.4 446.4 443.3 440 400.5 402 405.7 410.8 415.8 420.9 425.7 431.8 431.4 431.1 432.4 434.6 439.3
1028.8 1037.8 1031.8 1031.5 1030.4 1028.7 1032 1035.1 1036.5 1030.4 1016.2 1000.8 985.4 974.6 962.7 949.6 939.8 927.7 914.3 894.7 872.2 850.3 829.5 813.2 796.8 779.9 763 745.2 727.1 709.2 692.7 676.9 662.6 648.6 635.1 621.8 607.5 593.1 578.6 566.3 555.9 541.5 527.5 515 503.1 493.1 488.6 484.7 478.4 486 471.3 464.7 453.8 444.5 435.3 458.2 456.1 455.1 454.9 397.5 397 396.6 396.9 398 399.3 401.1 404.2 407.9 411.8 415.8 419.8 422.9 425.8 425.2 425.7 426.3
928 927 925.2 922.6 923.1 926.4 929.1 931.2 932.5 929.1 919.8 909.5 898.1 886 876.6 870.1 862.2 852.3 841.1 825.5 806.5 790.7 775.6 760.8 746.8 733 717.4 701.6 686.1 669.8 654.5 641.4 630.1 619.7 607.6 594 580.1 566.4 552.9 540.7 527.8 515.1 503 492.8 482.9 474 476.3 473.8 471.6 469.5 441 437.4 434.4 431.7 428.2 420.5 412.6 405 397.9 393.7 392.5 392.1 391.7 391.5 392 392.6 393.8 395.9 398.1 400.2 402.3 403.8 404.9 405.7 401.8 397.1
793.2 795.7 798.1 799.4 800.2 800.9 801.2 801 800.4 797.9 793.9 788.5 782.2 775.2 768.2 761.3 753.2 745.8 737.8 728.8 718.8 708.5 698.7 688.2 677.3 664.5 651.5 637.8 624.5 612.9 603.1 592.7 580.2 567.5 555.1 542.7 542 522.5 514.9 505 492.7 481.7 463.5 459.7 453.7 449.7 443.5 451.1 449.3 447.6 444.9 437.6 430.5 423.2 403.3 400.7 398.2 395.8 391.5 387.6 385.7 384.5 383.4 382.7 381.9 381.1 380.6 380.1 379.9 380.1 380.3 379.9 378.3 376.4 371.6 364.7
662.8 667.9 672.2 675.8 677.2 676.1 674.6 672.4 670 669.3 669.6 669.3 668.3 667 663.2 657 650.3 643.1 634.7 627.7 623.2 619 614.3 607.2 597.6 587.3 576.6 565.8 556.8 547.8 536.7 525.6 514.8 503.9 493.5 483.8 473.9 464 454.1 447.1 441.5 437.5 434.3 432.9 429.3 423.8 421.4 426.7 425.4 424.6 424.2 419.6 414.2 408.4 403.1 387.7 385.8 383.5 381.2 377.7 373.1 374.5 365 361.9 359.1 356.1 353.4 351 348.3 345.7 342.6 339.6 336 332.6 330 327.6
568.5 566.2 571.3 576.1 580.6 580.8 578.3 575.5 572.7 572.3 574.4 575.7 576.9 577.4 575.2 569.7 563.7 557.3 550.2 546.1 541.7 533.7 526 517.4 508.9 503.4 500.6 497.9 495 488.7 461.4 458.1 455.2 451.8 446.6 439.2 432.3 424.7 419 414.1 411.5 409.6 410.2 409.7 407.8 403.9 401.2 404.5 404.4 404 403.8 402.3 397.7 393.2 379.3 377.5 375.5 373.1 370.8 367.3 363.2 358.8 354.1 349.6 345.3 341.5 337.4 333.4 329.1 325.1 321.4 316.7 312.4 307.7 303.2 298.4
488.1 487.2 490.5 494.8 498.8 502.9 504.4 501.8 499 498.5 500.5 502.8 499.7 495.4 490.6 485.9 494.2 479.6 480.1 477.3 471.2 465 450.7 449.9 447 440.9 435.5 429.5 424.2 421 419.1 417.4 415.6 413.4 409.3 403.5 398.8 394.1 390.6 388 388.6 389.1 389.5 390.1 388.8 386.6 384.2 390.2 385.2 385.1 384.7 384.4 381.9 378.3 367.8 366 364 362 359.6 356.5 352.6 348.8 344.2 340 335.7 331.9 328 324.1 319.7 315.3 310.5 305.7 300.4 295.3 289.6 284.2
428.2 427.5 426.2 426.7 430.5 434 437.6 438 438.2 435.8 432.8 429.8 427.2 422.3 421.6 418.5 415.6 412.2 408.7 407.4 407.6 407.4 407.5 407.4 405.1 401.3 397.3 393.3 389.4 386.4 385.3 383.7 382 380.1 377.8 374.1 371.1 367.6 366.2 368.1 369.1 370.1 370.6 371.5 371.2 369.5 368.1 366.8 367.9 367.6 367.6 367.2 366.3 357.4 355.5 354 352.1 350.2 348.1 345.2 341.5 337.8 334 329.8 326 322.2 318.3 314 309.6 304.6 299.9 294.7 289 283.5 277.4 272.5
368.5 371.4 374 376.5 378.8 379.9 382.4 385.3 387.7 387.9 376 377.4 378.7 380.1 380 377.8 375.9 373.7 371.6 370.9 371.2 371 371.2 371.3 370 366.9 364.3 361.3 358.2 356.7 355.7 354.1 352.7 351.4 350.2 348.4 347.7 348.9 348.6 349.3 350.4 351.7 352.6 353.1 353.1 352 351.4 350.2 355 350.7 348.3 346.9 345.3 343.4 341.8 340.2 338.7 336.8 334.7 332 328.8 325.3 321.8 318.1 314.3 310.2 306.4 302.1 297.5 292.7 287.9 282.3 277.1 271.1 266.2 261.3
327.6 328.5 329.1 334.9 331.7 334.3 336.6 336.7 336.5 337.4 338.8 340.2 341.6 342.8 342.9 341.9 341 339.9 338.6 338.1 338.4 338.7 338.7 338.9 337.8 335.6 333.6 331.5 329.4 328.4 326.7 326.2 326.6 327 327.2 328.5 329.1 329.6 330.2 331.1 332.5 332.7 333.7 334.4 334.1 333.7 333.4 332.7 332.7 332.2 331.4 330 328.7 327.3 325.8 324.2 322.5 321 318.9 316.2 313.2 310 306.9 303.1 299.6 295.9 291.8 287.8 283.2 278.6 273.9 268.7 263.2 258.3 253.4 248.9
290 291.2 290.9 293.2 294.9 296.7 298.7 300.3 302.3 302.8 303.5 303.7 303.6 304 304.3 305.2 305.9 306.7 307.1 307 306.3 305.8 305.2 304.2 303.3 302.9 302.5 302.1 301.8 301 300.8 301 300.8 303.1 304.1 305.4 307.2 308.4 309.8 310.6 311.2 311.9 312.3 312.1 312.2 312.2 313.4 312.8 312.5 312.1 311.7 310.7 309.6 308 306.8 305 303 301.1 299.7 297.6 293.8 291.1 288.2 285.2 281.7 277.7 273.7 269.6 266.1 261.6 256 251.1 246.7 242.9 238.7 236.5
256.3 258.6 259.7 261.4 262.8 264.6 266.5 267.9 270 271.7 271 272.1 273.3 274.5 275 275.6 275.8 275.9 278.4 278.4 276.4 276.4 276.7 276.7 276.2 276 275.5 274.9 276.9 278 278 279.9 281.3 282.4 283.7 284.6 285.4 286.3 287.2 289.3 289.7 290.3 289.8 290.1 290.6 291.1 290.6 290.5 290.1 289.9 289.3 288.4 287.4 286.3 284.9 283.4 281.5 279.5 277.2 275.1 272.5 270.1 266.9 263.7 260.4 257 253.4 249.6 245.3 241.1 236.9 233.8 230 226.8 224.4 222.2
228.6 230.3 232 233.6 235.2 236.7 238.1 240 241.3 242.9 243.8 245 246.2 246.9 247.6 248.3 248.4 248.8 250.7 250.9 249.7 250 250.4 250.3 250.5 250.4 251.2 252 254.3 255.5 255.8 257.4 258.6 261.3 262.4 262.7 263.4 264.2 264.7 265.3 265.9 266.4 266.8 267.5 267.3 267.3 267.2 267.1 266.7 265.8 265 264.4 262.9 262 260.7 258.8 257.2 255.2 253.2 251 248.7 246 243.2 240.8 237.6 233.9 230.7 227.3 223.7 220 217.1 214 211.9 210.7 208.8 207.1
202.9 204.5 206.4 207.6 209.2 210.4 212 213.4 214.9 216.3 217.2 218.7 219.3 220.3 221.5 222 222.4 222.9 224.3 224.4 223.9 224.3 225.1 226 227.1 227.6 228.7 229.7 231.8 233.4 233.3 234.3 235.4 236.3 237.1 239.7 240.2 240.2 240.8 241.4 241.4 241.8 242 242.2 242.2 241.9 241.8 241.4 240.9 240.2 239.4 238.3 237.1 235.8 234.5 233 231.1 229.4 227.6 225.3 223.3 220.8 218.1 215.7 213 209.6 206.8 203.7 201.2 198.9 196.3 194.9 193.6 193 191.6 190.6
179.5 180.9 182.7 183.9 185.3 186.6 187.8 189 190.3 191.5 192.6 193.2 194.2 195 196.6 197.2 197.7 198.5 199.1 200.2 200.4 201.5 202.3 203.2 204.4 205.1 206.2 207.1 208.4 209 209.7 210.3 211.3 212 212.5 213.2 213.6 214.3 215.9 216.2 216.2 216.3 216.1 216.4 216 215.7 215.3 214.8 214.2 213.3 212.5 211.5 210.4 209 207.8 206.1 204.5 202.8 200.8 199 196.9 195 192.5 190.2 187.9 185.3 182.4 181 178.8 177.6 177.1 176.2 175.5 175.3 175.4 175.5
157 158.6 160 161.3 162.8 163.9 165.3 166.2 167.3 168.4 169.4 170.3 171.2 172.1 172.9 173.7 174.2 175.3 176.1 177.1 178.1 179.2 180.3 181.4 182.1 182.6 183 183.8 184.8 185.5 185.7 186.2 186.6 187.1 187.6 187.8 188 188.1 188.3 188.3 188.8 190.2 190.4 189.7 189.7 189.2 188.6 188 187.2 186.3 185.4 184.5 183.2 182.2 180.9 179.3 177.8 176.5 174.8 173.3 171.5 169.7 167.8 166 163.8 162.4 161 159.9 159.6 159.2 158.8 159.3 159.9 160.6 161 161.4
136.4 137.7 139 140.5 142 142.9 144.2 145.1 146.2 147.1 148.1 148.9 149.9 150.8 151.7 152.4 153.4 154.1 154.9 155.5 156 156.9 157.8 158.5 159.2 160 160.3 160.8 161.5 161.8 161.9 162.2 162.4 162.7 162.8 162.9 162.9 163 162.9 162.7 162.6 162.2 161.8 161.6 161.7 162.6 162.2 161.4 161.3 160.5 159.5 158.7 157.8 156.8 155.8 154.3 153.2 151.7 150.6 149 147.7 146.2 145.1 143.4 142.5 141.7 141.9 141.8 142.7 143.7 143.9 144.9 145.6 146.2 146.8 148
117.7 118.9 120.1 121.5 122.4 123.8 124.9 125.8 126.8 127.7 128.4 129.2 129.8 130.4 131.1 132 132.7 133.2 133.7 134.1 134.6 135 135.8 136.1 136.4 137.4 137.8 137.8 138.5 138.5 138.8 139 139 139.1 139 139 139.1 139 138.8 138.4 137.9 137.7 137.3 136.6 136.3 136 135.5 135.3 135.3 136 135.5 135 134.6 133.7 133 131.8 131 129.9 128.7 127.4 126.3 125 124.2 124.5 125.4 125.9 126.6 127.6 128.5 129.4 130.5 131.3 132.2 132.9 133.9 135.2
101.2 102.4 103.5 104.7 105.9 106.6 107.2 107.7 108.3 108.9 109.4 109.9 110.3 110.7 111.2 111.4 111.9 112.8 113.5 113.7 114.1 114.3 114.5 114.7 115.3 115.3 115.5 115.8 116.5 116.5 117.1 116.9 117 116.9 116.8 116.7 116.3 116.3 116.2 116 115.8 115.6 115.3 115 114.5 114 113.7 113.2 112.6 112.3 111.6 111.2 110.9 111.9 111.4 110.7 110.2 110.1 109.6 109.4 109.2 109.8 110.6 111.5 112.3 112.8 113.8 114.6 115.6 116.5 117.4 118.4 119.5 120.2 121.3 122.7
84.4 85.5 86.1 87.3 88.5 89 89.4 89.9 90.3 90.6 91 91.4 91.7 92.1 92.2 92.6 92.6 93 93.2 94 94.1 94.9 94.9 94.9 94.8 95.1 94.9 95.3 95.4 95.3 95.6 96.2 96 96.1 96.6 96.5 96.5 96.4 96.3 96.2 96.1 95.9 95.6 95.6 95 94.9 94.5 94.3 93.8 93.4 93.5 93.3 93.3 93.1 93.2 92.9 92.9 93.1 94.7 95.6 96.3 97.6 98.6 99.5 100.3 100.8 102.2 103.4 104.1 105.2 106 107 107.8 108.8 110.2 111.3
61.2 61.6 69.5 70.5 71.4 72.6 73.5 73.7 73.9 73.8 74 74.3 74.4 74.7 74.9 75 75.1 75.2 75.2 75.3 75.3 75.2 76.4 76.9 76.8 76.7 76.7 76.9 77 77 77.3 77.4 77.3 77.1 77.4 77.7 77.6 77.8 77.6 77.6 77.8 77.7 77.8 77.9 78.1 78.1 78.2 78.1 78.3 78.3 78.2 79.2 78.9 79 79.1 79.8 80.4 80.8 81.8 82.9 84 84.4 86 87 89.1 90.4 91.6 92.8 93.8 94.5 95.7 96.8 97.7 98.9 100.2 101.2
51.2 51.4 51.7 52.1 52.5 52.8 53 53.1 53.2 53.4 53.4 58.9 59 58.9 58.8 58.8 58.8 58.9 58.9 59.1 59 59.3 59.6 59.7 59.9 61.3 61.3 61.6 61.7 61.9 62.1 62.1 62.3 62.5 62.5 62.6 62.6 63 63.4 64.2 64.4 64.6 64.6 64.8 65.1 65.2 65.1 65.7 65.7 66 66.3 66.9 67.5 68.2 68.6 69.4 70.2 71.7 72.9 73.5 74.5 75.4 76.6 77.7 78.8 80 81.1 82.2 83.5 84.8 86 87.4 89 90.8 92 93.4
44.9 45.2 45.4 45.8 46.1 46.5 46.8 47 47 47.2 47.3 47.3 47.4 47.5 47.7 47.9 48 48 48.3 48.2 48.3 48.4 48.5 49.8 49.6 49.8 51.1 50.4 50.8 51 51 50.8 50.8 50.5 51.3 51.4 52.3 52.5 53 53.1 53 53.1 53.9 54.3 55.2 55.7 56 56.6 57.2 57.8 58.8 59.4 60 60.7 61.4 62.2 63 64 65 66.1 67.1 68.1 69.1 71.2 72.1 73.4 74.5 75.5 76.7 77.5 78.6 79.6 81 82.2 83.4 84.7
40.3 40.9 41.2 41.7 42 42.2 43.3 43.6 43.5 43.6 43.7 43.1 43.1 43.2 43.4 43.3 43.3 43.6 43.5 43.5 43.7 43.7 43.8 43.7 43.9 44 44.2 44.3 46 44.8 45.3 45.9 46.2 46.5 46.6 46.9 46.8 46.9 47.2 47.3 47.8 48.2 48.5 48.7 48.8 49.3 49.7 50.2 50.9 51.6 52.7 53.7 54.2 55 55.5 56.4 57.4 58.3 59.3 60.4 61.1 62.1 63 64.1 65 66.1 67 68 69.4 70.5 71.4 73.1 74.1 75.1 76.2 77.4
38.7 39 39.3 39.5 39.8 40.2 40.3 40.1 40.9 40.6 40.8 40.8 40.9 40.7 40.8 40.9 41.1 41.3 41.4 41.7 41.7 42 42.2 42.2 42.5 42.7 42.8 43.1 43.1 43.5 44.8 44.8 44.1 44.5 44.6 45 45.3 45.3 45.7 45.8 46 46.1 46.3 46.8 47.3 47.9 48.4 49.4 49.9 50.4 50.7 51.3 51.7 52.2 52.7 53.2 54 54.9 55.5 56.2 57 57.7 58.5 59.4 60.3 61.2 62.2 63 63.5 64.3 65.5 66.4 67.5 68.3 69.3 70.3
39.3 39.5 39.7 39.9 40.3 40.6 40.8 40.4 41.1 41.3 41.3 41.2 41.3 41.3 41.4 41.4 41.2 41.5 41.5 41.8 41.8 42.1 42.3 42.3 42.6 42.6 42.9 43.1 43.2 43.4 43.5 43.6 43.9 44.9 44.2 44.6 44.8 45.1 45.4 45.6 46 46.4 46.9 47.2 47.6 48 48.4 48.7 49.1 49.5 50.1 50.3 51.1 51.5 52 52.4 53.2 53.7 54.3 54.7 55.4 55.9 56.5 57.3 58 58.7 59.3 60 60.6 61 61.5 62.5 63.2 63.9 64.9 65.4
40.1 40.1 40.4 40.6 40.8 41 41.4 41.6 41.1 41.8 41.7 41.9 41.9 41.8 41.9 41.8 41.9 41.9 42 42.2 42.2 42.4 42.5 42.6 42.8 43 43.1 43.3 43.4 43.6 43.7 43.9 44.1 44.1 44.4 44.5 45.4 45.6 45 45.4 45.8 46.3 46.8 47.2 47.6 48 48.4 48.6 49.1 49.3 49.6 50 50.3 50.7 51.1 51.4 52.2 52.7 52.7 53.3 53.9 54.6 55.3 55.5 56 56.5 56.9 57.5 58.2 58.7 59.1 59.7 60.3 60.7 61.6 62
40.8 40.9 41 41.4 41.5 41.8 42 42.1 41.8 41.7 42.4 42.6 42.5 42.5 42.5 42.5 42.5 42.5 42.6 42.6 42.6 42.9 42.9 43.1 43.2 43.4 43.3 43.6 43.6 43.8 43.9 44.1 44.2 44.3 44.5 44.7 44.8 45 45 45.4 46.5 46.8 46.2 46.8 47 47.4 47.7 48.3 48.6 49 49.4 49.7 49.7 50.4 50.6 50.8 50.9 51.3 51.5 51.8 52.1 52.3 53.9 54.5 53.8 54.4 54.9 55.4 55.8 56.4 57 57.5 58.2 58.6 59 59.2
41.7 41.6 41.7 41.9 42.1 42.1 42.4 42.4 42.8 42.4 42.4 42.9 42.9 42.8 43 43 43 42.9 43 43 43 43 43 43.2 43.3 43.5 43.5 43.8 43.8 43.8 44 44.1 44.3 44.3 44.5 44.7 44.8 45 45.1 45.2 45.4 45.7 45.9 46.2 46.5 47.5 47.9 47.2 47.8 48 48.3 48.6 48.9 49.4 49.6 50 50.2 50.5 50.3 50.6 51.3 51.6 51.9 52 52.1 52.5 52.7 52.8 53 53.3 55.3 55.7 54.4 54.9 55.3 55.7
