datasets/global_precipitation_1950_2017/rasters/precip_1983-total.asc
NCOLS 720 
NROWS 347 
XLLCORNER -180 
YLLCORNER -90 
CELLSIZE 0.5 
NODATA_value -9999 
[rows 306 to 339 of 347, columns 608 to 683 of 720]
545.7 549 554.7 557.7 560.8 563.7 565.9 568.4 570.8 572.4 573.5 573.9 574.9 574.5 574.1 573.8 572.4 571.8 572.9 573.5 574.6 575.2 576.5 576.9 576.1 574.7 573.4 581.2 580.1 574.9 576.3 577.3 577.6 577 571 566 565.6 555.7 555.5 556.2 556.1 556.7 556.8 557.1 557.3 557 557.3 555.5 556.4 558.5 559.6 561.6 564.4 566.7 566.1 569.5 570.5 572.5 575.2 576.6 578.2 579.6 574.1 571.9 577.4 583.4 589.8 595.6 602.7 608 608.4 603.6 -9999 -9999 -9999 -9999
541.7 545.2 549.6 554.8 559.4 561.3 564.1 565.7 567.2 568.3 569.1 570.4 571.1 571.2 571 570.7 570.6 570.6 570.8 571.6 572.6 573.5 573.4 573.1 572.8 572.1 571.8 572.3 572.8 573.6 574.4 575 569.7 568.9 564.4 563.9 554 554.1 554.4 554.5 554.6 554.6 554.5 555.1 554.6 556 554.6 555.9 557.1 559.2 560.9 562.9 564 565.5 565.5 565.5 563.1 563 564.1 564.3 565 566.6 558.2 554.2 555.1 559.2 564 567.9 570.3 570.9 567.5 561.8 551 538.6 -9999 -9999
532 538 544.5 550.8 556.7 559.5 561.1 563.5 565.8 567.6 568.6 568.6 569.1 569.7 569.5 569.9 570.4 570.3 570 569.9 570.8 570.9 571.3 571.1 572 571.8 571.5 571.9 571.7 571.7 571.9 567.3 566.3 562.6 553.1 552.7 553.2 553 553 553.5 554.3 554.6 555.8 557.5 557.9 556.7 558.7 556.6 559.8 559.2 559.1 558.3 559.5 560.6 561.8 551.1 548.7 561.2 560.4 559 557.8 556.7 546.9 539.4 536 536.4 535.3 532.7 531.2 527.6 522 514.7 507 495.8 485.4 471.9
513.5 523.4 532.8 526.7 545 547.4 549.9 553.7 558.3 562.3 565.3 567.1 568.4 569.1 569.6 569.5 569.1 570 568.9 569.1 569.4 569.2 569.7 569.8 570.4 570.5 570.1 570.2 570.6 565.5 566 561.8 562.2 552.7 552.8 553.3 553.3 553.2 554 555 555.4 556.4 557.6 557.3 553.6 553.1 551.7 550.5 548.7 547.1 547.4 547.8 548.6 548.6 548.4 548.6 548.2 547.8 546.8 545.7 544.2 542.7 521.7 515.5 513.6 511.2 508.5 506.4 499.8 492.7 480.7 480.6 470.9 461.6 450.2 437.6
477 488.6 476.4 504.3 508.1 511.3 517.2 527.9 538.3 536.4 549.1 551.2 554.6 559.8 564 565 567.2 568 568.1 568.6 569.2 569.1 569.4 569.3 569.6 569.5 569.8 566.8 565.2 564.2 561 549.2 552.1 552.2 551.6 551.7 550.8 549.8 551.7 550.8 549.3 547.6 545.4 543.3 538 538.3 531.9 531.9 532.1 532.2 532.2 531.9 531.8 530.8 530.6 529.4 528.7 527.4 525.5 524.2 521.8 506.4 492.8 489.4 485.3 481.9 476.7 469 461.5 456.1 448.8 435.5 434.5 424.4 414.4 405.3
411.2 420.1 427.4 432.9 440 452 464.5 474.8 480.9 486.5 492.1 502.1 512.8 523.4 531.1 539.9 538.5 551.8 554.2 557.3 562 562.4 563.3 565 565.8 563.6 562.7 562 556.8 547.6 545.9 544.8 543.3 541.6 539.1 536.6 537.6 534.7 528 525.8 526.2 527.3 526 516.2 519.3 516.5 517.5 517.4 517.3 517.4 517.3 516.9 516.4 516 515.1 514.1 513.3 511.5 509.7 499.5 487.7 467.8 454.6 451 446.7 442.6 438.7 432.3 426.1 419.6 411.5 407.1 398.8 391.2 383.2 375.9
327.7 334.3 341.3 349 356.9 364.1 372.9 380.8 389.4 401.2 410.3 419.3 429.2 439.3 451.5 461.6 475.1 490.2 500.8 505.4 512.7 515.9 526.1 522.6 529.7 537.1 541.7 538.4 529.5 531.8 533.9 535.7 508.5 528.4 521.4 504.2 503.3 499.9 494.3 494.1 493.9 491.8 488.3 487.8 487.2 487.7 487.5 487.7 487.5 487.5 487.6 487.8 461.4 459 457.2 479.7 476.8 469.1 457.8 447.4 442.2 423.8 419.2 415.3 410.7 405.3 396.6 392.6 390.3 382.9 376.2 371.7 365.4 359.3 352.1 346.5
246.9 252.5 257.7 261.6 266.8 276.2 282.8 289.6 295.8 300.4 308.4 312.8 320.4 328.7 338.2 349.6 362.4 376.2 389.1 403.5 418.9 425.3 431.4 440.2 454.1 465 463.1 472.6 479.7 485.1 488.2 486.6 485.6 484.3 464.9 458 455.5 453.1 441.9 437.9 436 430.4 428.4 427.2 427.3 421.6 420.2 418.9 425.7 424.5 423.7 422.7 421.7 420.8 419.3 409.3 410.7 405.3 402.6 400.3 396.9 378.6 372.5 365.5 362.3 359.7 356.5 351.6 347.3 342.7 337.1 335 330.8 327 323.7 320.3
186 189.9 193.1 195.6 198.5 201.6 200.9 205.3 209.7 211.4 212 212.7 214.3 216 218.6 222.3 229.7 241.3 252.2 263.5 279.6 296.4 309.5 322.1 329.5 345 356.7 369.6 381 390 389.9 395.1 394.5 393.8 391.9 389.3 386.6 383.9 369 366.2 361.2 359 357.9 356.5 355.6 355.2 355.2 355.3 356.2 356.9 357.7 358.2 345.7 354.3 349.7 346.3 342.8 340.4 339 337.6 327.5 318.5 316.4 314 311 309.3 306.8 304.1 301.5 299.1 296.1 297 295.4 294.8 294.1 293.8
135.4 132.7 130 127.1 128.6 133.8 138.8 139.5 136.8 133.8 130.9 128.2 125.8 123.5 121.2 122.9 127.4 139.6 142.8 156.2 164.6 162.7 189.8 191.5 211.8 224.9 238 251.1 264 270.6 274.4 284.2 296.6 298.9 286 290.5 292.7 293.5 291.5 289.2 288.3 295.5 290.5 291.8 290.8 290.7 290.2 290.2 291 290.2 290.3 290 289.7 289.5 290.2 289.3 288.1 286.8 286.1 284 268.7 269.1 267.3 265.1 265 263.2 264.8 263.6 261.9 261.6 260 262.5 261 261.1 261.3 267.4
89 86.2 83.3 80.6 78 95.1 76.3 79.3 82.9 82.1 79 75.9 73.1 71 68.9 74.9 80.5 80.5 86 85.8 89.8 92.9 98.9 106.5 115.7 126.1 137.2 152.1 168 178.2 188 197 214.6 215.6 222.4 226.4 228.4 229.7 230.6 230.2 230.7 237.7 237.5 237.7 239.4 242.3 241.8 241.1 240.2 240.5 242.9 245.4 245.2 243.8 246.1 243.9 245.3 246 246 237 231.6 230.6 230.6 228.5 229.1 230.6 230.5 229 228.2 227.2 225.8 228.2 227.9 228 229.3 231.2
69.6 67.3 65.3 63.3 61.3 59.3 57.4 55.9 54.8 56.9 55.3 51.7 51.7 50.2 51.7 48.9 50.1 51.2 62.9 58.9 65 73 80.8 86.7 93.5 101.5 110.2 121.8 129.4 139.4 149.2 158.9 168.2 176.4 179.3 184.4 188.7 191.8 194.1 195.2 195.5 195.7 205.1 199.1 202 204.9 208.7 215.8 212.4 212.2 215.3 214.6 222.6 214.1 215.3 220.5 222.9 223.7 222.6 212.7 205.8 206.7 205.6 204.1 202.6 201.7 200.4 199.4 198.4 197.9 197.9 201.2 201.6 202.7 208.9 210.3
51.3 51.4 50.1 49 48.3 47.4 46.5 46.2 43.6 41.8 41.4 41.5 43.3 43.9 45.3 47.1 48.6 51.1 55 59.2 62.5 66.1 69.8 74.2 80.7 89.1 95.9 102.9 110.1 122.5 127.9 136.4 145.1 152.6 153.1 159.5 165 170.3 173.8 177.5 180.3 189.5 190.5 188.5 190.7 193.1 192.4 192 193.8 194.7 196.6 198.4 204.1 203.5 204.5 206.3 205.4 204.9 203.4 189.8 187.6 186.3 185.2 184.3 182.3 182 181.6 181 180.9 181.1 181.2 183.9 184.6 185.3 186.3 187.6
42.8 40.1 39.7 40.9 40.5 38.2 38.5 38.5 39.2 39.5 40.7 41.7 42.7 43.9 45.4 47.5 49.9 53 55.4 58.1 61 64.4 68.6 73.4 77.9 85 88.8 95.8 103.6 110.3 114.7 121.7 128.6 136.1 142.7 149.3 154.8 159.3 165.5 167.8 172.3 175.9 179.2 179.8 182 182.5 182.1 181.5 180.7 180.1 179.1 178.8 188.9 187.9 195.3 190.1 191 189.7 181.2 175 173.5 172.4 171.2 170.8 169.5 168.8 167.9 167.1 166.4 165.8 165.4 167 166.6 172.1 171.9 171.8
37.9 38 36.7 36.8 37.5 38 38.3 38.6 39.3 40.2 41.5 42.9 43.7 45.4 47.6 48 50 52.6 55.4 58.5 62 64.7 68.4 73.1 77.5 83.3 87 92.3 97.6 103.6 111.7 115.5 121.7 128.2 134.9 142.6 147.8 154.6 157.3 162.2 166.7 170.5 173.2 174.9 176.5 177.4 177.7 178 178.2 177.9 177.1 176.6 176.2 175.4 186.8 177.1 180.6 182 174.6 169.5 168.1 166.9 165.7 164.7 163.5 162.6 161.8 160.7 159.7 158.8 157.4 159.5 158.2 154.5 153.6 153.3
32.9 33.4 35 35.2 35.6 36.2 37.8 38.3 39.3 41.5 42.6 43.8 45.3 47.2 49.1 50.9 53 55.6 57.6 60.1 62.2 65.7 69.5 73.9 77.3 82.3 89.9 92.2 97.5 103 108.7 114.8 120.3 125.7 131.2 136.2 141.4 146.4 150.7 154.6 158.3 161.8 164.5 166.5 168.5 169.4 170.6 170.7 171 171 170.6 170.5 170.2 169.5 180 179.4 179 177 170.7 167.7 166.7 165.7 165.1 164.4 163 161.9 160.4 159.2 159.4 158.2 157.2 156.4 154.5 152.4 150.6 144.4
32.7 33 33.8 34.9 35.5 36.8 37.6 38.7 41 42 43.5 44.8 46.5 48.1 50 51.8 53.8 56 58.7 61.3 64.4 67.2 71 75 79.5 83.7 88 92.4 98 102.4 107 111.8 116.8 121.9 127.2 132.2 137.1 144.8 149.6 154.2 158.4 162.3 165.6 163.7 165.8 167.3 168.6 169.7 170.5 170.9 171.4 171.8 171.9 172.2 172.3 172.4 173.7 178 172 174.4 173.3 172.4 171.5 170.1 169.1 167.9 166.6 165.2 163.6 167.9 166.1 165.4 158.7 157 155.2 153.9
32.7 33.5 34 34.9 35.7 37.5 37.8 39.3 41 42.3 44.4 46.8 47.9 48.9 50.7 52.2 54.2 58.1 58 60.9 64.5 68.2 72.1 75.4 79.1 83.1 87.1 91 95.5 101.9 106.3 110.7 115.5 120.8 126.4 131.6 136.7 141.9 146.6 151.5 155.6 159.4 163.1 166 168.6 170.9 172.8 174.4 175.6 176.3 177 177.3 177.6 177.6 177.9 177.8 175.6 182.9 181.9 182 184.1 182.9 187.1 189.1 190.7 181.5 181.2 181.3 181.3 187.6 186.9 182.3 182.6 182.4 182.8 182.8
33.3 33.1 33.6 34.9 36.2 37.6 39.5 40.4 42 43.5 44.9 46.4 48.4 50.2 51.9 53.2 55.4 58 60.6 63.5 66.1 69.2 72.5 75.8 79.4 83.6 87.3 91.4 95.7 99.9 104.4 110.4 114.4 120.9 126.1 131.3 136.4 141.8 146.8 152.2 157.1 162.2 166.9 171.1 174.5 178.2 180.9 175.9 177.8 188.1 189.7 191.9 193.1 194.6 195.9 189.3 191.6 192.4 194 195.3 197 198.7 201.8 198.9 201.8 202.3 203.2 210.1 210.1 209.9 210.5 211.6 212.8 213 215.9 217.6
31.9 32.9 33.8 35.6 36.9 38.3 39.6 41.1 42.5 44.1 45.5 47.1 48.7 50.4 51.7 54.7 57.1 59.6 62.3 65.1 68.1 71 74.5 77.7 81.3 84.9 88.9 92.8 97.1 101.3 106.6 111.6 116.7 122.3 128.2 132.9 138 143.3 148.3 153.7 158.5 163.6 167.9 171.7 175.6 178.3 186.8 184.9 188.7 191.9 195.3 198.4 199.6 202.2 204.4 206.9 209.5 210.4 214.3 216.6 214.7 216.6 218.6 220.2 221.9 223.9 230.3 232.3 233.5 234.9 235.9 237.4 239.2 -9999 -9999 -9999
33.7 34.8 35.9 36.6 38 39.2 40.3 41.8 42.9 44.6 46.1 47.8 49.6 51.4 53.8 56.4 58.9 62 64.6 67.3 70.1 73.2 76.2 79.7 83 86.3 90.4 94.6 98.9 103.7 108.5 113.4 118.8 123.6 132.3 134.7 140.8 146.8 152.2 157.3 162 166.5 170.8 179.2 183.7 183.7 187.9 192.1 196.4 199.9 203.6 207.2 210.5 214.4 216.7 218.6 220.6 222.1 228.9 225.7 228.6 233.3 236.5 239.2 241.9 244.6 247.5 250.6 251.9 253.3 254.2 256.7 -9999 -9999 -9999 -9999
33.6 34.6 35.5 36.6 37.8 39.1 40.3 41.6 42.9 44.6 46.3 48.4 50.2 52.2 54.5 56.9 59.2 67.1 69.9 73.2 76.6 79.9 83.5 86.8 90.5 94.1 98.3 102.8 107.1 111.4 116.3 121 125.5 130.9 135.7 140.7 142 148.1 154.1 159.6 165.5 170.5 175 179.5 183.5 187.4 191 194.2 197.6 200.3 202.8 216.6 208.7 212 215.2 218.3 221.3 224.6 227.7 230.8 233.7 237.5 239.3 240.8 242.5 249.6 252.8 249.5 253.1 -9999 -9999 -9999 -9999 -9999 -9999 -9999
33.6 34.5 35.6 36.7 38.3 39.7 40.7 43 44.2 45.9 47.6 49.7 51.6 53.7 56.3 58.5 60.6 63.3 65.9 73.4 77 80.5 84.6 88.8 93.2 97 100.9 105.6 109.4 114.2 119 119 123.8 129 134.1 139.3 145 150.3 155.4 163.6 166.3 172 177.5 182.7 187.2 191.6 195.3 199.4 203.2 206.6 209.6 212.6 215.5 217.8 219.7 221.7 224.2 226.1 227.7 228.9 231.5 247.4 236.8 240 243 246.3 249.2 252.6 259.6 261.6 265.3 269.2 273.8 278.5 -9999 -9999
34.2 35.4 36.6 37.6 39.1 40.5 41.7 43.6 45.1 46.8 48.5 50.3 52.4 54.9 57.4 59.9 62.5 65.1 68.7 71.5 74.8 77.9 81.7 85 88.6 92.7 97 101.8 107 111.7 116.2 121 125.8 131.1 136.4 141.5 146.6 151.9 157.3 162.4 167.5 172.7 177.7 183.2 187.3 192.2 197.5 201.7 206 209.7 213.6 217 220.3 223.4 226.1 228.8 231.5 234 245.2 248.1 250.5 243.3 245.6 248 250.2 253 255.5 257.9 260.5 263 270.7 273.2 275.3 278.7 -9999 -9999
33.5 34.9 36.8 38.8 40.2 41.4 42.9 44.4 45.9 47.9 49.5 51.5 53.5 55.6 58 60.8 63.4 66.1 68.7 71.3 74.5 77.5 80.6 84 87.7 91.1 95.5 99.5 103.7 108.1 112.9 117.9 122.5 127.2 134.3 139.1 144.3 147.7 153.1 158.2 163.5 168.3 173.5 178.3 183.1 187.8 192.4 197.9 201.7 206.4 210.6 214.8 218.4 222.3 225.5 228.8 232 235 239 242.4 245.2 248.2 250.4 250.8 253.1 255.7 258.1 260.7 263 265.3 267.7 270.2 276.9 279.8 281.9 285.2
35.7 33.8 35.3 37.1 39.4 41.4 43.7 45 46.5 48 49.9 51.9 53.6 55.5 57.9 60.1 62.3 64.8 67.6 70.3 72.8 75.6 78.8 81.8 85 88.2 91.9 95.8 99.7 103.8 107.6 111.9 116.2 120.6 125.2 129.9 134.6 139.6 144.2 149.1 153.9 158.8 163.4 168 172.4 177.1 181.8 186.5 190.9 196.5 199.5 203.9 208.3 212.6 216.9 220.6 224.1 227.2 230.7 233.9 237 240 243 245.6 248.5 251.2 253.8 256.8 259.4 262 264.2 266.9 269.5 272.4 279.1 281.9
32.2 32.9 33.9 39.4 36.7 39 40.8 43.2 45.8 47.6 48.8 50.7 52.3 54 55.9 57.9 59.6 62.2 64.3 66.9 69.4 71.7 74.3 76.8 79.6 82.3 85.4 88.5 92.1 95.6 98.9 102.6 106.3 109.9 113.9 117.7 121.9 125.8 129.6 133.9 138.1 142.4 146.8 150.6 154.9 159 163.4 167.6 171.8 175.8 179.9 183.7 187.5 193.7 196 199.7 203.7 207.9 212.4 215.9 219.1 222.7 226.1 229.2 232.2 235.3 238.6 241.4 244.7 247.6 250.3 253.6 256.7 259.4 262.5 265.6
31.7 32.7 33.5 34.5 35.4 36.7 37.6 43.1 41 43.1 45.3 47.7 49.8 51.3 53.2 54.7 56.2 57.9 59.7 61.7 63.5 65.5 67.7 70.2 72.3 74.4 76.9 79.8 82.3 84.9 87.7 90.4 93.5 96.4 99.5 102.4 105.9 109.1 112.4 115.6 118.7 122.6 126.1 129.1 132.5 135.8 139.6 142.9 146.4 149.7 153.2 156.8 160.2 163.5 167.2 169.8 173.4 176.6 179.7 186.3 187.2 191 194.8 198.4 201.7 204.8 207.6 210.7 213.3 216.4 219 221.9 225.2 227.7 230.8 233.4
31 31.7 32.3 33.5 34 35.1 36.2 37.2 38.2 39.2 40.3 45.7 43.1 45.1 47.4 49.5 51.6 53.5 55 56.6 57.8 59.5 61 62.9 63.8 65.9 67.6 69.7 71.5 73.2 75.2 77.2 79.5 81.9 84.2 86.9 89.3 91.7 93.8 96.6 99.1 101.6 104.2 106.2 108.9 111.2 114.3 116.6 119.2 121.5 124.4 126.8 129.5 132.2 134.8 137.1 140 142.7 145.1 148 150.2 152.7 155.2 157.8 160.2 162.8 169.8 168.8 172.3 175.7 179.1 181.5 183.9 186.2 188.5 190.8
29.1 29.9 30.3 31.3 31.8 32.5 33.1 33.9 34.9 35.4 36.4 37.3 38.1 39.3 40.1 41.2 46.2 43.5 45.5 47.7 49.9 51.9 53.5 54.5 55.8 57.3 58.6 59.7 61.2 62.9 64.5 65.8 67.4 68.8 70.4 71.8 73.6 75.5 76.8 78.7 80.7 82.1 83.9 85.2 87.1 88.9 90.9 92.4 94.4 96 98.1 100 101.8 103.5 105.3 107.1 109.2 111 112.9 114.8 116.4 118.4 120.3 122.2 123.7 125.4 126.8 128.1 129.7 131.3 132.7 134 136.1 138.1 141.2 143.7
25.8 26.4 26.9 27.5 28 28.6 29.2 29.8 30.4 31 31.9 32.5 33.2 33.9 34.5 35.6 36.2 37 37.9 39 39.7 40.9 42.4 47.4 45.2 47 48.9 50.6 51.9 52.9 53.9 55.1 55.8 57.6 58.6 59.6 60.6 62 62.9 64.2 60.6 61.4 62.7 63.6 64.8 66.1 67.3 68.3 69.6 71 72.3 73.6 75 76.2 77.4 78.9 80.2 81.5 82.9 84.1 81.4 82.6 84 84.4 85.8 87.2 88.8 90 91.3 92.9 94.3 95.5 97.2 98.4 100 101.2
21.5 21.6 22 22.4 22.5 23 23.1 23.6 23.9 24.1 24.5 25 25.3 25.8 26.2 26.8 27.3 27.7 28.1 28.6 29 29.9 30.1 29 30.5 31.3 34.5 35.4 36 36.4 37.3 38.1 38.6 39.5 39.9 40.8 41.6 42.2 43.2 43.8 44.6 45.3 46.2 46.9 47.5 48.3 49.2 49.9 50.8 51.8 52.5 53.4 54.3 55.1 55.8 56.6 57.9 58.8 59.7 60.3 61.2 61.9 62.9 64.1 64.9 65.5 66.4 67.2 68.3 69.1 70.2 71.2 72 73.1 74 75.2
19.1 19.3 19.3 19.8 20.1 20.1 20.2 20.9 21 21.1 21.3 21.8 22.1 22.3 22.7 23 23.3 23.8 24 24.6 24.8 25.3 20.6 21.2 21.6 22.2 22.9 23.5 24.1 25 26.1 26.9 27.9 29 30 30.8 32 32.7 33.2 33.8 34.2 36.7 37.2 37.8 38.4 38.9 39.6 40.1 40.6 41.2 41.3 42.3 42.8 43.3 44 44.2 45 45.8 46.5 47 47.5 48.3 48.8 47.3 47.6 48.4 48.9 49.4 49.9 50.6 51.2 51.9 52.6 53.1 53.7 54.3
16.6 16.6 16.9 17.1 17.2 17.4 17.7 17.8 17.9 18.2 18.5 18.6 18.6 18.9 19.2 19.5 19.6 19.9 20.2 20.6 20.8 15 15.5 15.7 16.1 16.3 16.6 16.9 17.4 17.6 18.3 18.5 18.9 19.1 19.5 20.1 20.6 21 21.7 22.6 23.1 23.8 24.3 25 25.7 26.6 27.5 28.3 29.1 30.1 30.9 31.5 32.3 32.4 32.8 33.3 33.6 33.9 34.5 34.7 35.1 35.7 35.8 36.4 36.7 37.2 37.4 37.8 38.4 38.6 38.8 39.4 39.7 40.1 40.5 40.6
