datasets/global_precipitation_1950_2017/rasters/precip_1953-total.asc
NCOLS 720 
NROWS 347 
XLLCORNER -180 
YLLCORNER -90 
CELLSIZE 0.5 
NODATA_value -9999 
[rows 34 to 67 of 347, columns 380 to 455 of 720]
-9999 -9999 -9999 -9999 -9999 1926.4 2202.3 -9999 1854.8 1554.5 1436.8 1020.7 727.5 666 656.8 626 634.2 614.1 560.9 550.8 565.2 492.5 459.8 454.5 608.5 491.9 578.4 546.8 575.8 570 565.7 565 589 524.8 528.5 549.6 567.4 558.5 545.6 540.7 536 526 519 512.6 510.5 510.1 492.8 446.1 -9999 -9999 -9999 -9999 -9999 -9999 390.7 407.7 431 464.6 512.9 496.2 -9999 -9999 -9999 -9999 353.5 375.8 394.7 -9999 412.7 416.5 425.6 445.4 468.5 490.7 517.4 536.4
-9999 -9999 -9999 -9999 -9999 1663.9 1720.4 1418.3 1241.3 1040.2 906.3 871.4 799.3 664.3 639.5 657.3 641.1 599.7 564 542.4 518.2 485.5 493.2 467.7 465.9 479.1 -9999 -9999 -9999 481.5 536.2 588.5 597.7 591.5 619 619.4 619 611.3 569.3 551.5 542.8 532.4 516.2 502.9 499.5 490.7 460.5 406.8 339.3 -9999 -9999 -9999 -9999 -9999 -9999 -9999 -9999 -9999 -9999 -9999 -9999 365.5 369.5 381.2 388.8 391.8 390.6 379.9 316.9 349.8 385.1 415.2 442.6 470.8 503.3 530.9
-9999 -9999 -9999 -9999 -9999 1672.5 1569.4 1251.6 923 873.2 845.6 821.2 710.2 572.5 640.3 643 596.6 576 627.4 601.1 599 623.2 539.5 -9999 -9999 -9999 -9999 -9999 -9999 -9999 -9999 483.2 530.6 560.2 544 609.9 642.2 629.1 585 564.6 567.2 541.7 529 525.1 514.2 485.4 443.4 408.4 388.2 -9999 -9999 -9999 -9999 -9999 -9999 -9999 -9999 -9999 -9999 -9999 461.8 471.5 478.5 482.1 481.6 473.7 461.5 449 437.8 437.1 451.2 463.2 467.6 474.3 489.2 505.5
-9999 -9999 1498.6 2018.9 2000.6 1449.5 1243.2 1094.1 991 810.9 758.1 747.5 705.8 631.2 638.1 672.8 557.3 549.1 592.5 628.9 644.3 605.3 -9999 -9999 -9999 -9999 -9999 -9999 -9999 503.3 498.3 512.6 559.9 577.3 590.4 624.8 695.1 597.1 602 546 572.6 562.5 544.9 535.5 529.7 504.7 459.8 423 399.6 395.8 -9999 -9999 -9999 346.7 346.4 325.4 -9999 -9999 -9999 -9999 556.6 569.4 536.4 525.4 530.6 545.6 558.3 551.6 530.4 515 507 497.8 484.8 474.9 471.7 470.7
-9999 1591 1479.8 1427.2 1277.1 1130.2 956 817.4 761.6 766.6 749.9 681 682.9 671.6 594.8 607.7 650.6 626.4 602.7 666.2 739.9 721.3 -9999 -9999 -9999 -9999 -9999 -9999 596.3 541.4 524 508.5 551.7 561.1 562.5 541.1 629.3 609.2 605.9 546.1 613.7 590.9 565 537.6 523.2 513.3 500.7 480 455.6 421.1 368 321.4 -9999 -9999 -9999 -9999 454.4 460.4 477.7 507.9 533.2 520.7 499.3 488.4 510.5 529.8 542.2 548.5 546.4 535.6 518.7 502.7 486.7 475.7 467.6 466.9
1653 1533.7 1100.2 1037 1140.6 970.9 817.4 707.4 759.4 615 621.3 592.8 635.5 577.9 594.6 768.8 758 663.5 819.7 785.4 748.1 -9999 -9999 -9999 -9999 603.3 598.5 609.5 646.3 585.5 479.6 560.8 572 587.8 634.3 670.2 630.5 594.9 616.6 641.5 602 552.9 564.7 559 536.9 528.6 539.8 563.6 589.7 551.2 505.1 478 470.4 477.6 494.5 514.1 519.3 509.4 506.2 516.6 524.7 524.4 517.6 515.8 528.1 547.2 559.6 570.9 568.4 548.9 535.8 517.6 497.8 479.4 462.8 443.9
1125.1 1015.8 945.4 1059.5 987.9 732.2 629.3 631.2 530.7 518.6 588.9 598.1 650.4 571.2 547.1 566.1 803.6 650.4 -9999 -9999 -9999 -9999 -9999 -9999 582.4 567.9 603.8 615.4 609.4 551.2 571.4 618.6 582.3 609.5 596 617.8 627.7 632.5 571.9 600.8 590.1 610.6 635.1 634.2 592.4 551.7 515.6 554.8 625.7 657.8 665.6 664.7 641.5 602.6 563.2 529.5 504.1 484.3 481.8 533.4 594.6 597.9 578.9 575.5 598.3 625.1 637.3 641.3 620.1 596.6 571.5 548.2 522.8 497.8 481.2 473
677.7 697.4 781.3 838.1 717.9 641.2 641.4 557.7 619.3 618.7 637.7 649.3 590.7 545.4 607.8 610.8 -9999 -9999 -9999 -9999 -9999 -9999 602.4 567.2 592.9 571.5 574.7 588.9 624.2 614.6 571.9 579.6 609.8 652.7 601.2 610.1 618.6 615.2 566.1 550.8 574.1 560.4 582.9 611 618.3 598 607.3 645.8 705.9 715 698.6 694.9 676.8 645.9 610.8 575.4 551.6 531 530.6 568.6 612.4 633.3 643.8 660.3 688.5 749.2 723.5 697.2 679.1 663.9 638.7 608.2 581.1 554.3 535.6 527.1
524.3 493.3 626.5 617.8 717.8 689.6 682.6 645.8 703.8 705.6 618.1 572.8 624.4 596.5 625.2 -9999 -9999 -9999 -9999 -9999 -9999 -9999 -9999 646.5 650 638 610 607.9 603.6 659.6 655.2 640.8 630 642.4 630.4 588.1 553.1 562.2 545.6 486.9 478.3 486.8 515.1 557.1 594.4 593.4 601.8 605.2 595.6 614.9 629.7 629.5 618.8 601.1 602.1 605.7 601.3 601.2 614.3 635.9 650.4 660.1 671.8 674.2 664.6 652.5 661.8 682.1 696.2 706.6 695 658.1 619.8 593.4 572.8 566.6
657.4 629.4 634 704.4 764 801.1 766.8 736.6 735.9 720.5 667.6 529.3 446.7 499.7 547.1 -9999 -9999 -9999 -9999 -9999 -9999 -9999 -9999 629.9 646.5 687 637 631.7 624.5 607.5 643 594.9 614.5 586.3 589.2 577.9 558.9 530.5 505.7 481.2 471.9 519.1 512.8 549 592.5 619.5 641.1 624.6 549.1 565.7 602.6 614.3 607.6 602.7 614.1 624.2 607.8 585.6 610.5 663.7 677.3 686.4 679.5 671.7 656.3 642.3 641.1 657.5 669.6 677.2 671.1 650.8 623 589.7 564.9 558.7
684.8 716.9 805.7 862.2 946.3 836.9 796.9 750.2 726.3 710.8 569.8 543.7 495.6 516.8 -9999 -9999 -9999 -9999 -9999 -9999 -9999 -9999 -9999 538.5 533.4 533.3 583.4 566.1 560.4 587.1 608.4 597.2 590.3 590.2 561.9 525.8 562.3 554.8 541.7 527.9 510.5 515.8 543.9 590.1 636.6 668.7 681.8 678.5 667.1 667.8 681.1 696.9 710.7 710.1 682.7 646.8 609.5 582 600 652.8 681.6 686.3 674.1 652.6 640.4 640 642.8 646.5 651.7 654 652.4 652 645.7 568.4 535 527.3
710.4 650.2 626.3 702.4 788 771.6 837.3 850.6 773.4 683.8 640.2 540.5 609.6 588.1 577.6 -9999 -9999 -9999 -9999 -9999 -9999 -9999 -9999 519.3 547.8 535.4 578.4 591.2 620.8 637.7 607.6 606.2 592.8 606.9 606.2 630.1 624.9 643.2 619.6 617.4 599 594.2 611.4 641.5 669.3 687.3 738 772.9 763.4 786.7 767.6 746.1 742.1 733.3 699.8 656.7 626.9 620.6 642.8 680.1 705.8 705.1 689 669.8 660.9 663.2 665.3 663.9 656.8 646.7 639.2 622.9 598.7 577.6 532.5 497.4
651.5 810.8 852.9 732.2 754.3 872.2 821.8 837.5 871 736.1 664 626.9 574.4 547 523.8 508.6 547 -9999 -9999 540.5 532.5 -9999 -9999 -9999 486.2 -9999 603.2 661.8 653 635.8 -9999 640.5 -9999 -9999 -9999 -9999 -9999 -9999 571.1 565.2 596.7 616.4 638.5 667.7 701.9 683.9 704.8 746.2 773.6 778.2 763.7 737 702.4 668 623.5 582.8 576.5 583.6 602.3 643.2 678.7 685.4 685.6 692.9 701.7 707.1 712.2 711 700.3 681.7 660.5 637.6 606.3 562.7 480.6 355
804.8 724.6 785.7 847.4 759.4 731.7 790.9 833.1 834.1 781.6 725.6 599.5 573.5 510.9 456.7 448.9 503.4 533 -9999 -9999 -9999 -9999 -9999 -9999 -9999 -9999 -9999 -9999 -9999 -9999 -9999 -9999 -9999 -9999 -9999 -9999 -9999 612.5 596.9 590.8 656.8 631 648.2 661 662.6 707.5 760.7 740.6 768.2 752.7 731.6 701.1 673.4 647.1 619.9 597.5 573.1 566.7 531.7 535 545.9 573.5 613.5 657.5 692.9 713.5 728 735.8 738.2 728.1 712.7 695.1 661.3 618.9 586.5 589.6
909.5 827.1 868.6 831.8 790.5 824.9 736.3 710.4 726.5 706.5 667.3 614.2 582.3 592.8 472.2 447.5 464.7 -9999 -9999 -9999 -9999 -9999 -9999 -9999 -9999 -9999 -9999 579.9 576.1 551.7 573.6 621.3 570.3 534.7 561.4 589.8 609.2 729.1 682.6 677.7 685.4 677.8 692.8 713.9 751.1 788 790.5 766 733.9 717 697.8 671.9 661.6 654.9 651.6 673 724.3 660 625.2 619.8 553.8 567 601.5 628.1 648.5 699 748.9 784.3 798.7 783.5 750.5 729.3 708.7 676.7 650.9 635.2
-9999 -9999 801.7 930.5 839.9 776.1 704.2 658.4 724.8 746.2 735.6 560.6 557 502.1 513 -9999 -9999 -9999 -9999 -9999 -9999 -9999 -9999 -9999 -9999 -9999 -9999 -9999 1655.6 724 615.2 590.8 538.6 494.2 511.8 670.5 653.5 679.4 685.3 671.1 670.6 664.9 665.9 722 812.8 902.4 805.3 731.5 686.9 676.7 685.6 679 653.4 622.3 599.4 626.1 658.9 667.1 648.7 634.2 625.7 645.5 690.6 713.6 721.4 748.3 778.1 819.1 889.6 853.7 772 730.9 709.5 681.3 655.8 647.8
-9999 -9999 -9999 1032.3 885 837.8 749.6 735 636.5 589.8 557.7 484.8 540.7 -9999 -9999 -9999 -9999 -9999 -9999 -9999 -9999 -9999 -9999 -9999 545.3 -9999 -9999 -9999 -9999 540.8 588.9 588.6 567.2 541.4 569.3 592.8 635.7 710.2 755.1 695.9 675 661.9 656.3 702.9 787.8 819.4 800.9 720.4 694.8 694.7 689.1 675.3 649.4 629.7 627.6 651.6 693.2 717.5 684.2 652.4 653.7 678 725.6 753.4 759.8 768.9 773.5 779.8 786.8 762.5 714.4 694.7 690.2 654.5 623.5 620.8
-9999 -9999 -9999 -9999 979.4 1030.9 1010.5 859.6 583 584.8 563.9 547.3 533 -9999 -9999 -9999 -9999 489.5 -9999 -9999 -9999 -9999 -9999 -9999 -9999 -9999 -9999 -9999 -9999 608.5 691.5 688.9 659.5 600.3 597 607.9 641.9 680.4 674.7 662 668.8 674.7 677.1 728.3 790.6 804.4 800.8 728.4 697 707.1 702.1 710.2 650.5 606.4 643 671 684.3 686.3 663.2 611.9 618.5 730.9 756.4 735.9 734 757 772.4 772.5 761.4 751.8 743.9 734.5 695.1 636.3 585.9 578.7
658.8 -9999 -9999 -9999 1026.3 1158.1 1041.4 861 705.3 628.7 540.9 458.1 428.7 -9999 -9999 -9999 491.1 -9999 -9999 -9999 -9999 -9999 -9999 577 600.5 592.2 -9999 -9999 -9999 579.6 628.5 635.8 612.8 602.6 607.1 554.2 608.8 647.4 659.9 659.5 660.7 677.9 702.4 765.7 802 769.2 758.5 740.7 724.8 715.4 711.8 709.3 692.1 684.2 699.1 702.6 709.7 699.7 695 688.5 688 698.8 695.5 693.6 707.2 748.4 769.4 723.9 705.6 718.1 727 688.3 646 605.6 569.2 555.1
659.9 -9999 -9999 -9999 -9999 849.6 1094.5 790.8 648.4 563.3 512 482 415.7 436.6 -9999 -9999 -9999 -9999 -9999 -9999 -9999 -9999 646.7 682.1 557.6 508 470.3 492.5 504.2 546.4 603.5 615.3 660.4 596 546.3 548.3 610 656.3 649.7 621.5 604.1 620.8 664.6 705 656.6 656.7 690.7 685.5 674 681.2 705.4 715 691.9 705.8 746.1 730.6 702.7 702.1 722.2 720.5 707.4 712.5 650.6 625.1 650.7 662 670.6 638.8 647.4 659.2 647.4 625.9 608.9 602.6 625 742
639.4 574.9 -9999 -9999 -9999 -9999 870.9 681 415.2 473.5 386.7 510.4 -9999 -9999 -9999 -9999 -9999 -9999 -9999 -9999 -9999 -9999 574.8 593 567.9 506.3 463.9 455.7 458.8 497.5 513.9 530.6 542.6 530.6 521.2 548.2 628.1 770 699.2 571.9 533.2 543.5 613.8 678.5 659.8 643.9 628.4 612.7 599.3 617.1 642.6 652.2 666.6 686.8 683.8 672.9 675.2 693.5 621.3 669.1 690.1 643.5 640.2 624.2 613.2 612.8 617.3 546.4 495.8 540.6 560.4 564.7 563.2 561.8 567.6 601.4
-9999 -9999 -9999 460.7 534.7 -9999 429.2 493.5 -9999 -9999 -9999 -9999 -9999 -9999 -9999 -9999 -9999 -9999 -9999 -9999 -9999 -9999 570.9 689.2 629.8 558.9 463.1 446.2 455 459.4 483.1 513.1 574.9 522.6 536.7 567.3 576.8 589.5 594.9 595.8 592.2 588.7 610.9 636.1 643.6 630.7 619.9 617.5 611.4 608 600.1 587 604.7 660.6 716.5 713 682.1 686.2 660.8 658.3 659.8 651.4 620.9 594.6 577.9 560.7 540.6 523 523.9 532.5 540.6 545.8 540.6 533.1 525 527.3
561.7 502.4 -9999 559.7 497.4 -9999 -9999 -9999 -9999 368.1 -9999 -9999 -9999 -9999 -9999 -9999 -9999 -9999 -9999 -9999 -9999 -9999 -9999 661 680.7 544.8 457.2 436.7 430.3 404.4 469.1 510.8 522 541.1 520.1 532.2 556.2 573 603.8 656.6 605.8 604.6 649.6 683 689 675.8 633.9 605.1 657.3 635 597.7 583.4 596.5 640.3 667.1 668.6 638.9 598.2 588.4 574.9 577.9 587.4 583.6 570.4 551 537.9 510.6 477.8 539.4 552.9 533.7 538.8 547 532.1 505.3 493.3
-9999 -9999 475.7 565.6 -9999 -9999 -9999 -9999 -9999 -9999 -9999 -9999 -9999 -9999 -9999 459.8 404.6 -9999 -9999 -9999 520.5 589.6 583.4 579.1 559.6 488 442.8 455.1 471.7 510.5 550.2 555 549.3 526 500.3 510.6 546.4 582.2 591.7 592.8 612 636.4 668.5 702.9 717.2 676.1 622 585.2 586.1 603.5 606.5 612.7 623.4 613.8 584.7 583.3 594.6 556.2 532.8 495.1 485.6 517.4 544.7 558 542.6 527.5 520 511.1 510 455.4 465.8 492 499.1 494.9 477.9 456.7
666.5 649.3 -9999 -9999 515.1 547.6 -9999 -9999 -9999 -9999 -9999 -9999 501.4 467.7 478 477.3 380 350.6 440 479.4 485.7 498.4 513.5 516.5 519.4 389.2 392.6 429.5 469.7 509.6 538.7 521.8 487.4 418.6 387.5 422.5 507 548.3 543.8 539.6 565.9 648.2 658.2 645.8 654.8 656.4 621.8 572.5 562.3 583 591.7 598.2 600.8 579.3 539.2 542.4 524.9 505.9 495 473.3 479.2 507.9 503.5 480.5 473.1 475.4 475.1 462.8 468.5 471.9 463.6 483.9 474.1 463.1 457.3 440.9
673.1 567.3 556.8 532.4 515.4 572.7 476.7 495.9 501.2 501.4 512.2 487.8 465.4 434 454.3 444.8 398.4 390.3 388.4 433.9 424.7 438.7 464.6 451.9 438.6 406.5 401 427 415.7 451.8 467.8 511.7 473.9 408.2 394.6 414.2 455.5 481.6 497.9 511.4 550.6 561.6 561.2 575.7 606.1 626.9 618.7 606.5 598.1 612.4 584.2 556.4 541.4 529.5 530.4 513.2 508.7 488.2 476.1 504.6 576.1 530.4 510.3 488.4 444.4 420.8 420 419.4 457 503.3 598.2 622.3 482.9 458.7 458.5 452.9
544.2 541.4 507.1 562.4 512.8 498.7 533.1 475 436 433.6 471.9 488 473.1 447.3 443 415.7 406.4 408.5 409.3 412.7 375.4 389.6 390.1 369.9 378.3 378.1 369.9 394 402.4 416.6 428.9 426.6 432.8 405.2 390.3 392 423.9 476.1 507.5 520.9 533.6 527.6 502.2 493.3 522.1 556.6 586.2 607 600.8 539.8 513.5 460.1 452.4 463.3 426.5 469.3 518.9 504.4 495 507.1 526.3 522 505.8 484.3 436.8 410.3 419.7 425.5 442.7 439.5 471.3 538.7 515.9 475.6 449.2 446.7
552.6 553.8 536.4 486.8 455.2 453.5 483.3 511.5 497.5 480 469.6 468.3 463.1 452 440.6 431.6 435.6 425.8 396.5 387.2 350.7 338.1 337.9 349.7 367.9 382.5 388.5 398.2 406.9 411.7 414.2 417.4 432.3 426.4 403.9 394.7 445 502.8 542.5 573.7 562.6 517.4 473.7 441.8 451.5 495.7 540.6 559.3 558.4 528.3 481 423.8 416.7 414.6 381.9 410.6 477.1 511.4 525.6 533.7 528.6 518.1 484.3 446.1 409.1 367 397.4 416 419.5 435 441.5 438.5 434.5 431.1 428.4 426
434.4 481.6 465 443.8 475.8 448.2 475.2 453.8 489.5 496.5 489.8 487.9 462.2 437.6 439.3 436.1 434.3 428.7 426.6 424.2 390.2 373 365.9 359.2 361.6 388.2 409.8 409.5 420.9 419.8 417.2 406.1 400.7 410.7 481.1 557.5 548 547.2 579.2 675.2 624 528.9 473.1 446.4 458.5 477.1 495 511.5 510.5 503.1 496.3 496 503.2 475.5 432.4 424.5 467.4 484.1 501.6 507.8 482.4 450.8 433.7 425.5 413 405.4 425.8 454.3 411.3 383.5 374.3 367.7 390.4 402.3 437.7 432.7
798.4 725.2 423.7 358.9 493.4 538.7 426.9 460.3 483.1 518.6 494.1 494.3 472.2 431.8 444.1 442.6 435 455.7 463.2 477.9 420 386.6 369.6 370.8 386.4 405.3 412.5 419.8 422.1 430.7 429.3 419.8 431.4 457.7 506.1 545.6 554.2 556.3 572.4 568.2 500.7 502.4 492.7 502.3 502.1 551.4 544.3 490.7 486.6 498.5 492.7 522 506.8 496.3 462.4 468.3 490.3 476.6 490.8 447 376.6 358.6 373.4 398.9 423.4 431.3 444.7 420 385.4 351.2 316.5 267.9 284.7 340.9 372.8 470.4
596.3 393 413 454.5 478.7 568.8 503.4 567.2 599.8 599.5 565.1 470.8 373.6 363.9 401.8 456.6 490.3 492.7 470.6 432.8 442.8 449.5 440.9 425.6 412 433.2 421.2 423.4 438.8 437.2 468.1 467.8 463.4 466 503.8 539.7 530.8 511.5 533.7 521.4 484.9 495.1 482.2 468.6 475.8 487.9 446 468.2 445.5 418.4 431 463.8 491.2 435.5 377.4 426.4 434.9 431.3 417 385.7 340.4 334.7 360.3 412.3 445 422.6 411.3 382.5 344.9 310.4 283.6 272.7 285.5 280.1 309.5 371.2
493.4 745.6 427.6 557.5 596.5 579.7 678 751.8 552.2 585.4 784.8 808.1 576.3 475.8 435.1 464.8 489.5 542.7 524.6 505.9 496.9 524.9 514.9 519.8 517.1 486.4 467.6 479.9 502.1 462.6 413.2 389.2 388.8 431.8 487.4 525.2 525.1 516.3 515.8 508.8 498.9 481.5 464.2 453 461.1 471.5 496.2 482.9 439.9 402.6 400.4 404.1 382 333.7 356.5 359.5 369 380 384.1 382.3 364.7 362.1 373 361.3 374.7 410.7 387.1 355.6 319.7 294.8 275.2 258.3 251 248.6 260.6 275.9
481.1 427.7 493.6 506.9 578.8 566 451 315.8 306.5 289.6 412.8 400.3 706.1 558.5 647.7 487.4 486.5 533.1 515.9 534.5 575.3 581.1 597.1 632.7 607.5 555.7 526.9 551.4 541.9 523.7 486.6 452.2 418.4 457.5 490.4 517.6 549.1 525.2 504.6 514.4 508.7 455.9 408.4 422.6 445.2 449.3 460.6 509.3 479 427.3 395 387.3 415.7 391.1 376.1 360.8 358.3 366.9 374.7 379.7 392.8 401.7 413.1 429.6 454.6 416.2 369.5 347.2 340.3 286.4 236.7 221.5 235.5 256.4 265 270.4
407.5 438.3 530.7 497.7 593.1 448.1 322.1 325.3 341.9 421.5 431.5 548.5 557.9 480.1 523.5 557.8 640.7 782.5 755.9 660.5 670.5 651.1 678.9 680.9 672.5 612 637.8 584.8 534.7 530.3 487.9 441.8 445 474.8 452.5 527 525.7 506.3 503.4 481.3 437.2 427.3 418.9 417.9 412.1 420.3 404.2 440.2 356.8 332 426.4 407.8 445.2 426.2 366.6 328.4 362.3 368.7 366.4 356.3 387.2 418.3 457.8 453.7 441.7 423.5 357.6 294.5 306.4 286.4 258.1 237.2 235.2 244.6 244.7 229.1
