datasets/global_precipitation_1950_2017/rasters/precip_1970-total.asc
NCOLS 720 
NROWS 347 
XLLCORNER -180 
YLLCORNER -90 
CELLSIZE 0.5 
NODATA_value -9999 
[rows 34 to 67 of 347, columns 380 to 455 of 720]
-9999 -9999 -9999 -9999 -9999 1385.9 1558.9 -9999 977.4 771.6 805.3 637.3 565.7 574 586.7 585.5 596.8 572.6 523.3 532.4 570.2 522.4 502.7 501.8 691.2 508.8 598.5 577.8 585.7 574 572.3 571.3 604.8 517.5 508.7 522.8 535.5 522.6 517.8 509.5 502.5 499.5 518.3 543.7 565.8 581.7 584.4 565.2 -9999 -9999 -9999 -9999 -9999 -9999 524.7 547.3 545.5 546.7 568.8 554.9 -9999 -9999 -9999 -9999 420.2 421.1 428.5 -9999 456.6 454.6 446 444.1 444.8 444.8 450.6 459.7
-9999 -9999 -9999 -9999 -9999 1156.3 1187.6 1027.9 796.2 607.4 612.8 575.3 628 592 574 525.2 478.6 509 512.9 522 524.9 527.8 548.9 498.7 462.8 463.7 -9999 -9999 -9999 462.6 504.1 569.7 583 577.4 601.6 603.4 607.9 589.3 523.3 518 512.4 513.9 510.3 502.1 518.3 540.4 538.5 512.9 471.5 -9999 -9999 -9999 -9999 -9999 -9999 -9999 -9999 -9999 -9999 -9999 -9999 466.9 464.3 457.4 451.6 450.3 455.2 455.6 393.4 423.1 450.3 473.5 493.1 512.9 536.3 553.5
-9999 -9999 -9999 -9999 -9999 976.4 878 697.2 516.1 517.7 587.2 675.1 594.3 420.1 577.2 571.3 544 576.5 652.6 676.6 551.3 637.2 540.1 -9999 -9999 -9999 -9999 -9999 -9999 -9999 -9999 474.4 531 564.9 530 555.3 511 522.5 539.2 558.8 560.6 561.9 565.2 563.8 562.5 554 534.9 521.4 508.6 -9999 -9999 -9999 -9999 -9999 -9999 -9999 -9999 -9999 -9999 -9999 474.3 487.8 500.1 508.1 509 501.4 491 485.7 487.5 502.8 530.9 555.9 571.7 589.3 610.1 623.9
-9999 -9999 1077.4 1405.1 1364.3 893.5 805.7 667.3 634.3 661.3 682.3 599.1 547.8 524.3 587.7 665.6 583.4 552.2 498.8 529.2 573.7 541.6 -9999 -9999 -9999 -9999 -9999 -9999 -9999 496.6 471.2 464.5 537.3 550.3 557.7 588.9 685.2 581 562.1 552.6 557.3 569.6 580.3 589.3 591.9 585.6 562.9 543.8 533.5 539 -9999 -9999 -9999 461.2 472.7 494 -9999 -9999 -9999 -9999 482.2 515.8 529.9 542.1 548.9 550.4 548.6 549.6 554.8 568.7 588.5 602.6 609.4 622.9 645.9 659
-9999 1063.5 946.8 889.7 794.1 690.9 605 562.2 521.1 557.3 561.2 432.7 519.3 566.6 516 539.7 634 608.8 534.9 571.7 643.1 680.9 -9999 -9999 -9999 -9999 -9999 -9999 519.1 481.2 495.3 445.7 527.3 498.3 536.8 607.2 608.5 603.1 559.3 502.1 591.8 625.2 643 629.7 616.3 611.1 601 583.6 572.4 562.6 541 534.3 -9999 -9999 -9999 -9999 594.7 574.3 548 532.9 539.8 551.4 576.9 599.7 583.8 572.7 568.2 570.9 575.4 578.9 579.3 582.3 588.3 599.2 610.3 618.3
1146.6 1034.9 705.8 631.8 768.5 694.6 669.8 666.2 746.9 553.6 568 570.3 594.5 532.1 521.5 681.5 685.3 612.4 802.8 726.9 640.1 -9999 -9999 -9999 -9999 436.5 461 449.6 402.5 485 412.8 526.8 580 554.6 631.3 729.2 632 535.9 533 577.7 630.3 703.8 692.7 646.5 614.4 597.9 593.5 601.3 620.1 604.3 585.6 577.8 581.6 597.3 626.7 662.6 671.4 643.8 617 609.3 609 604.8 591.4 580.5 589.3 606.1 613.6 613.1 601 576.2 552.1 545.9 557.2 567.3 566.8 560.2
755.1 675.6 701.6 747.7 681.3 584.9 582.8 653.5 568.5 525.8 595.2 624.3 648.9 602.2 550.6 575.9 808.6 671.9 -9999 -9999 -9999 -9999 -9999 -9999 468.1 484.1 429.5 458.2 462.8 448.8 480.1 572.4 579.7 619.9 627 619.4 614.6 631.6 603.7 598.4 590.4 565.1 553 558.8 556.8 545.7 522.5 549.9 599 617.5 619.1 617.8 620 622.9 625.1 620.2 609.1 586.9 578.8 651.1 740.7 724.5 661.8 626.2 649.4 684.6 699.6 691 666.7 634.3 600.4 579.5 576.2 577.2 572.2 568
469.2 570.9 666.8 732.7 667.7 581.4 606.6 549.5 608.2 548.6 622.9 654.4 690.4 618.5 706.2 705.2 -9999 -9999 -9999 -9999 -9999 -9999 471.4 465.1 476.3 465 472.9 497.4 499.4 469.1 474.1 519.8 526.5 629.8 582.4 589.1 591.8 635.9 661.4 610.3 638.6 594.7 555.7 564.8 565 557.5 568 589.6 621.3 624.3 616.3 618.1 623.3 629.7 630.3 623.9 623.5 616.3 624 675 729.2 736.8 723.8 726.5 753.1 851.4 795.2 757.2 739.3 728.4 708.8 679.8 651.2 630.9 621.2 621.9
376.8 381 492.6 527.6 642 595.2 614.7 603.4 637.5 610.1 590.5 634.6 735 721.7 652 -9999 -9999 -9999 -9999 -9999 -9999 -9999 -9999 577.3 498.4 488.4 518.9 510.7 551.1 562.5 660.4 643.1 605.4 609.7 597.6 595.9 577.3 655.5 695.2 633.4 600.7 629.6 626.6 620 608.1 578.3 567.8 554 525.9 562.3 597 618.7 629.1 617.8 631.1 654.1 665.4 674.2 686.1 696.5 698.4 704.3 713.5 709.5 693.2 669.5 682.4 718.4 748.1 777 775.1 720.1 664.7 637.9 628.9 637.8
490.5 475.4 497.5 562.8 657.6 655.3 708.8 657.8 671.8 703.7 748.5 600.3 551.3 643.7 641.8 -9999 -9999 -9999 -9999 -9999 -9999 -9999 -9999 579 579.1 618.9 570.5 566.8 581.2 578.3 631.5 592.4 589.2 572.1 611.2 620.5 617.1 623.2 624.7 639.2 656.4 756.4 694.1 672 627.6 602.7 598.8 603.8 603.7 599.7 619.3 648.2 678.8 685.1 682.3 692.3 687 689 703.7 722.8 677 705 695.7 684.1 666.5 653.4 655.1 673.5 677.9 670.2 642.2 599.9 569 566.8 583.3 603.9
603.3 618.9 668.2 707.3 809 725.4 677.5 657.8 697 681.2 631.7 614.2 557 564.6 -9999 -9999 -9999 -9999 -9999 -9999 -9999 -9999 -9999 598.8 540.9 430.3 494.3 537 607.1 608.7 613.8 616.9 655 714.3 536.7 573.3 630.1 647.7 628.7 620.1 631.7 658.3 670.4 635.9 611.1 595.4 606 630.9 650 666.1 675.4 675.6 672.6 682.2 689 686.7 681.4 681.2 693 727.1 742.3 716.7 677 641.9 627.7 632.4 635.3 623.6 595.7 558.5 520.5 483.9 456.7 579.1 564.1 561.1
667.2 551.4 578.5 622.7 620.5 556 624.1 627.6 577 608.5 686.4 559.9 613.7 551.9 528.8 -9999 -9999 -9999 -9999 -9999 -9999 -9999 -9999 572.8 616.9 560.5 551.3 625.9 643.4 671 630.7 644 618.2 676.1 644.9 696.5 759.1 854.6 771.3 741.2 687.4 652.7 645.2 647.5 647.1 640.5 674.5 724.1 760.2 826 778.8 714.9 681.9 673.7 665 648.3 633.7 632.9 651 666.9 671.9 667.8 654 639.7 637.5 641.2 634.9 608.7 564.9 517.4 483.7 460.8 450.4 481.9 490.5 484
698.3 879.8 801.5 698.1 652 745.5 622.6 648.7 769.4 675.1 649.7 650.3 626.4 567.8 513.4 541.8 603.3 -9999 -9999 474 452.5 -9999 -9999 -9999 602.9 -9999 643.6 675.2 719 716.1 -9999 692.5 -9999 -9999 -9999 -9999 -9999 -9999 691.4 640.5 638.3 633.7 637.1 656.1 688.6 686.7 692.9 693.7 703.7 729.7 723.6 692.3 658.1 628.2 586.5 545.1 547.2 563.4 580.5 611.4 634.1 642.6 648.1 656.3 669.1 678.7 669.8 634.1 585 535.5 498.5 476.8 464.7 452.6 405.9 300.6
927.2 802 771.5 779.5 685.1 694.9 1005.5 697.1 687.7 693.4 707.8 676.9 581.9 527.8 471.5 536 657.2 583.6 -9999 -9999 -9999 -9999 -9999 -9999 -9999 -9999 -9999 -9999 -9999 -9999 -9999 -9999 -9999 -9999 -9999 -9999 -9999 611.3 621.4 632.7 711.1 655.7 652 656.2 643.4 675.7 727.7 694.6 666.9 650.9 648.5 633 621.1 616.1 605.3 590.4 571.7 533.8 442 517.8 568.3 588.6 604.7 628.8 656.2 670 656.6 620.9 585.7 553.7 528.1 516.5 504.5 497.8 510.6 566.8
1062.5 817.8 767.8 734 699.9 711.8 652.8 620.9 685.4 720.9 553.1 587.5 573.5 593.5 489.4 455 462.6 -9999 -9999 -9999 -9999 -9999 -9999 -9999 -9999 -9999 -9999 568.7 587.4 592.1 590.7 635.3 585.2 579.1 626.2 626.6 598.6 711.3 688.8 707.4 723.1 730.8 760.7 742.1 735.2 747.6 733.6 711.9 679.6 651.1 632.5 609.3 617.6 642.6 657.6 665.7 820.1 686.4 622.2 651.1 609.8 603.5 601.7 589.8 572.5 587.6 596.6 586.3 571.1 567.1 556.5 556.6 566.3 570.1 580.3 596
-9999 -9999 649.9 768.3 751.7 636.2 603.7 545.5 709.5 682.9 679.2 625.8 660.8 560.6 500.4 -9999 -9999 -9999 -9999 -9999 -9999 -9999 -9999 -9999 -9999 -9999 -9999 -9999 1752.6 781.2 591.6 596.1 610.9 572.3 593.7 896.3 710.1 706.3 715.8 717.1 712.5 693.4 679.5 710.9 765.2 835 702.8 654.2 668.2 671.9 626.6 610.4 619.7 640.2 653.6 667 689.5 692.5 672.2 658.7 650.6 652.2 665.3 647.7 606.8 605.4 610.6 588 580 608.4 632.3 642.7 637.4 629.8 623.4 617.1
-9999 -9999 -9999 782.3 683.1 634.6 567.7 589.7 570.7 571.9 657.3 608.5 655.3 -9999 -9999 -9999 -9999 -9999 -9999 -9999 -9999 -9999 -9999 -9999 601.2 -9999 -9999 -9999 -9999 630.6 622 607 615.1 556.6 584.2 618.2 676.6 731.5 753.8 737.5 722.7 694.6 672.6 670.2 677.3 643.4 574.4 590.4 588.8 588.5 589.7 585.1 581.8 591.3 623.6 663.1 699.5 714 724.7 725.8 709.1 684 679.7 667.6 626.8 635.1 665 658.1 643.9 654.2 677.3 679 667 656.9 643.3 614.1
-9999 -9999 -9999 -9999 859 827.6 883.2 738.5 571.8 692.7 639.3 658.9 643.5 -9999 -9999 -9999 -9999 637.6 -9999 -9999 -9999 -9999 -9999 -9999 -9999 -9999 -9999 -9999 -9999 634.5 644.9 675.9 662.4 561.6 564.1 648.8 699.2 728 746.3 769 755.6 700.3 658.5 619 569 564.6 588.3 604.3 562.4 586.1 581.2 583.3 547.2 509.6 629.1 698.4 689.7 713.9 781.8 847.6 776.3 1086.1 638.3 656.3 657.8 678.4 690.4 687.7 677.7 673.7 661.8 638.7 724.7 771.7 664.5 623.9
617.9 -9999 -9999 -9999 1070.7 958.6 951.3 816 683.9 660.8 655.7 681.7 684.7 -9999 -9999 -9999 602.7 -9999 -9999 -9999 -9999 -9999 -9999 660.1 635.7 716.3 -9999 -9999 -9999 666.8 689.7 671.4 628.9 624.4 632.3 604.4 849.3 742.8 718.1 704.8 672.9 655 647.4 587.7 563.7 600.2 624.9 614.9 618.9 628 638.5 648.3 646.4 675.8 787.8 835.3 723.4 711.8 714.4 740.8 761.1 766.1 733 684.6 665.1 713.8 741.7 684.2 655.7 708.7 768.9 725.7 713.4 692.6 648 611.3
627.3 -9999 -9999 -9999 -9999 897.1 1112.2 899.6 721.9 684.7 610.4 586.4 567 633.4 -9999 -9999 -9999 -9999 -9999 -9999 -9999 -9999 776.2 822 681.9 670.4 632.7 706.7 661 656.2 676.3 692.8 734.8 668.3 626.7 693 770.7 729.8 681.2 629.9 595.3 599.4 611.4 610.5 556.8 564.3 628.1 675 703.8 698.1 696.3 697.8 667.9 670.7 681.3 703.1 692.7 593.4 662.3 676.5 752.8 831.4 736.1 678.5 676.2 661.1 662.8 623.6 569.2 576.6 656.5 693.5 712.4 702.8 697.9 796.5
661.1 618.5 -9999 -9999 -9999 -9999 1103.1 903.9 721.1 741.2 705 737.5 -9999 -9999 -9999 -9999 -9999 -9999 -9999 -9999 -9999 -9999 766.5 789.6 760.3 737.7 648.5 609.7 576 561.8 598.8 633 642.6 622.6 598.4 615.6 691.6 756.5 693.8 589.4 565.4 593.1 620.6 695.1 720.8 653.9 666.1 732.1 805.6 751.6 713.8 658.3 678.9 637.4 695 738.5 773.6 824.6 674.5 711.4 780.6 738.2 713.1 670.6 635.4 615.4 606 631 611.9 604.9 626.6 671 738.3 724.6 672.5 709.5
-9999 -9999 -9999 607.3 706.5 -9999 722.1 732.6 -9999 -9999 -9999 -9999 -9999 -9999 -9999 -9999 -9999 -9999 -9999 -9999 -9999 -9999 863.5 926.8 832.8 724.9 596.8 568 539.3 545.2 557.2 577.2 671.8 630.6 651.8 689.2 706.8 729.1 688.7 623 610.8 627.4 652.7 677.1 669.9 629.1 644.5 697.4 733.5 744.1 761.9 832.2 814.1 715.7 748.2 773.2 753 744.1 728.4 728 718.6 692 641.3 580 557.7 568.4 585.9 596.4 601.5 599.3 593.9 603.2 625.5 623.1 608.5 607.3
658.4 591.7 -9999 696.2 647.1 -9999 -9999 -9999 -9999 617.1 -9999 -9999 -9999 -9999 -9999 -9999 -9999 -9999 -9999 -9999 -9999 -9999 -9999 847.5 789 700.9 616.1 590.3 583.4 567.4 594.1 620.7 683.2 720.5 720.9 730.9 765.3 779.6 743.3 695.8 684.3 681.1 730.7 761.8 751.3 740.7 710.5 689.5 720.6 738.5 778.7 850 822.2 761.2 737.9 717.1 694.9 665.9 664.6 654.7 645.8 629.2 592.2 543.6 501.2 537.7 564.5 576.5 610.9 615 587.8 592.5 621.8 599.1 574 574.4
-9999 -9999 582.7 651.6 -9999 -9999 -9999 -9999 -9999 -9999 -9999 -9999 -9999 -9999 -9999 959.8 854.4 -9999 -9999 -9999 1043.4 1089.9 968 848.2 750.9 638.4 647.2 703.2 673.3 645.8 654.5 691.2 736.1 763.1 802.3 905.2 857.7 788.2 783.1 757.4 691.1 697.1 788.7 958.5 913.5 825.2 760.8 744.8 747.7 764.8 807.7 869.3 972.5 916.9 751.1 700.7 705.6 653.5 621.9 595 566 540 544.3 567.7 549.2 549.2 555.1 545.2 550.1 520.7 554.5 584.5 572.8 558.3 568.3 591.8
779.4 794 -9999 -9999 635.8 687.1 -9999 -9999 -9999 -9999 -9999 -9999 896.4 831.3 783 763.3 776.6 782.3 893 954.4 958.2 925.4 852.3 831.1 832.7 754 717.9 694.9 690.5 675.8 748 740.4 718 694.9 716.9 816.3 1026.9 1066.9 909 772.4 692.7 640 658.2 777.8 782.5 704.3 707.9 758.9 767.2 753.3 730.8 801.5 899.5 910 794.6 766.8 634.1 581.3 558.6 522.9 487.5 447.8 468.3 482.4 515.2 575.5 615 499.4 538.6 648.7 781.7 664.9 575 541.2 563.4 617
965.6 770.3 687.3 646.6 632.5 653.8 629.9 682.3 692.9 697.9 760.8 788.8 783.9 743.3 756.1 755.6 745.1 770.1 798.7 876.9 883.9 873.8 847.7 815.8 824 827.3 828.9 872.2 880 853.3 772.8 972.4 895.1 791.5 749.6 737.6 793.4 994 964.4 800.3 727.3 741.8 738.5 707.2 718.7 745.2 764.7 859.1 780.9 741.7 757.6 807.7 865.9 888.1 629.9 670.3 617.1 599 623.2 486.4 467.2 502.9 553.8 590.3 568 556.6 555 475.6 552.8 626.8 661.5 640.7 565.8 564.7 574.2 554.7
736.1 747.1 681.9 696.4 647 617.2 653.2 608.7 588.6 598.4 646.5 713.4 728.2 713.4 713 700.4 712.8 727.4 766.9 825.4 834 836.5 802.5 771.8 800.4 840.2 856.1 883.7 897.7 889.6 884.6 858.1 846.8 830 786.3 770 778.4 813 712.2 774 784.6 787.4 758.3 677.8 683.2 763 821.3 815.1 720.5 720.7 783.5 835.2 834.7 955.4 884.3 719.3 681.9 650.2 618.6 593.8 595.6 621.3 644.9 649 605.3 579 631.9 602.3 584 576 590.1 664 739.6 752 626.5 551.7
913.7 811.8 714.3 678.1 606.8 567.8 601.3 613.5 577.1 550.7 560.9 588.9 607.4 605.3 621.7 660.8 700.7 721.2 737.6 767.3 745.3 723.2 700 695.4 727.6 791.8 843.9 866.1 908 907.2 891.4 874.7 942.1 911.9 822 802.9 811.8 816 797.5 808.8 798.8 722.4 703.1 696 885.8 828.2 847.4 874.1 826.7 794.4 807.8 841.9 838.9 808.8 754.3 725.2 712.9 713.6 757.9 768.6 707.4 690.9 711.4 580.9 641.2 681.7 620.4 582.7 582.1 618.7 662.3 698.6 736.8 727.5 642.9 535.2
812.2 764.5 706.1 695.7 663.4 604.6 613.3 543.8 522.4 520.9 533.1 557.9 558.3 551.3 567.1 615.4 664.6 712.3 771.5 802.3 763.5 737.5 717.8 666.2 629.2 715.3 824.3 785.7 823.8 851.4 838.3 811.7 789.8 767.4 847.6 931.9 905.1 856.3 818.2 845.8 805.1 733.3 720.9 712 766.7 796.9 820.9 836 826.3 805.1 788.9 779.6 762.8 765.1 763.5 753.8 701.5 671 642 694.4 688.3 657.1 625.6 618.1 619.9 608.9 563 529.7 552.7 608 717 702.9 691.9 691 691.5 604.7
1443.9 1441 735.9 631.5 711.9 722.3 605.4 574.5 547.2 596.2 565 579.5 612 597.3 620.1 616.9 622.2 687.1 735.1 787 759.1 745.8 723.8 693.4 695.6 723.8 742.4 747 768.4 785.6 784.3 785.1 794.2 813.4 867.6 911.7 938.9 889 850.2 806.7 728.3 794.4 839.2 804.4 812.2 860.4 859.1 813.8 796.6 767 758.4 765 734.8 748.8 727 685.4 645.5 670.5 684.2 671.3 649.6 634 620.8 632.8 626.7 584.6 561.6 522.6 558.4 584.2 596.8 613.9 661.3 661.8 626.7 648.1
895.9 669.8 616.6 659.8 693 796.3 744.8 817.6 820.1 773.1 717.9 674.5 630.3 645.8 664.9 673.7 687.3 702.8 699.3 684.7 716.2 741.3 732.1 722.1 736.7 753.1 733.3 744.5 761.7 740.7 815.3 844.3 776.5 778.2 858 937.4 890.2 879.3 888.1 845.6 776.9 820.4 838.5 859.2 847.2 833.3 997.9 845.8 777.1 761.9 764.8 779.6 796.1 751.5 677.8 759.2 720.3 669.2 666.3 651.8 621.8 604.4 613.1 646.7 654.8 593.5 559 545.5 573.8 601.5 609.5 644.6 660.9 575.9 529.8 505
875.5 1063.7 688.9 770.5 789.9 842.4 969.4 1026.2 795.9 793.3 1004.7 1143.7 837 747.8 721.1 768.8 777.3 762.5 715.2 729.6 733.1 758 728.9 709.8 728.4 717.5 707.5 729.2 792.3 722.9 614.2 619 702.6 735.7 774.9 781 836.3 864 936.4 967.3 875.2 817.9 798.2 812.2 818.7 809.8 816.7 802.2 771.5 835 784.3 813.7 812.5 808.9 687.6 549.2 602.1 623.6 563.2 556 584.2 584.6 579.9 612.5 609.9 568.5 538.9 507.4 586.7 653 601.3 578.2 531 473.9 432.5 387.2
752.2 770.1 999.1 1096.6 1059.8 937.3 801.2 582.1 541.1 514.7 617.8 582.2 916.6 784.1 920.6 823.5 813.7 818.4 792 800.2 851.1 880.1 842.8 776.7 762.4 731.4 722.2 700.9 731.7 702.3 651.8 622 671.5 792.7 836 805.6 849.6 894 885 902.6 891.9 830.6 710.7 660 732.4 729.2 679.7 725.2 733.3 724.2 720.2 696.8 675.7 696.1 645.2 663.4 719 627.1 581.1 566.6 574.9 569.1 537.6 567.2 587.6 536.4 507.5 489.4 480.1 555.3 566.8 510.3 465.9 422.9 388.7 365.2
673.4 831 1184.7 889.6 1019.7 806.8 699.4 666.8 619.1 668 652.4 747.2 755.5 686.5 749.2 792.4 824.7 1060.7 1077.2 960.7 951.3 919.2 932.2 884.6 809.5 711.8 746.8 785.9 745.6 710.1 658.6 632.2 687.8 761.9 740.2 769.5 789.3 768.3 801.6 822.6 789.3 786.5 763.4 718.9 672.6 687 671.3 689.5 676.7 675.9 736 675.4 651.9 625.5 573.6 521.3 584.2 557.8 538.5 534.6 556.9 582.7 554.5 548.7 525.1 509.4 482 504.8 503.4 534.6 558.5 499.7 423.8 378.4 351.4 304.6
