datasets/global_precipitation_1950_2017/rasters/precip_1971-total.asc
NCOLS 720 
NROWS 347 
XLLCORNER -180 
YLLCORNER -90 
CELLSIZE 0.5 
NODATA_value -9999 
[rows 68 to 101 of 347, columns 380 to 455 of 720]
515.6 489.9 625.4 561.4 576 509.6 713 434.9 372 465.2 489.2 461 402.7 380.1 474.9 593.3 742.7 709.3 826.3 865.6 957 608.4 558.7 607.8 689.1 721.2 748.2 695.6 638.5 615.5 609.2 620.2 645.4 696.5 685.7 666.3 683.5 715.5 641.7 641.6 635.4 649.3 644.3 671 650.3 635.8 600.2 551 549.6 489 463.3 461.5 457.2 432.1 459.3 427.1 439.8 499.7 435.7 347.7 324.6 363.5 388.7 386.8 356.9 297.8 256 301.6 304.2 287 287.9 258.7 214.3 198.3 190 189.1
570.6 614.5 583 608.5 585.3 523.2 845.2 756.6 406.7 434.8 477 368.5 406.7 440.3 507.4 545.3 554.6 591.1 720.2 653.6 618.9 558 563.1 529.9 702.7 857.8 1296.9 1025.7 814.8 705.1 651 676.7 679.1 652.6 652 649.9 648.2 638.6 674.5 699.2 747.9 653.2 605.2 566.6 571.3 691.5 582.7 505.4 498.4 510.4 452.6 438.1 461.1 435.2 397 385.6 436.7 462.9 452.6 407.1 364 360.6 379.7 403.2 387 351.6 331 324.6 320.4 324.1 308.1 260.3 216.9 198.7 206.1 202.8
781 727.7 748.2 806.5 727.3 699.8 687.3 624.4 519.8 587.3 550.3 574.9 580.6 490.9 526.7 478.2 440.5 516.6 522.9 491.6 521.8 503.7 442.7 476.6 515.5 635 866.6 1136 946.8 982.4 768 768.7 655.8 539.4 701.3 679.2 500.4 617.4 655.3 763.9 671.2 556.5 590.3 544.8 491.1 507.8 530 465.6 466.9 457.6 425.6 407.4 405.4 410 394.2 374.4 443.1 477.6 480.7 417.5 283.7 337.4 399.9 450.5 432.3 386.7 361.9 351.2 348 340.3 301.4 238.8 209 226 180.9 182.3
1509.7 1017.6 1088.3 1021.7 1041.2 1470.2 1073.5 1259.9 963.6 1161.5 1198.4 945.7 539 478.6 446.3 411.4 418.1 430.9 424.2 417.2 419.6 440.7 385.4 423.6 425.7 430.2 632.2 639.8 613.8 651.3 796.6 728.7 621.9 646.2 490.4 614.4 611.1 626.1 620.4 564.3 574.8 545 527.9 505.4 470.3 467.4 471.4 463.9 466.5 445.9 436.5 409.4 383.3 386.7 394.4 373.4 440.2 477.5 489.8 465.7 451.5 440.4 455.6 441.6 445 406 368.7 347.4 333.9 337 292.9 242.2 218.9 213.2 199 204.2
1467.4 570.1 785.3 830 887.4 978.8 860 569.2 382.8 489.7 1013.8 660 514.1 445 475.1 512.8 429.3 391.7 401.1 382.9 378.4 385.5 410.9 399.7 353.5 575.1 502.7 477.4 573.5 561.2 507.9 746 648.7 498.1 594.9 702.3 732.6 654.2 701 615.3 568.4 496.9 475.8 474.5 440.7 408 343.4 380.5 387.3 389.4 371.8 370.2 378.8 368 412.4 426.2 444.4 503.6 491.5 607.2 499.2 455.3 437.3 424.2 415.6 397.9 353.4 277.3 273.3 288.4 269.5 242.7 231.3 230.5 236.9 252.5
522.9 446.4 673.5 663.3 548.8 786.2 970.4 673.1 656.6 530.4 729.5 676.9 541.4 472 414.5 404.2 405.9 413.6 389 378.2 381.7 397.5 425.5 428 424.5 460 450.5 460.3 282.7 612.9 524.3 611.8 661.9 564.7 374.1 512.5 557.9 575.8 610 627.2 538.3 458 447.8 434.8 403.5 374.7 391.2 337.4 316.6 318.9 329.2 339.6 337.5 -9999 -9999 -9999 -9999 459.5 478.2 513.8 478.8 416.1 390.7 407.4 401.7 384.3 361.4 352.9 299.8 266 237.9 227.4 229.7 230.6 248 272.1
794.8 898 742.1 1376 1306.6 1592.3 2380.6 1759.6 1194 1117 788.1 751.1 705 624.7 497.9 446.8 415.9 407.3 395.3 392.4 336.2 398.8 478.9 356.1 381.8 430.5 361.6 327.2 326.7 636.6 564.5 590 547.2 491.2 455.8 464.6 524.3 567.6 548.5 533.7 454.1 -9999 -9999 -9999 278.2 279.5 281.8 300.2 294.2 288.5 -9999 -9999 -9999 -9999 -9999 -9999 -9999 574.4 554.7 552 502.4 394.8 340.1 377.6 394.3 393.2 378.4 348.7 268.5 249 213.1 221.9 222.6 221.8 233.7 268.4
1195.7 963.8 1653.9 994.9 898.2 985.3 -9999 1129.4 1281.9 1334.7 912.6 698.1 588.4 591.2 592 541.5 513.7 450.4 387.7 409 430 487.3 490 499 451.2 520.7 523.1 637.2 458.1 547 809 744.8 541.6 541.4 520 515 542.5 510.3 489.9 455.4 -9999 -9999 -9999 -9999 -9999 -9999 278.3 296.4 308.2 266.5 -9999 -9999 -9999 -9999 -9999 -9999 625.4 561.7 566 600.9 594.8 518 436.8 417.4 427.1 426.3 412.3 382.3 335.2 286.4 242.2 226.1 212.6 212.9 224.8 208
665.2 603.3 616.3 618.5 -9999 -9999 -9999 945.7 1119.4 1467.4 1208.4 886.6 771 679.9 584.6 537.7 532 442.3 490.6 383.5 465.3 517.9 586.7 984.2 823.6 607.4 600 502.6 389.7 657.7 883.7 848.6 532 578.4 546.8 462.2 496.1 478.2 435.1 -9999 -9999 -9999 -9999 -9999 -9999 -9999 231 321.6 345.1 350.7 343.6 306 317.1 -9999 407.8 496.5 519.8 615.8 646.9 622.8 575.1 520.9 446.3 490.9 468.8 452.5 423.7 390.6 344.4 321.5 298.2 270.1 227.4 206.9 198.6 177.1
707.6 680.6 506.8 456 -9999 -9999 -9999 -9999 -9999 -9999 1175.3 920.2 951.9 823.3 692.9 620.4 649.1 600.7 603.2 524.3 602.2 657.4 674.6 598.9 835.4 715.4 569.8 397.3 475.6 564 704.9 600.5 592.8 481.9 564.1 423.5 338.7 386.3 -9999 -9999 -9999 -9999 -9999 -9999 -9999 -9999 -9999 440.4 553.2 -9999 -9999 -9999 -9999 -9999 -9999 682.4 699.8 779.1 773 816.1 734.1 527.3 462.7 449.5 458.2 461.3 424.6 373.8 335.9 312.9 306 293.8 263.2 235 206.9 192.9
1814.9 926.5 664.9 532.1 394.5 -9999 -9999 -9999 -9999 -9999 735.1 1000.4 1063.8 1037.3 762.9 745.4 850.8 1007.2 786.5 763.5 727.1 693.3 691.2 707.2 712.3 580.4 458.4 568.1 584.4 552.5 558 589.4 609.3 585.8 609.5 486.1 331.6 -9999 -9999 -9999 -9999 -9999 -9999 -9999 -9999 -9999 -9999 -9999 -9999 -9999 -9999 -9999 -9999 -9999 -9999 -9999 -9999 -9999 1650.2 1282.3 1007.8 715.6 551.1 508.1 465.5 436.5 449.7 400.8 358.2 336.8 328.2 312.4 292 273.7 246.4 220.5
-9999 903.9 548.3 1164.2 885.3 716.2 -9999 -9999 -9999 -9999 -9999 -9999 823.5 1165 1165.6 1626.2 1109.1 834 862.7 1003.8 816.8 718.4 643.8 592.7 618.2 582.5 526.5 512.4 588.1 616.4 537.6 609.2 665.4 722.8 682.4 521.1 451 -9999 -9999 -9999 -9999 -9999 -9999 -9999 -9999 -9999 -9999 -9999 -9999 -9999 -9999 -9999 -9999 -9999 -9999 -9999 -9999 -9999 -9999 1672.6 1796.8 1601.4 969.4 721.2 655.3 509.1 484.2 433.4 440.6 441.7 448.8 430.2 386.9 374.3 349.8 340.3
-9999 953.1 781.9 708.4 713.5 829.4 735.6 662.2 -9999 -9999 -9999 -9999 -9999 -9999 1099.3 1320.5 1657.5 1364.5 1021.4 861.8 753.8 872.9 620.3 511.2 569.8 677 851.3 775.6 638.8 681.2 673.2 692.8 769.7 735.2 646.8 499.1 -9999 -9999 -9999 -9999 -9999 -9999 -9999 -9999 -9999 -9999 -9999 -9999 -9999 -9999 -9999 -9999 -9999 -9999 -9999 -9999 -9999 -9999 -9999 -9999 -9999 1619.5 1510.5 1661.6 1154.9 826.2 833.6 671.7 778.3 721.7 550.4 557.9 403 303.9 390.4 387.2
-9999 -9999 711.8 831.3 709.4 675.7 787.2 894.1 -9999 -9999 -9999 -9999 -9999 -9999 -9999 -9999 2153.6 1920.1 1952.7 1408.8 850.5 592 573.4 664.6 562.5 587.8 681.1 769.9 827.6 1058.9 1027 822.9 753.7 738.1 598 593.9 -9999 -9999 -9999 -9999 -9999 -9999 -9999 -9999 -9999 -9999 -9999 -9999 -9999 -9999 -9999 -9999 -9999 -9999 -9999 -9999 -9999 -9999 -9999 -9999 -9999 -9999 -9999 1807.1 1840.3 1207.5 1211.8 960.2 1157.9 956.8 956.3 647 430.4 477 435.4 307.7
-9999 -9999 -9999 748.7 819.1 833.7 793.6 903.3 889.9 -9999 -9999 -9999 -9999 -9999 -9999 -9999 -9999 -9999 1686.5 2582.5 1330.9 602 570.3 537.5 593.3 533 762.6 876.8 648.3 704.5 709 693.5 703.6 672.4 717.3 709.6 -9999 -9999 -9999 -9999 -9999 -9999 -9999 -9999 -9999 -9999 -9999 -9999 -9999 -9999 -9999 -9999 -9999 -9999 -9999 -9999 -9999 -9999 -9999 -9999 -9999 -9999 -9999 1947.4 1770.2 1456.8 1206.6 799.6 943 1051.1 768.5 806.2 859.9 639.4 389.8 173.5
-9999 -9999 -9999 -9999 730 955 1146.9 1255.1 1030.7 725.5 594.5 768.2 -9999 -9999 -9999 -9999 -9999 -9999 -9999 1487.6 1273.5 885.8 657 436.1 473.8 589.5 649 750 829.3 1000.9 717.5 717.9 672.7 740.4 729.8 711.5 -9999 -9999 -9999 -9999 -9999 -9999 -9999 -9999 -9999 1015.6 878.1 900.1 938.6 747.4 -9999 -9999 -9999 -9999 -9999 -9999 -9999 -9999 -9999 -9999 -9999 -9999 -9999 2644.8 2211.6 816.3 838.4 763.7 580.7 432.1 559.8 611.1 713.2 1002 728.7 353.2
-9999 -9999 -9999 -9999 -9999 -9999 -9999 1104.4 1095.5 853.7 744.7 630.8 700.3 -9999 -9999 -9999 -9999 -9999 -9999 1243.8 1449.8 707.5 687.2 562.3 581.3 684 668.6 702 821.7 897.7 800.2 749 688.4 779.8 731 583.9 627 753.6 -9999 -9999 -9999 -9999 -9999 856.5 1179.7 641 604.4 485.8 536 531 513.5 586.3 692.2 985.8 -9999 -9999 -9999 -9999 -9999 -9999 -9999 -9999 2266.1 1247.5 1164.2 688.1 600.5 604.6 587.9 417.3 307.1 394.1 444.1 378.2 570.2 484.7
-9999 -9999 -9999 -9999 -9999 -9999 -9999 -9999 -9999 1194.8 1099 732.6 582.8 449.1 512.4 -9999 -9999 -9999 -9999 914.2 965.8 579.7 733.4 782.5 960 606.9 548.1 -9999 -9999 732 -9999 -9999 655.6 686.4 721 -9999 -9999 -9999 -9999 -9999 879.8 863 887 674.9 727.7 692.4 546.9 484 495.8 504.7 464.6 453.3 522.1 553.5 806.2 869.9 946.6 891.7 860.1 872.8 1370.9 1559 1106.2 625.4 524.4 529.5 496.3 538.2 561.4 660.4 473.1 577.5 269.2 235.1 256.3 354.8
-9999 -9999 -9999 -9999 -9999 -9999 -9999 -9999 -9999 -9999 972.7 877.6 848.1 -9999 -9999 -9999 506.7 -9999 -9999 1196.4 1338.5 957.3 696.1 568.4 602.7 -9999 -9999 -9999 649.5 -9999 -9999 -9999 -9999 690.5 771.5 682.4 585.5 691.5 852.9 557.6 605.4 634.8 650.4 593.7 558.9 610.5 482.7 446 500.8 522.5 497 510.9 458 453.3 523.9 600.6 583.1 581.7 522 513.5 461.3 508.2 492.2 530.5 446.6 606.4 455 349.9 463 582.1 446.9 452.1 563.4 320.3 212.8 199.2
-9999 -9999 -9999 -9999 -9999 -9999 -9999 -9999 -9999 -9999 -9999 -9999 797.4 -9999 -9999 -9999 -9999 -9999 -9999 1428.5 1431.6 1005.7 1316.8 802 481.8 449.1 -9999 -9999 -9999 -9999 -9999 -9999 594.3 713.2 707.9 619.5 596.2 648.9 687.4 554.4 467.4 388.8 410.8 384.9 367.1 383.6 405.9 434.4 482.9 585.4 513.6 439.2 422.9 449.2 443.7 556 519.6 529.6 455.9 518.1 501.7 468.6 413.6 467.3 473.3 527.7 490.3 267.5 241 310.6 299.9 583.2 410.1 404 227.5 161.7
-9999 -9999 -9999 -9999 -9999 -9999 -9999 -9999 -9999 -9999 -9999 -9999 1123.3 1261.1 -9999 -9999 -9999 -9999 -9999 -9999 -9999 1118.2 1061.7 839 586.3 518.5 622.6 -9999 -9999 -9999 -9999 -9999 706.1 718.3 740.4 629.8 594.2 709 583 615.2 587.5 476.7 466 388.3 357.5 380.4 377 435.3 344 383.5 318.8 375.6 390.2 395.3 459.2 456.2 504.5 579.9 641.7 717.3 762.9 673.8 563.7 527.2 536.3 486.5 457.3 388.7 255.6 234.2 211.7 334.2 401.2 235.4 168 164.4
-9999 -9999 -9999 -9999 -9999 -9999 -9999 -9999 -9999 -9999 -9999 -9999 1148.4 -9999 -9999 -9999 -9999 -9999 -9999 -9999 -9999 -9999 1096 1113.6 749.3 632.2 -9999 -9999 -9999 -9999 -9999 -9999 -9999 -9999 721.9 624.9 583.8 673.2 659.5 603.9 470.9 434.5 448.1 454.5 355.8 357.3 365.1 371.2 366.3 396.6 386.1 390.9 451.1 407.5 415.2 428.1 466.2 381.3 415.3 550.9 661.4 676.2 601.5 631 632.7 495.2 392.5 367.3 317.3 242.2 185.9 176.6 173.2 179.4 158.3 208.4
-9999 -9999 -9999 -9999 -9999 -9999 -9999 -9999 -9999 -9999 723.6 1149.4 1226.4 -9999 -9999 -9999 -9999 -9999 -9999 -9999 -9999 -9999 -9999 769.8 -9999 -9999 496.5 488.3 576.2 -9999 -9999 -9999 -9999 739.5 785.8 756 662.3 561.1 540.1 540.5 511.4 563.7 614.1 465.3 378 339.2 334.1 378.4 355.8 371.4 355.4 384.6 448.2 431.9 321.6 429.7 459.2 374.5 473.3 779.8 574.7 504.5 581.2 749.5 868.1 625.2 373.6 407.7 411 358.2 252.9 250.6 229.4 222.9 181.3 132.3
-9999 -9999 -9999 -9999 -9999 529.7 719 630 556.7 790.1 -9999 -9999 -9999 -9999 -9999 -9999 -9999 -9999 -9999 -9999 -9999 1248 -9999 880.5 972.5 641.9 -9999 -9999 -9999 -9999 -9999 -9999 -9999 881.1 -9999 750 735.6 619.3 587.1 539 432 561 427.5 335.1 345.1 311.4 298.4 279 356.4 394.8 518.7 729.7 603.5 523.3 489.3 557 665.8 544.2 449.1 497.9 479.1 481.6 458.7 620.5 678.2 703.3 649.9 659.5 642.3 432.6 324.4 339.6 339.3 294.1 175.4 100.9
-9999 -9999 -9999 -9999 -9999 -9999 -9999 517.9 361.3 676.2 750.4 -9999 -9999 -9999 -9999 -9999 -9999 -9999 -9999 -9999 -9999 -9999 -9999 815.1 871.5 750.4 -9999 -9999 -9999 -9999 -9999 -9999 -9999 -9999 -9999 808.2 1119.2 1069.6 716 599.2 520 686.3 657 593.5 564.8 467.2 367.2 340.7 387.8 521.7 512.9 601.5 647.8 680.9 537.4 458.7 499.5 516.2 481.8 509.7 539.5 676.8 453.1 550.3 673.8 787.9 810.1 817.8 759.6 589 444.6 353.7 328.4 334.1 257.1 172.5
482.7 472.5 -9999 -9999 -9999 -9999 -9999 -9999 -9999 635.7 -9999 -9999 -9999 -9999 -9999 -9999 -9999 -9999 -9999 -9999 -9999 -9999 -9999 -9999 -9999 -9999 -9999 -9999 -9999 -9999 -9999 -9999 -9999 -9999 -9999 -9999 1068.2 1115 997.7 591 717.9 -9999 -9999 768.9 769.6 653.1 429.8 427.8 485.7 -9999 551.5 -9999 720.4 530.2 457 341.1 381.9 422.3 398.5 458.4 495.3 474.6 443.5 488.8 452.1 1113 735 956.6 744.9 784.2 582.1 338.4 342.2 357.9 345.7 255.7
462.8 -9999 -9999 -9999 -9999 -9999 -9999 -9999 -9999 -9999 -9999 -9999 -9999 -9999 -9999 -9999 -9999 -9999 -9999 -9999 -9999 -9999 -9999 -9999 -9999 -9999 -9999 -9999 -9999 -9999 -9999 -9999 -9999 -9999 -9999 -9999 -9999 -9999 -9999 904.4 -9999 -9999 -9999 -9999 -9999 879.7 680.2 486.2 -9999 -9999 -9999 -9999 924 480.4 408.1 342.2 341.4 304 278.1 328.1 346.8 348.9 419.4 481.4 445.3 462.5 422.2 594.5 814 823.5 771.9 640 432.8 495 476.6 397.3
289.7 298.9 -9999 -9999 -9999 -9999 -9999 -9999 -9999 -9999 -9999 -9999 -9999 -9999 -9999 -9999 -9999 -9999 -9999 -9999 -9999 -9999 -9999 -9999 -9999 -9999 -9999 -9999 -9999 -9999 -9999 -9999 -9999 -9999 -9999 -9999 -9999 -9999 -9999 -9999 -9999 -9999 -9999 -9999 -9999 -9999 -9999 -9999 -9999 -9999 -9999 -9999 852.4 493.8 319.7 288.3 271.1 192.4 176.8 215.5 235.1 263.5 338 417.8 426.6 427.3 433.1 463.7 472.4 608.5 783 960.5 916.5 615.4 515.8 476.3
241.8 222.4 -9999 -9999 -9999 -9999 -9999 -9999 -9999 -9999 -9999 -9999 -9999 -9999 -9999 -9999 -9999 -9999 -9999 -9999 -9999 -9999 -9999 -9999 -9999 -9999 -9999 710.4 749.4 839.7 486.5 -9999 479.8 -9999 -9999 -9999 -9999 -9999 -9999 -9999 -9999 -9999 -9999 -9999 -9999 -9999 511.2 468.5 -9999 -9999 -9999 -9999 934.7 407.6 358.6 263.5 170.8 148.3 158.3 186.6 153.6 165.7 206.6 247.1 270.8 299.8 320 356.9 379.9 472.3 669.6 838 794.3 489.2 392.7 380.9
173.3 156.2 167 -9999 -9999 -9999 -9999 -9999 -9999 -9999 -9999 -9999 -9999 -9999 -9999 -9999 -9999 -9999 -9999 -9999 -9999 -9999 -9999 -9999 -9999 -9999 -9999 -9999 -9999 -9999 -9999 -9999 -9999 -9999 -9999 -9999 -9999 -9999 -9999 -9999 -9999 -9999 -9999 -9999 -9999 505.2 466.1 -9999 -9999 -9999 -9999 -9999 1063.2 589.9 295.6 162.9 132.3 126.6 138.1 152 159.1 170 183.2 185.5 195.7 223 252.7 281.7 327.1 351.8 434.6 541.6 560.8 477.8 391.6 357.7
-9999 -9999 -9999 -9999 -9999 -9999 -9999 -9999 -9999 -9999 -9999 -9999 -9999 -9999 -9999 -9999 -9999 -9999 -9999 -9999 -9999 -9999 -9999 -9999 -9999 -9999 -9999 -9999 -9999 -9999 -9999 -9999 -9999 -9999 -9999 -9999 -9999 -9999 -9999 -9999 -9999 -9999 -9999 -9999 -9999 -9999 -9999 -9999 -9999 -9999 -9999 1189.9 763.3 272.8 228.8 154.2 116.9 120.6 132.1 143.6 153.2 170.9 206.4 180.7 181.4 189.9 201.9 217.3 248 299 324.9 402.8 446.5 448.5 351.1 362.7
128.3 136.5 -9999 -9999 -9999 -9999 -9999 -9999 -9999 -9999 -9999 -9999 -9999 -9999 -9999 -9999 -9999 -9999 -9999 -9999 -9999 -9999 -9999 -9999 -9999 -9999 -9999 -9999 -9999 -9999 -9999 -9999 -9999 -9999 -9999 -9999 -9999 -9999 -9999 -9999 -9999 -9999 -9999 -9999 -9999 -9999 -9999 -9999 -9999 -9999 -9999 1235.5 502.9 248.4 211.6 168.4 128.4 125.8 133.4 138.5 144.4 156.2 168.9 171.5 170.8 167.9 169.7 182.9 208.8 252.7 316.5 336.9 365.3 378 371.1 400
156.2 135.1 -9999 -9999 -9999 -9999 -9999 -9999 -9999 -9999 -9999 -9999 -9999 -9999 -9999 -9999 -9999 -9999 -9999 -9999 -9999 -9999 -9999 -9999 -9999 -9999 -9999 -9999 -9999 -9999 -9999 -9999 -9999 -9999 -9999 -9999 -9999 -9999 -9999 -9999 -9999 -9999 -9999 -9999 -9999 -9999 -9999 -9999 -9999 -9999 814.2 770.9 298.9 223.9 252.1 148.9 91.5 114.4 136.1 138.2 136.1 141.1 153.9 159.1 154.7 151.3 155.4 166.7 167.6 187.8 217.1 242.6 243.4 292.6 373.1 389.9
103.3 103.8 125.1 136.1 189.2 229.8 310.9 382.4 -9999 -9999 -9999 -9999 -9999 -9999 -9999 -9999 -9999 -9999 -9999 -9999 -9999 -9999 415.6 468.3 328.4 -9999 -9999 -9999 -9999 -9999 -9999 -9999 -9999 -9999 -9999 -9999 -9999 -9999 -9999 -9999 -9999 -9999 -9999 -9999 -9999 -9999 -9999 -9999 -9999 -9999 711.1 613 388.1 373.7 309 160 111.6 127.9 142.8 144.2 134.9 135.8 138.5 130.6 119.5 131.3 142 135.2 147.4 143.3 148.9 155.2 159.5 165.2 248.4 308.9
