datasets/global_precipitation_1950_2017/rasters/precip_1995-total.asc
NCOLS 720 
NROWS 347 
XLLCORNER -180 
YLLCORNER -90 
CELLSIZE 0.5 
NODATA_value -9999 
[rows 306 to 339 of 347, columns 532 to 607 of 720]
426.4 456.1 483.9 507.5 529.6 551.4 572.2 592.4 611.9 627.1 642.2 656 667.8 677.4 683.1 688.2 691 694.7 695.9 692.3 690.2 686.5 681.6 674.3 665.1 654.3 642.4 630 616.5 601.8 586.6 571.9 556.4 540.8 524.5 509 496 480.4 466.8 457.2 443.4 433.3 424.6 417.1 410.9 406.2 402 399.6 394.5 394.3 397.2 397.9 402.4 406 408.3 416.7 416.5 422.7 433.5 437.9 443.7 449.6 455.8 462.7 469.1 476.2 482.7 488.9 495.3 502.3 510.3 512.2 517.4 522.8 528.6 534.2
393.2 411.1 438.5 463.9 485 505.8 524.8 544.4 563 579.9 594.5 608 620.2 630.8 638.3 645.8 652.9 658.6 660.6 660.4 658.3 656.2 652.2 647.2 640.9 632.7 622.4 610 597.6 584.2 570.4 555.8 541.8 527.6 514.3 500.3 484.7 468.4 456.4 448.8 441.6 432.3 422.8 415.8 411.7 408.7 406.5 405.6 404.1 402.3 404 401.3 405.3 410.1 414 416.9 420.9 425.4 430.7 437 443.3 449.5 456 461.7 467.5 473.5 479.5 485.2 491.3 498.1 505 512.4 519.8 525.4 529.7 533.3
350 370.9 392.8 415.8 437.1 460.3 476.5 496.7 515.7 533.1 549.6 564.8 575.2 585.8 599.3 607.7 614.4 619.1 622.8 625.9 627.4 626.9 618.3 614 614.8 607.4 597.8 587.4 577 565.8 553.5 540.2 527.2 513.8 500.9 488 474.9 467.6 458.3 442.9 438.6 428.5 422.2 415.5 411.6 408.4 406.1 404.9 403.8 402.7 402.6 403.7 402.9 406.7 410.5 414.6 419.1 423.5 428.6 433.9 439.3 445.7 450.1 456.1 461.8 466.6 471 476.8 483 488.3 495.2 502.8 510.6 516.6 520.5 524.3
308.3 331.7 352.6 377.9 396.2 414.9 440.9 460.3 479 496.8 504 518.3 529.8 540.8 553.6 562.1 580.1 586.4 590.8 593.3 583.1 583.5 574.8 571.2 573.2 566.6 568.2 558.2 547.9 536.3 517.5 505.8 491 479.9 469.8 457.9 446.4 436.6 427.7 418.6 410.8 404.3 398.5 393.4 389.6 386.7 384.5 383.1 382.3 382.5 383.4 385 388 385.5 391.4 395 398.5 403.9 408.7 413.6 420.7 428.9 427.4 433.6 441.3 441 452 457 463.4 466.3 471.2 479.7 488.2 495 498.6 502.5
296.7 314.7 324.8 350.5 367.8 385 402.3 418.6 429.6 448.4 463.9 477 487 496.2 507.9 518 526.2 529.3 530.5 530.2 528.2 524.6 510.2 502.9 508 500.5 491.8 482.8 472.4 462.1 451 439.7 423.9 413.3 408.3 398.7 388.8 381 367.8 361.3 354.8 350.2 345.8 341.7 339.3 336.6 336.1 335.5 335.3 335.6 337.2 339.5 342.5 343.2 347.2 351.1 354.3 359.6 364.2 368.6 377.3 384.2 391.5 399.2 394.8 402.6 410.4 415.8 422.3 425.2 428.1 433.2 441.6 448.8 452.9 461.3
275 287.4 297 310 321.5 336.3 353.4 367.8 374.1 389 402 411.5 418.6 425.3 432.6 439.5 445.7 450.3 450.1 445.2 438.5 431.4 423.9 417.6 411.9 404.1 394.7 383.6 372.1 361.2 356.1 340.9 333.1 323.4 314.8 308.1 301.9 296.8 292.7 287.6 283 275.2 272.5 273.1 272 269.4 268.8 271.9 274.8 275.8 276.8 278.2 279.8 281.2 285.2 289.1 293.3 297.2 301.4 306 310.8 316.2 321.9 328.5 333.8 339.3 344.6 350.1 355.5 360.5 362.5 368.9 373.8 380.3 388.2 390.5
236.7 243.3 250.2 259.7 267.3 275.4 288.8 291.3 300.9 312.4 321.2 327.8 332.6 336.2 338.5 339.1 339.2 337.5 335 331.4 327.3 322.8 318.5 312.1 302.8 292.3 280.9 268.1 258.9 254.5 249.6 244.6 241 233.5 221.4 209.7 198.7 227 222.6 218.8 215.2 212.7 210.6 208.5 206.9 206 206.6 214.3 211.5 210.9 212.9 215.7 218.4 220.7 222.4 227.7 228.4 229.8 233.6 239.3 243.9 247.2 255.4 259.2 260.4 265.6 269.2 275.4 279.9 285.1 289.7 294.9 300 305.4 310.6 316.4
188.6 192 196.5 202 205.3 209 212.1 214.9 220 228.4 235.3 240.5 245.3 246.4 245 242.3 238.4 233.7 231.6 230.6 229.9 228.8 227.4 222.1 213.4 203.4 193.7 183.3 177.5 174.9 173.3 172.1 171.1 165.7 156.6 147.6 139.2 130.7 173.1 170.5 167.8 165.4 163.9 163 161.7 160.6 160.1 165.2 164.4 167 168.9 170.9 173.1 174 174.6 175.1 176.7 177.4 179.8 183.2 186.5 189.8 193.4 196.5 198.4 201 203.3 209.1 213.7 218.8 221.5 224.9 229.5 233.2 235.4 240.7
140.9 141.4 145 146 146.6 147.3 147.7 147.9 150 156 161.9 167.2 171.4 171.7 168.9 165 161.4 157 156.2 157.8 159 159.3 159.1 155.6 148.6 141.4 133.8 126.5 122.7 122.6 122.7 122.9 123.3 119.9 113.7 107.2 101.6 96.1 94.4 95.6 97.4 99.5 101.9 104.2 107 110.3 128 127.7 127.9 128.2 134.2 136.2 139 139.6 141.3 138.2 139.2 141 142.2 143.3 143.9 149.7 150.6 152.5 155 152.7 154.5 155.4 159.1 154.1 161.6 165.1 169.4 171.5 172.8 178.4
99.3 100.8 103.2 102.7 102 101.3 100.6 99.7 101.1 105.6 110.3 114.3 117.6 118.1 115.7 113.5 110.7 108.7 108.1 109.1 110.3 109.9 111.1 109.4 104.3 100 95.2 90.3 87.6 88.1 88.5 89.3 89.7 87.7 83.9 80.1 76.9 73.7 72.5 73.6 75.1 76.3 78 79.8 81.6 83.4 85.7 87.5 90.1 92.9 96.1 98.7 102.4 104.3 111.5 111.5 111.6 112.8 113.4 113.2 114 108.4 108 108.7 106.5 104.5 102.3 99.8 115 116 117.1 118.4 121.3 122.9 123.9 124.9
62.2 66.3 69.9 69.2 70.2 69.8 68.9 68.6 69.6 73.4 77.2 79.8 82.5 83.3 82 81.1 79.6 77.6 77.1 77.1 78.3 79.1 80.2 78.8 76 72.7 70.4 67 65.8 66 66.3 67.1 67.6 67.5 65.1 62.8 60.5 58.2 57.2 58.2 58.9 59.7 60.9 61.8 63.2 64.5 66.1 67.9 69.8 71.3 73.3 75.4 77.6 77.6 79.2 78.6 81.6 83.1 83.8 70.4 73.1 75.9 78.9 79.1 76.9 74.4 72 69 88.9 87 83.9 80.8 85.8 86.6 90.4 77.3
44.9 47 48.7 48.1 47.5 46.6 46.1 49.6 50.8 52.4 54.3 56.3 58.5 60 59.3 58.2 56.9 55.8 54.6 55.6 56.8 57.3 58.2 57.8 56.2 54.3 52.3 51 50.4 50.8 51 51.5 52.5 52.5 50.9 49.6 47.9 47 46.7 46.6 47.3 47.6 48.2 49 49.9 50.2 51.4 52.1 53.3 54.3 55.5 55.8 54.2 53.7 55.6 53.1 51.5 49.7 49.8 51.6 53.3 55 57.2 57 54.9 52.5 50.2 47.6 59.8 56.6 53.8 54.3 55.9 57.1 54.3 51.2
34.4 35.5 35.9 35.7 35.1 34.6 34.9 35.5 36 35.7 36 35.6 36.5 37.2 38.5 39.4 38.9 39.1 39.4 40.2 40.9 41.7 42.5 42.4 41.9 40.2 39.6 39.2 38.7 39.2 39.5 40.1 41.7 41.2 40.2 40.1 39.3 38.8 38.6 38.9 39 39.2 39.1 39.3 39.8 40.2 40.3 40.7 40.6 39.2 37.9 37.3 38 38.7 38 38.9 37.6 36.1 35.8 36.8 38.1 38.9 40.4 40.1 38.4 36.5 34.8 32.9 32.8 34 36.6 36.4 35.7 33.7 31.8 30.1
26.5 27.3 27.6 27.3 26.6 26.5 26.1 26.3 25.9 26.2 25.8 25.7 26.2 26.9 26.2 26.9 27.3 27.7 28 28 27.9 28.2 29 29.4 29.7 30.1 30.1 30.1 30.5 31.3 31.6 32.6 33.3 33.8 33.5 33.3 33.3 33 33 32.9 32.8 32.7 32.6 32.5 32.5 32.1 30.9 30.4 29.2 28.4 28.6 28.2 28.1 26.6 26.6 26.2 25.7 25.2 25.4 24.9 24.5 24 23.8 23.7 23.2 23.3 22 21.8 22.2 20.2 19.5 18.3 17.4 16.5 22 20.7
20.2 20.1 20.3 20.2 20.4 19.9 20.2 20 19.5 19.5 19.1 19 18.9 18.1 18.5 19 19.4 19.3 19.7 19.7 20 20.3 20.6 20.8 21.5 22.1 22.7 23.4 23.9 24.5 25.2 26.4 26.8 27.6 27.6 28.1 28.8 29 28.5 28.6 28.4 28.1 27.8 27.4 26.8 26.2 25.4 24.8 23.9 23 22.4 21.7 20.9 18.5 18.3 17.9 17.5 17.1 16.8 16.3 15.4 14.7 14.2 13.8 14.2 14.1 12.7 13 13.5 13.4 12.9 12.4 11.9 11.4 12.6 11.9
15.3 15.5 15.3 15.5 15.3 15.4 15.2 14.9 14.9 14.8 14.4 12.8 12.3 12 12.1 12 12 12.4 12.9 13.5 13.7 13.8 14.4 15 15.5 16.2 17 17.8 18.8 19.6 20.4 21.3 22.3 22.8 23.6 24.2 24.8 25.5 25.4 25.6 25.3 25 24.7 23.8 23 22.4 21.4 20.2 19.2 18 17 16.2 13.7 12.8 12 11.1 10.6 10.8 10.2 9.3 9.1 9 9 8.7 8.4 8.6 8.3 9.2 9.2 8 8.5 8.6 8.8 8.8 8.9 9
11.9 12 12 11.8 11.5 11.5 11.4 11.2 11.1 10.9 9.8 9.6 9.3 8.9 8.8 8.2 8 7.6 7.7 7.7 7.8 8.4 9.2 9.5 9.7 10.2 11.3 12 13 13.7 14.8 15.5 16.3 17.2 18.1 19.2 19.8 20.7 21 21.3 21.6 21.3 20.8 19.8 18.5 17.1 16 14.5 13.1 11.9 10.7 8.2 7.7 6.7 6.1 5.7 5.4 4.9 5.1 5 4.9 5.1 5.4 5.5 5.7 5.8 5.9 6.1 6.2 6.5 6.6 7 7.1 7.4 7.9 8
9.2 9 8.8 8.7 8.7 8.6 8.6 8.4 7.6 7.4 7.3 7 6.8 6.5 6.4 6 5.7 5.5 5.2 4.9 4.5 4.4 4.6 4.6 4.8 4.7 4.9 5.1 5.8 6.1 6.3 7 7.6 7.9 8.4 9.1 9.5 10.3 11 11.9 12.3 12.1 11 9.5 7.7 6.1 5.1 4 3.2 2 1.5 1.6 1.5 1.6 1.7 1.8 2.2 2.4 2.8 2.9 3.1 3.3 3.8 4 4.2 4.5 4.7 5 5.3 5.6 5.9 6.3 6.7 6.9 7.3 7.5
6.5 6.5 6.4 6.1 6.2 6 5.9 5.8 5.5 5.5 5.4 5.1 4.9 4.7 4.7 4.4 4.3 3.9 3.8 3.5 3.5 3.1 3.1 2.7 2.5 2.4 2.2 2 1.7 1.6 1.4 1.3 1 1 0.9 0.7 0.7 0.7 0.5 0.5 0.8 1.1 1.2 1.5 1.4 1.3 1.4 1.6 1.6 1.8 2 2 2.2 2 2 2.1 2.3 2.5 2.8 2.9 3 3.4 3.7 3.9 4 4.3 4.6 4.9 5.2 5.6 5.7 6.3 6.5 6.9 7 7.5
5.3 5.3 5.3 5.2 5 5.1 4.8 4.7 4.7 4.6 4.5 4.2 4.1 4 3.9 3.6 3.6 3.3 3.3 3.2 3.1 2.9 2.8 2.7 2.4 2.4 2.1 2.1 1.8 1.8 1.7 1.6 1.5 1.4 1.4 1.5 1.6 1.8 3.7 4 4.3 4.4 4.5 4.5 4.6 4.5 4.3 4.1 3.9 3.6 3.8 2.8 3.8 3.7 3.3 3.4 3.2 3.1 3.2 3.5 3.4 3.8 4 4.1 4.4 4.5 4.8 5.1 5.5 5.8 6.1 6.3 6.5 6.9 7.3 8
4.5 4.4 4.4 4.3 4.3 4.2 4.3 4.1 4 3.8 3.9 3.8 3.8 3.7 3.5 3.5 3.5 3.5 3.3 3.3 3.1 3.2 3 2.9 3 2.5 2.4 2.2 2.3 2.3 2.3 2.4 2.3 2.5 4.4 5.7 6.1 6.3 6.3 6.8 7.1 6.9 6 5.8 5.8 5.7 4.7 4.3 4.3 3.9 3.8 3.7 3.5 3.6 3.6 3.5 3.7 3.7 3.8 3.9 4.4 5.4 5.6 5.7 5.9 6.1 6.2 6 6.4 6.5 6.7 6.7 7 7.6 7.6 8.1
4 4 3.9 3.8 4.1 4 4.1 4 4 3.9 3.9 3.8 3.7 3.7 3.7 3.8 3.7 3.6 3.5 3.5 3.6 3.4 3.7 3.6 3.1 3 2.9 2.9 3.2 4.6 4.8 5 5.4 5.6 5.8 6 6.1 6.4 6.4 6.7 6.7 6.7 6.8 6.6 5.1 4.8 4.8 4.9 4.8 4.6 4.6 4.5 4.3 4.5 4.4 4.4 4.3 4.1 4.3 4.1 4.1 4.3 4.5 4.7 4.8 5 5.2 5.4 5.7 6.2 6.5 7.2 7.4 7.8 8.2 8.6
3.9 3.8 4 3.9 4 3.9 3.9 4 3.9 4 3.9 4 3.9 4 4.1 4 4.1 4 4 3.9 3.9 4 3.3 3.7 3.8 4 4 4.1 4.4 4.6 4.6 4.9 5 5.3 5.3 5.6 5.7 5.8 5.8 5.5 4.1 4 4 4.1 4 4 4.2 4 4.2 4.1 4.1 3.9 4 4 3.9 4.1 4.2 4.3 4.3 4.5 4.6 4.6 4.9 5 5.1 5.3 5.4 5.7 5.9 6.1 6.3 7 7.1 7.5 7.9 8.3
3.8 3.8 3.8 3.8 3.9 4 4 4 4.2 4.1 4.2 4.1 4.2 4.1 4 4.2 4.2 4.2 4.2 4.1 3.6 3.6 3.7 3.8 3.8 3.9 4 4.2 4.2 4.3 4.3 4.5 4.6 4.7 4.8 3.8 4 4.1 4 4 4 4 4 4.1 4.1 4.1 4 4.1 4.3 4.2 4.3 4.2 4.3 4.2 4.3 4.4 4.5 4.7 4.7 5.5 5.5 5.7 5.8 5.9 6.1 6.3 6.5 6.7 7 6.4 6.6 6.9 7.3 7.6 8.2 8.9
3.8 3.9 3.8 3.8 4 3.9 4 4 4 4.1 4.2 4 3.7 3.7 3.7 3.6 3.7 3.8 3.8 3.7 3.6 3.7 3.7 3.9 3.9 3.9 4 4.1 4.1 3.8 3.9 4.2 4.1 4.2 4.2 4.1 4.2 4.2 4.3 4.5 4.3 4.3 4.5 4.5 4.5 4.6 4.6 4.6 4.7 4.6 4.6 4.8 4.9 4.9 4.9 5 5.2 5.2 5.3 5.4 5.4 5.6 5.6 5.8 6 6.1 6.4 6.6 6.7 7 7 7.3 7.6 7.8 8.2 8.8
3.8 3.8 3.6 3.7 3.4 3.5 3.5 3.5 3.5 3.6 3.7 3.7 3.6 3.7 3.8 3.8 3.8 3.9 3.9 3.8 3.9 4 3.9 4 4 4 4.1 4.1 4 4 4 4.3 4.4 4.4 4.4 4.6 4.6 4.6 4.6 4.4 4.3 4.3 4.8 5 4.9 5 4.9 4.6 4.8 4.9 5 5 5 5.2 5.3 5.3 5.5 5.7 5.7 5.8 5.9 6.1 6.2 6.3 6.6 6.6 6.9 7 7.3 7.4 7.7 7.8 8 8.2 8.6 8.8
3.3 3.3 3.3 3.3 3.3 3.4 3.4 3.4 3.5 3.4 3.6 3.6 3.6 3.6 3.6 3.6 3.6 3.7 3.8 3.8 3.8 3.9 3.9 4.1 4.1 4.1 4.2 4.4 4.4 4.6 4.4 4.4 4.7 4.5 4.5 4.7 4.8 4.8 4.5 4.7 5 4.8 4.9 4.9 4.9 5 5.1 5.2 5.2 5.2 5.4 5.5 5.5 5.6 5.9 5.8 5.9 6 6.2 6.3 6.5 6.5 6.6 6.8 7 7.1 7.2 7.4 7.5 7.8 7.9 8.1 8.5 8.7 9 9.4
3.3 3.3 3.3 3.3 3.3 3.4 3.4 3.4 3.4 3.4 3.6 3.6 3.7 3.7 3.9 3.9 3.9 3.9 4 4 4 3.9 4 4.1 4.4 4.2 4.3 4.4 4.4 4.4 4.6 4.7 4.7 4.8 4.7 4.7 4.9 5 5 5 5 5 5.2 5.3 5.3 5.3 5.5 5.6 5.6 5.6 5.6 5.7 6 6 6.1 6 6.3 6.4 6.4 6.7 6.7 6.7 7 7.1 7.3 7.3 7.5 7.7 7.9 8 8.2 8.7 8.7 9.1 9.5 9.7
3.2 3.2 3.4 3.4 3.3 3.4 3.5 3.5 3.5 3.6 3.7 3.6 3.7 3.7 3.9 3.9 3.9 4 4.1 4.1 4.1 4.2 4.3 4.4 4.3 4.4 4.4 4.5 4.6 4.7 4.7 4.7 4.8 4.9 4.9 5 5.1 5.2 5.2 5.2 5.3 5.3 5.4 5.5 5.5 5.6 5.6 5.8 5.8 5.9 5.9 6.1 6.1 6.2 6.2 6.4 6.4 6.5 6.7 6.8 6.9 7.1 7 7.3 7.4 7.5 7.8 8 8.3 8.4 8.8 8.9 9.2 9.6 9.7 10.1
3.1 3.2 3.2 3.2 3.4 3.4 3.4 3.4 3.6 3.6 3.7 3.7 3.8 3.8 3.7 3.8 3.8 3.9 3.9 4 4 4.2 4.3 4.4 4.4 4.3 4.4 4.4 4.5 4.6 4.6 4.9 5.1 5.1 5.1 4.8 4.9 4.9 5.1 5.1 5 5.2 5.3 5.4 5.4 5.5 5.6 5.6 5.8 5.9 6 6 6.2 6.2 6.5 6.5 6.5 6.5 6.8 7 7 7.2 7.3 7.5 7.7 7.8 8.1 8.3 8.5 8.7 8.9 9.1 9.4 9.5 9.8 10.2
3 3 3 3 3.2 3.3 3.3 3.4 3.4 3.5 3.6 3.7 3.7 3.7 3.7 3.8 3.8 3.8 3.8 4 3.9 4 4.1 4.1 4.1 4.1 4.2 4.2 4.2 4.3 4.2 4.3 4.7 4.8 4.7 4.8 4.8 4.8 4.9 4.9 4.9 5 5.1 5.1 5.2 5.2 5.3 5.3 5.5 5.5 5.5 5.6 5.6 6.5 6.5 6.6 6.8 6.9 6.3 6.3 6.4 6.6 6.7 6.9 7.1 7.1 7.3 7.5 7.7 7.8 8.2 8.4 8.6 8.9 9.1 9.4
2.7 2.9 3 3 3 3 3.1 3.1 3.2 3.3 3.4 3.4 3.4 3.5 3.6 3.6 3.6 3.6 3.7 3.7 3.7 3.9 4 4 4 4.1 4.1 4.1 4.2 4.1 4.1 4.1 4.2 4.3 4.5 4.6 4.6 4.6 4.6 4.6 4.6 4.7 4.8 4.9 5 5.1 5 5.1 5.4 5.5 5.5 5.6 5.7 5.8 5.9 6 5.9 6.1 6.1 6.3 6.4 6.5 6.5 6.6 6.7 6.9 7 7.2 7.1 7.2 7.4 7.6 7.7 7.8 8.1 8.2
2.7 2.7 2.8 2.8 2.8 2.8 2.8 3.1 3.1 3.1 3.1 3.3 3.2 3.2 3.4 3.4 3.5 3.5 3.7 3.8 3.9 3.9 4 4 4.1 4.2 4.3 4.2 4.3 4.3 4.3 4.4 4.4 4.4 4.5 4.6 4.6 4.6 4.6 4.8 4.7 4.7 4.8 4.9 4.9 5 5.1 5.1 5.2 5.2 5.3 5.4 5.4 5.4 5.6 5.6 5.7 5.7 5.8 5.8 6 6.1 6.2 6.2 6.1 6.4 6.5 6.6 6.6 6.7 6.9 6.9 7 7.3 7.3 7.7
2.8 2.8 2.9 2.8 2.9 2.9 2.9 3 3 3 3.1 3.1 3.2 3.2 3.3 3.2 3.2 3.3 3.3 3.3 3.4 3.6 3.7 3.7 3.7 3.8 4 4.1 4.1 4.1 4.1 4.3 4.2 4.2 4.3 4.4 4.4 4.4 4.5 4.5 4.6 4.6 4.6 4.7 4.7 4.7 4.7 4.9 5 5 5 5.2 5.2 5.2 5.3 5.3 5.3 5.3 5.5 5.6 5.7 5.7 5.8 5.8 5.7 5.9 6.1 6.1 6.2 6.2 6.4 6.5 6.4 6.6 6.8 6.9
