datasets/global_precipitation_1950_2017/rasters/precip_1971-total.asc
NCOLS 720 
NROWS 347 
XLLCORNER -180 
YLLCORNER -90 
CELLSIZE 0.5 
NODATA_value -9999 
[rows 102 to 135 of 347, columns 380 to 455 of 720]
54.8 73.8 85.6 105.6 173.5 199.6 259.5 278.3 300.3 260.7 243.4 -9999 -9999 -9999 -9999 -9999 -9999 -9999 -9999 -9999 313.7 328.4 344.6 315.4 112.5 157.8 -9999 -9999 -9999 -9999 -9999 -9999 -9999 -9999 -9999 -9999 -9999 -9999 -9999 -9999 -9999 -9999 -9999 -9999 -9999 -9999 -9999 -9999 -9999 -9999 875.4 585.7 241.4 298 164.7 157.6 163 163.5 158.6 150.1 141.1 133.5 123.2 105.6 98.7 103.8 120 123.7 121.1 122 130.8 153.6 163.6 167 194.2 233.8
67.8 74.4 101.8 124.1 176.4 167.5 149.5 86.2 85.1 213.7 226.8 -9999 -9999 -9999 -9999 -9999 -9999 -9999 -9999 -9999 261 293 289.9 166.2 143.2 122.7 75.1 56.2 52.8 47.7 -9999 -9999 -9999 -9999 -9999 -9999 -9999 -9999 -9999 -9999 -9999 -9999 -9999 -9999 -9999 -9999 -9999 -9999 -9999 615.8 674.5 477 346.3 189.9 149.8 164.1 206.7 216 183.1 163.1 145.1 131.1 113.1 100.3 96.4 100.1 108.4 117.3 115.6 118.7 124.3 137.6 143.1 153.4 178.2 190.4
44.9 49.4 82.9 122.4 125.8 99 93 86.9 116.7 222.5 257.1 154.4 -9999 -9999 -9999 -9999 -9999 -9999 -9999 -9999 183.9 193.5 188.5 112.1 89.7 76 59.8 50.4 42.7 37.9 39.9 61.7 80.9 83.6 86.4 -9999 -9999 -9999 -9999 -9999 235.1 185.2 123.6 106.1 -9999 -9999 -9999 -9999 345.8 288.5 333.7 483 293.1 211.1 166.8 173.5 213.5 216.6 187.1 154.6 132.6 118 104.5 99.3 100.3 104.9 110.8 113 113.1 119.2 131.8 108.9 102.9 105.5 116.2 133.1
23.7 29.4 50 88.4 91.9 83.8 78.2 72.1 113.5 208.4 232.6 201.8 180.3 172.5 144.3 121.9 -9999 -9999 -9999 -9999 126.6 147.3 149.6 129.7 66.2 61.9 47.5 33.8 27.7 29.2 40.4 59.6 78.1 84.4 80.6 73.3 87.7 132.7 155.6 176.2 137.8 98.8 73.3 82.9 64.8 84.5 133 192.3 263.5 291.8 313.5 361.1 233.3 157.3 143.5 143.6 191 185.7 154.4 129 109.1 95.8 89 93.8 101.7 107.5 109.7 107.9 103.8 100.3 100.5 88 82.2 79.1 72.1 117.9
17.7 21.9 29 42 61.4 71 73.2 69 88.8 138.4 158.3 137.3 126.8 129.1 124.1 114.1 112.1 111 106.4 175.5 244.9 166.2 117.6 72.4 42.6 25.2 19.7 12.9 12 12.6 14.4 23.4 47.3 75.1 81.6 76 85.5 129.1 147 125.7 87.8 55.5 37.7 41 43.3 52.9 71.9 89.1 99.9 126.9 201.9 86.8 87.1 103.5 106.4 108.3 138.1 139 125.6 102.9 82.6 73.7 75 80.2 94.4 103.6 104.6 101.6 96.4 90.1 87.1 79.4 73.9 79.2 94.4 109.5
15.6 19.9 24.3 35.3 55.5 72.8 66.5 57.8 56.5 70.6 66.2 60.9 55.2 64.7 69.6 72.5 78.6 81.7 89.5 123.8 145 98.6 57.2 35.9 22.1 13.3 11 10.4 12.4 13.3 12.6 12.7 16.3 30.6 69.3 73.2 76.4 95.1 93.2 50.5 34.1 24 27.3 31.3 33.6 35 50 48.7 51.4 57.2 106.3 102.1 86.4 81.4 78.6 81.2 91.8 98.9 89.5 72.2 62.2 66.7 76.6 85.8 97.6 101.5 98.5 96.2 93.1 89.8 84.6 76.4 71.3 86.1 126.9 89.1
15.1 16.8 19.4 26.3 39.5 49.7 44.2 36.6 35.6 37 35 24.7 15.4 22.9 33.6 39.1 46 45.3 40.3 64 68.5 41.6 14.4 12 7.6 7.1 8.2 9.3 11.5 13.7 15.8 15.2 12.2 12.2 22.3 18 13 12.9 12.5 16.1 15.7 9.4 18.8 23.3 23.6 -9999 30.2 31.5 28 -9999 57.5 57.5 53.6 64.3 73 77.8 77.7 72.9 61.5 59.4 67.4 76.8 93.8 111.3 123.6 123.5 106.5 98.2 108.6 123 136.6 137.7 129.3 161 189.9 234.7
13.6 12.5 12.6 14.7 20.4 23.2 18.9 16.5 16.8 19.2 19.4 14.9 9.6 12.2 15.6 20.4 29.3 34.2 38.6 43.8 41.1 25.4 9.3 1.9 2.5 4.1 6 8.3 11.1 14.1 17 16.8 12.9 11.7 11 10.3 11.1 11 10.4 10.5 10.7 10.3 12.2 14.7 16 17.5 21.8 20.6 22.7 -9999 38.7 53.5 66.8 74.4 75.4 77.1 71.7 60.9 62.9 76.7 89.1 100.7 116.9 132.2 143.5 148.4 140.5 132.9 150 184.2 202.1 205.1 211.6 227.9 228.9 207.8
8.8 8.2 8.3 8.8 8.9 6.5 5.9 6.5 8.2 10.3 11.4 10.5 9.2 10.1 11.2 13.4 20.6 26.3 29.3 36.2 30.5 19.5 8.6 2.5 3 4.2 6.3 9.2 11.7 13.5 15.4 15.4 14 12.7 12 11.7 12.2 12.1 10.9 8.5 8.1 4 3.8 5.2 10.1 12.2 -9999 15.1 13.4 14.3 23.8 55.5 69.4 77 76.9 74.4 69.2 67.9 83.5 101.1 111.6 121.6 138.6 156 158.6 154 147.1 146.2 168.2 207.1 230.1 236 230.5 226.2 204.5 158.4
5 5.6 6.6 7.5 6.9 5.2 3.7 3.1 5.5 7.8 8.4 8.4 8.4 8.7 10.2 11.5 14.6 19.8 22.6 22.9 20.3 14.7 9 3.1 3.7 4 6.2 9.2 10.4 12 13.8 14.8 14.2 12.9 11.7 11.3 11 10.6 9.3 6.7 4.9 3.9 3.8 3.3 5.7 11.3 11.7 -9999 8 -9999 -9999 50.3 62.7 63.4 62.2 64.3 64.9 77.6 103.3 120 124.7 129 140.3 178.1 164.5 150.5 143.1 145.1 158.3 184.7 214.7 233.8 234.3 219.6 187.2 140
3.8 4.9 6.8 7.8 7.4 6.4 4.7 2.4 1.6 6.7 8 7.5 7 7.5 8 9.6 11.3 12.6 15.1 15.8 12.6 7.7 4.1 2.9 3.2 3.8 5.4 6.6 8.6 10.8 13.2 14 13.2 11 9.1 8.4 7.6 7.3 5.8 5.2 4.9 4.3 3.3 3.3 3.8 9.3 13 12.8 -9999 -9999 -9999 -9999 54.7 51.5 51.4 53.1 56.3 75.1 102.3 119.7 121.3 121.8 110.8 106.2 141.7 140.9 135.8 137 148 166.5 191 220 236.6 215.7 173.8 116.7
3.6 4.7 6.8 8.3 8.7 8.8 6.6 3.7 1 2.8 5.8 6.9 6.7 6.8 7 7.7 8.5 8.6 8.7 7.7 6.9 4.9 3.1 2.7 2.7 3.1 3.8 4.8 6.5 8.2 9.7 10.3 8.8 7.8 6.2 5.2 4.6 4.1 4.6 3.8 3.7 4.1 5.2 3.4 1.6 2.9 10.4 15.5 -9999 -9999 -9999 -9999 54.4 43.4 43.2 48.7 53.6 73.8 93.2 108.4 113.4 114.3 111.3 116.6 128.6 131 129.6 131.4 147.9 158 168 178.6 191.4 186 147.9 103.3
3.9 4.2 6 8.4 8.5 7.9 6.5 4.8 2.9 1.9 3 5.5 6.3 5 6.3 6.2 6.1 5.5 4.9 4.7 4.2 2.9 2.1 1.9 1.9 1.8 2.2 3.3 4.2 4.9 5.3 5.9 5.7 4.9 3.9 3 2.1 1.9 2 1.6 1.1 1.7 2.1 0.7 0.2 0.8 1.3 6 -9999 -9999 -9999 -9999 -9999 38.4 43.1 52.1 61 77.7 90.9 100 105.1 109.4 110.5 117.9 126.1 128.5 126.1 121.5 160.5 156.3 155.6 157 160.1 161.8 148.4 117.6
5.1 5.1 6.1 5.1 7.1 5.9 4.9 4.8 3.6 2.3 2.7 3.4 5.2 4.3 4.2 4.7 3.8 3.2 3.1 2.7 2.5 1.7 1.4 1.3 0.9 1 1.2 2 2.4 2.6 2.9 3 3.1 2.7 2.4 1.4 1.4 1.5 0.1 0.1 0.1 0 0.2 0.1 0 0.7 0.7 5.4 22.7 -9999 -9999 -9999 -9999 42.4 48 60.9 73.3 86.2 95.6 99.4 101.3 102.9 108.1 114.7 122.5 128.7 130.6 134 146.9 150.1 150.2 152.2 156.8 166.8 160.4 136.7
7.9 6.2 4.6 4.4 4.5 4.5 4.1 3.5 2.5 2.1 2.1 2.8 3.5 4.3 4.1 3.7 2.5 1.8 2 1.9 1 1 1.1 0.9 0.5 0.2 0.7 1.2 1.3 1.5 1.5 1.4 1.7 1.7 1.2 0.4 1 0.4 0.1 0.2 0.6 1.1 0.2 0 0 0 0.1 5.1 40.7 95.7 -9999 -9999 -9999 -9999 57.6 69.5 81.9 93.3 102.3 105.7 99.5 97 100.3 108.8 118.5 127.5 133.1 136.9 143.3 146.2 146.2 147.7 157.6 171 142 126.1
7.6 5.9 4.5 3.9 4 3.7 3.4 2.8 2.3 2.2 2 2.7 3.8 4.8 4.8 5.4 3.7 1.9 1 0.8 0.7 0.7 0.7 0.6 0.7 0.2 0.3 0.5 0.6 0.8 0.7 0.6 0.8 1.1 1.3 0.6 0.4 0.1 0.1 0.3 0.6 0.2 0 0.6 0.9 0.5 0.8 0.7 28.6 61.6 -9999 -9999 -9999 -9999 61.4 76.5 88.8 96.7 102.5 111.5 95.8 89 93.5 99.3 111.8 124.5 132.9 137.9 141.4 142.5 140.5 140.5 140.4 151.5 140.7 126.7
4.4 4.6 4.3 3.7 3.6 3.3 3 2.5 2.3 2.5 2.9 3.9 6.1 7.4 8.4 9 7.3 5.1 2.5 1.2 0.5 0.9 1.3 1.8 0.7 0.8 0.1 0.4 0.5 0.5 0.4 0.3 0.3 1 1.5 3.7 1.5 0.3 0.2 0.3 0.3 0 1.3 3.6 2.2 0.5 1.5 0.7 7.1 26.3 25.3 -9999 -9999 -9999 -9999 -9999 95.3 93.5 87.5 80.7 81 78.7 79.8 84.1 98.6 117.9 131.9 138.7 140.7 140.6 139 137.4 134.5 133.6 131.6 122.3
3.6 3.9 3.9 3.6 3.3 3 2.8 2.6 2.4 2.8 4.4 6.7 9.2 10.8 12.4 12.7 11 7.6 4.2 2.3 0.6 0.5 0.6 1.3 0.9 1.7 3.9 0.6 0.4 0.2 0.3 0.2 1 2.3 3 2.7 1.8 0.9 1 3.1 4.2 6.1 11.5 9.7 7.4 6 1.6 1 2.2 10 15.1 -9999 -9999 -9999 -9999 -9999 -9999 81.1 78.5 75 71.8 72 71.9 79 87.1 112.2 128.3 136.6 139.2 138.3 136.6 133.4 131.1 129.8 125.4 117.1
3.1 3.8 3.9 3.5 3.2 2.7 2.5 2.7 4.1 5.7 7.8 10.2 12.1 13.6 14.3 13.6 11.8 7.7 4.6 1 0.4 0.5 0.6 0.7 0.9 1.9 2.6 2.6 0.4 0.4 1.3 1 0.9 1.8 4.1 5.2 7.2 10.8 16.2 23 30.3 35.1 34.4 28.5 18.5 10.4 5.2 2.3 1.9 7.3 17 -9999 -9999 -9999 -9999 -9999 -9999 64 66.8 68.2 72.1 74.6 79.8 86.5 98 114.4 129.8 135.8 135.9 134.6 134.1 131.5 127.6 126.7 124.3 114.9
3.1 3.6 3.6 3.7 3.3 2.8 3 5 7.2 9.4 11.4 13.3 14.3 15.3 14.2 12.7 10.1 7 3.3 0.7 0.3 0.5 0.8 0.8 1.1 1.1 1.2 0.8 0.8 4.1 2.4 2 1.6 2.8 6.9 11.9 17.7 25 32.8 38.8 42 44.9 48.1 49.1 41.5 28.8 16.9 8.2 7.2 15.5 24.7 22.9 -9999 -9999 -9999 -9999 -9999 -9999 55.1 64.7 75.8 87 94.8 102.6 114.2 126.6 132.7 137.4 136.8 134.8 131.8 130.1 125.9 126.1 119.8 115.5
2.5 3.6 4.1 3.7 3.5 2.5 5.1 7.9 10.2 12.5 14.5 15.6 15.7 14.6 13.3 10.8 8.9 6.2 2.6 0.8 0.5 0.8 0.8 1.3 1.2 1.1 1 0.6 0.6 0.7 3.4 3 2.8 3.6 11.8 22.5 30.3 36.5 40.4 41.8 44.4 39.2 42.2 77.9 63.2 42.4 28.6 16.8 12 25.1 28.7 17.8 6.4 -9999 -9999 -9999 -9999 -9999 38.9 60 89.9 107.4 112.3 116 121.3 131.1 136.8 139.3 141.4 139.4 136.4 133.2 129.7 126.8 123 117.7
2 3.1 3.3 2.9 2.4 4.3 7.3 10.5 13.2 15.1 16.9 17.8 16.3 13.8 11.2 9.4 7.4 5.1 2.8 1.7 1.2 1.3 1.6 2.2 2.4 1.6 1.6 1.3 0.5 0.6 4.1 4.5 5.3 11 22.6 29.1 33.1 37.2 39.2 41.2 42.2 38.9 23.5 133.9 71.2 43.4 27.9 16.6 13.9 29.9 32.5 25.9 20.1 15.2 -9999 -9999 -9999 -9999 22.6 58.9 109.8 133.1 126 121.6 126.6 131 138.1 143.7 141.9 141.8 138.1 135.3 131.9 129.6 124.8 121
2.6 3 2.6 2.7 3.9 5.9 8.9 12.1 15 17.1 19.3 20.3 18.5 14.4 11 9.1 6.9 5.9 4.3 3.6 2.6 2.4 2.8 3.6 2.5 2.8 3 1.9 1 0.9 0.9 4.3 9.8 17.6 25 26.8 29.3 31.9 34.4 37.7 42 46.9 60.9 67.6 37.8 17.7 12.6 7.1 10.5 27.6 39.8 41.2 46.1 35.2 -9999 -9999 -9999 -9999 38.2 68.4 116.1 134.7 125.8 122.7 129.9 134.6 136.5 134 136.8 135 134.2 134.2 132.3 129.3 126.6 122.8
8.3 6.6 4.9 4 5.7 7.8 10.1 12.3 14.9 17.7 20.8 23.5 22.4 18 13.6 10.9 8.9 7.2 6.3 6.2 6.3 6.3 6 5.7 5.3 4.4 4.5 4 3.7 1.5 3.9 6.6 14.3 22.2 26.3 26.7 26.3 27.5 28.9 30.8 34 38.5 41.4 33.1 8.3 1.2 3.5 3.8 9 28.5 49.8 53.7 58.4 53.7 -9999 -9999 -9999 -9999 -9999 78 103.4 116.7 115.1 114.1 135.9 149.8 144.3 133.8 129.8 126.4 125.7 127.5 128.4 127.5 126.5 124.5
14 12 8.5 6.4 5.8 7.8 11.2 12 14 17.2 21.3 24.6 25.1 21.3 17 12.8 9.8 10.2 7.9 8.6 9.9 11.9 12.4 11.5 10.6 8.3 6 5.8 6.6 4.8 5.7 10.6 19.4 25.6 25.9 26.1 25.9 25.9 25.6 25.4 25.2 25.8 24.5 17.7 5.6 2.4 2.9 5.6 10.6 25.7 55.9 63.7 72.7 83.4 -9999 -9999 -9999 -9999 -9999 -9999 111.2 120.7 108.4 108.4 152.9 178.9 162.6 141.1 126.3 119.8 118.9 119.8 121.8 123.4 124 123.4
18.6 15.2 9.5 6.7 5.1 7.1 10.8 11.2 12.3 15.4 19.2 22.5 23 20.8 18.4 16.6 13.2 13.1 11.9 11.5 14.3 15.3 15.1 15.5 15.6 12.9 11.9 7.1 9.2 14.2 10.1 16.2 25.4 29.5 29.1 26.8 26.8 25.9 24.2 21.1 18.2 16.2 15.6 11.4 5.5 2.1 6.7 9 9.5 19.2 66.8 77 80.7 96.4 120.3 -9999 -9999 -9999 -9999 -9999 -9999 -9999 137 138.2 168.2 182.9 174.4 158.6 129.1 115.9 113.7 113.8 115.7 118.7 119.6 120.4
23.9 17.4 11.2 6.6 4.7 5.4 9 9.3 10.5 13.2 16.8 19.9 21.7 20.6 18.3 17.4 17 16 14.7 15.9 16.7 17 15.9 15.8 15.9 13.5 14 13.1 12.9 15.2 27.3 23.6 27.9 31.4 31.9 30.1 27.3 26.7 25.2 22.9 18.4 14.7 16.7 17.2 12.6 3.2 0.8 3.9 7.3 20.8 64.2 75.2 80.7 91 170.9 -9999 -9999 -9999 -9999 -9999 -9999 -9999 196.7 166.7 170.9 178 173.1 157.8 134.7 118.1 113.3 113.7 115.6 118 118.6 114.5
30.4 21.5 12.5 7.5 3.9 2.4 3.7 5.5 8.3 11.1 15.6 19.2 20.7 20.2 19.3 19.4 17.6 15.4 12.6 14.6 17.5 18.1 15.9 16.2 15.5 12.9 14 15 18.4 30 45.7 56.3 41.5 34.9 35.1 32.9 31.1 30 29.5 27.8 22.2 19.7 18.3 19.9 18.9 9.6 5.8 9.4 13.4 31.4 54.4 64.3 70.4 82.9 143.6 -9999 -9999 -9999 -9999 -9999 -9999 -9999 256.8 198.7 184.9 188.9 173.8 150.9 134.6 124.8 121.9 120.5 120.8 120.2 117.8 111.7
42.5 26.3 15.2 6.8 4.1 5.8 4.5 4.6 7 10.8 16.4 21 22.4 22.1 21.1 19.8 16.9 13.3 8.2 11.5 16.8 18.6 15.9 16.2 14.7 13.6 15.7 19.1 24.9 56.7 98.3 212.4 134.9 68.8 44.4 35.5 33.8 34.9 35.1 39.2 33.5 22.2 18.4 19 18.9 17.6 17.3 17.2 20.4 27.2 42.4 54.9 39 68.4 97.4 46.7 -9999 -9999 -9999 -9999 -9999 -9999 -9999 191.4 170.6 181.9 162.1 146.2 137.2 136.1 135.9 137.9 137.7 134.7 127.9 116.7
63 37.1 18.8 9.9 9.9 14.2 15.2 15.8 12.9 16 22.4 28.4 29.5 26.6 24.4 22.1 19.2 14.9 8.2 11.6 18.3 21.2 15.3 14.4 13.9 14.8 19.2 22.9 49.1 108.4 201.9 375.5 354.9 171.2 71.4 44.3 35.1 36.2 37.5 39.5 34.2 24.3 19.6 18 18.1 23.4 20.4 12.4 15.3 22.5 40.3 61.1 72.5 66.7 94.1 132.9 223.4 -9999 -9999 -9999 -9999 -9999 -9999 -9999 124.5 129.6 136.5 144.5 153.4 161.2 170.7 170.3 168.2 157.7 142.4 121.3
98.5 65.6 37.5 17.4 17.6 23.6 26.3 31.8 40.2 45.9 58.1 73 49.3 34.2 27.5 24.1 22.2 18.3 15.1 19.3 23.7 26.9 19.4 10 14.9 19.1 30.6 46.2 96.5 179.9 298.6 418.3 413.8 358.7 160.4 75.8 35.5 33.5 34.9 38 33.2 26.9 25 26.6 38.7 41.1 30.7 15 16 21.4 42.3 68.9 84.2 86 148.5 197.9 230.1 264.2 -9999 -9999 -9999 -9999 -9999 -9999 -9999 104.7 125.9 152.3 180.4 199.4 218.4 227.4 222 182.3 156.8 126.3
149.1 160 92.6 45.5 49.7 52.8 54.6 66.6 91.8 136.8 159.8 132.8 75.9 48.8 32.8 25.8 24.8 22.6 22.6 27.3 35.1 41.8 36.4 28.3 36 49.7 70.2 108.5 178.1 272.7 361.4 416.9 409.1 362.4 265.2 144.9 69.6 42.5 31.5 27.2 33.2 38.5 67.5 75.2 67.9 56.1 46.8 52.9 50.5 54 93.1 115 143.4 176.5 241.9 243.8 200.6 368.8 -9999 -9999 -9999 -9999 -9999 -9999 -9999 93.8 135.3 172.8 210.7 240.1 258.5 270.1 248.9 208.9 165.2 125.5
190.1 219.9 230.1 161 127.6 117.1 122.3 140.6 176.6 224.3 249.8 197.7 130.6 77.3 39.1 26.9 24.4 26.6 29.3 43.1 69.3 82 82 90.2 103.3 121.3 155.7 220 276.8 326.2 373.5 399.6 411.3 374.6 302.8 207.9 129.3 86.6 76.3 60.2 46.3 84.7 89.5 84 83.8 80.3 82.7 104.1 111.4 134.1 154 157.4 216.1 278.9 314.5 315.4 411.7 528.3 -9999 -9999 -9999 -9999 -9999 -9999 -9999 -9999 144.8 211.3 267.3 290.4 302.2 316.5 260 221.2 162.4 116.5
214.7 226.3 242.8 198.2 166.5 150.9 152.1 165.9 199.7 242.2 272.8 252.2 192.3 108 61 31.4 26.2 32.9 48 90 163 183.3 182.4 189.4 202 225.8 268.7 303.1 307.1 327.9 363.8 398.1 410.1 364.9 310.8 212.3 148.1 120.1 124.4 134.8 142.3 120.3 111.3 107.1 89.8 111.6 147.8 130.5 131.4 197.8 242.2 221 223.6 349.5 360.5 302.7 445.5 627.9 541.7 -9999 -9999 -9999 -9999 -9999 -9999 73.1 159.3 286 365.6 357.2 335.2 311.7 266.3 210.6 148.7 105.3
