datasets/global_precipitation_1950_2017/rasters/precip_2004-total.asc
NCOLS 720 
NROWS 347 
XLLCORNER -180 
YLLCORNER -90 
CELLSIZE 0.5 
NODATA_value -9999 
[rows 102 to 135 of 347, columns 304 to 379 of 720]
-9999 -9999 -9999 -9999 -9999 -9999 -9999 -9999 -9999 -9999 -9999 -9999 -9999 -9999 -9999 -9999 -9999 -9999 -9999 -9999 -9999 -9999 -9999 -9999 -9999 -9999 -9999 -9999 -9999 -9999 -9999 -9999 -9999 -9999 -9999 -9999 -9999 314.2 269 239.2 228.3 309.1 439.8 464 427.1 212.8 123.3 124.9 198.2 358.3 227.2 131.2 129.2 135.6 161 165.7 154.5 134.5 119 95.9 84.3 78.6 97.9 117.5 107.7 96.5 89.4 89.3 91.9 96 97.4 89.5 67.4 53.9 55.3 70.5
-9999 -9999 -9999 -9999 -9999 -9999 -9999 -9999 -9999 -9999 -9999 -9999 -9999 -9999 -9999 -9999 -9999 -9999 -9999 -9999 -9999 -9999 -9999 -9999 -9999 -9999 -9999 -9999 -9999 -9999 -9999 -9999 -9999 -9999 -9999 -9999 -9999 236.4 237 214.6 234.1 392.3 472.8 401.9 262.3 142.6 107.3 99.3 115.9 145.4 109.3 61.8 100.1 133.5 145.1 154.6 152.5 141.7 113.4 91 86.3 81 89 100.6 99.3 94.4 92.5 80.8 68 76.8 76.1 70.8 61.1 52.4 52.7 66.8
-9999 -9999 -9999 -9999 -9999 -9999 -9999 -9999 -9999 -9999 -9999 -9999 -9999 -9999 -9999 -9999 -9999 -9999 -9999 -9999 -9999 -9999 -9999 -9999 -9999 -9999 -9999 -9999 -9999 -9999 -9999 -9999 -9999 -9999 -9999 -9999 192.6 252.5 282.2 426.1 270.5 241 207.2 166.6 109.4 99.3 66 41.7 70.4 85.5 88.6 91.9 93.5 108.8 130.3 145 151.7 131.8 99.1 93.7 97.8 99.1 97.9 98.3 97.4 94.5 88 79 71.8 71.4 68.9 63.8 58.3 52.4 52.6 61.9
-9999 -9999 -9999 -9999 -9999 -9999 -9999 -9999 -9999 -9999 -9999 -9999 -9999 -9999 -9999 -9999 -9999 -9999 -9999 -9999 -9999 -9999 -9999 -9999 -9999 -9999 -9999 -9999 -9999 -9999 -9999 -9999 -9999 -9999 -9999 -9999 277.6 429.8 325.9 327.1 280.2 234.9 130.6 118.7 84.2 68.3 55.5 50 47.5 57.8 53.5 55.2 59.1 71.2 84.6 76.5 48.2 51.6 75.5 91.5 102.9 110 104.7 99.1 97.4 94.4 90.3 82.1 76.6 71.1 64.3 56.4 51.3 47.2 44.8 43.6
-9999 -9999 -9999 -9999 -9999 -9999 -9999 -9999 -9999 -9999 -9999 -9999 -9999 -9999 -9999 -9999 -9999 -9999 -9999 -9999 -9999 -9999 -9999 -9999 -9999 -9999 -9999 -9999 -9999 -9999 -9999 -9999 -9999 -9999 -9999 -9999 -9999 425.5 304.7 318.5 318.3 336.5 184.8 103.4 67.2 66.2 57.2 54.2 47.5 41.8 37.5 33 37.7 44.1 37.2 29.1 28.5 38.3 60.3 78.8 93.4 98.8 99.5 96 93.1 92.9 90.2 83.4 76.7 68.6 58.8 51.7 47.3 43.8 40.8 29.8
-9999 -9999 -9999 -9999 -9999 -9999 -9999 -9999 -9999 -9999 -9999 -9999 -9999 -9999 -9999 -9999 -9999 -9999 -9999 -9999 -9999 -9999 -9999 -9999 -9999 -9999 -9999 -9999 -9999 -9999 -9999 -9999 -9999 -9999 -9999 -9999 140.5 259 292.9 304 340 310.5 194.6 120 83.5 69.9 62.6 52.2 42 37.3 35.8 38.7 37.3 37.5 33.1 28.2 27.3 32.9 49.4 66.4 79 87.7 88.1 85.5 86.5 86.5 84.5 77 68.1 56.8 48.8 44.9 43.7 42.1 41.3 37.2
-9999 -9999 -9999 -9999 -9999 -9999 -9999 -9999 -9999 -9999 -9999 -9999 -9999 -9999 -9999 -9999 -9999 -9999 -9999 -9999 -9999 -9999 -9999 -9999 -9999 -9999 -9999 -9999 -9999 -9999 -9999 -9999 -9999 -9999 -9999 102.5 142.6 179.9 195.9 194.8 229.6 242.8 170.8 113.7 87.3 68.3 63.7 52.8 42.4 38.9 40.3 41.6 39.5 37.5 35 35.1 36.8 34 41.8 52.1 59.1 64.9 66.4 67.1 69.1 72.6 72.7 65.4 56 48.6 41.4 39.8 39 38.3 39.7 38.3
-9999 -9999 -9999 -9999 -9999 -9999 -9999 -9999 -9999 -9999 -9999 -9999 -9999 -9999 -9999 -9999 -9999 -9999 -9999 -9999 827.9 -9999 -9999 -9999 -9999 -9999 -9999 -9999 -9999 -9999 -9999 -9999 -9999 -9999 87.2 97.2 95.4 93.7 84.8 62 57.4 63.6 70.5 72.4 70.7 64.5 60.6 50.6 42 41.4 40.7 40.2 39.4 38.1 39.2 41.9 43.8 40.8 39 39.5 40.8 42.1 44 45.1 47.5 49.8 51.7 47.4 43.1 38.8 35.3 35.2 34.9 34.4 38.1 35.9
-9999 -9999 -9999 -9999 -9999 -9999 -9999 -9999 -9999 -9999 -9999 -9999 -9999 -9999 -9999 -9999 -9999 -9999 -9999 -9999 -9999 -9999 280.4 -9999 -9999 -9999 -9999 -9999 -9999 -9999 -9999 -9999 -9999 64.2 74.9 81.7 69.9 57.6 45.4 39.4 37.5 35.2 37.7 42.7 46.3 48.7 51 45.3 42.5 40.5 40 39 38.7 38.1 39.1 43.2 47.1 42.2 35.2 28.3 23.9 23.2 25.5 28.3 30.7 32.1 33.9 32 30.3 32.7 30.6 29.1 29.9 31.7 36.1 31.8
-9999 -9999 -9999 -9999 -9999 -9999 -9999 -9999 -9999 -9999 -9999 -9999 -9999 -9999 -9999 -9999 -9999 -9999 -9999 -9999 -9999 -9999 -9999 -9999 -9999 -9999 -9999 -9999 -9999 -9999 33.2 51.8 51.8 50.7 57.8 63.7 57.5 42.4 27.5 15 17 19.8 23.8 25.4 29.3 31.6 37.4 37.9 39.7 37.9 38.9 38.4 38.4 39.5 42.2 54.7 54.5 42.1 29.6 19.2 10.9 9.1 11.8 16.5 19.1 19.4 20.1 20.8 21.6 21.9 23.5 23.3 23.5 26.1 30 32.8
-9999 -9999 -9999 -9999 -9999 -9999 -9999 -9999 -9999 -9999 -9999 -9999 -9999 -9999 -9999 -9999 -9999 -9999 -9999 -9999 -9999 -9999 -9999 -9999 -9999 -9999 -9999 -9999 -9999 20.3 15.3 24.4 30.8 31.4 34.5 38.2 39.6 30.3 18.3 12.8 10.6 12.1 15 17.5 20.3 23.1 29.9 34.3 35 37 38 39.4 40 41.5 45.2 50.6 47.8 36.8 24.9 16.1 8.7 5.1 7.3 10.2 11.7 13.1 14.1 16.4 18.2 19.2 19.2 18.4 17.7 18.4 22.9 25
-9999 -9999 -9999 -9999 -9999 -9999 -9999 -9999 -9999 -9999 -9999 -9999 -9999 -9999 -9999 -9999 -9999 -9999 -9999 -9999 -9999 -9999 -9999 -9999 -9999 -9999 -9999 -9999 -9999 13.4 12.3 16.6 21 23.2 23.6 27 27.7 25.6 16.7 12.3 10.5 10.3 11.6 13.4 16.1 18 26 31.8 31.5 35.9 38.6 39.6 39.7 41 43.1 42.9 39.7 33.4 25.1 17.9 12.4 9.4 8.4 8.8 9.3 10.1 13 14.7 15.8 16 15.7 14.5 13.4 13 16.5 19.5
-9999 -9999 -9999 -9999 -9999 -9999 -9999 -9999 -9999 -9999 -9999 -9999 -9999 -9999 -9999 -9999 -9999 -9999 -9999 -9999 -9999 -9999 -9999 -9999 -9999 -9999 -9999 151.1 56.3 16.9 13 15.5 18.3 19.1 19.5 20.5 21.2 21 15.8 12 10.3 10.1 10 11.2 13.4 16.2 23.4 29.1 29.5 35.5 38.4 38.9 39.9 40 39.7 38.6 35.9 31.1 25.1 18.8 14.7 12 10.8 9.6 9.5 10.8 12.3 14 14.2 13.6 13.1 12.6 12.8 12.4 13 14
-9999 -9999 -9999 -9999 -9999 -9999 -9999 -9999 -9999 -9999 -9999 -9999 -9999 -9999 -9999 -9999 -9999 -9999 -9999 -9999 -9999 -9999 -9999 -9999 -9999 -9999 -9999 96.8 32.1 15 13.2 14.5 15.6 15.9 16.5 17.4 17.8 16.9 15.4 12 10.2 9.8 10.8 10.2 11.8 15.2 21.6 27.9 29.4 34.9 37.5 39.4 39.2 38.6 37.5 36 33.7 30.2 26.7 21.1 16.8 13.5 12.5 11.5 13.8 15.9 18.1 16.9 13.4 12.1 11.4 10.5 10.1 9.3 8.9 9.3
-9999 -9999 -9999 -9999 -9999 -9999 -9999 -9999 -9999 -9999 -9999 -9999 -9999 -9999 -9999 -9999 -9999 -9999 -9999 -9999 -9999 -9999 -9999 -9999 -9999 -9999 34.4 25.9 20.7 14.8 13.2 13.6 13.7 15.4 16.2 16.1 16.8 15.7 14.1 12.6 11.8 11.5 11.8 10.7 10.6 14.3 21.8 26.8 28.4 32.9 36.3 38.3 38.3 37.4 35.8 35.1 33.3 30.4 26.7 22.2 17.9 15.7 15.6 16.3 20.6 24.4 32.5 29.7 22.7 14.7 10.9 9 7.2 5.2 4.2 5.5
-9999 -9999 -9999 -9999 -9999 -9999 -9999 -9999 -9999 -9999 -9999 -9999 -9999 -9999 -9999 -9999 -9999 -9999 -9999 -9999 -9999 -9999 -9999 -9999 -9999 -9999 25.6 23.5 22.2 20.3 18.1 17.1 17.4 18.3 18.9 17.8 16.8 16 14 12.9 11.7 11.2 11.9 10.3 10.5 13.5 21.9 26.4 27.6 32 36.5 38.9 38.7 38.1 35.8 34.3 31.3 28.9 27.3 22.3 18.5 17.7 18.8 22.1 27.1 31.3 36.6 32.7 29.3 21.2 13.8 8.7 5.1 2.3 1.3 1.8
-9999 -9999 -9999 -9999 -9999 -9999 -9999 -9999 -9999 -9999 -9999 -9999 -9999 -9999 -9999 -9999 -9999 -9999 -9999 -9999 -9999 -9999 -9999 -9999 -9999 28.2 27.2 28.1 28.5 27.3 24.3 21.8 18.9 17.8 18 17.9 17.2 16.7 15.5 13.5 12.6 11.4 11.5 11.4 11.9 16.1 21.6 26.8 29.8 34 39.3 42.4 41.6 39.4 37.2 33.9 30 25.1 21.5 20.1 19.2 19.2 22 26.4 32.6 34.8 37.3 34.4 31.6 26.6 18.7 11.7 5.7 3 1.9 3.6
-9999 -9999 -9999 -9999 -9999 -9999 -9999 -9999 -9999 -9999 -9999 -9999 -9999 -9999 -9999 -9999 -9999 -9999 -9999 -9999 -9999 -9999 -9999 -9999 34.6 32.7 32.5 32.3 33.9 35.4 32.6 29.7 26.4 23.2 21.6 20.8 18.8 18.6 16.9 15.2 13.6 12.2 11.5 12.3 14.5 20.5 27.8 35.6 40.3 43.1 46.1 45.8 44.3 41.3 37.1 33.1 29.3 25.5 23.1 21.4 21.7 22.3 26.2 30 34.2 36.7 37 36.2 35.8 31.9 24 15.5 7.9 4.7 4.5 5.1
-9999 -9999 -9999 -9999 -9999 -9999 -9999 -9999 -9999 -9999 -9999 -9999 -9999 -9999 -9999 -9999 -9999 -9999 -9999 -9999 -9999 -9999 -9999 -9999 34.4 34.4 34.7 38.2 41.2 42.2 40.9 39.5 35.9 31.4 27.2 24.5 22.5 21.3 20.8 20.4 20.9 19.9 19 21.2 24.8 29.9 36.3 43.1 46.1 49.6 51 49.8 47 47.3 41.9 39.4 33.7 30.4 28.3 26.9 25.9 26.4 29.5 31.9 31.4 32.9 36.4 39.6 40.7 35.8 28.6 21.3 13.2 7.9 5.6 6.3
-9999 -9999 -9999 -9999 -9999 -9999 -9999 -9999 -9999 -9999 -9999 -9999 -9999 -9999 -9999 -9999 -9999 -9999 -9999 -9999 -9999 -9999 -9999 33 31.8 33.9 36.9 41.8 44.8 43.9 44 46 43.7 38.9 35 34.1 33.2 31.9 33.3 35.3 40.3 45 43.1 41.3 40 38.4 38.7 40 41.5 45.6 48.1 45.3 47.1 46.1 45.5 42.7 40.7 38.4 36.2 35.6 34.4 29.5 29.2 29.1 31.2 32 28.2 46 46.1 41.1 34.1 25.9 19.2 14 11.8 8.9
-9999 -9999 -9999 -9999 -9999 -9999 -9999 -9999 -9999 -9999 -9999 -9999 -9999 -9999 -9999 -9999 -9999 -9999 -9999 -9999 -9999 -9999 -9999 27.6 27.1 31.3 41 47 47.4 45.9 43.8 45.6 45.6 44.1 44.7 47.4 51.7 54.4 58.6 62.4 68.5 71.5 63 54 49.1 45 41.1 36.8 36.8 37.8 41.5 43.7 47.8 49.6 50.2 51.3 47.2 46 48.1 44.7 44.3 37.7 35.5 32.1 30.8 30.7 33 43.2 47.6 45.7 39.5 31.9 25.4 20.1 16.2 13.9
-9999 -9999 -9999 -9999 -9999 -9999 -9999 -9999 -9999 -9999 -9999 -9999 -9999 -9999 -9999 -9999 -9999 -9999 -9999 -9999 -9999 -9999 22.8 22.6 24 34.5 47 53 52.3 48.7 46.8 45.1 44.7 48.6 52.6 62.2 71.1 71.3 73.3 80.2 83.1 82.3 71.7 62.7 54 46.5 41.6 36.2 33 31.6 33.5 38.5 45.3 51.6 53 54.2 56.4 57.5 57.4 52.7 52.7 48.2 42.5 36.9 32.5 31.4 34.4 41.4 47.2 47.3 44.3 39.3 33.6 29.1 25.2 22.7
-9999 -9999 -9999 -9999 -9999 -9999 -9999 -9999 -9999 -9999 -9999 -9999 -9999 -9999 -9999 -9999 -9999 -9999 -9999 -9999 -9999 -9999 20.7 23.2 25.1 38.2 54.8 55.9 54.5 52.7 48.3 44.7 46.1 54.8 68.4 79.7 82.5 79.5 82.7 85.5 86.3 86.2 78.3 66.3 54.8 47 41.5 36.6 31.2 27.7 28.2 32.5 39.2 49.7 57 60.7 63.2 66 68.6 67.7 65.7 62 54.2 45.2 36 33.9 36.3 42.6 49.1 50.9 51.2 50.5 45.7 42.1 38.8 37.4
-9999 -9999 -9999 -9999 -9999 -9999 -9999 -9999 -9999 -9999 -9999 -9999 -9999 -9999 -9999 -9999 -9999 -9999 -9999 -9999 -9999 -9999 -9999 27.2 29.8 47.3 60 59 56.6 57 52.4 46.9 50.6 64.6 74.7 83.8 79 81.1 82.8 87.1 89.7 88.1 81.7 69.7 58.4 48 40 34 29.5 26 23.8 27.2 37.3 47.9 58.7 64.2 66.1 66.3 72.7 79.7 83.1 77.4 65.6 55.1 45.6 39.9 42.4 50.4 54.9 60.9 62.4 61.6 59.4 56.8 54 51.4
-9999 -9999 -9999 -9999 -9999 -9999 -9999 -9999 -9999 -9999 -9999 -9999 -9999 -9999 -9999 -9999 -9999 -9999 -9999 -9999 -9999 -9999 -9999 -9999 40.2 52.6 62.4 56.4 51.2 53.4 55.8 53.1 58.7 76.1 86.7 86.6 78.9 80.6 85.4 87.7 90.7 94.3 89.2 74 60 48.8 38.9 31.1 27.4 25.2 23 25 32.8 46.5 60.7 69.8 73.2 73.1 80.2 90.8 96.5 94.6 86 72.3 58.1 51.9 55.9 63.3 69.2 74.1 76 71.9 68.7 65.1 68.2 65.2
-9999 -9999 -9999 -9999 -9999 -9999 -9999 -9999 -9999 -9999 -9999 -9999 -9999 -9999 -9999 -9999 -9999 -9999 -9999 -9999 -9999 -9999 -9999 46.3 52.7 58.5 55.6 47.9 51.5 59 67.5 73.7 83.5 99.4 104.1 91.9 78.3 80.4 84.2 88.8 92.7 99.5 99 80.3 63.7 49.2 38.5 29.4 22.4 21.7 22 23.7 30 47.2 65.8 76.7 81.2 88 99.8 103.1 105.1 104.2 102.4 93.5 82.1 74.9 80.3 90.4 96.8 97.2 93.1 82.2 73.2 71.2 72.5 72.1
-9999 -9999 -9999 -9999 -9999 -9999 -9999 -9999 -9999 -9999 -9999 -9999 -9999 -9999 -9999 -9999 -9999 -9999 -9999 -9999 -9999 -9999 -9999 67.7 72 61.9 50.8 51.8 56.8 75.3 94.7 108 120.8 120.3 114.8 91.4 77.5 78.5 84.9 95.6 103.7 109 109.3 91.9 70.1 50.4 39.6 28.8 20 18.1 22.4 24.2 35.6 61.7 81.1 87.2 92.4 101.3 112.1 115.2 112.1 116.6 107 107.2 113.4 124.3 138.7 134.6 131 125.7 113.9 88.2 72.4 73.3 80.9 81.5
-9999 -9999 -9999 -9999 -9999 -9999 -9999 -9999 -9999 -9999 -9999 -9999 -9999 -9999 -9999 -9999 -9999 -9999 -9999 -9999 -9999 -9999 -9999 -9999 78.9 75.7 67.7 63.3 80 148.6 166.4 160.1 145.6 123.6 114.8 85.8 73.8 77.6 85.7 101.8 109.1 117.2 118.9 109.2 83.9 53.5 41.6 30.6 20.2 17 23.6 43.1 64.2 102.8 103.4 100.1 103.6 112 116.8 118.8 115.7 122 106.8 108.2 124.4 152.8 170.4 158.1 153.4 145.3 132.4 107.7 92.2 91.2 86.2 96.1
-9999 -9999 -9999 -9999 -9999 -9999 -9999 -9999 -9999 -9999 -9999 -9999 -9999 -9999 -9999 -9999 -9999 -9999 -9999 -9999 -9999 -9999 -9999 -9999 81.3 83.1 100.2 131.4 165.9 194.9 198 195.3 168.7 148.5 132.6 98.5 73.4 73.7 90.8 110.4 124.3 130.1 127.8 119.7 101.2 65 43.3 38.2 27.9 26.4 44.6 70.2 95.6 107.8 104.9 105.8 110.7 115 112.8 116.5 116.7 123.3 104.4 107.9 130 161.7 177.7 172.7 169 163.9 153.1 135.2 120.6 116 116.5 110.9
-9999 -9999 -9999 -9999 -9999 -9999 -9999 -9999 -9999 -9999 -9999 -9999 -9999 -9999 -9999 -9999 -9999 -9999 -9999 -9999 -9999 -9999 -9999 -9999 86.1 93.9 111.1 148.9 197.1 215.7 210.7 207.1 196.8 177.3 169.9 130.8 106.3 98 114.1 136.8 146.3 137.7 134 127.2 118 105.2 129.4 106.6 89.9 95.5 102.6 101.6 102.5 101.2 99.1 108.9 116.7 117.8 114.3 117.9 124.9 122.9 113.3 119.6 146.6 167.3 177.6 180.5 180.3 186.3 181.4 162.4 144.6 136.3 134.3 131
-9999 -9999 -9999 -9999 -9999 -9999 -9999 -9999 -9999 -9999 -9999 -9999 -9999 -9999 -9999 -9999 -9999 -9999 -9999 -9999 -9999 -9999 -9999 -9999 137.5 134.2 116.9 179.3 235.3 245.3 233.5 234.1 237.4 219 178.2 158.7 156.8 153.1 169.8 190.6 180.4 145.2 137.8 142.3 133.9 165.1 212.1 181.4 150.2 129.6 118.2 102.5 98.7 99.5 93.6 107.7 134.2 135.5 128.8 133.1 135.3 134.2 129.5 144.3 173.4 176.4 180.2 183.2 185.9 200.5 211 171.7 153.5 152.5 151.3 150.9
-9999 -9999 -9999 -9999 -9999 -9999 189.4 -9999 -9999 -9999 -9999 -9999 -9999 -9999 -9999 -9999 -9999 -9999 -9999 -9999 -9999 -9999 -9999 181.8 162.9 155.6 169 234.7 272.2 336 345.1 316.9 278.7 257.2 194.9 163.2 172.1 169.2 196.8 229.6 222.3 229.6 194.6 179.9 152.7 238.4 238.6 204.3 172.1 139.1 126 96.2 82.2 95.9 109.2 138.4 164.1 160.3 159 158.6 157.5 150.6 145.2 159.8 196.7 217.7 197.2 197 183 182.8 237 185.3 166.5 169.2 170.2 177.2
-9999 -9999 -9999 -9999 -9999 -9999 -9999 -9999 -9999 -9999 -9999 -9999 -9999 -9999 -9999 -9999 -9999 -9999 -9999 -9999 -9999 -9999 -9999 223.1 214.7 213.4 227 279.7 371.1 424.5 405.9 367.5 313.6 265.7 229.1 196.4 180.6 202.4 214.4 237.1 254.2 254.7 260 251.8 265.7 295.5 276 256.5 195.3 195.9 150.7 119.7 118.7 121.5 141.6 185.8 175.2 173.4 171.4 163.1 158.7 158.8 160.1 180.5 217.7 244.4 238.2 220.9 202.9 200 214.6 196.9 184 186.7 190 206.3
-9999 -9999 -9999 -9999 -9999 -9999 -9999 -9999 -9999 -9999 -9999 -9999 -9999 -9999 -9999 -9999 -9999 -9999 -9999 -9999 -9999 -9999 -9999 327.3 350.5 422 373.1 386.3 465.4 469.2 468.8 452.6 393.2 334.7 346.1 349.1 365.9 370.5 325.7 257.5 289.8 321.5 349.1 411.8 465.8 362 313.3 290.7 261.2 229.1 225.3 223.4 230.3 247.5 182.1 176.6 200.6 199.7 187.9 170.6 172.1 180.6 194.4 223.5 239.4 231.3 246.4 260.6 255.2 232.3 203.8 191.6 196 205.7 218.2 240.6
