datasets/global_precipitation_1950_2017/rasters/precip_2015-total.asc
NCOLS 720 
NROWS 347 
XLLCORNER -180 
YLLCORNER -90 
CELLSIZE 0.5 
NODATA_value -9999 
[rows 170 to 203 of 347, columns 380 to 455 of 720]
2753.4 2874.9 2760 2599.6 2162.8 1730.5 1601 1506.8 1616.2 1663.6 1521 1488.1 1496.6 1400.2 1407.5 1517.9 1544.2 1623.6 1698.1 1767.8 1783.6 1765.9 1774.8 1764.3 1733.9 1730.4 1793.7 1833.4 1870.6 1824.3 1692.4 1684.9 1801.3 1971.2 2124.6 1946.8 1756.6 1582.1 1117.3 1120.1 782.8 746.9 1019.8 1278.9 1500.4 1311.1 1131.6 1135.3 1271.2 1261.8 1021.1 831.2 533.7 1463.8 852.2 967.7 747.2 679.9 538.4 520.2 632 679.9 678 -9999 -9999 -9999 -9999 -9999 -9999 -9999 -9999 -9999 -9999 -9999 -9999 -9999
2434.9 2431.1 2390.7 2214.8 1844.2 1654.9 1651.6 1597.1 1693.4 1796.9 1674.3 1628.1 1535.4 1478.4 1470.8 1545.1 1582.1 1595.8 1670.8 1798.4 1819.8 1774.8 1759.3 1813.4 1796.6 1755 1785.5 1799.2 1835 1682.8 1654 1623.4 1823.9 2063.6 2159.9 2172.7 1820.9 1740.9 1229.4 1038.5 868.1 760.3 950.9 1141.8 1229.2 1328.2 1271.6 1193.3 1145.5 988.4 951.9 924.6 690.1 864.4 816.9 719.8 675 659.4 600.9 737.2 843.6 732.6 -9999 -9999 -9999 -9999 -9999 -9999 -9999 -9999 -9999 -9999 -9999 -9999 -9999 -9999
2087.2 1906.8 1793.5 1711.8 1560.1 1583.5 1584 1704.9 1615.3 1916.7 1814.4 1674.7 1440.1 1465.7 1474.5 1529.7 1565.6 1565 1533.5 1608.2 1607.8 1605.4 1682.6 1824.3 1835.7 1754.8 1747.6 1778.9 1772.8 1701.8 1688.7 1686.3 1816.3 2014.6 2176.5 2427.1 2578 1403.2 1182.5 1148.5 1028.7 961.2 974.5 1082.2 1198.3 1289.3 1208.8 1127.7 1064.8 1007.2 969.4 877.2 852.1 789.1 1170 895.1 714.5 687.6 757.1 886.3 -9999 -9999 -9999 -9999 -9999 -9999 -9999 -9999 -9999 -9999 -9999 -9999 -9999 -9999 -9999 -9999
-9999 1875.2 1602 1431.4 1339.1 1464 1392.7 1558.6 1717.5 1825.4 1808.6 1745.1 1495 1488.9 1486.9 1490.8 1523.1 1504.8 1485.8 1494.6 1497.2 1503.7 1478 1664.1 1702.5 1701 1756.6 1785.5 1767 1711 1699.5 1706.4 1756.6 1932.1 2361.7 2699.3 2780 1397.1 1039.3 1237.6 1183 1093.5 1046.5 1108.9 1148.1 1167.5 1097.3 1082.6 971.3 1050.6 1114 1080.6 1033.5 1194.5 1902.2 1217 1043.7 623.8 854.5 954.6 -9999 -9999 -9999 -9999 -9999 -9999 -9999 -9999 -9999 -9999 -9999 -9999 -9999 -9999 -9999 -9999
-9999 -9999 1482.4 1299.3 1237.4 1222.8 1230.5 1480.7 1624.7 1710.4 1528.5 1526.3 1510.2 1528.6 1537.1 1545.1 1501.1 1519.8 1525 1539.3 1540.6 1528.5 1483.8 1555.6 1630.3 1626.7 1727.8 1759.9 1729.4 1701.8 1667.1 1620.4 1595.4 1702.1 2068.2 2367.5 2255.4 1200.9 1207.3 1417.5 1265.9 1265.6 1143.4 1038.5 1081.7 1151.7 1025 1009.9 954.5 1032.7 1138.4 1035.6 1044.1 1071.9 988.2 819.3 744.3 709.3 1047.1 1063.8 -9999 -9999 -9999 -9999 -9999 -9999 -9999 -9999 -9999 -9999 -9999 -9999 -9999 -9999 -9999 -9999
-9999 -9999 -9999 1314.5 1278.2 1033 1150.9 1472.6 1549.7 1418.3 1362.7 1533.8 1500.9 1563.5 1615.8 1639.8 1487 1516.8 1557.3 1582.2 1580.8 1609.4 1583.1 1570.2 1578.5 1549.2 1628.7 1685.5 1685.9 1673.2 1587.9 1493.6 1449.2 1437.8 1524 1616 1444.1 1325.5 1279.4 1297 1322.7 1269 1143.5 1052.4 1075.7 1042.6 963.7 969.9 995.2 896.9 961 931.9 891.1 651.6 716.6 694.3 917.6 1158.6 1240.9 -9999 -9999 -9999 -9999 -9999 -9999 -9999 -9999 -9999 -9999 -9999 -9999 -9999 -9999 -9999 -9999 -9999
-9999 -9999 -9999 -9999 1288.8 1281 1230.9 1312.7 1389.8 1321.4 1428.5 1522.4 1527.4 1583.9 1660.3 1664.7 1613.6 1586.1 1618.8 1627.9 1625.3 1638 1607.5 1575.4 1572.1 1572.3 1595.3 1623.7 1639.7 1616.6 1532.6 1478.7 1410.2 1376.6 1425.6 1552.3 1440.2 1298.6 1199.2 1157.6 1273.1 1149.1 1082.9 1062.9 1082 1090.6 1016.2 965.3 864.6 800.1 821.7 838.1 809.8 719.9 710.4 943.8 1089.3 1270.6 -9999 -9999 -9999 -9999 -9999 -9999 -9999 -9999 -9999 -9999 -9999 -9999 -9999 -9999 -9999 -9999 -9999 -9999
-9999 -9999 -9999 -9999 1018.2 1143.9 1124.4 1106.7 1241.5 1289.3 1549.1 1547.3 1608.8 1588.7 1630.5 1692.2 1665.3 1674.5 1692.4 1680.6 1630.4 1595.9 1568.1 1578.3 1584.4 1570.6 1562.6 1581.5 1601.4 1614.1 1459.7 1462.8 1361.9 1297.7 1314.4 1369.3 1343.1 1232.7 1168.4 1139.8 1137.9 1094 1089.7 1092 1140.5 991.9 989.5 948.3 808 773.5 722 706.5 733.4 734.6 624.4 871.9 1313.3 1476.2 -9999 1882.9 -9999 -9999 -9999 -9999 -9999 -9999 -9999 -9999 -9999 -9999 -9999 -9999 -9999 -9999 -9999 -9999
-9999 -9999 -9999 -9999 658.8 860.6 974.2 1009 1174.9 1226.9 1299.8 1561.6 1629.9 1588.9 1671.5 1733.8 1725.9 1748.1 1736.7 1694.6 1513.2 1458.2 1490.3 1556.1 1549.9 1528.8 1476.1 1468.5 1575.6 1601.3 1553.3 1468.5 1293.4 1243.2 1262.7 1277 1267 1212.9 1198.2 1176.1 1147.1 1150.1 1157.8 1135 1094.9 1022 986.4 895.9 773.9 751.5 707.2 673.2 670.3 697.9 722.9 825.1 981.3 1201.8 -9999 -9999 -9999 -9999 -9999 -9999 -9999 -9999 -9999 -9999 -9999 -9999 -9999 -9999 -9999 -9999 -9999 -9999
-9999 -9999 -9999 -9999 -9999 773.3 898.4 1027 1161.5 1196 1276.7 1414.6 1594.2 1656.9 1678.6 1751.2 1790.2 1762 1738.3 1645.4 1439 1346.8 1388.5 1497.7 1530.3 1481.9 1397.5 1353.8 1554.9 1640.2 1574.3 1429.1 1178.1 1176 1201 1230 1230.1 1204.2 1200.5 1210.2 1152.4 1135.1 1185.8 1126.8 1079.5 984.2 950.2 887.5 775 719.7 684.4 600.3 620.4 696.8 756.4 864.2 916 1152.2 1411.4 -9999 -9999 -9999 -9999 -9999 -9999 -9999 -9999 -9999 -9999 -9999 -9999 -9999 -9999 -9999 -9999 -9999
-9999 -9999 -9999 -9999 -9999 603.5 901.1 993.3 1187.5 1233 1212.3 1365.6 1593.7 1648.8 1611.9 1710.7 1765.6 1740 1681.6 1581.3 1419.1 1361.5 1351 1397.2 1451.9 1441.1 1383.1 1350.7 1384.9 1487.9 1463.1 1404.8 1239.5 1138.3 1175 1208.8 1198.8 1158.7 1200.9 1250.5 1110.4 1075.5 1085.4 1097.2 1045 961.7 934.7 913.7 827.1 689.7 648.7 651.1 664.8 598.8 828.5 639.5 927.3 925.2 926.4 -9999 -9999 -9999 -9999 -9999 -9999 -9999 -9999 -9999 -9999 -9999 -9999 -9999 -9999 -9999 -9999 -9999
-9999 -9999 -9999 -9999 -9999 -9999 653.4 764.8 1234.8 1449.9 1465.4 1460.6 1481.2 1520.8 1516.5 1550.1 1625.9 1622.9 1558.4 1470.7 1414.2 1437.9 1349.3 1309.6 1343.1 1354.1 1338.2 1337 1401.1 1433.9 1405.5 1404 1272.2 1167.7 1237.2 1188.4 1139.5 1088.4 1003.5 1292.5 1096.3 1005.6 1086.8 1075.5 1066.5 1012.1 959.7 914.6 827.7 763.1 645.1 671.2 881.8 1212.1 1128.8 1284.3 1151.4 934.5 1008.1 -9999 -9999 -9999 -9999 -9999 -9999 -9999 -9999 -9999 -9999 -9999 -9999 -9999 -9999 -9999 -9999 -9999
-9999 -9999 -9999 -9999 -9999 -9999 498.6 622.8 1179.8 1458.7 1533.2 1376.4 1227.8 1236.8 1218.3 1261 1456.2 1474.5 1421.7 1341.5 1323.4 1304.3 1246.6 1242 1252.7 1305.2 1289.3 1312.6 1390.2 1402.9 1361.3 1348.1 1224.9 1100 1157.8 1139.4 1103.1 1095.5 1116.4 1168.5 1118.7 1115.7 1114.2 1045.2 1092.4 1071.6 997.3 918.8 831.3 848 894.6 928 1221.4 1660.1 1466.6 1310.6 1002.6 934.6 1114.5 -9999 -9999 -9999 -9999 -9999 -9999 -9999 -9999 -9999 -9999 -9999 -9999 -9999 -9999 -9999 -9999 -9999
-9999 -9999 -9999 -9999 -9999 -9999 -9999 685.4 1019.4 1138.1 1144.6 1115.9 1133.5 1117.1 1070.9 1157.8 1347.5 1379.3 1333.8 1261.6 1227.9 1209.3 1188 1195.5 1188.3 1178 1206.3 1248.1 1263.3 1272.3 1290.9 1288.7 1220.1 1131.2 1171.6 1137.4 1100.5 1100.2 1154.9 1222.1 1207.9 1235 1153.6 1033 1059.2 1055.1 999.9 980 857.1 818.6 1093.5 1142.1 1512.2 1606.9 1664.9 1376.7 893.3 939.7 1097.4 -9999 -9999 -9999 -9999 -9999 -9999 -9999 -9999 -9999 -9999 -9999 -9999 -9999 -9999 -9999 -9999 -9999
-9999 -9999 -9999 -9999 -9999 -9999 -9999 674.9 969.4 968.2 807.6 900.3 1024.3 1081.7 1083.2 1110.9 1273.5 1301.5 1245.5 1153.8 1105.7 1109.8 1124.1 1127.3 1043.4 983 1012.2 1110 1164.8 1268 1229.9 1214.1 1236.5 1191.7 1190.9 1134.8 1084.1 1267.7 1220.1 1325 1299.6 1205 1226.6 1113.8 1055.7 1156.8 1039.5 1217.7 1206.7 969.2 1344 1483.7 1722.2 1886.7 1644.7 1322.9 919.3 940.8 912.5 -9999 -9999 -9999 -9999 -9999 -9999 -9999 -9999 -9999 -9999 -9999 -9999 -9999 -9999 -9999 -9999 -9999
-9999 -9999 -9999 -9999 -9999 -9999 611.4 652.2 782.2 989.8 965.2 852.8 882 1032.7 1198.5 1095.8 1152.4 1165.9 1094 1009.8 954 962.9 1006.8 992.9 902.8 928.5 974.8 1029.2 1060.7 1050.6 1148.1 1147.6 1172.7 1139.1 1110.4 1097.8 1114.3 1192.2 1247.2 1291.8 1315 1272.9 1219.8 1131.5 912.3 1223.5 1618.4 2229.4 1506.1 1130.4 1396.6 1573.2 1549.2 1296.5 1304.2 1021.5 897.1 894.7 906 -9999 -9999 -9999 -9999 -9999 -9999 -9999 -9999 -9999 -9999 -9999 -9999 -9999 -9999 -9999 -9999 -9999
-9999 -9999 -9999 -9999 -9999 -9999 743.4 885.6 688.9 791.9 854.5 809.1 867.4 924.1 992.1 963.1 987.9 1026.9 1006.4 961.2 877.4 906.3 962.8 941.2 867.7 881.6 954.2 1022.2 1019.8 1025.2 1039.5 1045.9 1071.5 1013.7 957.7 1026 1097.2 1195.8 1139.4 1262.2 1289.7 1276.6 1242 1116.6 1049 1110.5 1733.6 1784.1 1352.2 1243.5 1317.1 1402.6 1308.2 1247.5 1036.3 892.4 885.2 894.8 895.1 -9999 -9999 -9999 -9999 -9999 -9999 -9999 -9999 -9999 -9999 -9999 -9999 -9999 -9999 -9999 -9999 -9999
-9999 -9999 -9999 -9999 -9999 -9999 -9999 572.2 664.6 888.4 927.3 870.2 864.2 888.5 925.9 930.4 1020.4 1018.4 1006.3 961.3 917.4 940.6 984.9 942 887.2 902.9 972.3 1032.2 1078.2 1015.9 973.8 949.4 1023.9 881 897.5 980.2 1025.4 1013.8 1148.4 1333.7 1312.4 1237.4 1239.3 1086.6 1038.9 1023.4 1100 1204.1 1182 1011.5 1077.2 1070.1 1082.1 1029.8 923.4 885.7 886 925.9 944.5 952.2 1091.7 -9999 -9999 -9999 -9999 -9999 -9999 -9999 -9999 -9999 -9999 -9999 -9999 -9999 -9999 -9999
-9999 -9999 -9999 -9999 -9999 -9999 -9999 272.3 559.6 957.7 966 958.1 969.1 998.3 958.3 992.8 1056.7 1020.5 996.3 946.5 931.9 969.7 1011.2 954.6 883.4 930.4 974.1 1052.4 1130.5 1055.3 970.3 938.1 947.1 908.9 992.3 994.8 993.1 1023 1174.5 1342.6 1303.6 1174.6 1136.2 1076.3 1013.8 977.8 823.7 904.7 1217.9 1068.9 977.7 970.8 1006.9 937.2 930.7 965 925.5 932.3 996.1 1025 1040.6 -9999 -9999 -9999 -9999 -9999 -9999 -9999 -9999 -9999 -9999 -9999 -9999 -9999 -9999 -9999
-9999 -9999 -9999 -9999 -9999 -9999 -9999 -9999 681.1 809 919.5 920.7 949.8 1012.8 932.1 903.5 959.4 972.9 904.2 850 857.1 936.5 993.6 966.3 928.4 958.2 991.7 1061.4 1138.4 1065.6 972.4 943.1 996.6 995.7 997.2 1004.5 976.9 943.7 1179.9 1320.2 1271.6 1139.4 1080.6 1017 1003.7 839.6 771 680.5 1255.6 1176.6 1212.5 1021.4 951.1 904.3 908.3 1061.5 1059.2 998.7 1069.6 1107.2 1052.2 -9999 -9999 -9999 -9999 -9999 -9999 -9999 -9999 -9999 -9999 -9999 -9999 -9999 -9999 -9999
-9999 -9999 -9999 -9999 -9999 -9999 -9999 -9999 915.6 836.4 903.1 916.8 965.4 944.2 834 847.1 936.9 943 851.7 794.3 797.4 858.4 951.5 923.4 912.6 944.5 975.6 987.5 1015.7 1045.1 1020.1 1005.7 1039 1033.5 1033.6 1004 1005.9 986 1117.5 1188.2 1196.4 1007 911.4 937.4 890.2 736.9 783.2 981.2 1577.6 1184.7 1136.9 1107.2 972.9 1006.3 1107.3 1237.1 1282.1 1138.4 1147.1 1164 1147.5 -9999 -9999 -9999 -9999 -9999 3191 -9999 -9999 -9999 -9999 -9999 -9999 -9999 -9999 -9999
-9999 -9999 -9999 -9999 -9999 -9999 -9999 266.4 851.1 968 951.3 921.5 883.7 840.1 830.7 866.4 950.9 952.6 838.8 758.3 741.9 755.7 763.1 730.4 745 781 847.7 934.3 985.6 1020.1 997.8 972.7 991.5 1049.7 1016.6 1021.2 1013.6 958.6 891.5 920.6 902.6 857.9 864.9 854.4 753.4 671.7 660 1209.6 1429.5 1010.6 1028.3 1063.8 1113.3 1133.9 1189.2 1340.6 1302 1095.2 1094.2 1159.2 1190.5 -9999 -9999 -9999 -9999 -9999 -9999 -9999 -9999 -9999 -9999 -9999 -9999 -9999 -9999 -9999
-9999 -9999 -9999 -9999 -9999 -9999 215.3 518.3 996.3 1112.2 928.9 927.1 838.7 831 829.2 865.2 924.5 923.5 734.2 680 666.3 649.1 663.2 686.4 725.4 672.4 695 800.9 887.8 908.4 855.7 878 933.5 994.6 1008.8 995.7 1007.4 908.5 841.2 836.2 815.2 787.1 755.8 654.4 654.2 658.8 630.7 824.9 1216.5 1126 1036.9 1026.1 1072.5 1034.5 1065.7 1106.8 1063.8 930.9 986.2 1050.6 1033.7 -9999 -9999 -9999 -9999 -9999 -9999 -9999 -9999 -9999 -9999 -9999 -9999 -9999 -9999 -9999
-9999 -9999 -9999 -9999 -9999 188.9 350.2 737.9 1000 1009.1 872 760.8 791.3 737.4 758.5 805.9 883.1 723.7 637.9 629.6 627.5 614.1 622.5 656.5 692.1 659.2 673 691 708.9 741.8 791.8 812.9 841.5 878.2 898.7 873.3 848.3 874 783.5 789.5 825.9 775.1 686.8 573.7 651.3 704.4 590.8 666.8 1018.4 984.8 628.6 1138.2 1061.5 1004.8 985.8 972.9 967.6 924.5 966.7 976.1 926 -9999 -9999 -9999 -9999 -9999 -9999 -9999 -9999 -9999 -9999 -9999 -9999 -9999 -9999 -9999
-9999 -9999 -9999 -9999 -9999 227.4 617.8 830.7 878.7 910.2 900.7 767.9 709 727.7 699.3 631.3 592.2 601.6 619 634.8 627.3 616.2 610.1 624.1 652.9 663.7 677.2 684.3 693.5 722.3 771.2 794.4 811.5 796.9 781.6 785.2 780.1 743.6 650.3 688.2 740.1 715.5 653.9 642.2 674.8 743.5 671.8 595.1 693.4 986.4 887.6 1037.9 1043.8 1008.6 1051 996.1 1007.6 1004.6 1010.1 978.7 892.5 -9999 -9999 -9999 -9999 -9999 -9999 -9999 -9999 -9999 -9999 -9999 -9999 -9999 -9999 -9999
-9999 -9999 -9999 -9999 -9999 405.1 705.3 793.4 786.2 807.3 807.9 690.6 659.9 664.6 632.3 597.9 575.7 559 570.5 597.2 612.1 628.2 633.9 626.1 603.9 619 650.9 660.4 661.2 665.3 724 763.6 746.1 662 621.8 642.5 589.3 586.3 629.5 606.4 585.4 627.3 643.9 701.4 794.8 699 642.3 653.6 763.2 766.1 645.3 769.8 866.1 956.9 1038.1 1049.6 1065.3 1063.8 1062.8 999.7 823.7 -9999 -9999 -9999 -9999 -9999 -9999 -9999 -9999 -9999 -9999 -9999 -9999 -9999 -9999 -9999
-9999 -9999 -9999 -9999 -9999 411.8 672.4 681 663.9 629.9 572.1 619.2 615 625.8 613.4 601.9 571.2 532.7 522.8 540.4 565.4 601.2 626.9 595.5 558.1 558.4 602 624.2 626.4 626.2 649 656.8 615.2 608.5 607.3 608.4 579.9 547.7 570.6 543.4 498.5 580.7 659.1 780 1030 886.1 759.1 795.8 739.2 814 740.2 798 838.6 927.9 1025.9 1071 1117.7 1093.4 1093 1125.9 883.6 816.9 -9999 -9999 -9999 -9999 -9999 -9999 -9999 -9999 -9999 -9999 -9999 -9999 -9999 1466.8
-9999 -9999 -9999 -9999 1 412.3 691.9 520.1 541.3 485.1 400.7 468.4 528.9 579.1 618 606.2 567.8 520.9 493 500 502.2 519.9 558.9 553.3 534 567 598.1 595.5 611.6 616.1 602.6 552.8 555.1 611.5 613.7 541.2 507.5 501.2 533.6 489.5 370.6 586.4 622.1 689.9 549 666 726.2 860.5 892.7 886.4 1207.7 1240.9 1043.1 1365.6 1307.9 1245.5 1153.3 1095.8 1020.5 1020.8 950.6 -9999 -9999 -9999 -9999 -9999 -9999 -9999 -9999 -9999 -9999 -9999 -9999 -9999 1299.8 1364.3
-9999 -9999 -9999 -9999 2.8 285.9 602 546.6 499 441.8 413.8 406.6 407.4 426.8 577.3 620.4 563.7 530.7 518.8 507.7 493.4 491.7 507.7 548.1 549.4 551.4 537.3 547 550.1 540.1 517.8 502.3 510.3 520.4 529.6 482.8 528.6 461.2 447 438.3 396.1 435.8 521.8 505.4 355.4 514.3 644.1 667 778.4 831.4 1154.3 1708.2 1735.1 1696.4 1505.8 1365.7 1263 1055.6 1015.6 979.1 942 -9999 -9999 -9999 -9999 -9999 -9999 -9999 -9999 -9999 -9999 -9999 -9999 1180.7 1301.2 1382.7
-9999 -9999 -9999 -9999 0 34.5 499.9 459.1 335.6 405.7 431.5 415.5 396.1 391.8 424.9 432.6 417 468.6 521.8 525.4 496 471.6 488.6 532 533.7 510.4 461.8 479.7 456.7 443.7 449.4 476.5 507.7 517.1 518.2 513.8 492.6 440.4 458.5 505.8 464.8 417.8 422.1 392.1 343.2 410.9 396.6 346.9 576.3 820.6 1194.6 1668.3 1662 1603.4 1483.9 1406.6 1274.6 1055 1011.3 950.6 -9999 -9999 -9999 -9999 -9999 -9999 -9999 -9999 -9999 1165.1 1145.4 1233 1291.6 1279.3 1417.6 1483.8
-9999 -9999 -9999 0 0 0 312.4 354.5 328.8 349.7 381.1 356.4 341.3 326.6 317.6 312.2 325.4 334.8 322.1 348.9 383.9 370.6 330.6 324.9 438.2 461.8 446.9 425.8 407.2 424.7 425.1 463.1 479.5 508.3 537.3 548.2 503.1 447.6 485.3 540.7 489.7 436.8 434.6 400.6 377.9 301.3 303.5 308.6 418.8 593.1 648.2 804.9 1028.1 1182.2 1204.9 1219.4 1147.1 1071.5 1049.1 -9999 -9999 -9999 -9999 -9999 -9999 -9999 -9999 -9999 -9999 1229.3 1322.7 1332.7 1400.2 1457.6 1561 1731.5
-9999 -9999 -9999 -9999 0 17.4 168.8 182.6 185.4 176.4 239.9 302.9 258 242.9 273.6 322.8 336.6 352.2 329.1 320.8 306.5 287.2 281 277.8 285.2 358.8 396.7 384.8 388.4 382.6 392.4 463.2 521.3 492.4 543.1 557.5 543.3 511 526.4 512.9 484.1 452.6 438.5 425.9 447.3 397.1 399.7 352.9 396.9 482.7 573.3 581.5 659.5 1030.2 1137.7 1145.4 -9999 -9999 -9999 -9999 -9999 -9999 -9999 -9999 -9999 -9999 -9999 -9999 1175.7 1341 1426.1 1444.4 1469.1 1503.9 1553.6 1523.6
-9999 -9999 -9999 0 0.8 101.7 149.9 144.9 144.7 146.2 146.3 235 202.6 205.3 215.5 316.1 339.4 349 302.6 343.8 334.5 305.3 290.7 280.5 272.8 292.5 355.3 366.3 360.5 359.9 329.2 413.1 414.3 407.1 442.3 493.9 551.8 592.4 574.5 522.5 479.4 449.2 369.4 502.8 500.2 878.1 994.2 740.7 574.4 553.6 673.6 702.3 778.9 986.1 -9999 -9999 -9999 -9999 -9999 -9999 -9999 -9999 -9999 -9999 -9999 -9999 -9999 -9999 1209.1 1538 1542.5 1483.8 1490.4 1483 1453 1332.3
-9999 -9999 -9999 -9999 34.8 88.1 105.8 128.8 129.7 136.2 144.7 173.2 184 182.1 188.3 252.5 295.9 325.4 323.6 327.3 341.5 322.7 305.1 299.7 267.2 275.5 327.9 365.1 362.8 375.3 403.4 481.1 382.1 330.9 390.4 439 531 645 598.2 503.4 510.7 517.5 536.1 580.1 732.6 747.9 1141 949 816.7 680.9 708.8 701.8 790 948.1 -9999 -9999 -9999 -9999 -9999 -9999 -9999 -9999 -9999 -9999 -9999 -9999 -9999 -9999 1102.6 1387.3 1494.3 1536.1 1552.6 1473.8 1436 1336.8
