datasets/global_precipitation_1950_2017/rasters/precip_1961-total.asc
NCOLS 720 
NROWS 347 
XLLCORNER -180 
YLLCORNER -90 
CELLSIZE 0.5 
NODATA_value -9999 
[rows 34 to 67 of 347, columns 380 to 455 of 720]
-9999 -9999 -9999 -9999 -9999 1895.6 2200.7 -9999 1662.6 1403 1331.7 975.7 734 638.8 620.8 629.7 647.4 635.6 593.6 596.1 609.5 542 517.5 507.8 645 529.5 629.9 600.8 637.8 643.4 637.5 633.7 661.1 597.4 596.7 613 619.4 595.5 574.1 570.8 577.8 580.7 583.9 583.7 581.7 580 565.2 524.3 -9999 -9999 -9999 -9999 -9999 -9999 390.5 391.7 399.2 408.3 423.1 424.5 -9999 -9999 -9999 -9999 358.6 346.1 345.1 -9999 386.4 392 394.9 408.8 428.8 451.1 477.2 498.3
-9999 -9999 -9999 -9999 -9999 1633 1786.2 1574.1 1410 1147.5 1034.3 976.6 883.6 719.2 656 636.6 595.3 561.3 541.8 524.6 516.6 501.1 507.4 490.5 488.4 526.3 -9999 -9999 -9999 639.7 668 711.9 717.6 704.6 719.1 700.9 687.7 666.9 614.8 607.6 620.8 633.2 628.2 615.4 606.8 596.7 570.5 528.4 484.1 -9999 -9999 -9999 -9999 -9999 -9999 -9999 -9999 -9999 -9999 -9999 -9999 505.3 498.4 481.1 468 456.6 445.3 424.8 351.2 386.5 422.9 451.9 478.8 506.2 537 560.4
-9999 -9999 -9999 -9999 -9999 1670 1604.7 1275.7 908.5 867.8 836.7 792.3 719.5 624.2 693.8 703 611.1 550.1 595.6 577.4 557.1 645.7 549.3 -9999 -9999 -9999 -9999 -9999 -9999 -9999 -9999 633.7 673.3 699.9 677.3 720.5 733.7 712.1 668.1 661.9 694.3 708.1 715.4 673.2 632.5 599.9 565 535.1 510 -9999 -9999 -9999 -9999 -9999 -9999 -9999 -9999 -9999 -9999 -9999 525 551.8 580.4 606.5 630.7 650.8 653.6 627.7 585.2 550.6 537.4 538.4 555.2 582.5 609.6 625.3
-9999 -9999 1582.5 2075.3 2062.9 1657.6 1354.8 1125.3 988.9 837.6 770.4 680.7 646.8 616.5 656.1 713 559.6 528 525.2 547.9 552.3 593.3 -9999 -9999 -9999 -9999 -9999 -9999 -9999 623 639.5 626.9 672 713.2 729 757.6 814.9 695.6 693.6 652.2 690.8 682.2 641 577.8 546.4 577.6 580.8 573 568.6 568.4 -9999 -9999 -9999 463.6 488.1 521.6 -9999 -9999 -9999 -9999 584 657.2 660.3 678.1 745.2 872.3 1001.1 958.8 819.2 703.5 622.5 578.5 595.6 632.7 664.5 679.9
-9999 1564.7 1483.2 1446.4 1359.6 1218.4 1024.9 868.7 802.5 758 686.2 636.2 653.5 649.8 602.2 603.1 619 582.7 582.7 667.2 657.7 643.7 -9999 -9999 -9999 -9999 -9999 -9999 627.6 608.9 629.4 627.9 681.8 702.7 714.7 705 784.6 759.5 728.8 664.9 758.3 752.3 715.1 665.3 640.3 632.6 638.6 642.6 643.4 627.3 589.5 558.5 -9999 -9999 -9999 -9999 820.3 768.2 705 677.7 677.6 657.2 616.7 570.8 642.7 730.2 803.1 832.9 822.5 795.8 762.8 731.3 703.4 682.2 666.1 652.1
1607.9 1489.4 1084.4 1099.9 1205.3 972.8 969.6 878.3 838.6 653.9 626.3 587.9 645.5 643.8 600.5 771.5 752 657.1 800.7 698.5 635.2 -9999 -9999 -9999 -9999 582.3 589.3 590.7 628.7 583.9 486.1 599.7 648.4 694.2 757 793 757.4 734.2 763 794.9 799.5 812.8 796.6 741.2 690.6 673.8 694 743.4 803.8 756.4 704.6 685 699.5 756.2 864.5 1003.1 1033.2 893.1 757.3 693.5 662.6 630.9 595.1 574.2 595.4 647.5 706.4 764.3 819 864.4 894.3 881.2 814.8 738 677.9 634
983.6 911.9 911.4 1054.4 1051 734.7 642.6 670.4 563.7 511.4 586.1 602.2 638.4 613.9 589.1 620.2 852.5 650.5 -9999 -9999 -9999 -9999 -9999 -9999 588.6 585.9 585 606.2 602.3 558.4 583.7 629.4 600.2 647.3 664.2 670.3 687.5 717.1 679.7 729.6 728.3 758.7 791.4 790.6 744.9 698.3 654.4 693.9 765.4 781.6 763.2 750.9 759 770.5 775.3 759.1 703.2 611.1 549.6 599.8 667 653.5 604.3 576.4 601.4 644.8 700.1 769.5 835.6 890.7 918.9 901.9 840.4 762 696.8 652.8
566.9 618.8 700.4 751.5 678.8 610.5 575.8 456.9 493.8 460.2 574.5 639.8 716.1 690.6 699.5 683.8 -9999 -9999 -9999 -9999 -9999 -9999 631.4 610.5 609.9 579.8 589.4 612.6 677.5 674.4 625.9 612.8 610.9 651.8 598.3 601.4 639.9 660.7 640.6 646.9 704.7 737.2 765.4 771.8 768.7 743.7 748.1 776.2 819.3 808.7 768.2 748.8 750.5 751 741 715 682.4 636.8 612.4 640 673.4 678.7 671.7 670.7 676 731.5 752 816.5 898.4 966.5 990.3 958 890.1 808.6 727.7 664
452 431.8 565.6 550.9 645.8 606.7 604.1 578.3 615.3 606.5 570.7 585.3 681.1 657.4 638.3 -9999 -9999 -9999 -9999 -9999 -9999 -9999 -9999 692.3 690.5 693.8 688.9 693.3 704.9 753.9 737.1 710.5 683.2 673.3 651.3 627.4 607.8 638.2 653.5 641.7 659 719.3 735.3 754.3 772.6 759.1 754 730.3 676.2 718.7 754.7 762.4 750.1 719 728.2 743.8 740 732 732.3 739.6 740.3 735.9 736.3 737.4 737.5 735.2 768.6 855.8 976.4 1098.9 1129.7 1035.7 925.2 831.2 749.3 680.9
606.2 582.6 594.3 663 707.4 751.4 728.9 715.9 710.4 649.6 652.3 562.7 575.1 621.7 667 -9999 -9999 -9999 -9999 -9999 -9999 -9999 -9999 683.1 701 753.4 733.6 734.9 771.9 681.7 688.2 615 617.8 611.5 631.3 629.6 619.3 600.2 564.2 620.4 747.4 928.9 823.6 783.1 783.3 791.9 821.8 858.9 852 815.2 812.1 816.9 810.8 804.4 810.7 806.2 771.8 734.1 744.4 781.7 782.3 781.3 766.5 755.2 745.8 744.5 764.2 819.7 879.7 922.9 916.2 867.1 810.3 764.3 725.8 688.2
735.7 765.4 774.9 803.3 900.9 806.9 782.6 710.2 688.3 709.9 641.3 611.5 588.2 590.4 -9999 -9999 -9999 -9999 -9999 -9999 -9999 -9999 -9999 656.1 645 634.7 655.8 598.1 570.6 599.9 630.7 603.7 593.4 604.3 579.8 553.9 605.1 670.3 685.2 693.6 721.6 750 760.4 754.8 750.2 754.5 749.4 752.3 779.9 824.6 894.4 989.7 1071.5 1067.9 975.1 878.1 795.4 736.7 736.4 772.9 788.5 781.1 754.4 713.7 697.9 726.5 765.3 790.3 796.3 784.8 754.7 715.1 675.3 797.3 716.2 672.9
795.6 730.1 654.3 718.3 796.3 705.8 743.3 733 656.6 630.1 636 619.4 712.9 614.9 658.9 -9999 -9999 -9999 -9999 -9999 -9999 -9999 -9999 750.8 749 710.6 647 661.7 645.5 676.8 637.5 627.4 559.6 605.7 597 724.1 972.3 1141.3 868.6 837.9 774.7 724.1 698.4 691.4 696.3 700.7 656.2 623 716.8 832.7 910 1004.3 1098.7 1092.4 995.2 884.3 805.9 766.8 767.6 792.7 808.1 799.6 782.6 767.5 781.3 823 854.8 853.9 822.2 774.3 719.2 659.2 616.6 634.7 612.4 560.7
716.1 893.5 887.9 774.5 810 881 748.7 720.4 810.3 718.5 656.5 610.7 595.8 649.8 693.8 690.5 684 -9999 -9999 641.5 644.5 -9999 -9999 -9999 692.1 -9999 743.4 707.9 652.1 585 -9999 637.2 -9999 -9999 -9999 -9999 -9999 -9999 798.5 702.8 662.8 646.7 637.4 632.5 652.5 661.8 672.2 685.4 719.8 757.4 798 839.2 859.7 852 783.9 708.7 704.4 706.5 710.3 746.5 781.5 796 828 905.3 1008.8 1076.3 1064.4 1002.1 930.7 862.2 796.8 732.1 662 586.3 470.2 300
953.1 849.4 855.8 827.3 770.8 736.6 773.3 811.5 805.7 806 752.7 567 583.8 581.8 617 650.6 655.7 691.7 -9999 -9999 -9999 -9999 -9999 -9999 -9999 -9999 -9999 -9999 -9999 -9999 -9999 -9999 -9999 -9999 -9999 -9999 -9999 726.4 701 654.2 692 625.4 604.9 595 585.1 614.1 643.5 634.1 711.1 736.5 740.2 746.2 763 782.9 781.2 772.2 750.2 662.6 517.3 575.3 626.5 679.4 757 871.6 1018.1 1100.2 1060.3 984.6 938.2 925 933.8 885.9 755.9 623.3 526.4 479.2
1115.6 862 826.3 812.2 772.4 835.1 750.1 669.7 690 729.5 645.1 557.2 582.2 651.9 606.5 534.9 583.3 -9999 -9999 -9999 -9999 -9999 -9999 -9999 -9999 -9999 -9999 625.9 706.4 964 1034.2 858.4 622.9 561 557.6 615.9 688.7 873.7 783.7 724.9 682.5 625 605.5 626 665.7 695.7 692.2 687.1 698.4 714.2 716.5 724.9 748.7 787.6 830.2 856.9 1160 857.4 676.4 623.3 586.7 632 685.6 717.3 731.6 779.1 802.2 793.2 784.9 813.8 853.1 833.5 741.4 640.7 585.2 562.4
-9999 -9999 697.5 826.6 858.5 667.2 546.9 476.8 543.4 680.2 626.7 522 571.3 561.3 596 -9999 -9999 -9999 -9999 -9999 -9999 -9999 -9999 -9999 -9999 -9999 -9999 -9999 1794.4 893.8 742.3 694.4 673 618.1 613.9 734 715.9 745.3 725.1 687.9 653.1 604 581.6 643.3 752.1 866.2 752.3 685.3 654.9 655 683.3 707.8 723.6 722.6 703.4 759.9 798.3 770.1 706.3 664.8 657.6 713.1 814.2 791.3 658.5 630.1 657.2 662.6 672.6 679.3 658 639.5 616.2 574.1 551.2 562.6
-9999 -9999 -9999 909 770.7 719.2 607.4 593.9 579.7 537.3 554.3 548.5 623.1 -9999 -9999 -9999 -9999 -9999 -9999 -9999 -9999 -9999 -9999 -9999 595.8 -9999 -9999 -9999 -9999 623 653.5 623.1 599.8 563.3 602.4 649.1 711.2 786.3 801.6 699.5 639.1 593 571.3 621.9 647.3 689.7 788.8 696.6 663.5 676 672.8 668 653.7 654.4 666.3 686.2 694.7 685.8 664.8 634.5 628.2 679.7 791.5 774.3 598.4 587.4 636.3 652.9 645.2 617.9 576.2 572.3 586.1 523.3 459.9 513
-9999 -9999 -9999 -9999 897.3 935.2 956.8 708.2 780.7 690.4 660.5 629.9 610.5 -9999 -9999 -9999 -9999 501 -9999 -9999 -9999 -9999 -9999 -9999 -9999 -9999 -9999 -9999 -9999 583.6 661.4 609.5 577 569.8 584.7 664.8 797.5 864.5 765.5 664.9 634.2 632 617.6 662.5 741.8 852.4 957.9 775 677.3 656.2 657.1 673.9 619.4 573.6 607.2 642.7 668.7 664.7 633.1 544.2 517.1 571.6 637 607.2 604.3 712.1 786.8 741.2 673.2 627.5 604.8 602.1 804.9 967.1 693.3 568.9
777.3 -9999 -9999 -9999 957.8 1123.5 1042.9 951.8 862 745.2 701.8 602.9 532.4 -9999 -9999 -9999 462.9 -9999 -9999 -9999 -9999 -9999 -9999 624.4 649 658.6 -9999 -9999 -9999 625.4 644 624.4 597.3 574 578.8 576.4 699.8 774.1 777.2 741.2 719.6 766.1 817.2 704 659.6 638.9 611.9 666 661.8 635.7 615.1 601.8 593.4 593.4 598.7 604.8 662.8 691 824.8 744.4 597 550.1 541 524.9 539.7 855.1 1062.5 762.2 613.7 575.6 578.4 633 701.1 673.6 541 486.3
726.2 -9999 -9999 -9999 -9999 800.5 1016.7 907.4 755 723 700.5 643.8 504.3 512.6 -9999 -9999 -9999 -9999 -9999 -9999 -9999 -9999 668.8 742.9 633.1 619.1 616.4 664.4 704.5 649.2 662.6 633.4 659.1 567.4 487.2 515.7 652 757.9 755.7 702.2 666.8 682.7 718.8 708.5 610.2 590.1 651.1 709.7 694.7 574.9 538 540.8 536.3 571.8 616.7 602 563.7 522.6 543.3 540.4 558.3 541.8 493.9 485.9 521.5 519.6 470.9 476.6 484.4 485 542.8 626.2 707.9 675.3 588.1 678.5
635.3 613.6 -9999 -9999 -9999 -9999 936.8 826.5 670 709.5 663.7 677.3 -9999 -9999 -9999 -9999 -9999 -9999 -9999 -9999 -9999 -9999 697 704.9 687.6 652.4 597.9 560.3 514.7 528.8 556.5 568.1 574.4 543.7 495.6 528.3 680.2 931.9 836.9 641.6 567.5 564.3 633.5 684.9 659 689.1 776.7 911.5 1062.3 774.4 565.8 523 530.4 564.7 557.8 546 524.4 500.5 448.3 535.1 630.6 573.6 535.7 502.7 475.8 459.8 450.5 484.2 431.5 466.3 541.2 666.3 865 860.7 615.4 610.4
-9999 -9999 -9999 562.7 661.3 -9999 626.2 661.2 -9999 -9999 -9999 -9999 -9999 -9999 -9999 -9999 -9999 -9999 -9999 -9999 -9999 -9999 669.5 799.2 718.7 659.3 575 539.4 497.2 499.1 503.8 518.4 622.8 590 544.6 552 578.8 629.3 648.2 633.7 631 637.5 650.5 665.2 667.7 692.2 783.6 844.5 824.6 723.1 602.2 522.7 516.8 536.8 558.4 566 513.8 481.5 503 555.1 575.6 558.2 522.8 502.2 481 457.2 461.1 476 512.9 532.6 502.6 535.8 608.6 604.1 578.8 572.6
659.7 583.3 -9999 652.5 604.1 -9999 -9999 -9999 -9999 573.5 -9999 -9999 -9999 -9999 -9999 -9999 -9999 -9999 -9999 -9999 -9999 -9999 -9999 764.2 727.1 653.1 610.2 622.9 576.1 509.4 525.5 511.2 499.3 517.1 471.7 498.5 548.7 590.7 630.6 728.2 728.9 699 722.4 728.9 725.3 745.6 759.8 794.2 894.8 803.4 632.6 550.7 538.4 537.4 536.2 514.2 463.5 428 523.4 592.5 583.9 539.1 486.2 434.7 399.3 448.4 476.3 460.9 680.8 727.1 583 550.7 572.2 577.4 563.9 556.7
-9999 -9999 594.3 643.9 -9999 -9999 -9999 -9999 -9999 -9999 -9999 -9999 -9999 -9999 -9999 632.8 591.8 -9999 -9999 -9999 820.2 897.2 828.1 742.2 683.7 606.3 637.1 771.8 686.6 581.8 615.1 591.9 541.6 520.1 505.4 504.3 534.8 570.7 561.6 523.5 634.6 666.1 727.1 835.7 799.7 733.5 695.8 691.5 703.4 671.3 599.8 571.9 622.5 612.8 548.9 480.7 416.1 504.2 708.5 835.9 553 507.8 461.4 437.6 438.2 473.8 514.3 525.2 587.1 544.7 555.7 574.3 590.7 591.6 561 560.8
774.1 739.3 -9999 -9999 627.2 634.6 -9999 -9999 -9999 -9999 -9999 -9999 737.9 653.4 611.4 600.7 566.9 562.8 684.3 773 777.1 728 670.3 678 699.1 597.9 564.4 560.8 585.4 585.1 569.7 539.8 529 493.9 471.3 498.9 487.6 496.2 575.9 641.4 640.6 586.6 593.2 662.9 658.2 591.6 587.3 615.7 613.2 545.4 431.8 485.4 547.6 566.6 526.1 516.6 431.5 416.3 450.7 535 488.4 447.8 425.4 397.9 413.5 442 439.5 401.9 458.6 513.8 532.9 544.3 520.9 502.1 551.7 596.6
881.6 679.1 636.5 639 638.6 643.2 608.2 635.3 652.3 702.4 727.4 697.2 663.8 599.1 604.9 598.1 572.7 585.2 597.7 650.2 626.1 627.4 634.3 626.3 627.9 598.7 558.9 514.8 555.2 516.9 456.7 466 482.4 491.8 533.6 544 535.4 525.9 544.8 645.6 613.1 557.6 525.2 520.4 521.1 498.3 519.3 535.8 582.2 604.2 548.9 533.3 508.7 482.3 473.9 426.2 406.4 454.3 524.2 440 446.6 451.5 455.2 455.2 477.7 486.6 445.6 424.3 493.9 562.9 578.5 564.3 554.6 601.9 661.5 717
820 789.1 706.4 766.1 723.8 686.6 694.8 656.6 645.6 667.7 689.7 677.6 639.7 560 581.8 581.7 603.5 611.2 590.7 600.5 586.1 589.3 576.3 558 568.2 584.6 587.2 537.5 472.6 454.7 446.3 454.1 470.5 450.3 479.4 498.2 514.6 566 563.8 556.3 534 508.3 491.8 494.9 516 537.8 592.8 709.3 878.7 669.6 687.2 720.9 592.9 464.5 407.9 384.6 398.2 437.7 451.9 456.3 476.1 490.1 483.7 471.4 503.1 522 490.6 524.3 624.2 793.5 785.4 653.9 614.8 616.6 634.5 658.3
943.9 847.7 683.7 684.7 675.8 670.4 680.9 690.2 657.6 639.5 649.1 657.9 670 673.4 652.8 617.1 577.9 547.6 537.9 540.3 521.6 517.5 514.5 512.9 518.6 535.7 540.3 520.7 450.9 428.1 420 414.1 387.1 384.9 432.8 465.8 511.2 547.9 553.7 514.6 489.3 488.6 486.3 478 489 521.3 549.1 533.6 633.4 689.2 740.1 847 788.5 573.6 420.4 399 471.2 499.4 470.4 473.4 529.9 537 508.2 493 534.8 560.1 550.6 576.5 631.9 668 647.5 580.5 556.1 567.6 573.8 534.4
923.1 910.1 764.1 704.5 695.9 662 690.2 637.1 628.4 630.2 620.3 654.2 707.9 743.8 700.6 638.9 599.7 576.6 568.9 561.3 541.7 546.2 524.7 488.6 468.9 483.2 465.8 622.8 684.7 493 391.1 344.8 331.1 376 438.1 430.5 512.9 569.9 540.2 499.4 509.8 485.1 498.3 513.4 550.5 576.1 483.6 453 459.1 505.4 573 599.7 525.6 518.2 443.1 414.7 482.5 517.2 569.6 585.5 573.6 553 543.2 539.7 540.2 538.1 524.2 488.3 564.5 502.7 392.2 445.1 520.3 577.9 643.8 626.5
1507.6 1282.5 678.5 577.7 644.6 668.6 552.1 575.9 579.2 642.1 655.5 670.8 686.3 673.2 663.4 605.7 577.7 603.2 617.7 630.5 560.9 510.7 471.4 473.2 475.9 479.5 469.3 475.4 524.5 436.9 303 328.1 499.2 567.7 563.9 564.5 755.2 614.9 517.8 502.4 471.8 592.6 694.2 536.6 530.5 515.5 488.1 418.5 414.4 419.4 474.9 562.7 616.2 518.4 460.7 438.9 435.8 591.4 739.6 646.4 581.7 550.1 563.6 555.2 515.7 514.2 526.3 509.8 476.1 427.7 372.1 468.6 648.6 662.1 659.2 784.9
947.8 644.3 602 585.7 610.4 685 645.6 702.1 732.3 698.3 686.5 666.5 577.8 603.5 619.2 609 615.9 634.4 623.2 585 574 557.8 510.3 473 463.2 469.2 423.8 378.9 376 333.9 321.2 385.6 854 631.5 600.8 539 530.2 487.3 497 468.1 369.3 557.9 552.2 523.8 521.4 582 844 536.4 412.2 420.8 448.7 462.1 412.4 423.5 420.9 411 441.2 514.8 558.5 557.4 512.3 462.8 466.2 467.5 469.1 470.4 471.6 451.5 438.3 435.2 458.5 619.4 746.8 654.4 628.4 689.3
923.2 1151.1 659.4 657.2 658.5 706.3 798.9 887.5 682.3 677.3 943.7 1158.3 800.4 667.3 594.6 588.5 612.9 685.1 675.2 649.7 617.6 626.5 495.3 432 463.1 461.5 489 437.6 431.3 360.8 308.9 335.5 417.6 514.5 482.7 439.3 508.5 530.1 514.1 497.5 625.8 565.9 494.5 446.4 417.8 474.6 514.3 498.9 467.6 491 477.6 483 417.9 368 411.8 417.6 462.7 505.4 528 529.3 482.7 447.2 426.9 387.7 392.2 427.5 424.2 410.3 410.9 421 469.3 514.3 526.1 486.7 440.2 406.6
824.3 752.1 767.4 797.6 959.6 780.2 607.2 456.9 468.3 426.1 579.9 617.8 871 629.8 756.9 569.6 577.6 710.4 712.3 686.1 671.2 610.2 554.8 489 474.3 441.7 436.3 423.1 383.4 354.9 320.9 325.9 341.5 386.7 415.9 481.7 570.6 954.5 647.4 521.4 725.5 524.5 336.1 423.8 418.2 492 442.7 459.7 465.6 472.1 424.7 412.7 416.4 464.2 494.3 584.6 693.4 566.6 536.4 550.2 579.9 511.2 430.9 474.9 512.5 477.9 451.9 414.4 399.9 484.7 518.9 443.5 425.2 409.6 378.2 346.3
674.8 696.1 1094.6 842.3 939.3 734.2 501.3 545.7 531.4 597.5 626.7 741.4 684.9 544.7 589.8 657.6 691.4 896 887.6 749.8 716.2 654 650.8 587.2 496.4 430.7 419.3 408.5 374.9 370.8 375.5 384.6 400.9 524.9 506.4 511.4 550.2 508.8 499.5 450.2 420.9 379.7 354 384.1 410.2 501.2 432.4 481.6 570.9 587.6 468.1 465.1 529.3 454.9 420.9 369.4 455.2 453.7 450.7 502 592.3 585.1 476.6 526.5 653.8 826.3 546.3 418.5 471.6 522.5 543.8 469.7 404.8 374.9 344 284.5
