datasets/global_precipitation_1950_2017/rasters/precip_1953-total.asc
NCOLS 720 
NROWS 347 
XLLCORNER -180 
YLLCORNER -90 
CELLSIZE 0.5 
NODATA_value -9999 
[rows 34 to 67 of 347, columns 532 to 607 of 720]
448.2 451.1 456.7 470.4 482.1 488.3 491.3 493.2 501.5 514.9 531.7 547.1 561.3 574.8 583 584.7 581 568.5 550.7 527.1 500.3 470.7 442.5 416.8 393.8 375.7 359.9 346.9 334.6 323.9 315.6 309.6 304.9 300.1 296.3 291.2 286.8 280.9 276.6 271.3 266.5 261 254.9 249.8 246.4 241.7 237.3 233.7 230.1 227.7 227.7 228.8 228.7 228.5 227.5 226.8 221.8 229.2 232 234.6 237.7 240.4 242 244.3 246.5 249.1 251.9 257.2 260.5 264.2 267.4 271.6 275.6 281.5 283.2 285.4
487.4 500.3 518.9 550.6 532.8 503.4 468.1 437.9 432.7 459.5 487.5 507.9 519 530.5 536.9 538.4 533.5 524.3 507 485.6 462.2 437.3 414.9 394 375.7 359.7 350 341.6 336.9 332.9 330.1 329.3 327.6 328.3 325.5 322.9 319.7 314.7 307.7 301.1 293.4 287.9 279.9 273.6 268.2 263 258.7 254 251 244.3 241.1 237.1 234 231.3 229.8 227.9 228.2 229.7 232 233.9 237.1 239.6 241.2 243 244.5 247 250.6 256.2 261 265.6 268 271.1 273.6 278.8 280.7 281.2
517 523.8 522.2 519.7 517.7 506 482.4 460.5 454 461.4 473.5 480.8 487 491.2 497.2 500.3 497 487.6 475.7 458.3 438.4 418.1 394.5 370 347.9 331.8 328.7 331.6 335.2 336.5 339 341.4 344.1 345.1 345.1 343.8 342.8 342.3 340.2 335.9 331.1 326.8 320.2 315.5 308.2 301.4 297.1 290.6 282.6 277.1 269.1 265.2 257.6 252.5 247.5 242.1 239.9 239.9 237.7 236.1 236.9 238.1 239.8 238.6 239.4 240.3 242.1 245.3 249.3 254.4 258.9 263.2 266.5 271.2 274.8 277.9
547.2 547.6 545 540.4 532.2 522.1 511.4 499.5 488.9 480.6 475.7 468.4 463.4 464.3 470.2 475.3 476.1 470.1 460.6 444.8 431.1 415.4 398.8 378.8 357.8 343 342.1 346.3 345.7 344.7 346 350.2 352.6 355.3 357.2 359.1 359.2 358.7 359.9 360.1 359.3 357.8 357.4 356.3 354.2 350.6 344.2 336.7 329.3 321.2 312.6 305 295.7 287.5 279.8 271.6 261.7 253.3 246.6 242.9 238.3 237.2 238 238.2 238.1 239.7 241.2 243.4 244.1 246.6 251.2 253.6 257.3 260.7 265.7 272.2
559 569.6 584.3 585.7 566 542.1 522.2 512.1 499.6 486.4 474 464.5 458.8 456.8 458.4 463.2 469.2 464.2 451.3 440.6 427.4 420.6 416.9 414 410.1 410.7 413.2 412.1 375 368.7 367.4 366.8 366.5 366 365.1 364.2 363.7 364.5 365.8 368.3 370.7 372.5 374.7 376.4 378.6 376.9 373.7 368.3 364.6 361.4 353.8 345.2 333.2 322.4 311.4 299.4 286.2 271.3 260.2 250.7 242.2 240.1 239.8 240.2 240.8 242.5 244.5 246.5 247.7 249.6 251.2 254 256.3 258.8 262.3 266
549.1 554.9 557 553.9 541.1 526.4 515.6 506.2 497.5 489.2 482.5 478.4 474.6 470.5 466.7 465.9 462.4 455.4 444.8 432.6 422.8 420.5 424.4 428.2 430.7 434.2 436.3 436.1 425.6 408.8 394.4 383.6 376 369.8 363.4 357.5 355.4 359.5 364.8 370.1 374.4 378.1 381.2 384.9 386.8 387.7 386.4 383.7 380.1 377.2 374.1 369.1 363 350.4 336 320.4 306.6 292.2 275.7 260.9 249.2 241.3 238.8 237.3 238.9 241.1 244.3 247.5 249.5 249.9 250.2 253 254.8 257.9 260.8 263.2
529 539.1 549.1 549.7 505.1 504.8 500.3 495.8 496.2 500.5 507.4 513.7 512.9 504.9 496.5 485.2 474 463.2 453.6 445.3 439.4 435.2 433.7 432 427.3 425.5 422.3 417.8 412.2 403.3 394.7 387.9 382 376.5 369.6 364.3 363.3 366.5 371.2 375.9 380.3 384.2 388.2 391.1 393.1 392.4 389.5 385.6 381.1 378.5 377.6 381.7 388.4 380.3 345 320.8 312.8 300.2 283.3 264.1 246.6 237.1 233.6 234.9 237.7 241.8 246.9 251.8 254.7 256 256.2 255.9 256.3 258.7 259.3 261.8
494.7 505.4 518.2 520.6 503.9 476.6 465.4 478.1 498.5 520.1 541.8 561.3 567.6 559.3 534.4 515.3 495.6 480.5 467.1 461.7 460 456.3 452.4 446.9 434.6 423 414.1 406.8 398.6 393.1 390.8 394.5 397.6 396.8 393.6 389.6 387.1 385.7 385.4 386.1 387.7 389.7 391.7 393.9 394.5 391.9 387 380 369.9 359.7 356.2 365 375.4 373.2 349.2 322.8 309 299.3 284.8 263.1 240.2 225.3 231.9 244.4 255.5 261.8 268.8 274.5 275.6 272.6 268.3 264.6 261.4 257.2 254.5 252.8
480.1 484.1 494.3 494.7 480.3 456.1 459.8 489.8 518.3 539.9 562.5 581.4 588.1 575.4 552.2 525.6 497.4 479.7 477.7 478.4 478.5 476.9 472.4 459.8 448.9 431.7 420.5 411.7 409 409.5 414.9 423.5 431.3 434.6 431.1 423.5 415 408 402 398.2 395.3 393.1 392.4 391.6 390.8 388.7 384.5 377.1 367 356.1 349.5 352.1 353.4 345.7 328.5 312.5 305.4 303.2 295.9 284.7 274.1 274.4 288.4 296.5 293.3 289.8 293.3 299.7 296.2 286.9 277.8 270 261.7 254.1 246.9 238.9
489.5 493.3 498 504.3 509.5 517.9 535.6 555.1 550.7 548.9 546.8 554.8 562.5 566.1 563.4 542.7 512.8 492.1 488.1 489.8 490.8 483.9 468.5 455.1 440.3 431.5 423.8 419.2 422.6 430.3 440 451.7 462.2 467.3 462.1 450.8 436.7 423.6 413.3 406.4 400.4 395.8 391.9 389.2 388.9 388.5 387.1 384.2 378.1 371.3 364.1 356.9 350.1 341 332.2 322.9 323 316.7 310.4 300.6 293.7 291.3 292.2 293.2 291.3 288.5 287.8 288 287.1 282.7 276.6 268 259.8 249.4 239.7 228.6
509.3 505.5 507.6 512.7 519.5 522 519 516.2 531.1 521.9 500.2 487.2 508 571.6 637.7 633.6 582.3 538.7 508.8 488.7 470.7 448.9 428.8 419 416.5 418.9 420.4 422.3 426.8 434 442.1 449 453.7 454 451.2 445.3 434.5 425.4 415.9 408.9 403 399.5 395.2 392.2 393.5 395.5 397.6 397.1 392.1 383.4 374 365.7 354.6 342.3 330.2 320.5 312 306.1 305.7 306 299.8 293.1 286.2 281.2 277.7 275.4 275.2 274.5 273.7 272.1 269.4 264 255.6 247.1 241.3 237.3
524.7 508 499.6 498.6 504.2 515.5 532.4 538.2 533.4 497 432.9 385.7 375.8 446.9 554.2 579.5 563.7 538 505.2 472.5 438.2 406.6 382.1 378 393.3 405.8 410.8 415.2 419 425.2 432.8 439.1 441.3 437.6 429.3 424.5 418.6 411.2 405 401.3 401.9 404.9 410.3 414.9 418.8 423.4 425 422.8 421.2 415.3 412 404.1 386.7 366.6 343.4 325.2 311.6 304.2 302.9 299.4 294.5 287.2 280.7 274 269.8 267 265.4 265.9 265.8 264.8 263.7 261.9 261.3 258.2 259.8 256.7
505.5 485.4 474.2 471.1 474.9 501.3 546.3 599.9 640 572.1 478.8 399.6 349.9 429.2 484.1 483.6 491 497.2 484.3 453.9 415.4 398.3 391.8 394.2 402.3 410.3 409.8 404.5 401 405.2 410.1 421 426.4 412 396.3 386.2 381.9 380.7 378.9 379.7 386.4 397.9 411.2 429 465 474.6 467.3 459.8 453.5 454.3 448 443.7 428.2 406 383.6 360.8 338.2 319.3 304.7 292.1 283.9 277.8 272.7 269.4 267.4 264.7 262.8 260 257.4 261.5 268.7 276.4 284.1 289.6 292.8 296.1
458.5 449 445.2 448.3 456.8 478.5 516.2 553.4 567.3 563.2 550.9 508.6 472.2 454.3 391.5 389 426.4 445.4 446.5 431.1 407.1 400.2 396.5 393.2 390.4 387.4 381.8 374.8 369.3 368.3 370.6 373.6 370.3 353.3 335 340 345.7 342 335.3 332.6 344.3 366.3 399.2 437 473.9 485.1 485.7 479.6 475.9 471.1 468.9 462.8 453.4 443.4 431.5 407.8 378.4 343.7 310.7 278.9 264.7 255.5 254.6 257.5 258.4 259 262 264.5 270.2 277.2 287.4 298.5 312 322.6 333.2 341.1
415 416.1 417.5 417.2 400.1 389.3 411.3 456.1 495.8 522.2 531.7 509.1 471.1 431.6 403.8 396.8 407.3 418.1 424.1 423.9 417.9 410.1 399.3 384.5 370.6 357.7 349.1 341.1 331.5 322.8 323.1 332.3 339 336.8 332.1 325.3 316.8 306.3 293.5 281.2 280.6 306.3 340.1 380.2 417.8 448 472.1 478.6 477 470.1 461.4 459.9 459.7 461.7 457 434.7 398.6 352.2 306.2 273.8 247.5 236.1 235.7 240.2 245.3 251.8 258.7 265.6 273.2 281.7 292.4 316.9 342.5 353.6 364.6 372.3
402.5 416.1 413.4 420.4 315 227.5 349.6 393.4 412.9 437.2 445.2 429.6 411.5 403.2 403.8 410.5 419.3 426.8 432.3 433.4 426.1 413.5 401.6 378.4 353.5 334.5 329.3 324.5 320.7 316.1 319.4 331.5 341 343.6 342.2 334.8 320.9 296 285.3 277.7 271.4 264.6 276.5 328.8 379.3 419.8 454.3 476.9 460.2 437.6 425.1 428.8 450.4 489.1 464.4 408.6 365.8 329.7 293.1 260.6 241.1 232 228.6 229.5 234.8 244.1 255 265.9 275.3 283.6 294.4 316 342.2 361.2 377.6 389.6
376.8 385.3 374.3 349.7 321.5 344.7 425.7 411.9 403.6 407.9 405.5 398.2 398.6 409.5 423.9 438.5 466.6 433.4 439.4 432.2 417.3 399.2 374.7 355.2 352.4 341.9 330.5 324.2 324.1 330.1 342.4 355.3 363 359.3 365.7 364.9 353 332.1 300.5 289.1 283.1 286.9 299.7 322.6 350.5 395.4 394.1 412.2 406.4 396.7 392.1 391.6 400.7 415.2 386.9 332.4 266.5 289.3 279.6 250.8 236.6 228.8 218.6 214.8 220.3 230.9 249.3 266.1 279.9 290.5 302.9 318 339.8 365.9 389.9 405.2
341.8 353.2 356.4 357.4 369.6 399.1 434.1 449.6 454.4 451.2 441.9 431.8 426.2 431 420.3 432.5 441.4 440.2 420 401.2 397.8 406.1 399.9 375.5 355.8 335.6 317.4 309.9 313.2 325.1 346.8 366.7 386.8 397.4 394.5 396.6 399.1 394.4 379 358 337 314.1 316 335 342.6 305.8 319.9 337.1 341.6 339.9 327.4 319.8 334.1 342.3 328.3 304.9 300 306 295 272.2 237.2 212 195.7 194.8 213.5 231 249.1 267.1 286.1 306.8 322.8 336.2 352 387.5 415.4 430.5
321.7 340 367.9 393.9 416.9 459.8 513.3 518.7 518.1 517.2 505.7 493.9 488.7 474.9 452.9 419.6 393 371.4 311.5 344.8 361.2 371.7 372.4 366.6 352.9 334.3 317.3 305.3 300.6 303.5 312.2 332.8 383.6 391.8 401.9 421.5 437.4 439.2 448.8 451.5 398.2 322.2 294.3 309.9 309 299.4 292.2 293.3 296.6 300.4 291.7 301.8 314.5 318.8 312.2 305.5 298.6 297.3 287.9 267.2 231.6 210.8 203.6 211.9 229.5 245.1 258 275.3 298.3 325.8 349.1 367.9 386.6 412.8 439.9 458.6
372.4 379.1 404.7 433.7 475 513.7 535.3 539.6 547.6 549.3 533.3 514 489.1 465.7 446.1 408.5 369.3 347.2 352.3 355.8 364.9 368.2 368.6 368.5 361.1 355 344 318 291.6 281.5 275 274.5 308.6 346.2 395.6 446.7 441.4 440.3 451.4 447.5 373.7 337.5 323 311.6 299.6 282.2 256.3 235.5 222.4 230.8 247.6 269.9 291.7 296.7 294.1 289.3 279.2 268.2 248 225.1 215.4 210.4 210 209.4 222.9 244.9 262 282.8 311.7 340.6 361.5 375.4 394.6 426 459 483.5
392.6 422.4 430.9 414.2 490.7 543.9 546.9 550.7 543.9 542.1 516.4 514.4 533.3 458.1 469 416.1 367.1 341.6 338.9 401.2 413.4 400.5 419.2 383.3 356.2 355.2 353.4 322.1 288.3 276.9 271.9 272 281.2 269.9 306.4 342.4 348.3 335.4 306.5 270.3 247.7 271.9 290.8 294.6 270.9 239.8 210.5 182 160.1 156.2 177.4 208.3 248.6 266 269 266.2 264.1 256.3 226.7 201.9 200.2 210.4 219.8 221.3 226.5 237.1 248.2 273.1 315 349 367.5 377.7 395.4 430 464.2 490.9
457 464.6 503.3 531.5 522 532.4 507.7 478.9 460.8 460.1 468.1 487.5 504.1 523.7 482.4 371.4 355.7 262.3 335.1 353.2 374.1 390 391.3 377.4 369.9 369.7 348.3 309.1 289.3 292.3 286.4 289.1 291.8 280.1 275.8 275.4 261.3 251 237.4 248.2 241.5 249 251 248.3 236.3 226 212 128.9 108.4 141.8 177.6 218.2 252.7 266.9 269.2 266.2 254.2 222.6 173.3 165.7 189.9 212.5 226.7 228.8 230.5 236.7 247.8 284.8 341.8 374.9 382.6 387.3 401.2 436.3 473.7 492
421.4 500.1 678.6 845.9 697.8 609.4 522 427 395.3 364.4 397.2 467.4 477.1 478.3 490 351.7 354 415.7 388.6 371.7 382.6 398.7 404.1 398.6 395.3 393.8 374.3 328.4 276 202.8 306.7 288.3 270.4 253.6 242.6 237.2 233.2 232.3 238.8 240.1 238.9 245.7 256.3 252.2 244.6 223.5 200.8 189 173.2 179.1 203.7 238.1 264.3 270.6 265.8 273.2 264.7 243.5 220.4 210.9 212.5 219.8 224.8 233.1 248.2 271.1 299.3 329.6 367.9 388.3 388.3 387 394.4 430.1 470.2 480.5
448.8 463.9 517.1 617.9 698.7 701.1 592.9 485.2 409.9 353.7 355 387 431.1 502.9 518 451.6 418.8 418 415.9 425.2 445.3 459 456 439.5 425.1 420.6 413.7 371 321.1 319 296.6 268.6 243.4 232.3 225.2 219.8 204.5 194.7 227 222.9 220.6 217 225.9 243.5 235.3 224.7 222.7 210.3 185.2 192.2 217.6 251 278.8 295.1 303 301.2 283.9 263.1 254.4 252.2 246.4 239.3 245.5 262.3 288.9 313.7 327 324.4 335 356.4 365.8 355 349.1 374.7 420 456.6
370.2 367.9 372.2 440.7 569.5 606.7 681.5 646.5 460.2 365.5 329.6 354.4 375.7 447.4 569.5 574.5 538.3 537.5 526.7 497.6 485.6 487.5 485.9 475.2 463.4 451.2 429.9 416 423.9 384.3 305.3 224.1 212.6 213.4 210.1 241.6 260.1 231.7 223.9 224.7 219.2 206.7 190.2 180.6 181.2 198.8 259.2 250.9 106.3 156.2 224.2 281.3 294.2 285.8 288.5 294.9 279.8 257.1 249.9 268 283 288 287 295.5 311.1 328.3 331.3 321.1 332.7 354.6 351.1 331.7 324.8 335.1 367.7 429.3
411.8 374.8 380.4 481.1 567.4 629.3 641.9 535.9 317.8 337.2 300.9 337.3 360.8 340.2 431.1 508 547.8 586.6 602.3 553.1 499.4 479.3 487.4 495.9 496 495.2 470.5 439.4 413 378.2 323.4 282.8 285.5 269 231.9 268.4 328.2 300.5 265.9 255.4 237.4 195.9 163.2 154.7 154.4 158.5 202.8 215.4 211.6 210.8 229.2 256.5 274.7 278.8 272.5 283.2 283.5 275.3 273 270.4 278.6 290.8 300.8 306.2 313.4 323.6 339.2 356.3 353.7 380.4 368.4 343.6 336.1 347.4 362.8 375.3
489.9 526.7 564 585.9 632.3 699 637.9 540.4 435.6 378.1 371.6 380.1 412.9 378.7 524.5 590.6 643 652.7 586.4 489.8 426.8 415.6 454.2 509.7 562.1 532.3 483.2 438.2 408.6 400.9 403.8 406 370.8 300.7 266.5 259.3 269.2 269.2 282.5 225.8 208.8 147.9 143.2 127 183.8 148.7 211.5 246.7 261.6 254.1 233.4 230.5 267 289.7 312.1 334.2 318.5 307 299 282.2 277 284 303.4 309.8 308.4 310.5 306.2 317.8 328.6 351.4 385.9 394.8 393.3 394.6 371.1 319.2
614.5 733.3 849.3 728.9 639.6 621.5 583.9 458.3 424.3 383.5 361.1 373.1 405 567 1014.9 648.9 561.5 523.9 412.8 299.4 254.2 300.5 363.4 428.1 467.6 460.2 429.4 391.9 390.8 413.3 442.8 475.8 448.9 353.7 304.7 315.4 296.6 257.3 263.5 256 223.3 209.3 232.6 220 213.1 238.6 272.3 320.6 308.8 287.2 270.9 268.1 278.8 297.1 315.3 328.9 321.2 313 310.5 277.5 253.1 251.2 270.4 290.5 299.3 307.2 299.5 284.8 285.9 322.2 362.2 391 421.7 429.2 391.6 366.5
544.2 676.8 703.4 739.4 785.3 709.2 617 501.1 407.9 351.5 320.9 309.8 332.9 238.8 246.7 258.1 257.9 264.3 248.7 212 202.7 231.2 287.4 338.5 375 385.5 382.4 386.7 403.9 439.5 454.8 442.9 479.3 530 420.9 374.8 419.1 340.5 246.7 243.6 201.3 259.6 264.5 251.2 240.9 246.5 234 192.9 242.8 272.7 280.2 287.3 289.1 285.4 332.2 337.1 319.6 297.1 287 270.4 242.5 236.6 270.1 292.8 293.3 299 303.6 305 309.3 323.6 354.7 394.7 424.7 428 425.5 433.9
489.8 557.5 630 643.9 632.7 627.1 532.5 366 284.9 276.6 273.4 262.7 250.8 241.9 236.4 215.6 179.4 176.9 223.1 233.3 229.6 234 248.9 264.7 287.8 309.6 327 345.5 368.3 368.4 382.9 407.5 366.9 426.3 514.2 391.5 415.7 469.4 463.3 492.6 408.8 298.9 236.1 259.5 262.3 266.9 256.6 240.5 241.3 254.7 292.5 336.3 328.9 328.7 342.9 345.2 329.2 296.2 307.4 308.6 283.7 251.8 269.2 275.8 305.5 318.1 324.4 327.8 329.7 339.2 363.7 392.6 416.8 432.7 450.7 469.7
368.3 434.7 487.2 455.3 474.2 443.7 333.6 259.1 244.6 243.2 264.2 280.1 267.5 254.9 235.3 235.6 255.7 260.6 245.2 247.2 237.3 239 247.5 255.4 264.9 278.1 277.6 281.5 312.6 340.4 369.3 397.1 420.9 493.2 627.8 674.8 562.8 519.5 494.9 448.5 311.8 180.5 219.9 225.5 254.2 293.8 285.6 272.9 272.1 260 275.6 295.8 358.9 369.3 348.8 342.2 361.9 365.2 373.8 365.8 318.1 312.8 348.1 386.3 369.6 343.8 335.2 331.7 345.6 370 392.7 409.5 425.4 439.4 454.6 474.1
270.2 349.5 373.7 368.8 350.2 273.1 224.4 218.2 222.8 222.3 232.3 236 229.3 229.3 233.7 226.8 231.4 222.3 208.3 212.4 218.2 233.6 260 274.2 278.1 280.9 283 288.3 302.1 306.5 327.5 368.9 412.1 425.6 464.7 471.8 419.4 338.6 233.3 240.5 232.7 201.9 189.9 184.2 215 246.2 264.9 275.4 305.2 309.3 309.7 294.9 314.3 340.8 356.5 362.3 359.4 368.8 397.3 407.7 372 367.8 394.7 431.1 384 332.4 331.3 333.5 360.2 394.8 417 426.6 438.1 447.2 456.5 467.3
398.2 378.5 361.2 302.2 210 145.4 148.2 160.7 150.8 157.1 170.6 163.9 153.8 150.5 167.7 186.3 189.6 181.2 208.5 199.2 198.4 213.7 242.5 263.7 270.7 272.2 276.8 285.4 283.1 276.6 286 318.6 340.4 362.8 395.2 399.1 364.8 324.4 263.4 236.3 241.1 225.6 197.8 191.6 215.9 236.8 260.2 302.3 333.4 357.6 389.2 344 300.1 309 384 371.8 348.1 356.9 377.8 396.8 394.9 394.3 408.1 401.8 375.4 321.6 250.4 313.1 362.9 415.1 443.6 455 454.9 463.7 470.8 479.5
418.3 422.8 379 276.2 167.3 136.8 130.3 134.5 139.7 143.7 142.2 133.9 130.8 138.5 155.6 173.8 179.5 182.7 189.9 184.2 165.6 174.8 199.6 218.2 230.1 241 247.7 245.4 235.5 248 262.5 280.1 269.8 237 275.7 313.3 326.3 314.7 274.9 245.8 227.8 209.3 199 185.9 221.3 247.2 255.8 304.5 351.4 376.7 386.5 341.2 288.8 214.3 269.3 281.9 265.6 292.6 350.2 396.7 413.3 452.7 553.1 427.7 389.8 380.3 374.6 392.2 407.1 429.7 452.4 466.4 476.1 482.6 499 512.2
