datasets/global_precipitation_1950_2017/rasters/precip_1994-total.asc
NCOLS 720 
NROWS 347 
XLLCORNER -180 
YLLCORNER -90 
CELLSIZE 0.5 
NODATA_value -9999 
[rows 68 to 101 of 347, columns 456 to 531 of 720]
246.4 235.3 227.6 221.2 212.8 212.1 203.8 195.8 204.5 217 230.8 245.7 276.2 297.3 290 287 285.6 290.4 290.4 287.7 270 272.4 267.3 260.8 240.1 203.1 174.9 160.4 155.9 159.1 165.5 176.4 192.3 217.9 246 268.4 285 303.6 285.6 239.2 210.3 214.7 222.3 233.9 276.1 385.8 430.4 390.1 328.4 296.7 297.8 290.6 273.2 347.7 504.9 784.5 570.6 396.4 265.4 250.2 238 229.3 229.7 250.5 285.2 301.3 293 357 420.8 453.3 458.2 446.5 429.6 426.8 456.9 475.6
221.7 215.3 209.1 206.6 198.9 184.5 167.9 159.1 181.5 192.9 205.9 219.1 250.1 272.3 278.3 279.4 270.2 299.6 305.6 292.3 294.8 301.3 282.5 254.7 215.2 177.7 159.5 152.6 152.4 156.1 167 182.4 197.9 223.4 254.3 280.8 326.8 386.9 357.1 236.8 173.6 159.5 147 155 231.2 407.5 582.7 621.4 407.1 318.2 284.2 236.3 253.9 305.9 392.9 468.6 429.4 319.7 233.4 209.4 205.1 202.7 196.1 236.9 293.4 340.6 355.2 377.9 407.1 397 400.5 384.8 392.8 411.5 443.1 464.5
208.7 199.7 197.8 193.3 182 168.8 166.1 168 179.6 188.8 196.6 207.6 217.7 224.3 250.5 276.1 299.1 323.4 329 319.8 316.9 313.1 260.9 219.1 188.9 165.4 153 139.7 137.7 148.1 157.7 172.8 194.9 229.1 268.5 307.9 336.8 358.7 330.3 265.2 211.4 162.5 132.5 122.5 165.5 249.8 317.6 362.3 317 199.4 203.6 208 200.9 185 154.4 205.4 208.6 167.2 148.6 172.2 198.1 210.2 238.8 289.6 342.1 369.7 378.8 372.2 356.7 332.4 337 339 324.5 326.9 348.6 434.4
201.8 195.3 194.1 187.3 176.9 167 170.2 180.4 183.6 185.8 184.9 184.3 190.6 206.7 226.2 249.5 284.8 308.3 310.2 291.5 252.1 230.5 206.6 178.1 164.4 147.8 140.5 137.7 140 142.4 151.3 163.3 181.6 218.2 260.8 296 319.6 325.3 292.1 242.4 212.4 171.9 146.9 144.9 161.7 186.7 238.2 310.7 334.2 251.4 192.4 175.9 168.2 164.9 159.2 158.6 159.9 157.1 160.1 173.9 197.5 228.6 272.2 327.3 377.5 399.4 419.7 412.1 358.8 311.8 325.9 317.7 266.7 302.5 303.6 344.9
206.9 206.6 203.1 199.2 186.8 170.5 166.5 190.8 196.9 183.5 170.1 163.7 168.2 182.4 200.1 216.4 237.6 258.7 260.2 248.2 222.4 190.6 168.8 154 141 128.3 125.3 131 135.9 143 155.6 174.2 197.1 226.4 248.4 269.9 277.1 272.5 247.6 214.4 182.3 154.2 142.4 145.8 156.8 162.3 208.5 253.4 245 189.4 151.7 146.8 143.9 140.9 140.1 141.1 141.5 149.4 161.1 174.4 204.8 247.4 291 335.3 394.7 434.5 498.6 535.4 439.9 382.2 351.2 328.9 309.3 306.5 268.4 244.3
228.7 223.1 211.5 203.3 182.7 171.7 158.6 150.7 172.9 172.6 162.4 151.3 161.7 172.8 185.3 193.3 206 222.7 233.2 217.9 183.8 147.1 124 119.6 119.7 122.6 127.6 134.9 140.7 149.8 161.9 181.5 207.1 228.7 232.7 235.7 229.3 218.7 198.3 169.8 145.5 128.4 125.4 129.3 141.3 156 176.3 189.2 174.3 149 135.9 130.9 128.6 128.2 135.3 135 132.7 133.6 154.2 182 223.4 276.4 316.9 367.8 429.7 456.5 478.9 471.9 425 401.8 362.9 341.7 298.8 224 157.8 123.5
251.7 230.2 214 202.8 186.4 172.3 161.4 159.3 163.8 164.4 160.6 159.4 160.3 163.2 171.4 175.1 178.2 190.6 201.7 192 168.1 136.8 116.3 109.6 114.2 122.8 134.7 150.5 161.5 162.6 161.3 165.6 174.7 184.2 189.2 187.9 187.2 187.7 181.2 156.7 134.9 124.4 117.2 113.3 128.4 138.8 140.8 138.3 126.9 118.2 112.6 110.6 119 123.3 126.7 128.6 134 140.1 162.7 209.6 264.8 322.5 394.6 467.8 537 555.6 485.7 370.7 294.2 284.3 313.9 311.5 273.1 209.5 165.2 147.4
201.5 202.2 193.4 180.9 173.8 168 162.2 163.6 171.5 173.8 170.9 167.9 166.7 167.4 166.5 159.2 158.2 167.3 174.1 171.6 153.4 125.9 107.5 102.4 111.1 125.4 146.1 175 189.6 170.2 155.2 144.4 138.8 144.9 149.5 152 151.7 151.2 149.7 143.3 134.9 126.5 117.7 109.2 118.9 126.2 123.3 122.4 123.6 120.2 114.1 112.1 112 111.2 111.9 123 148.3 176.2 189.5 247.7 309 337.5 445.4 556.6 657.5 674.2 469.7 293.5 177.7 174.1 251.4 281.1 249.4 219.8 202.3 185.5
150.7 161.8 153.8 149.4 154.2 153.9 157.4 167.9 181.7 188.2 189.2 182.7 176.6 174.7 171.7 165.4 167.1 170.8 169.1 160.1 139.1 116.4 102.1 99.4 102.2 108.3 121.9 143.4 156.5 154.1 146.1 136.7 131.9 135.3 140.6 142.5 136.4 123.8 118.2 128.8 138.4 140.3 132.6 128.8 128.8 122.8 118.4 121.1 128.7 134.1 135 131.8 117.3 115.6 115.3 138.2 175.2 216.6 253 289.5 345.2 422.3 428.8 524.7 620.2 667.2 452.5 275.3 199.1 180.1 189 208.3 215.9 220.3 222.3 213.5
151.5 142.8 132.6 129.8 130.5 138.9 151.2 172.3 190.2 201.4 201 192.3 185.5 184 185.5 195.6 224.7 189.7 173.8 157.9 136.2 113.3 99.5 91.2 82.1 71.6 73.8 101.5 127 137.6 137.3 135.2 134.2 136.7 141.3 146.1 144 137.2 136.1 146.7 158.5 150.8 139.3 146.9 150.1 131.7 121.5 130.4 127.7 156.4 174.3 184.2 167.8 159.2 174.5 193.8 202 239.5 281 338.5 423 586.6 677.6 488.3 438.9 404.2 334 248.6 186.8 143.4 154 178.3 206.1 227 236 245.7
201.8 164.8 142 134.5 131.4 130.6 163.1 192.6 205.1 207.3 206.9 199.6 192.1 190.6 193.8 198.7 200.6 190.8 174.4 154.3 135.9 117.7 107.2 101.1 88.9 74.8 73 95.2 119.3 133.1 133.8 132.7 133.5 136 138.3 140.8 147.6 153.9 168.3 191.9 188.2 187.5 208.4 210.9 216 220.8 211.8 200.7 195.7 210.4 235.8 285 264.5 245.6 273.1 259 270.9 259.7 301.3 334.5 396 493.2 450.2 348.9 343.5 325.3 305.8 301.5 229.8 161.2 152.4 190.5 229.6 256.3 271 273
361.6 317.1 182 152.2 144.8 148.7 167.3 189.6 207 211.8 209.4 202.9 197.5 194 194.5 197.1 192.6 180.9 161.3 146.3 134.6 135 121.8 122.9 119.1 110.8 106.4 112.4 123.8 130.6 131.1 134.2 136.7 137.3 135.2 127.8 141 171.4 201.9 232.1 278.7 349.2 225.2 288.9 265.9 301.4 304.9 306.2 302.1 298 302.1 321.3 372.5 386.4 355.4 346.7 389.1 466.2 413.6 353.2 300.9 376.6 392.8 375.1 373.2 362.2 379 382.3 324.5 261.2 248.4 286.5 314.3 322.3 319.8 306.4
410.2 399.2 331.1 181.5 159.9 158.9 172.2 187.6 199.7 210 207.2 196.5 190.1 189 186.4 184.4 180.3 164.8 145.5 134.1 117.7 85.7 106 141.5 143.8 139.1 133.9 130.4 131.9 133.9 136.6 139.5 142.4 139.6 136.9 132 146.6 183 216.5 252 254.2 360.6 391.6 361.8 324 346.2 348.6 355.9 362.8 389.2 414.3 436.4 456.5 461.3 459.3 454 490.8 694.1 815.5 629.6 457.6 467 453.1 456.2 451.1 496.8 542.3 472.7 438.8 356.8 345.7 404.7 427.6 395.3 351.6 327.9
366 382.2 378.4 303.8 187.3 163.6 169.6 177.7 181.4 186 185.7 181.3 177.7 177 172.3 165.9 159.1 145.1 137.9 131.3 122.9 113.7 142.1 167.4 158.1 150.9 143 136.8 136 138.4 142.6 143.5 146.1 146.4 143.1 144.2 162.8 188.5 203.3 244.1 270.7 336.7 425.6 572.7 631 462.6 378.4 365.3 400.2 437.1 448.3 576.8 562.9 534 540.7 522.6 431.6 514.5 562.9 520.4 548.5 713.8 540.1 450.1 417.8 482.7 530.3 481.1 344.7 271 290.5 364.4 403 348.4 299.7 324.1
406.7 412.6 403.6 389.9 348.8 216.4 166 163.4 163.7 163.3 162.4 161.8 162.4 161 156.9 153.9 153.4 151.6 148.9 145.7 144 138.4 142.7 174.1 162.8 150.8 140 126.4 119.8 125.5 140.2 149.6 157.2 158 153.4 166.5 187.5 199.6 219.3 249.4 281.6 359.1 546.7 677.4 842.9 764.9 578.7 453.2 456.4 590.8 600.6 610.7 545.2 545.7 434.4 260 239.1 240.4 224.6 254.1 344.8 392.3 405 415.9 392.1 402.8 417.4 272 198.9 178.3 193.9 225.3 238.8 220.1 184.2 175.3
419.4 412.4 411.2 401.6 374.8 295.9 178.6 153.7 152.6 150.5 145.2 144.7 145.8 145.9 148.2 152.6 156.6 163.3 165.2 163.3 158.9 156.3 157.3 171.6 157.6 139.6 131.8 122.5 100.9 103.8 132.5 156.8 182.4 176.3 169.6 178.7 195.3 202.8 221.3 237.4 263.2 384.8 535.5 881.6 915.6 760 522.1 631.3 514.4 417.9 537.7 525.8 439.5 401 341.1 351.3 304.1 249.5 207.6 201.3 179 149.7 256.7 234.3 176.3 181.2 162.3 135.6 131.5 127.5 141.3 150.5 153.1 136 93.1 45.5
525.9 474.9 374.1 398.4 339.5 273 192.4 151 136.1 123.7 122 132.3 135.8 134.9 138.6 151.1 163 171.2 177.3 175.9 167.1 157.3 151.5 147.3 126 135.7 141.4 137.6 135.7 137 139.5 152.8 168.3 173.3 166.9 201.2 225 240.2 248.4 232.1 273 399.2 508.2 696.7 959.2 494.8 346.4 329.9 384.8 900 767.3 928.2 633.5 331 264.4 255.3 248.2 233.1 216.8 213.1 225.1 224.9 179.4 97.4 61.7 67.6 81.4 92.8 105 118.1 125.9 125.7 120.8 105.5 82.6 65.5
565.5 538.2 462.4 369.3 280 229.7 188.5 151.9 133 124.6 126.1 137.2 140.3 128.8 118 143.3 162.6 177.6 182.1 174.7 156.7 143.4 137 133.3 134.6 144.6 162.7 188 216.5 197.9 162 147.8 145 160.4 230.1 286.9 227.6 310.7 324.1 318.3 323.1 459 423.7 433.5 464.4 161.9 177.4 179.9 220.4 400.8 613.1 779.9 557 270.4 200.1 201 198.6 204.2 198.9 190.3 227 222.3 158.6 97.4 62.1 51 54.1 69.9 84.3 96 103.6 103 98.5 89.4 82.6 76.2
344 349.9 293.8 242.3 223.5 175 157.5 146 140 154.5 147 148.6 157.1 142 138.2 151.9 173.8 194.2 209.6 175.6 114.7 96 107.5 111.3 122.9 148.4 180.2 217.8 244.7 211.3 170.1 150.8 150.2 170.8 246.1 319.1 365.6 380.8 338 360.7 358.1 346.8 301.2 177.8 156 132.6 246.1 226.9 285.5 369.7 478 467.4 329.7 243 147.1 112.5 110.6 123 106.8 96.5 115.1 124.5 113.8 94.2 68.5 50.2 44.7 55.7 66.8 74.9 79.1 77.6 73.5 69.1 70.8 67.7
313.2 368.4 240.5 198.3 182.7 158.3 145.3 135.8 132.7 139 140.7 147.4 154.9 162.1 165.3 168.9 201.7 209.5 195.6 150.5 100.2 83.1 82.1 83.2 105.3 143.5 177 192.8 195.5 176.7 148.4 126.1 139.5 130.1 216.8 337.2 426.6 492.3 495.7 421.4 410.9 380.7 373.8 307.2 226.8 228.6 427 397 328.1 308.2 334.3 226.7 217.7 156.7 105.1 51.5 97.7 71.6 67 64.5 83.3 97.5 94 86.1 70.3 57.8 51 50.3 52.9 56.5 58.8 57.5 53.9 50 48.2 48.4
372.7 403 273.9 240.6 182.4 143.7 109.5 116.8 125.2 130.4 140.7 155.6 174.2 193.6 211.7 224 245.9 246.6 216 153.2 98.2 75.8 73.6 66.5 82.2 116.7 143 157.4 172.2 159 126.2 124.6 131.5 167.1 236.6 367.7 442.7 487.6 540.4 550.4 479.8 529.4 485.9 360.2 515.4 620.5 504.7 426.7 219.6 362.1 223.9 142.7 123.2 89.4 55.8 33.4 36.4 50.4 55.5 59.4 70.1 80.4 84.7 81.7 73.6 64.4 55.4 49.6 47.6 46.8 46.6 48.1 47.4 45.1 43.6 41.2
485.1 915.9 758.3 573.5 431.1 262.3 69.8 77.7 122 151.7 170.9 193.1 213.8 228.5 238.5 255.7 278.8 320.1 233.9 182.2 129.9 107 98.8 75.8 70.3 90.6 103.7 127.9 166.3 198.2 225.2 147.2 116.3 159.7 297.8 425.9 393.8 605.5 648.8 629.7 737.1 853.1 775.8 767 818 744.6 639.8 655.2 1070.4 508.1 204.2 93.4 58 39.3 38.8 38.7 42.7 47.4 52.8 52.8 56.5 63.6 68.7 68.9 67.2 62.4 56.1 51 47.3 44.3 42.4 43.2 44 45.4 46.2 44.7
169 862.6 847.4 776.1 777.7 816.5 828.4 297.8 162.7 200.2 245.5 276 281.9 267.7 263.1 280.7 297.9 316.4 217.7 222.6 174.4 168.4 159.7 133.8 102.4 105 117.6 131.7 146.1 147.3 194 157.2 103.6 126.6 194.8 298.4 364.5 418.1 512.4 479.4 497.1 598.9 828.3 751.5 750.6 534.4 247.1 336.2 306.3 173.4 147.8 87.7 54.6 40.4 49.7 54.4 41.5 46.6 52.6 49.7 45.5 52.1 59.9 65.1 66.9 63.3 58 54.4 50.8 45.2 37.4 34.7 39.6 45 49.9 49.6
257.1 447.5 703.3 692.3 730.3 777.2 833.6 848.1 573.4 379.5 351.9 348.4 352.6 260.3 304.8 321.3 290.4 245.8 214.8 255.4 230.4 217.2 193.7 153.2 113.9 112.3 133.1 146 140.4 139.9 145.4 141.5 123.5 108.6 92.1 150.9 207.8 265.6 275.5 287.3 308.7 266.1 422.6 491.8 506 439.2 281.2 241.8 191.2 130.1 118.6 111.2 93.9 105.5 105.1 99.4 72.4 54.1 48 45 40 53 60.1 67.8 70 66.1 59.1 56.5 56.7 52.8 40.9 33.3 38.7 44.6 48.5 49.4
219.4 330.8 539.2 589.2 752.9 719.5 812.6 808 705.2 564.2 477.3 428.3 421.1 363.8 422.5 372.9 302.1 206.4 191.3 239.3 286.1 242.7 190.4 152.3 108.9 116.1 160.9 155.2 143.9 155.8 158.1 170.1 161.8 138.1 130.1 130.3 149.5 196 121.1 215 198.4 221.2 275.7 379.8 480.4 465.4 299 220.6 186.3 174.1 162.7 151.9 146.8 150.7 148.2 138.7 116.8 78.3 62.9 58.6 64.2 61.4 56 59.9 73.3 63.8 56.5 54 63.5 71.5 59.5 49.2 45.8 46.1 45.9 44.6
244.4 311.8 210.7 375 554.5 930.1 803.4 810.7 674.8 600.5 582.3 497.6 405 306.1 340.7 404.2 374.2 190.7 164.7 190.7 214.7 202.9 181.8 159.4 149.6 181.4 229.8 198.8 173 188 216.6 238.9 237.4 213.9 182.5 174.3 181.4 191.7 214.6 203 224.6 314.3 316.3 374 466.5 406.2 233.7 173.8 239 228.1 218.9 206.7 186.9 163.4 177 184.1 178.3 137.8 100.3 84.7 67.3 58.4 48.7 44.4 53.8 57.3 54.4 50.3 60.1 70 65.5 57.9 52.8 50.6 48.3 45
386.2 308.1 257.4 269.7 294.1 503.8 621.5 658.7 594.6 510.9 559 475.2 320.9 240.1 799.7 532.1 394.4 196.6 118.7 144.4 152.4 159.8 144.4 96.9 148.4 202 240.3 217.4 209.2 223.9 235.1 236.8 269.1 291.9 259.2 223.2 204.3 200.4 207.2 230.9 285.1 266.8 402.6 494.7 509 464.7 422.6 412.5 429.7 356 266.3 237.7 214 210.8 234 252.1 251.2 234.4 170.7 119.2 87.5 63.5 52.5 48.7 51.2 52.5 52.9 54.1 58.6 63 63 60.1 57.3 55.6 51.8 49.2
485.1 349.1 284.6 284 290.4 337.4 411.5 323 332.5 410.8 438.7 383.3 306.2 360.4 479 478.2 372.1 198.1 107.1 108.3 114.8 119.9 123.6 163.3 168.9 191.5 208.8 195.4 189.3 196.6 208.3 230.7 275.4 325.9 301.8 272.5 246.3 206.2 184.1 297.7 508.7 671.7 794.4 777.1 726.7 685.7 663.8 528.9 643.4 579 343.8 273.2 230.7 217.5 311.1 312.9 305.7 295.5 263.1 196.2 127.7 86.3 63.2 53.3 50.4 52.7 54 56.4 60.9 65.3 67.3 70.2 69.6 70.7 66.7 61.6
484.5 370 316.5 284.9 278.6 273.2 276 205.7 138.4 146.4 287.2 325.7 308.8 350.8 411.5 411.1 321.9 177.3 89.3 84.8 71.3 81.2 109.9 136.2 159.4 178.6 183.2 174.4 161.2 151.9 189.2 212.5 226.8 244.9 254.1 266 265.4 237.9 180.2 223.1 509.9 895.8 851.2 718.5 654.3 752 942.4 1541.3 1088.5 1088.6 1048 638.4 394.5 560.1 410.5 334.8 386.2 360.8 288 218.2 160.3 118.1 85.6 67.1 58.8 57.1 59.4 63.9 71.8 82.6 90 97.4 103.1 106.2 105.5 102.5
558.2 401.5 363.6 305.6 268.2 184.7 188.5 167 120.5 85 115 249.3 338.1 366.6 398.3 366.4 266.6 134.3 76 75.2 77.6 88.9 112.4 138 162.6 187 187.9 176.6 161.8 165.6 196.3 200.1 198 205.2 220.6 240.1 253.5 275.1 236.9 130.7 371.4 604.5 577.8 614.2 593.4 576.5 895.3 1105.7 1034.4 1307.1 1565.8 1326.4 1181.9 1201.7 1146.4 634.2 424.7 407.4 282.7 209.6 158.6 123 103.2 88.8 77.2 69.7 69.8 79.1 95.6 115.2 131.4 141.1 149.4 156.5 160.7 161.2
543.4 423.6 408 325.7 262.5 196.4 178 163.6 135.5 108.6 119.1 235.2 402.1 360 370.6 340.7 228.9 112.1 80.1 79 87.4 100.4 115.4 130.8 158.2 197.2 202.6 191.1 179.3 176.6 184.7 187.5 201.2 191.3 194.2 218.8 244.5 309.2 328.8 323.2 422.5 536.3 557.3 672.1 643.6 594.7 709.1 820.7 776.3 1090 1244.7 1184.8 1092.5 857.7 1534 841.9 562.8 403.2 247.5 187.8 157.6 138.8 113.5 96.7 88.4 84.5 87.6 108 136.8 157.9 173.5 184.1 192.6 203.2 206.4 211.5
620.5 608.8 484.4 354.4 263.5 219.9 180.4 173.8 180.5 234.6 314.4 345.1 268.1 189.5 164.1 157.9 135.9 98.4 89.8 94.2 101.5 118.7 130 138.5 149.1 177.2 196.4 193.2 184.1 179.4 183.5 189.6 197.1 197.4 208.2 236.3 271.6 310.3 340.5 356.3 427.6 505.4 550.4 767.8 907.6 744.3 763.2 830.1 719.1 794.1 1074.3 1021.5 1299.3 817.5 831.8 995.9 886.5 458 270.8 219.9 227.3 163.2 111 90.1 85.1 87 100.7 132 168.6 190.8 202.5 214.4 221.9 229.5 235.2 240
545.5 541.5 449.7 371.6 217.3 213.6 192.8 191.8 242.4 340.7 423.2 332.9 243.7 177.3 152.4 123.6 111.8 109.8 108.5 113 128 144.1 158.1 163.8 159 160.7 168.4 167.5 158.3 155.3 164.2 173.2 186.4 206.6 223.2 243.8 276.4 295.5 307.6 335.6 408.8 473.1 554.5 679.1 648.4 631.1 727.4 655.1 658.3 633.8 656.2 802.4 1033.3 1595.5 1224.1 940.4 1063.4 1004.6 849.7 754.1 632 265.8 88.2 79.1 72.1 70.6 104.3 143.3 180.9 204.4 215.3 225.2 230.8 242.9 250.4 255.2
422.4 407.5 387.9 350.2 276.8 218.2 178.2 151.7 262.7 549 500.6 311.8 215.9 180.2 165.6 146.4 133.5 129.8 126.9 133.9 145.1 161.1 176.8 177.8 163.2 148.8 140.8 140.8 133.9 128.8 133.2 154 181.2 204.7 223.2 246.9 283.3 305.8 301.8 289.8 335.5 415.3 484.6 512.4 523.4 526.7 522.4 434.1 400.8 406.6 490.4 669.6 839.8 1067.8 1582.5 1670.4 2319.8 1192.8 929 1193.2 1274.6 650.6 165.2 101 61.2 64 103.3 157.4 192.8 213.3 221.8 226.3 235.2 245.7 257.4 277.4
