datasets/global_precipitation_1950_2017/rasters/precip_1963-total.asc
NCOLS 720 
NROWS 347 
XLLCORNER -180 
YLLCORNER -90 
CELLSIZE 0.5 
NODATA_value -9999 
[rows 306 to 339 of 347, columns 380 to 455 of 720]
-9999 -9999 -9999 -9999 -9999 -9999 -9999 -9999 -9999 -9999 -9999 451.8 459.8 -9999 -9999 -9999 -9999 -9999 -9999 -9999 -9999 -9999 -9999 -9999 -9999 -9999 -9999 -9999 -9999 -9999 -9999 -9999 -9999 -9999 -9999 -9999 -9999 -9999 -9999 -9999 -9999 -9999 -9999 -9999 -9999 -9999 752.3 763.5 775 785.9 797.2 806.2 817.1 826.2 834.8 844.9 -9999 -9999 877.4 889.3 899.5 908.5 918 927.8 938.3 949.9 964.5 978.6 992.8 1007 1018.1 1026.3 1032.4 1036.7 1038.6 1040.7
-9999 -9999 -9999 -9999 -9999 -9999 -9999 -9999 -9999 -9999 -9999 -9999 450 -9999 -9999 -9999 -9999 -9999 -9999 -9999 -9999 -9999 -9999 -9999 -9999 -9999 -9999 -9999 -9999 -9999 -9999 -9999 -9999 -9999 -9999 -9999 -9999 -9999 -9999 -9999 -9999 697.5 710.4 723.2 735.6 747.8 760.3 772.4 783.9 795.4 807.1 818.3 827.7 838.5 849.2 859.1 869.8 875.8 885.2 893.7 903.7 915.5 917.6 934.5 941.4 951.6 965.7 968.9 980.8 995.8 1004.4 1007.1 1020.6 1013.5 1024.8 1027.4
434.4 430.2 422.7 338.7 414.5 425.5 430.5 434.7 438.1 443.6 448.2 450.8 457 461.2 465.4 471.1 475.8 481.3 -9999 -9999 -9999 -9999 -9999 507.4 514 -9999 -9999 534.9 538.4 -9999 -9999 -9999 -9999 -9999 -9999 606.9 618.6 632 645.7 659.7 674.9 690.3 705.4 719.9 734.1 748.6 763.3 777.5 791.5 797.1 808.6 827.6 833.5 846.9 857.1 865.2 876 882.4 902 907.9 914.1 919.3 929.9 941.2 948.7 957.7 969.3 975.4 981.3 986.2 992.9 1001.7 1010 1016.6 1017.3 1019.5
483.5 491.8 500.3 505.1 501.6 492.9 483.8 477.1 472.8 470.9 470.7 469.2 470.1 471.5 474.4 476.8 478.7 485.5 487.3 490.4 492.5 500.4 502.1 505.5 512.1 516.5 519.3 524 530.2 536.8 543.8 551 559 569.1 581.7 593.2 603.6 616.2 631.1 646.9 663.1 679.7 696.5 712.9 727.8 741.6 757.7 774 789.6 791.2 803.7 828.2 839.2 848.8 859.3 871.4 885.8 898.8 907.4 915.5 924.5 935 936.8 936.2 946.8 955.8 961.1 965.7 970.1 973.2 978.8 986.8 993.8 1000.4 1006.3 1006.6
498.5 499.9 503.9 504.4 506.2 501.9 497.9 494.5 498.2 494.5 491.2 488.6 487.2 486.2 487 486.7 487 488.1 490.1 505.2 504.5 505.8 507.5 509.4 514 517.1 518.2 521.8 526 533.6 539 545.3 551.9 559.2 569.6 579.7 589.5 601.7 615.4 629.7 644.3 659.8 676.1 692.7 704.8 724 736 751.1 767.6 767.6 783.5 807.9 819 829.6 846.7 857.1 872.1 880.8 889.1 896.4 905.3 915.1 925 934.7 936.8 933.7 943.3 945.6 944.2 943.9 948.7 958 969.4 969.7 977.9 979.4
501 511.2 512.7 512.7 511.6 509.1 507.5 505.3 502.9 500.7 498.4 496.5 497.5 496 492.5 492 494.4 514.5 513.6 513.3 511.2 512 513.3 514.2 514.3 515.9 518.5 520.9 523.2 526.5 530.9 535.4 542.6 547.5 553.3 560.9 570.3 579.3 589.8 601.6 613 625.2 638.3 652.5 663.6 676.1 694.7 706.5 718.3 727.9 737.4 760.9 774 786.6 802.5 813.3 819.3 828 836 843.8 852 861.9 871.3 880.2 891.9 898.8 901.1 906.1 910.5 899.4 910.8 916.2 921.5 922 925.1 930.8
508.4 510.1 510.4 511.2 510.8 508.2 507.7 506.7 505.5 503.8 502.2 500.6 499 497 495.6 494.6 524.1 521.2 519.4 517.5 516.2 513.9 512.7 511.9 511.3 510.9 511.5 512.5 514.5 515.9 517.9 520.2 521.3 523.2 526.1 532 538.5 544.2 552.1 559.5 567.1 575.3 584.3 594.6 604.4 614.5 624.5 636 646.7 656.9 667.4 678.9 693.7 704.1 713.9 724.3 734.5 743.8 747.7 755.6 764.1 772.1 785.4 792.7 799.1 806.3 815.8 819.1 825.5 830.9 835.9 840.4 838.9 838.4 845.9 852.2
504.3 505.2 505.9 505.7 506.1 505.9 504.9 504 503 501.6 500.2 498.3 496.7 494.5 492.9 490.9 523 519.4 516.1 512.6 510 507.7 505.2 502.6 500.5 497.9 495.5 494.1 492.8 492.5 492 490.6 489 487 485 485.3 488.5 493.2 498.8 504.8 511.8 515.4 520.2 529.7 536 539.9 545.5 552.6 560.1 568.1 576.3 585.1 593.3 601.7 610.3 618.4 626.8 634.7 643.5 651 658.6 666.6 675.1 683.6 692.2 699.3 704.6 709.2 713.3 716.6 721.9 729.1 736.5 736.3 740.2 739.7
500.8 501.6 501.4 501 500.7 500.2 499.1 497.8 496.2 494.3 492.1 489.8 487.2 485.3 483.2 479.3 514.2 509.1 503.7 498.6 493.9 495.5 489.7 484 478.3 473.4 468.3 463.4 459.6 456.8 454.4 450 444.7 439.3 433.5 428.8 428.5 429.8 432.3 435.5 440.2 445.5 452.1 455.9 455.2 463.4 454.6 455.9 470.8 466.8 472.9 474.5 477 479.7 482.6 490.4 502.3 513.9 524.4 534.2 541 544.8 549.1 553.5 557.5 564.4 573 580.7 588 594.2 598.8 602.2 605.7 609.4 616.3 617
489.8 494.9 493.9 493.9 492.3 490.3 488.4 486.4 484.9 479.1 479.3 475.6 471.6 467.3 463.7 497.8 491.1 488.8 481.9 474.6 475.3 467.4 459.4 451.6 444.4 437.9 430.9 423.4 417.1 411.5 406.7 402.7 395.1 386.8 378.2 371.2 368.7 367.2 368.2 369.6 364.3 363.2 368.4 374.6 375 369.7 364.9 388.1 368.3 377.7 381.4 380.4 379.1 378.6 378.6 384.7 395.9 407 418 429 434 435.2 436.6 437.9 439.5 444.9 454.1 462.8 471.1 478.7 482.2 482.8 482.8 482.8 482.3 485.6
484.5 482.8 481.8 477.6 478.6 475.2 471.5 462.5 464.2 461.3 456.7 451.7 446.3 440.4 434.8 466.7 461.4 455.9 450.2 443.9 435.6 426.8 417.9 409.2 400.9 392.9 384.6 375.7 367.2 360.1 353.9 349.4 344.2 335 325.2 317.7 311.4 302.8 293.7 289.5 290.7 293.1 296.6 301.3 306.3 300.1 294 292.4 299.6 307 309.4 306.9 305 303.4 301.9 306.3 315.5 325.1 334.1 343.5 347.6 347.5 347.4 347.3 347.1 351.3 359.4 366.9 374.1 381 379.3 377.7 375.7 373.7 375.2 377
469.3 465.7 462.1 458.9 455 450 445.6 439.8 433.8 428.6 422.5 416.5 409.8 403.2 393.3 388 386.2 412.1 404.8 396.2 387.5 378.3 370.3 361.9 353.7 345.3 337 327.8 318.4 309.5 303 295.2 287.1 282.5 277.9 271.4 263.4 255.3 247.2 242.4 242.2 243 244.7 247.1 250 249.3 258.5 245.9 250.1 254.5 255.6 252.9 250.5 249.3 248 250.7 257.6 265.1 271.8 278.8 281.7 281.1 280.5 280 279.5 282.5 288.6 294.5 300.3 299.8 297.9 295.3 292.8 291.8 296 297.1
441 437.6 429.9 424.5 418.8 413.5 408.3 401.9 394.9 387.7 380.9 375.2 366.8 361.8 354.5 347.5 340.5 334.6 354.9 346.6 338.2 329.7 322 313.8 302.4 297.3 288.2 280.4 273 266.9 261.6 256.3 251.7 247.3 243.6 238.6 231.2 224.2 217.8 211.2 234 233.9 228.8 207.9 210.2 212.3 210.5 213 215.2 218 217.9 215.3 213.2 211.5 209.7 211.1 214.7 219 223.6 228.2 230.5 229.4 229 228.1 227.5 229.5 233.4 237.9 239.2 237.2 235.4 232.7 243.9 233.9 236.5 236.9
400.6 395.5 390.2 384.6 374.8 371.1 363.9 356.7 350.1 343.2 335.9 328.6 322 315.2 308.2 300.6 294 287.1 305.3 297.7 289.8 283.3 275.6 269.1 261.8 255.1 249.6 244.5 239.5 234.8 229.3 226.2 218.2 214.8 212.3 209.8 205.5 197.6 192.2 190.2 187.1 185.8 185 184.4 184.3 183.8 184.1 183.1 184.8 186.6 186.9 184.8 183 181 179.8 180.2 182.2 184.3 187 189.1 189.7 189.1 187.9 187.2 186.2 187.6 190.1 191.5 190 188.2 186.5 198 186.5 188.5 190.3 190.3
354.8 346.9 339.8 334.8 327.5 319.4 312.6 307.5 300.9 294.2 286.6 280.5 274.3 268.2 261.7 256.7 251 245.5 240 235.1 237.8 241.9 236.9 232.6 227.6 223.3 218.5 214.9 210.7 206.6 202.2 196.5 191.1 187.2 184.9 182.9 180.9 178.2 174.5 170.9 168.1 166.9 165.8 164.9 164.1 162.4 159.7 158.7 159 157.8 156.9 156.1 155.8 157.7 156.2 155.9 156.9 154.2 154.1 153.7 153.7 153.4 153.4 156.7 154.3 154.4 156 154.4 152.3 151.7 152.7 151.6 152.8 150.9 149.1 144.6
302.1 294.7 289.9 282.7 277.3 271 264 257.2 251.3 246.8 242.7 235.8 232.2 227.3 224.8 221.1 214.5 211.5 208.3 204.2 214.1 208.9 202.8 197.3 199.1 194.6 189.4 182.8 180.6 176.9 174.5 171.2 167.7 166.1 162.6 159.8 157.7 155.6 153.6 152 149.6 146.9 144.4 142.3 142.8 139.6 139.3 139.2 137.6 137.1 136.7 136 135.7 135.4 135 134.5 134.1 133.7 133.7 133.8 133.3 132.8 132.5 132.3 132.2 131.8 131.7 130.7 130.6 130.9 130 129.1 126.7 126.6 125.3 124.3
256.6 249.3 242.2 235.9 232.5 223.9 220.4 216.3 211.7 208.1 203.8 199.4 198.1 195.1 191.7 188.3 183 181.1 178.9 175.9 172.9 174.3 175.9 170.4 167.3 164.2 161.3 158 155.6 152.3 149.6 149.3 145.2 143.7 141.1 139.6 138 135.9 133.6 131.4 129.8 128.7 127.5 126.7 126 124.7 124.1 123.2 122.8 121.8 120.4 119.2 122 118.2 117.7 118 118 117.9 117.9 117.9 117.2 116 115.7 115.9 115.3 115.2 114.8 114.1 113 113.1 113.3 113 112.7 112.3 112.6 110.9
212.9 207.6 202.5 197.7 193.5 189.4 185 181 177.9 176.9 178.6 171.8 169.3 166.9 164.4 161.7 158.9 156.2 153.4 153.8 151.6 149 149.5 149.5 146.2 144.8 140.5 138.4 136.2 134.3 132.2 129.5 128.4 126.7 125.4 123 121.2 119.8 118.9 117.7 116.6 115 114.7 113.5 112.9 111.8 111.3 109.9 110 108.9 108.1 108.4 106.9 106.4 106.5 105.5 105 104.6 105.8 104 104.1 104.1 102.9 103.2 103.1 102.2 103.5 103.4 103.6 103.5 103.4 103 102.9 102.7 102.5 102.4
175.2 173.6 171.6 170.3 168.8 167.7 164.4 161.2 158.1 155 152.5 150.1 148.4 146.7 145.8 143.6 140.3 138.7 138.4 136.6 134.2 131.3 128.3 129.6 127.4 125.3 122.7 121 120.2 118.5 116.2 113.8 112.3 110.6 110.4 108.1 107.6 106.3 105.1 104.1 103.6 103 102.2 101.2 101.3 100.5 98.9 98.3 98 97.6 97.1 96.6 96.4 96 95.6 95.5 95.1 95 94.9 95.1 95 94.6 94.8 94.9 95.1 95.3 95 95 94.9 95.1 94.9 94.9 94.8 94.8 94.7 94.5
144 143.1 142.1 141.2 140.4 139.4 139 138 137.2 136.4 135.6 134.9 132.1 129.9 128.1 125.8 125.3 123.2 120.5 118.5 116.8 114.8 115.4 112.3 110.6 108.8 108.1 106.1 103.7 102.3 101.1 100.1 98.7 98 96.8 95.8 95.2 94.5 93.2 92.8 92.2 91.4 91.1 90.4 89.8 89 88.5 88.1 87.9 88.1 87.7 87.5 87.6 87 87.3 87.1 87 86.7 86.9 87.2 87.3 87.5 87.6 87.8 87.8 87.7 87.8 87.8 87.9 87.6 87.8 87.5 87.7 87.8 87.4 87.3
137.5 136.2 134.4 133.2 116.6 115.5 115 114.5 114 113.4 112.9 112.3 111.5 111.1 110.5 109.9 109.2 108.4 106.6 105.5 104.8 102.3 100.3 98.8 97.3 93.9 93.2 92.9 91.9 91.3 90.1 89.1 88.2 87.2 86.7 85.7 84.9 84.1 83.3 83.2 82.7 82.3 81.8 81.7 81.4 80.7 80.6 80.3 80.5 80 80 80.2 80.1 80.1 79.8 79.9 80.1 80 80.3 80.3 80.6 80.8 81 80.3 81.3 81.2 81.2 81.2 81.2 81.1 81.2 81.1 81.1 80.8 80.9 80.7
107 105.6 104.3 103 101.6 100.4 99.5 98.7 97.8 97.1 96.4 95.8 95 94.2 93.8 93.3 92.3 91.7 91.1 90.3 89.5 90.6 88.1 87.8 87.1 85.9 84.3 82.8 80.1 79.9 79.3 78.9 78.4 78.5 78.3 77.6 75 74.9 74.9 74.7 74.7 75 74.8 74.6 74.5 73.8 73.9 73.7 73.6 73.6 73.7 73.7 73.8 73.5 73.5 73.6 73.6 73.7 74 74.2 74.3 74.5 74 74.6 74.6 74.8 74.7 74.8 74.8 74.8 74.8 74.6 74.7 74.6 74.6 74.4
95.9 94 92.7 91.2 90.2 89.1 87.8 87 86.2 84.9 83.5 82.1 81.1 79.6 78.7 77.6 80.6 76.7 76.5 76.4 76 76.1 75.8 75 73.6 72.8 73.4 71.4 71.3 70.9 70.2 69.5 69.5 68.6 68.4 68.5 67.8 68 68 67.9 68.1 68 68.2 68.2 67.9 67.4 67.2 67.4 67.3 67.6 67.5 67.7 67.7 67.8 67.8 68.2 67.8 67.8 68 68.2 68.2 68 68.5 68.6 68.6 68.4 68.7 68.5 68.5 68.6 68.6 68.4 68.6 68.4 68.3 68.5
79.1 83.6 82.4 81.5 80.3 71.6 70.6 69.7 69 68.4 67.8 67.4 73.8 72.9 72.5 72.2 71.5 70.7 65.7 65.9 65.8 65.7 65.6 64.6 64.4 64.5 64.4 64.4 61.4 61.3 61.6 61.7 61.9 62 61.8 62 62.2 61.6 61.8 61.9 61.9 62.3 61.8 61.2 61.4 61.2 61.1 61.2 61.5 61.5 61.6 61.7 61.8 62 62 62.2 62.3 62.3 62.6 62.9 62.5 62.9 63 63 62.8 62.8 62.9 62.8 62.8 63 63 62.8 62.9 62.3 62.3 62.5
71.1 69.5 68.3 67.1 66 65.1 64.3 63.3 62.6 62 61.5 61.2 60.8 60.3 60.1 59.8 59.5 59.3 58.3 58.6 57.3 57.2 57.4 55.4 55.3 55.4 55.4 55.2 55.4 55.5 55.8 55.5 55.6 55.7 55.9 55.9 55.6 56 56.1 56.2 56.3 56 56.1 56.2 56.4 55.9 55.3 55.4 55.5 55.8 55.9 55.9 56.1 56.1 56.2 56.4 56.6 56.8 57 56.8 57.2 57.2 57.1 57.3 57.3 57.3 57.3 57.2 57.2 57.5 57.3 57.1 57.3 57.3 57.3 57.3
62.5 61.4 60.7 59.8 59 58.5 57.6 57.1 56.7 56.1 55.8 55.4 54.9 53.7 52.9 52.1 51.5 51 50.6 50.6 50.5 50.5 50.2 50.3 50.1 50.1 50.2 50.3 50.3 50.3 50.4 50.3 50.5 50.5 50.6 50.6 50.7 50.5 50.5 50.7 51 51.1 50.6 50.7 50.7 50.5 50.2 50.1 50.3 50.3 50.3 50.3 50.2 50.4 50.6 50.6 50.7 50.8 50.9 51.1 51.1 51.1 51.3 51.4 51.4 51.4 51.5 51.6 51.5 51.6 51.8 51.5 51.6 51.6 51.4 51.6
55 54 53.1 52.2 51.2 53.5 52.2 50.9 49.8 48.8 48.7 47.8 47.5 47.1 47 46.5 46.5 46.3 46 44.2 44.4 44.4 44.4 44.4 44.5 44.6 44.4 44.3 44.5 44.9 45.1 45 44.9 45.2 44.9 44.9 45.2 45.2 45.4 45.7 45.7 45.6 45.7 45.7 45.9 45.3 45.1 45.3 45.1 45.1 45.2 45.9 45.1 45.2 45.2 45.4 45.5 45.5 45.6 45.5 45.7 45.9 45.9 45.8 45.9 45.8 45.8 46 45.9 45.9 46 46.2 46.1 46.1 46.2 46.1
49.3 48.5 47.2 45.9 44.9 44.2 43.2 42.8 42.4 42.1 41.7 41.5 41.1 40.8 40.8 40.3 40.4 40.2 39.9 39.9 39.8 39.6 39.7 39.4 39.5 39.6 39.4 39.4 39.4 39.5 39.6 40.7 40.7 40.6 40.6 40.8 40.8 39.8 40.1 40.1 40.2 40.3 40 40.1 40.1 39.7 39.9 40.1 40.1 40.3 40.3 40.3 40.3 40.5 40.5 40.3 40.4 40.5 40.6 40.7 40.3 40.3 40.3 40.5 40.6 40.6 40.6 40.8 40.9 40.6 40.7 40.9 40.8 40.7 40.7 40.8
41.7 40.9 40.8 40.3 37.3 37.1 36.7 36.6 36.3 36.6 36.2 36 35.8 35.7 35.5 35.7 35.7 35.7 35.6 35.3 35.5 35.5 35.3 35.4 35.5 35.4 35.3 35.5 35.3 35.4 35.5 35.2 35.2 35.3 35.3 35.2 35.1 35.4 35.4 35.5 35.6 35.6 35.6 35.6 35.8 34.9 34.9 35.1 35.4 35.3 35.3 35.5 35.4 35.4 35.4 35.6 35.5 35.6 35.7 35.7 35.6 35.6 35.8 35.9 35.9 35.9 36 35.8 35.6 35.6 35.8 35.8 35.9 35.8 35.8 35.8
32.1 31.9 31.8 31.8 31.4 31.6 31.2 31.4 31.3 31.1 30.9 30.7 30.8 30.8 30.4 30.5 30.7 30.7 30.7 30.4 30.4 30.4 30.4 30.5 30.5 30.5 30.5 30.8 30.6 30.6 30.6 30.7 30.7 30.5 30.4 30.6 30.6 30.7 30.5 30.6 30.7 30.4 30.5 30.5 30.5 30.8 30.9 31 30.1 30.1 30.3 30.3 30.5 30.4 30.5 30.5 30.4 30.5 30.5 30.7 30.8 30.9 30.4 30.4 30.5 30.5 30.5 30.5 30.5 30.7 30.7 30.8 30.7 30.8 30.8 30.8
28.5 28.5 27.5 27.2 27.1 27 26.8 26.7 26.2 25.8 25.9 26.2 26.1 26 25.9 25.8 25.7 25.5 25.7 25.6 25.3 25.2 25.4 25.5 25.3 25.2 25.3 25.3 25.1 25.3 26.2 26.1 25.9 25.2 25.4 25.6 25.4 25.4 25.5 25.7 25.8 25.8 25.7 25.9 25.9 25.5 25.6 25.7 25.8 25.2 25.1 25.1 25.2 25.5 25.3 25.2 25.3 25.4 25.6 25.6 25.7 25.7 25.7 25.8 25.9 26 26 25.9 26.1 26.1 26.1 26.1 26.1 26.2 26.2 26.4
22.2 21.9 21.8 21.6 21.7 21.7 21.6 21.8 22 21.6 21.7 21.8 21.7 21.7 21.8 22 21.9 21.7 21.5 21.5 21.7 21.4 21.3 21.2 21.2 21.4 21.3 21.1 21.2 21.6 22 21.3 21.3 21.2 21.2 21.3 21.2 21.3 21.4 21.4 21.7 21.8 21.6 21.8 21.8 21.5 21.5 21.7 21.6 21.6 21.2 21.2 21.2 21.4 21.3 21.3 21.2 21.4 21.4 21.6 21.4 21.4 21.5 21.5 21.6 21.8 21.6 21.6 21.8 21.9 21.8 21.8 21.9 21.8 21.9 22
17.5 17.6 17.5 17.6 17.6 17.8 17.8 17.8 17.9 17.7 17.4 17.7 17.8 17.8 17.8 17.8 17.9 18 17.8 17.8 17.9 17.8 17.6 17.9 18 18.1 18.2 18.1 18.2 18.2 17.9 17.9 17.9 17.9 18.1 17.9 17.9 17.7 17.9 17.8 17.9 17.9 17.8 17.9 17.9 17.8 17.8 18.2 17.8 17.6 17.7 17.7 17.8 18 17.9 17.5 17.5 17.6 17.6 17.5 17.7 17.6 17.6 17.7 17.7 17.7 17.6 17.9 18 18.1 18.1 18.1 18.1 18.1 18.2 18.1
14 14 14.2 14.2 14.1 14.2 14.1 14.1 14.2 14 14 14.1 14.1 14.2 14.2 14.3 14.4 14.4 14.4 14.5 14.4 14.2 14.3 14.3 14.4 14.6 14.8 14.7 14.6 14.6 14.5 14.5 14.6 14.7 14.5 14.4 14.5 14.6 14.4 14.7 14.3 14.4 14.6 14.6 14.5 14.3 14.2 13.8 13.9 13.9 13.9 14 14 14.1 14.1 14 14.1 14.1 14.2 14.2 14.2 14.3 14.3 14.2 14.2 14.3 14.3 14.3 14.4 14.4 14.4 14.4 14.5 14.5 14.6 14.7
