datasets/global_precipitation_1950_2017/rasters/precip_1965-total.asc
NCOLS 720 
NROWS 347 
XLLCORNER -180 
YLLCORNER -90 
CELLSIZE 0.5 
NODATA_value -9999 
[rows 102 to 135 of 347, columns 456 to 531 of 720]
217.3 230.5 280.8 304.3 254.1 212 133.6 104.1 220.5 522.1 416.1 157 90.7 107.8 112.6 107.4 101.1 99.4 103.6 102.7 104.3 106.9 108.1 105.8 101.6 96.6 101.7 113.5 118.2 114.9 115.1 118.2 129.1 141.5 155.9 173.3 222.4 285.5 276.4 257.9 271.2 315.7 326.5 298.6 245.1 204.5 226 296.7 408.3 447.7 399.9 311.9 273.1 415.2 659.9 1190.2 1958.4 1627.8 1731.8 1419.9 845.2 705.7 346.1 139.4 141.1 143 138.7 121.4 122.2 136.1 159.2 163.6 123 106 145.4 204.3
193.9 208 333.3 322.2 283.2 214.3 140.9 115.6 141 181.3 173.8 99.6 68.7 110 107.3 99.2 92.9 94.1 98.1 100.7 104 102.7 99.4 92.7 84 77.5 76 82.3 89.7 93.9 101.7 105.6 101.2 140.2 147 156.7 202.2 258.1 270.9 263.6 271.7 317.8 359.3 331.4 247.8 177.6 138.9 244 368.8 403.6 294.9 355.3 461.7 407.1 302.9 741.9 1231.4 1001.2 835.7 1578.3 742 702.6 714.9 733.7 532.3 417.3 291.3 247.9 259.7 251.1 246.5 212.8 149.3 140.8 248.6 369.1
135 133.4 207.1 248.1 261.2 255.6 203.4 107 97.7 95.7 111.9 91.9 88.8 94.8 93.9 88.7 87.8 93.9 99.3 102.5 110.5 111.9 97.2 80.6 71.2 66.8 62.8 63.9 71.8 78.9 90.9 99.6 98 117 155.8 169.1 200.6 227.8 237.3 234.7 237.6 282.1 354.5 355.3 259 170.7 150 186.4 219.8 230 224.1 282.7 417.3 412.2 506 521.3 579.6 748 857.3 695.7 654.4 671 1450.3 1635.2 1510.6 958.7 449.4 367.2 437.8 406.1 326.3 257.7 204.8 325.5 575 806
121.9 128.4 166.2 190.5 272.9 274.7 248.4 159.6 123.2 113.5 121.9 105 94.5 85.4 85 84.1 85.3 95 104.1 108.4 118.8 117.7 101.5 78.3 68.2 66.5 67.8 64.3 66.1 71 78.6 96.5 109.9 130.3 164.1 194.1 224.7 244.7 235.8 214 168.5 174 258.7 300.2 234.8 163.3 145 155.7 165.2 177.3 194.4 244.2 292.6 312 430.7 458.7 495.1 669.8 1405.7 1385.1 1489.3 1343.1 1601.5 1705.2 1366.5 716.4 384 386.7 484.8 640.8 624.4 435.8 400.2 889.7 1368 1666.4
93.1 119.5 158.4 227.7 274.4 283.7 252.6 216.3 204 192.9 189.7 198.7 139.1 89.8 87.8 87.9 88.6 100.4 117.2 114.6 122.5 128.6 108.8 86.5 75.8 70.5 65.9 63.7 63 64.2 71.4 87.5 100.3 111.1 132.6 178.5 218.1 261.2 232.2 205.8 153 125.5 234.1 312.3 239.3 136 149.6 138.1 119.9 150.6 151.2 184 198 310.2 293.7 477 368.9 546.9 738.1 1185.5 1786.9 899.8 1116.3 979.8 1690 1023 323.6 378.8 559.1 651.1 735.6 742.9 1167 1926.9 2138.9 2291.3
142.5 -9999 -9999 -9999 -9999 247.6 224.4 207.5 226.3 234.2 212.8 200.5 172.2 116.7 93.1 92.7 104.6 117 118.3 116.8 125.3 127.8 112.7 94.4 83.6 81.5 70.7 62.4 58.9 58.7 65.7 80 94.2 105.4 116.6 134.7 162.6 185.2 156.9 108.3 116.3 164.8 258.5 354.2 243.6 129.4 102.2 78.5 68.7 121.1 144.2 184.3 200.5 328.9 272.7 360.1 468.3 524.3 619.4 741.1 1156.3 1706.2 881.4 950 1501.4 1313.9 824.8 505.3 568.7 722 763.4 730.5 695.1 1802.3 2123.4 2243.1
-9999 -9999 -9999 -9999 -9999 236.9 222.9 211.4 211.5 203.5 199.2 204.2 164.1 131.8 109.2 98.5 134.3 155.2 126.9 120 128.3 132.9 118.1 99.5 86.9 77.7 62.3 57.5 56.4 52.7 59.9 76.3 89.8 103.6 110.1 128.6 141 143.5 116.3 81.2 87.7 141.8 240.3 259.8 218.7 145.2 75.7 50.8 80.6 139.7 156.3 214.1 212.3 202.1 266.1 306.5 384.5 520.3 575.1 718.9 996.4 800.8 1015.3 1237.6 974.5 938.1 859.7 467.3 418 796.5 875.6 598.9 685.8 1408.3 1855.7 1945.1
143.2 -9999 -9999 -9999 -9999 -9999 200.1 200.1 190.6 180.4 161.9 157.3 142 127 121.2 118.1 135.5 142.5 128.3 127 131.5 133.5 120.4 104.6 93.6 87.9 76.9 65.6 59.7 50 56.8 77.8 93.1 91 105.2 145.9 167.4 160 113 113.4 141.7 208.6 198.6 176 154.7 197.7 114 74.3 92 140.3 156.9 189.8 258.1 198.9 167.1 197.1 377.2 614.6 548.2 637.1 706.8 412.5 597.8 576.6 893.6 1076.6 1227.7 1208.5 1364.9 1471.7 1083.9 366.8 1355.6 1507.4 1173.6 965.5
94.8 -9999 -9999 -9999 -9999 -9999 -9999 183.6 175.1 160 134.3 129.6 138.4 134 126.1 126.9 138.3 140.3 140.1 136.2 135.6 133.6 123.6 109.2 103.2 111.7 136.5 99.5 77.8 67 68.6 83.8 93.9 99.1 134.7 197.2 230 245.7 172.2 151.7 236.9 282.7 159.4 128.1 106.2 134.4 133.9 131 140.9 139.1 140.5 159 242.3 222.5 200.6 220.6 356.3 490.5 469.6 495.6 731.5 510.3 524.7 570.8 694.9 902.2 948.9 983 1028.3 1149.2 1630.2 1902.4 2310.6 1959.7 1192.5 1056.8
91.6 75.1 -9999 -9999 -9999 -9999 -9999 -9999 151.9 140.1 134.6 129.8 130.7 130.7 128.2 134.4 144 152.6 150.8 144.1 137.5 128.2 119.6 114.4 111.7 110.6 115.5 110.2 103.7 94.3 92.9 106.9 116.5 119.4 159.3 205.3 208.9 276.8 218.1 135.4 119.1 59.6 72.9 88.4 100.7 114.8 136.4 153 175.5 147.8 121.7 150.6 178.7 247.5 289.8 286 467.1 652.5 627.8 603.9 681.5 576.1 516.8 500.7 661.1 771.9 777.2 735.8 1144.1 1119.5 1611 1798.2 2141.9 1968.7 1598.4 2273.2
72.8 58.6 48.1 -9999 -9999 -9999 -9999 -9999 -9999 -9999 127.2 131.6 134.3 135.4 131 127.6 147.1 152.5 148.9 140.2 132.6 126 118 118.3 120.1 100.1 112.6 119.1 118.8 114.1 111.7 118.9 130.7 125 155 183.7 151.8 149.5 151 96.7 73.1 68.8 60.8 59.8 87.5 95.9 122.8 167.6 208.3 194.7 176.4 204.5 315 273 302.2 305.5 490.7 527.4 585.5 573.5 606 597.7 586.6 456 560.8 623.9 643.4 649.8 778.7 1014.8 1373.4 1387.4 1444.6 1323 1782.6 2268.3
53.3 39.7 29.3 23.6 -9999 -9999 -9999 -9999 -9999 -9999 -9999 142.8 134.4 133.8 -9999 105.9 -9999 -9999 127.6 122.1 126.3 127.4 117.5 117.6 121.4 121.3 124.1 134.2 135 124.5 115.2 104.2 94.5 107.8 140.5 167.8 160.7 142.1 107.4 86.2 79.7 68.9 61.1 62.3 89.3 91.3 102.7 195.8 215.3 267 301.2 269.7 264.9 260.5 280.2 321.3 344.9 391.6 582.2 566.4 552.8 746.5 695.3 581.1 625.1 645.1 710.8 619.6 680.7 883.4 1042.3 1057.1 1078.5 769.4 1145.3 1413.7
47.5 32.9 21.1 14.3 -9999 -9999 -9999 -9999 -9999 -9999 -9999 -9999 -9999 -9999 -9999 -9999 -9999 -9999 106.1 114 123.9 126.8 122.8 116.8 120.4 125.5 134.5 155 158 136.5 131.7 121.8 109.2 109 139.1 167.8 176.1 143.4 102.6 85.7 76.8 77.5 99.1 113.4 127.9 139 168.6 179.3 179.1 264.4 347.1 450 404.1 332.2 316.9 321.7 301.6 421 537.8 447.3 501.6 684.5 623.4 640.5 612.2 633.8 614.1 633.7 713.2 735.7 830.1 816.1 929 967.2 1008.4 1171.2
64 38.5 24.1 18.4 -9999 -9999 34.1 -9999 -9999 -9999 -9999 -9999 -9999 -9999 -9999 -9999 102.6 -9999 -9999 98.7 117.6 123.1 118.8 116.6 120.6 130.1 138.1 148.9 147.4 144.4 159.7 155.7 124.7 111.6 124.6 136.5 126.2 107 109.4 107.3 104.7 92.2 134 150.2 152.1 158 237.7 212.2 196.3 276.5 493.8 388.3 344.9 385.1 378.6 363.8 449.1 427.2 537.7 625.5 775.8 729.2 708.7 614.6 597.5 617.6 615.4 620.4 651.4 784.5 791.2 772.5 707.1 840.7 958.4 1052.7
71.7 47.1 31.4 27.1 28.3 -9999 44.4 -9999 -9999 -9999 -9999 -9999 -9999 -9999 -9999 118.5 161.3 -9999 -9999 -9999 -9999 -9999 -9999 -9999 -9999 -9999 140.8 153.5 123.4 -9999 167.7 -9999 -9999 -9999 -9999 -9999 -9999 91.4 129.8 129.2 121 128.3 155.8 135.1 175.1 155.8 178.3 257.4 356.6 375.1 564.3 515.2 454.1 377.2 454.3 434 377.3 367.8 645.7 765.4 702 566.7 543.3 402 569.1 435 524.8 506.4 638.4 727 751 807 799.9 601.5 822.4 1080
66.2 53.5 39.1 33.7 33.9 38.9 43.4 -9999 -9999 -9999 -9999 -9999 -9999 79.3 90.5 130.8 123.2 -9999 -9999 -9999 -9999 -9999 -9999 -9999 -9999 -9999 -9999 -9999 -9999 -9999 -9999 -9999 -9999 -9999 -9999 -9999 -9999 -9999 -9999 144.6 133.7 134.8 149.5 186 219.3 260.1 355.3 306.4 468.5 794.5 401.1 385.9 466 552.9 485.3 337.9 484.3 540.4 663.5 535.9 534.1 673.8 585.2 491.4 758.1 678.4 736.3 701.3 604.2 689.6 813.4 977.4 919.6 702 878 869.9
66.4 53.9 43.9 38.5 37.5 38.7 40.7 40.2 -9999 -9999 -9999 -9999 -9999 96.4 95.6 118.8 99.2 72.5 -9999 -9999 -9999 -9999 -9999 -9999 -9999 -9999 -9999 -9999 -9999 -9999 -9999 -9999 -9999 -9999 -9999 -9999 -9999 -9999 -9999 153.1 143.9 156.1 186.6 258.7 329.1 372.9 482.8 486.9 415 719.5 500.6 404.7 617.2 627.9 568.1 587.2 539.6 623.5 533.4 596.4 679.5 738.7 999.7 642.3 550.6 687.2 660.7 602.9 617.8 658.5 992.1 1120.5 944.4 965.7 1036.3 1014.9
64 54.7 46.9 41.7 38.8 38.5 38.9 39.3 43.9 62.3 94.3 111.7 106.7 105.1 103.6 98.6 85.2 104.1 119.7 102 -9999 -9999 -9999 -9999 -9999 -9999 -9999 -9999 -9999 -9999 -9999 -9999 -9999 -9999 -9999 -9999 -9999 -9999 -9999 -9999 196 159.8 286.2 349.4 362.6 360 548.3 488.4 438.7 500.1 495.8 393.4 358.6 498.5 511 572.4 491.1 481 556.6 862.4 869.6 732.3 657.2 503.6 650.5 602.4 721.5 526.5 804 885.7 1144.9 1284 1020.8 1155.9 1196.3 1065.1
62.1 55.3 48 44 40.2 38.2 37.7 40.5 47.3 69.4 95.7 113.7 108 107.6 103.8 105 134.2 156.7 172.7 169 99.3 86.3 -9999 -9999 -9999 -9999 -9999 -9999 -9999 -9999 -9999 -9999 -9999 -9999 -9999 -9999 -9999 -9999 -9999 -9999 -9999 384 324.9 336.2 412.9 389.6 496.1 403.6 477.3 499 401.7 642.7 499.7 461.8 621.2 464.4 543.1 579.2 747.9 1121.3 875.4 732.5 671.7 816 805.1 795.7 744.8 830.8 837.9 912.5 1289.7 1299.2 1332.1 1198.9 1261.9 1136.7
64.2 56.2 48.5 45.1 40.6 37.5 37.2 40.8 53.6 75.3 101.1 115.5 111.8 109.2 110.3 150.6 173.7 179.2 192.8 180.3 126.1 103.3 93.4 -9999 -9999 -9999 -9999 -9999 -9999 -9999 -9999 -9999 -9999 -9999 -9999 -9999 -9999 -9999 -9999 -9999 -9999 -9999 -9999 -9999 -9999 514.9 573.8 555.1 667.2 629.3 498 522.1 387.5 425.6 457.4 386.5 605.1 500.5 773.2 1028.6 877.6 686.8 637.7 772.9 838.3 876.7 869.8 992.4 962.8 1096 1183.2 1265.1 1130.2 1229.1 1123.7 1188.3
69.8 60 52.8 45.6 42.4 39.6 39.5 45.3 61.1 82 107.9 116.6 111.6 112.9 145 179.5 191.4 192.1 164.2 137.4 115.7 110.7 117 190.5 -9999 -9999 -9999 -9999 -9999 -9999 -9999 -9999 -9999 -9999 -9999 -9999 -9999 -9999 -9999 -9999 -9999 -9999 264.7 311.4 421 518.2 617.6 645 424.8 581.4 663.9 744.2 634.1 402.6 389.1 464.9 477.7 707.2 743.2 798.3 1022.2 855.5 862.7 870 860.6 856.3 850.6 1005.6 685.2 1112.1 954.4 1024.8 901 1115.7 1164.3 1153
75.8 66.6 57.9 50.2 43.6 42 42.9 51.1 67.6 91.7 112.1 117.7 114.6 131.9 169.1 188.4 172.3 143.3 112.4 96.1 90.8 95.2 138.9 -9999 -9999 -9999 -9999 -9999 -9999 -9999 -9999 -9999 -9999 -9999 -9999 -9999 -9999 -9999 -9999 -9999 -9999 -9999 -9999 330.4 490.6 571.6 498.6 453.4 -9999 606.4 624.5 640.6 541.7 487.9 438.6 392.5 444.4 716.4 861.2 731.8 560.1 753.9 803.3 807 899.8 683.4 883.3 712.8 767.7 896.1 896.7 1034.3 1232.2 1463.2 1308.2 1261.5
83.5 76.3 66.8 57.7 49.9 43.4 45.3 56.1 70.8 95.8 115 116.7 122.8 150.2 161.2 136.8 103.8 82.9 72.3 65.4 56.3 51 -9999 -9999 -9999 -9999 -9999 -9999 -9999 -9999 -9999 -9999 -9999 -9999 -9999 -9999 -9999 -9999 -9999 -9999 -9999 -9999 -9999 -9999 593.1 583.8 503.2 582.1 -9999 754.1 1449.2 1265.3 650.3 506.5 465.4 510.5 510.7 522.9 688.5 691.3 651.6 740.1 788.9 717.5 888.5 965.4 847.3 831.4 748.7 860.2 849.8 1049.4 1203 1235.3 1293.9 1255.9
92.3 88.9 83.2 64.3 53 44.5 45.5 49.8 57.6 66.7 71.5 75.1 86.8 105.4 99.5 73.9 56 49.3 48.6 46.1 31.2 -9999 -9999 -9999 -9999 -9999 -9999 -9999 -9999 -9999 -9999 -9999 -9999 -9999 -9999 -9999 -9999 -9999 -9999 -9999 -9999 -9999 -9999 -9999 -9999 365.3 -9999 -9999 -9999 -9999 1488.9 1809.2 609.7 577.6 654.7 598.2 553.7 327 691 545.3 707.6 729.8 777.2 1000 1042.5 994.3 774.9 675.1 662 847.3 922.3 1089 1252.5 1183.8 1016.3 1240.1
100.4 96.6 91 81.1 64.8 55 52.9 54.9 57.3 58.7 59.7 60.5 62.3 62.3 56.1 36.2 26.9 27.2 33.6 40.4 -9999 -9999 -9999 -9999 -9999 -9999 -9999 -9999 -9999 -9999 -9999 -9999 -9999 -9999 -9999 -9999 -9999 -9999 -9999 -9999 -9999 -9999 -9999 -9999 -9999 -9999 -9999 -9999 -9999 1419.9 1997.3 1025.1 489.2 573.7 947.6 658.8 906.4 631.8 799.6 665.3 907.6 928 964.5 772 1256.8 1058.5 869.7 675.2 714 620.5 964 1252.4 1346.8 1250.8 1173 1234.2
98.5 93.5 86.1 74.1 63.7 59.8 58.4 59.2 59.1 57.9 58.4 59.1 59.3 61.1 54.7 38.8 31.9 35.4 48.4 -9999 -9999 -9999 -9999 -9999 -9999 -9999 -9999 -9999 -9999 -9999 -9999 -9999 -9999 -9999 -9999 -9999 -9999 -9999 -9999 -9999 -9999 -9999 -9999 -9999 -9999 -9999 -9999 -9999 -9999 2099.3 3075.1 1796.9 383.1 546.4 546.5 585.1 637 689.6 979.4 829.9 1030.8 986.6 946.5 1041.7 1031.2 1000.3 945 1049.3 767.8 618.2 750.2 945.4 1342.1 1265.5 1063.7 -9999
93.2 86.6 76.7 70.7 65.2 62.7 59.1 58.7 58.7 57.2 58.7 60.3 60.8 60.2 56.8 50.8 47.8 58.1 77.4 -9999 -9999 -9999 -9999 -9999 -9999 -9999 -9999 -9999 -9999 -9999 -9999 -9999 -9999 -9999 -9999 -9999 -9999 -9999 -9999 -9999 -9999 -9999 -9999 -9999 -9999 -9999 -9999 -9999 -9999 -9999 2650.4 915.9 481 528.6 662.3 582.7 540.6 856.8 949.4 851.7 791.4 720.5 877.6 1051.5 1260.8 1194 1009.1 1102.7 1160.2 1107 775.1 976.6 1389.8 1161 -9999 -9999
86.7 79.8 74.6 69 65.2 63.1 62.5 60.8 59.2 57.8 59.4 61 61.8 60 58.8 58.6 62.3 76 -9999 -9999 -9999 -9999 -9999 -9999 -9999 -9999 -9999 -9999 -9999 -9999 -9999 -9999 -9999 -9999 -9999 -9999 -9999 -9999 -9999 -9999 -9999 -9999 -9999 -9999 -9999 -9999 -9999 -9999 -9999 -9999 3938 770.1 459.1 448 467.9 622.7 495.2 655.1 583.9 664.3 1032.3 896.4 930.7 780.4 1284.7 1138.8 760.9 1087.8 1358 1312.6 903 1067.9 1060.8 -9999 -9999 -9999
83.7 78.4 74.8 71.4 69.1 66.3 66.8 62.6 61.9 60.7 59.3 60.8 62.9 62.6 62.3 63.5 74.9 -9999 -9999 -9999 -9999 -9999 -9999 -9999 -9999 -9999 -9999 -9999 -9999 -9999 -9999 -9999 -9999 -9999 -9999 -9999 -9999 -9999 -9999 -9999 -9999 -9999 -9999 -9999 -9999 -9999 -9999 -9999 -9999 -9999 3531 1095.7 259.6 347 402.6 611.5 553.9 634.2 799.6 1080.8 1046.8 750.5 959.6 1130.1 1157.3 1161.5 949 1178.6 1330.4 1228.2 950.3 828.2 -9999 -9999 -9999 -9999
91.1 78.1 76.7 75.7 77 74.3 72.2 69.3 63.5 60.7 58.4 60.7 63 62.2 63.3 -9999 -9999 -9999 -9999 -9999 -9999 -9999 -9999 -9999 -9999 -9999 -9999 -9999 -9999 -9999 -9999 -9999 -9999 -9999 -9999 -9999 -9999 -9999 -9999 -9999 -9999 -9999 -9999 -9999 -9999 -9999 -9999 -9999 -9999 -9999 3149.9 2310.1 564 336.2 429.2 428 628.4 680.6 749.4 823.1 1012 894.1 710.7 842.6 825.5 797.1 1009.6 1138.8 1108.5 874.3 786 -9999 -9999 -9999 -9999 -9999
82.5 72 81.6 82.1 83.2 81.4 78.4 73.9 67.9 60.3 53.7 53.4 59.8 56 63.3 -9999 -9999 -9999 -9999 -9999 -9999 -9999 -9999 -9999 -9999 -9999 -9999 -9999 -9999 -9999 -9999 -9999 -9999 -9999 -9999 -9999 -9999 -9999 -9999 -9999 -9999 -9999 -9999 -9999 -9999 -9999 -9999 -9999 -9999 -9999 2583.4 2716.1 716.7 455 428.3 482.1 571.8 639.2 690.5 770.8 602.4 481.6 607.5 619.4 878.2 676.3 750.3 899.7 877.6 -9999 -9999 -9999 -9999 -9999 -9999 -9999
71 75.3 84.8 88.5 92.2 90.9 86.8 81.4 73.5 62 52.4 -9999 -9999 -9999 -9999 -9999 -9999 -9999 -9999 -9999 -9999 -9999 -9999 -9999 -9999 -9999 -9999 -9999 -9999 -9999 -9999 -9999 -9999 -9999 -9999 -9999 -9999 -9999 -9999 -9999 -9999 -9999 -9999 -9999 -9999 -9999 -9999 -9999 -9999 -9999 -9999 3415.7 1044.9 539 392.4 409.1 502.4 598 816.6 668.4 673.2 605.3 507.2 552.9 833.5 788.5 706.4 912.1 785.1 -9999 -9999 -9999 -9999 -9999 -9999 -9999
70.9 75.8 76.9 92.6 102.5 104.1 99.7 94.4 84.6 -9999 -9999 -9999 -9999 -9999 -9999 -9999 -9999 -9999 -9999 -9999 -9999 -9999 -9999 -9999 -9999 -9999 -9999 -9999 -9999 -9999 -9999 -9999 -9999 -9999 -9999 -9999 -9999 -9999 -9999 -9999 -9999 -9999 -9999 -9999 -9999 -9999 -9999 -9999 -9999 -9999 -9999 3169.3 1028.3 350.1 211.8 587.3 666.2 613.7 513.1 672.4 757.9 652.5 462.9 517.5 647.6 827.4 -9999 -9999 -9999 -9999 -9999 -9999 -9999 -9999 -9999 -9999
68.9 66.4 64.5 87 110.2 122 118.6 108.5 -9999 -9999 -9999 -9999 -9999 -9999 -9999 -9999 -9999 -9999 -9999 -9999 -9999 -9999 -9999 -9999 -9999 -9999 -9999 -9999 -9999 -9999 -9999 -9999 -9999 -9999 -9999 -9999 -9999 -9999 -9999 -9999 -9999 -9999 -9999 -9999 -9999 -9999 -9999 -9999 -9999 -9999 -9999 3124.1 2094.7 632 434.8 500.2 735.7 406.6 482.4 470.1 670.8 638.6 440.9 660 378.8 -9999 -9999 -9999 -9999 -9999 -9999 -9999 -9999 -9999 -9999 -9999
