datasets/global_precipitation_1950_2017/rasters/precip_1959-total.asc
NCOLS 720 
NROWS 347 
XLLCORNER -180 
YLLCORNER -90 
CELLSIZE 0.5 
NODATA_value -9999 
[rows 68 to 101 of 347, columns 152 to 227 of 720]
477.5 488.8 426.7 407.1 480.5 483.5 483.1 579.5 533.9 621.9 664.1 589.3 598.7 588.7 650.4 687.9 631.5 574.6 552 545.6 557.4 619.8 640.7 645 709.2 669 806 789.4 747.9 734.1 682.6 665.7 700.9 761 778.7 802.4 824.1 725.3 619.7 698.8 756.4 779.3 777.2 805.5 741.7 659.8 676.5 683 701 740.1 787.9 831.4 852.3 889.1 934.6 1017.2 1108.5 1131.1 1093.7 973 712.4 482.3 822.8 891.2 899.1 1049.2 1071.9 967 880.6 862.5 821.1 814.9 -9999 -9999 -9999 -9999
446.5 462.9 429.9 415.4 461 489.9 461.9 499.3 515.3 532.1 534 564.9 496.4 509.8 528.4 562 546.8 542.7 530.6 613.8 580.4 643.9 619.8 587.5 474.9 572 706.3 716 722.9 656.6 647.2 669.9 737.2 846.6 824.3 859.9 863.9 930.4 895 888.3 858.5 782.1 729.1 750.1 807.4 787.1 834.6 691.9 659.1 693.7 805.5 855 896.3 944 968.6 1009.7 1064.3 1081.6 1089.7 1057.8 940.1 837.5 799.2 784.1 1014.1 956.7 1010.8 1024.3 955.5 954.9 -9999 -9999 899.3 1017.4 1072.7 1033.8
381.1 382.4 429.9 471.2 505.1 457.2 399.5 367.7 370.1 401.8 412.4 419 466.9 505.6 563.8 563.1 538.5 473.8 535.8 600.9 668.3 620.2 618.3 618.4 589 577 586.2 658.3 715 696.7 608.9 620.5 738.6 802.3 830.9 863.7 948.3 1017.2 1060.2 993.3 929 801.9 618.2 570.3 775.5 820.1 777.2 772.4 779.2 822.5 881.1 941.4 920.2 989.7 1027.8 1028.9 1030.7 1041.7 1029.1 1073.7 1056.5 1017.4 935.3 1020.8 1058.1 921.5 901.7 1001.5 932.1 -9999 881.5 975.8 996.8 1012.4 1045.1 939.1
358.2 370.7 375.2 382.2 363.5 395.7 345.8 345.7 355.1 355.4 359.5 340.9 456.9 467.7 516.6 544.8 552.2 594.7 517.9 643.7 728.3 712.2 705.9 713.2 640.6 688.9 781.5 696.6 651.3 682.2 702.2 677.8 649.3 666.3 766.6 934.4 1043.6 1059.4 1019.5 1026 961.4 925.8 767.6 711.1 737.1 749.4 743.9 768.7 786.4 929.2 911 972.3 1000.3 1090.3 1042.8 1014.3 1018.6 1025.7 991 989.5 980.6 1097.7 1099.1 1043.2 1251.1 1306.3 887.1 947.9 -9999 990.4 1043.2 964.9 1017 934.1 906.9 925.1
262.1 378.8 379.2 351.6 251.6 351.8 303.7 347.9 342.7 350.9 408.5 415.9 386.9 479.8 521.8 533.6 565 666.8 656.1 708.5 680.7 696.9 665.7 582 632.7 692.6 693.1 698.9 746.4 834.4 879.2 832.6 753 764 854.4 881.4 919.1 1035.2 1218.3 1332.7 1111.6 884.7 771.5 794.4 804.8 768.3 775.8 807.6 893.5 926 1016 1024.5 1018.4 1033.6 993.6 965.9 1020.9 1095.2 1077.3 1019.4 1058.1 1150.8 1053.1 1170.2 1525.5 1508.2 1193.4 -9999 1060.6 1001.8 942 1028.2 1013.5 1052 1018.1 957.6
286.3 334.7 344.9 272.4 292.8 295.5 318.6 305.1 336.3 388.6 455.8 419.4 462.1 506.3 509.2 566 653.4 759.1 748.2 694.9 689.8 664.7 621.8 709.9 663.3 595.9 625.5 675.9 763.7 798.1 867.2 909.9 833.2 872.4 957.4 925.1 929.7 1005.8 1020.1 1066.4 1016.7 990.8 933.9 928.1 899.8 885.3 933.6 897.6 946.3 953.3 937.4 879.8 861.5 903.3 985 916.1 904.9 1051.5 1027.2 990.6 990.9 1000.1 1045.4 1126.4 1110 1055.7 1084.7 1201.7 988.1 882.2 930 910.5 1059 1059.4 1083.7 1120.1
294.6 270.5 257.2 235.3 244.6 269.7 313.7 416.4 372.2 427.9 471.2 472.4 494.8 484.6 459.6 561.7 626.1 670.9 615.4 630.6 647.1 625.6 636.2 729.5 791.5 834.5 850.9 866.1 883.6 889.4 927.2 836.3 912.8 996.9 992.5 943.8 915.8 912.2 992.9 959.1 894.6 881.2 889 924.2 937.5 937.7 940.3 1029.6 1030.7 993.6 885 796.4 869.1 856.8 865.3 865.2 1054.7 1017.9 1027.2 1040.7 973.2 827.5 787.7 933.8 1191.9 1218.6 1141.8 1186.9 1054.7 974.1 1100.8 1025.2 962.7 1040.1 1125.1 1185.6
348 260.5 282.9 265.5 312.9 281.7 304.9 297.7 372.8 409.3 444.8 392.9 370.1 459.6 444.9 480.2 538 564.2 496.5 561.3 624.1 623.5 706.5 785 816.9 883 902.3 967.1 967 964.1 971.5 870.1 902.2 824.3 810.2 873.3 751.7 781.9 802.8 855.3 819.3 823.5 824.3 880 1022.6 1006.8 1049.7 1150.6 1086.1 1149.8 1109.6 955.9 822.7 834.3 829.1 905.8 1019.2 1015.1 985.6 1127 934.3 901.4 906.9 979.9 1085.8 1180.6 1095.1 924.2 976.4 1036.5 1185.6 1162.3 1232.4 1161.7 1276.8 1198.2
336.9 369.1 338.6 313 318.8 332.9 351.2 343.4 358 361.3 360.5 356.5 430.6 424.9 451.7 467.9 584.1 581.9 535 580.5 654.8 740.1 721.7 726.9 820.2 981.7 912.3 998.2 953.4 1045.9 908.2 973.4 1026.2 930.6 836.4 881.8 871.1 778.2 986.7 811.3 804.6 712 801.2 937.2 960.9 1027.4 1076.3 1154.5 1167 1004.2 1132.2 984.9 905.2 805.4 833.9 887.9 856 934.5 799.4 870.8 828.4 947 1086.9 1152.7 1120.7 1436.1 1149.4 922.2 1052.2 1244.3 1366.2 1411.2 1459 1337.5 1523.2 1483.8
299.8 315.5 332.8 323.4 361.5 359.4 339.5 351.5 388.8 391.3 352.5 410.5 476.4 460.4 494.1 547.4 587.4 626.5 593.7 612.8 787.6 836.9 763.5 727.8 821.9 838.9 856.8 814.7 902.5 924.7 908.3 894 916.5 963.6 953.5 943.8 881.9 886.9 1023.7 841.6 850.2 934.9 919.9 976.6 1010.5 1067.8 1090.3 1004 918.4 916.1 931.6 976 888.1 897.4 909.8 920.2 1047.9 1062.3 903.3 1033.8 778 762.2 976.9 1127.5 1122.3 1036.6 1190.9 1261.3 1050.9 1185.9 1294.7 1324.4 1405.4 1479.8 -9999 -9999
514.7 355 340.4 364.5 399.9 415.9 395.9 429.6 418.9 410.6 481.5 504.7 557.8 530 520.6 526.8 595.5 669.6 665.5 672.5 735.6 863.7 999.1 880.9 863.2 945.7 1027.3 1010.4 976.9 918.8 942.4 928.6 1071.6 1004.2 942.8 832.8 890 862 912.5 888.4 968.8 1035.7 1061.6 1075.3 1052.2 1137.6 1212.1 1177.7 956.1 829.6 1001.6 836.7 727.7 888.1 953.7 996.1 1184.8 1316 1205.3 1119.8 1044.1 949.7 961.9 980 1155.3 1854.2 1121.9 1330.2 1227.8 1394.9 -9999 -9999 -9999 -9999 -9999 -9999
454.8 394.4 367.2 363.5 381 393.6 393.7 425.8 480.4 535 598.8 527.5 543.2 696.8 693.4 696.1 725.9 713.4 791.9 889.4 781.4 937 950.4 908.9 986.1 1059.3 1066.4 1066.1 993.8 954.5 896.2 893.5 902.1 987.8 930.6 935.2 902.2 892.6 895 879.8 870.1 948.7 1072.5 1037.7 904.8 1155.8 993.1 970.1 704.2 808 862.1 773.8 886.9 887.6 898.3 1200.9 1208.3 1125.3 1310.3 1080.7 1154.4 976.4 1112.7 980.5 1091.9 1170.1 1059.3 1104.1 -9999 -9999 -9999 -9999 -9999 -9999 -9999 -9999
352.2 423 390.3 369.2 397.9 382.8 357.5 422.1 505.6 536 489.1 567.5 606.9 725.1 727.8 783.4 770.3 750.9 813.8 906.8 999.5 910.8 897 921.7 951.3 1016.9 1083.4 1052.7 965.4 1015.6 944.7 787.8 927.1 933.6 889.1 866.1 992.7 887.8 852.6 869.1 982.8 924.5 996.5 1027.8 1079.7 1068.8 1050.7 977 613.3 697.2 777.1 829.4 793.5 1021.5 1056.3 1027.6 1316.3 1514.3 1296.9 1191.5 961.4 1134.8 1185.9 1021.8 1052.2 1091.9 1173.3 -9999 -9999 -9999 -9999 -9999 -9999 -9999 -9999 -9999
389.1 431 404.4 354.2 356.7 462.8 408.4 388.1 405.4 507.1 556.4 618 782.9 788 684.8 720.8 889.7 896 852.7 787.3 800.2 1005 1074.5 869.2 1074.4 1025.6 1107.5 1123.7 1113.4 1057.9 1060.1 1028.4 1071.8 1045.4 915.7 914.8 895.4 842.4 951.1 1101 1043.5 979.7 872.5 876.5 874.2 1034.8 961.1 1042.4 992.5 966.7 1165.1 1061 814.2 837.4 901.8 1115.1 1076.4 1044.9 978.8 773.1 802.6 1176.8 1517.1 1248.4 1338.6 1144 -9999 -9999 -9999 -9999 -9999 -9999 -9999 -9999 -9999 -9999
430.1 442 438.7 381.9 349.3 457.3 399.4 492.6 495.2 555.5 641.6 722.5 771.6 746.6 794.9 804.1 821.6 847.2 747.9 847.9 848.6 816.6 847 943.4 1067.3 1071.1 1152.1 1132.1 1114.2 1077.3 1031.1 1067.5 1002.9 1004.6 969.2 963.6 979 892.2 887.1 901.6 937 799.4 1011.5 908.9 890.4 951.9 1059.5 1108.6 1144.8 1237 1306.5 1028.8 908.8 879.7 864.4 992.5 1054.8 1061.6 906.1 1075.5 1045.4 1127.3 1237.4 1157.4 1291.2 1275.3 -9999 -9999 -9999 -9999 -9999 -9999 -9999 -9999 -9999 -9999
354.1 372.7 419.2 395.1 405.6 417 480.7 531.7 494.1 570.1 560.1 672.5 698.8 832.8 868.2 962.4 904.5 851.9 809.3 993.4 997.9 1008.5 1031.2 1108.4 1137.4 1129.4 1099.7 1002.3 905.1 1039.4 1068.9 1080.3 895.9 1057.9 1250.8 998 934.2 1021.4 1027 1028.2 1003.5 1004.7 913.3 970 899 919.9 1125.5 1407.4 1329.8 1290.6 1225.2 1041.8 1015.9 885.1 912.4 990.3 1050.3 1116.9 1192.5 1248.8 1090.2 1247.9 1267.5 1278.3 1219.7 1125.1 1190.6 -9999 -9999 -9999 -9999 -9999 -9999 -9999 -9999 -9999
442.6 358.6 391.2 381.6 477.2 465.9 544.4 608 590.7 551.8 601.2 792.6 859.7 881.5 887.3 1012.7 1012.5 899.6 973.5 974.6 1000.1 1042 1059.7 995.5 1117.1 1093.5 1070.4 1039.4 944.7 927.4 870.9 1003.6 1046.9 1151.4 1137.4 1086.8 1092.2 1036.8 974.7 1009 1046.5 1001 968.2 956.4 1140.3 1304.9 1085.7 1091.6 1082.4 1171.4 1141.4 1084.8 961.5 1066.3 1151.3 1248.4 1022.5 1194.4 1097.8 1177.2 1096.4 997.9 -9999 -9999 -9999 -9999 -9999 -9999 -9999 -9999 -9999 -9999 -9999 -9999 -9999 -9999
297 365 398.8 412.6 486.8 470.8 519.6 543.7 512.2 599.2 701.8 800 821.6 843.4 909.7 877.6 1007.2 1011.8 1087.1 1076.3 1187 1107.5 1019 1066.6 1038.9 955.4 1007.2 960.2 794.3 898 738.9 969.7 879.3 1013.5 965.9 991 1057.3 1205.7 1044.8 1007.6 962.2 944.4 1018.9 1157 1147.7 1141.6 1009.4 934.8 1030 951.7 1124.6 1104.5 993.3 1062.2 949.5 1188.8 1245.2 1012 1319.4 1129 833.8 1212.8 -9999 -9999 -9999 -9999 -9999 -9999 -9999 -9999 -9999 -9999 -9999 -9999 -9999 -9999
301.1 382.2 378.6 403.9 396.2 485.8 573.8 530 556.9 534 676.3 848 763.6 813.6 785.2 913.9 1088.6 1079.1 1066.6 1204.4 1059.7 1028.7 1001.4 1013.8 921.6 938.1 883.1 808.1 818.6 869.6 810.9 938.9 1003.4 1001.7 1041.4 973.3 1061.2 938 928.1 944.7 964.6 1018.1 1194.3 1064.1 1144.3 1066.2 1054.8 974.8 842.6 1101.5 1048.7 998.7 970.9 954.4 946.6 986.3 978.1 1206.4 1095.5 1167 -9999 -9999 -9999 -9999 -9999 -9999 -9999 -9999 -9999 -9999 -9999 -9999 -9999 -9999 -9999 -9999
395.3 388.1 392.3 372.8 375.9 436.2 475 491.1 558.8 591.5 716.7 698.1 640.6 799.7 941.8 1033.9 959.5 1075.6 1142.3 1067.4 854.2 879.7 843.8 919.6 747.2 704 824.3 876.4 910.2 929 900.6 836.5 820.2 897.2 1019.4 1030 940.4 1019.8 914.8 1080.5 968.3 886.2 840.9 1049.8 1004.4 949.8 1099.3 917.3 1031 1127.2 980.7 896.2 852.1 920.9 1025.3 1059.5 1068 1023.5 1027.6 1065.2 -9999 -9999 -9999 -9999 -9999 -9999 -9999 -9999 -9999 -9999 -9999 -9999 -9999 -9999 -9999 -9999
349 394.1 357 328.7 416.9 406.2 549.7 610.8 574.2 658.5 632.6 739.1 691.8 740.5 800 817.7 848.5 837 921.3 959.2 780.9 753.4 755.4 727.7 819.5 778.9 962 777.7 879.3 971.2 906.1 918.2 963.4 937.9 1051.9 864 996.3 1123.1 963.4 905.7 1077.9 1100.5 1024 968.5 844.8 888.2 1005.1 878.8 1205 866.9 827.5 984.8 861.7 1002.4 1138.8 -9999 990.9 -9999 1092.8 -9999 -9999 -9999 -9999 -9999 -9999 -9999 -9999 -9999 -9999 -9999 -9999 -9999 -9999 -9999 -9999 -9999
287.5 313.9 329.8 452.2 406.5 434.1 498.4 546.7 555.4 626.4 661.6 732.2 780 936 985.4 782.6 835 835.8 828.2 1038.5 766.1 803.5 838.6 793.6 788.9 813.5 756.4 778.5 937.9 961.1 1078.5 1133.3 1184.6 1084.4 1086.2 1085.1 1048.1 967.2 993.8 980.4 1056.7 1038.5 989.4 897.9 941.4 835.2 1052 1356.4 1171.4 638.8 916.9 970.8 913.2 908.8 967.6 -9999 1121.8 1068.7 -9999 -9999 -9999 -9999 -9999 -9999 -9999 -9999 -9999 -9999 -9999 -9999 -9999 -9999 -9999 -9999 -9999 -9999
317.7 308.3 328.6 383.2 380.9 491.9 533.4 538 611.4 646.4 645.9 686.6 658.2 878.4 989.2 886.8 930.4 802.8 751.9 818.7 833.1 1016.2 997.1 968.2 870.8 890 856.9 886.9 1077.1 1069.4 1089.1 1167 993.4 1067.5 1107.2 1134 1024.8 984 1029.1 1173.5 1104.3 1071.3 932.3 1018.5 914.3 948.1 1179.9 1276.8 1161.2 1002.9 928.7 958.1 900.2 826.4 870.1 -9999 1176.8 1176.3 -9999 -9999 -9999 -9999 -9999 -9999 -9999 -9999 -9999 -9999 -9999 -9999 -9999 -9999 -9999 -9999 -9999 -9999
299.4 326 327 360.4 438.4 477.9 514.8 588 590.5 606.8 596 753.3 936.8 923.3 1006.7 1028 1026.4 999.7 945 911.4 1195.5 1090.4 1010 1051.4 933.1 958.8 1036.2 1100.9 1032.2 1042.8 1136.5 1203.1 1205.5 1288.8 1299.3 1151.8 1067.1 1129.1 970.2 1083 943.4 932 987.6 960.8 1022.9 1042.2 812.8 959.9 1044.2 1267.2 1194.4 989.4 1042.1 1132.4 1127.5 -9999 977.7 -9999 -9999 -9999 -9999 -9999 -9999 -9999 -9999 -9999 -9999 -9999 -9999 -9999 -9999 -9999 -9999 -9999 -9999 -9999
359 390.2 387.2 398.2 570.9 511.3 518.9 559.7 596.4 686.5 773.3 861.1 974 975.8 975.7 1057 1054.2 1150.7 1160.2 1151.7 1121.3 1009.1 983.6 1006.1 1063.8 1040.2 1033.8 1087.4 994.6 1073.8 1132.6 1147.8 1148.6 1198.3 1277 1219.1 1159.4 1137.2 1079.6 1072.1 1133 1138.7 1044.8 1165.9 981.8 973.5 938.4 1165.5 1045 945.2 914.8 940.7 1149.3 1223.3 1101.4 -9999 -9999 -9999 -9999 -9999 -9999 -9999 -9999 -9999 -9999 -9999 -9999 -9999 -9999 -9999 -9999 -9999 -9999 -9999 -9999 -9999
431.5 398.6 384.3 418.6 481.9 499.5 459.3 511.3 701.5 824.6 778.2 811.7 896.3 1128.1 972.4 1176.8 1254.6 1324.7 1152.6 1231.4 1025.3 1001.3 991.1 1084.8 1052.7 916 1062.2 1131.4 1054.4 1148.6 1147.4 1169.5 1196.4 1131.1 1171.5 1183 1181.4 1149.3 1139.2 1270.2 1284.6 1216.9 1310.1 1084.8 1095.2 1070.3 1163 1482.3 1185.4 1030.7 1024.5 1154.2 1071.7 1205.9 1228.8 1055.3 -9999 -9999 -9999 -9999 -9999 -9999 -9999 -9999 -9999 -9999 -9999 -9999 -9999 -9999 -9999 -9999 -9999 -9999 -9999 -9999
373.9 409.9 485.4 445.5 455.3 541.1 473.1 443.1 652.3 801.5 958 864.1 824.4 1095.8 1185.7 1205.5 1203.8 1217.1 1179.2 1051.3 1042.8 1062 1094.4 1075 1050.7 1070.4 977.6 1012.5 1031.3 1133 1231.8 1033.8 1298.2 1245.1 1293.5 1172.4 1340.6 1342.7 1393.8 1259.4 1059 1166 1185.3 1232.2 1042.8 1463.8 1428 1278.7 1265 1232 1248.9 1315.4 1317.2 1432.8 1315.3 1254.4 -9999 -9999 -9999 -9999 -9999 -9999 -9999 -9999 -9999 -9999 -9999 -9999 -9999 -9999 -9999 -9999 -9999 -9999 -9999 -9999
428.3 497.4 524.5 480.1 546.1 604.1 612.5 713.6 799.5 854.1 1166.8 897.1 989 1098.6 1141.3 1363.5 1295.2 1237.7 1048.8 1211 1440.3 1390.8 1217.6 1171.7 1103.7 1161.8 1042.3 1151.7 1149.8 1189.2 1174 1246.3 1409.5 1369.7 1367.3 1362.7 1532 1551.8 1355 1203.1 1363.4 1770.1 1138.7 2175.4 1432.1 1386.8 1299.8 1295.5 1242.9 1301.7 1276.3 1478.3 1365.4 1381.6 1268.6 1259 1087 -9999 -9999 -9999 -9999 -9999 -9999 -9999 -9999 -9999 -9999 -9999 -9999 -9999 -9999 -9999 -9999 -9999 -9999 -9999
446.4 484.3 462 488.5 580.2 665.2 741 837.3 831.9 917.7 896.9 1036.1 1163.2 1225.3 1168.2 1246 1317.9 1292.2 1130.2 1224.9 1227.5 1307.3 1263.3 1168.4 1293 1156.4 1126.8 1155.2 1293.1 1231 1265.3 1296.5 1454.8 1458.8 1573.7 1398.9 1474.9 1479.6 1310.9 1621.1 1911.8 1381.5 1929.3 1990.5 1451.4 1302.3 1367.3 1402 1363.2 1373.5 1470.2 1410.1 1365.8 1420.2 1372.1 -9999 -9999 -9999 -9999 -9999 -9999 -9999 -9999 -9999 -9999 -9999 -9999 -9999 -9999 -9999 -9999 -9999 -9999 -9999 -9999 -9999
513.4 513.8 559.2 561.2 616.6 644.5 626.3 630 730.9 782.3 942.7 1006 1096.9 848.8 1155.9 1235.3 1282.3 1149.8 1213.3 1187.4 1192.9 1255.2 1460.6 1358.1 1319.5 1190.8 1270.1 1245 1186.7 1299.2 1201.5 1057 1158.6 1305.2 1509.9 1395.3 1311.7 1276.2 1343 1544.4 2230.3 1827.4 1365.5 1399.5 1428.8 1424.6 1501.7 1453.9 1551 1242.7 1498.9 1523.4 1446.1 1418.3 -9999 -9999 -9999 -9999 -9999 -9999 -9999 -9999 -9999 -9999 -9999 -9999 -9999 -9999 -9999 -9999 -9999 -9999 -9999 -9999 -9999 -9999
351.6 425.3 467.2 529.5 479.5 537.2 627.2 710.2 720.3 815.1 911.3 948.1 944.8 884.5 967.8 1068.3 1132.4 1118.2 1118.3 1381 1361.9 1336.4 1264 1171.5 1200.5 1188.6 1146.3 1201.8 1201.6 1345.1 1249.6 1287.2 1409.6 1348.3 1389.4 1218.4 1340 1196.2 1125 1284.4 1302.3 1301.9 1284 1254.9 1529.1 1420.1 1445.1 1590.3 1507.2 1504 1387.1 1411.5 -9999 -9999 -9999 -9999 -9999 -9999 -9999 -9999 -9999 -9999 -9999 -9999 -9999 -9999 -9999 -9999 -9999 -9999 -9999 -9999 -9999 -9999 -9999 -9999
336.9 380.2 529.1 496 479.8 545.2 637.3 624.4 599.8 640.7 727.3 806.3 981 893 935.4 1221.2 1038.6 1121.6 1205.2 1200.7 1252.5 1350 1225.6 1153 1140.1 1110.7 1405.7 1255.1 1584.6 1355 1283.7 1231.4 1217.9 1457.5 1479.1 1372 1057.2 1144.6 1252.4 1108.6 1475 1282.7 1342.3 1345.1 1433.8 1666.1 1597.1 1621.8 1537.9 1629.5 -9999 -9999 -9999 -9999 -9999 -9999 -9999 -9999 -9999 -9999 -9999 -9999 -9999 -9999 -9999 -9999 -9999 -9999 -9999 -9999 -9999 -9999 -9999 -9999 -9999 -9999
311.9 307.7 376.6 439.7 568.3 628.7 613.7 618.8 570.2 590.4 631.2 751.5 748.4 809.9 858.1 1029 1118.8 1166.9 1225.8 1116.2 1191.3 1259.8 1238.4 1272.5 1062.3 1198.1 1219.6 1358.2 1310.1 1332.6 1258.1 1060.6 1436.3 1402.6 1298.6 1182.6 1480.5 1211.4 1209.6 1305.9 1146.7 1162.1 1397.6 1379.1 1417.2 1575.3 1384.4 1574.4 1440.7 1684.2 -9999 -9999 -9999 -9999 -9999 -9999 -9999 -9999 -9999 -9999 -9999 -9999 -9999 -9999 -9999 -9999 -9999 -9999 -9999 -9999 -9999 -9999 -9999 -9999 -9999 -9999
251.1 324.2 388.6 445.7 469.6 458.2 582.7 664.2 653.5 539.5 683.9 837.3 812.3 899.3 897.7 1002.7 1184 1306.3 1160.6 1194.3 1152 1147.5 1270.6 1309.7 1183.4 1142.6 1145.6 1299.9 1252.3 1311.3 1254 1164.4 1191 1409.6 1278.1 1200.6 1242.6 1330.8 1400.1 1307.1 1417.4 1346.6 1464.9 1452.2 1415.3 1588.9 1737 1562.3 -9999 -9999 -9999 -9999 -9999 -9999 -9999 -9999 -9999 -9999 -9999 -9999 -9999 -9999 -9999 -9999 -9999 -9999 -9999 -9999 -9999 -9999 -9999 -9999 -9999 -9999 -9999 -9999
