datasets/global_precipitation_1950_2017/rasters/precip_1991-total.asc
NCOLS 720 
NROWS 347 
XLLCORNER -180 
YLLCORNER -90 
CELLSIZE 0.5 
NODATA_value -9999 
[rows 102 to 135 of 347, columns 304 to 379 of 720]
-9999 -9999 -9999 -9999 -9999 -9999 -9999 -9999 -9999 -9999 -9999 -9999 -9999 -9999 -9999 -9999 -9999 -9999 -9999 -9999 -9999 -9999 -9999 -9999 -9999 -9999 -9999 -9999 -9999 -9999 -9999 -9999 -9999 -9999 -9999 -9999 -9999 344.9 327 331.2 320.1 380 494 494.1 422.3 211.8 131.8 129.2 214.3 405.4 295.2 211.8 220.8 246.1 298.3 314.2 299.9 260.8 203.3 133.9 83.7 50 51.8 65.5 55.3 33 12 22 32.1 36.2 41.5 45.5 43.3 47.3 55.7 80.1
-9999 -9999 -9999 -9999 -9999 -9999 -9999 -9999 -9999 -9999 -9999 -9999 -9999 -9999 -9999 -9999 -9999 -9999 -9999 -9999 -9999 -9999 -9999 -9999 -9999 -9999 -9999 -9999 -9999 -9999 -9999 -9999 -9999 -9999 -9999 -9999 -9999 274.3 319.4 373.7 400.3 500 538.8 438.9 284.8 148.9 113.3 110.1 144.2 195.7 176.6 147.2 174.2 216 241.7 268.6 287.1 224.7 137.2 68.2 34.9 22 30.4 43.7 41.7 28.7 23.1 21.2 20.2 25.9 28.9 34.7 43.9 51.8 58.2 79.7
-9999 -9999 -9999 -9999 -9999 -9999 -9999 -9999 -9999 -9999 -9999 -9999 -9999 -9999 -9999 -9999 -9999 -9999 -9999 -9999 -9999 -9999 -9999 -9999 -9999 -9999 -9999 -9999 -9999 -9999 -9999 -9999 -9999 -9999 -9999 -9999 179.8 266.4 340.7 550.8 388.4 318.6 254.7 202.9 138.2 116.5 83.2 65.4 100.4 124.3 138.3 146.7 145.8 159.3 186.2 212.1 210.7 134.1 61 33.1 23.9 21.6 24.4 29.8 32.1 29.2 24.3 21.8 20.5 22.2 23.8 31.7 38.9 45.2 51.9 68.5
-9999 -9999 -9999 -9999 -9999 -9999 -9999 -9999 -9999 -9999 -9999 -9999 -9999 -9999 -9999 -9999 -9999 -9999 -9999 -9999 -9999 -9999 -9999 -9999 -9999 -9999 -9999 -9999 -9999 -9999 -9999 -9999 -9999 -9999 -9999 -9999 252.7 392.2 330.7 384.3 359.8 295.2 164.4 152.1 121.5 100 77.5 71.1 67.8 77.4 73 73.7 77.2 90.4 100.2 84.4 42.7 25.6 21.2 20.3 20.5 17.9 19.6 23 25.9 26.7 24.8 22.3 21.2 20.9 24.1 29.4 32.6 35.2 39.1 43.7
-9999 -9999 -9999 -9999 -9999 -9999 -9999 -9999 -9999 -9999 -9999 -9999 -9999 -9999 -9999 -9999 -9999 -9999 -9999 -9999 -9999 -9999 -9999 -9999 -9999 -9999 -9999 -9999 -9999 -9999 -9999 -9999 -9999 -9999 -9999 -9999 -9999 315.7 269.7 332.4 361.6 381.6 227.6 144.7 110.3 103.2 77.5 65 54.4 45.1 36.1 26.1 31.6 40.4 30.2 17.6 10.7 11.1 14.7 16.9 19.1 22.3 22.1 20.6 21.6 23.2 23 19.9 17.4 18.4 24.3 28.7 31 31.7 31.4 28
-9999 -9999 -9999 -9999 -9999 -9999 -9999 -9999 -9999 -9999 -9999 -9999 -9999 -9999 -9999 -9999 -9999 -9999 -9999 -9999 -9999 -9999 -9999 -9999 -9999 -9999 -9999 -9999 -9999 -9999 -9999 -9999 -9999 -9999 -9999 -9999 114.2 212.4 259.6 296 357.6 341.1 227.8 157.9 125.4 105.3 76.9 56.5 38.5 33.1 28.4 24.8 24.8 25.9 20.4 10.7 11.1 14.1 15 16.2 20.3 23.3 22.2 20.1 19.3 19.6 16.4 11.4 8.8 18.9 26.7 30.6 32.5 33.8 33.3 30.6
-9999 -9999 -9999 -9999 -9999 -9999 -9999 -9999 -9999 -9999 -9999 -9999 -9999 -9999 -9999 -9999 -9999 -9999 -9999 -9999 -9999 -9999 -9999 -9999 -9999 -9999 -9999 -9999 -9999 -9999 -9999 -9999 -9999 -9999 -9999 119.1 145.9 172.7 187.8 196.7 241.2 266.4 199.9 147.3 123.9 101.4 72.6 45.8 32.8 30.4 30 28 26 24.3 18.5 11.5 7.4 14.1 16.2 15.9 17.2 19.5 20.1 20.3 18.9 16.7 12.3 7.4 14.2 28.1 33 34.6 34.6 36.2 35.4 35.9
-9999 -9999 -9999 -9999 -9999 -9999 -9999 -9999 -9999 -9999 -9999 -9999 -9999 -9999 -9999 -9999 -9999 -9999 -9999 -9999 548.6 -9999 -9999 -9999 -9999 -9999 -9999 -9999 -9999 -9999 -9999 -9999 -9999 -9999 111.1 110.8 108 101.8 93.1 77.2 79.4 93.3 103.3 107.7 101.5 87.8 64.7 38.9 30.2 28.9 28.1 27.3 26.3 25.7 25 23.5 18 17 16.4 15.4 15.1 15.8 17 16.1 16.5 15.8 13.4 14.4 25.3 35.5 37.6 38 37.1 39.4 39.7 39.5
-9999 -9999 -9999 -9999 -9999 -9999 -9999 -9999 -9999 -9999 -9999 -9999 -9999 -9999 -9999 -9999 -9999 -9999 -9999 -9999 -9999 -9999 269.9 -9999 -9999 -9999 -9999 -9999 -9999 -9999 -9999 -9999 -9999 111.9 105.3 101.7 87.2 74.3 59.5 59.1 65.6 67.4 70.4 76.5 77.3 72.5 58.7 34.7 28.6 26.6 26.2 25.4 25.3 26.3 31.6 36.3 25.9 19.8 16.9 15.5 14.9 15.1 15.2 15.2 15.5 17.1 16.8 20.9 29.2 38.6 37.9 37.5 38.2 41 42.6 40.8
-9999 -9999 -9999 -9999 -9999 -9999 -9999 -9999 -9999 -9999 -9999 -9999 -9999 -9999 -9999 -9999 -9999 -9999 -9999 -9999 -9999 -9999 -9999 -9999 -9999 -9999 -9999 -9999 -9999 -9999 108.5 119.3 111.8 100.9 93.2 90 77.1 59.1 45.1 37.9 51.5 56.1 59.7 61.3 62.6 59.2 52.4 36.4 27.5 24.9 24.1 22.4 22.4 24.7 26.2 18.5 21.1 18.7 16.6 15.9 17.1 17.5 16 15 16.4 17.7 19.7 23.8 29.1 32.7 35.4 35.7 36.9 39.8 42.5 44.9
-9999 -9999 -9999 -9999 -9999 -9999 -9999 -9999 -9999 -9999 -9999 -9999 -9999 -9999 -9999 -9999 -9999 -9999 -9999 -9999 -9999 -9999 -9999 -9999 -9999 -9999 -9999 -9999 -9999 119.5 106.1 102.2 96.2 86.6 81.9 76.6 65.1 52.5 40.5 35.7 41.1 46.8 51.2 52.5 53.3 53.2 49.7 37.5 25.6 23.5 22.1 21.8 21.7 21.9 21.4 20.4 19.1 16.6 15.3 15.7 16.7 18.6 17.2 15.8 17 18.9 21.8 24.9 29 31.8 33.6 33.9 35 37.1 40.4 40.8
-9999 -9999 -9999 -9999 -9999 -9999 -9999 -9999 -9999 -9999 -9999 -9999 -9999 -9999 -9999 -9999 -9999 -9999 -9999 -9999 -9999 -9999 -9999 -9999 -9999 -9999 -9999 -9999 -9999 103 97.8 92.6 86.8 79.9 75.1 71 62.3 53.9 45.9 42.1 41 43 46 46.8 47.9 48.2 47.1 38.1 24.6 22.8 22.2 21.3 21 20 19.3 18.5 17.6 16.9 17 16 16.1 16.4 16.4 16.4 17.4 19.5 22.5 26.3 29 30.7 31.4 31.4 31.4 34.6 36 36.9
-9999 -9999 -9999 -9999 -9999 -9999 -9999 -9999 -9999 -9999 -9999 -9999 -9999 -9999 -9999 -9999 -9999 -9999 -9999 -9999 -9999 -9999 -9999 -9999 -9999 -9999 -9999 214.7 128.1 101.2 88.7 85.4 82.7 78.4 73.4 68 61.4 56.2 49 46.2 42.4 43 43.7 41.8 43.6 44.5 43.9 36.8 24.4 22.5 21.6 20.7 20.5 18.9 18.1 17.9 17.3 16.9 16.9 16 16 16 16.4 16.5 17.9 21.5 24.1 27.2 28.9 29.7 30.3 29.6 29.1 30.1 31.6 31.5
-9999 -9999 -9999 -9999 -9999 -9999 -9999 -9999 -9999 -9999 -9999 -9999 -9999 -9999 -9999 -9999 -9999 -9999 -9999 -9999 -9999 -9999 -9999 -9999 -9999 -9999 -9999 164.5 99.2 84.5 82.5 81.6 81.1 76.6 72.5 67.5 62 56.6 53.3 48.9 45 41 39.4 39.6 40.5 42.2 41.8 37.5 25.4 22.2 20.9 20.6 20.9 20.2 19.5 19.1 18.7 18.7 18.5 17.8 18.3 17.6 18.9 20.3 24.7 29.7 33.9 34.6 30.8 30.3 29.5 28.7 28.3 27.9 27.8 26.7
-9999 -9999 -9999 -9999 -9999 -9999 -9999 -9999 -9999 -9999 -9999 -9999 -9999 -9999 -9999 -9999 -9999 -9999 -9999 -9999 -9999 -9999 -9999 -9999 -9999 -9999 97.8 91.8 89.7 84.2 81.1 78.8 78.7 72.8 71.3 68 63.6 57.6 53 50.3 47.8 45.2 42.1 39 39.8 39.5 42.4 37 25.9 22.1 21.2 21 21.1 20.4 20.2 20.1 20 19.8 21.3 20.9 21 21.9 24.5 28.9 36.4 41.9 51.5 49.8 43.5 36.6 32.4 29.8 27.8 25.6 23.3 23.2
-9999 -9999 -9999 -9999 -9999 -9999 -9999 -9999 -9999 -9999 -9999 -9999 -9999 -9999 -9999 -9999 -9999 -9999 -9999 -9999 -9999 -9999 -9999 -9999 -9999 -9999 91.3 88.3 86.9 84.4 81.3 77.7 73.6 72.3 72.5 70.4 66.2 61.3 56.3 52.3 48.7 46.8 44.4 40.4 38.9 38.8 42.1 36.9 26.4 21.9 21.1 21 20.4 20.5 20.1 19.5 19 18.9 23.2 22.4 23.8 26.3 31.1 37.5 44.6 51.5 57.2 54.6 51.6 44.1 37 32.3 28.3 25.3 21.5 20.1
-9999 -9999 -9999 -9999 -9999 -9999 -9999 -9999 -9999 -9999 -9999 -9999 -9999 -9999 -9999 -9999 -9999 -9999 -9999 -9999 -9999 -9999 -9999 -9999 -9999 85.7 89.6 89.8 88.6 87.1 84.4 81.9 76.5 73.7 73.1 71.9 68.8 64.3 59.9 55.5 51.3 48.2 45.4 43.9 41.7 42.7 41.6 35.7 26.4 22.5 21.4 22.2 22.1 20.8 20.8 19.8 18.9 18.7 19.9 22.2 26 30.9 36.6 43.5 51.5 57.1 60.3 57.9 55.2 49.1 41.7 35.7 29.8 27.1 23.5 20.7
-9999 -9999 -9999 -9999 -9999 -9999 -9999 -9999 -9999 -9999 -9999 -9999 -9999 -9999 -9999 -9999 -9999 -9999 -9999 -9999 -9999 -9999 -9999 -9999 67.4 75.4 82.6 85.7 88.8 89.6 89 86.1 82.5 79 76.6 74.5 71 67.8 62.8 57.1 53 50.2 47.6 45.8 44.8 48.9 47.5 43.4 36.1 29.2 27.2 25.8 24 23 21.9 21.3 21 20.8 21.9 24.7 29.3 34.5 39.7 47.4 55.3 59.9 61.6 61.7 59.9 54.5 47.1 39.7 32.8 28.7 27.1 23.8
-9999 -9999 -9999 -9999 -9999 -9999 -9999 -9999 -9999 -9999 -9999 -9999 -9999 -9999 -9999 -9999 -9999 -9999 -9999 -9999 -9999 -9999 -9999 -9999 61.1 69.3 76.4 84 89.2 92.6 94.5 92.8 88.4 83.3 79.3 75.5 71.7 68.3 64 57.8 54.4 48.7 43.9 42.5 49.8 53 53.6 52.1 45.2 39.1 35.8 32.1 31.3 30.5 28.7 29.5 26 26.1 26.3 32.9 35 38.4 43.5 50.6 57.4 60.4 64.8 65.2 64.3 58.9 51.7 45.2 38.7 33.6 29.9 27.2
-9999 -9999 -9999 -9999 -9999 -9999 -9999 -9999 -9999 -9999 -9999 -9999 -9999 -9999 -9999 -9999 -9999 -9999 -9999 -9999 -9999 -9999 -9999 57.6 60.9 68.6 76.7 83 89.5 93.9 98.1 99.4 92.2 85.4 80.9 78.5 76.2 69.8 65.1 57.3 56.2 55.3 47.5 40.5 37.5 43 51.7 55.6 54.5 52.3 44.9 41.9 39.9 39.5 38.8 37.9 38.1 38 37.9 37.5 39.2 47.9 53.4 59.3 61.7 62.6 56.9 70.7 66.7 64.8 55.6 49.4 43.4 37.7 34.5 30.3
-9999 -9999 -9999 -9999 -9999 -9999 -9999 -9999 -9999 -9999 -9999 -9999 -9999 -9999 -9999 -9999 -9999 -9999 -9999 -9999 -9999 -9999 -9999 57 59.8 69.5 81.5 88 90 92.6 94.3 94.1 89.7 83.8 78.8 77.2 75.4 71.2 67.2 63.6 62.1 52.5 30.9 17.5 9.3 19.9 44.4 62.1 66.2 63.4 61.2 57 54.1 53.7 52.8 54 52.8 53 51.7 50.3 50.5 49.8 50.8 61.8 62.7 62.3 59.8 68.1 71.2 69.6 60.7 54.9 49.7 43.8 39.1 34.2
-9999 -9999 -9999 -9999 -9999 -9999 -9999 -9999 -9999 -9999 -9999 -9999 -9999 -9999 -9999 -9999 -9999 -9999 -9999 -9999 -9999 -9999 50.9 55.4 60.8 74.4 87.9 92.3 93.3 92.2 89.9 85.9 81.3 77.2 73.7 71.6 70.1 66.4 62.6 58.7 48.9 35.4 23.2 10.6 4.8 19.6 46.7 63.4 70.3 71.2 70.5 68.3 68.3 72.5 67.8 67.8 67.4 68.6 69.1 67.6 64.3 62.2 58.9 56.1 53.8 58.5 60.1 65.1 70.2 70.6 65.8 64.1 59.3 52.8 48.2 42.4
-9999 -9999 -9999 -9999 -9999 -9999 -9999 -9999 -9999 -9999 -9999 -9999 -9999 -9999 -9999 -9999 -9999 -9999 -9999 -9999 -9999 -9999 51 56.4 64.2 83.3 100.1 98.8 98.6 97.6 89 76.7 71 71.4 68.4 65.6 63.9 58.4 52.2 44.7 36.4 30.6 18.7 6.7 6.3 22.3 49.5 69.7 73.8 74.7 74.3 74.6 77.4 83.8 84.8 83.7 81.2 80.2 80.5 82 79.5 75.7 69.6 64.1 59.8 61 61.7 66 71.4 75.7 76.2 76.6 72.6 67.6 61.3 54.8
-9999 -9999 -9999 -9999 -9999 -9999 -9999 -9999 -9999 -9999 -9999 -9999 -9999 -9999 -9999 -9999 -9999 -9999 -9999 -9999 -9999 -9999 -9999 61.6 73.5 94.7 107.4 106.8 103.1 109.8 96.2 60.4 61 64.6 64.3 62.1 59 51.9 45.1 37.1 33 28.3 16.4 5 7.4 24.1 52.4 72.1 79.5 78.8 78.4 78.3 82.2 87.6 91.2 89.7 86.2 81.4 83.8 89.5 93.9 90 82 73.7 68.6 66.1 69.8 75.3 79.4 88 89.2 89.4 87.2 80.6 75 66.5
-9999 -9999 -9999 -9999 -9999 -9999 -9999 -9999 -9999 -9999 -9999 -9999 -9999 -9999 -9999 -9999 -9999 -9999 -9999 -9999 -9999 -9999 -9999 -9999 88.4 105 111.3 113.3 107.8 99.3 85.2 53.5 59.1 66 66.5 64.2 54.7 45.9 39 34.5 30.1 26.2 17.8 4.3 7.7 24.8 54 73.9 83.1 83.8 84.3 83.2 85.6 92.3 98.9 98.4 90.9 83 84.6 94.4 102.7 104.7 99.9 89.3 81 79.6 84.8 91.1 98.6 103.6 104.7 99 92.9 88.1 88.6 78.1
-9999 -9999 -9999 -9999 -9999 -9999 -9999 -9999 -9999 -9999 -9999 -9999 -9999 -9999 -9999 -9999 -9999 -9999 -9999 -9999 -9999 -9999 -9999 100.6 117 122.9 118.7 143.7 120.6 100 85.3 76.4 77.8 82.2 78.2 66.8 51.2 41.8 36.6 33 27 24.8 18 5.4 10.4 25.6 53.5 73.5 84.8 87.5 91.5 92.2 93 101.3 112.1 112.6 105.3 96.9 97.8 105.6 112.5 116 116.7 112.3 108.4 109.6 117.1 126.5 131.4 129.9 122 106.8 94.1 88.8 88.4 82.2
-9999 -9999 -9999 -9999 -9999 -9999 -9999 -9999 -9999 -9999 -9999 -9999 -9999 -9999 -9999 -9999 -9999 -9999 -9999 -9999 -9999 -9999 -9999 139.5 152.2 143.2 139.3 142.6 124.3 117.8 116.6 112.2 107.3 99.7 88.3 66.2 48 39.2 36.4 37.8 33 25.1 17.6 6.2 11.5 26.5 52.9 71.6 84 89.9 100.6 101.8 109 127.8 140.9 135.4 127.6 121.3 122.7 124.9 126.2 125.8 127.8 135.5 150.1 172.4 187.3 181.7 171.9 160.4 140.5 112.9 90.1 88.8 95.8 91.4
-9999 -9999 -9999 -9999 -9999 -9999 -9999 -9999 -9999 -9999 -9999 -9999 -9999 -9999 -9999 -9999 -9999 -9999 -9999 -9999 -9999 -9999 -9999 -9999 154.8 152.7 147.1 141.8 134 178.1 171.7 154.9 131.4 101.6 93.1 65.9 42.5 36.7 35.9 39.6 31 23.8 13.9 7.4 13.5 27.4 51.4 70.2 80.7 89.4 107.8 130.7 152.5 186.4 180.1 165.9 155.1 146.7 141.5 138.8 140.9 140.9 140.7 153.5 181.1 224.3 233.1 219.6 202.2 184.2 160.4 132 110.7 106.6 110.4 106.4
-9999 -9999 -9999 -9999 -9999 -9999 -9999 -9999 -9999 -9999 -9999 -9999 -9999 -9999 -9999 -9999 -9999 -9999 -9999 -9999 -9999 -9999 -9999 -9999 136.5 134.2 155.9 173.2 177 183.6 180.2 161.4 150.6 141.6 121.9 85.6 43.1 31.4 37.6 39.9 35.5 23.4 10.9 9.8 13.1 29.1 48.2 71.5 84.6 101.5 132.7 169.5 200.9 209.1 201.5 195.1 182 162.8 147.4 144.5 151.6 156 156.2 176.2 211 256.3 259.1 243.3 229.6 212.3 188.8 160.1 138.1 129.2 126.1 118.3
-9999 -9999 -9999 -9999 -9999 -9999 -9999 -9999 -9999 -9999 -9999 -9999 -9999 -9999 -9999 -9999 -9999 -9999 -9999 -9999 -9999 -9999 -9999 -9999 112.6 120.8 183.9 175.2 168 162.4 162.9 136.1 156.5 170.2 183.3 134.4 87.7 60.3 61.1 57.9 43.5 15.3 7.7 10.6 13.6 36.5 96.5 109.3 126.8 169.4 200.2 211.3 217.5 215.6 213.7 217.1 210.5 189.2 167.8 163.8 166.1 169.3 181 205.8 260.7 284.7 275.8 263.8 253.6 243.1 222.2 183.2 154.2 144 140.3 134.6
-9999 -9999 -9999 -9999 -9999 -9999 -9999 -9999 -9999 -9999 -9999 -9999 -9999 -9999 -9999 -9999 -9999 -9999 -9999 -9999 -9999 -9999 -9999 -9999 111.7 126.8 149.7 159.4 160.5 158.5 147.9 163.3 201.1 216.8 229.8 164.4 139.5 130 133.2 118.6 69 12.4 12.7 19.9 22 85 172.4 171.3 176.8 208.6 227.4 219.5 218.3 215.4 216.5 229.7 239.9 227.1 206.8 194.9 190.3 193.8 203.9 248.5 318.4 325.9 311.9 285.7 268 265.6 258.4 192.2 146.8 150.9 155 159.1
-9999 -9999 -9999 -9999 -9999 -9999 116 -9999 -9999 -9999 -9999 -9999 -9999 -9999 -9999 -9999 -9999 -9999 -9999 -9999 -9999 -9999 -9999 116.3 105.4 108.7 140.7 158.2 158 176.1 213.8 227.3 243.3 244.2 199.7 147.4 136 150.2 163.2 168.8 118.4 96.8 54.1 42.3 31.4 160.2 187.9 171.7 156.9 198.4 233.7 214.2 210.2 216.7 235.8 256.1 278.9 272.9 247.1 222.2 198.4 191.2 200.3 274 369.8 406 365.1 328.2 279.8 258.5 283 237.5 186.5 177 180.8 192.4
-9999 -9999 -9999 -9999 -9999 -9999 -9999 -9999 -9999 -9999 -9999 -9999 -9999 -9999 -9999 -9999 -9999 -9999 -9999 -9999 -9999 -9999 -9999 121.5 112.2 125 162.5 162.1 134.5 174.6 253.5 278.8 268.2 244.2 237.4 192.9 152 166.6 174.2 204 166.2 145.3 147.1 139.4 163.1 218.1 214.9 211.6 160.4 204.5 217.9 226.2 250.6 256.6 267.7 274.7 315.8 294 256.6 187.3 148.1 138.7 202.1 306.6 419.3 466.9 443.4 390.3 330.1 285.8 271.4 250.6 217.7 203.5 204.1 224
-9999 -9999 -9999 -9999 -9999 -9999 -9999 -9999 -9999 -9999 -9999 -9999 -9999 -9999 -9999 -9999 -9999 -9999 -9999 -9999 -9999 -9999 -9999 227.1 248.5 342 292.6 216.4 186.1 177 291.5 371.5 371.7 361 399 379 318.2 280.4 251.4 205.9 238.7 262.5 278.5 337.2 397.4 298.2 244.2 234.9 233.8 235 292.6 357.1 384.1 400.7 326.3 310.4 346.2 335.2 279.4 187.5 152.7 188.5 258.6 372.4 462.9 482.1 491.7 472.6 421.6 348.5 274 238.2 219.1 220 235.4 267.5
