datasets/global_precipitation_1950_2017/rasters/precip_1982-total.asc
NCOLS 720 
NROWS 347 
XLLCORNER -180 
YLLCORNER -90 
CELLSIZE 0.5 
NODATA_value -9999 
[rows 306 to 339 of 347, columns 532 to 607 of 720]
369.7 387.6 404.1 416.7 428.2 440 451.2 462.4 473.5 481.7 490.6 498.2 506.1 512.5 517.1 523.6 526.3 530.6 533.6 535.1 537.3 539.4 539.7 537.3 534.9 532 527.3 523.6 518.5 512.6 506.3 500.3 493.9 484.8 477.6 471 465.5 457.5 451.3 449.2 442 438.4 435.9 434 433.2 433.1 433.4 435.1 433.8 436.9 442.6 445.9 452.8 458.6 462.7 473.1 474.3 481.7 493.6 499.5 506 512.9 519.8 527.3 534.7 542.2 549.3 555.9 562.4 569.4 577.4 580 585.5 591.3 597.4 602.9
352.1 360 377.8 393.8 405.9 418 429.2 443.7 455.5 465.9 475.4 484.1 492.6 500 505.7 512.9 519.8 526.3 530.6 532.5 533.7 535.5 536.1 534.2 533.4 531.1 527.3 521.4 516 509.3 503.1 495.9 486.1 480.3 474.1 467.4 458.8 449.2 443.8 442.3 441.2 437.4 432.3 430.3 431 432.4 434.4 437.1 439.2 440.4 445.1 444.6 451 457.7 463.4 468.2 473.5 479.4 485.8 493.4 500.8 507.8 515.2 521.5 528.1 534.6 541.1 547.2 554 561.2 568.5 575.8 583.1 589.2 593.9 598.1
323.1 336.1 350 365.7 379.6 395.3 405.1 418.8 432.1 444.1 456.2 468.4 475.4 484 495.9 503.2 509.7 515 519.8 524.9 528.5 530.8 525.7 524.1 528.8 526.2 521.5 516.2 511.1 505.4 499.2 491.4 482.3 475.8 468.5 461.7 454.8 456 452 441.8 442.9 437.7 435.8 434 434.1 434.8 436.3 435.1 436 438.2 440.7 443.9 445.4 451.2 456.7 462.2 467.9 473.9 479.9 486.4 492.9 500.3 505.4 512.5 518.7 523.7 528.5 534.7 541.5 547.5 555.2 563.3 571.2 577.9 582.3 586.6
292.6 309.9 324.1 342.9 354.9 367.6 387.9 403.1 417 430.9 434.5 445.3 454 463.6 475 482.6 500.3 506.6 512 515.8 507.1 509.6 503.7 503 507.1 503.6 509.1 503.2 497 490.2 475.7 466.9 457.1 451.1 445.5 438.7 432.2 429.8 425.4 420.7 417.4 415 413.5 412.2 412.1 412.9 414.2 415.9 418 421.1 424.3 428.3 433.1 432.5 439.9 441.3 445 451.5 457.5 463.3 471.4 480.5 480.1 486.9 495.3 495.5 507.1 512.4 519.4 522.8 528.8 537.8 546.8 554 558.2 562.7
290.3 302.9 307.6 328.3 341 353.5 366.2 378.6 385.4 401.1 413.7 424.1 431.9 439.6 450.1 459.9 467.5 470.7 472.3 472.9 472.3 469.9 457.5 452.5 458.8 454 448.2 442.4 435.8 428.9 419.3 411.9 399.7 393.3 391.6 386.2 380.8 379.4 370.1 367.5 364.6 363.5 362.8 362.3 363.2 363.9 366.1 368.5 371 373.6 376.8 380.8 385.5 387.7 393 398.2 402.5 408.9 414.8 420.1 430 438 446.3 454.8 451.1 455.8 463.1 469.2 476.1 479.8 483.5 488.8 498.1 505.8 510.5 519.3
276.5 284.8 290.3 298.9 306.1 317.1 330.5 341.8 345 357.3 367.8 375.4 380.8 386.6 392.9 399.1 405 409.5 409.6 405.2 399.4 393.5 387.5 382.9 378.8 372.1 365.5 356.8 347.7 337.6 335.2 323.3 318.5 311.9 306.4 302.8 299.8 298 299.9 298.1 296.8 292.3 292.5 296 297.8 297.9 299.7 304.2 309.4 311.8 314.2 317.3 320.4 323.1 328.5 333.4 339.1 344.1 349.7 355 361.1 367.3 374.1 381.7 387.7 394.1 400.4 406.4 408.8 414.6 417.5 424.3 430.1 437.1 445.1 448.2
244.4 247.4 250.8 256.9 261.5 267.1 277.7 277.3 284.7 293.6 300.9 306.2 309.6 312 313.6 313.7 313.7 311.8 309.2 305.7 302.6 299.1 295.9 290.6 283.1 273.1 263.4 252.9 243.5 241.3 239.1 236.7 235.2 230.1 220.8 211.7 203.1 234.4 235.4 234 233.2 233 233.3 233.7 234.1 235 237.1 246.6 245.1 245.9 249.4 253.6 257.7 261.3 264 270.6 272.3 275.2 279.9 286.7 292.3 296.5 306 310.8 312.7 318.5 323 330.2 335.6 338 342.7 349 354.8 360.7 366.2 372.7
201.3 202.2 204.1 206.9 207.9 209.1 210.3 211.3 214.7 221.2 226.6 230.9 234.3 234.7 232.3 229 225.4 220.6 218.3 217.8 217.4 217.1 216.8 213.3 205.6 196.9 187.6 176.5 172.4 172.2 172.1 172.9 173.8 170.9 163.7 156.5 149.9 143.8 189.9 190.7 190 189.9 189.8 190.4 190.3 190.8 191.5 198.2 198.8 202.6 205.6 209 212.1 214.4 216 217.8 220.1 221.9 225.6 229.8 234.2 238.6 242.8 246.7 249.4 252.8 256 262.5 268.1 273.7 273.8 277.5 282.9 287.1 289.6 295.7
156.7 156.4 158.5 157.8 156.8 156.1 155.1 153.5 154.6 159 163.8 167.5 171 170.8 167.5 163.3 159.2 155.4 154.4 156.6 158.1 159 160.1 157.7 151.5 144.7 135.8 130.1 127.5 129.1 130.8 132.6 134.7 133.1 127.9 123.9 120 116.2 115.8 119.2 122.4 125.8 129.4 133.4 137.4 141.7 161.8 162.6 163.9 165.1 172.3 175.4 179.3 181 183.2 181 183.3 186.3 188.3 190.1 191.8 198.2 200 202.3 205.6 203.9 206.8 208.2 212.5 208.1 216.5 220.2 221.8 224.9 226.7 233.5
118 118.3 119.3 117.8 117 114.7 112.9 110.8 111.5 115.6 119 122.4 125.6 126 123 120.4 118 116 115.8 117.5 119.2 120.3 122.3 121.4 118.1 115.4 110 105.6 104.6 106.3 107.8 109.3 111.1 110.6 108 105.5 103.5 101.3 101.1 102.9 105.9 108 110.2 113 115.3 118.1 121.5 124.4 128.1 131.6 135.7 139.4 144 146.8 155 155.6 157.2 159.1 160.8 161.3 162.7 157.6 157.8 159.4 157.4 155.7 153.7 151.9 168.6 170.1 172 174 177.4 176.6 180.9 182.7
81.4 85.6 88.4 86.6 87.6 85.8 84.9 85.3 86.2 89 91.9 94.7 97.7 98.8 98 97.4 96.9 95.5 95.4 97 98.7 100.2 101.7 101.5 100.3 98.5 97.1 92.3 92.2 93.3 94.6 96.1 97.4 97.5 95.9 94.6 93.3 92.1 92.3 93.3 95.6 97.1 98.7 100.4 101.9 104 106.1 108.1 110.5 112.6 115.1 118.2 121.3 121.8 124.1 125.5 129 131.2 132.5 119.3 122.3 125.6 129.2 130.1 128.1 126.1 124.2 122 142.5 141.3 138.7 135.8 142.3 143.8 147.9 135.4
67.8 70 70.5 69.8 69.4 68.4 67.9 70.8 72.2 73.4 75.7 79.5 82 83.8 83.5 82.5 82.2 81.5 81.9 83.6 85.3 86.6 88.6 89.1 88.2 87.4 86.9 84.4 84.5 85.4 86.5 87.7 88.6 88.9 88.1 87.7 87.2 87 87 87.6 88.3 90.2 90.9 91.9 92.9 93.7 95.3 96.3 97.9 99.1 100.6 101.6 100.7 100.6 102.6 102.2 100.9 99.7 100.2 102.1 104 106 108.2 108.6 107 105.4 103.8 102 113.8 111.1 108.9 110.2 112.4 114.6 112.4 110.1
58.3 60.1 61.2 61.2 60.6 60.5 60.4 61.9 63.3 64 64.5 64.7 65.1 66.7 68.3 69.9 71.2 72 72.8 74.2 76.1 78.1 79.2 80 80 79.9 80 80.4 78.7 79.6 80.5 81.4 82.6 82.7 82.8 82.9 82.8 83 83.3 83.8 84.3 84.7 86 86.4 87.2 87.6 87.9 88.5 88.6 87.9 87.1 87 87.5 88.3 89.4 90.7 89.7 88.4 88.4 89.7 90.8 91.9 93.5 93.5 92.3 91.2 89.8 88.6 88.8 90.3 93.2 93.6 93.5 94.1 92.7 91.3
52.7 54.1 54.9 55.3 55.7 56.2 56.9 58.3 58.9 59.3 59.1 59.6 59.9 61.3 62.3 63.7 64.7 65 66.3 67 68.5 69.2 70.6 71.9 73 74.3 74.7 75.5 76.2 75.5 76.2 77.4 78.4 78.9 79.2 79.7 79.9 80.1 80.6 80.8 81.4 81.4 82.6 82.9 83.1 82.9 82.2 81.7 81.1 80.6 80.7 80.7 80.8 80.8 80.7 80.8 80.3 80.1 80.1 79.7 79.5 79.1 78.9 78.7 78.6 78.7 77.7 77.6 78 74.8 74 75.3 74.5 73.4 81.6 80.2
48 48.6 49.6 50.4 51.4 51.9 53.3 53.7 54 54.7 55.3 56.4 56.8 57.8 57.9 59.2 59 60.1 61.5 62.6 64 64.8 65.5 66.7 67.9 68.9 70.1 71.3 72.2 73.3 74.3 75.3 76.2 75.1 75.8 76.6 77.5 78.1 78.3 78.7 78.7 78.7 78.6 79.5 79.1 78.6 78.2 77.7 77.1 76.4 75.9 75.7 74.9 74.4 74 73.8 73.4 72.9 72.3 72 71.3 70.4 70 69.4 69.8 68.2 66.4 66.7 69.7 69.4 68.8 68.3 68.1 67.5 70.5 70
44 44.8 45.3 46.5 47.1 47.9 48.9 49 49.7 50.5 51.3 51.7 52.4 53.1 53.4 54.7 55.3 56.2 57.6 57.8 58.9 60 61.1 62.2 62.9 64.2 65.5 66.4 67.7 69.6 70.2 71.2 72.6 73.6 74.7 75.8 76.8 77.4 77.9 78.4 78.1 76.2 76.2 75.5 76.1 75.5 74.5 73.6 72.8 71.8 70.7 70 69.2 68.4 67.3 66.8 65.9 66.2 65.4 64.4 63.7 63.7 62.2 61.8 61.1 63 62.9 63.9 64.1 62.7 63 63.3 63.7 63.9 64.1 64.1
40.9 41.7 42.1 42.9 42.9 43.6 44.4 45.1 45.8 46.4 47.2 48.1 48.1 48.9 49.6 50.2 51.2 51.5 52.3 53.1 54.7 55.7 57.2 58.2 58.1 58.7 59.4 60.5 61.6 62.7 64.1 65.2 66.3 67.7 68.7 70.3 71.4 72.3 73.4 73.8 74.4 74.4 73.7 73.1 71.7 71.4 68.4 67 65.4 64.2 63.2 62.1 61.1 60.5 59.8 59.1 58.5 58.1 57.6 57.3 56.8 58.4 58.3 58.6 58.5 58.4 58.4 58.7 58.8 59 59 59.4 59.9 60.4 61.4 61.4
37.6 38.1 38.6 39.2 39.9 41 41.5 41.9 42 42.6 42.8 43.8 44.3 44.8 45.5 45.7 46.5 47.2 47.4 48 49.6 50.5 51.4 51.9 52.5 53.1 53.6 54.1 54.9 55.8 56 55.9 56.8 56.6 57.5 58.4 59.2 60.3 61.3 62.7 63.8 64.1 62.9 61.1 59 58.2 57.1 55.8 55 54.4 53.9 53.5 53.1 52.8 52.7 52.5 52.2 52.4 52.6 52.2 52.2 52.4 52.7 52.9 53.1 53.1 53.5 53.8 54 54.8 55.7 56.4 57.2 58.2 58.8 59.7
35.1 35.6 36 36.4 36.8 37.1 37.8 38 38.4 39.2 39.3 40 40.2 40.7 41 41.6 41.8 41.8 42.5 42.7 44.7 45 45.4 45.5 45.5 45.8 46 46 46.2 46.1 46.1 45.9 44.4 43.9 43.3 42.5 41.5 40.5 39.8 39.6 39.3 38.6 38.7 38.6 38.8 38.9 40.1 40.4 40.6 40.8 41.2 41.5 41.8 42.9 43.3 43.6 44 44.7 45.2 45.5 45.9 46.9 47.9 48.3 48.4 49.3 50 50.9 51.8 52.7 53.3 54.4 55.5 56.7 58 59.7
33 33.7 33.8 34.2 34.3 34.5 34.9 35.2 35.7 35.7 36.1 36.4 36.5 36.8 37.3 37.2 37.4 37.2 37.8 37.9 40.2 40.3 40.2 40 39.9 39.9 39.8 39.7 39.6 39.5 39.3 39.2 39 38 38.3 38.3 38.5 38.6 38.9 39 39.2 39.4 39.5 39.7 39.7 39.9 40 40.6 40.6 40.8 40.8 39.9 39.7 40.1 40.1 40.5 40.9 41.4 41.9 42.2 43.3 43.7 44.2 44.5 45.6 46.5 47.4 49 50.1 51.2 52.6 53.8 55.1 56.5 57.8 56.8
31.7 31.9 32 32.2 32.4 32.5 32.7 33 33.5 33.3 33.6 33.7 33.7 33.6 33.9 33.9 34.1 34.4 34.4 34.3 37.2 37.3 37.4 37.4 37.4 37.5 37.7 37.7 38 38 38.2 38.4 38.7 39 38.3 39.4 39.6 39.7 39.9 40.1 40.2 40.2 39.7 39.9 40 40.2 39.2 39.2 39.8 40.1 40.2 40.2 40.2 40.3 40.8 40.8 41 41.6 42.1 42.4 42.9 45 45.7 46.8 47 48.3 49.4 51.1 52.3 53.2 54.1 54.4 56.3 57.4 58.9 60
30.8 30.9 31.2 31.3 31.5 31.6 31.6 31.9 31.8 31.9 32.1 32 32.1 32.3 32.5 32.8 32.9 33 33.1 33.2 36 36.2 36.8 37 37.3 37.4 37.3 37.6 38.5 38.5 38.8 39.2 39.3 39.5 39.7 39.3 39.2 39.4 39.5 39.7 39.8 40 40 40 38.8 38.7 38.9 38.9 39.1 39.9 40.2 40.4 40.7 41.2 41.4 41.8 41.9 42.1 42.6 43.6 44.3 44.9 46 46.8 47.8 48.7 49.5 50.5 50.8 52.8 53.7 54.8 56.2 57.5 59.1 60.4
30.2 30.2 30.6 30.7 30.6 30.9 30.8 31 31.1 31.3 31.2 31.2 31.4 32.7 32.7 33 32.9 33.1 32.9 33.2 36.3 36.1 36.4 36.4 37.4 37.4 37.4 37.7 37.7 37.9 38.2 38.4 38.5 38.6 38.7 39 38.6 38.8 39.1 38.7 37.4 37.4 37.7 37.9 38.6 38.9 39.1 39.3 39.5 39.3 39.8 40.3 40.6 40.9 41.1 41.6 42 42.2 42.9 43.4 44.3 44.6 45.5 46.1 47.1 47.8 48.7 49.4 50.9 51.8 52.7 54.4 54.4 56.4 57.7 59
30 30.1 30.9 31.1 31.3 31.6 31.8 32.1 32.3 32.4 31.8 32 33.1 33 33.2 33.3 33.3 33.4 33.5 33.6 36.3 36.4 36.5 36.7 36.6 36.7 36.9 37.1 37.1 37.2 37.2 37.5 37.7 37.8 37.8 37.2 37.3 37.6 37.3 37.4 37.6 37.7 37.7 38.2 38.5 38.7 39 38.9 39.5 39.4 39.5 40.1 40.4 40.6 40.8 41.2 41.9 42.2 42.5 44.7 45.2 46.1 46.5 47.1 48.6 49.1 50 50.9 51.9 50.7 51.6 52.8 53.1 54.7 56.5 59
30.3 30.6 30.5 30.8 30.9 31.2 31.2 31.4 31.5 31.7 31.8 31.9 32 32.4 32.3 32.4 32.9 32.9 32.9 33.1 35.8 35.9 36 36 36.2 36.2 36.3 35.9 36.1 36.3 36.3 36.3 36.4 36.4 36.5 36.5 36.7 37 37.1 37.7 37.4 37.6 37.8 38.3 38.5 38.7 38.8 39 39.3 39.6 39.6 40.2 40 40.7 41.2 41.6 42.1 42.5 42.6 44.1 44.5 45.1 45.6 46.1 46.7 47.2 48 48.9 49.2 50.2 50.9 51.7 52.9 53.6 54.9 56.5
30.1 30.3 30.4 30.8 30.8 31 31 31 31.5 31.5 31.6 31.6 31.7 31.9 32 31.9 32.1 32.1 32.4 32.3 34.9 34.9 35.1 35.2 35.2 35.1 35.3 35.3 35.4 35.7 35.5 35.6 35.9 36.2 36.1 36.2 36.6 37 37.1 37.5 37.8 38 38.1 38.4 38.6 38.9 39.1 39.5 39.5 40 40.2 40.6 40.8 41.5 41.9 42.4 42.9 43.4 43.9 44.4 44.6 45.3 45.8 46.3 46.8 47.5 47.8 48.6 49.2 49.8 50.8 51.7 52.3 53.3 54.1 54.9
29.7 29.8 29.8 30 30 30.1 30.3 30.3 30.4 30.6 30.8 30.9 31.2 31.2 31.4 31.3 31.5 31.5 31.6 31.7 34.2 34.3 34.4 34.4 34.5 34.6 34.8 34.9 35.1 35.6 35.3 35.4 35.8 36.2 36.3 36.6 36.7 36.8 37.2 37.3 37.6 37.9 37.9 38.1 38.3 38.7 39.3 39.5 39.4 39.9 40.2 40.6 40.8 41.3 41.8 42.2 42.6 43 43.5 43.8 44.3 45 45.3 46 46.3 46.8 47.5 47.8 48.6 49.3 49.9 50.8 51.3 52.1 52.9 54
29.1 29.1 29 29.2 29.3 29.5 29.5 29.6 29.6 29.6 29.7 29.9 30 30.7 30.7 30.8 31 30.9 31.1 31.1 33.2 33.2 33.2 33.4 34 33.6 33.8 33.9 34.6 34.6 34.9 35.3 35.4 35.5 35.7 35.9 36.2 36.4 36.5 36.7 37.1 37.3 37.7 37.8 38.1 38.2 38.4 38.9 39.3 39.3 39.7 40.1 40.7 40.9 41.2 41.5 41.9 42.2 42.5 43.2 43.7 44.1 44.6 45 45.6 46 46.7 46.9 47.6 48.1 48.6 49.4 50 50.6 51.6 52.1
28.1 28 28.1 28.5 28.4 28.5 28.6 28.8 28.8 28.9 29 28.9 29.3 29.3 29.4 29.6 29.7 29.8 29.9 29.9 31.6 32 32.1 32.3 32.3 32.7 32.8 33.2 33.4 33.5 33.8 34.1 34.3 34.6 34.8 35 35.4 35.6 35.8 36.1 36.2 36.4 36.7 36.9 37 37.5 37.6 37.9 38.3 38.3 38.8 39 39.4 39.7 40.2 40.6 40.9 41.2 41.3 42 42.1 42.7 42.9 43.7 44 44.4 45.3 45.5 46 46.4 47 47.5 48 48.7 49.3 50.2
27.1 27.1 27.1 27.2 27.2 27.4 27.5 27.8 27.9 27.9 27.9 28 28.1 28.1 28.3 28.5 28.5 28.5 28.6 28.8 30.2 30.4 30.7 30.9 31.2 31.3 31.4 31.6 31.8 31.9 32 33.1 33.3 33.5 33.6 32.7 33.1 33.3 33.6 33.7 33.8 34.4 34.9 34.8 35.1 35.3 35.6 36 36.4 36.7 37.3 37.5 37.9 38.1 38.3 38.8 39 39.2 39.8 40.2 40.5 40.8 41.2 41.6 41.8 42.3 42.8 43.2 43.6 44.3 44.7 45.1 45.8 46.3 46.6 47.6
25.6 25.6 25.6 25.9 25.8 26 26 26.2 26.3 26.6 26.6 26.7 26.7 26.6 26.6 26.7 27.1 27.1 27.3 27.5 28.8 29 29 29.2 29.3 29.2 29.4 29.6 29.7 29.8 30 30.3 30.4 30.7 30.8 30.9 31.2 31.7 31.7 31.8 32 32 32.3 32.7 33 33 33.1 33.2 33.6 34 34.1 34.3 34.7 36.2 36.5 36.7 37 37 36 36.2 36.7 37 37.3 37.5 38.2 38.6 39 39.5 39.8 40.1 40.6 41 41.9 42.2 42.4 42.9
23.7 23.7 23.8 23.9 24.1 24.2 24.2 24.4 24.6 24.6 24.6 24.8 25 24.9 25.2 25.4 25.5 25.5 25.5 25.8 26.9 27.4 27.5 27.6 27.7 27.7 27.7 28 28 28 28.1 28.3 28.3 28.4 28.9 29.1 29.1 29.4 29.5 29.7 30 30.1 30.3 30.6 30.9 31 31.2 31.2 31.5 31.7 32 32.1 32.2 32.5 32.7 32.9 33.1 33.6 33.8 33.8 34 34.2 34.6 34.8 35.1 35.2 35.5 35.9 35.9 36.3 36.4 37.1 37.3 37.6 38 38.2
21.7 21.8 21.8 22 22 22.1 22.2 22.2 22.2 22.2 22.3 22.5 22.5 22.7 22.8 23.1 23.2 23.3 23.8 24.1 24.7 24.9 25.3 25.3 25.3 25.5 25.6 25.8 25.8 25.9 26.1 26.2 26.4 26.5 26.5 26.5 26.6 26.8 27 27.1 27.3 27.7 27.8 28 28 28.3 28.4 28.5 28.8 29.2 29.4 29.5 29.6 29.8 30 30.1 30.1 30.4 30.8 30.9 31.1 31.4 31.6 31.5 31.6 32.1 32.3 32.6 32.6 32.8 33.4 33.4 33.6 34.1 34.1 34.6
19.3 19.6 19.6 19.6 19.7 19.7 19.8 19.8 19.9 19.8 20.2 20.2 20.3 20.4 20.5 20.5 20.6 20.6 20.7 20.7 21.9 22.2 22.3 22.5 22.5 22.6 22.9 23.1 23.2 23.2 23.2 23.3 23.5 23.8 24 24 24 24.1 24.3 24.6 24.7 24.7 24.7 24.9 24.9 25.2 25.2 25.5 25.9 25.8 25.9 26 26.2 26.4 26.5 26.8 26.8 26.8 27 27.1 27.5 27.4 27.5 27.9 27.9 28.3 28.5 28.6 28.6 28.8 29.2 29.4 29.4 29.5 29.7 29.9
