datasets/global_precipitation_1950_2017/rasters/precip_1969-total.asc
NCOLS 720 
NROWS 347 
XLLCORNER -180 
YLLCORNER -90 
CELLSIZE 0.5 
NODATA_value -9999 
[rows 136 to 169 of 347, columns 380 to 455 of 720]
296.9 313.7 304.7 220 160.2 130.3 127.6 133.2 163.8 201.5 230.5 254.8 252.5 194.5 127.6 73.5 54.9 61.5 101.1 192.4 280.3 288.6 312.4 319.8 282.9 302 251.4 201.7 169.6 177.8 221.5 287.1 356 374.7 326.4 241.6 174.7 147.9 139 126.9 119 123 111.2 103.2 82.4 105.4 137.1 140 125.4 249.5 299.9 306.7 276.3 353.9 412.3 456.2 424.4 301.5 435.3 -9999 -9999 -9999 -9999 -9999 -9999 70.7 192 353.4 444.3 411.7 367.5 330.1 281.1 223.4 166 128.7
322.8 323.9 308.9 235.5 167.4 131.4 118 135.9 176.8 212.2 229.2 257.2 293.4 312.8 261 181.8 146.8 152.8 228.6 311.3 317.8 279.1 320.9 399.6 410.1 393.6 328.2 205.4 169.6 170 207.3 277.4 397.7 458.9 342.2 212.7 156.9 150.7 154.8 145.7 146.5 161.1 161.6 163.7 132.4 147.6 189 234.2 281.8 396.4 369 354.9 339.3 375.2 432.3 525.9 577.8 511.2 415.5 475.4 477.6 -9999 -9999 -9999 -9999 -9999 212.4 336.7 392.7 371.8 325.4 275.2 228.5 180.8 144.9 121.4
327.8 326.4 317.3 253 184.5 127.3 98.6 142 196.9 228.2 202.3 256.8 310.4 341.3 361.3 344.5 328.9 330.9 374.3 368.1 348.8 332.5 368.7 450.1 498.3 493.1 441.6 247.4 188.5 155.4 188.9 238.5 374.9 479.9 305.6 148.7 150 156.1 178.2 181.5 175.1 175 207.5 227.1 204.1 245.1 254.4 301 382.5 411.3 407.5 387.4 393.4 394.8 562 796.9 867 532.1 486.6 491.6 503.6 511.5 312.3 -9999 -9999 -9999 231.8 365 405.1 330.3 246.9 194 161.1 131.2 117.8 116.5
313.7 329.4 321.6 256.5 210.5 193.9 156.8 175.8 236.4 271.1 251.2 298.4 334.9 350 364.3 367.4 347 370.4 393.6 397 384 357.7 398.7 506.5 538 536 534.3 462.3 316.1 216 214.6 227.4 258.3 265.1 249.7 188.1 179.5 195.4 231.9 208.7 159.8 195.5 244.4 260.5 260.8 245.1 308.7 380.8 473 513 413.6 473.1 547.3 711 992.5 961.2 830.4 599.5 571.7 572.9 547.4 538.1 332 23.4 -9999 69.7 -9999 385.9 471.6 267.9 155.6 124.2 105.2 90.7 93.2 -9999
374.5 345.8 298.3 234.2 222.8 262.8 240.4 226.7 253 280.4 317.9 374.1 359.5 367.1 401.1 406.6 339.2 435.5 468.8 411.4 472.9 461 484.4 558 561.6 554.1 578 557.1 494 360.7 228.8 224.5 242 250.4 250.1 243 259 250.5 209.8 236.2 175.6 237.5 287.6 271.1 286.7 329.4 345.4 446.4 526.4 566.6 526.8 592.7 765.7 952.9 1108.1 1098.8 932 624.1 554.9 537.5 554.6 541.3 251.7 27.2 28.2 -9999 81.1 237.1 271.3 129.3 82.4 -9999 -9999 -9999 -9999 -9999
439.2 391.6 351.7 273.2 260.4 332.6 397.9 423 340.3 361 372.2 403.4 417 455.6 452.7 475.4 553.5 642.7 658.9 626 648.3 642.8 628.5 614 592.6 593.9 605.1 554.5 501.3 487.7 395.2 326.9 308.9 270.3 275.2 287.5 279.3 294.9 290.2 286.3 259.2 299.9 299.1 361.3 321.2 378.6 418.7 556.6 601.3 594.7 652.6 735.6 889.5 1035 1148.7 1153.3 1145.3 756.7 650 635.5 614 586.7 118.4 40.7 55.7 37.5 -9999 62.5 73.2 -9999 -9999 -9999 -9999 -9999 -9999 -9999
546.6 530.2 554.4 477 421.6 505 556.2 578.8 513.6 448.6 432.4 417.2 485.4 532.8 499.5 631.3 694.2 816.4 728.1 756.3 692.9 669.5 674.8 653.1 592.3 513.3 624.5 567.1 517.8 501.2 491.1 479.6 446 398 355.5 326.9 375.4 368.2 461 549.8 472.8 511 558.2 471.8 393.4 404.2 443.2 568 621.7 663.3 705.1 749 969.9 1201.2 1213.6 1313.3 1436.6 1128.4 926.6 913.3 828 651.1 30.8 47.4 85.1 108.8 52.1 -9999 -9999 -9999 -9999 -9999 -9999 -9999 -9999 -9999
687.5 625.6 625.8 626.1 588.4 615 593.6 673.1 624.5 497.2 504.9 536.3 555.2 554 575.6 673.2 698.4 733.2 699.6 707.8 692.4 677.8 670.9 642.5 596.1 580.8 582 582.8 554.3 523.7 514.7 511.2 452.5 426.3 393.8 334.8 239.2 442.5 568.9 582.8 628.8 617.4 702.3 593.9 423.4 459 507.2 615.8 641 695.7 702.4 910.9 1319.6 1485.5 1540.3 1569 1675.1 1433 1249.9 1227.7 1024 555.7 24 22.4 70.5 161.1 -9999 -9999 -9999 -9999 -9999 -9999 -9999 -9999 -9999 -9999
796.1 684.1 633 626.8 667.9 743.6 776.3 822.9 839.1 733.4 660 643.1 596.2 668.5 653.2 607.9 626.3 675.6 665 679.2 641 683.7 704.5 686 682.1 660.8 626.5 586.6 584.6 599.9 602.9 555.6 497.8 445.7 404.9 351.5 360.4 533.7 608.7 627.8 665.4 693.8 721.4 691.5 532.1 451.5 530.3 670 702 743.7 786.7 1284.3 1588 1546.1 1640.7 1573.7 1570.6 1354.2 1305.9 1313.6 1149.9 832.4 101.7 32.5 61.8 99.3 66.3 -9999 -9999 -9999 -9999 -9999 -9999 -9999 -9999 -9999
1007.6 850.7 736.5 720.4 1023.8 1284.6 1216.4 1051.1 943.6 879.9 732.3 759.5 900.9 752.2 692.4 628.4 631.8 695.2 716.7 703.8 723.4 778.6 816.8 794.7 771.9 744.5 700.4 633.2 606.9 643.9 681.4 592.9 528.3 474.3 433.8 396.5 415.2 548.4 622.9 654.3 711.3 723 755.8 747.4 688.3 615.8 654.7 726.8 773.7 885.3 1143.5 1551.9 1710.4 1849.1 1709.4 1465.5 1383.7 1243.8 1184.4 1276 1243.2 1076.3 356.4 175.4 179.1 170.7 184.1 151.8 -9999 -9999 -9999 168 212 263.7 284.6 225.4
1128.8 1030.7 916.8 998.2 1349.6 1566 1767.8 1174 948.1 918.8 1028.1 997.4 1041.6 788.2 835.9 826 859.8 917.3 881.2 819.9 869.9 984.7 956.9 863.7 799.3 753.7 724.8 714.9 688.9 676.5 668.2 626.1 575.9 578.7 610.3 593.8 553.7 606 661.4 684.7 702.9 687.6 705 738.1 754.4 711.1 710.4 616.7 849.6 1292.4 1537.4 1726 1780.7 1635.3 1453.9 1262.2 1364.1 1289.3 1161.6 1261.7 1263.2 1128.2 633.9 509.2 497.2 507.9 491.5 412 227.8 133.3 195.6 223.5 227.8 251.2 263.2 209.7
1185.5 1144.9 1074.8 1092.6 1203.5 1313.1 1349.5 1125.5 929.7 1015.4 1141.2 1211 1149.3 1083 1078.3 1099.6 1124.1 1002.7 961.8 953.2 997 1078.9 1033 914.3 810.4 755.9 751.8 770.1 723.2 689.5 761.8 802.6 832.6 862.1 924 921.6 863.5 803.8 732.4 694 675.4 673.8 636.9 637.9 890.3 778.6 748.4 787.1 1154.8 1585.8 1782.2 1871.8 1842.4 1593 1474.9 1355.7 1376.8 1492.3 1186 1292.6 1197.3 1003.6 788.6 635 689 705.5 541.5 430.4 333 321.2 381 189.5 207.4 220.4 210.1 155.5
1230.9 1189.9 1099.9 1099.9 1071.1 1193 1308.9 1178 907.4 1114 1200.9 1088.7 1193.4 1191 1087.6 1090.3 1273.6 1035.9 991.4 1045.6 1094.2 1121.8 1105.2 1016.6 885.2 789.6 798.1 843.8 916.6 821.4 892.4 976.7 1038.1 1044.9 1039.9 1021.2 1009.1 937 766.5 605.5 600.6 595.1 607.6 614.6 713.8 773.2 763.5 859.2 1239.4 1610.5 1888.8 1887.4 1987.9 1768.2 1315.1 1304.9 1153.2 1256.2 1019.1 890.8 810.4 981 969.5 800.2 760.1 884.1 675 459 369.7 316.8 218.6 161.1 186.7 181 158.7 132.4
1216.8 1193.6 1157.9 1198.9 1288 1454 1656 1491 1118.8 1277.4 1663.5 1485.2 1361.3 1088.5 941.4 1072.7 1182.6 1098.7 1097.6 1125.4 1179.6 1208.8 1206.7 1170.3 1070.2 954.6 914.7 922.4 930.9 935.5 987.9 1070.3 1115.4 1104.3 1070.7 1017.7 1045.6 986.4 848.7 591.9 544.8 568.3 593 618.9 676.6 758.3 761.6 880.5 1115.2 1360.8 2007.5 2079.4 1987.8 1623.9 1369.7 1272.6 1174.1 1005.4 890.6 707.3 762.1 1031.6 983.4 814.3 779.7 783.3 704 533 398.1 316.5 241.4 193.3 175.9 165.8 150 129.7
1174.6 1177.8 1267.2 1403.9 1483.6 1610.2 1761.7 1622.4 1434.5 1537.1 1622 1583.8 1453.5 1415.7 1269.2 1434.3 1258.9 1201.8 1149.7 1163.5 1205.5 1236.2 1267.7 1352.8 1429.7 1398.8 1255.9 1122.1 1029.5 990.6 999.2 1084.6 1175.8 1186.4 1158 1160.1 1157.7 1043.8 908.7 755.2 634.9 613.9 576.5 635.7 779.8 879.1 887.2 960.2 1014 1155.7 2563.4 2290.8 1876.5 1507.4 1360.9 1290.1 1194.1 980.1 922 991.8 917.9 941.6 1024.3 811.3 783.4 783.8 724 572.6 440.8 349.3 262.2 209.7 177.9 161.8 159.6 141.7
1229.7 1310.8 1539.5 1652.5 1613.9 1594.3 1542.6 1479.3 1528 1540.7 1523.6 1463.2 1598.6 1786.7 1473.4 1336.1 1249.3 1180 1147.7 1170.9 1225.7 1299.8 1416.2 1559.7 1663.2 1656.7 1549.8 1386.6 1222.7 1106.3 1072.7 1160.9 1298.4 1288.3 1264.4 1289.7 1290.6 1054.1 948.2 875.6 779.8 686.9 666.5 807.4 1002.5 1061.6 1029.7 1028.1 1170 1702.9 2469.4 2351.1 1658.2 1354.2 1218.1 977.4 1149.3 907.2 1166.7 1148.5 1213.7 879.1 896.7 819.4 687.5 696 631.4 529 478 454 374 235.7 181.9 169.2 165.8 153.4
1665.5 1784.5 1731.1 1677.9 1676.6 1628.1 1504.9 1441.1 1713.4 1780.1 1595.4 1567.2 1583.4 1590.7 1436.2 1274.4 1191.6 1101.1 1115.9 1196.5 1388.7 1573.1 1690.8 1773.1 1751.6 1674.4 1605.8 1554.5 1458.5 1291.1 1245.1 1317.2 1398.2 1374.6 1327.6 1311.5 1177 833.4 958.7 953.3 870.9 778 829.6 968.6 1126.7 1169 1155.5 1116.9 1200.1 1810.3 2167.3 1973.5 1606.3 1429.2 1243.9 1242.8 1249.7 1186.6 1041.3 998.4 1001.4 829.3 830.4 577.4 406.1 457 488.3 487.6 507.9 503.9 429.2 276.6 192.5 174.2 168 157.7
2465.4 2137.4 1841.9 1648 1725.3 1750.6 1679 1744.5 2026.6 1923.8 1687.8 1592 1541.7 1468.2 1387.7 1259.7 947.4 1015.8 1111.9 1339 1674.2 1837 1872 1839.2 1777.2 1661.7 1582.1 1585.5 1605.5 1569.5 1519.8 1563.1 1597.2 1563.4 1426.9 1283.8 1133.1 995.4 985.3 984.3 931.6 859.7 892.1 985.7 1103.5 1192.3 1196.5 1141.1 1197.3 1653 1707.5 1644 1721.7 1474.7 1184.4 1411 933.3 1255 1057.6 1002.3 991.3 892 831.8 522.9 405.1 410.6 428.4 461.9 507 474.4 393.6 261.6 187.7 173.2 166.4 157.8
2649.1 2126.7 2013.5 1799.4 1800.3 1829.1 1837.2 1863.8 1992.5 1859.3 1689.3 1596.2 1522.8 1480.9 1418.7 1319.8 939.2 1047.1 1194.2 1518.1 1804.3 1886.2 1949.8 1826.9 1761.8 1669.8 1580.3 1588.4 1677.3 1773.6 1835.2 1839.5 1821.7 1787.2 1636.8 1436.8 1221.3 1082.9 1047.8 1032 976.9 919.1 930.8 953.3 1055 1139.5 1161 1143.5 1249.4 1475.3 1416.4 1386.2 1281.1 1061.6 749.6 912.7 1547.6 2210.3 1486 951.1 907 881.2 777.8 466.8 397.8 401.5 406.6 419.7 430.5 391.3 326 224 166.6 162.7 159.7 156.2
2606.5 2335.5 2162.6 1896.5 1871.2 1868.9 1860.1 1811.9 1811.1 1694.6 1660.9 1596.9 1561.8 1556.5 1565.8 1525.3 1360.2 1225.7 1252.1 1609.7 1863.1 1881 1854.2 1798.7 1754.9 1714.1 1622.2 1631 1743.7 1873.2 1938.6 1943.7 1930.7 1903 1802.4 1630.9 1463.6 1344.2 1284.4 1270.1 1201.8 969.2 960 953.4 999.6 1063.9 1066.2 991.2 1074.4 1244.1 1226.8 1236.6 1111.5 1066.6 898.1 783.2 758.6 1275.3 976.6 825.5 810.7 804.4 686.2 374.7 366.7 392.4 397.8 388.4 344 293.2 224.5 180.8 158.5 149.7 149.4 150.7
2461.3 2410.9 2132.4 1896 1856.5 1851 1832.2 1794.2 1747.3 1662.7 1610 1586.8 1588.4 1610.9 1639.8 1677 1580.7 1468.4 1453.3 1659 1794.3 1776.8 1667.6 1660.6 1708.9 1694.3 1634 1587.7 1728.4 1945.8 1998.1 1974.8 1945.8 1911 1804.6 1646.8 1517.8 1460.9 1439.8 1440.6 1397.5 1095.4 1005 994.5 1020.5 1027.2 912.1 778 633.6 715.9 802.1 853.9 898.3 916.2 888.3 783.5 725.6 751.3 598.5 783.8 719.1 637.9 407.2 234.5 288.5 350.2 375.1 351 292.3 238.2 149.2 136.5 140.7 141.1 136.5 140.3
3027.8 3157.5 1808.7 1851.2 1740.6 1790.8 1835.7 1887.1 1648.6 1596.7 1565.2 1555.2 1580.1 1614.4 1651.1 1672.2 1651.7 1687.5 1706.5 1778.1 1779.5 1695.6 1605.8 1726.7 1641 1745.1 1677.5 1604.2 1723.9 1958.4 2004.9 1990.7 1954.4 1871.6 1763 1622.9 1521.6 1479.9 1448.2 1450.3 1418.7 1280.9 1105 1034.7 1117.5 1056.9 842.1 749.4 503.6 321.2 346.4 373.9 445.5 490.8 566.1 672 729.8 690.4 620.5 598.6 533.2 435.2 249.8 165 214.9 304.7 369.1 349.4 277.9 182 93.1 114.8 120.9 107.8 123.9 132.5
3035.1 2890.3 2034 1782.8 1713.8 1830.5 1823.7 1808.6 1554.9 1543.4 1542.6 1559.3 1599.8 1630.8 1653.2 1734.4 1709.8 1796.5 1823.5 1827.4 1735.8 1670.2 1660.9 1748.4 1707.5 1738 1728.8 1732.1 1807 1931 1995.3 2045.4 2030.5 1915.4 1770.8 1665.5 1551.6 1582.7 1613.8 1550.6 1460.3 1418.8 1296.8 1224.6 1187.9 1199.5 942.9 886.6 349.6 295.1 280.5 266.2 300.8 339 372.3 475.1 658.6 664 567.2 406.7 334.7 297.7 181.4 139.4 173.9 282.9 388.5 386.9 313.2 212.2 170.1 174 156.7 134.9 127.9 133.2
2372.3 2601.3 1944.1 1712.2 1564.6 1833 1979.6 1792.7 1670.8 1603.4 1603.9 1650.9 1695.1 1744.5 1839.2 1971 1986.9 2096.2 1881.9 1790.3 1712.6 1685 1726.6 1803.3 1800.9 1772.7 1765.5 1763.4 1814.6 1897.2 1984 2056.2 2047.4 2002.9 1887.9 1739 1722.2 1843.2 1964.3 1625.1 1598.3 1619.2 1327.2 1125.3 1161.1 1147.5 983.1 800.6 528.3 392.2 290 266.7 254.4 268.8 326.8 477.1 653 717.6 617.5 383.5 308 267.5 212.7 173.3 220.5 320.2 478.3 504.7 428.1 329.8 283.8 294.5 253.8 202.5 169.2 -9999
2678.1 2311.5 2000.7 1799.1 1751.5 1786.8 1761.4 1726.1 1739.8 1706.6 1752.5 1813.4 1910.8 1860 1966.6 2039.8 2000.7 1974.1 1840 1697 1725.9 1852.5 1914.2 1980.9 1992.4 1903.6 1812.4 1783 1804 1836.4 1902.9 1957.1 1949 1919.8 1901.6 1895 1886.2 1975.2 2032.7 2063.5 1674.6 1427.7 1315.4 1047.4 1258.4 1340.7 1101.5 815.5 559.3 526.7 301.9 211.2 209 291.6 438.7 611.3 660.7 637.9 554.5 400.6 317.2 297.5 299.6 317.8 350.7 447.9 627.7 658.5 543.9 470.4 398.7 386.2 391.8 328.4 -9999 -9999
2733.6 2077.6 1904.8 1827.5 1809.3 1794.1 1778.5 1796.1 1782.4 1729.4 1702.6 1777.6 1847.7 1858.3 1930.5 1948.4 1905.8 1816 1707.7 1652.5 1786.2 1997.7 2111.7 2170.2 2146 2035 1873.7 1782 1788.1 1780.4 1818 1847.9 1899.8 1909 1899.5 1931.1 1929.3 2018.8 2123.4 2030.4 1566.7 1428.9 1157.1 1078.8 1478.4 1217.2 1105.5 901.1 678.2 731.5 463.9 252 231.3 447.7 610.9 696.6 712.2 468 331.7 324.5 317.5 339.9 372.5 421.5 461.2 517.1 626 595.6 512.4 539.6 460.8 476.5 444.3 -9999 -9999 -9999
2468.6 2034.8 1756.9 1883.5 1823.7 1824.8 1821.7 1842.9 1789.4 1725.3 1547.7 1664.4 1729.9 1806.3 1924.9 1906.1 1878.1 1731.9 1528 1505 1737 2009.5 2158.8 2296.6 2182 2056.6 1940.1 1804.4 1756.8 1756.4 1754.5 1753.1 1833.9 1906.1 1822.1 1798.7 1845.9 1976.6 1846.2 1581.8 1244 1233.8 859.6 934.2 1227.7 1118.8 1184.4 1180.2 889.4 867 811.9 554.2 412.8 503.3 665 645.5 870.2 653.3 269.2 288.8 344.6 365.2 410 476.8 551.1 514.7 560.8 545.6 520.2 561.5 473.9 -9999 -9999 -9999 -9999 -9999
2268 2260.1 1943.9 2283.4 1882.2 1857.8 1818.8 1830.8 1842.1 1828.5 1612.8 1635.6 1659.4 1758.9 1943.8 2025.5 2053.2 1595.8 1333.5 1421.4 1695.4 1982.7 2165.7 2227.2 2248.4 2102.7 1950.5 1856.9 1826.5 1780.3 1735.6 1718.4 1757.8 1777 1658.2 1621.8 1720.5 1765.6 1395.4 1325.7 1189.7 1077.1 729.7 1401.3 1181.6 1075.2 1368.8 1218.7 1106.2 1090.1 1128.2 923.3 539.5 415.9 676 920.5 916.2 682.6 341.7 368.8 382.2 387.3 428.5 500.7 520.6 485.5 459.4 450.7 468.2 488.5 -9999 -9999 -9999 -9999 -9999 -9999
2457.6 2254.1 1676.4 1530.7 1717.3 1836.3 1796.9 1762.7 1780.3 1792.5 1702.4 1622.4 1614.9 1703.9 1925.6 1991.2 1909.8 1615.2 1403.8 1519.7 1874.8 2149.2 2227.2 2291 2254.7 2088.5 1912.7 1805.4 1826.9 1786.8 1717.9 1734.9 1818.3 1843.3 1652.6 1487.7 1544.3 1480.2 1288.1 1259.8 1140.9 1059.3 1303.1 1314.8 1181.8 1309.9 1377 1343 1234.9 1153.6 1163.8 815.5 651.7 554 758.8 948.9 848.2 562.8 400.7 381.9 395 407.2 459.6 515 504.9 489.5 409.3 361.2 -9999 -9999 -9999 -9999 -9999 -9999 -9999 -9999
1656.4 2056.3 1234.3 904 1574 1874.7 1790.1 1752.8 1745.6 1764.3 1729.6 1656 1565.4 1586.6 1776.2 1834.9 1794.2 1734 1675.4 1787.5 2055.7 2211.3 2285.8 2319.5 2284.4 2111.4 1893.2 1786.8 1697.3 1688.5 1816.5 1813 1879.6 1986.3 1786.3 1510.3 1407.7 1318.3 1312.6 1266.5 1240.6 1190.6 1172.9 1200.1 1236.2 1473.7 1407.1 1502.8 1586.4 1485.3 1111.9 1194 833.2 672.5 979.2 1078.5 764.8 574.7 410.5 346.5 367.9 409.9 404.4 390.7 394.7 404.6 357.7 -9999 -9999 -9999 -9999 -9999 -9999 -9999 -9999 -9999
2332.6 2008.4 1523.4 1380.5 1607.2 1796.8 1802.5 1752.3 1687.7 1673.4 1695.5 1794.2 1437.3 1482.9 1681.5 1711.5 1693.2 1911.3 1986.9 2067.2 2196.7 2220.2 2236.1 2303.5 2373 2225.7 1981.4 1895 1854.5 1825.1 1939.1 1879 1915.3 2022.5 1800.8 1446.6 1244.2 1202 1216.1 1034.7 983.6 1114.2 812.4 1044.7 1291.8 1302.5 1636.1 1336.1 1504.4 1784.3 1359.8 933.1 703.2 816.2 1004.1 1295.4 835.8 418.1 269 292.9 327.3 348.9 309.7 304.3 269.4 285 -9999 -9999 -9999 -9999 -9999 -9999 -9999 -9999 -9999 -9999
2144.2 2178 1862.5 1675.2 1720 1822.2 1849.7 1795.1 1672.8 1609.6 1714 1787.5 1500.5 1510.4 1676.8 1789.2 1910.4 2046.9 2116.4 2200.8 2278.7 2303.4 2265.5 2268.2 2287.2 2174.1 2041.9 2010.9 2010.5 1939.3 1905.9 1880.9 1929.3 2091.9 1871.6 1414.5 1169.9 1184.8 1130.6 928 1293.5 1088.4 841.6 932.9 2204.6 1618.4 1576.2 1119.5 1391.2 1160.7 1430 996.2 934.7 899.3 1693.5 1443.9 661.6 314.7 236.5 278.4 293 296.2 261.6 240.1 199.3 -9999 -9999 -9999 -9999 -9999 -9999 -9999 -9999 -9999 -9999 -9999
1580.1 2124 2042.9 1935.6 1852.8 1899.6 1923.7 1845.1 1856 1969.5 1846.2 1788.2 1697.4 1646.9 1706.6 1876.9 2052 2120.1 2190.9 2269 2296.1 2298.2 2270.8 2251.3 2190 2117.2 2045.2 2008 1991.4 2018.4 2009.9 1954.1 2010 2207.4 2137.8 1268.6 1257.9 1300.5 1324.3 1258.9 1127 926.5 1030.2 1167.7 1670.5 2015.9 1228.2 1108.2 1171.9 1668.5 1586.1 743.2 530.9 1608.7 885.1 646.1 694.9 506.5 309.3 289.6 297.1 322.5 328.5 229.6 -9999 -9999 -9999 -9999 -9999 -9999 -9999 -9999 -9999 -9999 -9999 -9999
1841.8 1934 1976.9 2016.5 1876 1920.1 2000.9 1989 1993.9 1999.6 1877.8 1861.6 1786.2 1551.2 1766 1931.1 2114.9 2244 2259.3 2284.9 2290.3 2280.5 2263.9 2211.4 2181 2156.4 2089.1 1996.2 2018.9 2038 2042 1928.9 2066 2228.4 2314.3 1668.5 1399.4 1311.2 1488.3 1477.8 864.8 955.6 1238.1 1799.4 1733.5 1835.5 1026.1 1008.4 1255.3 1406.3 1097.4 606.5 673.2 666.1 710 1020.6 982.5 725 433.4 342.9 382.7 548.6 599.9 415.6 -9999 -9999 -9999 -9999 -9999 -9999 -9999 -9999 -9999 -9999 -9999 -9999
