datasets/global_precipitation_1950_2017/rasters/precip_2014-total.asc
NCOLS 720 
NROWS 347 
XLLCORNER -180 
YLLCORNER -90 
CELLSIZE 0.5 
NODATA_value -9999 
[rows 34 to 67 of 347, columns 608 to 683 of 720]
344.1 337.6 327.7 318.3 308 298 288.9 281.4 270.8 263.8 258 250.4 245.6 239.3 233.1 225.9 218.2 211.9 207.7 204.5 203.4 203.3 203.6 204.1 203.8 204.4 203.9 204.4 203.5 202.3 200.2 197.2 193.3 189.6 186.6 183.2 181.6 180.2 181 183.4 189.3 196.8 205.4 213.9 222.1 227.8 234.6 240.2 244.8 248.9 252.1 256 260.4 262.8 263.1 263 261.3 258.4 254.7 252.1 249.1 248 247.4 247 248.6 249.8 252.4 255.7 258.1 261.2 264.9 264 260.6 258.1 257.1 258.2
317.5 313 306.7 300.2 292.4 285.4 277.6 269.4 260.5 248.5 236.2 227.5 226.2 223.5 231.8 232.4 231.4 217.9 217.5 210.4 207 204.4 202.4 201.2 200.7 201.8 202.6 204.1 206.7 209.9 210.5 210.8 209.3 207.8 204.4 202.5 201.1 199.5 199.9 201.2 204.3 209.5 214.4 221.2 227.9 234.8 243.2 251.2 257.5 263.6 269 276.2 283.8 292.5 288.1 280.1 274.6 270.4 266.8 264 261 257.8 255.1 253.2 251.9 250.8 249 247.3 245.3 243.6 240 238.1 236.1 236.7 239.1 243.8
288.1 288.3 286.3 284.1 283 282.9 281.5 273.7 260.7 242.6 221.2 204.3 203.5 217.7 226.2 225.6 218.9 210.8 205.3 203.8 201.1 199.9 194.7 193 195 197.8 202.9 209.3 217.8 224.7 230 233.3 233.8 233.2 232.4 231.3 228.7 224.9 220.8 219.9 219.6 221.3 225.1 229.5 235.2 243 249 255.5 262 267.8 273.2 279.1 284.3 287.5 287 283.4 279.8 275.5 272.8 269.8 267.5 264.9 262.1 258.7 253.6 249.7 243.6 240.4 236.5 230.5 225.9 221.6 219.1 220.1 223.3 229
266.8 271.7 277.4 283.1 286.8 286.3 283.7 279 274.4 266.3 260 255.3 254.6 252.8 245.2 234.1 221.6 213.4 209.2 210.5 210.5 209.9 208.8 208.1 210.9 213.9 220.3 231.2 239.9 249.1 252.5 252.9 255.3 257.6 262.5 264.4 264.1 256.3 236.9 227.4 228.1 230.8 236 241.2 246.1 250.6 254.3 255.9 258.3 261.2 265.3 271.9 277.7 282.9 285.2 286.2 284.8 282.2 279 275.6 273.5 271.7 269.9 265.3 260.2 253.4 246.4 239.7 232.8 227.4 222.9 219.2 216.7 215.5 216.8 221
253.3 256.9 266.9 282 296.3 296.8 290.8 287.1 284.5 286.1 298.4 321.7 338.2 307.4 248.9 201.4 186.4 196.8 209.6 220.7 226.5 233.9 237.7 238.3 240.4 247.3 258.3 269.5 276.4 278.5 273.2 267.1 266.6 272.7 282.6 291.6 288.8 278 258.9 243.4 241.6 247.1 256.3 263.1 266.8 266.3 263.1 257.4 253.4 253 258.1 268 279.3 290 297.4 301.5 303.9 302.3 299.5 296.4 293.1 289.6 284.4 276 269.1 262 254 246.2 239.5 233.3 227 222.2 215.8 209.1 207.2 212.6
248.8 249.8 258.1 270.8 281.6 286.4 286.4 283.6 277 263.5 254.8 277.6 318 303.6 252.1 211 202.8 211.8 222.7 234.9 244.7 253.2 256.7 257.3 265.1 280.9 293.9 305 300.8 287.5 264.8 253.8 252.6 254.4 253.8 241.6 225.4 228.8 240.7 245.1 252.6 263.2 273.3 279.4 279 272.5 265 258.7 254.3 254.4 262.9 277.8 291.2 304.5 317.1 326.4 330.8 329.1 327.5 325.3 320.5 313.7 305.2 297.6 290.2 284.1 273.1 264.3 251.7 243.2 237 232.1 223.6 217.2 213.2 213.3
259.1 263.8 270.2 277.6 283.2 285.8 280.5 273.6 263.8 249.9 237.1 240.5 251.7 257.2 256.2 256.5 257 256.1 257.1 262.3 266.8 276.1 288.5 305.2 324.1 339 344.9 350.2 348 295.8 224.9 195.6 219.9 234.2 231.1 217.7 205.6 217.6 223 234.4 246.7 256.6 264.2 268.2 268.2 265 259 252.9 250.4 257.1 269 281.5 294.9 310.6 329.3 339.5 346.8 351.3 353.2 351.1 346.9 338.2 328.8 322.7 323.4 319.7 313.6 308.8 299.7 285 274.9 260.4 248.4 236.2 227 224.9
272.7 276.6 277.9 281 282.5 280.4 273 261.3 251.4 248.2 252.1 255.3 249.2 249.3 254.9 264.1 272.7 279.2 282.6 281.7 275.7 280.2 300.1 330.3 365.5 396.2 380.6 354.4 336.4 307.7 271.7 249.3 244.6 241.3 235.8 229.6 225.2 226.9 232.7 241.8 247.5 253.3 260.8 263 264.7 261.5 250.5 237.6 232.1 247.8 270.5 288.6 296.5 310.2 353.7 390.3 398 398.9 394.4 384.1 370.5 351.1 323.9 298.4 313 345.9 366.7 371.2 361.7 345.8 326.9 301 270.2 244.8 230.1 217.7
283.4 283.4 284.2 284 283.5 283.2 274.1 257.6 244.9 239.6 236.2 221.9 232 245.5 264.9 288.7 315.6 325.2 315.3 307.7 304.6 306.2 312.1 320.9 331.3 340.8 342.1 331 321.2 313.1 299.5 288.3 280.5 273.6 268.2 270.1 268 271.8 274.9 276 279 280.6 278.7 270 263 256.3 253.1 252.8 257.8 270.6 294.8 324.4 362 393.3 410.5 440.9 477.5 466.7 433.4 411.2 401.9 388.3 367.7 363 392.8 431.6 447.5 435.7 415 395.6 372.8 328.7 268.8 220 207.8 207.6
289.6 290.7 291.7 289.5 285.2 277.7 265.2 250.3 237.5 228.2 228 235.4 243.3 254.2 272 292.4 315.3 325 321.2 316.8 315 316.7 316.3 313.6 313.2 312.1 309.4 308.3 303.9 305 309.8 318.9 330.6 348.4 369.5 383.4 388.6 391.4 390.2 384.5 373.4 348.2 323.7 299.7 275.4 250.3 240.7 251.4 266.3 284.7 308.9 331.3 357.9 371.7 363.1 342.6 328.8 351.2 379 405.9 437.6 473.4 517.5 579.3 653.2 685.4 619.4 -9999 -9999 -9999 -9999 352.3 -9999 250.1 229.7 231.7
301.4 304.1 305.5 304.8 297.9 285.6 271 254.8 238.8 226.9 225.7 236.5 251.3 265.7 278.5 289.4 297.6 302.2 306.4 305 303.5 302.5 302.7 301.3 299.5 294.7 286.9 280.7 284.3 297.8 320.3 352.2 393.5 433.2 456.4 460.3 472.6 467.3 473.1 477.2 477.8 455.8 425.5 392.7 357.9 331.1 316.6 317.8 320.9 326.4 333 339.7 347.1 351 362.9 369.3 365.4 369.1 372.6 409 462 505.7 537.3 575.1 629.1 -9999 -9999 -9999 -9999 -9999 -9999 -9999 327.3 304.1 293.1 -9999
319 318.6 320.5 319.6 315.2 305.5 292.9 280.9 269.1 263.5 267.3 275.9 281.8 286.1 293 299 302.9 305.8 303.7 299.2 291.9 286.3 286.5 288.6 288.7 286.3 284.4 288.1 302.1 323 355 393.6 440.6 475.1 499.3 497.1 477.8 452.1 477.1 519.3 554.4 572.9 571.8 549.3 524.6 500.9 487 485.6 479.5 466.8 441.3 421.5 412 394.9 363.1 324.3 359.4 375.1 396 444.6 472.2 488.9 475.2 455.8 -9999 -9999 -9999 -9999 -9999 -9999 -9999 -9999 -9999 326.3 -9999 -9999
373.1 368.4 361.6 351.9 340.6 329.2 318.9 311.6 305.3 299.4 295.6 295.7 297.1 302.2 309.4 318.2 323.3 325.3 320.3 311.4 306.1 292.5 286.3 286.2 288.3 292.3 301.8 312.1 326.6 355 392.2 435.7 481.5 516.6 546 563.3 568.6 560.5 565 602 658.9 702.2 701.7 689.8 690.1 695.9 708.6 709.4 699.2 681.9 642.1 598.8 563.1 525.2 479.7 444.5 437.2 449.7 473.5 503.8 523.3 524.5 -9999 -9999 -9999 -9999 -9999 -9999 -9999 -9999 -9999 -9999 -9999 -9999 -9999 -9999
454 459.7 450.5 424 377.4 319.7 302.2 326 340.5 341.4 339.4 336.7 335.9 338.3 341.1 343.9 350.1 359.2 352.6 329.2 306.1 291.5 284 282.9 287.7 297.7 313.9 328.6 348.8 379 422.4 469.5 510.5 543.1 568.7 586.2 596.9 601.9 604.8 626.1 678.2 725.4 730.1 727.7 745.6 768.1 796.2 822.3 865.8 878.7 806.9 765.3 767.4 630.2 525.2 506 501.2 507.4 532.4 573 -9999 -9999 -9999 -9999 -9999 -9999 -9999 -9999 -9999 -9999 -9999 -9999 -9999 -9999 453.5 455.2
528.4 551.4 548.8 515.7 472.3 431.3 401 394.7 395.5 392.5 387.2 385.5 384.9 382.5 375.3 366.1 358.9 352.3 340.2 318.4 295.5 279.9 272 273.5 279.7 290.6 307.7 329.1 362.5 407.1 454.5 500 535.5 561.5 583.3 598.6 610 -9999 -9999 -9999 -9999 -9999 -9999 -9999 763 -9999 -9999 -9999 -9999 874.9 -9999 -9999 -9999 -9999 -9999 -9999 -9999 517.5 515.2 546 572.5 576.8 -9999 -9999 -9999 -9999 -9999 -9999 -9999 -9999 -9999 -9999 610.5 493.7 464.9 459.4
588 653.1 667.2 610.5 532.8 495.7 466 440.4 424.1 417.9 410.3 405.4 408.5 408.4 395.5 377.5 362.4 345.8 328.9 309.3 292.4 280.2 272.6 271.2 277 290.3 314.1 348.6 395.1 450 501.8 536.1 564.4 578.2 592.6 608.2 -9999 -9999 -9999 -9999 -9999 -9999 -9999 -9999 -9999 -9999 -9999 -9999 -9999 -9999 -9999 -9999 -9999 -9999 -9999 -9999 -9999 -9999 -9999 -9999 -9999 -9999 -9999 -9999 -9999 -9999 -9999 -9999 -9999 -9999 -9999 520.3 548.5 510.3 468.8 436.6
550.7 591.5 593.9 551.9 500.9 473.5 455.4 436.7 422.6 413.6 403.4 393.3 384.6 378.4 373.3 368.7 359.9 346.5 329 311.7 296.7 286.2 276.8 273.1 276.7 297.1 334.8 387.5 440 494.4 543.1 580.9 605.4 -9999 -9999 -9999 -9999 -9999 -9999 -9999 -9999 -9999 -9999 -9999 -9999 -9999 -9999 -9999 -9999 -9999 -9999 -9999 -9999 -9999 -9999 -9999 -9999 -9999 -9999 -9999 -9999 -9999 -9999 -9999 -9999 -9999 -9999 -9999 -9999 359.9 346.2 361.2 391.5 428.2 461 461.8
498.4 487.6 423.9 327.1 317.6 376.9 409.2 412.2 403.8 391.1 383.6 373.4 359.3 345.5 347.3 357.1 360.6 352 337.5 320.9 306.9 293 280.8 268.8 270 307.6 366.1 428.4 487.1 535.4 573.3 603.2 -9999 -9999 -9999 -9999 -9999 -9999 -9999 -9999 -9999 -9999 -9999 -9999 -9999 -9999 -9999 -9999 -9999 -9999 -9999 -9999 -9999 -9999 -9999 -9999 -9999 -9999 -9999 -9999 -9999 -9999 -9999 -9999 -9999 -9999 414.4 369.5 329.6 314.4 322.6 335.4 358 396.9 441.3 475.5
502.1 488.2 454 403.3 380.9 392.8 407 405.5 388.2 374.8 373.2 374.3 372.1 370.6 371.5 374.4 374.7 368.5 355.4 344.5 331.3 318 311 310.3 328.4 371 439.9 511.5 564.8 596.6 -9999 -9999 -9999 -9999 -9999 -9999 -9999 -9999 -9999 -9999 -9999 -9999 -9999 -9999 -9999 -9999 -9999 -9999 -9999 -9999 -9999 -9999 -9999 -9999 -9999 -9999 -9999 -9999 -9999 -9999 -9999 -9999 -9999 -9999 -9999 -9999 415.1 378.9 350.6 338.3 340 351.3 367.7 400.8 446.2 491.5
528 542.3 524.8 500.1 478.5 462.9 453.2 444.8 415.3 390.9 396.1 396.6 397.4 398 395.9 395 393.3 388.6 382.7 376.7 370.4 365.4 366.6 364 364 419.6 534.5 659.9 729.9 -9999 -9999 -9999 -9999 -9999 -9999 -9999 -9999 -9999 -9999 -9999 -9999 -9999 -9999 -9999 -9999 -9999 -9999 -9999 -9999 -9999 -9999 -9999 -9999 -9999 -9999 -9999 -9999 -9999 -9999 -9999 -9999 -9999 -9999 -9999 462.8 435.8 414.3 388.8 366 359.3 368.9 384.9 401.6 418.4 461.4 515.1
549 557.6 563.1 557.2 532.9 517.5 509.5 504 483.4 452 437.8 428 414.5 403.8 410.7 408 405.9 404.6 404.5 405.1 401.5 405.9 413.5 421.5 438.6 488 587.5 707.4 -9999 -9999 -9999 -9999 -9999 -9999 -9999 -9999 -9999 -9999 -9999 -9999 -9999 -9999 -9999 -9999 -9999 -9999 -9999 -9999 -9999 -9999 -9999 -9999 -9999 -9999 -9999 -9999 -9999 -9999 -9999 -9999 -9999 -9999 -9999 -9999 503.4 463.1 422.8 382.4 346.3 348.1 374.4 415.2 455.1 505.5 529 560.5
557.6 563.6 565.9 565.2 552.5 539.6 527.2 520.9 518.5 507.8 490.6 473.4 456.1 439 428.7 419.1 412.9 411.1 413.6 412.6 412.7 410.3 432.8 465.9 487.7 502.3 -9999 -9999 -9999 -9999 -9999 -9999 -9999 -9999 -9999 -9999 -9999 -9999 -9999 -9999 -9999 -9999 -9999 -9999 -9999 -9999 -9999 -9999 -9999 -9999 -9999 -9999 -9999 -9999 -9999 -9999 -9999 -9999 -9999 -9999 -9999 -9999 -9999 564.3 520.4 472.7 425.6 379.8 343.9 349.9 387 438.8 489 532.6 558 569.2
542.8 539.6 545.3 547.4 537.5 524.6 511.4 509.1 514.8 524.3 530.4 523.5 516.4 499.4 478.4 455 434 421.6 414.6 396.3 360.4 367.1 451 498.6 -9999 -9999 -9999 -9999 -9999 -9999 -9999 -9999 -9999 -9999 -9999 -9999 -9999 -9999 -9999 -9999 -9999 -9999 -9999 -9999 -9999 -9999 -9999 -9999 -9999 -9999 -9999 -9999 -9999 -9999 -9999 -9999 -9999 -9999 -9999 -9999 -9999 -9999 -9999 446.4 463.4 450.3 407.3 364.1 366.5 403.2 436.6 493 558.9 605.1 632.3 630
549.7 542.3 535 526.7 518.1 505.8 489.1 481.7 492.1 547.5 538.9 544.9 547.3 540.3 526.1 508.8 483.3 458 445 441.6 454.6 501.2 -9999 -9999 -9999 -9999 -9999 557.9 -9999 -9999 -9999 -9999 -9999 -9999 -9999 -9999 -9999 -9999 -9999 -9999 -9999 -9999 -9999 -9999 -9999 -9999 -9999 -9999 -9999 -9999 -9999 -9999 -9999 -9999 -9999 -9999 -9999 -9999 -9999 -9999 -9999 -9999 -9999 520.9 521.9 491.3 430.9 380.8 364.9 409.7 536.4 674.7 767.4 805.7 815.7 810.2
658.4 517.1 489.6 471 458.6 459.9 466.7 462.6 478.4 500.1 519 530.7 532.5 529.7 524.2 519.1 513.3 504.8 497.4 492 494.9 511.7 548.3 554.7 545.6 540.7 -9999 -9999 -9999 602 -9999 681 -9999 -9999 -9999 -9999 -9999 705.9 -9999 -9999 -9999 -9999 -9999 -9999 -9999 -9999 -9999 -9999 -9999 -9999 -9999 -9999 -9999 -9999 -9999 -9999 -9999 -9999 -9999 -9999 -9999 -9999 -9999 -9999 573.5 570.9 539.7 517.7 575.4 676.8 868.8 1063.8 -9999 -9999 -9999 -9999
462.8 452 430.6 417.5 413 420.1 461.4 481.8 490.3 509.2 519.9 522.7 523.3 529.1 545.3 555.2 543.4 510.3 512.8 523.4 523.6 527.2 533.5 530.7 521.3 523.2 531.9 -9999 -9999 570.3 593.5 623.1 686.2 -9999 -9999 -9999 -9999 -9999 -9999 -9999 -9999 -9999 -9999 -9999 -9999 -9999 -9999 -9999 -9999 -9999 -9999 -9999 -9999 -9999 -9999 -9999 -9999 -9999 -9999 -9999 -9999 -9999 -9999 -9999 609.3 660.8 762.6 880.8 1020.2 1098.2 1132.6 1149.7 -9999 -9999 -9999 -9999
286.5 357.7 374.5 363.9 385.6 378.5 410.6 453.6 508 541.2 536.1 533.6 535.9 559 586.9 602.6 598.4 594.8 579.2 529.4 513.4 525.7 528.3 531.5 525.1 501.8 490.8 497.5 512.2 548.8 587.3 625 681.5 707.7 538.8 -9999 596.6 648.5 -9999 -9999 -9999 -9999 -9999 -9999 -9999 -9999 -9999 -9999 -9999 -9999 -9999 -9999 -9999 -9999 -9999 -9999 -9999 -9999 -9999 -9999 -9999 -9999 -9999 -9999 638.6 655.5 768.6 931.2 1302.1 1372.3 1173.1 1121.4 -9999 -9999 -9999 -9999
370.7 372.8 355.8 322.9 311.3 331.1 379.4 422.9 479.1 519.8 523.8 539.4 560.4 587.5 610.6 636.6 614.7 614 599.9 570.9 553.1 542.6 532 522.9 493.6 463.5 445.5 450.7 508.2 564.3 591.6 598.9 602.8 594.6 -9999 -9999 563 599.2 627 -9999 -9999 -9999 -9999 -9999 -9999 -9999 -9999 -9999 -9999 -9999 -9999 -9999 -9999 -9999 -9999 -9999 -9999 -9999 -9999 -9999 -9999 -9999 -9999 -9999 616.9 445.5 634 897 1029.1 -9999 -9999 -9999 -9999 -9999 -9999 -9999
417.5 403.8 375.8 363.4 366.2 384.8 408.9 419 417.7 465.5 493.7 498.4 527.7 568.4 575.5 573 587.5 599.6 597.4 580.9 574 557.2 541.2 538.7 468.6 444.8 457.5 477.6 538.9 607.1 624.8 557.6 488.4 480.3 518.3 537 564.9 605.6 -9999 -9999 -9999 -9999 -9999 -9999 -9999 -9999 -9999 -9999 -9999 -9999 -9999 -9999 -9999 -9999 -9999 -9999 -9999 -9999 -9999 -9999 -9999 -9999 -9999 -9999 -9999 672.3 765.1 937.7 1034.5 -9999 -9999 -9999 -9999 -9999 -9999 -9999
429.3 400.4 392.4 399.6 400.6 390.5 439 452.2 453.8 460.2 463.4 502.3 540.2 554.7 550.4 554.5 572.1 589.7 593.8 585.9 582.8 565.8 554.3 561 547.9 520.3 508.6 521.1 559.7 593.9 595.1 527.4 468.5 480.4 -9999 -9999 598.1 580.3 457.4 -9999 -9999 -9999 -9999 -9999 -9999 -9999 -9999 -9999 -9999 -9999 -9999 -9999 -9999 -9999 -9999 -9999 -9999 -9999 -9999 -9999 -9999 -9999 -9999 -9999 -9999 769.4 888.8 1096.7 -9999 -9999 -9999 -9999 -9999 -9999 -9999 -9999
482.3 439.4 425.2 436.6 452.1 469.9 463.6 463 475 496.2 502.2 510.1 570.3 575.1 546.7 525.8 518 528.6 554.6 577.5 579.6 557.6 547.5 546.2 540.9 551.8 522.1 507.5 524.4 587.2 608 571.9 529.9 -9999 -9999 -9999 691.3 786.3 630 -9999 -9999 -9999 -9999 -9999 -9999 -9999 -9999 -9999 -9999 -9999 -9999 -9999 -9999 -9999 -9999 -9999 -9999 -9999 -9999 -9999 -9999 -9999 -9999 -9999 -9999 670.4 1071.4 -9999 -9999 -9999 -9999 -9999 -9999 -9999 -9999 -9999
590.9 542.3 499.8 487.9 492.8 481.9 470.4 468.3 495.7 492.8 461.3 488.5 539.2 579.2 572.3 522.5 489.1 511.2 550.8 579.6 587.9 583.5 570.9 549.3 522 492.7 483 509.7 543 572.3 601.5 601.8 590.2 -9999 -9999 -9999 605.5 542.2 601.9 -9999 -9999 -9999 -9999 -9999 -9999 -9999 -9999 -9999 -9999 -9999 -9999 -9999 -9999 -9999 -9999 -9999 -9999 -9999 -9999 -9999 -9999 -9999 -9999 -9999 1425.9 -9999 -9999 -9999 -9999 -9999 -9999 -9999 -9999 -9999 -9999 -9999
678.4 647.6 606.8 577.1 553 509.6 483.2 389.1 432.4 453.3 438.1 477.4 571.8 594.4 588.2 512.6 478 542.2 597.9 630.7 651.7 661.7 645.3 609.2 575 538 529 568.1 616.6 661.2 670.8 635.2 601.7 -9999 -9999 -9999 528.1 511.5 607.7 640.7 -9999 -9999 -9999 -9999 -9999 -9999 -9999 -9999 -9999 -9999 -9999 -9999 -9999 -9999 -9999 -9999 -9999 -9999 -9999 -9999 -9999 -9999 1126.9 1142.5 -9999 -9999 -9999 -9999 -9999 -9999 -9999 -9999 -9999 -9999 -9999 -9999
742.2 741.6 714.4 679.4 631.8 580.5 545.5 481.4 445.7 427.9 467.5 511.6 554.8 576.5 578.5 558.1 566.2 650.3 718.8 716.8 718.5 735.8 700.8 663.9 668.8 651.3 682.8 745.8 769.4 742.8 697.1 637.3 600.6 -9999 -9999 -9999 566.6 631.8 749.6 777.8 -9999 -9999 -9999 -9999 -9999 -9999 -9999 -9999 -9999 -9999 -9999 -9999 -9999 -9999 -9999 -9999 -9999 -9999 -9999 -9999 -9999 -9999 -9999 -9999 -9999 -9999 -9999 -9999 -9999 -9999 -9999 -9999 -9999 -9999 -9999 -9999
