datasets/global_precipitation_1950_2017/rasters/precip_2007-total.asc
NCOLS 720 
NROWS 347 
XLLCORNER -180 
YLLCORNER -90 
CELLSIZE 0.5 
NODATA_value -9999 
[rows 306 to 339 of 347, columns 532 to 607 of 720]
248.6 262.2 274.5 283.3 291.9 300.9 309.6 318.3 327.6 333.6 341 347.7 354.1 360 363.2 367.3 370.2 375.6 379.7 381 384.3 387.6 389.7 390.8 390.5 389.9 388.2 386.7 384.4 380.5 376.9 373.6 369.7 365.7 361 356.3 354 348.3 344.4 344 338.8 336.9 335.8 335.6 336 337.1 338.7 340.9 340.3 344 350 353.3 360.3 366.1 369.9 379.9 380.9 388.1 399.6 405.2 411.2 416.9 423.7 429.6 436.7 443.6 450.3 456.5 462.8 470.4 478.4 480.7 486.1 491.9 498.4 504.8
237.9 242.1 256.1 269.1 279.2 288.7 297.8 307.8 317.7 326.8 334.7 342.6 350.2 357 362.8 368.8 375.4 382.2 386.6 389.2 391.3 394.2 396.1 397.2 398.2 397.2 395.1 391.1 387.9 383.5 378.9 373.7 368.9 364.6 360.4 355.4 348.4 340.7 336.9 337 337.5 335.1 332.4 331.7 333.4 335.9 338.6 342.1 344.8 346.7 351.6 351.7 358.3 364.6 370.4 375.2 380.3 385.7 392.2 399.6 406.7 413.2 420.1 425.9 432.5 438.7 444.6 451 457.3 464.3 471.3 479.3 487.1 493.7 498.4 503
213.8 223.7 234.4 247 259.1 273.2 280.9 293.3 305.3 316.2 327.5 337.8 343.9 352 363.2 370.3 376.5 381.9 387.1 392.2 396.5 399.4 395.2 396 402.1 400.5 397.2 393.1 389.5 385.3 380.6 374.6 369.2 364.1 358.6 353.3 346.8 346.4 344 334.9 337 333.1 332.5 331.5 333 334.3 336.5 339.6 342.2 344.7 347.8 351.4 353.1 358.9 364.4 369.9 375.4 381.3 387.4 393.7 399.9 406.9 412.1 419.1 425.1 429.7 434.3 440.4 447.1 453.5 460.9 469 477.5 484.4 488.6 492.9
189.5 203.5 215 232.1 242.7 254.3 273.4 286.9 299.4 312 314.8 324.9 332.9 341.4 352.5 359.8 377.7 383.8 389 393.2 384.8 387.9 382.5 382.3 388.7 385.8 392.3 387.5 382.2 376.3 363.4 357.6 348.8 343.6 339.6 333.5 328.1 323.8 320.5 316.6 314.3 313.1 312.4 312.2 312.6 314.3 315.9 318.4 321.1 324.3 328.2 332.5 337.3 337.1 344.4 349.2 354.1 360.6 366.6 372.5 380.7 389.6 389 395.5 403.8 403.8 415.1 420.5 427.7 431.1 437 445.7 455 462.1 466.7 471.1
193.8 203.8 205.9 225.3 236.5 247.8 259.1 270.7 276.9 291.6 303.3 313.1 320.2 327.6 337.6 346.7 354.4 357.6 359.1 359.5 359 357.1 344.9 340.1 348.5 344.1 338.8 333.6 327.7 321.5 315 308.3 297.1 291.5 290.6 285.8 281.4 277.9 269.4 267.4 265.5 265.3 265.1 265.1 266.5 267.6 270.4 273.3 275.9 278.8 282.9 286.8 291.9 294.3 299.8 304.9 309.2 315.9 321.7 327.1 337.3 345 353.1 361 357.6 365.9 374.2 380.3 387.1 390.3 393.7 399.5 409 416.9 421.8 430.8
185.4 191.7 196 203.4 209.8 219.5 232.1 242.5 245.1 256.9 266.4 273.1 278.2 283.2 289.4 295.3 300.6 305.2 305.4 300.4 294.7 288.7 282.9 278.4 274.7 269.6 263 255 246.3 238.9 236.9 225.4 221.4 215.5 210.8 207.6 205.6 204.4 203.8 202.7 201.7 197.6 198.2 202.3 204.4 205.1 207.4 212.3 217.6 220.4 223.1 226.5 229.8 232.5 238.1 243.3 248.9 254 259.5 265.2 270.8 277.1 283.6 291.1 297.2 303 308.9 314.6 320.5 326.1 328.7 336 341.9 349.2 357.4 360.6
161.3 162.9 164.5 169.7 173.3 177.9 187.5 186.6 193.1 201.3 207.8 212.4 215.5 217.3 218.6 218.1 217.6 215.7 212.8 209.7 206.1 202.4 199.2 193.8 186.5 178.1 168.5 158.4 151.3 149.3 147.2 145.3 144.4 139.5 130.8 122.1 113.8 145.5 144.3 143.4 143 143.3 144 144.7 145.3 146.8 149.3 158.7 157.5 158.7 162.4 166.5 170.9 174.5 177.3 184.2 185.7 187.9 193.3 200 205.7 209.6 218.9 223.1 224.5 230.4 234.6 241.6 246.2 252.6 257.6 263.5 269.6 275.6 281.2 287.7
126.9 126.2 126.8 128.1 127.9 128.5 128.5 128.6 131.2 137.3 141.9 145.4 148.4 148.2 145.3 141.8 137.7 132.4 130 129.5 128.9 128.6 128 124.4 116.7 108.3 99.9 91.7 88 88.4 88.4 89.5 91 88.2 82 75.6 69.8 64.4 105.9 105.8 105.3 105.3 105.6 106.5 106.6 107.1 107.9 114.5 115.5 119.5 122.3 125.6 128.8 131.1 132.6 134.5 136.6 138.3 141.7 145.8 150 154.2 158.2 161.8 164.4 167.4 170 176.7 181.7 187.4 190.7 194.7 199.7 203.9 206.7 213.9
91.9 90.1 91.1 89.1 87.1 85.1 83.1 80.6 80.9 84.9 88.5 91.4 93.7 92.8 89.4 85.1 80.9 77 76.1 77.9 79.3 80.2 81.1 78.7 72.9 67.3 61.5 56.4 54.5 55.8 57.4 59.6 61.7 60.4 56 52 48.7 46 45.3 46.7 49.2 51.8 55.2 58.4 62.3 66.2 85 85.8 86.8 88 95.1 98 101.4 102.9 105.1 103 105.2 107.7 109.5 111.2 112.5 118.5 120 122.4 124.9 123.1 125.6 126.9 130.9 126.3 134.6 139.2 143.9 146.6 148.8 154.7
61.1 60.4 61.3 58.7 56 53.4 50.8 48.3 47.8 51.1 53.9 56 58.5 58.2 55.4 52.7 50.1 48.2 48 49.1 50.6 52 53.1 52.2 49 46.9 44.8 42.7 41.8 43.1 44.1 45.1 46 45.5 43.8 41.5 39.4 37.5 37.1 38.5 39.9 41.5 42.9 45 47.7 50.2 53.2 55.6 59.2 62.3 65.7 69.2 73.1 75.5 83.5 83.9 85.3 86.9 87.6 88 88.9 83.9 83.4 84.7 82.7 80.5 78.4 76.2 92.1 95 96.3 97.9 101 102.4 103 104.7
32.9 35.7 37.4 35.1 34.9 33.3 31.2 29.9 30 32.2 34.6 36.6 38.7 39.1 37.7 37.3 37 36.2 36.3 37.4 38.8 39.6 40.7 40.5 39.5 37.4 36.6 35.1 34.9 35.7 36.9 37.9 38.9 38.7 36.9 35.7 34.4 33.3 33.5 34.1 35.3 36 36.8 37.4 39 40.9 42.4 44.6 46.7 49 51.6 54.2 56.6 57.1 58.9 59.8 63.2 64.8 65.5 51.9 54.6 57.2 60.2 60.5 57.8 55.8 55 52.1 72.3 70.6 67.3 64.1 69.7 69.8 73.8 60.8
22.7 24.5 25 23.3 21.8 20.3 19.4 21.5 22.7 23.7 25.6 27.5 29.6 30.8 30.8 30.1 29.5 28.9 29.1 30.2 31.4 32.4 33.6 33.8 32.7 32.2 30.9 30.7 30.7 31.6 32.2 33.6 34.2 34.4 33.4 32.9 31.9 31.5 30.8 31.4 32.3 32.9 33.4 34.2 34.6 35.1 35.7 37 38 39 40.2 41.1 39.2 39 41.1 40 38.3 36.4 36.4 37.8 39.4 41.2 43.4 43.2 42.7 40.3 37.8 35.1 47.7 44.3 41.3 42 42.9 44 41.1 37.8
17.5 18.5 18.9 17.6 16.6 16.3 16.3 17.2 18 18.5 18.5 18.5 19.4 20.4 21.7 22.8 23.7 24.2 24.4 25.6 26.3 27.6 28.4 28.9 28.4 28 27.5 27.9 27.6 28.6 29 29.8 30.6 30.5 30.4 30.1 29.6 29.7 29.7 30 29.9 30.2 30.6 30.3 30.8 31.1 31.4 32 31.9 30.9 29.7 29.1 29.4 30.3 30.8 31.3 29.9 28.5 27.7 28.2 28.9 31.5 32.6 32.5 30.1 28.2 26 23.6 23.4 24.5 27 26 25.2 23 21.1 19.5
14.5 15.2 15.3 14.6 14.6 14.5 14.9 15.4 15.5 16 15.9 15.7 15.9 17 17.5 18.5 19.1 20 20.8 20.6 20.8 21.4 22.3 23.2 23.9 24.6 24.9 25.1 25.5 26.3 26.7 27.5 27.8 28.1 28.3 28.2 28.2 28.2 28.7 28.7 28.1 28.1 28.7 29 29.1 28.9 27.8 27.1 25.9 25.5 25.3 24.8 24.7 24.4 24.3 24 23.3 22.6 23.8 22.9 22.1 21.5 20.6 20 19.3 18.6 17.1 16.5 16.2 12.7 12 11 10.2 8.9 13.9 12.5
11 11.2 11.4 11.8 12 12 12.8 12.9 12.8 13 13.4 13.5 13.6 14.2 14.8 15.8 16.3 17 17.5 18.2 18.4 19 19.3 20 20.9 21.7 22.3 23.1 24.1 24.5 25.2 26 26.6 27.2 27.5 28 28.7 27.8 27.7 29.1 28.8 28.6 28.3 28.1 27.4 26.8 26.2 25.4 24.4 23.6 22.8 22.3 21.5 22.5 21.7 21 20.4 19.5 18.7 17.5 16.4 15.1 14.1 12.9 12.5 11 9 9 9.2 8.6 7.7 7.3 6.9 6.7 8.6 8.1
8.5 8.7 8.9 9.4 9.5 9.8 10.4 10 10.4 10.7 11 11.2 11.1 11.5 11.9 12.4 12.6 13 13.9 14.6 15.4 15.9 17 17.7 18.5 19.3 20.3 21.1 22 23.1 24 24.5 25.6 25.3 25.9 27.6 28.5 28.9 29.1 29.4 29.5 28.9 28.8 28 27.3 26.5 25.5 24.5 23.5 23.8 22.5 21.2 20.2 18.8 17.5 16.4 15.2 15.7 14.3 12.6 11.7 11.1 9.4 8.6 7 6.7 6.2 6.3 6.2 5.7 5.2 5 5.2 5.4 5.2 4.8
6.3 6.7 6.6 7 6.7 6.9 7 7.2 7.8 7.9 8.4 8.6 8.8 8.8 9.4 9.6 10.1 10.4 10.9 11.4 11.9 12.6 14 14.7 15 16 16.7 17.6 18.6 18.5 19.4 21 22 23.2 24.1 25.1 26.1 26.7 27.5 27.9 28.3 28 27.6 26.6 27 25.6 24.1 22.3 21.2 19.6 18.2 16.6 15.5 14.1 12.7 11.3 10.3 9.6 8.8 7.7 7 5.5 4.9 4.9 4.6 4.5 4.3 4.2 4.1 4.2 3.9 3.9 3.7 3.3 3.8 3.6
4.1 4.4 4.3 4.7 4.9 5.2 5.5 5.4 5.3 5.6 5.6 6 6.2 6.2 6.6 6.5 6.9 7.3 7.1 7.6 8.1 8.7 9.4 9.8 10.1 9.9 10.6 11.4 12 12.6 12.9 13.6 14.2 14.8 15.2 16.3 17.4 17.7 18.9 21.1 22.2 22.3 20.9 18.5 16.1 14 12.3 10.7 9.5 8.3 7.5 6.7 5.8 5.3 4.9 4.5 4.3 4.2 4.4 4.1 4 3.9 3.8 3.7 3.5 3.5 3.6 3.3 3.3 3.3 3.5 3.7 4 4.1 4 4.1
2.8 3.1 3.1 3.1 3.3 3.1 3.5 3.4 3.8 3.9 3.9 4.2 4.2 4 4.4 4.6 4.5 4.4 4.8 4.7 4.9 4.9 5.1 5.3 5.3 5.4 5.4 5.2 5.3 5.4 5.2 5.3 5.1 5.3 5.7 6.1 6.4 6.7 6.9 7.2 7.5 7.4 7.6 7.9 7.8 7.5 7.5 7.4 6.4 6.3 6.2 6 5.9 5.4 5.3 5 4.9 5 4.8 4.6 4.5 4.7 4.6 4.7 4.2 4.3 4.2 4.3 4.3 4.6 4.7 4.9 5.1 5.3 5.4 5.7
2 2.4 2.4 2.5 2.5 2.3 2.4 2.6 2.7 2.7 2.9 3.1 3.1 3.3 3.7 3.3 3.4 3.7 4 4 4.3 4.4 4.6 4.9 5 5.3 5.6 5.9 6.1 6.2 6.7 6.9 7.1 6.7 7.2 7.5 8.3 8.7 9.2 9.6 9.9 10.2 10.4 10.4 10 9.8 9.7 9.6 9.1 8.8 8.7 7.3 7 6.7 6.6 6.5 6.5 6.2 5.9 5.9 6.2 6.1 5.8 5.7 5.8 5.8 5.6 5.7 5.7 6 6.2 7 7.3 7.9 7.1 6.8
1.7 1.9 2 1.8 1.8 1.8 2 2.3 2.3 2.2 2.4 2.9 3 3.1 3.2 3.5 3.7 4.1 4.4 4.4 4.8 5.1 5.2 5.5 5.8 6.1 6.4 6.1 6.6 6.8 7.2 7.8 8.1 9 9.2 9.9 10.3 10.4 10.9 11.2 11.5 11.5 11.4 11.4 11.4 11.4 10.3 9.4 9.2 9 8.8 8.9 8.4 8.1 8.1 7.6 7.7 7.8 7.5 7.6 7.6 7.9 7.6 7.8 7.3 7.5 7.7 7.9 8.1 8.1 8.3 7.9 8.6 8.6 8.7 9
1.4 1.5 1.3 1.8 2 1.9 2.1 2.2 2.4 2.6 2.9 3 2.9 3.3 3.4 3.7 3.9 3.7 4 4.1 4.4 4.7 5.8 6 6.5 6.7 7 7.2 7.6 8.1 8.5 8.6 9.1 9.7 9.7 10 10.3 10.7 10.9 11.1 11.2 11.2 11.3 11.5 10.2 10.3 10.1 10.4 10.2 10 9.8 9.4 9.3 9.3 9 8.9 8.8 8.3 8.2 7.8 8.4 8 8.6 8.4 8.5 8.4 8.5 8.6 8.4 8.8 9 8.5 8.7 8.9 9.2 9.4
1.3 1.3 1.6 1.5 1.6 1.9 1.9 2 2 2.3 2.5 2.7 2.7 3.7 3.9 4.2 4.4 4.6 4.7 5 5.3 5.4 6.3 6.3 6.9 6.9 7.3 7.8 7.9 8 8.3 8.5 8.8 9.1 9.3 9.7 9.9 10.1 10.3 10.4 9.2 8.9 9 9 8.9 8 8.3 8.2 8.5 8.9 9.1 8.7 8.5 8.6 8.3 8.4 8.4 8.6 8.3 8.4 8.5 8.2 8.5 8.4 8.3 8.4 8.5 8.5 8.5 8.7 8.7 9 9 9.2 9.5 9.5
1.4 1.4 2 2.1 2.3 2.3 2.3 3 3.2 3.1 3.2 3.2 3.7 3.8 4.3 4.6 4.9 5 5.3 5.6 5.8 5.9 6.2 6.6 6.6 6.9 7.2 7.4 7.5 7.7 7.8 8 8.2 8.3 9.2 7.2 7.2 7.4 7.3 7.3 7.4 7.8 7.5 8 8 7.9 8.1 8.2 8.3 8.2 8.2 8.2 8.2 8.1 7.9 7.9 8.1 8.1 8 9.5 9.2 9.4 9.3 9.5 9.5 9.4 9.5 9.6 9.8 8.3 7.6 8.4 7.9 8.3 8.6 9.3
1.9 2.1 2.1 2.3 2.4 2.5 2.5 3 3.3 3.3 3.5 3.7 4 4.1 4.2 4.4 4.9 5 5.2 5.3 5.6 5.8 6 6.3 6.3 6.5 6.9 6.2 6.5 6.1 6.3 6.2 6.4 6.5 6.8 6.7 6.9 6.9 7 7.4 7.3 7.3 7.6 7.7 7.9 7.9 7.6 7.6 7.9 8 7.8 7.9 8 7.8 7.9 7.9 8 7.9 7.9 8 7.5 7.7 7.5 7.5 7.5 7.4 7.6 7.6 7.3 7.8 7.7 7.6 7.8 7.6 7.8 7.7
2.3 2.4 2.4 2.7 2.7 2.8 3 3.1 3.6 3.5 3.5 3.8 4 4.1 4.2 4.3 4.4 4.5 4.8 5 4.6 4.8 4.8 5.1 5.1 5.3 5.3 5.4 5.5 5.7 5.5 5.7 6.1 6.2 6.2 6 6.4 6.7 6.8 7 7.1 7.2 7.1 7.2 7.2 7.5 7.4 7.2 7.3 7.4 7.6 7.5 7.3 7.5 7.5 7.6 7.7 7.6 7.4 7.7 7.5 7.4 7.6 7.5 7.7 7.4 7.6 7.6 7.4 7.5 7.4 7.4 7.4 7.5 7.7 7.4
2.7 2.6 2.7 2.6 2.6 2.6 2.9 3 3.2 3.3 3.4 3.4 3.5 3.5 3.5 3.8 3.9 4 4 3.9 4 4.5 4.6 4.7 4.6 4.5 4.7 4.9 4.8 5.3 5.1 5.1 5.4 5.6 5.5 5.9 5.8 5.9 6.1 6.3 6.4 6.4 6.6 6.7 6.6 6.7 6.8 6.6 6.8 6.7 6.9 6.9 7 6.9 6.8 6.9 7 7.1 7 6.9 6.9 7 6.9 6.9 6.8 7 6.9 7 7 7.3 7.3 7.3 7.4 7.5 7.6 7.8
2.7 2.7 2.6 2.7 3 3 2.9 3 3.2 3.1 3.3 3.4 3.5 4 4 4.1 4.4 4.2 4.2 3.9 4.1 4 4 4.3 4.7 4.4 4.4 4.5 5 5 5.2 5.1 5.2 5.3 5.2 5.3 5.4 5.6 5.6 5.6 5.6 5.7 5.7 5.9 6.1 6.1 6.1 6.3 6.3 6.4 6.4 6.2 6.5 6.6 6.5 6.5 6.5 6.5 6.7 6.6 6.5 6.6 6.6 6.7 6.7 6.6 6.9 6.8 7 7 7.1 7.4 7.4 7.8 7.9 8.1
2.9 2.9 2.8 3 3 3 3.1 3.4 3.3 3.5 3.6 3.6 3.7 3.6 3.7 3.8 3.9 3.9 3.9 3.9 4 4.2 4.3 4.5 4.4 4.6 4.7 4.7 4.8 4.8 4.8 5.1 5.2 5.2 5.3 5.3 5.6 5.3 5.4 5.3 5.3 5.2 5.3 5.5 5.6 5.7 5.8 5.8 5.7 5.6 5.9 5.9 6.2 6.2 6 6.2 6.4 6.2 6.1 6.2 6.1 6 6.3 6.3 6.5 6.5 6.7 6.8 7.1 7.2 7.3 7.3 7.5 7.9 7.8 8.2
3.5 3.4 3.2 3.3 3.4 3.4 3.6 3.9 3.7 3.7 3.9 3.7 3.7 3.9 3.8 3.6 3.8 3.7 3.8 3.9 4 4.2 4.2 4.4 4.3 4.3 4.3 4.3 4.2 4.3 4.5 5.3 5.4 5.3 5.1 4.5 4.6 4.7 5 5 4.9 4.8 5.1 5.2 5.3 5.1 5 5 5.2 5.4 5.6 5.4 5.6 5.9 5.8 6.1 6 5.9 6.1 6.3 6.2 6.4 6.4 6.4 6.6 6.7 6.8 6.9 6.9 7.1 7.2 7.4 7.6 7.6 7.8 8
3.5 3.5 3.6 3.8 3.8 4 3.9 4.2 4.3 3.9 3.9 3.9 4 3.9 3.7 3.9 4 4 4.2 4.4 4.2 4.4 4.3 4.4 4.3 4.2 4.1 4.3 4.4 4.3 4.3 4.3 4.4 4.6 4.3 4.3 4.4 4.3 4.3 4.4 4.4 4.4 4.6 4.6 4.7 4.6 4.6 4.6 4.7 4.7 4.7 4.8 4.9 5.8 6.1 6.1 6.2 6.1 5.1 5.3 5.3 5.3 5.5 5.8 5.6 5.6 5.8 5.9 6.3 6.3 6.3 6.4 6.7 6.9 6.9 7.1
3.9 3.8 3.9 3.9 4.1 4.1 4.1 4.2 4.2 4.2 4.3 4.3 4.4 4.5 4.6 4.6 4.5 4.4 4.1 4.1 4.2 4.4 4.5 4.4 4.5 4.4 4.4 4.3 4.3 4.4 4.3 4.3 4.3 4.6 4.6 4.7 4.6 4.6 4.6 4.6 4.6 4.6 4.7 4.7 4.7 4.9 4.8 4.8 4.8 4.9 4.9 4.9 4.9 5.1 5 5.1 5.2 5.2 5.1 5.2 5.2 5.3 5.4 5.4 5.5 5.6 5.4 5.6 5.6 5.7 5.8 5.9 5.8 5.8 6.1 6
4.5 4.6 4.4 4.5 4.5 4.4 4.3 4.3 4.3 4.4 4.5 4.6 4.5 4.5 4.5 4.7 4.7 4.7 5 5 5 5 5 5 5 5.1 5.1 4.9 5 4.8 4.7 4.7 4.7 4.7 4.8 4.8 4.8 4.7 4.6 4.7 4.9 4.9 5 5.1 5.1 4.9 4.9 4.9 4.9 5 5.2 5.3 5.1 5.1 5.1 5 5.1 5.2 5.5 5.3 5.3 5.4 5.4 5.3 5.3 5.5 5.5 5.5 5.5 5.5 5.8 5.7 5.7 5.9 5.8 5.9
4.5 4.5 4.5 4.5 4.4 4.4 4.5 4.5 4.5 4.3 4.6 4.6 4.6 4.6 4.6 4.6 4.7 4.7 4.6 4.6 4.8 4.8 4.7 4.7 4.7 4.9 5.1 5.2 5.1 5.2 5.1 5.1 5.2 5.3 5.1 5.2 5.2 5.3 5.3 5.3 5.2 5.2 5.3 5.3 5.3 4.9 4.8 4.8 4.9 4.9 5 5 5 4.9 5 5.1 5.1 5.1 5.2 5.2 5.2 5.2 5.2 5.2 5.2 5.2 5.4 5.4 5.4 5.3 5.5 5.5 5.5 5.7 5.9 5.9
