datasets/global_precipitation_1950_2017/rasters/precip_2017-total.asc
NCOLS 720 
NROWS 347 
XLLCORNER -180 
YLLCORNER -90 
CELLSIZE 0.5 
NODATA_value -9999 
[rows 306 to 339 of 347, columns 304 to 379 of 720]
-9999 -9999 -9999 -9999 -9999 -9999 -9999 -9999 -9999 -9999 -9999 -9999 -9999 -9999 -9999 -9999 -9999 -9999 -9999 -9999 -9999 -9999 -9999 -9999 -9999 -9999 -9999 -9999 -9999 -9999 -9999 -9999 -9999 -9999 -9999 -9999 -9999 -9999 -9999 -9999 -9999 -9999 -9999 -9999 -9999 -9999 -9999 -9999 -9999 -9999 -9999 -9999 -9999 -9999 -9999 -9999 -9999 -9999 -9999 -9999 -9999 -9999 -9999 -9999 -9999 -9999 -9999 -9999 -9999 -9999 -9999 -9999 -9999 -9999 -9999 -9999
-9999 -9999 -9999 -9999 -9999 -9999 -9999 -9999 -9999 -9999 -9999 -9999 -9999 -9999 -9999 -9999 -9999 -9999 -9999 -9999 -9999 -9999 -9999 -9999 -9999 -9999 -9999 -9999 -9999 -9999 -9999 -9999 -9999 -9999 -9999 -9999 -9999 -9999 -9999 -9999 -9999 -9999 -9999 -9999 -9999 -9999 -9999 -9999 -9999 -9999 -9999 -9999 -9999 -9999 -9999 -9999 -9999 -9999 -9999 -9999 -9999 -9999 -9999 -9999 -9999 -9999 -9999 -9999 -9999 -9999 -9999 -9999 -9999 -9999 -9999 -9999
-9999 -9999 -9999 -9999 -9999 -9999 -9999 -9999 -9999 -9999 -9999 -9999 -9999 -9999 -9999 -9999 -9999 -9999 -9999 -9999 -9999 -9999 -9999 -9999 -9999 -9999 -9999 -9999 -9999 -9999 -9999 -9999 -9999 -9999 -9999 -9999 -9999 -9999 -9999 -9999 -9999 -9999 -9999 394.7 -9999 -9999 -9999 -9999 -9999 -9999 -9999 -9999 -9999 -9999 -9999 -9999 -9999 -9999 -9999 -9999 -9999 -9999 -9999 -9999 -9999 256.3 248.8 241.2 233.8 227.7 221.8 216.4 209.7 204 199.2 194.9
-9999 -9999 -9999 -9999 -9999 -9999 -9999 -9999 -9999 -9999 -9999 -9999 -9999 -9999 -9999 -9999 -9999 -9999 -9999 -9999 -9999 -9999 -9999 -9999 -9999 -9999 -9999 -9999 -9999 -9999 -9999 -9999 -9999 -9999 -9999 396.8 396.4 395.7 -9999 -9999 -9999 394.2 393.5 392.3 -9999 -9999 -9999 -9999 -9999 -9999 -9999 -9999 -9999 -9999 -9999 -9999 -9999 310.6 302.2 294.8 288.4 282.1 276.8 270.7 264.5 259.3 254.3 249 245.7 241.5 239.8 237 235.4 233.7 235.2 238
-9999 -9999 -9999 -9999 -9999 -9999 -9999 -9999 -9999 -9999 -9999 -9999 -9999 -9999 -9999 -9999 -9999 -9999 -9999 -9999 -9999 -9999 -9999 -9999 -9999 -9999 -9999 -9999 -9999 -9999 -9999 -9999 -9999 -9999 396.6 396.1 395.4 395.3 395.1 394.6 394.1 392.6 391.9 390 387.4 385.5 382.4 377.4 371.7 365.1 357.9 350.3 342.9 334 326.6 318.8 311.3 302.9 295.1 290.6 284.8 280.8 277.3 273.7 268.4 263.6 260.1 257.7 255.9 254.5 253.7 255.5 252.7 253.6 255.1 257.7
-9999 -9999 -9999 -9999 -9999 -9999 -9999 -9999 -9999 -9999 -9999 -9999 -9999 -9999 -9999 -9999 -9999 -9999 -9999 -9999 -9999 -9999 -9999 -9999 -9999 -9999 -9999 -9999 -9999 -9999 -9999 -9999 -9999 -9999 394.5 395.3 394.8 394.7 393.9 393.2 392.8 391.8 387.6 385 384 379.9 375.9 370 363.8 357.1 349.5 342.4 335.6 327.4 320.5 313.2 306.9 301.4 296.1 290.5 286.3 282.8 280 277.6 275.2 272.4 269.4 268.4 267 266.4 265.9 265.4 265.1 265.1 265.7 266.4
-9999 -9999 -9999 -9999 -9999 -9999 -9999 -9999 -9999 -9999 -9999 -9999 -9999 -9999 -9999 -9999 -9999 -9999 -9999 -9999 -9999 -9999 -9999 -9999 -9999 -9999 -9999 -9999 -9999 -9999 391.7 391.5 392.3 392.6 393.1 393.1 393.1 392.9 392.3 391.8 390.3 389 387.1 383.5 379.8 375.4 369.5 364.4 357.5 350.3 343.7 337.2 331.5 325.5 319.9 314.4 308.9 303.4 298.8 294.3 290.5 288.4 286 284 282.3 280.7 278.1 277.1 276.2 275.4 274.6 274 273.6 273.4 281.8 282
-9999 -9999 -9999 -9999 -9999 -9999 -9999 -9999 -9999 -9999 -9999 -9999 -9999 -9999 -9999 -9999 -9999 -9999 -9999 -9999 -9999 -9999 -9999 -9999 384.2 384.4 385.1 385.4 386.1 386.8 387.6 388.3 388.6 389.1 389.2 389.8 390.1 390.2 389 389.7 389 387.3 384.5 382.5 377.3 372.3 366.9 361.5 355.3 348.6 342.2 337.2 331.6 326.8 322.3 317.3 311.8 308.4 303.1 298.9 295.4 292.7 291.1 289.4 288.1 286.5 285.4 284.6 283.1 281.9 281.2 280.2 286.9 287.1 287.1 286.9
-9999 -9999 -9999 -9999 -9999 -9999 -9999 -9999 -9999 -9999 -9999 -9999 -9999 -9999 -9999 -9999 -9999 -9999 -9999 -9999 -9999 -9999 -9999 -9999 378.3 379.1 379.8 380.6 381.3 382 382.8 383.5 383.9 384.6 385.6 385.7 385.8 386 386 386.2 385.7 385 382.9 380.1 374.1 371.1 366.6 360.6 353.2 348.2 344.2 339.2 334.2 329.7 325.2 321 315.7 311.9 308 304.5 301.2 298.3 296.8 295.5 294 292.6 298.1 297.5 296.9 296.5 295.7 294.2 293.7 293.4 293.3 292.8
-9999 -9999 -9999 -9999 -9999 -9999 -9999 -9999 -9999 -9999 -9999 -9999 -9999 -9999 -9999 -9999 -9999 -9999 -9999 -9999 -9999 -9999 -9999 -9999 -9999 371.9 373 373.6 374.7 375.8 376.6 377.8 378.1 379.2 379.9 380.5 381.1 381.1 381.2 380.4 378.6 377 376 373 369.2 364.9 361.1 357.2 352.2 348.2 343.6 339.7 335.9 332.3 327.8 323.8 320 316.4 312.6 309 305.8 303.2 301.8 306.4 305.8 304.6 303.1 302.7 301.9 301.3 302.2 300.4 299.3 298.7 297.9 296.6
-9999 -9999 -9999 -9999 -9999 -9999 -9999 -9999 -9999 -9999 -9999 -9999 -9999 -9999 -9999 -9999 -9999 -9999 -9999 -9999 357.5 358 358.4 359.3 360.5 361.3 362.6 364.2 365.3 367.3 367.9 368.9 369.7 370.9 371.7 372.1 372.3 372.9 373.1 371.5 370.3 369.4 370.1 366.8 365 359.2 358.6 354.4 351.1 347.2 343.1 339.7 336.4 333.5 329.9 326.6 323.4 320.3 317 319.2 315.5 313.6 312 310.9 309.9 309 308.2 307.3 307.5 306.7 305.5 304 303.1 301.2 300 297.8
-9999 -9999 -9999 -9999 -9999 -9999 -9999 -9999 -9999 -9999 -9999 -9999 -9999 -9999 -9999 -9999 -9999 -9999 343.4 343.4 343.8 344.2 344.7 345.5 346.1 347.3 348.6 349.7 350.9 352.2 357 357.8 358.7 359.4 360 360.3 360.3 361.1 360.7 359.7 358.4 357.9 357.2 358 356.2 353.8 351.5 349 347 344.6 341.7 340.5 337.8 334.6 332.3 331.6 328.9 326.2 324.1 322.1 320.6 318.5 316.7 314.5 314 312.6 310.9 309.2 308.7 307.5 306.4 304.9 302.4 300.3 295.8 294.4
-9999 -9999 -9999 -9999 -9999 -9999 -9999 -9999 -9999 317.9 319.5 320.7 321.5 322.2 322.5 323 323.3 324 324.4 325 325.8 326.6 327.3 328.3 329.3 330.5 332 333 334.2 335.3 340.5 341.8 342.9 344.3 345.1 346 346.8 344 344.5 344.5 345.3 344.5 343.3 343.7 343.1 341.6 340.8 340.3 339.6 339 338.7 337.3 335.5 334 332.3 330.4 328.8 327.2 325.3 323.4 321.5 319.7 317.8 315.4 313 310.8 309 305.6 302.3 300 298 294.9 290.6 286.3 282 277
-9999 288.4 289.7 291 292.1 292.9 293.8 294.6 295.7 297.1 298.9 300 300.8 301.6 302.5 303.2 304.1 304.8 305.3 306.2 307.2 308 308.9 309.9 310.8 312.1 313.5 315.4 316.6 317.5 320.5 321.7 322.9 324.1 325.5 326.2 327.3 329.2 328.9 329.3 329.1 328.7 328.1 328.8 328.7 328.3 327.9 328.2 328.3 328.3 327.9 327.6 327.1 326.5 325.6 324.3 322.4 321.8 320.2 317.8 315.1 312.5 310 307 302.4 301.2 296.6 292.3 286.6 283.4 277.6 271.6 266.3 261.6 255 247.8
269.3 270.2 271.5 272.8 274.2 275.7 276.3 277.9 278.6 279.8 280.5 281.9 282.7 283.9 284.6 285.5 286.2 287 287.9 288.6 289.9 290.5 291.2 292.4 293.1 294.3 295.1 297.2 298.3 299.1 299.9 301.2 301.9 303.5 305.3 306.8 307.5 308.7 309.5 310.2 310.7 311.7 311.2 313.2 313.1 313.4 313.9 313.9 314 313.3 312.6 312.3 311.5 310.9 309.7 308.3 306.9 304.7 302.8 299.4 295.9 293.5 288.7 284.3 279.5 272.4 267.3 262.5 258.3 251.7 245 237.6 231.4 224.6 217.9 211.4
255.3 256.4 257.2 258.1 258.9 259.5 260.6 262 262.8 263.8 264.9 265.8 266.7 267.5 268.4 269.2 270.1 270.9 271.5 272.3 273.1 273.8 274.5 275.3 276.3 276.7 277.3 278.2 281.9 281.1 282.9 283.8 284.7 285.5 286.1 287.3 288.1 288.9 289.3 290.1 290.9 292.5 293.2 293.5 294.3 294.7 295.5 295.5 295.5 295.5 294.7 293.2 290.9 288.9 286.1 282.7 279.8 276.4 273.2 269.6 265.7 260.1 254.8 248.7 242.1 235.6 230 223 216.7 209.5 202.2 197.5 188.1 180.9 173.6 166.4
243.5 244.1 245.2 245.8 246.1 246.4 247 247.9 248.5 249.2 250.2 251 251.5 252.7 252.6 253.3 254.2 255 255.6 256.5 257.2 258.2 258.8 259.5 260.2 260.6 262.4 262.1 264.7 265.3 265.6 266.3 267.1 267.9 268.5 268.6 268.8 269.3 273.1 270.6 271.6 272.7 273.5 274.4 274.2 273.5 272.6 271.4 270.2 268.4 266.4 267.3 264.6 261.4 257.4 253.4 248.7 243.7 238.4 232.6 226.7 221.1 216.5 209.6 201.5 194.3 187.5 180.8 174.7 167.9 161 152.2 145.8 140 131.7 126.1
235.5 235.7 233.7 235.3 235.1 234.8 234.7 235.4 235.7 236.6 237.1 237.5 237.5 237.6 237.9 240.2 238.7 239.2 240.1 240.7 241.3 242.5 244 244.6 245.2 246.2 246.1 246.3 250.6 249.9 250.5 249.4 250.2 250.4 250.2 251.2 251.8 252.4 253.1 253.5 253.9 254.3 254.4 254.6 253.9 253 251.2 248.8 246.2 242.8 239 235.1 231 226.5 221.5 216.2 210.6 204.5 198.5 192.5 186.2 178.7 172.6 166.5 160.6 155.1 138.5 130.8 123.1 127.8 120.8 103.8 99.3 94.4 88.8 85
224.1 224.1 222.1 222.3 222.6 223.2 223 223.4 222.8 223.7 224.2 224.9 224.5 224.4 224.5 224.2 225.1 226.3 226.4 226.9 227.4 231 231.1 230.9 229.6 230.2 232.1 232.2 232.4 232.2 232.2 232.2 238.2 235.7 236.1 236.5 236.6 236.9 236.9 236.9 236.4 235.9 235.1 233.7 232.3 229.9 226.5 222.8 218.4 214.1 208.5 202.7 196.5 190 182.6 174.9 172.9 160.4 154.1 147.7 141.2 134.7 114.8 108.5 102.6 96.8 91.2 86.5 81.7 77.4 73.2 63.7 65.1 52.6 50.4 48.4
212 212.2 209.6 210 210.4 210.4 210.6 210.3 210.2 209.8 212.6 210.9 211.6 212.5 212.1 213.7 214.6 212.7 213.2 213.7 214.2 214.3 214.8 214.3 215.9 216.6 217.1 217.8 218.3 218 218.1 221.7 221.8 222.2 221.3 221.7 221.5 221.2 220.4 219.7 218.4 216.6 214.8 212.2 209.4 205.9 201.7 196.9 191.4 185.2 178 173.9 162 153.6 144.8 136.5 127.9 119.3 111.2 103.3 95.9 89.5 83.5 77.7 72.9 67.5 63.2 55.7 47.9 41.7 48.9 33.5 32.1 30.3 29.1 27.6
199.9 200 196.3 196.9 197.1 197.5 197.4 197.4 197.3 197.6 201.5 201.5 197.9 200 200.6 200.5 200.7 200.8 200.5 202.6 202.5 202.6 200.6 201.5 201.9 202.2 203 203.1 203.3 203.2 203.3 203.3 203.1 203.1 202.8 206.6 205.8 205.2 204.1 202.9 201.5 199.5 197.1 193.8 186.9 181.6 176.7 172.7 165.3 157.5 149.4 141.1 132.4 124 115.7 107.1 99.2 91.2 83.9 77.1 70.9 65.3 60.7 54.5 47.2 41.1 35.3 43.3 27.4 24.9 22.7 20.7 18.8 17.4 27.9 26.3
185.2 185.3 183.7 184.1 184.7 184.9 185.2 184.9 184.7 184.7 186.3 186.9 185.6 185.7 185.9 186.2 186.5 186.6 186.6 186.4 187.8 188.3 187.2 187.6 187.9 189.6 188.5 188.5 188.3 188.4 188.4 188 187.6 187 186.3 185.4 184.4 186.4 185.5 183.2 181.5 178.3 174.5 169.8 165.3 159.7 153.3 146.8 139.6 131.7 124 115.8 107.4 102.8 95.5 88.3 74.9 67.5 61.3 55.8 50.6 44.5 42.7 35.9 32.2 29.3 26.5 24.1 21.7 19.7 17.6 15.9 14.1 12.9 11.9 10.9
170.9 171.2 171.2 171.3 172.2 172.2 172.5 172.7 172 172.1 172.5 172.5 172.4 172.5 173.4 174 173.5 173.4 173.6 173 173.4 173 173 172.7 173 172.8 172.5 172 171.8 170.8 170.4 169.4 167.9 166 164.7 163.3 162.1 161.5 162 158.8 156.4 152.1 146.9 141.9 136.4 130.6 124.7 118.6 111.7 104.8 97.8 90.9 83.8 76.6 69.5 62.1 55.9 49.6 45.2 39.8 36.3 32.8 29.8 27.6 25.3 23.2 21 18.6 17 15.7 14.1 12.9 11.6 10.5 9.3 8.5
158.4 158.4 157 157 156.7 156.5 156.3 156.5 156.4 156.6 156.3 156.1 156.2 155.9 155 154.7 154.7 154.2 153.7 153.3 153.2 152.6 152 151.5 150 149 148.2 147.5 146.9 145.6 144.2 142.6 140.9 138.9 134.9 133.3 134.4 131.8 128.2 124.8 120.6 119.5 115.2 110.5 102.3 99.5 93.5 87.3 81.3 75.3 69.5 63.7 57.8 52.2 47.7 42.5 38.4 34.4 31.2 28 27.5 24.8 22.6 19.3 17.7 16.1 14.7 13.6 12.1 10.7 9.8 8.6 7.7 7 6.3 5.6
137.7 137.6 137.2 137 136.4 135.9 135.5 134.6 133.2 132.5 131.8 131.5 130.6 130 129.3 128.2 128 126.8 126 125.1 123.8 122.7 121.4 120.2 118.7 117.6 116.2 113.5 112.4 110.4 108.8 106.5 104.4 102.4 98.9 96.1 93.5 91.3 89.4 87.9 84 80.1 76.1 72 68.1 64.5 60 55.5 51.4 47.1 43.2 39.6 36.3 33.3 30.2 27.3 25.3 23.4 21.7 19.7 18 17.8 16.4 13.5 12.4 11.4 10.6 9.8 9.1 8.5 7.9 7.3 6.7 6.1 5.5 5.1
111.9 111.1 110.4 109.2 108.2 107.3 106.2 105.3 103.9 103 101.9 100.9 99.9 98.4 96.2 95.1 94 92.3 90.7 89.6 87.9 86.2 84.8 83.2 81.6 79.8 77.7 75.9 73.7 71.8 69.5 67.1 65 62.8 60.7 58.2 55.7 55.2 52.6 49.7 47.2 44.6 42.2 39.5 37.4 35.2 33.1 31.3 29.4 28 26.5 25.1 24 22.5 21 19.7 18.4 17.1 15.9 14.7 13.6 12.5 11.8 10.9 10.2 9.4 8.7 8 7.5 6.9 7.2 6.8 6.2 5 4.5 4.1
81.5 80.3 79.3 78.1 76.8 75.3 74.1 72.9 71.8 70.1 68.6 67.2 65.5 64.2 62.4 60.8 59.4 58 56.5 54.2 52.9 51.1 49.7 48.1 46.4 44.8 43.3 41.3 39.4 37.7 36.1 35.5 34.6 34 33.4 32.5 31.7 31 30.3 29.4 28.8 27.8 26.9 25.9 25 23.5 22.6 22 21.2 20.3 19.4 18.2 17.4 16.4 15.5 14.5 13.5 12.7 12 11.8 11.1 10.4 9.8 9.3 8.8 8.1 7.7 7.1 6.6 6.2 5.7 5.3 4.8 4.3 4.1 3.7
50.5 49.2 48.3 47.1 45.9 44.8 43.5 42.2 41.5 40.1 39.1 37.8 36.8 35.5 34.7 33.7 33 32.2 31.6 31 30.4 30.1 29.7 29.6 29.3 29 28.7 28.4 28.1 27.8 27.4 26.8 26.3 25.7 25 24.2 23.6 22.8 22 21.3 20.7 20.7 19.5 19.1 18.4 18 17.3 16.5 15.8 14 13.4 13.1 12.6 12.1 11.7 11.3 10.8 10.2 9.8 9.3 8.9 8.4 7.9 7.5 7 6.5 6.1 6.2 5.7 5.4 4.7 4.5 4.2 3.9 3.7 3.6
28.7 28 27.7 27.3 26.5 26.3 25.7 25.2 24.6 24.3 23.8 23.5 22.9 22.5 22.2 21.9 21.3 21 21.1 20.9 20.7 20.5 20.3 20.1 19.7 19.8 19.4 19.2 18.8 18.7 18.4 18.1 17.8 17.4 17.2 16.8 16.5 16.1 15.9 15.3 14.7 14 13.5 13 12.5 13.2 11.9 11.5 11.2 11 10.7 10.4 10.2 8.7 8.4 8.1 7.9 7.6 7.3 7.1 6.8 6.5 6.5 6.2 5.9 5.7 5.3 5 4.8 4.4 4.1 3.9 3.6 3.4 3.2 3.1
17.9 17.7 17.4 17.2 16.8 16.5 16.4 16 15.7 15.5 15 14.8 14.5 14.1 13.9 13.8 13.6 13.5 13.4 13.2 13.2 13 12.8 12.6 12.5 12.3 12.1 12 11.9 11.6 11.5 11.3 11.1 11 10.8 10.6 10.4 10.2 11 10.8 10.6 10.5 9.2 9 8.7 8.7 8.4 8.2 7.9 7.9 7.6 7.2 6.9 6.7 6.5 6.3 6 5.9 5.6 5.1 4.9 4.7 4.6 4.4 4.2 4 3.8 3.6 3.4 3.3 3.1 3 2.9 2.8 2.7 2.6
11.2 11.1 10.8 10.7 10.4 10.3 9.9 9.6 9.7 9.5 9.4 9.3 9.3 9.1 9.1 9 8.9 8.9 8.7 8.6 8.5 8.5 8.3 8.3 8.2 8.1 8 7.9 7.7 7.7 7.6 7.4 7.3 7.3 7.2 7.1 7 6.1 5.9 5.9 5.7 5.6 5.5 5.3 5.3 5.1 5 4.9 4.8 4.8 4.7 4.6 4.5 4.4 4.3 4.2 4.1 4 3.9 3.8 3.7 3.5 3.4 3.3 3.4 3.2 3.1 3 2.9 2.6 2.5 2.5 2.4 2.3 2.2 2.1
6.2 6.1 6 5.9 5.8 5.7 5.7 5.7 5.7 5.6 5.6 5.6 5.6 5.5 5.5 5.4 5.4 5.4 5.3 5.3 5.2 5.2 5.1 5.1 5 5 4.9 4.9 4.8 4.8 4.7 4.7 4.6 4.5 4.5 4.4 4.4 4.3 4.2 4.2 4.1 4 4 3.9 3.9 3.8 3.7 3.8 3.7 3.6 3.6 3.5 3.4 3.4 3.3 3.1 3 2.9 2.8 3 2.6 2.6 2.5 2.5 2.4 2.4 2 2 1.9 1.9 1.8 1.8 1.7 1.7 1.6 1.6
3.8 3.8 3.8 3.8 3.9 3.9 3.9 3.9 3.9 3.9 3.8 3.8 3.8 3.8 3.8 3.8 3.7 3.7 3.7 3.7 3.7 3.6 3.6 3.6 3.5 3.5 3.5 3.5 3.4 3.4 3.4 3.3 3.3 3.3 3.2 3.2 3.2 3.1 3.1 3 3 3 2.9 2.9 2.9 2.9 2.8 2.8 2.7 2.6 2.5 2.5 2.4 2.3 2.2 2.1 2 2.2 1.9 1.9 1.9 1.8 1.8 1.7 1.7 1.7 1.6 1.6 1.6 1.5 1.5 1.5 1.4 1.4 1.4 1.3
2.5 2.5 2.5 2.5 2.5 2.5 2.5 2.5 2.5 2.5 2.6 2.6 2.6 2.6 2.6 2.6 2.6 2.6 2.5 2.5 2.4 2.4 2.4 2.4 2.4 2.4 2.4 2.4 2.4 2.4 2.3 2.3 2.3 2.3 2.3 2.3 2.2 2.2 2.1 2.1 2.1 2 2 1.9 2 1.9 2 1.9 1.8 1.7 1.7 1.7 1.7 1.6 1.6 1.6 1.6 1.6 1.5 1.5 1.5 1.5 1.4 1.4 1.4 1.4 1.3 1.3 1.3 1.3 1.2 1.2 1.2 1.2 1.2 1.1
