datasets/global_precipitation_1950_2017/rasters/precip_1952-total.asc
NCOLS 720 
NROWS 347 
XLLCORNER -180 
YLLCORNER -90 
CELLSIZE 0.5 
NODATA_value -9999 
[rows 0 to 33 of 347, columns 532 to 607 of 720]
-9999 -9999 -9999 -9999 -9999 -9999 -9999 -9999 -9999 -9999 -9999 -9999 -9999 -9999 -9999 -9999 -9999 -9999 -9999 -9999 -9999 -9999 -9999 -9999 -9999 -9999 -9999 -9999 -9999 -9999 -9999 -9999 -9999 -9999 -9999 -9999 -9999 -9999 -9999 -9999 -9999 -9999 -9999 -9999 -9999 -9999 -9999 -9999 -9999 -9999 -9999 -9999 -9999 -9999 -9999 -9999 -9999 -9999 -9999 -9999 -9999 -9999 -9999 -9999 -9999 -9999 -9999 -9999 -9999 -9999 -9999 -9999 -9999 -9999 -9999 -9999
-9999 -9999 -9999 -9999 -9999 -9999 -9999 -9999 -9999 -9999 -9999 -9999 -9999 -9999 -9999 -9999 -9999 -9999 -9999 -9999 -9999 -9999 -9999 -9999 -9999 -9999 -9999 -9999 -9999 -9999 -9999 -9999 -9999 -9999 -9999 -9999 -9999 -9999 -9999 -9999 -9999 -9999 -9999 -9999 -9999 -9999 -9999 -9999 -9999 -9999 -9999 -9999 -9999 -9999 -9999 -9999 -9999 -9999 -9999 -9999 -9999 -9999 -9999 -9999 -9999 -9999 -9999 -9999 -9999 -9999 -9999 -9999 -9999 -9999 -9999 -9999
-9999 -9999 -9999 -9999 -9999 -9999 -9999 -9999 -9999 -9999 -9999 -9999 -9999 -9999 -9999 -9999 -9999 -9999 -9999 -9999 -9999 -9999 -9999 -9999 -9999 -9999 -9999 -9999 -9999 -9999 -9999 -9999 -9999 -9999 -9999 -9999 -9999 -9999 -9999 -9999 -9999 -9999 -9999 -9999 -9999 -9999 -9999 -9999 -9999 -9999 -9999 -9999 -9999 -9999 -9999 -9999 -9999 -9999 -9999 -9999 -9999 -9999 -9999 -9999 -9999 -9999 -9999 -9999 -9999 -9999 -9999 -9999 -9999 -9999 -9999 -9999
-9999 -9999 -9999 -9999 -9999 -9999 -9999 -9999 -9999 -9999 -9999 -9999 -9999 -9999 -9999 -9999 -9999 -9999 -9999 -9999 -9999 -9999 -9999 -9999 -9999 -9999 -9999 -9999 -9999 -9999 -9999 -9999 -9999 -9999 -9999 -9999 -9999 -9999 -9999 -9999 -9999 -9999 -9999 -9999 -9999 -9999 -9999 -9999 -9999 -9999 -9999 -9999 -9999 -9999 -9999 -9999 -9999 -9999 -9999 -9999 -9999 -9999 -9999 -9999 -9999 -9999 -9999 -9999 -9999 -9999 -9999 -9999 -9999 -9999 -9999 -9999
-9999 -9999 -9999 -9999 -9999 -9999 -9999 -9999 -9999 -9999 -9999 -9999 -9999 -9999 -9999 -9999 -9999 -9999 -9999 93.2 -9999 -9999 -9999 -9999 -9999 -9999 -9999 -9999 -9999 -9999 -9999 -9999 -9999 -9999 -9999 -9999 -9999 -9999 -9999 -9999 -9999 -9999 -9999 -9999 -9999 -9999 -9999 -9999 -9999 -9999 -9999 -9999 -9999 -9999 -9999 -9999 -9999 -9999 -9999 -9999 -9999 -9999 -9999 -9999 -9999 -9999 -9999 -9999 -9999 -9999 -9999 -9999 -9999 -9999 -9999 -9999
-9999 -9999 -9999 -9999 -9999 -9999 -9999 -9999 -9999 -9999 -9999 -9999 -9999 93.2 -9999 93.6 94.2 96.4 94.3 95.3 95.9 96.9 97.3 97.9 -9999 -9999 -9999 -9999 -9999 -9999 -9999 -9999 -9999 -9999 -9999 -9999 -9999 -9999 -9999 -9999 -9999 -9999 -9999 -9999 -9999 -9999 -9999 -9999 -9999 -9999 -9999 -9999 -9999 -9999 -9999 -9999 -9999 -9999 -9999 -9999 -9999 -9999 -9999 -9999 -9999 -9999 -9999 -9999 -9999 -9999 -9999 -9999 -9999 -9999 -9999 -9999
-9999 -9999 -9999 -9999 -9999 -9999 -9999 -9999 -9999 -9999 -9999 -9999 94.2 94.5 -9999 94.9 95.4 96.9 96.8 97.8 99.1 99.8 100.7 -9999 -9999 -9999 -9999 -9999 -9999 -9999 -9999 -9999 -9999 -9999 -9999 -9999 -9999 -9999 -9999 -9999 -9999 -9999 -9999 -9999 -9999 -9999 -9999 -9999 -9999 -9999 -9999 -9999 -9999 -9999 -9999 -9999 -9999 -9999 -9999 -9999 -9999 -9999 -9999 -9999 -9999 -9999 -9999 -9999 -9999 -9999 -9999 -9999 -9999 -9999 -9999 -9999
-9999 -9999 -9999 -9999 -9999 -9999 -9999 -9999 -9999 -9999 -9999 -9999 -9999 92.4 93.1 -9999 96 97.5 99.4 101.1 103.6 -9999 106.6 107.5 108.3 108.1 107.2 105.9 -9999 -9999 -9999 -9999 -9999 -9999 -9999 -9999 -9999 -9999 -9999 -9999 -9999 -9999 -9999 -9999 -9999 -9999 -9999 -9999 -9999 -9999 -9999 -9999 -9999 -9999 -9999 -9999 -9999 -9999 -9999 -9999 -9999 -9999 -9999 -9999 -9999 -9999 -9999 -9999 -9999 -9999 -9999 -9999 -9999 -9999 -9999 -9999
-9999 -9999 -9999 -9999 -9999 -9999 -9999 -9999 -9999 -9999 -9999 -9999 -9999 -9999 -9999 -9999 -9999 105.7 109.3 112.5 116.5 119.8 122.2 124.2 124.7 124.4 122 -9999 -9999 -9999 -9999 100.5 -9999 96.4 -9999 -9999 -9999 -9999 -9999 -9999 -9999 -9999 -9999 -9999 -9999 -9999 -9999 -9999 -9999 -9999 -9999 -9999 -9999 -9999 -9999 -9999 -9999 -9999 -9999 -9999 -9999 -9999 -9999 -9999 -9999 -9999 -9999 -9999 -9999 -9999 -9999 -9999 -9999 -9999 -9999 -9999
-9999 -9999 -9999 -9999 -9999 -9999 -9999 -9999 -9999 -9999 -9999 -9999 -9999 -9999 -9999 -9999 -9999 -9999 -9999 -9999 -9999 -9999 -9999 -9999 -9999 -9999 -9999 -9999 -9999 137 129 124.9 121.7 120.6 118.5 117.4 115.9 114.9 114 -9999 -9999 -9999 -9999 -9999 -9999 -9999 -9999 -9999 -9999 -9999 -9999 -9999 -9999 -9999 -9999 -9999 -9999 -9999 -9999 -9999 -9999 -9999 -9999 -9999 -9999 -9999 -9999 -9999 -9999 -9999 -9999 -9999 -9999 -9999 -9999 -9999
-9999 -9999 -9999 -9999 -9999 -9999 -9999 -9999 -9999 -9999 -9999 -9999 -9999 -9999 -9999 -9999 -9999 -9999 -9999 -9999 -9999 -9999 -9999 -9999 -9999 -9999 -9999 -9999 142.2 139.1 135.6 132.3 129.5 129.2 128.5 125.7 -9999 -9999 -9999 -9999 110.1 -9999 -9999 -9999 -9999 -9999 -9999 -9999 -9999 -9999 -9999 -9999 -9999 -9999 -9999 -9999 -9999 -9999 -9999 -9999 -9999 -9999 -9999 -9999 -9999 -9999 -9999 -9999 -9999 -9999 -9999 -9999 -9999 -9999 -9999 -9999
-9999 -9999 -9999 -9999 -9999 -9999 -9999 -9999 -9999 -9999 -9999 -9999 -9999 -9999 -9999 -9999 -9999 -9999 -9999 -9999 -9999 -9999 -9999 -9999 -9999 -9999 -9999 -9999 -9999 -9999 -9999 -9999 -9999 -9999 -9999 -9999 -9999 -9999 -9999 -9999 -9999 -9999 -9999 -9999 -9999 -9999 -9999 -9999 -9999 -9999 -9999 -9999 -9999 -9999 -9999 -9999 -9999 -9999 -9999 -9999 -9999 -9999 -9999 -9999 -9999 -9999 -9999 -9999 -9999 -9999 -9999 -9999 -9999 -9999 -9999 -9999
-9999 -9999 -9999 -9999 -9999 -9999 -9999 -9999 -9999 -9999 -9999 -9999 -9999 -9999 -9999 -9999 -9999 -9999 -9999 -9999 -9999 -9999 -9999 -9999 -9999 -9999 -9999 -9999 -9999 -9999 -9999 -9999 137.2 135.6 134 130.8 126.2 119.8 111.7 -9999 -9999 -9999 -9999 -9999 -9999 -9999 -9999 -9999 -9999 -9999 -9999 -9999 -9999 -9999 -9999 -9999 -9999 -9999 -9999 -9999 -9999 -9999 -9999 -9999 -9999 -9999 -9999 -9999 -9999 -9999 -9999 -9999 -9999 -9999 -9999 -9999
-9999 -9999 -9999 -9999 -9999 -9999 -9999 -9999 -9999 -9999 -9999 -9999 -9999 -9999 -9999 -9999 -9999 -9999 -9999 -9999 -9999 -9999 -9999 -9999 -9999 -9999 -9999 -9999 -9999 -9999 154.6 154.3 151.1 148.7 145.8 141.8 136.9 132.3 128.8 126.8 125.5 126 -9999 -9999 -9999 -9999 -9999 -9999 -9999 -9999 171.1 -9999 -9999 -9999 -9999 -9999 -9999 -9999 -9999 -9999 -9999 -9999 -9999 -9999 -9999 -9999 -9999 -9999 -9999 -9999 -9999 -9999 -9999 -9999 -9999 -9999
-9999 -9999 -9999 -9999 -9999 -9999 -9999 -9999 -9999 -9999 -9999 -9999 -9999 -9999 -9999 -9999 -9999 -9999 -9999 178.7 172.7 -9999 -9999 -9999 -9999 -9999 -9999 198.5 194.4 190 186.5 183.9 182.1 180.4 178.8 175.6 169.5 162.4 157.5 151.5 147.9 148.5 148.1 147.8 148.1 149.2 150.8 151.6 153 152.7 151.6 149.9 147.9 -9999 -9999 -9999 -9999 -9999 -9999 -9999 -9999 -9999 -9999 -9999 -9999 -9999 -9999 -9999 -9999 -9999 -9999 -9999 -9999 -9999 -9999 -9999
-9999 -9999 -9999 -9999 -9999 -9999 -9999 -9999 -9999 -9999 -9999 -9999 -9999 184.3 185.8 187.2 188.9 189.4 190.3 189.2 190.9 193 196.3 200.9 205.2 209.9 214.1 217.4 221 224.4 227.8 230.6 234.7 237.5 238.5 237.9 234.7 229 218.6 206.9 193.2 178.6 167.5 160 155.9 153.4 151.1 150.1 148.5 147.3 145.7 144.2 143.7 142.8 142.7 144.7 -9999 -9999 -9999 -9999 -9999 -9999 -9999 -9999 -9999 -9999 -9999 -9999 -9999 -9999 -9999 -9999 -9999 -9999 -9999 -9999
-9999 -9999 -9999 -9999 -9999 206.2 204.3 202.2 200.8 199.9 198.9 198.9 199.5 200.6 202.6 204.8 207.3 210.4 213.8 218.6 224.3 231.3 237 244.1 250.7 258.1 264.7 271.2 275.1 278.9 282.3 283.6 283.3 282.2 279.6 280.5 276.3 268.9 255.8 238.9 221.8 204.4 190.1 177.6 168.2 161 155.9 152.3 150.8 149.6 148.8 148.3 148.7 150.1 152.6 -9999 -9999 -9999 -9999 -9999 -9999 -9999 -9999 -9999 -9999 -9999 -9999 -9999 -9999 -9999 -9999 -9999 -9999 -9999 -9999 -9999
-9999 -9999 242.5 236.8 233.1 230.5 227.9 225.6 224.3 223.1 222.9 223.5 224.4 226.4 228.8 233 237.9 243.5 250.5 257.3 266.6 275.4 283.6 293.4 304.4 313.1 319.8 327.8 332.6 335.7 334.4 329.2 322.1 314 308.1 301.6 293.8 281 270.2 255.5 238.9 221.7 205.7 191.3 179.7 168.6 162.3 155.9 151.1 146.2 142.7 138.9 -9999 -9999 -9999 -9999 -9999 -9999 -9999 -9999 -9999 -9999 -9999 -9999 -9999 -9999 -9999 -9999 -9999 -9999 -9999 -9999 -9999 -9999 -9999 -9999
-9999 292 282.7 274.8 267.9 262.5 259 255.5 252.5 251.4 250.2 250 250.5 251.5 255.7 260.4 266.1 273 280.9 290 296.7 308.3 317.6 326.6 332.2 341.3 349 358.1 366.7 372.3 370.5 360.7 348 335.1 323.8 311.7 299.5 285.1 271.2 256.4 241.6 227.7 213.8 200.9 188.8 177.1 168.3 159.3 -9999 -9999 -9999 138.7 136.2 134.4 -9999 -9999 -9999 -9999 -9999 -9999 -9999 -9999 -9999 -9999 -9999 -9999 -9999 -9999 -9999 -9999 -9999 -9999 -9999 -9999 -9999 -9999
338.6 324.5 317.3 306.8 296.9 290.9 285.1 279.4 276.6 274.8 270.9 273 272.6 274.7 277.2 279.9 285.6 291.7 297.6 303.9 311.1 317.8 322.8 327.3 328.3 331.3 336.1 339.9 339.8 341.7 338.4 333.6 326 316.6 306.8 296.4 284.6 273.2 260.7 248.7 237.2 225.5 215.3 206.7 201.7 -9999 -9999 203.2 184.5 -9999 153.6 -9999 -9999 -9999 147.1 -9999 -9999 -9999 -9999 -9999 -9999 -9999 -9999 -9999 -9999 -9999 -9999 -9999 -9999 -9999 -9999 -9999 -9999 -9999 -9999 -9999
358 345.6 336.1 325.4 315.4 306.2 297 291.8 290.7 292.2 293.9 295.4 299.3 304.3 308 310.7 312 313.8 314.9 316.3 316.4 317.1 317.4 316.7 316.4 315.2 313.3 309.7 306 301.9 298.3 293.3 286.8 283 276.5 268.9 260.2 251.7 244.1 235.7 -9999 -9999 -9999 -9999 -9999 189.2 184.8 182.5 180 175.6 170.5 165 160.8 158.4 157.3 157.2 158.1 159.5 161.5 164.4 166.6 169.8 172.2 174.9 176.9 -9999 -9999 -9999 -9999 -9999 -9999 -9999 -9999 -9999 -9999 123.5
362.9 356.2 350.5 342.1 338.7 333.2 330 327 331.2 334.6 337.7 340.3 342 342.5 343.2 340.7 338.5 339.5 334.3 330.7 328.8 326 323.2 319.3 315.5 310.2 303.9 297.2 289.4 281.4 275.1 268.5 262 255.9 250.1 244.5 240.4 236.1 231 226.3 219.9 213.6 207.2 200.4 192.5 187.2 181.8 179.8 174.5 170.9 167.9 165.9 163.5 162 161 161.6 162.6 163.8 165.7 168.1 171 173.2 177 180.3 184.1 189.9 194.8 199.9 198.7 192.7 184.4 175.5 168.2 162.4 155.6 150.7
375.2 386.9 388.7 400 411.6 422.5 431.4 434.3 432.5 425.7 416.8 407.4 395.1 387 379.5 372.8 365.6 357.6 350 345.9 339.9 333.8 330.3 324 320.9 316.6 311.6 306.1 300 293.2 284.4 267.6 253.1 235.6 228.8 228.7 228.7 228 226.5 223.2 220.2 215.2 209.3 202.6 195.4 189.1 182.3 176.7 173 168.5 165.6 162.9 161.3 160 160.9 161.4 162.8 164.1 166.6 168 169.9 171.8 174 176.1 178.8 182.3 186 188.3 190.3 190.8 189.7 187.8 180.7 182.6 179 175.5
409 440.7 480.7 513.2 542.7 568.4 557.2 554.7 547.7 531.7 506.8 478.7 451.6 427.3 404.2 385.6 370.7 360.5 354.1 350.6 346 341.4 337.1 335.5 331.7 327.7 323.7 320.7 318.3 316.3 315.5 315.2 306.9 272.6 256.5 247.1 241.6 238.2 234.3 230.1 225.2 219.4 213.2 206.6 198.7 191.7 184.3 178.4 173.7 169.9 166.5 162.9 160 156.9 155.1 153.7 153.9 157.2 159.6 161.9 163.9 166.8 168.8 170.7 173.1 177.2 181.1 185.2 189.2 190.2 190.6 189.6 187.5 185.3 183.1 182.5
437.6 487.5 539.5 597.2 653 708.7 741.8 752.9 729.5 681.2 620.5 561.6 500.7 443.6 396.9 363 343.7 343.4 349.1 353.4 354.1 351.9 348 343.2 339 335.1 330.8 325.5 321.3 317.2 313.7 308.1 300.5 275 268.7 261.7 255.6 249.9 245 239.2 231.8 225.6 218.5 211.2 203.5 197.1 191.4 185.5 180.1 177.3 173.9 171.5 169.2 167.1 167.2 166.3 166.5 166.5 167.2 167 167.5 168.2 170.3 172.2 173.8 175.3 180.6 184.9 190.2 193.2 195.4 196.5 197.6 199.6 202.8 204.2
407.4 469.4 498.8 569.1 651.2 733.6 801.8 846.4 828.1 751.7 665.8 586.1 522.1 459 420.5 396.5 386.1 384.6 381.8 379.2 375.1 369.4 361.6 353.6 346.1 338.6 331.3 324.8 320.7 315.2 309 304.1 298.9 279.3 274 269.9 264.8 260.6 255.2 248.9 242.4 235.5 228.8 222 215 208.7 203.2 198.8 193.7 192.4 189.5 188 187.5 186.7 187.5 188 187.5 186.4 184.5 183.5 183.6 183.7 183.9 184.7 184.6 189.1 193.6 198 203.1 207.4 210.5 213.3 215.3 218.7 222.6 226
334.1 365.9 406.5 454.6 494 539.4 577.4 606.1 615.4 603.2 576.4 543.3 502.7 478.8 455.4 437.3 423.8 414.2 404.3 397.4 388.7 379 369.1 358.4 349.2 340.2 331.4 323.7 316.4 310.5 305.7 301.6 297.6 286.6 283.2 279.7 276.3 272.1 268 262.8 256.4 251.2 245.2 238.9 232.1 226.5 221.7 217.4 213.8 210.9 208.4 206 204.7 203.8 203.3 202.7 202.7 202 201.6 201 200.3 200.2 200.6 201.7 204 205.7 209.1 212.3 216.2 219.5 222.4 225.1 227.2 229.4 231.3 232.3
280.8 286.1 315 347.8 377.1 405.1 433.3 455.2 473.6 478.9 486.4 480.9 473 465.3 455 444.4 434.3 423.3 412.4 400.5 387.8 377.3 364.9 354.4 344.9 335.2 328 322.1 316.2 311.1 306.8 303.2 298.9 294.4 290.3 287.1 283.6 279.6 275.6 271.6 267.5 261.5 257.1 251.6 245.6 239.2 233.4 228.6 223.8 220.4 217.5 214.6 212.4 210.1 208.9 207.9 207.6 207.8 209.2 210.2 211 211.5 211.5 212.2 212.2 212.4 213.3 214.8 217.1 220.5 223.8 227.4 229.9 232.1 233.3 234.1
354 316.9 328.6 347.9 359 370.4 385.7 402.6 418.3 431 440.1 445.9 448.7 448.8 445.6 440 432.2 419.6 404.7 395 380.8 367.3 353.8 344.2 337.8 329.7 325.6 321.4 317.8 314.2 311.1 307 302.2 297.9 294.1 290.6 286.4 283 279.1 275.1 271.6 266.2 262.1 256.6 250.3 243.8 237.8 232.2 227.8 223.6 220.4 218.3 216 215.8 215.3 215.3 215.2 215.9 216.3 217.1 217.5 218.2 217.9 216.9 214.1 211.1 209.4 209.8 212.7 216.9 221.7 227.1 231.9 236 239.3 241.1
403.9 401.6 396.5 395.5 397.6 400.4 404.1 409.2 419.4 427 433.5 438.4 441.6 444.1 444.1 443.2 437.7 425.7 408.2 389.8 371.8 356.6 346.5 338.7 332.7 328.1 323.5 321.1 318.8 317.1 315.6 306.9 303.1 296.8 292.1 288.1 285 282.8 279.2 275.2 271.2 266.9 262 256.9 251.3 245.9 240.4 234.5 229.9 226.2 222.5 219.5 218.3 223.4 225.6 225.2 224.3 222.9 221.2 219.3 217.1 214.4 212.6 209.9 198.1 190.1 192 197.2 204.3 212.1 220.2 227.9 235.2 241 245.9 249.1
440.4 448.4 457 465.5 462.1 454.2 447.7 443.6 442.8 444.5 447.5 451.2 454.2 459.5 460.8 461.9 462.4 452.7 435.7 415 391.7 372.3 356.4 344.3 334.1 326.8 321 317.2 315.6 306.3 305.1 303.2 297.4 290.3 287.5 285 282.8 279.6 277.7 274.6 270.2 266.4 262.2 258.5 253.6 248.9 244.3 240.2 237.1 234.7 233.9 235.1 238.3 239.5 237.7 235.6 232.8 230.3 226.7 222.1 216.7 209.7 201.5 192.7 186.2 185.7 190.3 197.6 206.2 215.1 222.5 229.7 236.1 241.7 244.3 247.3
509.1 506.1 492.3 485.6 481.2 476.1 471.3 467.6 466.2 464.2 466.5 467.4 467.7 469.9 471.3 472.3 472 466.2 451 435.5 416.6 394.5 372.1 349.9 334.1 320.5 310.8 305.5 301.8 297.4 295.3 292.1 289.7 287.4 284.7 281.4 279.8 279.2 275.2 271.6 267.5 264.8 261.8 258.4 255.1 252.5 249.5 247 245.8 245.1 244.9 245.8 246.4 246.7 247 246.2 244.6 242.1 239.1 235.2 229.7 223.5 217.7 213 210.5 209.8 211.8 215.9 221.3 226.7 232.3 236.8 240.9 243.9 243.7 244.6
465.3 451 461.5 470.1 474.7 477.2 477.2 476.6 475.8 475.5 475.1 475.3 475.1 475 474.8 474.9 474.1 472.7 462.7 449.3 431 408.3 381.3 355.8 334.4 316.8 305.8 297 290.5 286.3 281.7 280.3 277.6 276.5 274.3 273.3 272.2 271 269.8 268.3 265.2 263 260.5 257.9 256.3 255 254.6 254.4 255.5 256.2 257.7 259.8 262 264 265.7 265.9 265.4 264.6 261 257.1 251.5 246.6 241 237.1 234.2 232.7 234.4 236.2 239.5 243.5 247.2 250.5 252 252.3 248.7 247.2
473.7 477.7 481.2 485.5 488.8 489.9 489.8 487.8 484.8 481.6 478.8 477.2 475.8 474.7 474.1 473.9 471.6 466.9 458 445.7 426.4 402.4 374.7 347.5 326.2 308.6 295.4 285.9 278.6 273.4 268.7 266.9 262.6 262 261.6 259 258.5 260.3 260.4 260.2 258.4 258.7 258.8 259.2 258.4 259.7 261.3 263 265.3 268.8 272.3 275.4 279.7 283.5 287.3 289.6 291.7 290.2 286.3 281.3 275 269 262.2 256.6 253.5 252.3 252.5 253.8 256.1 259.2 262.4 266.5 269.4 273 282.8 277.2
