datasets/global_precipitation_1950_2017/rasters/precip_1967-total.asc
NCOLS 720 
NROWS 347 
XLLCORNER -180 
YLLCORNER -90 
CELLSIZE 0.5 
NODATA_value -9999 
[rows 102 to 135 of 347, columns 456 to 531 of 720]
268.1 277.8 324.6 343.1 288 241.2 158.2 131 242.4 545.5 442.2 192.6 112.6 126.7 124.7 112.4 103.2 105.3 125 134.7 137.6 140.9 142.4 140.3 129.7 116.7 111.3 119.9 126.4 124.8 131.3 140.8 155.4 170 187 198.2 249.9 322 310.5 287.2 275.3 303 332.5 344.1 363.7 375 384 413.5 469.7 562.5 511.4 479.3 677.7 902.7 1299.2 1963.1 3015.1 2217.7 1900.3 1490.7 739 506.9 231.2 88.4 109.5 105.7 96.6 90.1 109.7 139.9 150.6 156.6 189 187.9 224.7 283.2
248.2 261.5 384.1 366.9 322.5 249.2 174.1 154.3 182.8 226.2 220.8 137.9 93.4 135.6 124.7 108.6 97.7 101.1 115.6 128.9 136.8 134.4 125.1 113.7 97.1 84.9 77.2 78.9 86.5 95.2 110.9 124.3 128.4 159.7 171 177.4 221.8 284.8 300.6 287.8 281.3 307.3 325.4 338.6 353.3 381.8 323.5 385.8 493.5 545 449.1 468.6 535.4 719.4 804.9 1275.8 1966.9 1892.1 1217.9 2130.4 557.3 499.8 526.3 677.6 504.7 382.1 219.3 122.9 186.4 217.3 230.6 239.3 267.4 224.9 314.2 434.9
196.9 193.9 260.1 292.2 299.9 293.1 244.3 152.7 151.2 152.1 164.8 138.2 124.8 122.6 112.8 98.4 93.3 100.6 110.1 120.7 127.6 124.9 106.5 83.9 70.1 64.4 59.9 53.9 59.4 72.5 95.2 117 123.3 145.1 174.3 186.2 217.2 246.3 263.3 272.3 278.2 297.6 323 340.2 335 322.6 324.7 350 377.6 417.2 410.8 380.9 458.9 521.1 652.7 486.7 956.6 1440.7 1072.4 1053.5 680 615.1 1386.4 1601.2 1510.3 1027.5 328.2 270.8 456.4 521.7 429.8 384.7 381.2 367.3 628.2 864.3
197.3 201.4 220.6 230.4 306.1 306.8 292.4 220.7 191.7 187.4 192 162.1 137.3 112.4 100.6 86.8 83.8 100.1 108.9 115.2 120.1 114.3 91.3 64.3 55.4 56.3 59.6 54 53.1 60.4 78.7 106.5 125 144.1 175.7 206.7 232.4 247.6 253.1 268.2 265.6 277.8 320 350.1 316.2 290.7 303.1 313.1 332.9 362.6 346.4 337.2 405 383.1 472.1 724.7 885.9 1194.3 1864.5 1806.4 1710.9 1456.8 1584.9 1638.1 1450.6 918.5 358.9 412 692.4 989.1 1010.3 712.1 507.8 890.8 1402.6 1713.3
164.4 188.7 204.7 252.2 284.2 294.9 288 290.5 311.4 308 292.5 282.6 203.6 114.2 100.2 84.7 81.1 98.2 117.5 114.1 113.3 111.2 86.2 58.1 49.5 48.4 48.6 48.2 48.8 50.8 63.2 87.7 104.4 116.6 139.5 187.6 217.3 239 239.6 277.7 282.4 285.5 358.1 404.7 328.8 260.7 306.5 290.2 262.4 294.3 293.5 321.3 345 376.5 445.6 498.1 550.3 799.4 1342.1 1545.5 1512.2 1069 1201.7 1213.8 2168.9 1504.9 329.2 589.2 947.2 1106.9 1186.2 936 1143.8 1921.8 2145.4 2320.4
185 -9999 -9999 -9999 -9999 215.1 228 269.2 357.7 383.8 335.5 292.4 239.6 157.4 110.1 99.5 107 115.1 114.8 111.8 110.2 103.2 82 58.4 49.9 50.1 43.7 41.3 41 42.5 52.8 72.5 89.9 101.8 118.7 148 178.9 200.8 210.8 207.7 242.4 304.2 395.2 461.9 335 242.4 234.9 206.7 192.3 266.8 290.1 361.1 284.6 339.8 279.6 419.9 421.3 698.9 966.4 1161.6 1288.4 1843.4 1423.2 1513.4 2581.5 1932.4 1438.5 984.1 1056.9 1200.3 1008.8 674.2 652.5 1807.7 2121.8 2245.7
-9999 -9999 -9999 -9999 -9999 142.1 169.3 242.6 312.3 330.6 312.1 289.2 228.7 177.3 135.4 109.5 141.6 157.1 125.5 112.7 108.2 104.2 84.8 62.7 49.2 44.1 35.5 33.8 36.1 34.1 46.1 65.5 80.8 94.6 118.6 167.1 210.3 238.4 222 195 215 286.4 375.7 358.4 291.5 225.8 173.9 154.9 206.8 288.8 350.2 240.8 260.8 300.6 361.4 657.3 749.1 718.4 834.5 1083.6 1181.2 1220.5 1658.4 1802.8 1058.9 1420.9 1433.8 881.7 868 1114.9 917.6 557.4 696.8 1446.1 1861.8 1939.9
139.4 -9999 -9999 -9999 -9999 -9999 131.5 200.2 236.7 251 240.2 230.7 198.3 165.4 149.8 136.7 146 149.1 131 119 112.1 106.5 89.7 71.3 57.6 54.5 47.8 42.7 37.4 28.7 42.8 66.1 81.7 93.5 138 218.8 280.9 306.9 246.6 247.4 280.7 350.6 314.1 245.3 198.2 248.2 182 165.7 223.6 298.2 307.4 300.6 353.1 362.5 413.9 561.8 628.4 837.8 1112 1101.7 897.3 1264.1 1421.3 774 1294.2 1517.3 1713.5 1676.4 1794.4 1717.9 1179.7 291.1 1349.3 1564.9 1224.9 957.3
103.2 -9999 -9999 -9999 -9999 -9999 -9999 176.9 199.4 205 181.4 172 180.4 168.1 154.8 148.6 157.7 155.6 144.2 129.8 117.8 109.8 97.3 81 72.9 81.5 107.6 72.3 55.8 51.7 62.4 84.5 105.8 129 191.6 289.4 362.5 404.6 333.1 311.3 386.8 403.7 254.8 186.5 157.9 187.2 177.3 166.4 211.6 262.9 297.4 304.5 382.1 431.6 544.7 642.2 804.8 721.4 973.4 974.3 1473.9 1142.4 1144.2 1203.9 677 1392.7 1439.5 1446.8 1416.3 1376.3 1735.6 1891.5 2300 2023.9 1237.2 999.7
92.8 75.5 -9999 -9999 -9999 -9999 -9999 -9999 163.8 163.6 163.2 162.9 162.6 158 152.6 154.3 163.5 164.6 155.8 138.1 123.8 108.4 96.8 89.9 87.2 85.9 91.4 88.9 88.1 89.1 105.2 136.9 158.8 174.7 232.6 308.7 346.4 431.2 394.1 317 278.2 184.9 164.1 155.2 170 173.8 160.5 151.1 189.6 219.6 182.3 333.1 482.7 518.4 563.1 734.5 934.3 892.7 958.3 933.1 1135 1139.6 1016.6 957.1 919.5 905 1079.7 1107.4 1486.7 1331.1 1719.2 1742.1 2135.1 2026.7 1530.6 1849.9
75.9 60.2 47.8 -9999 -9999 -9999 -9999 -9999 -9999 -9999 142.3 147.8 150.2 150 146.3 145.5 162.9 165 152.7 136.3 121.6 110.6 98.3 97.5 99.1 85 92.1 101.7 109.5 121.9 143.1 170.8 193.9 195.5 242.2 298.2 301.3 325.1 350.5 313.5 288.3 266.3 197.3 138.7 156.9 177 158.1 152 210.4 241.9 327.1 348.7 432 498.7 598.6 685.1 1003.9 900.2 946.3 929.6 1073.8 1017.8 903.4 920.2 1047 951.3 889.7 1116.1 1160.5 1218 1411.5 1163.7 1643.1 1245.5 1509.1 1888.1
65.5 49.2 36.9 28.9 -9999 -9999 -9999 -9999 -9999 -9999 -9999 151.2 144 142.2 -9999 115.9 -9999 -9999 132.6 120.5 118.1 114.5 102.8 100.7 101.6 100.6 104 119.4 130.7 138.4 147.9 156.1 159.1 188.4 246 312.6 350.6 362.7 346.2 335.6 344.6 329 245.7 145.9 120.6 166.3 178.6 175.1 224.3 311.4 430 410.2 424.8 496.1 507.3 642.7 749.8 948.8 1023.5 1038.5 930.2 1188.8 976.5 928.4 1014.1 1119.5 1056.3 1103.2 1229.6 1287.5 1092.5 770.8 920.7 658.7 1078.5 1356.3
82.7 55.6 34.7 26 -9999 -9999 -9999 -9999 -9999 -9999 -9999 -9999 -9999 -9999 -9999 -9999 -9999 -9999 109.8 113.4 118.3 117.1 109.4 102.7 102.6 104.5 111.9 135.9 148.9 142.6 149.1 162.8 181.5 214 280.9 363.2 424 411.3 378.6 370.7 407.5 382.1 302.4 216.2 203 233.7 285 268.1 288.5 521.3 643.2 516.8 511.7 408.3 589.4 777.6 740.4 831.7 942.8 1056.9 1072.3 1014.9 1282.6 1143.3 1003.1 1047.8 1128.1 909.3 861.4 1001.1 712.8 810.7 660.4 1129.9 908.7 1193.1
114.7 73.9 44.4 31.3 -9999 -9999 30.5 -9999 -9999 -9999 -9999 -9999 -9999 -9999 -9999 -9999 102.2 -9999 -9999 99.5 115.4 116.1 108.2 103.2 101.7 103 107.2 118.5 125.9 133 149.3 175.1 222.1 262.5 306.3 369.4 411.6 400.4 396.3 386 370.8 326.9 308.2 250.6 260.6 298.4 290.5 302.5 332.7 475.4 784.2 655.7 523.5 570.5 659.3 752.7 547.1 763.9 899.9 970.1 1118.1 1269.7 1407.4 1200.4 1139.9 1180.3 899.5 1021.3 1014.1 859.2 948.6 824 650.8 847.2 1213.9 795.6
136.8 93 59.2 41.5 34.4 -9999 36.1 -9999 -9999 -9999 -9999 -9999 -9999 -9999 -9999 110.8 156 -9999 -9999 -9999 -9999 -9999 -9999 -9999 -9999 -9999 101.2 100.9 81 -9999 129.5 -9999 -9999 -9999 -9999 -9999 -9999 392.9 387.7 385.1 338.3 338.3 316.1 255 308.1 319.3 336.3 326.3 432.7 560.9 853.9 876.8 571.9 712.3 728.5 925.3 942.4 1015.8 1034 1019.8 1076.7 1216.5 1179.5 1123.6 1089.6 975.1 1297.3 1310.9 1354.4 1061 961.6 736.9 943.9 901.6 1125.3 1006.4
141.8 106.8 73.8 53.1 42.2 38 36.4 -9999 -9999 -9999 -9999 -9999 -9999 73.5 82.3 123.1 121.8 -9999 -9999 -9999 -9999 -9999 -9999 -9999 -9999 -9999 -9999 -9999 -9999 -9999 -9999 -9999 -9999 -9999 -9999 -9999 -9999 -9999 -9999 403.9 412 379.8 361.9 337 334.7 320 372.1 343.2 588.8 1307.4 987.9 824.6 675.7 861.9 733.1 927.8 926 1154.9 1329.3 1251.4 1246.4 1355.3 1449 1197.7 1198 1422.6 1376.6 1601.3 1372 897.9 658.8 854.2 1028.3 1032.8 1038.8 798.5
146.1 112.1 84.2 62 49.1 40.6 36.5 35.2 -9999 -9999 -9999 -9999 -9999 90.9 91.9 113 100.5 81.4 -9999 -9999 -9999 -9999 -9999 -9999 -9999 -9999 -9999 -9999 -9999 -9999 -9999 -9999 -9999 -9999 -9999 -9999 -9999 -9999 -9999 440.8 470.7 445 444.8 473.6 491.5 373.5 418.6 506.5 857.4 1276.8 870.5 542.7 660.6 778.2 883.3 915.5 810.8 1186.8 1022 1080.5 1073.4 1330.9 1905.4 1619 1342.7 1387.3 1372.7 1470.7 1179.7 1045.3 873.5 1033.7 1086.3 1054.9 854.3 1116
143.5 114.3 89.5 69.2 54.6 44.4 39.3 39.4 45.2 64.4 99.2 116.7 110.3 102.1 103.3 100.2 91.9 116.9 141.3 131.3 -9999 -9999 -9999 -9999 -9999 -9999 -9999 -9999 -9999 -9999 -9999 -9999 -9999 -9999 -9999 -9999 -9999 -9999 -9999 -9999 540 576.1 593.2 649.5 657.1 522.2 373.4 577.1 721.6 634.3 936.9 582.7 652.9 835.1 898.9 836.2 919.4 938.6 1030.8 1272.6 1249.3 1101.5 1067.3 1573.4 1494.1 1326.6 1239.8 1291.4 1463.1 1373.6 1171.3 1508.1 1568.5 1265.4 1175.6 1190.9
142.6 117.5 94.2 74.8 59.7 48.6 43.5 44.3 52.2 73.5 101.8 120 113.1 109.4 105.6 110 143.7 171.1 188.9 191.3 124.9 108.6 -9999 -9999 -9999 -9999 -9999 -9999 -9999 -9999 -9999 -9999 -9999 -9999 -9999 -9999 -9999 -9999 -9999 -9999 -9999 705.3 663.7 722.9 806.1 695.3 639.5 594.1 574.3 859.7 843.8 925.9 977.4 892.1 773.1 771.8 1141.3 884.7 919.8 1412 1442.4 1218.3 1219.4 1402.3 1622.5 1848.3 1421.6 1493.6 1556.6 1481.7 1248.9 1466.5 1415.3 1268.1 1361.2 1363.2
140.3 119.4 98 79.7 62.5 52.2 46.2 48.5 59.6 79.8 107 121.4 116.9 112.4 115 157 183.7 192.3 206.3 197.8 145.8 122 110.4 -9999 -9999 -9999 -9999 -9999 -9999 -9999 -9999 -9999 -9999 -9999 -9999 -9999 -9999 -9999 -9999 -9999 -9999 -9999 -9999 -9999 -9999 795.3 680 661.3 1002.7 955.2 844.2 1080.4 1022.5 950.7 836.6 936.1 1161.4 889.2 956 1272.3 1376.5 1249.2 1275.3 1524.7 1588.4 1748.8 1701 1525.6 1569.7 1661 1503.1 1504.7 1519.5 1417.3 1134.8 1476.4
148 123.8 102.6 84.2 68.6 56.3 52.5 55.7 69.1 88.5 116.1 123.2 117.7 117.5 151.8 187 200.8 202.8 174.2 149.6 129.9 125 131 203.9 -9999 -9999 -9999 -9999 -9999 -9999 -9999 -9999 -9999 -9999 -9999 -9999 -9999 -9999 -9999 -9999 -9999 -9999 699.5 894.2 669.3 536.8 685.1 568 558.9 834.7 1088.1 1357.8 904.3 638.5 606.5 835.3 791.6 969 1005.6 953.2 1466.7 1630.4 1211.2 1632.8 1908.5 1737.4 1453.6 1453.1 1737.4 1718.9 1471 1489.2 1185.7 1475.1 1332.6 1816.3
160.4 134.3 113 92.1 75.7 62.5 59.8 63.7 78.2 100.3 121.5 124.9 122.2 139.4 176.8 196.4 180.8 152.4 120.3 104.8 100.8 106 150.5 -9999 -9999 -9999 -9999 -9999 -9999 -9999 -9999 -9999 -9999 -9999 -9999 -9999 -9999 -9999 -9999 -9999 -9999 -9999 -9999 803.3 879.8 705.6 562 527.8 -9999 799.1 998.5 973.3 815.7 892.1 656.8 780.2 767.6 1117.4 1200 875.4 763.7 1015.4 1238.7 1513.4 1986.9 1535.7 2109.5 1541 1533.6 1428.6 1536.2 1743.1 1717.5 1566 1328.2 1293.7
173.1 152.3 126.4 102 83.8 69.7 66.1 72.2 84.6 108.3 125.5 127.1 132.5 160 170.9 145.8 112.5 90.6 78.5 72.3 64 59.2 -9999 -9999 -9999 -9999 -9999 -9999 -9999 -9999 -9999 -9999 -9999 -9999 -9999 -9999 -9999 -9999 -9999 -9999 -9999 -9999 -9999 -9999 944.7 765.9 537.5 641.9 -9999 907.9 1026 1206.8 878.8 567.5 874.3 631.2 630.9 769.6 973.3 813.6 1121.9 1018.5 1361.1 1313.1 1616.3 1456 1481.5 1246.7 1463.5 1626.1 1474.9 1710.6 1632.6 1382.5 1270.3 1119.9
183.2 163.7 142.6 112 92.2 76.5 71.4 74 79.6 86.5 89.5 91.8 100.2 117.3 110.7 84.2 65.3 57.2 54.9 52.2 37.7 -9999 -9999 -9999 -9999 -9999 -9999 -9999 -9999 -9999 -9999 -9999 -9999 -9999 -9999 -9999 -9999 -9999 -9999 -9999 -9999 -9999 -9999 -9999 -9999 998.4 -9999 -9999 -9999 -9999 1863.6 2042.4 589.5 885.2 751.6 803.1 749.7 513.7 880.2 789.1 914.4 1035.2 1482.3 1456.1 1636.9 1533.8 1352.2 1421.8 1929.9 1806.1 1504.4 1506.5 1355 1116.6 990 1143
194.6 174.1 151.9 129.4 104.3 88.4 81.9 80.2 78.9 78.6 77.9 79.1 80.2 78.8 72 50.1 37.9 36.4 41.2 47.5 -9999 -9999 -9999 -9999 -9999 -9999 -9999 -9999 -9999 -9999 -9999 -9999 -9999 -9999 -9999 -9999 -9999 -9999 -9999 -9999 -9999 -9999 -9999 -9999 -9999 -9999 -9999 -9999 -9999 1772.8 2199.7 1054.6 742.2 432.5 789.1 675.7 764.5 832.1 896.6 797.5 822.8 1075.3 1385.4 1693 1878.8 1726.6 1565.8 1454.2 1823.3 1585.1 1595.3 1602.9 1203.9 1110.6 1163.3 1486.3
192.7 172.5 149.4 125.9 105.1 93.7 88.3 85.8 82.3 78.9 79.7 80 79.8 80.9 73 54.5 44.9 46.4 58.4 -9999 -9999 -9999 -9999 -9999 -9999 -9999 -9999 -9999 -9999 -9999 -9999 -9999 -9999 -9999 -9999 -9999 -9999 -9999 -9999 -9999 -9999 -9999 -9999 -9999 -9999 -9999 -9999 -9999 -9999 2400.2 3306.5 2091.2 583.8 654.7 706.5 669.2 657.7 860.4 846.3 938.7 1120.7 1199.6 1205.4 1572.9 1652.4 1670.7 1648.6 1502.8 1494.3 1443.5 1641.4 1416.2 1189.8 1143.8 1102 -9999
188 163.4 140.3 120.4 105.8 97.8 90.2 86.3 84.4 81.8 82.8 84.7 84.1 82.7 77.8 69.1 62.8 70.7 89.7 -9999 -9999 -9999 -9999 -9999 -9999 -9999 -9999 -9999 -9999 -9999 -9999 -9999 -9999 -9999 -9999 -9999 -9999 -9999 -9999 -9999 -9999 -9999 -9999 -9999 -9999 -9999 -9999 -9999 -9999 -9999 2553.1 983.5 632.5 681.2 795.1 900.2 798.3 985.7 1029.8 916 918.4 1129.9 1179.5 1502.3 1560.9 1579.6 1527.8 1467.5 1569.6 1896.6 1290.7 1199.3 1294.3 1059.5 -9999 -9999
177.6 156.8 137.4 120.8 107.8 100 94.6 90 86.9 85 86.3 87.7 87.9 85.5 82.1 78.8 79.8 91 -9999 -9999 -9999 -9999 -9999 -9999 -9999 -9999 -9999 -9999 -9999 -9999 -9999 -9999 -9999 -9999 -9999 -9999 -9999 -9999 -9999 -9999 -9999 -9999 -9999 -9999 -9999 -9999 -9999 -9999 -9999 -9999 3831.4 1142.6 485.4 573.8 803.3 680.1 770.1 898.6 791.2 701.7 909.9 936.3 1037.2 1159.7 1548.6 1552.9 1391 1458.1 1592.7 1427.7 1109.2 1157.6 1006.8 -9999 -9999 -9999
163 147.7 134.1 121.5 112 104.7 101.2 94.5 91.9 89.7 87.6 89.1 90.5 89.5 87.6 86 94.5 -9999 -9999 -9999 -9999 -9999 -9999 -9999 -9999 -9999 -9999 -9999 -9999 -9999 -9999 -9999 -9999 -9999 -9999 -9999 -9999 -9999 -9999 -9999 -9999 -9999 -9999 -9999 -9999 -9999 -9999 -9999 -9999 -9999 2751.2 1656.5 563.8 424.5 390 662.5 815.3 859.8 896.6 927.6 1026.1 847.9 992.6 1192.3 1354.9 1465.8 1394.2 1478.5 1456.1 1306.8 839.3 794 -9999 -9999 -9999 -9999
162.8 137.6 126.2 118.1 113.8 108.4 104.3 100.5 93.6 90.4 88.5 90.5 92.5 91 90.4 -9999 -9999 -9999 -9999 -9999 -9999 -9999 -9999 -9999 -9999 -9999 -9999 -9999 -9999 -9999 -9999 -9999 -9999 -9999 -9999 -9999 -9999 -9999 -9999 -9999 -9999 -9999 -9999 -9999 -9999 -9999 -9999 -9999 -9999 -9999 3406.3 2018 762.5 473.1 395.6 617.9 807.5 827.2 883.5 723.8 932.3 814.7 712.9 949.4 1145.3 1231.6 1217.5 1143.4 1182.2 846.6 840.3 -9999 -9999 -9999 -9999 -9999
144.9 123.3 123.2 117.7 115.1 111.7 106.9 101.2 97 89.7 84.3 85.4 91 87.5 93 -9999 -9999 -9999 -9999 -9999 -9999 -9999 -9999 -9999 -9999 -9999 -9999 -9999 -9999 -9999 -9999 -9999 -9999 -9999 -9999 -9999 -9999 -9999 -9999 -9999 -9999 -9999 -9999 -9999 -9999 -9999 -9999 -9999 -9999 -9999 3038.4 2962.6 863.8 556.6 611.7 636.8 744.3 905.2 780.3 821.2 729 670.9 698 749 1122.7 1048.5 997 1054.1 803.3 -9999 -9999 -9999 -9999 -9999 -9999 -9999
127.3 118 119.1 118.2 120.8 118 114 107.5 100.6 89.8 82.2 -9999 -9999 -9999 -9999 -9999 -9999 -9999 -9999 -9999 -9999 -9999 -9999 -9999 -9999 -9999 -9999 -9999 -9999 -9999 -9999 -9999 -9999 -9999 -9999 -9999 -9999 -9999 -9999 -9999 -9999 -9999 -9999 -9999 -9999 -9999 -9999 -9999 -9999 -9999 -9999 2851.2 1082.4 585.2 599.8 739.6 548.5 661.9 753.7 847.2 723.7 586.5 644.1 669.1 998.7 804.1 795.3 1099.7 876.7 -9999 -9999 -9999 -9999 -9999 -9999 -9999
119.6 111.1 105 118.5 128.8 130.2 125.6 120.6 111.1 -9999 -9999 -9999 -9999 -9999 -9999 -9999 -9999 -9999 -9999 -9999 -9999 -9999 -9999 -9999 -9999 -9999 -9999 -9999 -9999 -9999 -9999 -9999 -9999 -9999 -9999 -9999 -9999 -9999 -9999 -9999 -9999 -9999 -9999 -9999 -9999 -9999 -9999 -9999 -9999 -9999 -9999 3411.4 1260.5 452 411.4 565.3 453.6 434.5 439.2 543 587.5 640.3 559.2 571.1 703.9 962.7 -9999 -9999 -9999 -9999 -9999 -9999 -9999 -9999 -9999 -9999
109.4 93.9 85.2 107.4 133.3 146.4 143.8 133.8 -9999 -9999 -9999 -9999 -9999 -9999 -9999 -9999 -9999 -9999 -9999 -9999 -9999 -9999 -9999 -9999 -9999 -9999 -9999 -9999 -9999 -9999 -9999 -9999 -9999 -9999 -9999 -9999 -9999 -9999 -9999 -9999 -9999 -9999 -9999 -9999 -9999 -9999 -9999 -9999 -9999 -9999 -9999 2968.1 2438.1 761.3 556.9 426 440 452.3 491.2 355.4 526.2 598.7 503 657.5 700.6 -9999 -9999 -9999 -9999 -9999 -9999 -9999 -9999 -9999 -9999 -9999
