datasets/global_precipitation_1950_2017/rasters/precip_1973-total.asc
NCOLS 720 
NROWS 347 
XLLCORNER -180 
YLLCORNER -90 
CELLSIZE 0.5 
NODATA_value -9999 
[rows 306 to 339 of 347, columns 304 to 379 of 720]
-9999 -9999 -9999 -9999 -9999 -9999 -9999 -9999 -9999 -9999 -9999 -9999 -9999 -9999 -9999 -9999 -9999 -9999 -9999 -9999 -9999 -9999 -9999 -9999 -9999 -9999 -9999 -9999 -9999 -9999 -9999 -9999 -9999 -9999 -9999 -9999 -9999 -9999 -9999 -9999 -9999 -9999 -9999 -9999 -9999 -9999 -9999 -9999 -9999 -9999 -9999 -9999 -9999 -9999 -9999 -9999 -9999 -9999 -9999 -9999 -9999 -9999 -9999 -9999 -9999 -9999 -9999 -9999 -9999 -9999 -9999 -9999 -9999 -9999 -9999 -9999
-9999 -9999 -9999 -9999 -9999 -9999 -9999 -9999 -9999 -9999 -9999 -9999 -9999 -9999 -9999 -9999 -9999 -9999 -9999 -9999 -9999 -9999 -9999 -9999 -9999 -9999 -9999 -9999 -9999 -9999 -9999 -9999 -9999 -9999 -9999 -9999 -9999 -9999 -9999 -9999 -9999 -9999 -9999 -9999 -9999 -9999 -9999 -9999 -9999 -9999 -9999 -9999 -9999 -9999 -9999 -9999 -9999 -9999 -9999 -9999 -9999 -9999 -9999 -9999 -9999 -9999 -9999 -9999 -9999 -9999 -9999 -9999 -9999 -9999 -9999 -9999
-9999 -9999 -9999 -9999 -9999 -9999 -9999 -9999 -9999 -9999 -9999 -9999 -9999 -9999 -9999 -9999 -9999 -9999 -9999 -9999 -9999 -9999 -9999 -9999 -9999 -9999 -9999 -9999 -9999 -9999 -9999 -9999 -9999 -9999 -9999 -9999 -9999 -9999 -9999 -9999 -9999 -9999 -9999 535.1 -9999 -9999 -9999 -9999 -9999 -9999 -9999 -9999 -9999 -9999 -9999 -9999 -9999 -9999 -9999 -9999 -9999 -9999 -9999 -9999 -9999 402.3 393.7 384.9 376.3 368.8 361.6 354.8 346.9 341.6 336.2 331.2
-9999 -9999 -9999 -9999 -9999 -9999 -9999 -9999 -9999 -9999 -9999 -9999 -9999 -9999 -9999 -9999 -9999 -9999 -9999 -9999 -9999 -9999 -9999 -9999 -9999 -9999 -9999 -9999 -9999 -9999 -9999 -9999 -9999 -9999 -9999 547.4 545.2 543 -9999 -9999 -9999 535.8 533.8 531.5 -9999 -9999 -9999 -9999 -9999 -9999 -9999 -9999 -9999 -9999 -9999 -9999 -9999 455.1 448.5 442.4 437.2 431.7 426 419.4 412.3 406.7 401 394.9 390.6 385.3 381.9 378.1 374.7 371 371 372.3
-9999 -9999 -9999 -9999 -9999 -9999 -9999 -9999 -9999 -9999 -9999 -9999 -9999 -9999 -9999 -9999 -9999 -9999 -9999 -9999 -9999 -9999 -9999 -9999 -9999 -9999 -9999 -9999 -9999 -9999 -9999 -9999 -9999 -9999 545.9 544 541.5 539.9 538.2 536.1 534.8 532.5 530.4 527.4 523.4 520.2 516.1 511.9 506.2 500.6 494.2 488.6 483.1 477.1 471.8 465.9 460.4 454.1 447.4 441.9 436.9 432.5 427.1 422.7 417.1 411.7 407 403.8 401 398.6 396.8 397.7 393.3 392.5 392.4 394.4
-9999 -9999 -9999 -9999 -9999 -9999 -9999 -9999 -9999 -9999 -9999 -9999 -9999 -9999 -9999 -9999 -9999 -9999 -9999 -9999 -9999 -9999 -9999 -9999 -9999 -9999 -9999 -9999 -9999 -9999 -9999 -9999 -9999 -9999 540.7 540 538.1 536.4 534.3 532.6 530.7 528.6 523.7 520.6 518.6 514.1 510.3 504.7 499 494.2 488.9 484.1 479 473.8 468.1 462.5 457.1 452.2 447.3 441.8 437.5 434 430.4 427.4 424.2 419.8 415.8 414 410.3 408.9 407.7 406.3 404.6 403.3 403.5 403.2
-9999 -9999 -9999 -9999 -9999 -9999 -9999 -9999 -9999 -9999 -9999 -9999 -9999 -9999 -9999 -9999 -9999 -9999 -9999 -9999 -9999 -9999 -9999 -9999 -9999 -9999 -9999 -9999 -9999 -9999 541.3 539.9 539 538 535.6 534.6 533.5 531.6 530.1 528.2 525.9 523.3 520.4 516.9 512.9 508.4 503.3 498.9 493.9 489.2 484.7 480 475.8 470.9 465.8 460.6 456.1 451.3 446.9 442.7 438.6 435.5 432.5 429.8 427.4 425.4 421.7 420.3 418.9 417.3 415.6 413.6 412 410.8 416.9 415.8
-9999 -9999 -9999 -9999 -9999 -9999 -9999 -9999 -9999 -9999 -9999 -9999 -9999 -9999 -9999 -9999 -9999 -9999 -9999 -9999 -9999 -9999 -9999 -9999 536.4 536.1 535.7 535 534.5 534 533.4 532.8 531.9 531 530.1 529.3 528.5 526.3 523.8 523.9 521.3 518.8 515.4 513.1 508.3 504.1 499.1 495.7 491.3 486.3 481.4 477.9 472.7 468.4 464.5 459.7 454.8 450.9 446.8 443 439.8 436.3 433.7 431.3 429 427.2 425.8 423.8 421.4 419.1 417.1 415 420.7 420 419.5 418.9
-9999 -9999 -9999 -9999 -9999 -9999 -9999 -9999 -9999 -9999 -9999 -9999 -9999 -9999 -9999 -9999 -9999 -9999 -9999 -9999 -9999 -9999 -9999 -9999 526.6 526.1 526.1 526 525.6 525 524.7 524.4 523.7 523.2 523.3 521.9 520.8 520.2 518.9 517.9 515.6 514.6 512 509.1 504.1 500.9 496.7 492.8 487.6 483.6 479.9 475.5 470.7 466.7 462.7 459 454.4 450.5 447.1 444 440.8 438 434.8 432.7 430.7 428.6 434.2 431.8 430.8 429.6 427.4 424.8 423.8 422.7 421.6 420.5
-9999 -9999 -9999 -9999 -9999 -9999 -9999 -9999 -9999 -9999 -9999 -9999 -9999 -9999 -9999 -9999 -9999 -9999 -9999 -9999 -9999 -9999 -9999 -9999 -9999 515 515 514.8 515.1 515 514.9 514.8 514.3 514.3 513.8 513.6 513.2 512.2 511.3 510 508 505.8 504.4 501.4 497.7 494.3 491.6 488.3 484.4 480.3 476.1 472.1 468.4 464.6 461.4 457.8 454.1 450.6 447.3 443.9 440.9 437.7 435.4 439.2 437.8 435.4 433 431.7 430.5 429.2 429.3 426.9 425 424.1 422.4 420.9
-9999 -9999 -9999 -9999 -9999 -9999 -9999 -9999 -9999 -9999 -9999 -9999 -9999 -9999 -9999 -9999 -9999 -9999 -9999 -9999 501.8 501.4 500.7 500.9 501.4 501.3 501.4 501.8 502.1 502.9 502.7 502.8 502.6 502.7 502.8 502.2 502.2 502.1 501.5 499.6 498.2 496.9 496.5 493.7 491.9 487.8 487.2 484 480.9 477.1 473.2 469.6 466.2 462.7 459.4 456.3 453.2 450.1 447.2 449 445.5 443.3 441.3 439.6 437.7 436 433.9 432.1 431.3 429.6 427.7 425.6 423.8 421.2 418.8 415.9
-9999 -9999 -9999 -9999 -9999 -9999 -9999 -9999 -9999 -9999 -9999 -9999 -9999 -9999 -9999 -9999 -9999 -9999 487.2 486.3 485.7 485.5 485.1 485.2 485 485 485.4 485.4 485.6 485.7 488.5 488.8 488.9 488.9 488.8 488.7 488.1 488.3 487.6 486.1 484.4 483.7 482.8 482.7 481.7 480.3 478.2 476.4 474 471.8 468.8 467 464.4 461.3 458.3 458.3 455.5 452.7 450 447.9 446.2 443.8 441.6 439.2 437.2 434.8 432.3 429.9 427.7 425.5 423.3 420.5 417.4 414.2 409.4 406.6
-9999 -9999 -9999 -9999 -9999 -9999 -9999 -9999 -9999 469.1 469.6 469.8 469.7 469 468.1 467.7 467.3 466.8 466.4 466 466 466.1 465.8 466.1 465.6 466 466.6 466.8 467.1 466.7 470.6 471 471.4 472 471.9 472.2 472.4 469.8 469.9 469.7 469.8 469 468.5 468.4 467.8 467 466.2 465.4 464.3 463.2 462.3 461.1 458.8 457.1 455.3 453 451.7 449.9 447.4 445 442.6 440.7 438 435.4 432.1 428.5 425.6 421.4 416.6 413.3 409.7 405.7 400.3 394.9 389.3 383.5
-9999 435.4 437.1 438.7 440.3 441.3 442 442.3 442.9 443.7 444.8 445.1 445.2 445.3 445.3 445.3 445.5 444.8 444.7 445 445.2 444.9 445.3 445.8 445.8 446.3 446.8 447.6 448 448.1 450 450.2 450.5 451.2 451.6 451.9 453.1 453.5 453.2 453.2 452.9 452.5 452.1 452.4 452.5 451.9 451.1 451.1 450.6 449.9 449.3 448.3 447.2 446.7 445.4 443.7 441.5 441.2 438.7 435.7 432.7 429.6 426.5 423 417.5 415 409.5 403.5 396.9 392.3 385.4 378.2 371.2 365.5 357.6 349.4
407.5 408.9 410.6 412.3 413.8 415.5 416.1 417.6 418.3 419.1 419.9 420.5 421.7 422.1 422.5 422.9 423.4 424 424 424.3 424.6 424.6 425.4 425.8 425.7 426.7 426.7 428.3 428.8 428 428.4 428.8 429.3 430.1 430.4 431 431.8 432.7 433.1 433.7 434 434.2 433.9 435.2 435.4 435.1 435 434.6 433.9 432.7 431.6 430.6 429.5 428.2 426.6 424.9 422.7 420.1 417.7 413.6 409.7 406.5 401.3 396.4 391 383.3 377 370.9 365 357 348.4 340.2 332.1 323.8 316.2 308.2
385 386.9 388 389.3 390.9 391.6 393 394.7 395.6 396.6 397.7 398.7 399.7 400.2 401.1 401.7 402.2 403 403.3 403.3 403.7 404.1 405.3 405.7 406.4 406.3 406.6 406.8 410.1 408.1 408.7 409.1 409.5 410 410.3 410.6 410.9 412.4 412 412.3 413 414.1 414.3 414.3 414.7 414.5 414.6 414.3 413.5 412.8 411.5 409.6 406.8 403.9 400.5 396.6 393.1 389.1 384.9 380.7 376.4 370 364.3 357.4 350.3 342.5 336.3 327.2 318.9 310.9 302.1 296.5 285.1 276.4 267.8 259.3
366.3 367.6 369.1 370.4 371.5 372.2 373.5 374.5 375.1 376.7 377.7 378.8 379.7 381 380.8 381.8 382.3 383 383.5 384.4 384.9 385.7 386.1 386.6 386.9 386.8 387.1 386.8 389.2 388.6 388.7 389.1 389.4 389.9 390.3 390.7 390 390.1 394.1 391.5 391.9 392.5 393 393.2 393.1 391.7 390 388.6 386.6 383.9 381.3 381.6 378.2 374.5 369.7 365 359.5 354 347.6 341.3 334.6 328.7 323.6 315.9 307.1 298.8 290.4 281.8 274 265.9 257.3 246.5 238.9 232.3 222.3 215.6
353.4 354.3 353 355.2 355.7 356.1 356.5 358 358.9 359.7 361 361.5 362 362.1 362.8 365.2 364.1 364.7 365.3 365.8 366.5 367.3 367.9 368.5 368.9 369.7 369.4 369.3 373.5 371.6 372.1 370.9 371.2 371.3 370.6 371.4 371.7 371.9 372.4 372.5 372.7 372.6 372.4 371.8 370.9 369.3 366.8 364.1 360.8 357.3 353 348.2 343.6 338.1 332.3 326.3 319.8 313.5 306.5 299.7 292.5 284.3 278 270.7 263.6 257.1 238 228.5 219.1 223.3 214.7 195.3 189.4 183.4 176.4 171.6
339.9 340.9 339.2 340.2 341.2 341.9 342.6 343.6 343.5 344.7 345.7 346.7 346.8 347 347.3 347.6 347.7 348.7 349.1 349.6 350.2 354 353.9 353.7 352.1 352.9 354.5 354.2 354.7 352.7 352.5 352.6 358.4 355.5 355.5 355.6 355.8 355.4 355.2 354.9 354.1 353 351.8 349.7 347.6 344.7 340.7 336.7 331.6 326.7 320.5 314.3 307.1 299.5 292.1 283.4 280.8 267.3 260 253 245.8 238.3 216.9 209 202 194.4 187.7 181.2 175.1 169.6 163.8 152.8 153.6 138.2 134.3 130.4
327.5 328.2 326.7 327.4 328.4 329.1 329.7 329.9 330.1 330.3 333.1 331.7 332.7 333.6 333.7 335.6 336.3 334.8 335.3 336.1 336.6 336.7 337.3 336.9 338.6 339 339.5 340.1 340.1 338.6 338.5 341.7 341.6 341.6 340.6 340.4 340.3 339.5 338.4 337 335.2 333.1 330.9 327.6 324.3 320.3 315.6 310.2 304.1 297.3 289.2 284.3 271.7 262.8 253.3 244.1 234.6 225.1 216 207.5 199.4 191.2 183.7 176.5 170.1 163.4 157.8 147.7 136.6 125.8 136.4 111.4 108.5 105.5 103.6 101.5
316.8 317.5 314.5 315.1 315.7 316.2 317 317.4 317.8 318.2 322.3 323.2 319.4 321.8 322.8 323.2 323.4 323.5 323.5 325.6 325.8 326.1 324.1 325 325.5 325.6 326.3 326.3 326.5 324.4 324.2 323.9 323.5 323.3 322.6 326.2 325.2 323.9 322.6 321 318.7 316.1 313.3 309.6 302.1 296.6 290.7 286.3 278.2 269.6 260.5 251.8 242.4 233.3 224 214.5 205.7 196.8 188.6 180.8 172.9 165.5 159.1 150 139.3 128.8 118.1 131 103.6 99.5 95.1 91.8 88.7 86.1 101.1 98.4
303.4 304.1 303.1 303.5 304.6 305.5 306.1 306.6 306.8 307.3 309.1 309.9 309.1 309.6 310.3 310.5 310.9 311.2 311.5 311.5 313 313.7 312.5 312.9 313.1 314.6 313.5 313.6 313.5 311.1 310.9 310.2 309.7 308.8 307.5 306.6 305 306.4 305.1 302.3 300.1 296.6 292 287 281.6 275.2 267.9 260.9 253 244.5 236 227 217.7 212.2 204.3 196.1 181.8 173.2 165.2 157.5 150.2 140.5 136.6 124.1 117.1 111 105.1 99.8 95.2 90.9 86.8 82.9 79.9 77.2 74.7 72.1
291.3 291.9 292.5 293.1 294.8 295.2 296.1 296.2 296.4 297 297.5 297.9 298.2 298.6 299.8 300.1 300.4 300.7 300.9 300.6 300.8 301 301 300.7 300.8 300.6 300.1 300.1 299.4 295.7 295.1 293.6 291.8 289.8 288.1 286.4 284.6 283.5 283.4 279.8 276.9 271.9 266.3 260.3 254.5 247.8 241 234 226.6 218.9 211.1 203.2 195.2 187.1 179 171 162.7 153.8 147.6 138 131.5 124.7 118.3 112.2 106.7 101.5 96.1 91.5 87.1 83 79.1 75.5 72.2 69.8 66.9 64.5
280.7 281.4 280.4 280.7 281.2 281.7 281.7 282.6 282.8 283.6 283.5 283.8 284 284.2 283.9 284 284.4 284.4 284.1 283.8 283.6 283.2 282.6 282.1 280.8 279.8 278.7 277.9 277.5 273 271.3 269.5 267.2 265.1 260.8 258.8 259.4 256.6 252.2 248.2 243.6 241.6 236.7 231.5 222.3 218.7 212.2 205 198.1 191.2 184.6 177.9 170.6 163.7 156.6 148.8 141.7 134.7 127.9 121 118 111.6 105.9 97.1 91.8 87.3 83.4 79.7 75.6 71.4 67.8 64.1 61 58.4 55.8 52.9
262 262.4 262.6 262.9 262.8 262.9 263.2 262.9 262.1 261.8 261.7 261.6 261.2 261.2 260.6 260.1 259.9 258.8 258.2 257.8 256.4 255.5 254.7 253.3 252.2 251.1 249.3 246.8 245.7 240.2 238 235.9 233.2 230.9 227.1 223.8 220.7 217.8 215.5 213.6 209.1 204.6 199.8 195.3 190.5 185.8 180.3 174.7 169.2 163.4 157.1 151.1 145.1 139 133.1 126.9 121 115.3 109.5 103.7 97.9 95.2 90.5 83.1 78.8 75.2 71.4 68.3 64.8 61.8 59.5 57 55 52.5 50.5 48.5
236.7 236.4 236.5 235.9 235.5 235.3 234.7 234.4 233.5 233.4 232.9 232.2 231.8 230.6 228.9 228 227.5 226 224.8 223.8 222.4 221.1 219.8 218.3 216.7 214.8 213 211 208.8 203.4 200.7 198.2 195.7 193 190.6 187.7 184.4 183.6 179.9 176.1 172.4 168.7 164.7 160.8 156.5 152.4 148 143.4 139 134.4 129.6 124.6 120.7 116 111.5 106.9 102.4 97.7 93.3 89 84.6 80.6 76.2 72.5 69 65.6 62.2 59.1 56.7 54.2 54.7 52.3 50.5 46.5 44.8 43.2
205.4 204.6 204.5 204 203.3 202.5 202.1 201.3 200.8 199.7 198.9 198.1 196.9 195.9 194.7 193.6 192.4 190.9 190 188.1 186.6 185 183.3 181.6 179.9 178.5 176.7 174.3 172.4 166.9 164.4 162.4 160 157.7 155.2 152.3 149.9 148.6 145.9 143 140 137 133.7 130.7 127.2 123.1 119.9 116.4 113.4 109.7 106.2 102.4 98.7 95.2 91.7 87.9 84.8 81 77.5 75.6 72.2 68.4 65.4 62.9 60.4 57.8 55.6 52.9 50.9 48.9 47.5 45.7 44 42.3 40.9 39.4
170.1 169.3 169.1 168.3 167.6 167.1 166.5 165.5 165.1 164.1 163.2 162.3 161.4 160.2 159.2 158 156.9 155.5 154.4 153 151.9 150.6 149 147.8 146.4 144.7 143 141.6 140 134.7 133.1 131 129 127 125 122.7 120.3 118.1 115.7 113.3 111.8 110.6 107.1 104.8 102.6 100.3 97.5 95 92.1 87.7 84.8 82.8 80.2 77.7 75.5 73.3 70.5 67.7 65.3 62.7 60.2 57.7 55.2 53.1 51.1 49.5 47.5 47.2 45.6 44 42.1 40.6 39.6 38.5 37.7 36.5
134.3 133.8 133.5 133.1 132.6 132 131.2 130.8 129.9 129.3 128.6 127.8 126.8 125.8 124.9 124.1 123.1 122.3 121.5 120.6 119.4 118.3 117.1 115.8 114.9 114.2 112.5 111.5 110.1 105 103.6 102.5 101.1 99.6 98.1 96.6 95.2 93.5 92.3 90.3 88.2 86.3 83.9 82 80.7 80.6 76.7 75 73.4 71.6 70 68.8 66.8 60.7 59.4 57.6 55.9 54.6 52.7 51.2 49.6 48.1 46.8 45.6 44.4 43.2 42.1 40.9 39.8 38.4 37.3 36.2 34.6 33.5 32.4 31.7
101.9 101.3 101 100.5 100 99.5 99.2 98.7 98 97.8 97.3 96.1 95.6 94.9 94.2 93.6 92.6 92.1 91.4 90.5 89.8 88.8 87.8 86.8 86.1 85 84.2 83.3 82.3 78 76.7 75.7 74.6 73.8 72.7 71.6 70.5 69.2 71.8 70.7 69.7 68.7 63.2 62.2 61.1 60.2 58.9 57.7 56.5 55.4 54 52.3 51 49.6 48.1 46.7 45.3 44 42.8 40.8 39.6 38.9 38 37.3 36.6 35.5 34.2 33.3 31.9 31.1 30.2 29.4 28.9 28.4 27.9 27.4
74.1 74 73.7 73.6 73.2 72.6 72 71.2 71.9 71.5 71.1 70.5 70.4 69.7 69.4 68.9 68.3 67.9 67 66.7 66.1 65.7 64.9 64.5 64.1 63.2 62.6 62.2 61.3 57.2 56.6 55.8 55.2 54.6 54.1 53 52.2 48.8 48.2 47.3 46.6 45.8 45.2 44.2 43.4 42.6 41.8 41.2 40.1 39.4 38.8 37.7 37.1 36.2 35.7 34.7 34.2 33.9 33.2 32.6 31.7 30.9 30 29.4 30 29.4 28.4 27.8 27.2 25.8 25.2 25 24.6 23.8 23.4 22.9
52 51.8 51.8 51.7 51.2 51 51 50.6 50.2 49.9 49.6 49.6 49.5 49.1 48.8 48.4 48.2 47.9 47.4 47.1 46.8 46.5 45.8 45.4 45.2 44.9 44.4 43.8 43.3 40 39.7 39 38.4 38.2 37.5 36.9 36.4 35.9 35.6 35 34.3 33.8 33.7 33 32.4 32.2 31.6 31.3 30.6 30.3 30 29.3 28.8 28.6 27.8 27.2 26.5 25.8 25.4 26.1 24.4 24.2 23.7 23.4 23.3 22.7 21 20.8 20.3 20.2 19.9 19.4 19.2 19 18.6 18.1
36.2 36.3 36.2 36.2 36.2 36.1 36.2 36.3 36.2 36 35.9 35.8 35.4 35.3 35.2 35.1 34.6 34.5 34.5 34.4 34 33.7 33.6 33.1 32.9 32.9 32.9 32.4 32.1 29 28.9 28.6 28.2 28 27.7 27.5 27.3 26.9 26.5 26.3 26.2 25.9 25.6 25.2 24.8 24.5 24.1 23.7 23.2 22.6 22.1 22.1 21.6 21 20.8 20.4 19.7 20.6 19.1 19 18.8 18.3 18 17.6 17.5 17.6 17.5 17.1 16.6 16.3 16.4 16.3 16.1 16.1 15.9 15.5
25.7 25.7 25.6 25.5 25.4 25.4 25.3 25.3 25.2 25.3 26 25.8 25.6 25.6 25.6 25.5 25.5 25.4 24.6 24.6 24.3 24.2 24.1 24 24 23.7 23.7 23.7 23.6 21.1 20.8 20.6 20.6 20.6 20.3 20.1 19.8 19.9 19.4 19.2 18.9 18.6 18.4 18.1 17.8 17.5 17.8 17.5 16.8 16.3 16.1 16.1 16.1 16 15.8 15.7 15.7 15.4 15.3 15.1 14.7 14.7 14.4 14.5 14.4 14.3 14.1 14 13.9 13.6 13.4 13.5 13.3 13.1 13 12.8
