datasets/global_precipitation_1950_2017/rasters/precip_1960-total.asc
NCOLS 720 
NROWS 347 
XLLCORNER -180 
YLLCORNER -90 
CELLSIZE 0.5 
NODATA_value -9999 
[rows 306 to 339 of 347, columns 76 to 151 of 720]
-9999 -9999 -9999 -9999 -9999 -9999 -9999 -9999 -9999 -9999 -9999 -9999 -9999 -9999 -9999 -9999 -9999 -9999 -9999 -9999 -9999 -9999 -9999 -9999 -9999 -9999 -9999 -9999 -9999 -9999 -9999 -9999 -9999 -9999 -9999 -9999 -9999 -9999 -9999 -9999 -9999 -9999 -9999 -9999 -9999 -9999 -9999 -9999 -9999 -9999 -9999 -9999 -9999 -9999 -9999 -9999 -9999 -9999 -9999 -9999 -9999 -9999 -9999 -9999 -9999 -9999 -9999 -9999 -9999 -9999 -9999 -9999 -9999 -9999 -9999 -9999
-9999 -9999 -9999 -9999 -9999 -9999 -9999 -9999 -9999 -9999 -9999 -9999 -9999 -9999 -9999 -9999 -9999 -9999 -9999 -9999 -9999 -9999 -9999 -9999 -9999 -9999 -9999 -9999 -9999 -9999 -9999 -9999 -9999 -9999 -9999 -9999 -9999 -9999 -9999 -9999 -9999 -9999 -9999 -9999 -9999 -9999 -9999 -9999 -9999 -9999 -9999 -9999 -9999 -9999 -9999 -9999 -9999 -9999 -9999 -9999 -9999 -9999 -9999 -9999 -9999 -9999 -9999 -9999 -9999 -9999 -9999 -9999 -9999 -9999 -9999 -9999
-9999 -9999 -9999 -9999 -9999 -9999 -9999 -9999 -9999 -9999 -9999 -9999 -9999 -9999 -9999 -9999 -9999 -9999 -9999 -9999 -9999 -9999 -9999 -9999 -9999 -9999 -9999 -9999 -9999 -9999 -9999 -9999 -9999 -9999 -9999 -9999 -9999 -9999 -9999 -9999 -9999 -9999 -9999 -9999 -9999 -9999 -9999 -9999 -9999 -9999 -9999 -9999 -9999 -9999 -9999 -9999 -9999 -9999 -9999 -9999 -9999 -9999 -9999 -9999 -9999 -9999 -9999 -9999 -9999 -9999 -9999 -9999 -9999 -9999 -9999 -9999
-9999 -9999 -9999 -9999 -9999 -9999 -9999 -9999 -9999 -9999 -9999 -9999 -9999 -9999 -9999 -9999 -9999 -9999 -9999 -9999 -9999 -9999 -9999 -9999 -9999 -9999 -9999 -9999 -9999 -9999 -9999 -9999 -9999 -9999 -9999 -9999 -9999 -9999 -9999 -9999 -9999 -9999 -9999 -9999 -9999 -9999 -9999 -9999 -9999 -9999 -9999 -9999 -9999 -9999 -9999 -9999 -9999 -9999 -9999 -9999 -9999 -9999 -9999 -9999 -9999 -9999 -9999 -9999 -9999 -9999 -9999 -9999 -9999 -9999 -9999 -9999
-9999 -9999 -9999 -9999 -9999 -9999 -9999 -9999 -9999 -9999 -9999 -9999 -9999 -9999 -9999 -9999 -9999 -9999 -9999 -9999 -9999 -9999 -9999 -9999 -9999 -9999 -9999 -9999 -9999 -9999 -9999 -9999 -9999 -9999 -9999 -9999 -9999 -9999 -9999 -9999 -9999 -9999 -9999 -9999 -9999 -9999 -9999 -9999 -9999 -9999 -9999 -9999 -9999 -9999 -9999 -9999 -9999 -9999 -9999 -9999 -9999 -9999 -9999 -9999 -9999 -9999 -9999 -9999 -9999 -9999 -9999 -9999 -9999 -9999 -9999 -9999
-9999 -9999 -9999 -9999 -9999 -9999 -9999 -9999 -9999 -9999 -9999 -9999 -9999 -9999 -9999 -9999 -9999 -9999 -9999 -9999 -9999 -9999 -9999 -9999 -9999 -9999 -9999 -9999 -9999 -9999 -9999 -9999 -9999 -9999 -9999 -9999 -9999 -9999 -9999 -9999 -9999 -9999 -9999 -9999 -9999 -9999 -9999 -9999 -9999 -9999 -9999 -9999 -9999 -9999 -9999 -9999 -9999 -9999 -9999 -9999 -9999 -9999 -9999 -9999 -9999 -9999 -9999 -9999 -9999 -9999 -9999 -9999 -9999 -9999 -9999 -9999
-9999 -9999 -9999 -9999 -9999 -9999 -9999 -9999 -9999 -9999 -9999 -9999 -9999 -9999 -9999 -9999 -9999 -9999 -9999 -9999 -9999 -9999 -9999 -9999 -9999 -9999 -9999 -9999 -9999 -9999 -9999 -9999 -9999 -9999 -9999 -9999 -9999 -9999 -9999 -9999 -9999 -9999 -9999 -9999 -9999 -9999 -9999 -9999 -9999 -9999 -9999 -9999 -9999 -9999 -9999 -9999 -9999 -9999 -9999 -9999 -9999 -9999 -9999 -9999 -9999 -9999 -9999 -9999 -9999 -9999 -9999 -9999 -9999 -9999 -9999 -9999
-9999 -9999 -9999 -9999 -9999 -9999 -9999 -9999 -9999 -9999 -9999 -9999 -9999 -9999 -9999 -9999 -9999 -9999 -9999 -9999 -9999 -9999 -9999 -9999 -9999 -9999 -9999 -9999 -9999 -9999 -9999 -9999 -9999 -9999 -9999 -9999 -9999 -9999 -9999 -9999 -9999 -9999 -9999 -9999 -9999 -9999 -9999 -9999 -9999 -9999 -9999 -9999 -9999 -9999 -9999 -9999 -9999 -9999 -9999 -9999 -9999 -9999 -9999 -9999 -9999 -9999 -9999 -9999 -9999 -9999 -9999 -9999 -9999 -9999 -9999 -9999
-9999 -9999 -9999 -9999 -9999 -9999 -9999 -9999 -9999 -9999 -9999 -9999 -9999 -9999 -9999 -9999 -9999 -9999 -9999 -9999 -9999 -9999 -9999 -9999 -9999 -9999 -9999 -9999 -9999 -9999 -9999 465.1 467 -9999 -9999 -9999 -9999 -9999 488.3 494.2 -9999 -9999 -9999 -9999 -9999 -9999 -9999 -9999 -9999 -9999 -9999 -9999 -9999 -9999 -9999 -9999 -9999 -9999 -9999 -9999 -9999 -9999 -9999 -9999 -9999 -9999 -9999 -9999 -9999 -9999 -9999 -9999 -9999 -9999 -9999 -9999
-9999 -9999 -9999 -9999 -9999 -9999 -9999 -9999 -9999 -9999 -9999 -9999 -9999 -9999 -9999 -9999 -9999 -9999 -9999 -9999 -9999 -9999 -9999 -9999 -9999 -9999 -9999 -9999 -9999 -9999 -9999 -9999 -9999 -9999 -9999 477.6 482.5 -9999 492.8 499.4 505.8 512.3 518.8 -9999 -9999 -9999 -9999 -9999 -9999 -9999 -9999 -9999 -9999 -9999 598.5 602 -9999 -9999 -9999 -9999 618.1 621 -9999 -9999 -9999 -9999 -9999 -9999 -9999 -9999 -9999 -9999 -9999 -9999 -9999 -9999
-9999 -9999 -9999 -9999 -9999 -9999 -9999 -9999 -9999 -9999 -9999 449 449.6 449.8 450.6 451.1 -9999 -9999 -9999 -9999 -9999 -9999 -9999 -9999 -9999 -9999 -9999 -9999 459.3 460.7 461.9 -9999 -9999 468.4 471 474.4 478.1 482.3 488.5 494.5 499.9 505 510.1 515.4 522.4 531.6 541 550.5 556.2 560.6 564.9 569.1 573.6 581.8 587.8 594.6 600.9 607 -9999 -9999 -9999 619.5 622.9 628.5 -9999 -9999 -9999 -9999 -9999 -9999 -9999 -9999 -9999 -9999 -9999 -9999
-9999 -9999 -9999 -9999 448.3 448.1 448.7 449 449 449.3 449.6 449.8 449.9 450.8 450.9 450.8 450.7 450.7 450.4 450.4 451 451.9 452.5 452.9 452.7 452.3 451.1 449.5 448 447.8 448.8 449.9 451.5 454.2 456 457.4 459.7 462.3 464.1 469.3 472.6 476.4 480.6 484.8 490.9 500 509.1 518.2 528.4 517.8 527.5 536.9 547.3 553 559.7 568.5 577.1 585.4 593.5 580 588.2 -9999 608.3 611.8 617.7 621.4 628.5 -9999 -9999 -9999 -9999 -9999 -9999 659.2 660.4 659.6
449.6 449.5 449.3 449.3 449.2 449.4 449.2 449.1 449 448.6 447.8 448 447.4 447.5 447.4 446.4 445 444.6 443.6 441.6 439.1 436.5 436.6 433.7 431.8 431.2 424.2 426 422.2 418.3 415.2 414.8 414.6 415 415 414.8 415 416.1 418 421.2 423 429.6 432.7 436.2 440.1 445.6 453.1 461.2 470 477.1 481.9 489.8 497.7 501.9 506.4 513.9 523.5 533.2 543 549.9 554.2 559 563 567.5 574.6 580 591.5 599.5 608.2 613.1 614.8 616.3 617.1 616.6 618.5 618.9
447.8 448 447.4 446.7 445.6 445 443.2 441.3 439.8 438.4 437.8 437.3 437 435.6 433.5 429.8 425.6 421.5 417.2 413.8 411.6 404.3 405.5 399.7 393.8 388.1 383.6 380.8 373 371.9 367 363.4 360.5 358.9 357 355.9 355.3 355.3 356.4 357.8 359.7 362.2 366 369.2 373.2 377.8 382.8 388.5 394.9 402.2 409.2 417.8 425.9 431.1 436.3 441.6 446.6 455.9 465.6 472.9 478.4 483.3 490.3 500.3 499.6 514.2 518 527.4 536.4 542.4 544.4 546.4 547.1 547.5 550.1 555.1
435 435.6 435.6 429.5 428 426.9 426.9 424 418.1 417.9 413.3 410.3 405.7 400.7 396 392.3 387.9 382.4 375.1 369.6 365 358.1 352.4 347.2 341.6 335.4 329.3 323.8 318.6 313.6 308.2 304.9 301.4 299.8 296.8 293.9 291.7 290.1 289.1 288.4 288.5 289.6 293.4 294.5 297.5 301.8 305.9 309.4 317.3 319.5 325.4 332.2 338.8 345.6 352.7 359.7 366.1 372.8 379.2 386.6 394.6 403.3 412.1 421.4 428.3 433.8 439.3 443.7 448.1 454.3 462.4 471.2 479.1 461.6 464.8 488.7
406.1 406.7 404.2 395.8 396.1 393.3 388.5 383.4 378.3 373.7 368.6 363.2 357.7 349.2 344.6 337.8 331.1 325.1 319.4 313.3 306.6 300.7 294.4 288.2 282.2 277 270.8 266.5 262.6 259.1 253.4 245.7 242.3 240.9 239.2 231.7 230.9 230.7 227.4 225.9 226.1 227.3 229.3 231.4 231 231.1 233.5 235 236.9 240.9 246.3 252.2 258.8 265 270.5 275.5 281.9 289 295.5 301.9 307.9 314.4 319.8 326 332.7 339.9 346 351.2 356 360.4 366.3 372.4 379 385.1 389.5 392
364.5 360.8 357.6 353 347.7 342.8 336.8 330.9 325.6 319.7 313.5 307.4 301.2 294.7 288.8 281.9 275.6 270.2 263.5 261 253.8 248.6 242.9 239.8 236.2 226.2 221.7 217.1 212.5 207.9 202.6 198.7 196.8 194.5 191.4 188.2 186.2 183.8 182.2 179.6 176.1 177.3 172.8 168.8 176.7 177.6 177.2 175.3 177.3 178.8 182.6 186.9 191.3 195.9 200.1 203.7 207.1 211 216.1 221.4 224.5 230.3 236.4 242.3 247.4 251.4 256 260.6 266.1 271.7 276.8 281.5 286 290.1 294.2 297.5
315.3 311 306.4 301.8 297.2 290.6 283 275.3 266.8 262.5 258.1 253.9 249.9 246 243.5 237.7 233.2 227.9 223.1 217.8 213 208.3 203.4 198.8 196.5 191.3 188.6 184.1 180.4 175.7 170.9 165.6 160.6 161.2 156.8 151.6 145.3 142.4 141.4 136.6 135.2 129.1 127 125.3 123.3 120.8 122.9 121 122.2 124 125.6 126.7 129.8 132.5 133.2 134.2 138.4 138.4 143.4 147.5 153 157.5 163.8 168.9 173.6 177.2 181 184.5 194.8 198.9 196.7 205 208 210.9 214.1 218.3
259.2 255.2 251.1 247.2 242.8 238.9 234.7 226.2 217.6 215 212.3 209.3 207.3 205 200.5 193.5 200.4 188.5 186.6 184.6 181.9 179.8 177.3 174.1 169.7 165.6 161.6 157.6 155.8 150.8 147.4 142.8 137.2 137.1 130.3 125.4 121.5 117.7 113.6 108.2 104.5 99.6 95.1 94.1 88.1 85.4 82.8 79.9 80.9 79.4 77.7 77 76.2 74.7 74.3 76 78.4 81.5 85.1 88.5 91.1 93.9 102.2 102.4 108.1 114 118.3 121.6 131.3 136.9 134 138.9 143.2 148 151.5 157.2
210.4 206.8 202.7 199.2 195.7 192.7 189.9 187.2 182.4 181.8 179.6 177.6 176 174.2 170.2 164.7 159 153.8 153.7 152.3 151.1 149.5 148.2 146.3 144.9 142.9 141 138.8 136.7 133.9 130.8 127.4 124.8 121.5 117.2 113.8 109.9 105.8 101.4 97.2 91.3 85.7 79.8 73.5 67.6 61 55.8 50.9 46.9 43.3 40.9 38.5 37.4 37.4 36.7 38.3 39.1 40.2 42.6 44.7 44.7 48.9 52.2 58 63.3 62.8 70.9 74.2 78.2 83.5 86.1 91.2 96.2 100.3 104.3 107.1
183.8 179.1 174.8 170.8 167.1 163.9 161 158.5 156.1 152.2 153.3 151.8 150.4 149 147.9 143.8 139.4 135.2 131.3 132.7 131.4 130.4 129.4 128.5 127.5 126.5 125.2 124 122.8 121.8 120.5 118.3 116.2 114.8 113.2 111.2 109.1 106.4 103.4 99.8 95.6 89.6 81.4 70.1 56.2 43 33 28.6 25.7 24.7 24.2 23.7 23.2 23.5 23.6 23.9 23 23.3 24.4 25.9 26.4 27.7 29 31.6 33.6 35.4 37.7 42 43.8 48 51.8 56.4 60.6 64.1 67.7 71
167 162.3 157.8 154 150.4 147.1 144.3 141.4 139.4 135.6 130.8 126.1 127.9 126.5 125.6 124.7 123.6 120.6 117.7 118.7 117.9 117.1 116.4 115.4 114.7 113.8 113.2 112.2 111.4 110.6 109.5 107.4 105.8 104.3 102.9 101.6 100.1 97.7 95.1 91.6 87.3 81.4 73 61.8 48.6 36 29.5 25.3 23.7 23.2 22.7 22.3 21.9 21.5 21.4 21.7 21.8 21.8 22.1 22.6 21.6 21.8 22.9 23.8 25 26.1 26.5 27.8 29.8 31.4 33.3 36.1 37.6 40.8 43.6 47.4
152.1 147.7 143.6 139.7 136.2 133 130.1 127.7 124.9 121.5 117.3 113.4 109.6 105.9 116.6 113.3 110 107 103.9 104.9 104 103.2 102.3 101.5 100.5 99.4 97.9 96.7 95.2 93.7 92.2 90.7 89 87.4 85.2 83.2 80.3 77.8 74.6 70.7 66.7 61.9 57 51.6 46.4 41.3 37 33.3 30.4 27.9 25.8 24.6 23.8 23.2 22.7 22.3 22 22.1 21.9 22.1 22.1 22.1 22.7 23.5 24.4 25.5 26.1 27 28.1 29.1 30.2 31.4 29.8 31.6 33.2 36.1
136.7 132.6 128.6 124 119.9 115.9 111.8 108.4 105.3 102.1 99.1 100.1 96.7 92.7 90.7 93 92.1 90.6 89.4 85.3 84.7 83.3 81.5 80.1 80.8 79.9 78.7 78 76.7 75.6 74.5 73 72 69.8 67.6 65.9 63.5 61.5 59.3 56.6 53.7 50.7 48.1 45.1 42.1 39.5 37.9 35.3 32.5 30.9 29 27.3 26.4 25.3 24.5 23.7 23.4 22.9 22.4 22.4 22.2 22.3 22.4 22.5 23.2 23.3 24.1 25 26 27 27.9 29.5 30.1 31 31.9 33.1
113.2 109.4 106.1 102.6 99.5 96.8 94.1 91.7 89.4 87.2 84.9 82.4 79.9 77.9 75.7 73.7 72.1 70.5 71.6 69.7 68.4 67.7 66.8 65.6 64.2 62.7 63.9 62.7 60.2 59.1 57.9 58.3 56.9 55.1 53.3 51.7 51.5 48.7 47 45.8 44 42.5 40.6 39.1 37.5 36.1 34.9 33.2 31.9 30.6 28.9 27.4 27.2 25.4 24.9 24.1 23.6 23.1 22.6 22.3 22.1 21.9 21.7 21.8 21.6 21.9 22.2 22.5 22.7 23.2 23.6 24.2 25 25.8 26.6 26.5
91.2 88.5 85.2 82.5 79.8 77.5 75.6 73.3 71.6 69.9 68.1 66.6 65.2 63.8 62.6 61.3 59.8 58.7 57.8 56.5 54.7 53.5 51.8 54.1 51.2 50.5 49.6 48.8 48.7 48 46.4 45.4 44.5 43.2 42 41.1 39.7 39.1 37.7 36.6 35.6 34.9 34.1 33.1 32.3 31.1 30.3 29.5 29 27.5 26.9 26 25.7 24.2 23.7 23.1 22.4 22.2 21.8 21.3 21.1 20.9 20.6 20.5 20.3 20.2 20.2 20.1 20.4 20.4 22.8 22.6 22.3 22.2 25.6 22.5
76.9 74.6 72.4 70.1 68.4 66.4 64.7 62.8 61.3 59.6 58.3 56.7 55.5 53.7 52.8 51.7 50.4 49.1 48.3 46.8 45.2 43.9 42.3 44.1 42.6 40 39.1 38.3 37.7 36.7 36.5 35.3 34.5 34.1 33.2 32.5 31.4 31.6 30.3 29.6 29.3 28.4 27.9 27.1 26.7 26 26.1 25.6 24.6 24.1 23.7 22.8 22.5 22.1 21.7 21.3 20.8 20.5 20.2 19.7 19.7 19.7 19.3 19.2 18.9 18.8 18.7 18.7 18.7 18.7 18.8 19.2 19.1 18.5 19.5 18.6
64.9 62.6 61.1 59.1 57.6 55.8 54.3 52.7 51.2 49.7 48.5 47.2 45.8 44.5 43.2 42 41.1 39.8 38.7 37.7 36.3 35.1 34 34.8 33.7 31.6 30.9 30.2 29.6 28.9 28.2 27.2 26.6 26.5 25.8 25.2 24.9 24.5 24.2 23.4 23.5 22.8 22.7 22.5 21.9 21.7 21.4 21.1 20.7 20.6 20.3 19.7 19.5 19.4 19.3 18.8 18.7 18.5 18.3 18.1 18.1 18.1 17.9 17.9 17.5 17.3 17.3 17.4 17.2 17.1 17 16.8 16.4 17 16.3 16.5
51.9 48.6 47.1 45.4 44.2 45.2 41.5 40.6 39.6 38.8 37.4 36.5 35.6 34.7 33.9 33.1 32.6 31.7 30.9 29.9 28.7 27.6 26.7 27.1 26.3 24.7 24.2 23.3 22.8 22.3 21.7 21.4 20.9 20.5 20.1 19.8 19.5 19.1 18.8 18.5 18.6 18.4 18 17.9 17.6 17.4 17.3 17.1 17.3 17 16.9 16.7 16.6 16.6 16.5 16.4 16.1 16.1 16 15.9 15.7 15.7 15.5 15.4 15.4 15.3 15.3 15.2 15.2 15.3 15.3 15.2 15.3 15.2 15.3 15.1
41.1 38.5 37.5 36.3 34.9 33.5 32.1 31.8 31 30.1 29.1 27.5 26.8 26.7 25.9 25.2 24 23.5 23 22.4 21.9 21.6 20.9 20.4 19.7 19.3 18.4 18.3 18.1 17.6 17.1 16.9 16.6 16.3 16.1 15.8 15.7 15.5 15.3 15 14.5 14.4 14.1 14 14 13.9 13.7 13.3 13.3 13.1 13.1 13.1 13.4 13.4 13.4 13.3 13.2 13.2 13.2 13.2 13.2 13.1 13.1 13.1 13.2 13.2 13.2 12.6 12.6 12.6 12.5 12.6 12.5 12.6 12.6 12.5
32.2 31.1 29.7 28.9 27.9 27.2 26.7 26 25 24.6 23.5 23 21.6 21 20.6 19.8 19.2 18.7 18.1 17.6 17.2 16.9 16.5 16.3 15.9 15.6 15.6 15.3 15 14.8 14.4 14.1 13.9 13.6 13.3 13.2 12.9 12.7 12.4 12.3 12 11.9 11.9 11.6 11.4 11.3 11.3 11.3 11.2 11.2 11.1 11.1 11.1 11.1 11.1 11 10.9 10.8 10.8 10.8 10.8 10.8 10.6 10.6 10.7 10.8 10.9 10.9 10.8 10.9 10.8 11 11 11 11.2 11.2
26 25.2 24.3 23.5 23 22.3 22.2 21.6 21 20.3 19.9 19.1 18.2 17.4 17.2 16.7 16.2 16 15.6 15.4 15.1 14.8 14.5 14.4 14 13.7 13.6 13.5 13.1 13 12.9 12.8 12.4 12.2 12.2 12.2 11.9 11.6 11.4 11.2 11.3 11.3 11.3 10.9 10.7 10.6 10.6 10.6 10.6 10.6 10.6 10.6 10.4 10.3 10.3 10.3 10.3 10.3 10.3 10.3 10.3 10.1 10.2 10.2 10.1 10.2 10.2 10.2 10.2 10.1 10.3 10.3 10.3 10.4 10.4 10.4
21.5 21 20.5 19.9 19.5 18.9 18.6 18.2 18 17.4 17.1 16.8 16.2 15.6 15.2 14.9 14.5 14.1 13.9 13.7 13.3 13.2 13.2 13 12.8 12.6 12.4 12.3 12.1 12.1 11.9 11.8 11.7 11.7 11.5 11.4 11.4 11.2 11.2 11.1 10.9 10.8 10.7 10.6 10.6 10.5 10.5 10.4 10.4 10.2 10.1 10.1 10 10 9.9 9.9 9.9 9.9 9.9 9.9 9.9 9.7 9.7 9.7 9.8 9.7 9.6 9.7 9.7 9.7 9.7 9.7 9.7 9.7 9.8 9.9
18.2 17.9 17.3 17 16.7 16.4 16.3 16 15.8 15.4 15.3 15.1 14.9 14.1 13.9 13.5 13.2 13 12.8 12.5 12.6 12.5 12.2 11.8 11.8 11.7 11.5 11.4 11.3 11.2 11.3 11.1 11 10.9 10.9 10.7 10.5 10.5 10.4 10.4 10.3 10.1 10.1 10 10.1 9.9 9.9 9.9 9.8 9.8 9.7 9.7 9.7 9.7 9.6 9.5 9.5 9.5 9.4 9.4 9.4 9.4 9.3 9.3 9.3 9.3 9.3 9.3 9.3 9.5 9.5 9.3 9.2 9.1 9.2 9.2
