datasets/global_precipitation_1950_2017/rasters/precip_1950-total.asc
NCOLS 720 
NROWS 347 
XLLCORNER -180 
YLLCORNER -90 
CELLSIZE 0.5 
NODATA_value -9999 
[rows 34 to 67 of 347, columns 532 to 607 of 720]
491.3 494.6 497.8 508.4 513.9 510.4 501.1 489.6 480.4 475.1 472.4 467.4 463.7 462.3 460.2 456.3 452 442.7 430.9 413.3 393.1 369.3 345.3 323.4 307 292.9 283.4 274.7 269.1 263.6 259.6 256.9 255.9 254.8 254.4 252.2 251.9 249.9 251.3 252 253.2 255.4 257.7 260.8 265.3 269.6 275.6 279.9 284.9 289.8 294.5 298.1 301.7 304.8 307.7 309.6 306.2 312.1 311.1 308.4 305.1 301.4 296.7 292.7 288.9 285 281.2 279.8 276 272.1 270.6 268.1 268.4 271.6 273.7 275.3
526.4 544.3 566.1 597.7 576.1 540.1 495.8 455 438 451.5 466 473.1 471.8 471.9 468.2 462.4 452.7 437.9 418.2 394.7 369.6 342.9 319.8 299.4 281.9 267.4 257.5 251.2 249.9 248.3 247.9 248.3 248.9 252.2 250.9 250.1 248.5 246.2 244 242.3 242.2 245.2 247.3 251.3 257.1 262.6 269.9 278 282.8 288.9 291.4 296.6 299.4 302.1 304.8 304.8 305.8 305.3 303.5 301.1 297.7 293.5 288.5 283.2 277.8 273.4 269.8 268.8 267.4 267.1 264.9 263.8 263.4 266.8 269.3 269.4
555.5 570.3 574.5 574.8 571 555.2 526.1 497 482.4 481.1 486 487.1 486.2 485.9 482.3 475.8 464 442 419.9 391.8 363 335.7 306.3 277.6 252.3 233 227.9 228.8 233.7 238.7 239.6 242.3 245.1 246.6 248.3 248.1 248.8 248.6 247.3 243.2 244.2 246.4 247.8 252.9 258 264 270.7 277.7 283.2 287.3 291.1 293.3 296.4 298.2 297.8 297.3 297.2 293.7 292.7 288.1 284.7 280.7 275.2 269.7 263.7 257.4 251.3 247.4 246 245.9 246.2 248.2 250.4 252.5 255.8 259
583.5 591.3 593.4 592.4 585 574.6 561.5 545.1 528.9 516.1 509 503.4 500.5 502 501.1 496.1 481 457.3 431.1 400.3 371.1 343.3 317 288.1 259.8 239.7 236.4 237.7 239.3 237.3 239.1 241.6 242.4 242.5 245.1 245.6 246.4 244.8 247 248.6 250.4 253.1 256.8 260 265.5 271.1 275.2 281 286.1 290 293.2 295.3 295.7 295.7 294.7 292.4 289.3 285.3 281.9 276.3 270.9 266.4 263 259.3 254.8 249.6 243.8 238.8 233 229.3 230 229.4 232.1 235.5 241.6 249.3
592.2 610.8 630.7 634 615.1 589.5 567.7 552.7 536.7 521.5 510.3 505.8 505.8 507.4 506.2 499 486 460.9 428.8 397.3 373.8 353.1 337.2 323 310.4 303.7 300.3 298 264.7 259.5 257.8 255.5 252.5 249.5 248.3 247.1 246.3 247.1 248 250.9 252.6 254.5 257.1 259.4 264.5 268.8 272.3 276.2 281.4 287.4 291.7 294.9 294.6 294.8 294.5 291.9 288 280.3 272.8 266.3 262.2 259.6 259.6 259.5 256.8 252.3 245.9 238.8 231.2 224.8 220.6 220.1 221.9 226.2 232.2 238.9
584.2 598.7 608.6 609.2 594.8 576.9 559 541.5 524.9 512.3 504.8 502.1 499.3 495 488.5 479.5 462.5 440.2 412.2 384.6 362.3 349.9 345.4 339 333.2 329.1 324.4 320.9 309.8 295.4 281.9 272 264.3 258.5 253.4 249.1 247.3 248.6 250.1 251.8 253.5 254.5 256 257.6 259.3 262.4 264.3 267 271.5 276.1 282 287.6 292 290.9 287.8 282.6 278.9 273.8 265.7 259.5 256.9 257.2 262.8 268.3 270.3 264.7 254.9 243.4 233.1 223.7 216.2 213.2 215.3 221.2 227.7 233.5
566.4 588.9 609.5 618 570.5 557.6 537.3 517.1 505.4 499.7 501.9 503.7 500 490.6 477.4 460.8 443.4 424.5 406.3 388.6 372.4 361.3 352.8 344.5 334.4 326.4 316.8 309.6 299 288.8 279.9 274.3 269.4 265.1 259.9 255.4 253.4 253.4 254.1 253.9 254.3 255.1 256.9 258 258.8 259.3 260.4 262.1 264 268.4 274.6 285.3 299.8 301.6 277.2 264.3 267.6 265.5 257.9 248.2 240.8 239.9 250 265.8 281.1 276.2 265.3 252.8 242.2 233.5 226.7 222.8 221.4 224.1 227.2 231.7
520.7 538.6 556.8 560.2 536.7 495.1 464.8 458.4 464.5 476.3 492.1 507.2 510.9 499.8 473.4 453.3 433.4 418.6 405.6 397.9 391.6 382.7 371.9 360.1 341.4 323.9 310.2 297.3 284.3 273 267.2 266.9 269.2 268.7 267.2 264.6 262.7 260.3 257.9 256.1 255.5 255.8 256.5 257.2 257.6 258 258.1 257.3 255.5 252.6 255.1 267.8 282.4 287.8 273.1 258.6 256.2 256 247.6 229.3 205 183.8 195.8 221.9 240.7 252.6 259 260.5 255.7 248 240.7 234.2 229.6 224.7 221.3 220.6
483.2 483.7 489.9 483.1 456.1 413.7 396.8 408.3 425.8 444.5 467.4 486.2 491.4 475.8 450.3 425.6 402.9 393.1 400.4 409.6 414.6 412 402.1 381.9 363 338 318.4 300.6 288.4 279.7 274.3 273.7 274.9 276.8 276.5 274.7 271.9 268.4 264.1 260.5 257.7 254.7 253.6 253 253.1 253.4 254.2 253.5 251.5 248.1 247.2 254.6 262.1 263.3 258.1 253 256.9 260.8 257.3 242.3 223.4 208 205 211.3 220.5 235.4 253.4 267 267.7 259.5 250.6 240.7 229.8 219.3 210.3 201
473.2 469.5 465.5 460.9 451 436.9 424.4 410.1 398.6 414.1 424.2 434 435.5 431 425.7 409.7 392.8 388.8 402 419.4 434.1 431.3 410.8 388 363.5 345.6 328.4 314.9 305.1 298 292.6 289 286.8 286.3 287.3 286.5 283.1 277.4 271 264.5 258.1 252.7 248.2 245.5 245.9 248.3 250.7 253.6 254.7 255.5 256.8 260.1 265 269.4 276.3 283.7 294 297.3 290.2 275.7 259.5 244.3 232.9 228.5 232.3 241.3 251.6 259.7 262.6 260.2 253 243 230.7 214.5 197.3 189.5
480.6 470.5 465.9 467.4 469.8 474 472.3 455.4 441.9 417.4 387.8 366.4 369.4 413.7 462.3 461.8 433 414.8 406.7 403.8 398.5 383.4 365.6 351.2 343.4 338.3 332.9 328.6 324.4 320.7 318.2 315.1 312.5 308.8 303.9 300.2 293.3 285.8 276.9 268.2 260.5 255.1 249.2 245.6 246.8 251.1 256.9 260.5 264.3 264.8 268.7 274.9 281.5 290.2 295.6 299 301.6 303.7 308.5 314.2 309.2 297.2 282.7 271.8 265.5 264.3 265.3 266.8 267.2 264.7 259.5 251 239.4 223.7 211.3 198.9
503.9 482.4 467.4 464.4 467.5 482.2 506.4 501 462.8 401.8 326.2 268.9 251.2 313.4 407 427.6 419.5 408.3 391.7 371.1 347.4 324 306.2 304.7 320 329.9 333.3 332.7 333.5 336.9 345.4 353.5 355 346.5 331.2 316.9 302.5 288.2 276.4 268.3 265 264.7 268.2 270.6 273.6 277.1 281.4 285 293.5 300.9 315.2 325.8 328.4 325.6 322.2 311.7 300.6 290.7 311.9 349.1 368.6 353.7 330.1 309 293.1 282.9 277.8 276.1 275.9 273.8 270.1 265.3 258.5 250.3 242.8 231
525.9 503.8 477 458 446.6 450.8 462.5 470.9 478.6 429.4 359.5 295.6 255.8 340.2 391.9 381.2 383.3 388.8 381 355.2 325.5 314.9 314.4 319.8 328.6 336.1 334.7 328.3 325.9 333.3 347.7 368.8 380.2 360 328.7 305.2 288.2 274.2 261.8 254.5 256.6 266.3 279.7 294.8 311.8 316.6 318.4 323 334.2 352.9 369.2 379.4 378.4 367.9 359.7 348.1 335.5 328.9 338.8 359.7 370.9 360.4 342.3 325.8 311.7 301 292.2 284.7 279.6 282.3 286.8 291.1 295.5 295.9 293.7 290
533.1 515.8 503.2 488.7 474.9 466.4 472.3 479.9 477.4 474 470.5 436.3 403.9 387.5 321.2 315.9 348.5 364.4 364.9 351.3 332.6 329.7 328.8 325.6 321.4 315.9 307.3 297.3 290.1 289.5 295.7 305 306.9 292 270.6 267.6 261.5 246.9 231.1 220.9 226.1 243 270.2 297 319.6 331.6 345.1 359.1 376.1 392 404 405 396.3 390.6 393.1 387.6 375.8 357.1 342.6 327.9 325 322.7 320.4 318.4 313.9 307.1 300.9 297.9 299.1 303.7 311.5 321 333.3 342.5 350.9 356.6
532.7 547.8 547.3 534.3 491.5 443.5 432.5 456 486.1 510.4 526 510.9 475.9 433.8 398.6 382.6 379.4 378.3 376.3 371 362.9 352.9 338.9 321.6 304.6 287.8 274.7 259.1 239 221.9 223.9 245.6 265.3 271.6 269.1 263.2 250.2 230.7 209.6 191.6 186.5 205.9 235.6 273.6 309.2 342.2 375.2 396.1 407.3 412.3 414.4 414.8 411.5 415.4 423.6 415.1 393.7 362.2 331.5 314.7 303 300.8 302.4 302.6 303.3 301.4 300.8 302.4 304.2 309.5 318.8 342.3 368 380.3 393.7 401.9
519.6 545.8 553.7 556.4 422.4 282 384.8 418 444.7 482.7 509.2 510.9 499.5 487.7 477.2 467.4 452.8 433.4 414.5 399 378.4 358.5 341.9 314.5 288.9 269.3 262.1 252 237.3 220.9 225.6 253 277.1 289.2 292.1 285.1 269.5 244.1 224.7 214.3 207.8 205.1 222.7 279.2 333.2 378.1 418.2 446.8 433.6 414.2 402.8 410.2 435.1 478.5 453.7 398.8 359.8 333.8 310.4 295.1 289.8 292.4 291.3 287.4 288.1 291.1 295.2 300.4 303 309.5 319.9 341.4 369.1 389.9 408.7 423.9
461.2 475.9 467.8 437 388.8 384.4 443.3 431.5 438.7 462.5 481.4 492.6 500.3 505.9 510.1 510.6 518.6 464.7 439.9 409.8 374.1 341.4 306 283.1 288.9 288.7 285 281.9 279.3 282.2 295.6 313.3 326.2 324.2 330.6 326.5 309.8 285.8 254.3 246.4 250.4 265.8 294.6 330.5 366.6 407.9 406.3 422.1 414.1 400.1 390.8 386.6 397.6 417.5 384.3 321.1 267.1 287 284.3 271.3 268.1 270.9 267.7 265.8 270.5 278.5 289.6 297.7 305.3 312.4 323.8 337.9 362.6 392.7 420 437.9
388.2 400.7 401.4 394.4 394.6 411.6 438.5 452.9 463.7 470.5 472.9 474.4 476.9 480.9 470.1 484.5 499.2 499.5 457.9 404.7 372.9 362.4 353.6 333 316.7 311.9 310 308.5 307.4 317.4 338.5 356.3 373.4 380.7 371.5 361.7 353.4 338.9 324.4 312.1 307.5 302.9 324.1 366.6 387.3 342.8 352.3 367.8 370.1 360.1 338.4 323.5 332.8 335.6 316.7 287.6 278.4 287.8 292.1 284.3 265.4 250 241.8 245.3 263.7 282.1 294.9 301.4 307.2 317.5 327.4 340.9 360.3 402.6 437.1 457.9
356.3 367 379.7 389.4 396.1 425.6 471.3 475.6 478.3 480.1 471.4 461.8 461.8 458.6 450.1 435.1 437.7 444.5 378 362.3 351.9 351 352.1 353.4 349 340.3 332.3 327.5 332 343.4 355.6 371.2 409.2 399.6 391.5 394.4 385.5 363.7 365.9 379.6 355.5 303.9 287.7 316.6 327.9 326.1 324.9 330 333.9 330.3 310.4 307.7 307.6 304.8 294.6 283.5 274 287.9 296.4 293.3 270.6 254.8 248.4 257.8 279.4 298 302.1 304 307.3 315.8 326.1 341.1 368.9 406.3 448.2 477.8
385.7 387.3 402.4 418.7 436.2 448.4 451.8 464.7 494.8 505.8 475.9 440.7 413.8 422.6 446.1 404.5 361.7 344.5 345.7 338 347.3 362 378.2 396.4 402.9 401.6 395.2 378.9 365.9 371.6 380.3 381.7 393.2 395 412.3 445.1 413.3 363.8 320.1 334.1 325.1 319.8 320.1 319.2 317.3 309.7 291.3 276.2 266.7 262.8 268 276.3 285 281 272.9 266.2 263.2 270.7 277 274.8 275.8 274.3 268.3 257.5 268.4 295.9 301.9 299.9 301.3 306.5 311.8 323.7 353.5 401 451.4 492.1
372.1 415 441.1 442.9 470.8 476.6 440.9 442.7 540.1 557.3 481.3 450.9 370.4 308 386.9 373.7 344.7 327.8 333.9 307.1 369.1 395.4 447.3 437.8 420.1 417.5 415.6 392.2 371.8 381.1 397.4 394.1 400.8 355.3 353.1 359.9 347.1 326.7 308.6 292.5 277.5 298.6 318.5 324.9 306.5 284.1 260.9 236 212.2 201.3 206.1 222.3 247.6 253.2 248.1 245.5 253.5 267.9 266.5 272.4 293.8 315.3 324.1 314.7 302.7 295.5 286.5 285.1 302.7 316.5 321.6 332.8 363.5 414.9 465 502.1
446.3 461.9 497.9 502.4 432.1 461.5 449.6 420.9 412.6 413.1 412.3 410.7 378 360.5 356.1 326.6 389.1 271.4 342 353.8 366.2 395.6 420.7 431.8 426.7 415.4 390.7 357.4 344.4 354.1 366.2 394.5 399.5 374.4 350.7 331.8 308.1 303.2 307.9 321.7 303 302.4 302.1 298.3 288.9 278.7 268.5 180.8 152.5 183 208.5 235.4 257.9 260.9 240.6 222 228.3 228.4 217.5 249.2 307.9 343.8 360.3 354.5 340.6 326.7 316.4 334 376 393.8 389.6 391.2 412.7 460 509.7 534.4
444.9 507 694 873.8 740.6 663.9 533.3 374.9 350 325.3 354.6 423.1 413.6 420.7 460.3 329.2 337.3 408.9 389.9 374.2 383.8 401.3 411.9 409.7 399.2 383.5 365.5 341.4 304.1 216.2 337 352.6 358.3 351.6 338.7 326.3 312.5 307 320.5 322.4 307.9 305.6 316.4 313.7 298.5 273.5 251.3 241.4 223.5 219.8 231.5 255 277.7 294.8 292 239.6 240 248.8 266.2 308 357.8 386.5 378.4 370.7 374.1 389.3 412.6 439.9 468.8 475.7 465 458.5 465.7 505.2 551.1 576
551.1 517.9 576.8 728.1 894.3 1006.3 760.3 512 405.1 339.6 328.7 350.6 391.4 471.8 499 435 405.5 409.4 409 417.5 435.7 449.2 447.7 430.1 404.8 377.9 374.9 375.2 367 386.3 362.8 347 341.8 348.3 346.3 328.4 292.2 259.2 278.1 278.5 274.5 266.1 273.2 287 272.6 260.4 263 256.9 234.8 234.8 247.9 268.4 285.8 296.7 296.5 271.7 260.7 260 280.6 320.5 359.7 377.7 380.8 385 400.1 425.3 458.7 483.5 481.7 469.8 463.5 451.2 442.5 462.2 505 544.2
478.4 478.9 498.4 591 730.6 757 772.5 667.6 459.8 360 320.8 343.8 364.2 438.4 564.7 573.8 540.2 540.1 524.2 488.4 470.6 471.8 474.2 466.5 455.5 444.9 430.1 421.6 436.9 430.2 372.9 308.8 319.5 363 367 365 356.4 305.9 278.9 266.3 253.4 234 209.2 185.5 173.4 207.7 292.8 301.8 160.6 207.1 265.2 313.2 308.4 281.9 260.8 250.4 246.5 236.3 238.5 271 308.5 337.2 353.8 364.2 377 399.4 424.2 456.6 451.2 433.1 435.1 454 445.9 417.5 432.9 496.3
516.4 509.1 548.2 645.1 717.4 758.9 736.8 565.7 285.3 316.3 295.8 334.2 368.8 356.9 457.7 542.3 586.1 622.1 629.5 571.2 509.2 483.6 488.8 497.1 498.3 501 482.4 458 441.1 422.5 386.7 361.2 358 345.3 328.2 364.7 411.8 364.3 304.8 278.7 257.7 213.6 174.4 157.9 155.7 178.8 259.4 298.1 282.6 267 270.1 281 284.1 275.6 259.1 261.8 258.2 251.1 248 225.2 246.3 284.4 313.4 332.3 352.3 368.4 360.9 357.1 368.7 408.5 401.6 419.2 423.9 397.3 380.1 377.9
603.8 674.4 727.5 748.3 786.1 859.6 784.6 602.5 452.1 391 392.5 403.9 429.7 411.9 578.6 655.6 712.6 724.4 655.9 554.2 482.9 463.2 489.1 532 575.7 545.9 502.2 465.3 446.1 447.5 454.1 452.4 413.8 350.3 336.2 340.8 351 336.7 315.3 242.3 237.8 179.3 165.7 141.7 208.6 179.7 261.9 307.4 321.5 306.5 272.9 253.8 276.4 293.3 311.8 322.8 300.8 289 286.4 275.7 271.9 281.2 302.9 313.9 321.2 320.7 292.6 320 341.8 355.8 347.8 334.8 376.3 388 343.4 263.3
745.6 900.6 1033.1 902.7 786 739.3 651.6 459.5 425.5 418.6 427.5 469.7 512.6 659.5 1100.2 734.1 647 611.7 508.3 404.3 358.7 390.8 435.5 483.4 508.3 491.9 450.8 412.8 419.7 454.4 488.6 516.8 497.7 425.7 395.3 417 399.6 357.2 342.5 318.1 278.2 247.2 248 238.5 238.3 277.2 323.1 365.9 365.3 336.8 309.3 297 293.7 302.1 314.5 321.3 304.3 290.5 292.6 291.9 293.1 268 263.4 274.6 278 275.6 288.7 314.8 328 342.2 362.6 379.8 406.1 406.4 351.1 301.2
689.2 846.8 900.7 893.1 913.3 812.4 690.4 549.2 456.1 424.2 432.8 476.8 534.6 362 329.6 331.1 334.7 349.6 344.1 319.6 316.3 335.5 377.4 410 427.8 422.4 401.6 399.7 424.6 481.5 510.6 508.3 568.7 639.2 542.6 502.6 543.4 466.1 360.8 347.3 284.8 328.1 303.1 275.1 275.8 301 311.4 289.4 322.9 330.4 316.5 309 296.7 283.7 331.6 337.3 301.3 265.4 253.5 248.9 248.2 242.2 246.2 253.4 261.4 277.7 299.4 319.4 332.7 344.9 367.1 396.4 411.6 396.3 366.3 340.9
636.5 691.2 750.3 746.5 707.3 698.5 596 424.2 343.3 352.1 375.4 384.6 375.2 350.7 327.8 293.7 244.4 241.9 300.2 318.2 318.3 322.3 331.4 339.8 346.1 347.3 351.2 361.6 382.7 379 406.8 474.4 483.5 566.6 661.5 489.2 576.4 666.5 658.7 624.2 517.4 371.7 253.1 273.9 310.9 351.1 352.2 338.7 332.8 327.9 325.8 323.8 313.1 315.9 325.5 323.8 314.8 232 226.5 209.3 208.7 229.1 251.4 260.9 269.9 294 337.1 365.1 364.8 365.6 383 400.9 407.8 398.2 373.1 346
494.2 532.2 537.9 442.5 478.5 469.2 362.1 288.7 287.2 308.3 342.8 366.1 348.8 333.5 313.3 305.8 318.6 320.8 306.5 311.2 304.8 308.1 317.4 323.7 325.8 328 317.5 317.1 343 366.1 407.9 468.1 524.4 625.5 799.1 863.6 738.9 714.6 691.2 595.4 427.3 279.4 301.5 307.5 357.8 426.1 412 386.9 379.7 353 326.6 308.9 373.8 371.9 312.6 273.4 253.5 236.5 214.3 194.2 189.5 220 258.4 272.1 261.5 281 363.5 416.7 387.1 385.2 400.3 415.9 429.6 422.9 363.9 316.7
326.8 413.1 423.5 398.4 364.5 278.1 223.5 215.7 225.6 238.4 266.4 277.5 276.1 277.6 282.2 273.8 274.7 261.8 247.4 255.5 267 288.8 319.8 340.9 351.5 357.3 357.4 362.2 374.5 379.7 403.2 454.2 503 508.1 528.3 537.2 523.1 470.3 359.4 352.8 327.2 303.6 329.6 343.6 356.5 388.9 401.2 396.2 405.5 375.5 337.6 293.7 293.1 293.2 278.6 264.3 235.3 213.3 192.2 191.9 228.3 251.2 252 238 230.4 227.6 265.7 294.3 322.9 353.9 373.6 382.8 386.1 363.9 313.5 282.7
445.7 419.8 395.2 317.7 203.6 128 130.2 145.5 141.7 154 174.1 173 167.2 168.8 190.5 212.9 214.2 201.8 227 224.2 233.1 259 299.9 335.5 360 379.1 388.3 395.2 391.8 381.8 383.8 409.2 419.8 417.4 411.9 408.2 414.8 405.6 352.2 312.7 294.7 299.2 322 338.4 364.4 392.9 401 415.3 408.2 389.1 384.6 318.9 272.8 253.7 241.6 257.7 235.4 221.8 222.3 250.1 290.2 299.6 274.7 235.1 206.8 219.3 205.9 216.2 245.6 295.5 328.3 340.6 327.8 311.2 284.9 278.4
456.1 454.6 404 285.1 157.1 116.9 110.7 118.8 126.8 133.5 136.6 131.8 131.7 142.4 164.2 186.8 195.5 199.3 208.1 208.8 201 220.1 257.8 293.3 327 357.2 373.6 382.6 373.9 375.3 372.3 372.7 352 313 324.1 340.7 352.4 351.6 324.8 305.5 295.4 293.7 304.2 300.8 349.8 369.3 360.3 382.3 390.5 372.9 344.5 271 237.4 214.6 230.7 215.8 180.8 185.8 221.6 260.4 285.3 312.8 384.7 218.1 133 152.2 175.4 175.7 186.2 227.6 267.4 288.3 295.1 292.6 288.8 298.8
