datasets/global_precipitation_1950_2017/rasters/precip_2008-total.asc
NCOLS 720 
NROWS 347 
XLLCORNER -180 
YLLCORNER -90 
CELLSIZE 0.5 
NODATA_value -9999 
[rows 306 to 339 of 347, columns 76 to 151 of 720]
-9999 -9999 -9999 -9999 -9999 -9999 -9999 -9999 -9999 -9999 -9999 -9999 -9999 -9999 -9999 -9999 -9999 -9999 -9999 -9999 -9999 -9999 -9999 -9999 -9999 -9999 -9999 -9999 -9999 -9999 -9999 -9999 -9999 -9999 -9999 -9999 -9999 -9999 -9999 -9999 -9999 -9999 -9999 -9999 -9999 -9999 -9999 -9999 -9999 -9999 -9999 -9999 -9999 -9999 -9999 -9999 -9999 -9999 -9999 -9999 -9999 -9999 -9999 -9999 -9999 -9999 -9999 -9999 -9999 -9999 -9999 -9999 -9999 -9999 -9999 -9999
-9999 -9999 -9999 -9999 -9999 -9999 -9999 -9999 -9999 -9999 -9999 -9999 -9999 -9999 -9999 -9999 -9999 -9999 -9999 -9999 -9999 -9999 -9999 -9999 -9999 -9999 -9999 -9999 -9999 -9999 -9999 -9999 -9999 -9999 -9999 -9999 -9999 -9999 -9999 -9999 -9999 -9999 -9999 -9999 -9999 -9999 -9999 -9999 -9999 -9999 -9999 -9999 -9999 -9999 -9999 -9999 -9999 -9999 -9999 -9999 -9999 -9999 -9999 -9999 -9999 -9999 -9999 -9999 -9999 -9999 -9999 -9999 -9999 -9999 -9999 -9999
-9999 -9999 -9999 -9999 -9999 -9999 -9999 -9999 -9999 -9999 -9999 -9999 -9999 -9999 -9999 -9999 -9999 -9999 -9999 -9999 -9999 -9999 -9999 -9999 -9999 -9999 -9999 -9999 -9999 -9999 -9999 -9999 -9999 -9999 -9999 -9999 -9999 -9999 -9999 -9999 -9999 -9999 -9999 -9999 -9999 -9999 -9999 -9999 -9999 -9999 -9999 -9999 -9999 -9999 -9999 -9999 -9999 -9999 -9999 -9999 -9999 -9999 -9999 -9999 -9999 -9999 -9999 -9999 -9999 -9999 -9999 -9999 -9999 -9999 -9999 -9999
-9999 -9999 -9999 -9999 -9999 -9999 -9999 -9999 -9999 -9999 -9999 -9999 -9999 -9999 -9999 -9999 -9999 -9999 -9999 -9999 -9999 -9999 -9999 -9999 -9999 -9999 -9999 -9999 -9999 -9999 -9999 -9999 -9999 -9999 -9999 -9999 -9999 -9999 -9999 -9999 -9999 -9999 -9999 -9999 -9999 -9999 -9999 -9999 -9999 -9999 -9999 -9999 -9999 -9999 -9999 -9999 -9999 -9999 -9999 -9999 -9999 -9999 -9999 -9999 -9999 -9999 -9999 -9999 -9999 -9999 -9999 -9999 -9999 -9999 -9999 -9999
-9999 -9999 -9999 -9999 -9999 -9999 -9999 -9999 -9999 -9999 -9999 -9999 -9999 -9999 -9999 -9999 -9999 -9999 -9999 -9999 -9999 -9999 -9999 -9999 -9999 -9999 -9999 -9999 -9999 -9999 -9999 -9999 -9999 -9999 -9999 -9999 -9999 -9999 -9999 -9999 -9999 -9999 -9999 -9999 -9999 -9999 -9999 -9999 -9999 -9999 -9999 -9999 -9999 -9999 -9999 -9999 -9999 -9999 -9999 -9999 -9999 -9999 -9999 -9999 -9999 -9999 -9999 -9999 -9999 -9999 -9999 -9999 -9999 -9999 -9999 -9999
-9999 -9999 -9999 -9999 -9999 -9999 -9999 -9999 -9999 -9999 -9999 -9999 -9999 -9999 -9999 -9999 -9999 -9999 -9999 -9999 -9999 -9999 -9999 -9999 -9999 -9999 -9999 -9999 -9999 -9999 -9999 -9999 -9999 -9999 -9999 -9999 -9999 -9999 -9999 -9999 -9999 -9999 -9999 -9999 -9999 -9999 -9999 -9999 -9999 -9999 -9999 -9999 -9999 -9999 -9999 -9999 -9999 -9999 -9999 -9999 -9999 -9999 -9999 -9999 -9999 -9999 -9999 -9999 -9999 -9999 -9999 -9999 -9999 -9999 -9999 -9999
-9999 -9999 -9999 -9999 -9999 -9999 -9999 -9999 -9999 -9999 -9999 -9999 -9999 -9999 -9999 -9999 -9999 -9999 -9999 -9999 -9999 -9999 -9999 -9999 -9999 -9999 -9999 -9999 -9999 -9999 -9999 -9999 -9999 -9999 -9999 -9999 -9999 -9999 -9999 -9999 -9999 -9999 -9999 -9999 -9999 -9999 -9999 -9999 -9999 -9999 -9999 -9999 -9999 -9999 -9999 -9999 -9999 -9999 -9999 -9999 -9999 -9999 -9999 -9999 -9999 -9999 -9999 -9999 -9999 -9999 -9999 -9999 -9999 -9999 -9999 -9999
-9999 -9999 -9999 -9999 -9999 -9999 -9999 -9999 -9999 -9999 -9999 -9999 -9999 -9999 -9999 -9999 -9999 -9999 -9999 -9999 -9999 -9999 -9999 -9999 -9999 -9999 -9999 -9999 -9999 -9999 -9999 -9999 -9999 -9999 -9999 -9999 -9999 -9999 -9999 -9999 -9999 -9999 -9999 -9999 -9999 -9999 -9999 -9999 -9999 -9999 -9999 -9999 -9999 -9999 -9999 -9999 -9999 -9999 -9999 -9999 -9999 -9999 -9999 -9999 -9999 -9999 -9999 -9999 -9999 -9999 -9999 -9999 -9999 -9999 -9999 -9999
-9999 -9999 -9999 -9999 -9999 -9999 -9999 -9999 -9999 -9999 -9999 -9999 -9999 -9999 -9999 -9999 -9999 -9999 -9999 -9999 -9999 -9999 -9999 -9999 -9999 -9999 -9999 -9999 -9999 -9999 -9999 439.3 440.7 -9999 -9999 -9999 -9999 -9999 460.7 466.8 -9999 -9999 -9999 -9999 -9999 -9999 -9999 -9999 -9999 -9999 -9999 -9999 -9999 -9999 -9999 -9999 -9999 -9999 -9999 -9999 -9999 -9999 -9999 -9999 -9999 -9999 -9999 -9999 -9999 -9999 -9999 -9999 -9999 -9999 -9999 -9999
-9999 -9999 -9999 -9999 -9999 -9999 -9999 -9999 -9999 -9999 -9999 -9999 -9999 -9999 -9999 -9999 -9999 -9999 -9999 -9999 -9999 -9999 -9999 -9999 -9999 -9999 -9999 -9999 -9999 -9999 -9999 -9999 -9999 -9999 -9999 450.1 454.3 -9999 465.5 471.7 478.4 484.7 491.1 -9999 -9999 -9999 -9999 -9999 -9999 -9999 -9999 -9999 -9999 -9999 569.7 572.8 -9999 -9999 -9999 -9999 588.5 591.6 -9999 -9999 -9999 -9999 -9999 -9999 -9999 -9999 -9999 -9999 -9999 -9999 -9999 -9999
-9999 -9999 -9999 -9999 -9999 -9999 -9999 -9999 -9999 -9999 -9999 424.4 424.9 425.2 425.8 426.6 -9999 -9999 -9999 -9999 -9999 -9999 -9999 -9999 -9999 -9999 -9999 -9999 434.7 435.4 436.5 -9999 -9999 441.9 444 446.7 450.4 454.4 460.1 465.9 471.4 476.4 481.5 486.7 493.6 502.8 512.3 522 527.6 532 536.3 540.4 545 553.3 559.2 565.7 572.2 578.1 -9999 -9999 -9999 590.6 595.6 601.3 -9999 -9999 -9999 -9999 -9999 -9999 -9999 -9999 -9999 -9999 -9999 -9999
-9999 -9999 -9999 -9999 423.8 423.6 423.9 424.1 424 424.5 424.9 425.1 425.1 425.8 426.1 426.1 426.2 426 425.7 425.8 426.3 427 427.4 428.2 427.8 427.2 425.7 424.1 422.5 421.6 422.3 423.2 424.5 426.6 427.7 429.1 431.2 433.7 435.3 440.3 443.7 447.5 451.7 455.9 461.9 470.9 480.3 489.5 499.7 489 498.6 508.4 519 524.7 531.6 540.5 549.2 557.5 565.4 552.2 560.2 -9999 580.6 584.2 589.3 593 600 -9999 -9999 -9999 -9999 -9999 -9999 630.7 631.8 631.2
424.7 424.8 424.8 424.7 424.6 424.6 424.4 424.4 424.1 423.8 423.3 423.3 422.8 423 422.8 421.2 419.7 419.6 418.4 416.3 413.6 410.6 410.9 407.8 405.7 404.8 397.3 399.3 395 391.1 387.4 386.5 386 386 385.4 385 385.4 386.4 388.1 391.2 392.8 399.7 402.8 406.4 410 415.6 423.4 431.5 440.4 447.3 452.3 460.5 468.6 473 477.5 484.3 494.2 504.2 514.3 521.1 525.4 530.1 534.2 538.5 545.4 551.1 562.7 571 579.5 584.4 586.2 587.6 588 587.5 589 589.3
422.8 423.2 422.5 421.9 420.7 420 418.2 416.4 414.8 413.3 412.5 411.9 411.5 410 407.7 403.8 399.3 395.1 390.3 386.8 384.2 376.4 378.1 371.6 365.6 359.5 355 351.6 343.3 342.2 336.8 332.5 329.2 327.1 325.1 323.9 323.1 323.4 324.3 325.6 327.8 330.3 333.7 337.4 341.5 346 350.8 356.8 363.3 370.6 378.2 386.6 394.7 399.9 405.6 411 416.2 425.6 435.3 443 448.5 453.5 460.6 470.8 470 484.9 488.6 497.8 506.9 513.1 515.2 516.7 517.1 517.3 519.6 524.3
408.7 409.4 409.5 403.1 401.7 400.7 401 397.7 391.3 391 386.5 383.1 378.2 372.7 367.8 363.8 358.9 353.3 345.5 339.6 334.8 327 321.3 315.6 309.6 303 296.7 290.7 285.5 280 275 270.8 267.1 264.7 262.3 259.1 257.2 255.6 254.4 254.1 254.3 255.2 259.5 260.6 263.8 267.9 272.3 275.8 283.7 286.1 292.4 299.3 306.5 313.6 320.5 327.6 334.1 341.3 347.6 354.9 363.6 372.2 381.3 390.6 398.1 403.7 409 413.6 418.1 424.2 432.5 440.8 448.7 430.2 433.4 457.5
375.2 376.3 374.1 365.2 366 363.3 358.5 353.3 347.7 343 337.7 332.2 326.1 317 312.7 305.3 298.2 291.8 285.5 279 272.1 265.8 259 252.7 246.3 240.7 234.4 230 225.7 221.8 216 208 204.7 203.1 201.4 194.7 194 193.9 190.6 189.1 189.7 191 192.9 195.4 194.9 195.5 198.2 199.8 201.9 206 211.7 218.3 224.7 231.3 237.1 242.3 249.2 256 262.9 269.2 275.5 282 288.3 295 301.6 309 315.1 320.4 325.2 329.4 335.2 341.5 347.7 353.9 358 359.7
328.2 325.3 322 317.6 312.7 307.4 301.7 295.6 290.4 284 277.9 271.4 265 258.4 252 245 238.4 232.4 225.5 222.8 215.2 209.7 203.5 200.3 196.8 186.6 181.8 177.3 172.9 168 162.8 158.9 156.9 155 152.1 149.1 147 145.1 143.6 141.1 137.9 139.5 135.4 131.7 139.9 141 140.7 138.9 141.2 143.2 147.1 151.4 156.4 161.3 165.7 169.4 173.2 177.4 182.8 189.3 193 198.7 204.8 210.5 215.8 220.1 225 229.7 235.1 240.4 245.3 249.8 254 258.4 262.2 265.4
274.4 270.3 266 261.4 257.2 250.7 243.1 235.3 226.5 222.5 217.9 213.5 209.5 205.4 202.5 196.4 191.6 186.4 181.5 176.4 171.6 166.7 162 157.3 154.9 150 147.4 142.9 139.4 134.9 130.3 125 120.4 120.9 116.9 112.1 105.6 103 102 97.6 96.3 90.7 88.8 87.4 85.9 83.7 85.9 84 85.7 87.5 89.8 91.1 94.8 97.2 98.7 99.9 105.6 105.9 110.9 115.3 121.6 126.1 132.5 137.8 142.8 146.4 150.4 154 163.7 167.7 166.1 173.9 176.8 179.5 182.7 186.6
218.2 213.7 209.3 205.7 201.1 197 192.5 184 175.1 172.5 169.9 167 164.6 162 157.4 150.4 157.1 145.2 143.2 141.3 138.7 137.1 134.7 131.3 126.8 123.1 119.2 115.2 114.6 109.6 106.6 102.2 96.5 96.7 90.2 85.5 81.7 77.9 74.1 69 65.7 61.1 56.7 55.8 50.1 48.1 45.7 43.2 44.5 43.6 42.3 41.9 41.4 40.7 40.9 43.1 45.8 49.3 53.3 57.1 60 63.1 71.9 72 78.1 84.3 88.5 92 101.4 106.9 104.3 109 113.6 118.2 121.6 127
168.2 164.3 160.2 156.6 153.3 149.7 146.8 144.2 139.2 138.2 136.2 134.1 132.4 130.4 126.7 121.2 115.6 110.5 110.3 109.1 107.9 106.5 105.2 103.4 102.1 100.2 98.5 96.6 94.7 92.8 89.7 86.6 84 81.1 77 73.6 69.8 65.7 61.7 58.1 52.4 47 41.4 35.8 30.4 24.4 19.6 15.2 11.9 9 6.9 5.2 4.5 6.3 6.1 7.9 9 10.4 14.3 17 17.3 21.6 24.9 30.6 35.5 35.6 42.8 46 49.7 54.9 57.2 62.4 67.4 71.7 75.9 78.5
141 136.2 131.4 127.7 123.7 120.5 117.9 115.3 112.7 108.8 109.6 108.2 106.7 105.7 104.5 100.3 96.3 91.9 88 89.3 88.5 87.4 86.7 85.8 85 84.3 83 82.1 81 80 78.7 77.6 75.7 74.6 72.9 71.1 69.5 66.8 64.2 60.9 56.9 51.1 43.3 32.4 19.5 7.3 0.6 0.3 0.2 0.1 0.1 0.1 0 0 0.2 0.5 0.9 1.4 2 2.8 3.1 3.7 4.6 6.1 8.2 9.9 11.8 16.9 18.8 23.2 26.6 30.6 34.7 37.9 41.1 44.3
123.3 118.3 114.2 110.3 106.7 103.4 100.6 98 95.7 92.1 87.2 82.7 84.5 83.4 82.5 81.6 80.5 77.7 74.8 76.3 75.4 74.8 74.3 73.8 73 72.5 71.9 70.9 70.3 69.8 69 67.8 66.3 65.2 64 63 61.3 59.3 57.1 53.8 49.7 44 36.1 25.6 13.4 2.4 0.3 0.2 0.1 0.1 0.1 0.1 0.1 0.1 0.1 0.2 0.2 0.2 0.5 0.9 1.4 1.7 2.1 2.4 2.8 3.7 4.2 4.8 5.7 7 8.2 11.3 12.8 16.5 19.5 23.3
107.3 103 99.1 95.3 92 88.8 86.2 83.7 81.3 78.1 74.1 70.3 66.9 63.2 74 70.6 67.7 65.2 62 63.2 62.6 62.1 61.4 61 60.2 59 57.9 56.9 55.5 54.5 53.3 52.3 50.9 49.7 47.9 46 43.6 41.1 38.4 34.9 30.9 26.7 22.3 17.6 13.1 8.4 4.5 2.3 1.4 0.9 0.6 0.6 0.5 0.5 0.4 0.4 0.4 0.4 0.4 0.5 0.7 1 1.3 1.7 2 2.4 2.7 3.1 3.7 4.3 5.1 6 6 7.2 8.7 12.5
91.6 87.6 83.9 79.5 75.7 71.9 68.4 65.3 62.2 59.4 56.7 57.8 54.7 50.6 48.9 51.8 50.9 49.6 48.8 44.9 44.6 43.8 42.1 40.9 42 41.6 40.8 40.2 39.7 38.6 38 36.7 35.8 34.4 32.5 30.8 29.3 27.5 25.4 23.1 20.8 18.1 16.1 13.4 10.5 8 6.6 4.5 3.1 2.3 1.6 1.1 1 0.8 0.7 0.6 0.6 0.5 0.5 0.6 0.6 0.8 1 1.2 1.5 1.6 1.9 2.2 2.6 3.4 4 5.1 5.5 6.3 7.4 8.9
68.7 65.6 62.3 59.5 56.4 53.8 51.4 49.3 47.4 45.6 43.5 41.1 39.2 37.4 35.3 33.8 32.4 31.1 32.5 31.2 30.2 29.5 29 28.4 27.4 26.3 28.2 27.2 24.9 24.3 23.4 24.4 23.4 22.1 20.6 19.1 19.7 16.8 15.7 14.8 13.3 11.8 10.6 9.1 7.7 6.4 5.2 3.9 3.2 2.4 1.7 1.4 1.3 0.8 0.8 0.8 0.6 0.7 0.6 0.5 0.5 0.5 0.7 0.6 0.7 1 1.3 1.5 1.6 1.8 2.1 2.4 2.9 3.8 4.4 4.6
49.4 46.9 43.8 41.4 38.9 36.4 34.7 32.6 31 29.1 27.8 26.3 25.2 24 23.2 22.3 21.1 20.5 19.8 18.7 17.5 16.7 15.4 18.5 15.7 15.6 15.1 14.8 15.1 14.9 13.6 12.9 12.3 11.9 11 10.5 9.6 9.3 8.3 7.4 6.8 6.3 5.6 4.8 4 3.3 2.6 2.2 1.8 1.3 1.2 1 0.9 0.6 0.6 0.5 0.4 0.4 0.4 0.3 0.3 0.3 0.3 0.4 0.5 0.6 0.6 0.7 0.8 0.9 2 1.9 1.9 1.7 4.6 2.1
39.2 36.8 34.3 32 30 27.9 26.3 24.7 23.1 21.8 20.8 19.6 18.6 17.7 16.8 15.9 15.1 14 13.4 12.4 11.2 10.3 9.5 11 10.1 8.2 7.5 7.1 7 6.3 6.5 5.5 5.1 5.1 4.5 4 3.4 3.7 2.6 2.4 2.2 1.7 1.2 0.7 0.9 0.6 0.8 0.5 0.3 0.2 0.2 0.2 0.2 0.1 0.1 0 0.1 0.1 0.1 0.1 0.2 0.2 0.2 0.1 0.2 0.2 0.3 0.3 0.5 0.5 0.6 0.6 0.6 0.6 1.1 0.7
31.7 29.4 27.9 26.2 24.6 22.9 21.3 20 18.8 17.7 16.8 15.7 14.9 14 13.1 12.2 11.6 10.6 10 9.2 8.3 7.3 6.5 7.2 6.6 4.8 4.3 4.1 3.5 3 2.5 2 1.6 1.3 0.8 0.7 0.5 0.3 0.1 0 0 0 0 0 0 0 0 0 0 0 0 0 0 0 0 0 0 0 0 0 0 0 0 0 0 0 0 0.1 0.1 0.1 0.1 0.1 0.1 0.4 0.1 0.2
24.7 21.3 19.9 18.5 17.1 18 14.9 14.2 13.5 12.8 12 11.2 10.8 10.2 9.6 8.9 8.4 7.7 7.2 6.5 5.7 5 4.3 4.7 4.2 2.9 2.5 2 2 1.6 1.1 0.7 0.5 0.2 0.1 0.1 0.1 0 0 0 0 0 0 0 0 0 0 0 0 0 0 0 0 0 0 0 0 0 0 0 0 0 0 0 0 0 0 0 0 0 0 0 0.1 0.1 0.1 0.1
19 16.6 15.5 14.5 13.3 12 11 10.8 10 9.3 8.7 7.2 6.5 6.8 6.3 5.7 4.8 4.5 4.2 3.9 3.5 3.3 3 2.9 2.5 1.9 1.5 1.5 1.2 0.8 0.5 0.3 0.3 0.1 0.1 0 0 0 0.1 0 0 0 0 0 0 0 0 0 0 0 0 0 0 0 0 0 0 0 0 0 0 0.1 0.1 0.1 0.1 0.1 0.1 0.1 0.1 0.2 0.1 0.2 0.2 0.2 0.2 0.2
14.5 13.4 12.1 11.1 10.4 9.6 9.1 8.4 8 7.5 6.9 6.5 5.2 5 4.5 4.2 3.8 3.3 3.2 2.8 2.6 2.1 1.9 2 1.5 1.3 1.3 1 0.8 0.7 0.5 0.3 0.4 0.3 0.2 0.1 0.1 0 0.1 0.1 0 0 0 0 0 0 0 0 0.1 0.2 0.2 0.2 0.3 0.6 0.6 0.6 0.5 0.3 0.3 0.2 0.2 0.1 0.1 0.1 0.2 0.2 0.3 0.1 0.2 0.2 0.3 0.2 0.1 0 0.1 0.1
11.4 10.5 9.4 8.9 8.3 7.8 7.6 7.2 6.6 6 6 5.5 4.7 4.3 4 3.8 3.7 3.4 3 2.8 2.6 2.3 2.3 2.2 1.6 1.5 1.4 1.3 1.1 1 1.1 0.9 0.8 0.9 0.7 0.5 0.4 0.6 0.5 0.4 0.2 0.4 0.5 0.5 0.5 0.3 0.1 0.3 0.3 0.4 0.4 0.4 0.4 0.4 0.4 0.4 0.4 0.4 0.4 0.4 0.4 0.4 0.4 0.4 0.2 0.3 0.2 0.2 0.2 0.2 0.4 0.3 0.2 0.2 0.2 0.2
8.8 8.4 7.9 7.5 7.2 6.8 6.5 6.2 5.9 5.5 5.1 5.1 5 4.4 4 3.8 3.4 3.3 3.3 3 2.6 2.5 2.4 2.2 2.1 2.1 1.8 2 1.7 1.5 1.5 1.3 1.3 1.5 1.3 1.2 1 0.9 0.8 0.9 0.8 0.7 0.7 0.7 0.7 0.7 0.6 0.5 0.5 0.4 0.5 0.5 0.4 0.4 0.4 0.4 0.4 0.4 0.4 0.4 0.4 0.4 0.4 0.4 0.4 0.3 0.3 0.3 0.3 0.3 0.4 0.3 0.3 0.3 0.3 0.3
7.4 7 6.6 6.3 6 5.7 5.7 5.3 5.3 5 4.9 4.7 4.6 4 3.9 3.7 3.5 3.3 3.4 3.3 3.1 3 2.8 2.6 2.3 2.2 2.1 2.1 2 1.9 2 1.9 1.8 1.6 1.4 1.5 1.3 1.2 1.1 1.1 1 1 1 0.8 0.8 0.7 0.7 0.7 0.6 0.5 0.5 0.5 0.5 0.5 0.5 0.4 0.3 0.3 0.3 0.3 0.3 0.3 0.3 0.2 0.2 0.2 0.2 0.2 0.2 0.2 0.2 0.2 0.2 0.2 0.2 0.3
