datasets/global_precipitation_1950_2017/rasters/precip_2012-total.asc
NCOLS 720 
NROWS 347 
XLLCORNER -180 
YLLCORNER -90 
CELLSIZE 0.5 
NODATA_value -9999 
[rows 306 to 339 of 347, columns 304 to 379 of 720]
-9999 -9999 -9999 -9999 -9999 -9999 -9999 -9999 -9999 -9999 -9999 -9999 -9999 -9999 -9999 -9999 -9999 -9999 -9999 -9999 -9999 -9999 -9999 -9999 -9999 -9999 -9999 -9999 -9999 -9999 -9999 -9999 -9999 -9999 -9999 -9999 -9999 -9999 -9999 -9999 -9999 -9999 -9999 -9999 -9999 -9999 -9999 -9999 -9999 -9999 -9999 -9999 -9999 -9999 -9999 -9999 -9999 -9999 -9999 -9999 -9999 -9999 -9999 -9999 -9999 -9999 -9999 -9999 -9999 -9999 -9999 -9999 -9999 -9999 -9999 -9999
-9999 -9999 -9999 -9999 -9999 -9999 -9999 -9999 -9999 -9999 -9999 -9999 -9999 -9999 -9999 -9999 -9999 -9999 -9999 -9999 -9999 -9999 -9999 -9999 -9999 -9999 -9999 -9999 -9999 -9999 -9999 -9999 -9999 -9999 -9999 -9999 -9999 -9999 -9999 -9999 -9999 -9999 -9999 -9999 -9999 -9999 -9999 -9999 -9999 -9999 -9999 -9999 -9999 -9999 -9999 -9999 -9999 -9999 -9999 -9999 -9999 -9999 -9999 -9999 -9999 -9999 -9999 -9999 -9999 -9999 -9999 -9999 -9999 -9999 -9999 -9999
-9999 -9999 -9999 -9999 -9999 -9999 -9999 -9999 -9999 -9999 -9999 -9999 -9999 -9999 -9999 -9999 -9999 -9999 -9999 -9999 -9999 -9999 -9999 -9999 -9999 -9999 -9999 -9999 -9999 -9999 -9999 -9999 -9999 -9999 -9999 -9999 -9999 -9999 -9999 -9999 -9999 -9999 -9999 460.2 -9999 -9999 -9999 -9999 -9999 -9999 -9999 -9999 -9999 -9999 -9999 -9999 -9999 -9999 -9999 -9999 -9999 -9999 -9999 -9999 -9999 331 322.6 313.9 305.2 297.7 290.7 284.2 276.4 269.6 263.2 257.7
-9999 -9999 -9999 -9999 -9999 -9999 -9999 -9999 -9999 -9999 -9999 -9999 -9999 -9999 -9999 -9999 -9999 -9999 -9999 -9999 -9999 -9999 -9999 -9999 -9999 -9999 -9999 -9999 -9999 -9999 -9999 -9999 -9999 -9999 -9999 469.9 469.1 468.2 -9999 -9999 -9999 464.2 462.8 461.2 -9999 -9999 -9999 -9999 -9999 -9999 -9999 -9999 -9999 -9999 -9999 -9999 -9999 384.9 378.3 372.1 366.3 361 354.5 348.6 341.1 335.1 329 322.5 318.1 312.3 309.4 305.5 302.4 299.2 299.2 301.5
-9999 -9999 -9999 -9999 -9999 -9999 -9999 -9999 -9999 -9999 -9999 -9999 -9999 -9999 -9999 -9999 -9999 -9999 -9999 -9999 -9999 -9999 -9999 -9999 -9999 -9999 -9999 -9999 -9999 -9999 -9999 -9999 -9999 -9999 472.7 471.6 470.6 469.8 469.2 468.2 467.3 465.1 463.7 460.8 457.3 454.4 450.1 444.1 437.2 429.5 421.7 415.9 410.4 404.5 399 393.7 388.2 381.6 375.1 369.6 364.4 360.4 356.3 351.8 345.6 340.1 334.8 331.2 328.5 325.6 323.4 324.5 320.2 320.2 320.9 323.4
-9999 -9999 -9999 -9999 -9999 -9999 -9999 -9999 -9999 -9999 -9999 -9999 -9999 -9999 -9999 -9999 -9999 -9999 -9999 -9999 -9999 -9999 -9999 -9999 -9999 -9999 -9999 -9999 -9999 -9999 -9999 -9999 -9999 -9999 474 474 473.1 471.9 470.5 469.6 468.4 466.6 460.8 457.1 455.6 449.8 444.4 437.4 430.5 424.3 418.5 412.7 407.3 401.7 396 390.7 385.3 380.5 375.3 369.6 365.1 361.4 357.8 354.9 351.9 346.7 342.7 340.8 338.3 337.2 336.1 334.5 332.7 332.3 332.7 332.9
-9999 -9999 -9999 -9999 -9999 -9999 -9999 -9999 -9999 -9999 -9999 -9999 -9999 -9999 -9999 -9999 -9999 -9999 -9999 -9999 -9999 -9999 -9999 -9999 -9999 -9999 -9999 -9999 -9999 -9999 477.3 476.3 476.3 475.8 475.1 474.6 474 472.5 471.6 470 467.8 465.1 462.2 457.4 452.4 446.1 440.1 434.5 427.4 421.2 415.8 410.6 405.6 400.5 395 389.7 384.6 379.6 374.9 370.4 366.3 363.2 360.1 357.7 354.9 353 349.6 348.1 346.7 345.7 343.8 342.6 341.2 340.3 347.9 347.7
-9999 -9999 -9999 -9999 -9999 -9999 -9999 -9999 -9999 -9999 -9999 -9999 -9999 -9999 -9999 -9999 -9999 -9999 -9999 -9999 -9999 -9999 -9999 -9999 477.8 477.3 477.2 476.6 476.5 476.1 475.7 475.6 475.1 474.7 474 473.2 472.6 472.2 469.7 469.5 467.9 465 460.9 457.3 451 445.5 439.6 434.1 427.6 420.6 413.6 408.5 403.1 398.3 393.4 388.7 383.4 379 374.9 371.4 367.3 363.8 362 359.7 357.6 356.5 354.9 353.1 350.8 348.9 347.1 345.5 351.6 352.4 352.7 352.4
-9999 -9999 -9999 -9999 -9999 -9999 -9999 -9999 -9999 -9999 -9999 -9999 -9999 -9999 -9999 -9999 -9999 -9999 -9999 -9999 -9999 -9999 -9999 -9999 474 473.5 473.2 473.2 473.1 472.7 472.6 472.5 472 471.7 471.4 470.6 469.8 469 468.1 467.2 465.7 463.8 460.4 455.9 449.6 446.1 441.3 435.3 426.9 420.4 414.7 407.5 401.2 395.9 391.3 387.1 382.8 378.8 375.3 372.1 369.1 366.2 363.3 361.5 360.1 358.7 364.6 362.6 362 361.3 359.8 358 358 357.5 357.3 356.9
-9999 -9999 -9999 -9999 -9999 -9999 -9999 -9999 -9999 -9999 -9999 -9999 -9999 -9999 -9999 -9999 -9999 -9999 -9999 -9999 -9999 -9999 -9999 -9999 -9999 467.8 467.9 467.3 467.2 467.7 467.4 467.6 467.2 467.1 467 467 466.7 465.7 464.8 462.6 459.6 456.6 454.4 450.7 446.6 442.3 437.8 432.3 426.1 419.7 413.1 406.7 400.6 394.5 389.4 385.4 381.4 377.9 374.6 371.1 368.4 366 364.2 368.4 367.3 366.4 365 364.2 363.4 362.9 363.9 361.9 361.3 360.5 359.9 358.5
-9999 -9999 -9999 -9999 -9999 -9999 -9999 -9999 -9999 -9999 -9999 -9999 -9999 -9999 -9999 -9999 -9999 -9999 -9999 -9999 460.9 460.3 459.4 458.8 459.1 458.5 458.6 458.7 458.8 459.8 459.4 459.3 459.4 459.7 459.9 459.3 458.8 458 457.3 454.3 452.1 450.4 449.8 446.3 443.6 437.2 435.5 430.1 424.6 418.4 411.7 405.5 399.7 394 388.4 383.7 380.2 377.1 374.4 376.7 373.8 372.4 370.8 369.7 369.3 368.3 367.5 366.6 366.5 365.6 364.7 363.3 362.3 361 359.3 357.6
-9999 -9999 -9999 -9999 -9999 -9999 -9999 -9999 -9999 -9999 -9999 -9999 -9999 -9999 -9999 -9999 -9999 -9999 451.2 450 449 447.9 447.3 446.9 446.1 445.8 445.7 445.6 445.4 445.8 449.3 449.6 449.3 449.3 448.6 447.6 446.7 446.4 444.9 443 440.8 439.4 438.2 437.9 435.6 432 428.9 424.6 420.3 415.5 409.5 405.5 400.4 394.8 389.6 387.3 383.4 381.4 379.3 377.8 376.4 375 373.7 371.8 371.5 370.3 368.7 367.1 365.9 364.5 363.2 361.5 359.5 357 353.3 351.4
-9999 -9999 -9999 -9999 -9999 -9999 -9999 -9999 -9999 442.2 442.2 442.1 441.1 439.8 438.6 437.7 436.7 435.8 434.7 433.9 433.2 432.4 431.8 431.5 431.2 430.9 431 431 430.9 430.6 433.8 434.5 434.6 434.5 434.4 434.1 433.7 430.2 429.8 428.7 427.6 426.5 424.4 423.9 421.9 419.6 417.6 415 412.3 408.9 406.3 402.5 397.9 393.9 390.1 386.7 385.2 383.4 381.3 379.4 377.5 375.9 373.8 371.6 369.9 367.5 365.1 361.7 358 355.6 353 349.6 345.4 340.9 336.3 331.6
-9999 415.5 417 418.2 418.6 418.7 418.9 418.8 418.9 419.4 420.1 420.2 419.9 419.2 418.7 418.1 417.6 417.2 416.3 415.8 415.2 414.1 413.4 413.8 413.4 413.1 412.8 413.4 413.2 413.4 415.3 414.9 414.9 415.1 415.2 415 415 414.6 414 413.1 412.1 410.6 408.7 408.1 407 405.1 402.9 401.6 399.9 397.5 395 392.5 389.4 387.2 385 383.4 381.5 380 377.7 375.1 372.5 370 367.5 364.8 359.8 358.3 353.4 348 341.9 338.7 332.3 326.1 320.3 315.2 308.2 301
390.8 391.6 392.7 394 395 396.1 396.7 397.7 398.2 398.4 398 399 398.7 398.8 398 397.7 397.8 397.6 396.9 396.6 396.2 395.7 395.4 395 394.4 394.1 393.7 394.7 393.1 392.7 393.2 393 392.8 393.1 393 393.4 393.5 393.4 393.4 392.8 392.6 392.6 390.8 392 390.8 389.2 388.1 386.2 384.1 381.9 379.4 376.7 374.6 373.1 371.4 369.4 367.3 364.6 362.1 357.9 355.2 352.2 346.9 342.3 337.2 330 324.4 318.6 313.3 306.1 298.5 291.4 283.7 276.9 269.6 262.7
370 371.6 372.5 373.4 374.5 374.5 375.4 376.5 377.1 377.7 378 378.3 378.4 378.4 378.4 378.3 378.3 378.1 377.8 377.3 376.7 376.4 376.3 376 375.7 374.8 374.3 373.6 376 373.8 373.3 372.9 372.5 371.7 371.6 371.5 371.1 370.7 370.5 370.6 370.6 371.1 370.8 369.9 369.2 369 367.8 366.4 365 363.2 361.2 358.6 355.6 352.9 349 345.1 341.8 337.4 334.4 329.6 325.7 319.1 313.7 307.2 300.3 293.3 287.5 278.8 271.1 263.2 255.1 250.3 239.6 232.2 224.1 216.5
353.1 354 355.1 356.1 356.4 356.3 356.6 357.4 357.7 358.3 358.5 358.7 358.7 359.4 358.5 358.5 358.3 358.2 358.2 357.8 357.7 357.8 357.5 357.1 356.6 355.7 354.6 353.8 354.9 354 353.3 352.8 352.6 352.3 352 351 350.8 350.3 353.3 349.6 349.5 349.3 348.4 347.9 347.3 345.3 343.4 341.2 338.7 336.1 333.3 333.4 329.9 325.8 321.2 316.3 311.2 305.5 299.4 292.9 286.4 280.3 275.5 268 259.7 251.9 244.1 235.7 228.9 221.2 212.8 203.6 196.5 190.4 181.3 175.3
341.1 341.3 339.6 341.2 341.1 340.6 340.4 341 341.2 341.3 341.5 341.5 341.1 340.6 340.2 342.1 340 339.8 339.3 339.1 338.9 338.7 338.4 337.8 337.4 337.3 336.1 335.3 338.3 336.9 336.6 334.8 334.5 333.7 332.4 332.4 331.9 331.6 331.3 330.5 330 329.1 328.1 327.3 325.8 323.9 321.2 318 314.7 310.4 306.1 301.4 296.5 290.9 284.8 279.4 273.1 266.3 259.6 252.7 245.9 238.2 231.3 224.8 218 212 193.5 184.6 175.7 180.7 172.4 153.6 148.3 143.1 136.7 132.3
326.7 326.7 324.6 324.7 324.7 325.4 325 325.1 324 324.6 324.9 325.1 324.6 323.9 322.7 321.8 321.5 321.3 320.7 320.3 319.9 322.9 321.8 321.1 319 318.7 319.7 318.3 318.3 316.9 315.9 314.9 320 316.6 316.2 315.6 315 313.9 313.3 312 310.8 309.2 307.3 305.3 302.5 299.5 295.5 291.2 285.7 280.4 274.4 268.2 260.8 253.5 246 237.3 234.6 221.4 214.5 207.6 200.3 193.3 172.3 165 158.1 150.7 144.4 138.4 132.8 127.5 122.5 112.1 113.2 98.6 95.2 92.1
311 311.1 308.8 308.7 309 309.1 308.8 308.3 308 307.2 308.4 305.9 306.1 306.2 305.6 306.5 306.3 304.1 303.8 303.8 303.2 302.7 302.3 301.4 302.1 301.7 301.3 300.9 300.4 299.6 298.9 301.2 300.3 299.8 298.3 297.8 296.8 295.5 294.1 292.2 290.1 287.5 285 281.6 278 273.8 269.1 263.4 257 250.2 242.2 237.4 225.3 216.3 206.6 197.4 188.2 179.5 170.6 162.4 154 146.5 139.4 132.8 126.7 120.5 115 105.5 95.6 85.8 96 72.5 69.8 67.4 65.7 63.4
295.6 295.6 292.3 291.7 291.6 290.7 290.4 290.1 289.6 289.1 292.5 292.7 288.2 289.8 289.4 288.9 288.5 287.9 287.1 287.9 287.4 286.9 284 284.1 283.7 283 282.9 282.2 281.6 281.1 279.9 279 277.8 277.2 276 279 277.7 276.2 274.2 272.3 269.8 267 264.3 260.5 252.8 247.2 241.2 236.8 228.7 220.6 211.9 202.7 193.4 184.8 175.6 166.2 157.8 149.4 141.9 134.9 127.7 120.8 115 106.9 97.4 87.8 78.2 90.8 64.9 60.9 57.7 54.7 51.9 49.5 65.1 62.5
275.5 275.2 273.8 273.4 273.6 273.4 273.3 273 272.3 271.7 272.8 272.7 270.7 270.4 270.1 269.6 269.2 268.4 267.9 267.1 267.6 267.3 265.4 265 264.7 265.3 263.5 262.7 261.9 261.4 260.8 259.1 258.1 257 255.4 253.8 251.9 253.4 251.8 249.5 247.1 243.8 238.4 233.2 228.6 222.6 215.4 208.4 200.6 192.4 183.9 175.3 165.9 160.8 153.2 145.6 131.5 124.2 116.6 109.5 103.4 95 92.2 81 75.3 69.9 65.2 60.6 56.7 53.7 51 48.3 45 43.5 41.2 39.2
255.9 255.4 255.2 254.8 255.5 255 254.9 254.7 253.7 253.3 252.8 252.5 252 251.2 251.4 251.1 250.1 249.6 248.7 247.6 247.2 246.5 245.6 244.6 244.2 243 242.2 241.4 240 238.3 237.7 235.4 233.4 231.2 229.3 227.4 225.2 224.7 224.6 221.1 217.9 213.4 207.5 202.3 196.6 190.3 184.2 177.2 169.9 162.8 154.9 147.8 140.2 132.5 124.8 117.3 110.1 102.2 96.6 88.1 82.5 77 72.6 67.9 63.7 60.2 57 53.9 50.1 48.4 45.9 43.7 41.1 39.3 37.2 35.3
236.3 236.2 234.3 233.6 233.4 232.6 231.8 231.6 231.1 230.5 229.4 229.3 228.3 227.3 226.2 225.4 224.8 223.8 222.8 221.7 220.9 219.7 218.4 217.2 214.7 213.3 211.7 210.4 209.4 207.5 205.7 203.6 201.4 198.7 194.4 192.7 193.8 190.7 186.8 182.9 178.5 176.9 172.4 167.3 158.7 156 149.4 143.2 136.8 130.4 124.1 118.4 111.3 105.3 98.5 91.8 86.1 79.6 74.8 70 68.5 64.3 60.6 54.9 52.6 50.3 47.7 45.6 43.2 40.6 38.4 36.3 34.3 32.6 30.8 29.1
209 208.2 207.6 206.8 205.7 204.8 203.8 202.9 201 199.3 198 197.4 195.9 194.9 193.5 192.2 191 189.1 187.8 186.3 184.3 182.9 181.4 179.7 177.9 176 173.8 170.9 169.4 167.2 164.9 162.3 159.6 157.6 154 150.9 147.9 145.5 143.4 141.5 137.8 133.4 129.8 125.6 121.2 117.5 112.6 107.8 102.7 97.9 92.3 87.1 82.7 78.3 74 69.8 65.9 62 59.5 56.3 53.5 52.9 50.4 45.7 44.1 42.2 40.5 38.9 37.2 35.5 34.2 32.6 31.3 29.6 28.4 27
176.4 175.1 173.9 172.3 171 169.5 168 166.8 165 163.6 162 160.4 159.1 156.9 154.4 152.5 151.1 149 146.6 145.1 142.8 140.8 139 137 134.7 132.6 130.2 128.1 125.6 123.2 120.8 118.5 115.9 113.8 111.4 108.6 105.9 105.1 102.3 99.3 96.7 93.8 90.9 87.9 85 82.1 78.8 75.9 73.1 70.5 67.8 65.1 63.3 61 58.5 55.9 54.4 52.5 50.3 48.3 46.4 44.5 42.6 40.5 39.1 37.2 35.6 34 32.5 31.1 31.6 30.3 29 26.2 25.1 24.1
139.7 137.9 136.8 135.5 133.6 131.9 130.2 128.5 127 125 123.3 121.2 119.5 117.3 115.3 113.6 111.5 109.7 108 105.3 103.8 101.5 99.7 97.9 95.8 94.3 92.3 90.1 88.2 86.5 84.5 83.3 82 80.8 79.5 78 76.9 75.4 74.3 72.7 71.5 70 68.1 66.5 65.2 63 61.4 60.2 59 57.2 55.8 53.9 52.4 50.7 49.2 47 45.9 44.2 42.6 41.9 40.3 38.5 37.2 35.8 34.7 33.2 32.1 30.6 29.6 28.3 27.2 26 24.8 23.7 22.8 21.9
102.4 101 99.6 98.1 96.7 95.1 93.7 91.9 90.6 89.3 88 86.6 85.3 84 82.6 80.9 79.7 78.4 77.3 76.2 75.5 75.1 74.5 74.1 73.1 72.6 71.9 71.3 70.6 69.8 69 67.9 66.6 65.7 64.8 63.6 62.4 61 59.9 58.6 57.5 57.1 55.3 54.4 53.4 52.4 51.1 49.9 48.7 46.2 45 44.1 43 42 41.1 40 38.8 37.5 36.3 35.2 34.1 32.9 31.8 30.7 29.5 28.5 27.4 27.4 26.3 25.3 24 23.1 22.4 21.6 21 20.2
70.5 69.8 69.3 68.6 67.6 66.9 66.2 65.4 64.5 63.7 63 62.3 61.6 61.4 60.8 60.6 60.1 59.7 59.4 58.9 58.7 58.3 57.8 57.4 56.7 56.3 55.7 55 54.6 54 53.4 52.7 52.1 51.5 50.8 50.1 49.5 48.7 48.1 47.1 46.2 45.1 44.2 43.1 42.2 42.7 40.6 39.7 39.1 38.3 37.6 37 36.3 33.2 32.6 31.9 30.8 30.5 29.7 29 28.3 27.6 26.9 26.4 25.6 24.9 24.1 23.3 22.6 21.8 21.1 20.3 19.2 18.6 17.6 17.2
49 48.5 48.1 47.5 47.3 47 47 46.8 46.7 46.4 46.1 45.8 45.6 45.2 44.9 44.7 44.4 44.2 43.8 43.3 43.2 42.7 42.3 41.9 41.6 41.2 40.7 40.4 39.9 39.5 39 38.6 38.1 37.8 37.3 37 36.3 35.9 37.6 37 36.7 36.1 33.3 32.9 32.4 32 31.4 31 30.4 29.9 29.4 28.5 27.9 27.1 26.5 26 25.2 24.6 24.1 22.9 22.5 21.9 21.5 21 20.4 19.7 18.9 18.2 17.4 16.8 16.3 15.9 15.5 15 14.8 14.3
34.4 34.3 34.2 34.2 34 33.8 33.7 33.1 33.5 33.4 33.2 33.1 33.1 32.7 32.7 32.5 32.2 32.1 31.8 31.7 31.3 31.2 30.9 30.7 30.5 30.2 29.9 29.7 29.3 29.1 28.8 28.6 28.1 28 27.8 27.5 27.2 25.5 25.1 24.8 24.4 24 23.9 23.3 23.1 22.7 22.5 22.1 21.9 21.4 21 20.7 20.2 20 19.6 19.2 19 18.5 18.3 17.8 17.3 16.7 16.2 15.8 16.1 15.6 15.2 14.7 14.4 13.4 13 12.9 12.5 12.2 11.8 11.5
23.4 23.4 23.5 23.5 23.5 23.4 23.4 23.3 23 22.9 22.9 22.9 22.9 22.7 22.6 22.5 22.4 22.3 22 21.8 21.7 21.7 21.4 21.3 21.1 20.9 20.8 20.6 20.4 20.4 20.1 20 19.7 19.5 19.4 19.2 18.8 18.7 18.6 18.2 17.9 17.8 17.6 17.4 17.1 16.9 16.7 16.5 16.2 16 15.8 15.6 15.3 15.2 14.8 14.3 13.8 13.6 13.2 13.7 12.6 12.3 12.1 11.9 11.8 11.5 10.4 10.4 9.8 9.8 9.5 9.4 9.1 9 8.8 8.6
15.7 15.8 15.8 15.8 15.9 15.9 15.9 15.9 15.9 15.9 15.8 15.8 15.8 15.8 15.7 15.7 15.5 15.3 15.3 15.3 15.2 15.2 15.1 15.1 15 15 14.8 14.7 14.5 14.4 14.4 14.3 14.2 14 13.8 13.8 13.8 13.5 13.4 13.3 13.1 12.9 12.7 12.6 12.4 12.3 12 11.9 11.5 11.3 11 10.8 10.5 10.3 10 9.7 9.4 9.9 9.1 8.9 8.9 8.6 8.5 8.3 8.2 8.1 8 7.9 7.7 7.5 7.5 7.4 7.1 7.1 7 6.8
10.3 10.4 10.4 10.4 10.3 10.3 10.3 10.3 10.3 10.3 10.6 10.6 10.6 10.6 10.6 10.6 10.6 10.5 10.2 10.2 10.1 10.1 10 10 9.9 9.9 9.9 9.9 9.9 10 9.8 9.7 9.7 9.7 9.5 9.5 9.4 9.4 9.1 9 8.8 8.6 8.4 8.3 8.2 8 8.2 7.9 7.5 7.3 7.3 7.2 7.2 7 6.9 6.8 6.7 6.7 6.6 6.6 6.6 6.3 6 6 6 6 5.9 5.8 5.8 5.5 5.4 5.4 5.2 5.2 5.2 5.1
