datasets/global_precipitation_1950_2017/rasters/precip_1968-total.asc
NCOLS 720 
NROWS 347 
XLLCORNER -180 
YLLCORNER -90 
CELLSIZE 0.5 
NODATA_value -9999 
[rows 306 to 339 of 347, columns 76 to 151 of 720]
-9999 -9999 -9999 -9999 -9999 -9999 -9999 -9999 -9999 -9999 -9999 -9999 -9999 -9999 -9999 -9999 -9999 -9999 -9999 -9999 -9999 -9999 -9999 -9999 -9999 -9999 -9999 -9999 -9999 -9999 -9999 -9999 -9999 -9999 -9999 -9999 -9999 -9999 -9999 -9999 -9999 -9999 -9999 -9999 -9999 -9999 -9999 -9999 -9999 -9999 -9999 -9999 -9999 -9999 -9999 -9999 -9999 -9999 -9999 -9999 -9999 -9999 -9999 -9999 -9999 -9999 -9999 -9999 -9999 -9999 -9999 -9999 -9999 -9999 -9999 -9999
-9999 -9999 -9999 -9999 -9999 -9999 -9999 -9999 -9999 -9999 -9999 -9999 -9999 -9999 -9999 -9999 -9999 -9999 -9999 -9999 -9999 -9999 -9999 -9999 -9999 -9999 -9999 -9999 -9999 -9999 -9999 -9999 -9999 -9999 -9999 -9999 -9999 -9999 -9999 -9999 -9999 -9999 -9999 -9999 -9999 -9999 -9999 -9999 -9999 -9999 -9999 -9999 -9999 -9999 -9999 -9999 -9999 -9999 -9999 -9999 -9999 -9999 -9999 -9999 -9999 -9999 -9999 -9999 -9999 -9999 -9999 -9999 -9999 -9999 -9999 -9999
-9999 -9999 -9999 -9999 -9999 -9999 -9999 -9999 -9999 -9999 -9999 -9999 -9999 -9999 -9999 -9999 -9999 -9999 -9999 -9999 -9999 -9999 -9999 -9999 -9999 -9999 -9999 -9999 -9999 -9999 -9999 -9999 -9999 -9999 -9999 -9999 -9999 -9999 -9999 -9999 -9999 -9999 -9999 -9999 -9999 -9999 -9999 -9999 -9999 -9999 -9999 -9999 -9999 -9999 -9999 -9999 -9999 -9999 -9999 -9999 -9999 -9999 -9999 -9999 -9999 -9999 -9999 -9999 -9999 -9999 -9999 -9999 -9999 -9999 -9999 -9999
-9999 -9999 -9999 -9999 -9999 -9999 -9999 -9999 -9999 -9999 -9999 -9999 -9999 -9999 -9999 -9999 -9999 -9999 -9999 -9999 -9999 -9999 -9999 -9999 -9999 -9999 -9999 -9999 -9999 -9999 -9999 -9999 -9999 -9999 -9999 -9999 -9999 -9999 -9999 -9999 -9999 -9999 -9999 -9999 -9999 -9999 -9999 -9999 -9999 -9999 -9999 -9999 -9999 -9999 -9999 -9999 -9999 -9999 -9999 -9999 -9999 -9999 -9999 -9999 -9999 -9999 -9999 -9999 -9999 -9999 -9999 -9999 -9999 -9999 -9999 -9999
-9999 -9999 -9999 -9999 -9999 -9999 -9999 -9999 -9999 -9999 -9999 -9999 -9999 -9999 -9999 -9999 -9999 -9999 -9999 -9999 -9999 -9999 -9999 -9999 -9999 -9999 -9999 -9999 -9999 -9999 -9999 -9999 -9999 -9999 -9999 -9999 -9999 -9999 -9999 -9999 -9999 -9999 -9999 -9999 -9999 -9999 -9999 -9999 -9999 -9999 -9999 -9999 -9999 -9999 -9999 -9999 -9999 -9999 -9999 -9999 -9999 -9999 -9999 -9999 -9999 -9999 -9999 -9999 -9999 -9999 -9999 -9999 -9999 -9999 -9999 -9999
-9999 -9999 -9999 -9999 -9999 -9999 -9999 -9999 -9999 -9999 -9999 -9999 -9999 -9999 -9999 -9999 -9999 -9999 -9999 -9999 -9999 -9999 -9999 -9999 -9999 -9999 -9999 -9999 -9999 -9999 -9999 -9999 -9999 -9999 -9999 -9999 -9999 -9999 -9999 -9999 -9999 -9999 -9999 -9999 -9999 -9999 -9999 -9999 -9999 -9999 -9999 -9999 -9999 -9999 -9999 -9999 -9999 -9999 -9999 -9999 -9999 -9999 -9999 -9999 -9999 -9999 -9999 -9999 -9999 -9999 -9999 -9999 -9999 -9999 -9999 -9999
-9999 -9999 -9999 -9999 -9999 -9999 -9999 -9999 -9999 -9999 -9999 -9999 -9999 -9999 -9999 -9999 -9999 -9999 -9999 -9999 -9999 -9999 -9999 -9999 -9999 -9999 -9999 -9999 -9999 -9999 -9999 -9999 -9999 -9999 -9999 -9999 -9999 -9999 -9999 -9999 -9999 -9999 -9999 -9999 -9999 -9999 -9999 -9999 -9999 -9999 -9999 -9999 -9999 -9999 -9999 -9999 -9999 -9999 -9999 -9999 -9999 -9999 -9999 -9999 -9999 -9999 -9999 -9999 -9999 -9999 -9999 -9999 -9999 -9999 -9999 -9999
-9999 -9999 -9999 -9999 -9999 -9999 -9999 -9999 -9999 -9999 -9999 -9999 -9999 -9999 -9999 -9999 -9999 -9999 -9999 -9999 -9999 -9999 -9999 -9999 -9999 -9999 -9999 -9999 -9999 -9999 -9999 -9999 -9999 -9999 -9999 -9999 -9999 -9999 -9999 -9999 -9999 -9999 -9999 -9999 -9999 -9999 -9999 -9999 -9999 -9999 -9999 -9999 -9999 -9999 -9999 -9999 -9999 -9999 -9999 -9999 -9999 -9999 -9999 -9999 -9999 -9999 -9999 -9999 -9999 -9999 -9999 -9999 -9999 -9999 -9999 -9999
-9999 -9999 -9999 -9999 -9999 -9999 -9999 -9999 -9999 -9999 -9999 -9999 -9999 -9999 -9999 -9999 -9999 -9999 -9999 -9999 -9999 -9999 -9999 -9999 -9999 -9999 -9999 -9999 -9999 -9999 -9999 484.1 485.1 -9999 -9999 -9999 -9999 -9999 504.6 510.3 -9999 -9999 -9999 -9999 -9999 -9999 -9999 -9999 -9999 -9999 -9999 -9999 -9999 -9999 -9999 -9999 -9999 -9999 -9999 -9999 -9999 -9999 -9999 -9999 -9999 -9999 -9999 -9999 -9999 -9999 -9999 -9999 -9999 -9999 -9999 -9999
-9999 -9999 -9999 -9999 -9999 -9999 -9999 -9999 -9999 -9999 -9999 -9999 -9999 -9999 -9999 -9999 -9999 -9999 -9999 -9999 -9999 -9999 -9999 -9999 -9999 -9999 -9999 -9999 -9999 -9999 -9999 -9999 -9999 -9999 -9999 494.4 498.5 -9999 509.1 515.1 521.3 527.5 533.9 -9999 -9999 -9999 -9999 -9999 -9999 -9999 -9999 -9999 -9999 -9999 607.8 610.8 -9999 -9999 -9999 -9999 624.5 627.1 -9999 -9999 -9999 -9999 -9999 -9999 -9999 -9999 -9999 -9999 -9999 -9999 -9999 -9999
-9999 -9999 -9999 -9999 -9999 -9999 -9999 -9999 -9999 -9999 -9999 474.8 474.7 474.7 474.9 475.1 -9999 -9999 -9999 -9999 -9999 -9999 -9999 -9999 -9999 -9999 -9999 -9999 479.4 479.2 480.3 -9999 -9999 484.8 487.7 490.6 493.7 497.6 503.2 508.9 514.1 519.1 524.1 528.8 535.3 544.4 553.7 562.8 568.1 572.4 576.3 580.3 584.3 592.3 598.1 604.5 610.5 616.1 -9999 -9999 -9999 627 630.1 635 -9999 -9999 -9999 -9999 -9999 -9999 -9999 -9999 -9999 -9999 -9999 -9999
-9999 -9999 -9999 -9999 476.2 475.4 475.4 475 474.5 474.7 474.5 474.2 474.2 474 474 473.7 473.2 472.9 472 471.6 471.7 472.3 472.5 472.7 472.1 471.4 469.7 467.8 466 465.1 465.1 465.8 467.1 469.3 471 472.2 474.1 476.5 478 482.6 486 489.7 493.5 497.6 503.5 512.3 521.1 530.5 540.3 529.3 538.7 548.4 558.6 564 570.4 579.1 587.4 595.7 603.2 589.5 597.2 -9999 616.9 619.9 624.3 627.5 634 -9999 -9999 -9999 -9999 -9999 -9999 661.3 661.9 660.7
478.3 477.9 477 476.5 475.9 475.4 474.7 474.1 473.3 472.6 471.6 471.1 470.1 469.9 469.2 467.4 465.4 464.8 463.6 460.9 458 454.8 454.6 451.3 449.2 447.6 440.3 442.1 437.6 433.4 429.5 428.5 428.4 428.6 428.1 427.7 427.9 428.9 430.5 433.6 435.1 441.7 444.7 448.5 451.9 457.1 464.8 472.9 481.6 488.3 492.9 501.2 508.6 512.8 517.4 523.9 533.6 543 552.6 559.2 563.3 567.5 571.3 575.3 582.2 587.1 598.3 606.2 614.1 618.7 620.1 620.9 621 620.1 621.5 622
475.2 474.9 473.6 472.5 470.9 469.6 467.2 465.1 462.9 460.9 459.6 458.4 457.6 455.5 452.9 448.5 443.9 439 433.8 430.4 427.1 419.3 420.6 414 407.7 401.4 396.8 393.5 385.4 384.1 378.8 374.9 371.9 370.2 368.1 366.7 366.1 366.3 367.4 368.6 370.5 372.9 376.2 379.9 384.2 388.5 393.2 398.7 405.1 412.4 419.5 428 435.7 440.7 446.2 451.3 456.6 465.6 475.1 482.4 487.5 492.4 499.2 508.9 508.1 522.5 525.8 534.8 543.5 549.3 551.1 552.6 553.1 553.1 555.2 559.9
459.7 460 459.5 452.4 450.4 449 448.5 444.7 437.9 437 432 428.2 422.9 416.8 411.5 407 402.1 396.3 388 382.1 377.4 369.8 363.8 358.3 352.5 346.3 339.9 334.2 328.8 323.7 318.2 314.4 311 309.4 306.6 303.2 301.1 299.8 298.5 297.8 298.1 299 303.1 304.3 307.5 311.7 316.3 319.5 327.2 329.4 335.5 341.9 348.8 355.5 362.6 369.2 375.8 382.2 388.6 396 404 412.4 421.2 430.4 436.9 442.6 447.7 452 456.3 462 470.1 478.5 485.8 468.2 471.3 494.8
427.4 427.6 424.2 415.2 414.6 411.4 405.7 400.1 394.2 389.2 383 377.3 371.4 362.4 357.3 349.8 342.9 336.2 330 323.5 316.7 310.6 303.8 297.7 291.3 285.7 279.3 275 270.8 267.2 261.3 253.4 250.1 248.6 247.1 239.9 239.3 238.9 235.7 234.3 234.5 235.9 237.8 240.1 239.8 240.3 242.7 244.1 246.3 250.4 255.9 262 268.6 274.7 280.2 285.3 291.7 298.8 305.3 311.3 317.3 323.3 328.8 335.3 341.9 348.9 355.1 360.2 365.1 369 374.7 380.7 387.2 393.2 397.3 399.6
384.8 380.5 376.4 370.8 365 359.2 352.5 345.7 340.5 333.4 326.7 319.8 313.1 306.1 299.6 292 285.5 279.5 272.7 269.6 262 256.2 250.3 246.8 243.3 233.1 228.4 223.8 219.1 214.3 209 204.9 203 201 197.8 194.8 192.8 190.2 189 186.5 183.1 184.7 180.3 176.6 184.6 185.7 185.4 183.8 185.9 187.6 191.6 196 200.5 205.3 209.4 213 216.9 220.8 225.8 231.2 234.2 240.3 245.8 251.6 256.9 261.2 265.4 270.4 275.3 280.7 286 290.6 294.9 298.9 303 306.1
334.7 329.5 324 318.8 313.1 306 297.5 288.7 279.5 274.9 269.7 264.6 260.2 255.9 252.6 246.1 241.1 235.6 230.2 224.5 219.5 214.1 209.1 204.3 201.9 196.6 193.5 188.8 185.1 180.3 175.4 170.1 165.1 165.7 161.5 156.6 150 147.4 146.6 142.1 140.5 135.1 133.1 131.8 130 127.9 130.1 128.3 130 131.7 134 135.4 138.7 141.3 142.4 143.4 147.8 147.9 152.8 157.2 163.1 167.2 173.6 178.9 183.8 187.3 191 194.7 204.6 208.7 206.6 214.9 217.9 220.6 224 227.6
277.9 272.6 267.9 263.1 257.9 253.4 247.8 238.6 229.2 226.1 222.5 219.1 215.6 212.8 207.4 199.8 206.2 193.8 191.2 188.9 186.1 183.8 181 177 172.5 168.2 164.1 159.9 158.8 153.7 150.1 145.5 139.9 140 133.4 128.5 124.9 121.2 117.1 112.2 108.9 104.5 99.9 99.4 93.5 91.3 89.1 86.4 87.9 86.6 85.4 84.8 84.2 83 82.7 84.7 87.4 90.6 94.2 98.1 100.6 103.8 112.1 112.3 118.1 124.4 128.5 132.1 141.7 147.2 144.5 149.2 153.9 158.6 162.2 167.4
227.4 222.7 218.1 213.6 209.5 205.3 201.7 198.3 193 191.6 188.5 185.8 183.5 180.7 176.3 169.9 164.1 158.3 157.4 155.8 153.9 152.1 150.2 148 146.4 144.2 142 139.7 137.5 135.4 132.2 128.7 126.1 123 118.6 115.3 111.5 107.6 103.5 99.7 94.4 89 83.6 77.7 72.2 66.2 61.2 56.7 52.9 50 47.8 44.3 43.3 43.8 43.1 44.9 46.4 47.8 50.5 53.4 53.5 58.3 62 68 73.4 73.3 81.2 84.8 88.6 94.3 96.7 101.9 106.8 111 115.2 118
199.8 194.7 189.3 184.5 180 176.1 172.6 169.2 166.1 161.3 161.6 159.6 157.4 155.7 153.6 149.2 144.3 139.2 134.8 135.3 133.6 132.4 131.1 129.9 128.4 127 125.7 124.3 122.9 121.8 120.3 118.9 116.9 115.4 113.6 111.9 109.9 107.2 104.6 101.4 97.3 91.6 84.1 73.3 60 47.5 36.8 33.1 30.8 30.1 29.6 29.4 29.2 29.2 29.6 30.2 29.5 30.1 31.2 31.5 32.3 33.6 35.1 37.3 40.1 42.9 45.4 51.6 54 58.9 62.6 67.2 71.8 75.2 79.1 82.3
182.5 177.2 171.9 167.4 162.9 159.2 155.4 151.9 149.3 144.9 139.3 133.9 135.2 133.3 131.8 130 128.5 125 121.5 122.1 120.9 119.6 118.7 117.3 116.3 115.2 114.4 113.3 112.3 111.4 110.3 108.6 106.9 105.5 104.1 102.7 101.1 99 96.9 93.5 89.3 83.9 75.8 65.1 52.3 39.8 33.9 29.8 28.4 27.6 27.5 27.3 27.4 27.5 27.6 28 28.1 28.5 29.2 29.6 29 29.6 30.6 31.3 32.4 33.1 33.4 34.6 36.5 38.7 40.9 45 46.8 51.1 54.7 58.9
167.5 162.4 157.5 153 148.9 144.9 141.6 138.1 135.1 131 126.4 121.8 117.3 113.4 123.6 119.5 115.6 112.4 109 109.3 107.9 107.1 105.9 104.8 103.6 102 100.4 98.8 97.2 95.9 94.4 93 91.5 90 88 85.7 83.1 80.5 77.7 74.1 70 65.8 60.8 56.1 51.4 45.8 41.2 37.4 35 32.7 31.4 31 30.2 29.8 29.4 29 28.9 29 28.9 28.9 29.4 29.8 30.5 31.3 32.3 33.6 34.6 35.6 36.5 37.7 38.7 40.2 38 40.2 42.2 46.4
152.1 147.5 143.1 137.5 133 128.3 124.1 120.1 116.3 112.5 109.3 109.7 105.7 101.2 98.8 101 99.2 97.5 95.7 91.5 90.5 89 86.9 85.1 85.5 84.6 83.4 82.5 81.5 80.2 79.1 77.5 76.4 74.4 72 70.1 68.3 66.2 64.1 61.8 59.2 56.4 53.6 50.6 47.6 44.7 43 40.2 37.8 36.3 34.9 33 32.3 31.5 31.1 30.5 30.4 30 29.8 29.8 29.7 29.6 30.2 30.6 31.4 31.8 32.7 33.7 34.6 35.7 37 38.7 39.5 40.9 42 43.5
129.1 124.9 120.7 117.3 113.5 110.2 106.9 104.3 101.4 98.9 96.1 92.9 90.3 88 85.5 83.4 81.2 79.2 79.8 78 76.3 75 74 72.7 71.3 69.6 70.8 69.6 66.6 65.6 64.3 64.8 63.3 61.5 59.6 58.1 58.3 54.9 53.3 51.9 50.3 48.7 47.1 45.5 43.8 42.4 41 39.2 38.2 36.9 35.7 34.4 33.4 32.3 31.8 31.3 31.1 30.7 30.3 30 30.2 29.7 29.9 30 30.2 30.2 30.9 31.2 31.8 32.4 32.7 33.4 34.6 35.7 36.7 36.9
107.6 104.7 100.9 97.6 94.6 91.7 89.1 86.5 84.3 81.8 80 77.9 76.2 74.2 72.9 71.3 69.8 68.5 67.1 65.4 63.5 61.8 60 62.6 59 58.2 57.2 56.4 56.3 55.6 53.7 52.8 51.5 50.6 49.3 48.3 46.8 46.4 44.8 43.6 42.8 41.7 40.7 39.8 39.2 38.2 37.3 36.8 36.1 35.3 34.8 33.9 33.2 31.9 31.5 31.1 30.6 30.4 30.1 29.9 29.7 29.4 29.4 29.3 29.1 29.2 29.2 29.2 29.7 30.1 32.6 32.7 32.5 32.4 36.4 32.9
94.1 91 88.4 85.4 83.2 80.9 78.6 76.4 74.4 72.6 70.7 68.9 67.1 65.4 63.7 62.6 60.9 59.5 58.2 56.6 54.9 53.3 51.7 53.5 51.8 48.7 47.7 47 46.2 45.1 44.8 43.4 42.4 41.9 41 40.5 39.5 39.3 38.3 37.6 37.3 36.5 36.1 35.5 35.1 34.4 34.5 33.9 33.4 32.8 32.4 31.9 31.6 31.1 30.7 30.4 30.1 29.7 29.6 29.3 29.1 29.1 29.2 28.8 28.6 28.6 28.6 28.7 28.8 29.2 29.6 29.6 29.7 29.4 30.5 29.2
81.6 79 77.2 74.5 72.7 70.5 68.4 66.5 64.6 62.8 61.2 59.9 58 56.4 54.8 53.8 52.6 50.9 49.9 48.5 46.8 45.3 43.9 44.7 43.6 41.3 40.5 39.6 38.9 38.2 37.6 36.7 36.1 35.7 35 34.4 34 33.6 33.1 32.6 32.6 32 31.8 31.5 31.2 30.9 30.7 30.3 30.2 29.9 29.6 29.4 29 28.8 28.9 28.4 28.3 28.2 28 27.9 27.9 27.7 27.6 27.6 27.3 27.3 27.4 27.4 27.3 27.4 27.3 27.3 26.9 27.9 26.9 27.2
68.3 64.2 62.3 60.5 58.7 59.6 55.5 54.4 53.1 52.2 50.3 49.3 48.3 47.1 46.3 45.5 44.5 43.7 42.5 41.3 40.3 38.8 37.8 38.2 37.4 35.2 34.8 34.2 33.5 32.7 32 31.5 31.1 30.6 30.1 29.9 29.4 28.7 28.6 28.4 28.2 27.9 27.7 27.4 27.4 27.2 27.1 26.8 26.7 26.7 26.4 26.1 26.1 26 26 25.9 25.8 25.8 25.8 25.6 25.6 25.5 25.3 25.2 25.2 25.2 25.2 25.3 25.3 25.2 25.1 24.9 25 25 25 25
57 54 52.8 51.1 49.4 48 46.3 45.9 44.7 43.6 42.2 40.3 39.4 39.4 38.9 38.1 36.3 35.9 35.1 34.6 33.9 33.2 32.7 32.2 31.4 30.8 29.9 29.8 29.3 28.6 28 27.7 27.2 27 26.6 26.2 26 25.7 25.6 25.2 24.8 24.8 24.4 24.2 24.2 24 23.7 23.7 23.6 23.6 23.5 23.2 23.2 23.1 22.9 22.9 22.8 22.7 22.8 22.8 22.7 22.7 22.6 22.6 22.5 22.4 22.6 22.6 22.5 22.5 22.4 22.5 22.7 22.6 22.5 22.5
47.7 46.4 44.9 43.6 42.3 41.3 40.4 39.7 38.7 37.9 36.9 36.2 34.4 33.6 33.3 32.8 32.1 31.5 30.7 30.2 29.5 29.1 28.6 28.3 27.7 27.2 27 26.5 26.2 25.4 25.2 24.9 24.6 24.4 24.1 23.7 23.4 23 22.8 22.6 22.2 22.2 22 21.6 21.4 21.2 21.2 21 20.9 20.9 20.9 20.9 20.7 20.7 20.7 20.6 20.5 20.4 20.3 20.2 20.2 20.1 20.1 20.1 20.1 20.2 20.3 20.1 20.2 20.2 20.2 20.2 20.1 20 20.3 20.3
40.7 39.8 38.5 37.7 36.9 36.2 35.6 34.9 34.2 33.4 32.8 32 31.2 30.7 30.2 29.7 29.1 28.6 27.9 27.4 27.1 26.6 26.4 25.9 25.3 25 24.5 24.3 23.9 23.6 23.4 23.1 22.8 22.5 22.2 22.1 21.8 21.6 21.3 21 20.8 20.7 20.7 20.4 20.3 20 19.8 19.8 19.6 19.6 19.6 19.5 19.5 19.5 19.3 19.1 19.1 19.1 19 18.9 19 18.9 18.9 18.9 18.8 18.8 18.7 18.7 18.7 18.7 18.9 18.8 18.8 18.9 18.7 18.7
35.1 34.4 33.6 32.9 32.6 31.9 31.3 30.8 30.4 29.8 29.4 28.8 28.3 27.9 27.5 27 26.6 26.1 25.7 25.2 24.8 24.3 24.1 23.7 23.6 23.4 23.1 22.8 22.6 22.4 22 21.7 21.4 21.3 21.1 20.9 20.8 20.5 20.5 20.2 20.1 19.8 19.6 19.5 19.4 19.3 19 18.9 18.9 18.8 18.6 18.5 18.4 18.4 18.3 18.3 18.3 18.1 18 18 17.9 17.8 17.8 17.7 17.7 17.5 17.5 17.6 17.6 17.4 17.5 17.5 17.4 17.4 17.4 17.1
30.1 29.5 29.3 28.7 28.3 27.8 27.6 27.1 26.8 26.4 26.1 25.8 26.1 25.3 24.8 24.4 24.2 23.8 23.5 23.3 23 22.9 22.7 22.1 21.7 21.5 21.2 21 20.8 20.5 20.5 20.3 20.2 20 19.7 19.5 19.3 19.2 19 18.8 18.7 18.4 18.3 18.1 18.1 17.8 17.8 17.7 17.5 17.4 17.4 17.4 17.1 17.1 17.1 17 16.8 16.7 16.7 16.6 16.6 16.6 16.4 16.3 16.3 16.3 16.2 16.2 16.1 16.2 16.1 16 16 16 15.8 15.9
