datasets/global_precipitation_1950_2017/rasters/precip_2006-total.asc
NCOLS 720 
NROWS 347 
XLLCORNER -180 
YLLCORNER -90 
CELLSIZE 0.5 
NODATA_value -9999 
[rows 102 to 135 of 347, columns 304 to 379 of 720]
-9999 -9999 -9999 -9999 -9999 -9999 -9999 -9999 -9999 -9999 -9999 -9999 -9999 -9999 -9999 -9999 -9999 -9999 -9999 -9999 -9999 -9999 -9999 -9999 -9999 -9999 -9999 -9999 -9999 -9999 -9999 -9999 -9999 -9999 -9999 -9999 -9999 365.2 311.9 274.9 257.7 333.9 441.3 445.8 436.8 217.9 131.1 148.8 252.6 433.3 310 215.1 187.4 157.7 158.8 150.9 143.7 140.2 136.1 104.1 72.6 50.5 63.5 90.5 76.4 56.1 42 43.7 49.9 54.1 59.8 67 69.4 78 93.5 121.7
-9999 -9999 -9999 -9999 -9999 -9999 -9999 -9999 -9999 -9999 -9999 -9999 -9999 -9999 -9999 -9999 -9999 -9999 -9999 -9999 -9999 -9999 -9999 -9999 -9999 -9999 -9999 -9999 -9999 -9999 -9999 -9999 -9999 -9999 -9999 -9999 -9999 300 278.7 251.8 276 441.6 507.4 421.3 280.4 150.4 121.5 129 168.8 209.7 181.4 160.5 174.1 179.5 167.6 157.9 146.6 136.5 102.9 62.8 40.7 33.5 46.6 62.1 61.3 49.5 41.2 37.2 31 39.5 42.7 50.1 56.7 61.5 68 98.1
-9999 -9999 -9999 -9999 -9999 -9999 -9999 -9999 -9999 -9999 -9999 -9999 -9999 -9999 -9999 -9999 -9999 -9999 -9999 -9999 -9999 -9999 -9999 -9999 -9999 -9999 -9999 -9999 -9999 -9999 -9999 -9999 -9999 -9999 -9999 -9999 270.2 297.7 316.5 468.4 312.1 287.2 249.8 187.9 120.1 114 91.4 81.7 117.8 136.7 137.1 139.2 150.1 157.3 166.5 163.6 150.2 112.2 58.2 39.1 33.1 33.4 38.4 45.6 48.6 46.3 41.2 36.8 34.4 35.4 38.4 41.3 45.4 54.5 65.5 85.1
-9999 -9999 -9999 -9999 -9999 -9999 -9999 -9999 -9999 -9999 -9999 -9999 -9999 -9999 -9999 -9999 -9999 -9999 -9999 -9999 -9999 -9999 -9999 -9999 -9999 -9999 -9999 -9999 -9999 -9999 -9999 -9999 -9999 -9999 -9999 -9999 288.2 417.7 331.1 352.3 317.3 272.4 146 132.3 93.9 81.8 79.2 85.9 91.4 102 98.2 100.6 105.1 111 117.4 95.1 51.9 35.3 33.8 34.3 35.7 36.4 36.6 39.7 43 43.3 42.2 38.7 36.8 35.9 33 33 34.6 44.4 52.2 57.5
-9999 -9999 -9999 -9999 -9999 -9999 -9999 -9999 -9999 -9999 -9999 -9999 -9999 -9999 -9999 -9999 -9999 -9999 -9999 -9999 -9999 -9999 -9999 -9999 -9999 -9999 -9999 -9999 -9999 -9999 -9999 -9999 -9999 -9999 -9999 -9999 -9999 355 284.1 324.4 335.3 356.8 205.7 108.2 65.9 77.4 80.8 88 84 80.1 74.6 71.6 76.8 74.4 56.1 37.2 27.9 25.9 28.8 32.1 35.2 36.2 37.9 38.3 38.8 41.1 40 36.9 33.2 31.6 27.1 27.7 31.2 35 39.9 33.8
-9999 -9999 -9999 -9999 -9999 -9999 -9999 -9999 -9999 -9999 -9999 -9999 -9999 -9999 -9999 -9999 -9999 -9999 -9999 -9999 -9999 -9999 -9999 -9999 -9999 -9999 -9999 -9999 -9999 -9999 -9999 -9999 -9999 -9999 -9999 -9999 138.9 233.8 276.2 298.8 342.2 317.9 201.8 125.2 84.9 80 83.7 82 73.8 71.6 66.3 65.7 64.5 55.2 39.7 26.9 24.3 24.7 26.2 29.2 32.9 36.6 36.8 35.9 35.6 35.8 32.5 27.2 24.4 25.7 25.9 28.5 33.4 36.8 40.1 38
-9999 -9999 -9999 -9999 -9999 -9999 -9999 -9999 -9999 -9999 -9999 -9999 -9999 -9999 -9999 -9999 -9999 -9999 -9999 -9999 -9999 -9999 -9999 -9999 -9999 -9999 -9999 -9999 -9999 -9999 -9999 -9999 -9999 -9999 -9999 142.1 165.5 180.9 188.8 189.2 230.5 245.1 175.1 119.7 92.6 78.9 83.8 75.9 67.8 64 61.5 58.5 52.3 41.1 28.3 19.4 19.3 21.6 21.3 22.7 24.6 28.2 28.7 29 28.5 28.6 26.7 23.6 22.6 24.8 28.5 31.9 34.6 36.5 39.6 38.4
-9999 -9999 -9999 -9999 -9999 -9999 -9999 -9999 -9999 -9999 -9999 -9999 -9999 -9999 -9999 -9999 -9999 -9999 -9999 -9999 460.5 -9999 -9999 -9999 -9999 -9999 -9999 -9999 -9999 -9999 -9999 -9999 -9999 -9999 119.7 121.9 110.9 97.1 82.2 61.4 58 66.4 80.2 82.2 80.7 77 76.7 70 61.2 57.5 52.5 45.9 38.4 29.5 21.2 16.3 15.9 16.1 15.6 15.3 15.7 17.2 18.4 18.4 19.6 20.8 20.3 20.6 23.7 28.8 30.5 32.2 32.6 34.4 37.6 35.2
-9999 -9999 -9999 -9999 -9999 -9999 -9999 -9999 -9999 -9999 -9999 -9999 -9999 -9999 -9999 -9999 -9999 -9999 -9999 -9999 -9999 -9999 434.4 -9999 -9999 -9999 -9999 -9999 -9999 -9999 -9999 -9999 -9999 97.4 102.9 100.8 80.2 62.7 44.8 39.3 41.5 40.6 45.1 50.9 58.9 66.1 67.4 61.5 53.7 48.3 40.6 34.3 27.6 20.1 13.8 11 11.1 11.5 10.9 9.4 8.5 9 9.9 11.3 12.1 13.9 15.5 18.4 23 29.6 30 28.9 28.7 30.3 35.2 26.1
-9999 -9999 -9999 -9999 -9999 -9999 -9999 -9999 -9999 -9999 -9999 -9999 -9999 -9999 -9999 -9999 -9999 -9999 -9999 -9999 -9999 -9999 -9999 -9999 -9999 -9999 -9999 -9999 -9999 -9999 52.8 68.9 71.6 74 77.2 76.8 61.4 41.7 23 14.5 23.8 26.9 29.5 33.6 42.4 48 55.2 51.2 44 36.5 30.1 25.3 19.5 13.6 8.4 6.4 9.5 8.7 8 5.9 4.4 4.8 5.1 6.8 8.3 9.6 12.7 16.5 21 23.8 26.5 26 25 24 21.5 18
-9999 -9999 -9999 -9999 -9999 -9999 -9999 -9999 -9999 -9999 -9999 -9999 -9999 -9999 -9999 -9999 -9999 -9999 -9999 -9999 -9999 -9999 -9999 -9999 -9999 -9999 -9999 -9999 -9999 64.4 48.8 53.8 52.6 52.3 52 46.7 41.3 29 17.9 13.1 14.3 18 20.1 25.5 32.1 38.4 44.3 41.1 31.5 27.1 23.3 19 15.2 11.3 8 7.9 8.4 7.5 6 5.8 4.7 4.2 4.3 5.1 6 8.4 11.8 16.6 20.7 22.8 24.4 24.6 24.4 23.7 21.4 18.5
-9999 -9999 -9999 -9999 -9999 -9999 -9999 -9999 -9999 -9999 -9999 -9999 -9999 -9999 -9999 -9999 -9999 -9999 -9999 -9999 -9999 -9999 -9999 -9999 -9999 -9999 -9999 -9999 -9999 65 50.4 49.5 46.5 46.1 43 39 33.5 27.3 19.4 15.5 14.8 15.1 16.6 19.4 25.7 32 34.9 32.5 21.9 20.7 18.6 15.6 12.4 10.2 9.3 7.9 7.7 8 7.8 7.2 6.2 5.5 4.5 4.5 5.7 7.9 12.2 17 19.4 21 22.9 24.2 26 25.7 23 19.4
-9999 -9999 -9999 -9999 -9999 -9999 -9999 -9999 -9999 -9999 -9999 -9999 -9999 -9999 -9999 -9999 -9999 -9999 -9999 -9999 -9999 -9999 -9999 -9999 -9999 -9999 -9999 225.3 122.9 73.9 53.9 45.1 43.6 42.2 38.4 35.3 30.8 26.1 21.2 17.7 15.7 14.3 15 15.9 21.4 26.5 28.5 24.9 17.1 16.2 15.1 12.9 10.9 9.5 8.5 8.2 8.4 8 7.8 7.2 6.5 5.9 5.6 6.2 7.8 11.8 15.2 18.9 20.3 21 21.1 22.6 24.6 23.2 20.9 18.9
-9999 -9999 -9999 -9999 -9999 -9999 -9999 -9999 -9999 -9999 -9999 -9999 -9999 -9999 -9999 -9999 -9999 -9999 -9999 -9999 -9999 -9999 -9999 -9999 -9999 -9999 -9999 164 96.1 64 53.6 45.9 41.1 38.4 34.9 32 29 25.3 22.3 18 15.7 15.7 14.4 14.4 17.4 22.3 24 21.6 14.6 13.6 12.2 11.7 10.2 8.9 9.1 9 8.9 9 9.2 9.3 8.6 8.4 9.1 11.3 16 21 26.4 27.1 24 22.7 21.2 19.8 18.8 17.7 16.9 16.9
-9999 -9999 -9999 -9999 -9999 -9999 -9999 -9999 -9999 -9999 -9999 -9999 -9999 -9999 -9999 -9999 -9999 -9999 -9999 -9999 -9999 -9999 -9999 -9999 -9999 -9999 93.9 82.4 71.2 58.2 54.5 43.9 39.8 36.6 33.7 29.8 27.4 24.9 22.1 19.1 16.5 14.6 14.8 13.4 15.5 18.6 22 18.1 12.8 11.2 11 11 9.7 9.6 9.6 10.2 10.5 11.3 12.7 11.7 11.8 13.1 15.5 20 27.9 34.6 45 43.2 36.2 27.8 22.6 19.3 16.1 13.5 13.2 15.7
-9999 -9999 -9999 -9999 -9999 -9999 -9999 -9999 -9999 -9999 -9999 -9999 -9999 -9999 -9999 -9999 -9999 -9999 -9999 -9999 -9999 -9999 -9999 -9999 -9999 -9999 63.9 64.1 62.8 56.1 49.9 42.4 38.6 36.1 34.3 30.2 26.9 24.7 22.7 19.7 16 14.9 14.1 13.3 14.6 16.2 19.6 18.2 12.1 12 11.5 10.6 10.2 10.2 10.8 11.6 11.8 12.6 15.5 15.1 15.8 18 22.9 29.8 38 44.4 51.8 48.9 45.3 36.1 27.7 20.6 15.1 11.1 11 14.1
-9999 -9999 -9999 -9999 -9999 -9999 -9999 -9999 -9999 -9999 -9999 -9999 -9999 -9999 -9999 -9999 -9999 -9999 -9999 -9999 -9999 -9999 -9999 -9999 -9999 48 51.9 55.3 57.6 57.2 53.4 50.3 43.2 39.5 36.1 33 28.8 26 23.7 20.4 16.6 14.8 14.2 14.3 15.2 18 19.5 17.3 14 13.2 12.3 12.5 13 13 14.1 13.8 13.1 12.9 12.8 15.8 19 23.5 29.3 36.2 45.6 50.5 54.6 52.8 49.6 43.2 33.7 25 17.3 12.9 9.5 11.7
-9999 -9999 -9999 -9999 -9999 -9999 -9999 -9999 -9999 -9999 -9999 -9999 -9999 -9999 -9999 -9999 -9999 -9999 -9999 -9999 -9999 -9999 -9999 -9999 35.8 39.2 46.6 52.3 56.5 57.4 58.1 56.7 53.1 47.5 43.6 39.6 32.7 29.5 26.2 23.2 18.5 15.6 14.8 14.7 16.7 22.7 26.8 28.9 26.6 22.8 20 18.8 17.7 17.9 17.6 17.2 16.3 15.6 16.2 19.6 23.8 28.8 35.1 41 48.5 53.2 55.9 56.6 55 48.9 39.8 29.7 20.9 16.4 14 14.1
-9999 -9999 -9999 -9999 -9999 -9999 -9999 -9999 -9999 -9999 -9999 -9999 -9999 -9999 -9999 -9999 -9999 -9999 -9999 -9999 -9999 -9999 -9999 -9999 35.3 38.9 44.1 52.5 59.2 66.8 64.1 64.3 61.5 57.8 52.6 46.8 40.4 35.5 31.3 26.9 24.5 21.4 20.1 24.7 30.8 35.2 39.7 41.6 39.2 36.1 32 28.7 27.4 27.5 26.3 27.3 25.5 26.7 26.8 27.8 30.3 30.9 40.2 44.7 47.2 50.8 55.2 60.9 59.9 53.2 44.5 35.6 26.5 20.2 17.3 16.4
-9999 -9999 -9999 -9999 -9999 -9999 -9999 -9999 -9999 -9999 -9999 -9999 -9999 -9999 -9999 -9999 -9999 -9999 -9999 -9999 -9999 -9999 -9999 34.3 34.1 39.3 47.7 55.2 60.9 66.7 65 69.9 68.9 65.5 60.7 56 50.7 44.8 40.4 37.5 39.6 44 44.3 43.2 42.8 45.3 48.3 50.9 50.9 49.4 45.7 40.7 37 36.8 37.5 36.5 37.4 39.4 40 40.8 41.9 41.1 40.2 40.1 49.1 49.9 44 67.3 63.4 58.5 48.6 40.4 31.7 24.9 21.7 18.7
-9999 -9999 -9999 -9999 -9999 -9999 -9999 -9999 -9999 -9999 -9999 -9999 -9999 -9999 -9999 -9999 -9999 -9999 -9999 -9999 -9999 -9999 -9999 23 27.7 38.9 52.4 63.7 67.5 69.4 70 73.4 73.9 69 60.7 58.1 57.8 55.8 57.1 60.5 67.4 70.5 62.7 52.9 51.4 51.7 54.6 57.7 60.7 62.4 60.8 58 54.3 51.2 50.8 53.3 54 54.8 55.4 56.4 54.7 50.4 47.1 43.1 41.7 43.1 51.3 67 72.5 61.7 60.3 51 37.8 30.1 24.8 22.7
-9999 -9999 -9999 -9999 -9999 -9999 -9999 -9999 -9999 -9999 -9999 -9999 -9999 -9999 -9999 -9999 -9999 -9999 -9999 -9999 -9999 -9999 12.8 17.5 24.8 41.3 63.5 74.4 78.3 79.3 78.8 78.2 73.7 65.6 54.1 52.9 55 60.8 66.9 74.8 79.2 78.2 69.6 62.5 57.6 55.6 58.3 60.7 65.3 69.3 71.7 72.4 72.6 69 65.5 68.6 71.1 72.4 72.6 73.2 69.6 63.9 56 50.1 45.7 46.9 53.7 62.9 67 66.5 60.7 55.2 47.1 40.3 33.6 28.6
-9999 -9999 -9999 -9999 -9999 -9999 -9999 -9999 -9999 -9999 -9999 -9999 -9999 -9999 -9999 -9999 -9999 -9999 -9999 -9999 -9999 -9999 9.8 17.3 28.3 52.1 78.2 84.8 88.5 90.2 86.2 75.7 66.5 56.8 45.8 43.4 49.3 56.8 68.4 78.2 83.4 83.4 76.3 68 61.2 56.9 59.3 62.1 65.7 70.6 73.1 77.4 79.6 81.2 80.7 79.5 81.1 83.3 87.1 87.1 85.6 79.2 70.3 61.3 54.6 52.7 55.2 60.7 65.9 67.7 72.7 64.6 56.3 50.4 44.7 39.8
-9999 -9999 -9999 -9999 -9999 -9999 -9999 -9999 -9999 -9999 -9999 -9999 -9999 -9999 -9999 -9999 -9999 -9999 -9999 -9999 -9999 -9999 -9999 24.8 37.7 65 89.6 95.6 95.8 98.8 91.5 73.1 64.3 53.7 42.5 38.8 41.5 48.6 61.8 75.3 84 85.7 80 70.5 61.4 57.9 59.1 59.7 64.5 70 74.5 77.8 82.5 86.2 87.9 86.9 84.7 85.4 90.1 99.8 105.6 99.5 88.5 75.7 66.7 60.1 60.8 68.7 73 79.6 79.2 75.6 67 61.8 55.3 47.7
-9999 -9999 -9999 -9999 -9999 -9999 -9999 -9999 -9999 -9999 -9999 -9999 -9999 -9999 -9999 -9999 -9999 -9999 -9999 -9999 -9999 -9999 -9999 -9999 50.2 75.8 98.9 101.9 98.3 99.6 93.9 76.3 62.9 51.9 41.6 36.5 38.1 43.8 57.9 72.2 81.9 84.8 82 70.1 57.9 53.1 53.8 56.5 62.8 68.9 75 79.3 84.5 90.5 95.1 96.8 94 89.3 95 106.1 118.5 120.5 113.4 97.7 82.2 72.8 73.7 78.6 85.1 88.5 86.7 80 73.4 66.2 63.6 59
-9999 -9999 -9999 -9999 -9999 -9999 -9999 -9999 -9999 -9999 -9999 -9999 -9999 -9999 -9999 -9999 -9999 -9999 -9999 -9999 -9999 -9999 -9999 50.7 64.6 87.9 100.1 108.4 107.8 107.4 97.4 85 66.6 53.6 40 35.8 38.3 45.3 58 72.6 81.6 88.4 91.9 77.3 61.6 53.3 53.3 53.1 59.7 68 75.3 81.3 86.8 96.3 106.1 110.2 111.1 110.9 112.6 121.7 132 136.3 133.7 125.9 111.5 98.9 99.1 104 107.4 104.9 96.6 81 66 60.5 61.4 60.4
-9999 -9999 -9999 -9999 -9999 -9999 -9999 -9999 -9999 -9999 -9999 -9999 -9999 -9999 -9999 -9999 -9999 -9999 -9999 -9999 -9999 -9999 -9999 68.4 85.1 94 104.2 114.4 116.3 121.6 122.2 103.7 75.8 55.2 41.7 37.4 37.7 48.9 64.6 81.5 92.2 100.1 103.4 90.5 67.5 54.4 51.2 48.8 55.4 65.4 76.6 82.6 93 108.2 126.3 127.6 130.7 133.9 139.5 143.7 150.4 151.9 149.9 152.7 153 155.9 159.2 146.4 137.3 127.1 109.5 83 62.3 62.5 65.7 66.8
-9999 -9999 -9999 -9999 -9999 -9999 -9999 -9999 -9999 -9999 -9999 -9999 -9999 -9999 -9999 -9999 -9999 -9999 -9999 -9999 -9999 -9999 -9999 -9999 88.2 109.5 128 135.1 142.1 192.4 181.6 144.7 89.3 50.1 43.2 38.6 40 53.9 69.9 89 103.6 112.9 114.6 105.9 80.7 56.8 52.2 50.2 51.3 62.9 76.6 94.3 115.6 156.2 157 152.8 154.3 160.2 166 167.9 171.8 174.2 169.8 175.5 180.2 194.2 192.1 170.3 155.4 141.6 123.4 94.5 75.3 73.8 79.2 83.5
-9999 -9999 -9999 -9999 -9999 -9999 -9999 -9999 -9999 -9999 -9999 -9999 -9999 -9999 -9999 -9999 -9999 -9999 -9999 -9999 -9999 -9999 -9999 -9999 80.6 125.9 187.7 221.6 234.4 226.2 196.5 158.5 106.7 78.2 68.6 53.7 44.6 57.4 79 103.5 125.4 130.1 125.8 117.9 100.2 68.6 52.8 59.6 60.5 70.2 88.2 125.3 155.1 172 171 174.2 176.8 180.9 182.7 187.4 195.1 202.9 197.1 204 209.4 212.5 203.3 186.8 172.2 159.7 142.6 122.2 106.3 100.9 102.2 100.8
-9999 -9999 -9999 -9999 -9999 -9999 -9999 -9999 -9999 -9999 -9999 -9999 -9999 -9999 -9999 -9999 -9999 -9999 -9999 -9999 -9999 -9999 -9999 -9999 100.5 173 259.9 270.4 257.4 218.3 176.3 148.5 127.6 115.6 121.5 96 79.9 82.8 108.2 141.3 153.2 138.8 129.5 128.4 118.2 112.6 145.9 126.1 116.9 135.8 153.5 161.5 165.7 173.1 177.3 187.6 197.6 200.2 208.1 216.3 225.3 234.3 242.7 246.4 255.5 234.8 213.8 197.8 186.9 177.9 164.6 145.2 133 126.3 124.2 121.7
-9999 -9999 -9999 -9999 -9999 -9999 -9999 -9999 -9999 -9999 -9999 -9999 -9999 -9999 -9999 -9999 -9999 -9999 -9999 -9999 -9999 -9999 -9999 -9999 191.9 243.2 268.6 281 251.7 212.5 160.7 146.9 168.5 173 143.3 128.6 141.5 151.4 186.2 212.6 197.3 148.5 138.6 146.9 138.2 179.7 232.7 209 186.7 173.1 166.6 158.1 162.4 173.6 175.9 188.8 224.1 236.9 243.9 249.2 264.5 277.8 289.6 298.1 306.5 267.9 237.3 209.6 192.4 189.3 184.8 143.7 141.2 142.6 145.6 148.2
-9999 -9999 -9999 -9999 -9999 -9999 135.5 -9999 -9999 -9999 -9999 -9999 -9999 -9999 -9999 -9999 -9999 -9999 -9999 -9999 -9999 -9999 -9999 248 235.1 282.3 304.9 275.5 218.1 224.6 222 204.3 216.4 232.6 178.6 144.2 159.7 179.4 229.9 267.9 256.2 272.1 218.3 189.1 161 252.3 251.1 224.6 199.6 172.6 164.3 151.5 152.2 176.9 189.3 205.4 256.7 276.8 286.1 290.8 297.4 312.3 318.8 326.4 342.5 333.1 275.7 243.4 198.4 176.4 209 142.5 136.6 155.4 169.9 184.5
-9999 -9999 -9999 -9999 -9999 -9999 -9999 -9999 -9999 -9999 -9999 -9999 -9999 -9999 -9999 -9999 -9999 -9999 -9999 -9999 -9999 -9999 -9999 258.6 262.3 292.5 287.1 232.9 218.1 220.2 222.5 243.2 254.8 255.3 236.9 207.2 180.3 225.4 261.2 291.8 296.8 307.5 301.8 276.5 279.2 302.4 277.8 262 213.6 224.1 198.6 196.8 224.8 232.6 233.9 237.2 311.1 307.7 308.3 298.3 301 318.8 329.6 347.2 369.8 376.8 342.9 295 240.2 207.9 200.9 171.6 165.3 181.1 200.5 226.5
-9999 -9999 -9999 -9999 -9999 -9999 -9999 -9999 -9999 -9999 -9999 -9999 -9999 -9999 -9999 -9999 -9999 -9999 -9999 -9999 -9999 -9999 -9999 324.5 365.3 398.2 324 244.8 213.6 184.2 251.2 317.2 337.5 346.6 399.9 402.5 390.9 396.4 375.7 320.2 358.7 388.8 402.3 445.9 477.8 358 303.4 281.8 268 255.8 288.9 345.1 399.5 403 307.1 294.5 334.2 341.9 330.8 303.4 307.7 330.5 350 377.8 393.7 380 381.3 364.2 321.3 269 216.1 197.6 206.2 226.4 246.5 272.6
