datasets/global_precipitation_1950_2017/rasters/precip_1998-total.asc
NCOLS 720 
NROWS 347 
XLLCORNER -180 
YLLCORNER -90 
CELLSIZE 0.5 
NODATA_value -9999 
[rows 306 to 339 of 347, columns 456 to 531 of 720]
745 747.8 747.7 746.3 738.8 727.1 714.3 699.9 687.7 676.8 666.3 652.7 637.3 618.8 597.2 575.7 553.6 531.1 508.4 488.1 470.7 455.1 440.2 422.9 408.2 397.5 381.9 368.7 358.2 346.5 340.8 335.9 331.4 326 320.5 314.2 307.2 298.6 290.4 280.5 271 263.4 -9999 -9999 -9999 -9999 -9999 -9999 -9999 -9999 -9999 -9999 119.6 -9999 -9999 73 53.6 46.7 41.6 37.8 36.2 37 46.7 48.9 61.2 78.6 92.5 106.8 121.3 138.3 157.1 175.1 192.9 209.4 222.6 238.9
740.1 739.2 736.7 733.9 728.3 718.5 708.8 702.2 695.5 683.5 679.6 662.1 647.7 630.1 609.8 588.1 567.9 546.8 525.7 505.4 486.8 468.3 447.1 427.6 412.9 400.3 388.3 373.8 358.7 345 336.8 329.2 320.5 312.4 305 297.3 289.3 279.8 270.2 259.6 249.5 238.5 -9999 -9999 -9999 -9999 -9999 -9999 -9999 147.5 136.5 125.2 108.4 92 94.9 69.2 62.6 58.7 56.3 53.8 51.7 51.8 53.1 70.6 63.7 78.6 94.3 105.6 115.9 129.4 145.3 161 176.5 191.2 203.1 212.5
741.3 739.6 736.2 730.2 726.1 723.9 719.6 713.8 707.4 695.6 683.7 662.4 653.9 634.4 615.7 597.9 577.5 558.2 538.1 519 498.1 480.7 454.6 445.6 428.3 403.5 394.5 376.1 362.2 345.6 332.6 323.8 311 304.7 294.9 280.1 273.3 261.6 251.6 240.1 228.7 219.9 -9999 -9999 -9999 -9999 -9999 -9999 149.7 138.4 127.7 123.2 102.6 109.6 101.7 76.7 72.3 69.6 68.2 66.6 64.4 63.4 64.2 85.2 91.1 80 101.4 104.2 114.9 125.5 139.5 152 165.3 178.7 186.4 195.2
731.5 728.8 724.3 721.2 725.3 727 722.5 720.1 703.9 693.4 686.1 673.8 657.7 642.1 624.6 606.8 587.7 567.8 547.8 527.5 506 484.6 463.5 443.8 425 409.2 390.6 375.8 362.2 345 329.1 314.7 301.1 289.1 277.2 264.3 253.7 243.7 231.7 220.1 206.3 -9999 -9999 -9999 -9999 -9999 -9999 139.5 135.2 125.6 111.6 101.8 95.6 90.3 83.7 76.8 71.6 67.5 75.9 74.6 62 64 67 71.4 75.7 80 84.7 92.9 103.9 108.1 125.8 123.7 134.7 146.5 151.6 163.7
708.3 711 715.4 696 720.8 718.4 713.8 708.8 695.4 686.3 679 666.2 652.1 637.2 622.1 606.6 589.5 571.5 551 531.3 511.9 491.2 470.5 449.6 430.1 409.7 391.3 373.1 358.3 339.9 321.4 305.7 291 277.4 264.2 252 240.3 225.9 212.7 202.8 189.5 -9999 -9999 -9999 -9999 140.2 130.3 116 123.1 116.3 106.4 100.6 94.8 90.3 85.8 79.7 75.4 72.1 72.7 68.7 69.2 88 89.1 91.2 94.2 97.8 89.2 101.1 113.4 120.6 126.5 133.1 140.7 148.6 157.1 166.3
680.3 682.4 682.7 680.2 688 684.9 680.4 674.9 675.9 668.3 652.8 643.5 632.8 621 606.4 592.9 577.1 560.1 545.5 525.8 504.6 485.4 466 446.3 426.7 407 387.9 369.1 348 330.1 314 297.5 281.6 266.9 252.9 239.6 227.4 215.6 200.5 188.9 180.7 166.2 151.7 138 128.5 121.4 115.1 110.5 102.6 101.6 83.2 110.4 105.6 101.3 97.5 94.6 92.6 91.4 91.4 91.2 90.7 90.9 91.9 49.5 57.7 67.3 77.5 88.3 100 111.2 123.1 128.8 135 141.4 148.6 156.1
608.4 618.4 612.9 612.8 612.8 611.5 615.7 619.7 622.2 617.3 604 590.3 576.2 567.3 556.7 543.7 535.9 525.7 515.1 497.5 476.7 456.6 437.2 419.3 401.7 383.8 366.1 346.9 327.7 308.9 292.9 277.9 265.2 250.4 236.4 223.2 207.6 191.9 178 166.6 157.6 143.1 129 115.1 100.2 88.5 84.8 82.2 76.5 95.6 80.1 74.8 64.5 55.2 49 79 80.8 83.3 86.1 28.7 30.9 34 38.1 42.7 48.6 55.9 64 73.3 83.2 93 102.7 112.7 122.1 126.4 131.7 135
518 518 516.8 513.9 515.1 518.7 522.1 524.9 526.8 524.2 515.8 506.7 496.3 485.2 477.1 470.5 464.3 456.9 447 432.8 415.6 399.1 382.6 366.2 351.3 336.4 319.9 303 285.6 268.1 253.4 240.5 228.4 217.8 204.3 189.5 175.3 160.8 147 135.7 123.5 110.9 98.7 87 75.4 66.1 76.7 74.3 73.5 73.1 44.4 42.3 41.2 40.9 39.8 35.5 31.3 28 25.3 24.5 25.4 27.7 30.4 33.4 38.3 43.4 48.8 55.3 61.8 69.1 77.2 85.1 92.6 99.5 100.4 99.5
394.7 397.7 400 401.6 402.1 403.1 403.3 403.4 402.8 401.2 398 393.7 388.7 382.5 376.4 370.4 362.2 353.8 345.4 334.7 323.9 312.7 301.8 291.2 279.4 265.3 251.1 235.8 220.5 206.6 195.9 184.2 170.2 156.1 143.7 131.8 132.9 113 106.2 97.7 87 76.1 59.3 54.2 48.7 44.5 39.3 50.4 48.9 48.6 47 41 36.5 32.3 22.9 21.9 20.9 20.3 19 18 18.2 18.3 20.1 22.3 24.7 27.6 31.1 35.1 39.7 44.9 50.2 55.3 59.7 64.3 65.1 63.8
282.9 287.8 292.2 295.5 295.4 293.4 290.4 286.9 283.2 281 281 279.6 277.9 275.7 271 262.8 254.7 244.8 236.2 228.6 223.4 218.2 212.2 203.7 192.1 179.3 166.9 154.5 144.4 135.6 124.2 113.1 103 93.3 85.2 77.4 71.1 64.3 57.7 51.7 46.8 42.3 39.1 36 32.6 28.3 25.5 32.8 31.1 30.2 29.4 26.8 24 20.9 18.8 15 14.3 13.6 12.8 12.2 11.5 12.1 10.4 10 9.7 9.5 10.1 11.8 12.9 14.3 16.4 18.1 20.7 23.7 27.1 30.1
193.4 190.2 194.5 198.9 203.3 201.9 198.1 194.2 189.6 187.8 188.6 188.9 188.8 188.5 184.6 177 169.4 161.1 152 148 142.5 134 126 118.1 109.8 103.9 100.7 97.3 93.3 88.3 68.6 65.5 62.3 59.1 54.3 49.2 44.4 39.7 35.7 33.3 31.1 29.2 27.4 25.6 23.4 20.6 18.3 19.8 18.7 18.1 17.6 16.8 15.3 13.8 10 9.4 8.8 8.3 7.8 7.1 6.4 5.7 5 4.4 3.8 3.4 3.2 3 3.1 3.2 4 4.8 6.1 7.8 10 11.8
137.1 135.3 136.5 138.3 139.9 141.3 140.9 137.7 134.5 132.8 132.7 132.7 128.6 124.1 119.2 114.1 118.5 106.5 105.2 100.6 95.6 89.9 77.4 75.6 72 66 60.2 54.6 49.5 45.8 44.7 42.8 41.3 39.2 36.8 33.5 30.9 28.8 26.7 24.9 23.2 21.6 20.1 18.8 17 14.9 12.9 13.6 11.2 10.7 10.6 10.3 9.4 8.1 6 5.5 4.9 4.5 3.9 3.4 2.9 2.4 1.9 1.4 1.1 0.7 0.6 0.2 0.1 0.3 0.8 1.3 2.1 3.5 4.6 5.9
101.7 99.9 97.9 96.7 98.2 100.5 101.7 100.5 99.2 96 92.4 88.7 84.7 79.1 76.8 72.4 68.2 63.9 59.6 57.1 54.9 54.6 53.4 52.5 49.4 45.1 41.4 38.7 36.1 34.4 33.2 31.9 30.5 29.2 27.6 25.6 23.9 22 20.1 18.6 17.4 16.1 14.8 13.5 12.1 10.5 9.3 8.5 8.1 7.5 7 6.5 6.2 4.8 3.9 3.5 3.1 2.7 2.4 1.9 1.5 1 0.6 0.2 0 0 0 0 0 0 0.4 0.8 1.2 1.9 2.6 3.3
66.8 67 67.4 68.9 69.3 68.6 69.2 70 70.7 69.2 56.9 57.9 57.2 57.1 55.2 52 48.9 45.9 43.4 41.8 40.9 39 38.9 38.1 36.4 34.2 32.4 30.8 28.9 27.6 26.3 24.4 24 22.9 21.3 19.7 18.2 16.5 15.1 13.8 12.6 11.7 10.5 9.6 8.4 7.5 6.8 6.2 6.4 5.3 4.5 4 3.3 2.8 2.8 2.4 1.7 1.4 1.2 0.8 0.5 0.1 0 0 0 0 0 0 0 0 0.1 0.4 0.7 1 1.6 2.2
47.4 46.3 44.8 48.3 44 44.8 45.3 44 41.8 42.1 42.1 41.7 41.6 41.3 40.1 38.1 36.7 35 33.9 33.7 32.9 32.1 30.6 30.3 29.1 27.5 26.1 24.6 22.9 21.8 20.8 19.7 18.6 17.5 16.4 15 13.7 12.3 11 9.9 9.3 8.1 7.3 6.5 5.9 5.4 4.9 4.4 3.9 3.5 3 2.6 2.2 1.8 1.4 1.5 1.2 0.7 0.5 0.2 0 0 0 0 0 0 0 0 0 0 0.2 0.3 0.5 0.6 0.7 0.9
35 34.7 34 33.8 33.9 33.7 33.5 33.4 33.3 32.9 32.4 31.7 31.1 30.5 29.9 28.6 28.1 28.2 27.6 26.7 25.6 24.7 23.5 22.4 21.3 20.5 19.6 18.8 17.8 16.7 15.6 14.4 13.2 12.2 11.3 10.2 9.4 8.8 7.6 6.8 5.8 5.1 4.6 4.3 3.9 3.4 3.4 2.9 2.6 2.2 1.9 1.6 1.2 1 0.7 0.4 0.6 0.3 0 0 0 0 0 0 0 0 0 0 0.1 0.2 0.1 0.3 0.4 0.5 0.6 0.8
27.9 28 27.7 27.6 27.4 27.1 27.1 26.7 26.6 26.4 25.5 25.1 24.7 24.3 23.8 23.2 22.4 21.7 21.8 21 19.6 18.8 18.3 17.5 16.6 15.6 14.7 13.6 13.4 12.5 11 10.3 9.4 8.6 8.2 7 6.3 5.5 4.8 4.5 3.9 3.6 3.1 2.7 2.4 2.3 2 1.7 1.5 1.3 1 0.8 0.6 0.4 0.2 0.1 0.3 0 0 0 0 0 0 0 0 0 0.1 0 0.1 0.2 0.3 0.4 0.5 0.6 0.6 0.7
22 22.3 22.1 22 21.8 21.6 21.4 21.2 20.9 20.6 20.3 19.9 19.5 19.1 18.6 17.9 17.4 16.8 16.5 16 15 14.4 13.8 13 12.3 11.6 10.9 10.1 9.7 8.9 8 7.4 6.9 6.4 5.2 4.7 4 3.5 3.1 2.7 2.5 2.3 2 1.9 1.7 1.4 1.2 1 1 0.7 0.5 0.5 0.2 0.2 0.4 0 0 0 0 0 0 0 0 0.1 0.1 0.2 0.2 0.3 0.4 0.5 0.5 0.5 0.6 0.6 0.8 0.8
17 17 17 16.8 16.7 16.5 16.3 16 15.9 15.6 15.3 14.9 14.6 14.2 13.9 13.4 12.8 12.3 12.3 11.7 10.8 10.4 9.9 9.3 8.8 8.3 7.7 7.1 6.7 6.3 5.6 5.1 4.6 4.1 3.7 3.2 2.5 2.2 2 1.8 1.7 1.5 1.3 1.1 1 0.9 0.7 0.6 0.5 0.4 0.3 0.2 0.3 0.1 0 0.1 0 0 0 0 0 0.1 0.1 0.2 0.3 0.3 0.4 0.4 0.4 0.6 0.6 0.6 0.7 0.7 0.8 0.8
12.4 12.5 12.4 12.3 12 11.9 11.7 11.5 11.2 11 10.7 10.4 10.1 9.8 9.7 9.3 8.8 8.6 8.2 7.8 7.5 7 6.6 6.3 5.9 5.4 5.1 4.7 4.4 4.1 3.7 3.4 3 2.7 2.3 2 1.6 1.5 1.4 1.3 1.2 0.9 0.8 0.7 0.7 0.6 0.5 0.4 0.4 0.3 0.3 0.3 0.3 0.2 0.2 0.2 0.2 0.1 0.2 0.2 0.3 0.4 0.4 0.4 0.5 0.5 0.7 0.7 0.8 0.9 1 1.1 1.1 1.4 1.5 1.6
8.1 8.1 8.1 8.2 8.3 7.8 7.7 7.5 7.3 7.1 6.9 6.7 6.5 6.3 6.1 5.8 5.6 5.2 5 4.7 4.5 4.3 4.2 3.9 3.6 3.4 3.2 2.9 2.8 2.6 2.3 2.2 1.7 1.7 1.5 1.5 1.1 1 1 0.9 0.9 0.8 0.7 0.7 0.7 0.6 0.5 0.5 0.5 0.5 0.4 0.4 0.4 0.4 0.4 0.4 0.4 0.5 0.6 0.6 0.6 0.6 0.7 0.9 0.9 1 1.1 1.2 1.3 1.5 1.5 1.5 1.8 2 2.1 2.3
5 5 4.9 4.9 4.9 4.8 4.6 4.5 4.4 4.6 4.4 3.9 3.8 3.7 3.5 3.3 3.2 3 2.9 2.7 2.6 2.4 2.3 2.2 2.2 1.9 1.9 1.8 1.7 1.6 1.4 1.5 1.2 1.1 1.1 1 1 0.9 0.8 0.8 0.8 0.7 0.7 0.7 0.7 0.6 0.6 0.6 0.6 0.6 0.6 0.7 0.7 0.7 0.8 0.8 1 1 1.1 1.2 1.3 1.6 1.7 1.8 1.6 1.3 1.5 1.5 1.5 1.9 1.9 2.2 2.3 2.3 2.6 1.7
2.8 2.8 2.7 2.7 2.7 2.7 2.6 2.6 2.6 2.4 2.6 2.4 2.4 2.2 2.2 2 2 1.8 1.8 1.6 1.6 1.6 1.5 1.5 1.5 1.3 1.3 1.3 1.4 1.3 1.3 1.2 1.2 1.2 1.2 1.2 1.2 1.2 1.3 1.3 1.1 1.1 1.1 1.2 1.2 1.1 1.1 1.1 1.3 1.4 1.4 1.4 1.5 1.8 1.8 1.9 2 2.1 1.9 1.1 1.2 1.2 1.4 1.5 1.5 1.7 1.8 2 2.3 2.3 2.5 2.7 1.6 2 2 2.2
1.3 1.3 1.4 1.3 1.3 1.3 1.3 1.3 1.3 1.3 1.3 1.2 1.2 1.3 1.2 1.1 1.1 1.1 1 1 1 1 1 1 1 1 1 1.1 1 1 1 1.1 1.2 1.2 1.2 1.3 1.3 1.3 1.7 1.9 1.9 1.9 1.8 1.2 1.3 1.3 1.4 1.4 1.4 1.4 1.5 1.5 1.5 1.6 2.5 1.3 1.3 1.4 1.4 1.7 2 1.9 2 2.1 2.2 2.2 2.4 2.5 2.8 2.8 1.6 1.8 1.9 2 2.3 2.6
0.7 0.7 0.5 0.5 0.6 0.6 0.7 0.7 0.8 0.8 0.8 0.8 0.9 0.9 0.9 0.8 0.9 0.9 1.1 1.1 1.1 1.1 1.1 1.1 1.2 1.1 1.2 1.3 1.3 1.3 1.3 1.5 1.5 1.6 1.6 1.6 1.5 1.6 1.6 1.6 1.7 1.6 1.7 1.8 1.9 1.9 2 2 2.2 2.2 2.2 2.1 1.4 1.5 1.5 1.4 1.6 1.6 1.6 1.7 1.7 1.9 1.9 2 2.1 2 0.8 0.9 0.9 0.9 1.1 1.2 1.2 1.3 1.5 1.7
0.4 0.5 0.7 0.7 0.8 0.8 0.8 0.8 0.8 0.8 0.9 1 1 1.1 1 1 1.1 1.1 1.3 1.3 1.3 1.3 1.3 1.3 1.4 1.5 1.5 1.5 1.5 1.5 1.5 1.6 1.6 1.6 1.6 1.5 1.8 1.7 1.8 1.1 1.1 1.2 1.2 1.2 1.2 1.3 1.3 1.4 1.4 1.4 1.5 1.5 1.5 1.5 1.5 1.6 1.6 1.7 1.8 1.9 1.9 0.6 0.8 0.8 0.8 0.9 0.9 0.9 0.9 1 1 0.9 1.1 1.1 1.3 1.6
0.7 0.7 0.7 0.7 0.8 0.8 0.9 0.9 0.9 1 0.9 1 1.1 1.1 1.2 1.2 1.2 1.2 1.3 1.3 1.4 1.4 1.4 1.4 1.5 1.5 1.5 1.5 1.6 1 1 1 1.1 1.1 1.2 1.1 1.1 1.1 1.1 1.2 1.2 1.2 1.2 1.2 1.4 1.4 1.3 1.3 1.4 1.4 1.4 1.4 1.5 1.5 1.6 1.7 1.8 1.8 1.8 0.6 0.6 0.4 0.5 0.6 0.6 0.6 0.6 0.7 0.7 0.9 0.9 1 1.2 1.3 1.3 1.4
0.5 0.5 0.5 0.6 0.6 0.6 0.6 0.2 0.2 0.3 0.3 0.4 0.6 0.7 0.7 0.7 0.7 0.7 0.7 0.7 0.8 0.8 0.7 0.7 0.8 0.8 0.7 0.8 0.9 0.9 0.9 0.9 0.9 1 1 1 1.2 1.2 1.2 1.2 1.3 1.2 1.2 1.2 1.2 1.2 1.3 1.1 1.2 1.4 1.5 1.5 1.5 0.5 0.5 0.5 0.4 0.4 0.4 0.6 0.5 0.5 0.5 0.5 0.6 0.6 0.6 0.6 0.8 0.9 0.8 0.9 1 1 1.1 1.1
0.2 0.2 0.2 0.2 0.2 0.2 0.2 0.2 0.2 0.2 0.2 0.2 0.2 0.2 0.2 0.2 0.2 0.2 0.2 0.2 0.2 0.2 0.2 0.3 0.3 0.3 0.3 0.3 0.3 0.3 0.3 0.4 0.4 0.3 0.3 0.3 0.3 0.3 0.3 0.3 0.4 0.4 0.4 0.3 0.3 0.3 0.3 0.4 0.4 0.4 0.4 0.4 0.3 0.2 0.2 0.2 0.4 0.3 0.3 0.3 0.3 0.3 0.3 0.3 0.3 0.3 0.3 0.3 0.5 0.6 0.5 0.5 0.6 0.5 0.6 0.6
0.2 0.2 0.2 0.2 0.2 0.2 0.2 0.2 0.2 0.2 0.2 0.2 0.2 0.2 0.2 0.2 0.2 0.2 0.2 0.2 0.2 0.3 0.3 0.3 0.3 0.3 0.3 0.3 0.2 0.1 0.1 0.2 0.2 0.2 0.1 0.1 0.1 0.1 0.1 0.1 0.1 0 0.1 0.1 0.1 0.1 0.1 0.1 0.1 0.1 0.1 0.1 0.1 0.1 0.1 0.1 0.1 0.1 0.1 0 0 0 0 0.1 0.1 0.1 0.1 0.2 0.1 0.1 0.3 0.3 0.3 0.3 0.3 0.4
0.2 0.2 0.2 0.2 0.2 0.2 0.2 0.1 0.1 0.1 0.1 0.1 0.1 0.1 0.1 0.1 0.1 0.1 0.1 0.1 0.1 0.1 0.1 0.1 0.1 0.1 0.1 0.1 0.1 0.1 0.1 0 0 0 0 0 0 0 0 0 0 0 0 0 0 0 0.1 0.1 0.1 0.1 0.1 0.1 0.1 0.1 0.1 0.1 0.1 0.1 0.1 0.1 0 0 0 0 0 0 0 0 0 0 0.1 0.1 0.1 0.3 0.3 0.3
0.1 0.1 0.1 0.1 0.1 0.1 0.1 0.1 0.1 0.1 0.1 0.1 0.1 0.1 0 0 0 0.1 0.1 0.1 0.1 0.1 0.1 0.1 0.1 0.1 0.1 0.1 0 0 0 0 0 0 0 0 0 0 0 0 0 0 0 0 0 0 0 0 0 0 0 0 0 0 0 0 0 0 0.1 0.2 0.2 0.2 0.1 0.1 0.1 0.1 0.1 0.1 0.1 0.1 0.1 0.2 0.2 0.2 0.3 0.3
0.1 0.1 0.1 0.1 0.1 0.1 0.1 0.1 0.1 0.1 0.1 0.1 0.1 0.1 0.1 0.1 0.1 0.1 0.1 0.1 0 0.1 0.1 0.2 0.2 0.1 0 0 0 0 0 0.1 0 0 0.1 0.1 0.1 0.1 0.1 0.1 0.1 0.1 0.1 0.1 0.1 0.1 0.1 0.1 0.1 0.1 0.1 0.1 0.1 0.1 0.1 0.1 0.1 0.1 0.1 0.2 0.2 0.2 0.2 0.2 0.2 0.2 0.2 0.2 0.2 0.2 0.2 0.2 0.2 0.2 0.2 0.2
0.1 0.1 0.1 0.1 0.1 0.1 0.1 0.1 0.1 0.1 0.1 0.1 0.1 0.1 0.1 0.1 0.1 0.1 0.1 0.1 0.1 0.1 0.1 0.2 0.2 0 0 0 0 0 0 0 0 0 0 0 0 0 0 0.1 0.1 0.1 0.1 0.1 0.1 0.1 0.1 0.1 0.1 0.1 0.1 0.1 0.1 0.2 0.2 0.2 0.2 0.2 0.2 0.2 0.2 0.2 0.2 0.2 0.2 0.3 0.3 0.3 0.3 0.3 0.3 0.3 0.3 0.3 0.3 0.3
